# First line is two numbers 
#     First value is '2', it means 'histogram mode'
#     Second value is 'Emin' of the histogram
# Other lines : 2 columns. 1) energy 2) probability (nb divided by NbEvent)
# Number of bins = 480
# Content below the first bin: 0
# Content above the last  bin: 0
# Content above the last  bin: 0
# Number of events: 209000
2 1e-06
1.04412e-06 0
1.09018e-06 0
1.13828e-06 0
1.1885e-06 0
1.24094e-06 0
1.29569e-06 0
1.35285e-06 0
1.41254e-06 0
1.47486e-06 0
1.53993e-06 0
1.60787e-06 0
1.6788e-06 0
1.75287e-06 0
1.83021e-06 0
1.91095e-06 0
1.99526e-06 0
2.08329e-06 0
2.1752e-06 0
2.27117e-06 0
2.37137e-06 0
2.476e-06 0
2.58523e-06 0
2.69929e-06 0
2.81838e-06 0
2.94273e-06 0
3.07256e-06 0
3.20812e-06 0
3.34965e-06 0
3.49744e-06 0
3.65174e-06 0
3.81285e-06 0
3.98107e-06 0
4.15671e-06 0
4.3401e-06 0
4.53158e-06 0
4.73151e-06 0
4.94026e-06 0
5.15822e-06 0
5.3858e-06 0
5.62341e-06 0
5.87151e-06 0
6.13056e-06 0
6.40103e-06 0
6.68344e-06 0
6.97831e-06 0
7.28618e-06 0
7.60764e-06 0
7.94328e-06 0
8.29373e-06 0
8.65964e-06 0
9.0417e-06 0
9.44061e-06 0
9.85712e-06 0
1.0292e-05 0
1.07461e-05 0
1.12202e-05 0
1.17152e-05 0
1.22321e-05 0
1.27717e-05 0
1.33352e-05 0
1.39236e-05 0
1.45378e-05 0
1.51792e-05 0
1.58489e-05 0
1.65482e-05 0
1.72783e-05 0
1.80406e-05 0
1.88365e-05 0
1.96675e-05 0
2.05353e-05 0
2.14412e-05 0
2.23872e-05 0
2.33749e-05 0
2.44062e-05 0
2.5483e-05 0
2.66073e-05 0
2.77811e-05 0
2.90068e-05 0
3.02866e-05 0
3.16228e-05 0
3.30179e-05 0
3.44747e-05 0
3.59956e-05 0
3.75837e-05 0
3.92419e-05 0
4.09732e-05 0
4.27809e-05 0
4.46684e-05 0
4.66391e-05 0
4.86968e-05 0
5.08452e-05 0
5.30884e-05 0
5.54307e-05 0
5.78762e-05 0
6.04296e-05 0
6.30957e-05 0
6.58795e-05 0
6.8786e-05 0
7.18208e-05 0
7.49894e-05 0
7.82979e-05 0
8.17523e-05 0
8.53591e-05 0
8.91251e-05 0
9.30572e-05 0
9.71628e-05 0
0.00010145 0
0.000105925 0
0.000110599 0
0.000115478 0
0.000120573 0
0.000125893 0
0.000131447 0
0.000137246 0
0.000143301 0
0.000149624 0
0.000156225 0
0.000163117 0
0.000170314 0
0.000177828 0
0.000185674 0
0.000193865 0
0.000202418 0
0.000211349 0
0.000220673 0
0.000230409 0
0.000240575 0
0.000251189 0
0.000262271 114.612
0.000273842 0
0.000285924 0
0.000298538 0
0.000311709 0
0.000325462 0
0.000339821 0
0.000354813 0
0.000370467 0
0.000386812 0
0.000403878 0
0.000421697 0
0.000440301 40.6564
0.000459727 0
0.00048001 49.3332
0.000501187 0
0.000523299 0
0.000546387 0
0.000570493 52.4648
0.000595662 86.9753
0.000621942 0
0.000649382 86.2936
0.000678032 0
0.000707946 0
0.00073918 0
0.000771792 0
0.000805842 0
0.000841395 0
0.000878517 0
0.000917276 213.205
0.000957745 0
0.001 0
0.00104412 110.593
0.00109018 56.3273
0.00113828 0
0.0011885 0
0.00124094 0
0.00129569 0
0.00135285 0
0.00141254 0
0.00147486 0
0.00153993 0
0.00160787 0
0.0016788 0
0.00175287 81.9843
0.00183021 0
0.00191095 0
0.00199526 0
0.00208329 110.332
0.0021752 208.055
0.00227117 0
0.00237137 180.789
0.002476 57.2116
0.00258523 0
0.00269929 0
0.00281838 194.168
0.00294273 0
0.00307256 0
0.00320812 121.709
0.00334965 63.3245
0.00349744 184.946
0.00365174 219.715
0.00381285 264.304
0.00398107 158.059
0.00415671 53.6788
0.0043401 0
0.00453158 0
0.00473151 53.8764
0.00494026 107.703
0.00515822 0
0.0053858 183.328
0.00562341 25.4621
0.00587151 249.126
0.00613056 245.511
0.00640103 333.342
0.00668344 280.61
0.00697831 450.042
0.00728618 329.115
0.00760764 627.822
0.00794328 54.6909
0.00829373 775
0.00865964 203.676
0.0090417 712.402
0.00944061 642.258
0.00985712 614.689
0.010292 866.282
0.0107461 856.316
0.0112202 916.304
0.0117152 1003.64
0.0122321 779.061
0.0127717 535.739
0.0133352 807.987
0.0139236 1307.05
0.0145378 960
0.0151792 1002.6
0.0158489 1640.76
0.0165482 1136.37
0.0172783 1574.39
0.0180406 2062.99
0.0188365 1350.69
0.0196675 2052.99
0.0205353 1782.32
0.0214412 1866.63
0.0223872 2656.92
0.0233749 3229.72
0.0244062 1931.63
0.025483 2643.89
0.0266073 2472.3
0.0277811 3056.4
0.0290068 4742.11
0.0302866 3929.72
0.0316228 4415.58
0.0330179 4536.23
0.0344747 3662.78
0.0359956 4031.76
0.0375837 5480.54
0.0392419 6186.42
0.0409732 4500.97
0.0427809 6364.52
0.0446684 7112.55
0.0466391 5803.28
0.0486968 7583.43
0.0508452 7444.25
0.0530884 9217.86
0.0554307 6490.25
0.0578762 7902.13
0.0604296 8754.3
0.0630957 9433.21
0.0658795 10980.9
0.068786 10696.3
0.0718208 11444.7
0.0749894 9881.22
0.0782979 11140.1
0.0817523 11542.4
0.0853591 12045.6
0.0891251 12759
0.0930572 14593.1
0.0971628 13740.7
0.10145 14454.9
0.105925 14826.2
0.110599 14245.2
0.115478 17213.9
0.120573 18360.9
0.125893 16410.6
0.131447 15720.6
0.137246 17766
0.143301 18835.4
0.149624 18456.1
0.156225 20153.2
0.163117 17825.2
0.170314 19788.1
0.177828 20460.7
0.185674 20051.7
0.193865 21501.1
0.202418 20507.1
0.211349 23350.8
0.220673 19339.7
0.230409 19786.1
0.240575 20768.7
0.251189 22021.5
0.262271 22102.6
0.273842 19586
0.285924 24034.5
0.298538 21219
0.311709 23574.5
0.325462 23004.7
0.339821 24260.1
0.354813 23248.9
0.370467 21791.4
0.386812 27572.7
0.403878 24694.9
0.421697 22607.6
0.440301 24900
0.459727 21553.3
0.48001 25068.7
0.501187 21327.1
0.523299 25900.9
0.546387 23299
0.570493 22610.6
0.595662 21726.2
0.621942 21361.1
0.649382 23137
0.678032 20279.6
0.707946 21637.3
0.73918 19787.9
0.771792 16930.9
0.805842 20181
0.841395 18583.4
0.878517 18742.9
0.917276 16672.1
0.957745 14715.4
1 15652.5
1.04412 16229.3
1.09018 13274.3
1.13828 11832
1.1885 13396.7
1.24094 11831.3
1.29569 10721.7
1.35285 9425.55
1.41254 8441.11
1.47486 9510.1
1.53993 6953.51
1.60787 8347.77
1.6788 9674.62
1.75287 7708.68
1.83021 7545.64
1.91095 7300.42
1.99526 8094.03
2.08329 8641
2.1752 6626.58
2.27117 6719.69
2.37137 6218.22
2.476 7230.08
2.58523 5975.22
2.69929 6477.34
2.81838 5496.88
2.94273 4979.66
3.07256 4411.23
3.20812 5253.34
3.34965 5062.35
3.49744 4974.35
3.65174 5332.57
3.81285 5114.86
3.98107 4551.13
4.15671 4509.22
4.3401 4870
4.53158 4145.33
4.73151 3545.53
4.94026 4500.07
5.15822 3506.27
5.3858 4122.37
5.62341 3973.25
5.87151 3355.48
6.13056 2620.56
6.40103 3269.43
6.68344 1951.13
6.97831 2442.27
7.28618 3063.42
7.60764 2560.43
7.94328 2570.35
8.29373 2496.66
8.65964 2101.22
9.0417 1548.69
9.44061 2203.59
9.85712 2838.78
10.292 2729.79
10.7461 3213.79
11.2202 2707.13
11.7152 1637.73
12.2321 2294.18
12.7717 1697.5
13.3352 1791.14
13.9236 2482.69
14.5378 2046.99
15.1792 1417.05
15.8489 1646.51
16.5482 3027.69
17.2783 1597.08
18.0406 1674.58
18.8365 2045.3
19.6675 2916.35
20.5353 1961.08
21.4412 2017.59
22.3872 2849.63
23.3749 1971.3
24.4062 3061.62
25.483 2164.89
26.6073 2658.84
27.7811 2931.83
29.0068 1960.22
30.2866 3041.87
31.6228 1998.62
33.0179 2507.93
34.4747 3050.16
35.9956 2694.41
37.5837 2515.11
39.2419 3484.95
40.9732 2572.42
42.7809 3240.43
44.6684 3170.66
46.6391 2744.08
48.6968 2524.35
50.8452 3613.64
53.0884 3649.01
55.4307 4601.87
57.8762 3371.38
60.4296 3016.63
63.0957 3998.86
65.8795 3810.46
68.786 3178
71.8208 4294.42
74.9894 4553.09
78.2979 3581.14
81.7523 5504.4
85.3591 4152.54
89.1251 4104.59
93.0572 5048.4
97.1628 4849.42
101.45 5597.75
105.925 5778.97
110.599 4460.04
115.478 5498.95
120.573 5450.85
125.893 5856.13
131.447 5244.88
137.246 4938
143.301 7473.02
149.624 6114.47
156.225 6587.27
163.117 5240.38
170.314 7364.72
177.828 6802.57
185.674 7488.44
193.865 8072.85
202.418 7643.51
211.349 7528.72
220.673 6986.19
230.409 9989.01
240.575 8996.11
251.189 10292
262.271 10354.7
273.842 11235.2
285.924 13484.1
298.538 11950
311.709 10701.9
325.462 11851
339.821 10077.3
354.813 10486.2
370.467 9153.04
386.812 10304.7
403.878 6185.97
421.697 4885.5
440.301 2995.79
459.727 2409.79
480.01 1851.07
501.187 1727.9
523.299 1158.13
546.387 1237.35
570.493 873.122
595.662 434.773
621.942 623.344
649.382 352.798
678.032 522.431
707.946 44.9064
739.18 523.323
771.792 257.114
805.842 349.105
841.395 135.373
878.517 0
917.276 265.184
957.745 0
1000 97.6522
