# First line is two numbers 
#     First value is '2', it means 'histogram mode'
#     Second value is 'Emin' of the histogram
# Other lines : 2 columns. 1) energy 2) probability (nb divided by NbEvent)
# Number of bins = 480
# Content below the first bin: 0
# Content above the last  bin: 0
# Content above the last  bin: 0
# Number of events: 209000
2 1e-06
1.04412e-06 0
1.09018e-06 0
1.13828e-06 0
1.1885e-06 0
1.24094e-06 0
1.29569e-06 0
1.35285e-06 0
1.41254e-06 0
1.47486e-06 0
1.53993e-06 0
1.60787e-06 0
1.6788e-06 0
1.75287e-06 0
1.83021e-06 0
1.91095e-06 0
1.99526e-06 0
2.08329e-06 0
2.1752e-06 0
2.27117e-06 0
2.37137e-06 0
2.476e-06 0
2.58523e-06 0
2.69929e-06 0
2.81838e-06 0
2.94273e-06 0
3.07256e-06 0
3.20812e-06 0
3.34965e-06 0
3.49744e-06 0
3.65174e-06 0
3.81285e-06 0
3.98107e-06 0
4.15671e-06 0
4.3401e-06 0
4.53158e-06 0
4.73151e-06 0
4.94026e-06 0
5.15822e-06 0
5.3858e-06 0
5.62341e-06 0
5.87151e-06 0
6.13056e-06 0
6.40103e-06 0
6.68344e-06 0
6.97831e-06 0
7.28618e-06 0
7.60764e-06 0
7.94328e-06 0
8.29373e-06 0
8.65964e-06 0
9.0417e-06 0
9.44061e-06 0
9.85712e-06 0
1.0292e-05 0
1.07461e-05 0
1.12202e-05 0
1.17152e-05 0
1.22321e-05 0
1.27717e-05 0
1.33352e-05 0
1.39236e-05 0
1.45378e-05 0
1.51792e-05 0
1.58489e-05 0
1.65482e-05 0
1.72783e-05 0
1.80406e-05 0
1.88365e-05 0
1.96675e-05 0
2.05353e-05 0
2.14412e-05 0
2.23872e-05 0
2.33749e-05 0
2.44062e-05 0
2.5483e-05 0
2.66073e-05 0
2.77811e-05 0
2.90068e-05 0
3.02866e-05 0
3.16228e-05 0
3.30179e-05 0
3.44747e-05 0
3.59956e-05 0
3.75837e-05 0
3.92419e-05 0
4.09732e-05 0
4.27809e-05 0
4.46684e-05 0
4.66391e-05 0
4.86968e-05 0
5.08452e-05 0
5.30884e-05 0
5.54307e-05 0
5.78762e-05 0
6.04296e-05 0
6.30957e-05 0
6.58795e-05 0
6.8786e-05 0
7.18208e-05 0
7.49894e-05 0
7.82979e-05 0
8.17523e-05 0
8.53591e-05 0
8.91251e-05 0
9.30572e-05 0
9.71628e-05 0
0.00010145 0
0.000105925 0
0.000110599 0
0.000115478 0
0.000120573 0
0.000125893 0
0.000131447 0
0.000137246 0
0.000143301 0
0.000149624 0
0.000156225 0
0.000163117 0
0.000170314 0
0.000177828 0
0.000185674 0
0.000193865 0
0.000202418 0
0.000211349 0
0.000220673 0
0.000230409 0
0.000240575 0
0.000251189 0
0.000262271 0
0.000273842 0
0.000285924 0
0.000298538 0
0.000311709 0
0.000325462 0
0.000339821 0
0.000354813 0
0.000370467 0
0.000386812 0
0.000403878 0
0.000421697 0
0.000440301 0
0.000459727 0
0.00048001 0
0.000501187 0
0.000523299 0
0.000546387 0
0.000570493 24.5227
0.000595662 0
0.000621942 0
0.000649382 0
0.000678032 0
0.000707946 0
0.00073918 0
0.000771792 0
0.000805842 108.019
0.000841395 0
0.000878517 0
0.000917276 98.8778
0.000957745 0
0.001 0
0.00104412 0
0.00109018 0
0.00113828 0
0.0011885 0
0.00124094 0
0.00129569 0
0.00135285 0
0.00141254 0
0.00147486 0
0.00153993 0
0.00160787 0
0.0016788 0
0.00175287 0
0.00183021 0
0.00191095 107.854
0.00199526 58.1169
0.00208329 0
0.0021752 0
0.00227117 0
0.00237137 41.6889
0.002476 11.0486
0.00258523 119.559
0.00269929 0
0.00281838 0
0.00294273 0
0.00307256 0
0.00320812 0
0.00334965 0
0.00349744 84.9255
0.00365174 40.9933
0.00381285 0
0.00398107 85.643
0.00415671 115.85
0.0043401 115.438
0.00453158 0
0.00473151 53.7646
0.00494026 180.54
0.00515822 217.915
0.0053858 158.014
0.00562341 114.394
0.00587151 183.309
0.00613056 117.925
0.00640103 226.325
0.00668344 459.331
0.00697831 273.209
0.00728618 316.659
0.00760764 387.256
0.00794328 200.597
0.00829373 667.62
0.00865964 344.683
0.0090417 278.479
0.00944061 352.274
0.00985712 403.982
0.010292 611.058
0.0107461 916.985
0.0112202 408.712
0.0117152 1004.52
0.0122321 409.544
0.0127717 743.961
0.0133352 942.855
0.0139236 1307.16
0.0145378 1277.96
0.0151792 946.134
0.0158489 1694.33
0.0165482 1115.08
0.0172783 1558.98
0.0180406 1258.2
0.0188365 1483.83
0.0196675 1888.27
0.0205353 2382.15
0.0214412 1948.56
0.0223872 2773.4
0.0233749 2109.49
0.0244062 2958.29
0.025483 2918.46
0.0266073 3116.82
0.0277811 2360.7
0.0290068 3818.19
0.0302866 4200.64
0.0316228 4119.34
0.0330179 3394.41
0.0344747 4134.69
0.0359956 4997.44
0.0375837 4530.71
0.0392419 4806.17
0.0409732 4760.69
0.0427809 4880.47
0.0446684 5559.18
0.0466391 7150.61
0.0486968 7925.23
0.0508452 6487.13
0.0530884 7548.94
0.0554307 6564.13
0.0578762 7750.71
0.0604296 9317.04
0.0630957 11632.8
0.0658795 9759.35
0.068786 10107.4
0.0718208 11773
0.0749894 11489.2
0.0782979 13195
0.0817523 12826.7
0.0853591 13477.6
0.0891251 11566.5
0.0930572 15655.5
0.0971628 15903.5
0.10145 15710.7
0.105925 16638.2
0.110599 13812.8
0.115478 17299.2
0.120573 16408.4
0.125893 15503.8
0.131447 17484.4
0.137246 18371.5
0.143301 17975.9
0.149624 19066.2
0.156225 19650.9
0.163117 19093.9
0.170314 21185.4
0.177828 18229.5
0.185674 20881.9
0.193865 18519.9
0.202418 19163.2
0.211349 20744.4
0.220673 23545.3
0.230409 22389.5
0.240575 24130.5
0.251189 18901.3
0.262271 24134
0.273842 21513.5
0.285924 24091.7
0.298538 20480.3
0.311709 20754.8
0.325462 25837.3
0.339821 24594.6
0.354813 23242.5
0.370467 22444.1
0.386812 25584.8
0.403878 24186.9
0.421697 23623.8
0.440301 22524.8
0.459727 24237.2
0.48001 23574.7
0.501187 25130.2
0.523299 24708.7
0.546387 23138.4
0.570493 24211.8
0.595662 26084.1
0.621942 21429.6
0.649382 23659
0.678032 22407
0.707946 21868.1
0.73918 18508.9
0.771792 19852.2
0.805842 16972.8
0.841395 19091.7
0.878517 17230.1
0.917276 15975.7
0.957745 17532.9
1 14910
1.04412 14649
1.09018 13934.3
1.13828 14128.2
1.1885 13566
1.24094 10838.3
1.29569 14094.1
1.35285 9344.25
1.41254 10725
1.47486 8422.06
1.53993 8337.76
1.60787 8732.64
1.6788 6757.68
1.75287 7617.04
1.83021 7328.9
1.91095 8278.03
1.99526 6928.94
2.08329 6179.28
2.1752 6832.26
2.27117 6353.92
2.37137 5787.85
2.476 6598.39
2.58523 5563.09
2.69929 6405.66
2.81838 6638.34
2.94273 5198.17
3.07256 4814.1
3.20812 6268.99
3.34965 4407.45
3.49744 3696.4
3.65174 4900.64
3.81285 4368
3.98107 4092.77
4.15671 5437.73
4.3401 3899.35
4.53158 4262.5
4.73151 4209.37
4.94026 3448.52
5.15822 2957.66
5.3858 3391.06
5.62341 3286.76
5.87151 2847.63
6.13056 3214.93
6.40103 3738.23
6.68344 3232.8
6.97831 2508.52
7.28618 3219.77
7.60764 2750.82
7.94328 2484.6
8.29373 2903.91
8.65964 2387.24
9.0417 2273.16
9.44061 2294.3
9.85712 1723.39
10.292 2352.66
10.7461 3801.91
11.2202 1833.03
11.7152 2099.22
12.2321 1392.72
12.7717 2294.55
13.3352 2690.09
13.9236 1841.67
14.5378 2501.58
15.1792 1384.53
15.8489 1810.19
16.5482 2050.47
17.2783 1924.63
18.0406 1497.94
18.8365 2668.03
19.6675 1816.71
20.5353 2113.11
21.4412 2363.09
22.3872 1859.12
23.3749 2105.88
24.4062 2713.48
25.483 2915.72
26.6073 2863.23
27.7811 2147.63
29.0068 2353.98
30.2866 2372.83
31.6228 2800.97
33.0179 2736.32
34.4747 2750.88
35.9956 3746.15
37.5837 2534.45
39.2419 2270.25
40.9732 3256.26
42.7809 2639.8
44.6684 3870.82
46.6391 3683.92
48.6968 3122.16
50.8452 2854.88
53.0884 3400.67
55.4307 3940.15
57.8762 4960.34
60.4296 3188.82
63.0957 3455.68
65.8795 4694.1
68.786 4959.61
71.8208 5136.91
74.9894 3471.14
78.2979 4522.28
81.7523 4433.79
85.3591 4524.63
89.1251 4281.08
93.0572 5492.66
97.1628 4668.29
101.45 5262.01
105.925 2991.41
110.599 3891.72
115.478 5454.86
120.573 5881.38
125.893 5346.43
131.447 6150.14
137.246 4363.37
143.301 5633.42
149.624 5912.03
156.225 5666.49
163.117 5866.06
170.314 7171.42
177.828 7398.61
185.674 7084.27
193.865 7704.48
202.418 7159.85
211.349 8345.68
220.673 9659.03
230.409 8116.53
240.575 10009
251.189 9816.44
262.271 11213.2
273.842 10913.2
285.924 11456
298.538 11640.8
311.709 11434.8
325.462 11310.6
339.821 10644.6
354.813 10750.9
370.467 9903.77
386.812 9364.65
403.878 4869.91
421.697 4117.92
440.301 3423.21
459.727 2131.68
480.01 1690.81
501.187 1253
523.299 1384.25
546.387 745.953
570.493 754.127
595.662 1131.6
621.942 387.98
649.382 635.766
678.032 373.743
707.946 237.196
739.18 366.613
771.792 652.602
805.842 47.4403
841.395 256.145
878.517 168.911
917.276 32.7646
957.745 0
1000 62.2786
