# First line is two numbers 
#     First value is '2', it means 'histogram mode'
#     Second value is 'Emin' of the histogram
# Other lines : 2 columns. 1) energy 2) probability (nb divided by NbEvent)
# Number of bins = 480
# Content below the first bin: 0
# Content above the last  bin: 1
# Content above the last  bin: 1
# Number of events: 209000
2 1e-06
1.04412e-06 0
1.09018e-06 0
1.13828e-06 0
1.1885e-06 0
1.24094e-06 0
1.29569e-06 0
1.35285e-06 0
1.41254e-06 0
1.47486e-06 0
1.53993e-06 0
1.60787e-06 0
1.6788e-06 0
1.75287e-06 0
1.83021e-06 0
1.91095e-06 0
1.99526e-06 0
2.08329e-06 0
2.1752e-06 0
2.27117e-06 0
2.37137e-06 0
2.476e-06 0
2.58523e-06 0
2.69929e-06 0
2.81838e-06 0
2.94273e-06 0
3.07256e-06 0
3.20812e-06 0
3.34965e-06 0
3.49744e-06 0
3.65174e-06 0
3.81285e-06 0
3.98107e-06 0
4.15671e-06 0
4.3401e-06 0
4.53158e-06 0
4.73151e-06 0
4.94026e-06 0
5.15822e-06 0
5.3858e-06 0
5.62341e-06 0
5.87151e-06 0
6.13056e-06 0
6.40103e-06 0
6.68344e-06 0
6.97831e-06 0
7.28618e-06 0
7.60764e-06 0
7.94328e-06 0
8.29373e-06 0
8.65964e-06 0
9.0417e-06 0
9.44061e-06 0
9.85712e-06 0
1.0292e-05 0
1.07461e-05 0
1.12202e-05 0
1.17152e-05 0
1.22321e-05 0
1.27717e-05 0
1.33352e-05 0
1.39236e-05 0
1.45378e-05 0
1.51792e-05 0
1.58489e-05 0
1.65482e-05 0
1.72783e-05 0
1.80406e-05 0
1.88365e-05 0
1.96675e-05 0
2.05353e-05 0
2.14412e-05 0
2.23872e-05 0
2.33749e-05 0
2.44062e-05 0
2.5483e-05 0
2.66073e-05 0
2.77811e-05 0
2.90068e-05 0
3.02866e-05 0
3.16228e-05 0
3.30179e-05 0
3.44747e-05 0
3.59956e-05 0
3.75837e-05 0
3.92419e-05 0
4.09732e-05 0
4.27809e-05 0
4.46684e-05 0
4.66391e-05 0
4.86968e-05 0
5.08452e-05 0
5.30884e-05 0
5.54307e-05 0
5.78762e-05 0
6.04296e-05 0
6.30957e-05 0
6.58795e-05 0
6.8786e-05 0
7.18208e-05 0
7.49894e-05 0
7.82979e-05 0
8.17523e-05 0
8.53591e-05 0
8.91251e-05 0
9.30572e-05 0
9.71628e-05 0
0.00010145 0
0.000105925 0
0.000110599 0
0.000115478 0
0.000120573 0
0.000125893 0
0.000131447 0
0.000137246 0
0.000143301 0
0.000149624 0
0.000156225 0
0.000163117 0
0.000170314 0
0.000177828 0
0.000185674 0
0.000193865 0
0.000202418 0
0.000211349 0
0.000220673 0
0.000230409 0
0.000240575 0
0.000251189 0
0.000262271 0
0.000273842 0
0.000285924 0
0.000298538 0
0.000311709 0
0.000325462 0
0.000339821 0
0.000354813 0
0.000370467 0
0.000386812 0
0.000403878 0
0.000421697 0
0.000440301 0
0.000459727 0
0.00048001 0
0.000501187 0
0.000523299 0
0.000546387 0
0.000570493 0
0.000595662 1
0.000621942 0
0.000649382 0
0.000678032 0
0.000707946 0
0.00073918 0
0.000771792 0
0.000805842 0
0.000841395 0
0.000878517 0
0.000917276 0
0.000957745 1
0.001 0
0.00104412 0
0.00109018 0
0.00113828 0
0.0011885 0
0.00124094 0
0.00129569 0
0.00135285 0
0.00141254 0
0.00147486 0
0.00153993 0
0.00160787 2
0.0016788 0
0.00175287 0
0.00183021 1
0.00191095 0
0.00199526 0
0.00208329 0
0.0021752 0
0.00227117 3
0.00237137 2
0.002476 3
0.00258523 0
0.00269929 0
0.00281838 1
0.00294273 1
0.00307256 2
0.00320812 3
0.00334965 1
0.00349744 2
0.00365174 0
0.00381285 2
0.00398107 0
0.00415671 0
0.0043401 2
0.00453158 3
0.00473151 0
0.00494026 5
0.00515822 4
0.0053858 0
0.00562341 2
0.00587151 5
0.00613056 2
0.00640103 2
0.00668344 3
0.00697831 3
0.00728618 7
0.00760764 6
0.00794328 5
0.00829373 3
0.00865964 7
0.0090417 4
0.00944061 6
0.00985712 5
0.010292 6
0.0107461 11
0.0112202 9
0.0117152 13
0.0122321 10
0.0127717 10
0.0133352 12
0.0139236 9
0.0145378 11
0.0151792 12
0.0158489 23
0.0165482 14
0.0172783 22
0.0180406 17
0.0188365 27
0.0196675 20
0.0205353 30
0.0214412 33
0.0223872 39
0.0233749 35
0.0244062 32
0.025483 31
0.0266073 36
0.0277811 30
0.0290068 42
0.0302866 40
0.0316228 57
0.0330179 47
0.0344747 62
0.0359956 63
0.0375837 63
0.0392419 63
0.0409732 56
0.0427809 72
0.0446684 81
0.0466391 82
0.0486968 87
0.0508452 78
0.0530884 85
0.0554307 87
0.0578762 102
0.0604296 123
0.0630957 113
0.0658795 132
0.068786 118
0.0718208 149
0.0749894 127
0.0782979 181
0.0817523 157
0.0853591 157
0.0891251 170
0.0930572 166
0.0971628 192
0.10145 176
0.105925 201
0.110599 193
0.115478 215
0.120573 213
0.125893 236
0.131447 177
0.137246 213
0.143301 224
0.149624 240
0.156225 246
0.163117 259
0.170314 248
0.177828 267
0.185674 271
0.193865 254
0.202418 235
0.211349 241
0.220673 244
0.230409 297
0.240575 276
0.251189 275
0.262271 296
0.273842 259
0.285924 283
0.298538 280
0.311709 284
0.325462 291
0.339821 319
0.354813 295
0.370467 319
0.386812 343
0.403878 276
0.421697 310
0.440301 304
0.459727 334
0.48001 288
0.501187 280
0.523299 319
0.546387 292
0.570493 305
0.595662 302
0.621942 287
0.649382 288
0.678032 260
0.707946 275
0.73918 246
0.771792 254
0.805842 243
0.841395 232
0.878517 232
0.917276 191
0.957745 209
1 187
1.04412 176
1.09018 190
1.13828 159
1.1885 150
1.24094 140
1.29569 161
1.35285 137
1.41254 122
1.47486 125
1.53993 121
1.60787 110
1.6788 98
1.75287 111
1.83021 89
1.91095 93
1.99526 81
2.08329 91
2.1752 69
2.27117 67
2.37137 95
2.476 79
2.58523 83
2.69929 63
2.81838 69
2.94273 76
3.07256 84
3.20812 68
3.34965 79
3.49744 78
3.65174 61
3.81285 60
3.98107 58
4.15671 49
4.3401 47
4.53158 54
4.73151 50
4.94026 47
5.15822 39
5.3858 52
5.62341 54
5.87151 46
6.13056 46
6.40103 34
6.68344 40
6.97831 39
7.28618 33
7.60764 28
7.94328 30
8.29373 32
8.65964 33
9.0417 30
9.44061 34
9.85712 25
10.292 34
10.7461 20
11.2202 21
11.7152 28
12.2321 36
12.7717 29
13.3352 36
13.9236 21
14.5378 35
15.1792 27
15.8489 22
16.5482 28
17.2783 20
18.0406 23
18.8365 24
19.6675 29
20.5353 27
21.4412 26
22.3872 31
23.3749 29
24.4062 33
25.483 30
26.6073 32
27.7811 36
29.0068 31
30.2866 44
31.6228 25
33.0179 34
34.4747 39
35.9956 36
37.5837 33
39.2419 34
40.9732 41
42.7809 43
44.6684 32
46.6391 44
48.6968 49
50.8452 52
53.0884 37
55.4307 42
57.8762 45
60.4296 42
63.0957 59
65.8795 53
68.786 63
71.8208 58
74.9894 48
78.2979 60
81.7523 40
85.3591 57
89.1251 39
93.0572 64
97.1628 52
101.45 63
105.925 44
110.599 56
115.478 62
120.573 62
125.893 53
131.447 67
137.246 70
143.301 70
149.624 74
156.225 91
163.117 82
170.314 82
177.828 80
185.674 90
193.865 86
202.418 107
211.349 106
220.673 95
230.409 100
240.575 128
251.189 125
262.271 134
273.842 118
285.924 129
298.538 145
311.709 145
325.462 148
339.821 140
354.813 161
370.467 125
386.812 93
403.878 56
421.697 50
440.301 45
459.727 27
480.01 29
501.187 16
523.299 14
546.387 7
570.493 13
595.662 9
621.942 8
649.382 10
678.032 9
707.946 2
739.18 6
771.792 2
805.842 1
841.395 1
878.517 3
917.276 2
957.745 0
1000 0
