# First line is two numbers 
#     First value is '2', it means 'histogram mode'
#     Second value is 'Emin' of the histogram
# Other lines : 2 columns. 1) energy 2) probability (nb divided by NbEvent)
# Number of bins = 480
# Content below the first bin: 0
# Content above the last  bin: 0
# Content above the last  bin: 0
# Number of events: 209000
2 1e-06
1.04412e-06 0
1.09018e-06 0
1.13828e-06 0
1.1885e-06 0
1.24094e-06 0
1.29569e-06 0
1.35285e-06 0
1.41254e-06 0
1.47486e-06 0
1.53993e-06 0
1.60787e-06 0
1.6788e-06 0
1.75287e-06 0
1.83021e-06 0
1.91095e-06 0
1.99526e-06 0
2.08329e-06 0
2.1752e-06 0
2.27117e-06 0
2.37137e-06 0
2.476e-06 0
2.58523e-06 0
2.69929e-06 0
2.81838e-06 0
2.94273e-06 0
3.07256e-06 0
3.20812e-06 0
3.34965e-06 0
3.49744e-06 0
3.65174e-06 0
3.81285e-06 0
3.98107e-06 0
4.15671e-06 0
4.3401e-06 0
4.53158e-06 0
4.73151e-06 0
4.94026e-06 0
5.15822e-06 0
5.3858e-06 0
5.62341e-06 0
5.87151e-06 0
6.13056e-06 0
6.40103e-06 0
6.68344e-06 0
6.97831e-06 0
7.28618e-06 0
7.60764e-06 0
7.94328e-06 0
8.29373e-06 0
8.65964e-06 0
9.0417e-06 0
9.44061e-06 0
9.85712e-06 0
1.0292e-05 0
1.07461e-05 0
1.12202e-05 0
1.17152e-05 0
1.22321e-05 0
1.27717e-05 0
1.33352e-05 0
1.39236e-05 0
1.45378e-05 0
1.51792e-05 0
1.58489e-05 0
1.65482e-05 0
1.72783e-05 0
1.80406e-05 0
1.88365e-05 0
1.96675e-05 0
2.05353e-05 0
2.14412e-05 0
2.23872e-05 0
2.33749e-05 0
2.44062e-05 0
2.5483e-05 0
2.66073e-05 0
2.77811e-05 0
2.90068e-05 0
3.02866e-05 0
3.16228e-05 0
3.30179e-05 0
3.44747e-05 0
3.59956e-05 0
3.75837e-05 0
3.92419e-05 0
4.09732e-05 0
4.27809e-05 0
4.46684e-05 0
4.66391e-05 0
4.86968e-05 0
5.08452e-05 0
5.30884e-05 0
5.54307e-05 0
5.78762e-05 0
6.04296e-05 0
6.30957e-05 0
6.58795e-05 0
6.8786e-05 0
7.18208e-05 0
7.49894e-05 1
7.82979e-05 0
8.17523e-05 1
8.53591e-05 0
8.91251e-05 0
9.30572e-05 0
9.71628e-05 0
0.00010145 0
0.000105925 0
0.000110599 0
0.000115478 0
0.000120573 0
0.000125893 0
0.000131447 0
0.000137246 0
0.000143301 0
0.000149624 0
0.000156225 0
0.000163117 0
0.000170314 0
0.000177828 0
0.000185674 0
0.000193865 0
0.000202418 0
0.000211349 0
0.000220673 0
0.000230409 0
0.000240575 0
0.000251189 0
0.000262271 0
0.000273842 0
0.000285924 0
0.000298538 0
0.000311709 0
0.000325462 0
0.000339821 0
0.000354813 0
0.000370467 0
0.000386812 0
0.000403878 0
0.000421697 0
0.000440301 0
0.000459727 1
0.00048001 0
0.000501187 0
0.000523299 1
0.000546387 0
0.000570493 1
0.000595662 0
0.000621942 0
0.000649382 1
0.000678032 0
0.000707946 0
0.00073918 0
0.000771792 0
0.000805842 0
0.000841395 0
0.000878517 0
0.000917276 1
0.000957745 1
0.001 0
0.00104412 0
0.00109018 0
0.00113828 0
0.0011885 0
0.00124094 0
0.00129569 2
0.00135285 1
0.00141254 0
0.00147486 0
0.00153993 0
0.00160787 1
0.0016788 1
0.00175287 1
0.00183021 0
0.00191095 0
0.00199526 1
0.00208329 1
0.0021752 0
0.00227117 0
0.00237137 0
0.002476 3
0.00258523 0
0.00269929 0
0.00281838 2
0.00294273 1
0.00307256 1
0.00320812 2
0.00334965 0
0.00349744 2
0.00365174 0
0.00381285 0
0.00398107 1
0.00415671 0
0.0043401 3
0.00453158 2
0.00473151 0
0.00494026 0
0.00515822 7
0.0053858 0
0.00562341 2
0.00587151 4
0.00613056 1
0.00640103 3
0.00668344 5
0.00697831 4
0.00728618 4
0.00760764 1
0.00794328 5
0.00829373 5
0.00865964 4
0.0090417 7
0.00944061 8
0.00985712 6
0.010292 12
0.0107461 7
0.0112202 14
0.0117152 6
0.0122321 11
0.0127717 8
0.0133352 16
0.0139236 12
0.0145378 23
0.0151792 20
0.0158489 16
0.0165482 24
0.0172783 27
0.0180406 15
0.0188365 23
0.0196675 20
0.0205353 30
0.0214412 23
0.0223872 29
0.0233749 34
0.0244062 34
0.025483 42
0.0266073 32
0.0277811 39
0.0290068 48
0.0302866 39
0.0316228 57
0.0330179 43
0.0344747 45
0.0359956 50
0.0375837 63
0.0392419 64
0.0409732 64
0.0427809 95
0.0446684 56
0.0466391 82
0.0486968 97
0.0508452 76
0.0530884 80
0.0554307 97
0.0578762 99
0.0604296 94
0.0630957 109
0.0658795 131
0.068786 123
0.0718208 138
0.0749894 144
0.0782979 152
0.0817523 148
0.0853591 159
0.0891251 190
0.0930572 147
0.0971628 169
0.10145 178
0.105925 181
0.110599 211
0.115478 207
0.120573 213
0.125893 227
0.131447 216
0.137246 230
0.143301 227
0.149624 236
0.156225 226
0.163117 241
0.170314 224
0.177828 242
0.185674 243
0.193865 253
0.202418 222
0.211349 246
0.220673 273
0.230409 277
0.240575 257
0.251189 267
0.262271 252
0.273842 293
0.285924 333
0.298538 306
0.311709 294
0.325462 320
0.339821 331
0.354813 305
0.370467 296
0.386812 328
0.403878 312
0.421697 304
0.440301 313
0.459727 302
0.48001 299
0.501187 291
0.523299 295
0.546387 281
0.570493 323
0.595662 264
0.621942 280
0.649382 257
0.678032 266
0.707946 261
0.73918 253
0.771792 247
0.805842 240
0.841395 229
0.878517 231
0.917276 217
0.957745 212
1 209
1.04412 204
1.09018 176
1.13828 173
1.1885 156
1.24094 132
1.29569 142
1.35285 127
1.41254 132
1.47486 108
1.53993 112
1.60787 105
1.6788 106
1.75287 97
1.83021 116
1.91095 100
1.99526 104
2.08329 84
2.1752 105
2.27117 76
2.37137 64
2.476 66
2.58523 80
2.69929 51
2.81838 68
2.94273 58
3.07256 83
3.20812 68
3.34965 72
3.49744 64
3.65174 58
3.81285 63
3.98107 58
4.15671 71
4.3401 51
4.53158 47
4.73151 41
4.94026 47
5.15822 39
5.3858 39
5.62341 43
5.87151 46
6.13056 46
6.40103 52
6.68344 33
6.97831 28
7.28618 29
7.60764 40
7.94328 31
8.29373 22
8.65964 39
9.0417 31
9.44061 26
9.85712 29
10.292 34
10.7461 31
11.2202 30
11.7152 28
12.2321 32
12.7717 25
13.3352 24
13.9236 36
14.5378 31
15.1792 23
15.8489 30
16.5482 30
17.2783 17
18.0406 41
18.8365 27
19.6675 28
20.5353 24
21.4412 20
22.3872 24
23.3749 24
24.4062 30
25.483 25
26.6073 29
27.7811 36
29.0068 39
30.2866 24
31.6228 34
33.0179 41
34.4747 29
35.9956 37
37.5837 37
39.2419 28
40.9732 45
42.7809 39
44.6684 35
46.6391 50
48.6968 45
50.8452 49
53.0884 48
55.4307 52
57.8762 42
60.4296 43
63.0957 39
65.8795 61
68.786 58
71.8208 55
74.9894 51
78.2979 50
81.7523 77
85.3591 57
89.1251 56
93.0572 64
97.1628 73
101.45 58
105.925 66
110.599 48
115.478 57
120.573 69
125.893 66
131.447 62
137.246 80
143.301 77
149.624 87
156.225 76
163.117 74
170.314 100
177.828 73
185.674 106
193.865 94
202.418 85
211.349 97
220.673 116
230.409 118
240.575 115
251.189 103
262.271 118
273.842 146
285.924 127
298.538 133
311.709 144
325.462 148
339.821 126
354.813 137
370.467 131
386.812 97
403.878 70
421.697 62
440.301 37
459.727 38
480.01 19
501.187 19
523.299 14
546.387 12
570.493 9
595.662 8
621.942 6
649.382 6
678.032 8
707.946 2
739.18 6
771.792 2
805.842 3
841.395 4
878.517 2
917.276 0
957.745 0
1000 0
