# First line is two numbers 
#     First value is '2', it means 'histogram mode'
#     Second value is 'Emin' of the histogram
# Other lines : 2 columns. 1) energy 2) probability (nb divided by NbEvent)
# Number of bins = 480
# Content below the first bin: 0
# Content above the last  bin: 128.204
# Content above the last  bin: 128.204
# Number of events: 209000
2 1e-06
1.04412e-06 0
1.09018e-06 0
1.13828e-06 0
1.1885e-06 0
1.24094e-06 0
1.29569e-06 0
1.35285e-06 0
1.41254e-06 0
1.47486e-06 0
1.53993e-06 0
1.60787e-06 0
1.6788e-06 0
1.75287e-06 0
1.83021e-06 0
1.91095e-06 0
1.99526e-06 0
2.08329e-06 0
2.1752e-06 0
2.27117e-06 0
2.37137e-06 0
2.476e-06 0
2.58523e-06 0
2.69929e-06 0
2.81838e-06 0
2.94273e-06 0
3.07256e-06 0
3.20812e-06 0
3.34965e-06 0
3.49744e-06 0
3.65174e-06 0
3.81285e-06 0
3.98107e-06 0
4.15671e-06 0
4.3401e-06 0
4.53158e-06 0
4.73151e-06 0
4.94026e-06 0
5.15822e-06 0
5.3858e-06 0
5.62341e-06 0
5.87151e-06 0
6.13056e-06 0
6.40103e-06 0
6.68344e-06 0
6.97831e-06 0
7.28618e-06 0
7.60764e-06 0
7.94328e-06 0
8.29373e-06 0
8.65964e-06 0
9.0417e-06 0
9.44061e-06 0
9.85712e-06 0
1.0292e-05 0
1.07461e-05 0
1.12202e-05 0
1.17152e-05 0
1.22321e-05 0
1.27717e-05 0
1.33352e-05 0
1.39236e-05 0
1.45378e-05 0
1.51792e-05 0
1.58489e-05 0
1.65482e-05 0
1.72783e-05 0
1.80406e-05 0
1.88365e-05 0
1.96675e-05 0
2.05353e-05 0
2.14412e-05 0
2.23872e-05 0
2.33749e-05 0
2.44062e-05 0
2.5483e-05 0
2.66073e-05 0
2.77811e-05 0
2.90068e-05 0
3.02866e-05 0
3.16228e-05 0
3.30179e-05 0
3.44747e-05 0
3.59956e-05 0
3.75837e-05 0
3.92419e-05 0
4.09732e-05 0
4.27809e-05 0
4.46684e-05 0
4.66391e-05 0
4.86968e-05 0
5.08452e-05 0
5.30884e-05 0
5.54307e-05 0
5.78762e-05 0
6.04296e-05 0
6.30957e-05 0
6.58795e-05 0
6.8786e-05 0
7.18208e-05 0
7.49894e-05 0
7.82979e-05 0
8.17523e-05 0
8.53591e-05 114.363
8.91251e-05 0
9.30572e-05 0
9.71628e-05 0
0.00010145 0
0.000105925 0
0.000110599 0
0.000115478 0
0.000120573 0
0.000125893 0
0.000131447 0
0.000137246 0
0.000143301 0
0.000149624 0
0.000156225 0
0.000163117 0
0.000170314 0
0.000177828 0
0.000185674 0
0.000193865 0
0.000202418 0
0.000211349 0
0.000220673 0
0.000230409 0
0.000240575 0
0.000251189 0
0.000262271 0
0.000273842 0
0.000285924 0
0.000298538 0
0.000311709 0
0.000325462 0
0.000339821 0
0.000354813 0
0.000370467 0
0.000386812 0
0.000403878 0
0.000421697 108.357
0.000440301 0
0.000459727 0
0.00048001 0
0.000501187 114.131
0.000523299 95.7068
0.000546387 0
0.000570493 0
0.000595662 0
0.000621942 0
0.000649382 0
0.000678032 0
0.000707946 0
0.00073918 0
0.000771792 0
0.000805842 0
0.000841395 0
0.000878517 0
0.000917276 0
0.000957745 0
0.001 0
0.00104412 0
0.00109018 39.7695
0.00113828 0
0.0011885 77.8556
0.00124094 0
0.00129569 0
0.00135285 0
0.00141254 0
0.00147486 44.8199
0.00153993 0
0.00160787 52.7352
0.0016788 0
0.00175287 103.647
0.00183021 57.0605
0.00191095 78.1496
0.00199526 100.971
0.00208329 0
0.0021752 0
0.00227117 0
0.00237137 48.2632
0.002476 295.28
0.00258523 0
0.00269929 102.165
0.00281838 0
0.00294273 116.559
0.00307256 0
0.00320812 0
0.00334965 85.4756
0.00349744 110.963
0.00365174 45.4047
0.00381285 0
0.00398107 199.332
0.00415671 99.0709
0.0043401 0
0.00453158 0
0.00473151 52.0981
0.00494026 82.8556
0.00515822 234.09
0.0053858 0
0.00562341 175.975
0.00587151 328.595
0.00613056 291.734
0.00640103 224.458
0.00668344 544.842
0.00697831 189.799
0.00728618 0
0.00760764 115.677
0.00794328 198.465
0.00829373 54.5425
0.00865964 568.543
0.0090417 662.347
0.00944061 370.617
0.00985712 381.317
0.010292 490.022
0.0107461 871.344
0.0112202 624.575
0.0117152 305.36
0.0122321 1321.75
0.0127717 961.447
0.0133352 605.629
0.0139236 742.915
0.0145378 821.266
0.0151792 748.808
0.0158489 1408.14
0.0165482 872.662
0.0172783 3009.35
0.0180406 1112.14
0.0188365 1533.42
0.0196675 1885.69
0.0205353 1829.85
0.0214412 2045.01
0.0223872 3488.89
0.0233749 1938.53
0.0244062 2953.63
0.025483 2851.23
0.0266073 1959.92
0.0277811 3594.39
0.0290068 3707.3
0.0302866 4402.38
0.0316228 3279.6
0.0330179 3359.71
0.0344747 3557.56
0.0359956 4851.89
0.0375837 4659.81
0.0392419 5233.59
0.0409732 4851.14
0.0427809 4716.97
0.0446684 7236.61
0.0466391 6506.06
0.0486968 7525.81
0.0508452 7208.49
0.0530884 6768.3
0.0554307 7137.44
0.0578762 7056.49
0.0604296 9679.34
0.0630957 8946.08
0.0658795 11741
0.068786 10038.1
0.0718208 11916.7
0.0749894 12069
0.0782979 12489
0.0817523 13195.3
0.0853591 12439.6
0.0891251 15457.8
0.0930572 14177.7
0.0971628 13316.2
0.10145 15663.8
0.105925 12654.5
0.110599 16339.8
0.115478 16160.5
0.120573 16603.9
0.125893 19750.8
0.131447 15916
0.137246 15507
0.143301 17649.6
0.149624 18855.5
0.156225 19253.7
0.163117 17485.8
0.170314 22251.1
0.177828 20092.1
0.185674 20804
0.193865 20643.9
0.202418 21908.9
0.211349 19702.7
0.220673 21661.6
0.230409 20271.4
0.240575 21114.2
0.251189 22900.9
0.262271 22629.8
0.273842 22651.5
0.285924 22456.8
0.298538 22289.1
0.311709 23853.1
0.325462 27045.7
0.339821 25559
0.354813 21055.7
0.370467 21748
0.386812 22437.3
0.403878 24423.4
0.421697 22099
0.440301 20490.1
0.459727 24356.7
0.48001 22091.5
0.501187 24547.9
0.523299 24203.5
0.546387 23123.7
0.570493 24666.3
0.595662 22679.7
0.621942 25432.8
0.649382 21944.8
0.678032 21274.5
0.707946 21750.3
0.73918 16969.4
0.771792 19229
0.805842 17825.4
0.841395 17799.1
0.878517 18793.6
0.917276 18998.7
0.957745 14802
1 16469.1
1.04412 15327.4
1.09018 14591.5
1.13828 15425.9
1.1885 11434.9
1.24094 11772.6
1.29569 12466.6
1.35285 10768.5
1.41254 8973.72
1.47486 8924.54
1.53993 9139.98
1.60787 8941.24
1.6788 9653.81
1.75287 6885.19
1.83021 8006.11
1.91095 8294.97
1.99526 6873.74
2.08329 7104.37
2.1752 6894.56
2.27117 6464.37
2.37137 6679.85
2.476 6777.53
2.58523 6315.55
2.69929 4918.72
2.81838 5268
2.94273 4718.24
3.07256 5712.86
3.20812 4717.65
3.34965 5081.63
3.49744 6242.48
3.65174 4434.38
3.81285 3492.04
3.98107 3885.07
4.15671 3692.12
4.3401 3763.12
4.53158 4751.5
4.73151 3557.11
4.94026 3687.38
5.15822 3125.7
5.3858 2407.72
5.62341 4130.62
5.87151 3461.02
6.13056 2865.7
6.40103 3298.93
6.68344 2670.54
6.97831 2306.46
7.28618 2316.8
7.60764 3088.78
7.94328 3360.75
8.29373 2894.01
8.65964 2989.53
9.0417 2527.94
9.44061 2984.88
9.85712 2956.69
10.292 2247.63
10.7461 2362.37
11.2202 2309.92
11.7152 2165.56
12.2321 1805.52
12.7717 1855.95
13.3352 1612.36
13.9236 1960.05
14.5378 1869.29
15.1792 2057.48
15.8489 2840.15
16.5482 1968.28
17.2783 2128.02
18.0406 2666
18.8365 1527.29
19.6675 2200.67
20.5353 2698.79
21.4412 1906.9
22.3872 2199.38
23.3749 2241.51
24.4062 2216.45
25.483 2733.6
26.6073 2003.92
27.7811 2497.03
29.0068 2051.45
30.2866 2600.65
31.6228 2555.04
33.0179 2400.75
34.4747 3258.39
35.9956 3152.8
37.5837 3479.61
39.2419 2341.65
40.9732 3745.3
42.7809 3368.42
44.6684 3179.77
46.6391 3601.93
48.6968 3064.68
50.8452 2715.22
53.0884 3216.82
55.4307 4141.94
57.8762 3264.03
60.4296 4131.61
63.0957 4184.73
65.8795 4905.4
68.786 3195.56
71.8208 3467.55
74.9894 4567.52
78.2979 3404.03
81.7523 4737.72
85.3591 3610.29
89.1251 3937.58
93.0572 4692.54
97.1628 3943.31
101.45 5446.59
105.925 5594.99
110.599 6174.06
115.478 4863.32
120.573 4978.14
125.893 5896.96
131.447 5729.69
137.246 4315.19
143.301 5460.05
149.624 5928.12
156.225 6994.89
163.117 7237.4
170.314 6436.33
177.828 6968.54
185.674 6419.42
193.865 8767.76
202.418 7595.14
211.349 7630.92
220.673 9721.4
230.409 10363.3
240.575 8536.19
251.189 9518.01
262.271 9395.54
273.842 9352.42
285.924 11665.2
298.538 10664.2
311.709 10938.4
325.462 11949.2
339.821 13302.6
354.813 12114.1
370.467 9221.96
386.812 7527.48
403.878 4424.05
421.697 4273
440.301 4490.61
459.727 2548.57
480.01 1570.51
501.187 1386.49
523.299 1153.16
546.387 1428.46
570.493 960.089
595.662 155.551
621.942 843.689
649.382 294.59
678.032 529.139
707.946 0
739.18 630.495
771.792 348.554
805.842 140.381
841.395 141.392
878.517 512.465
917.276 95.8942
957.745 92.9587
1000 0
