# First line is two numbers 
#     First value is '2', it means 'histogram mode'
#     Second value is 'Emin' of the histogram
# Other lines : 2 columns. 1) energy 2) probability (nb divided by NbEvent)
# Number of bins = 480
# Content below the first bin: 0
# Content above the last  bin: 0
# Content above the last  bin: 0
# Number of events: 209000
2 1e-06
1.04412e-06 0
1.09018e-06 0
1.13828e-06 0
1.1885e-06 0
1.24094e-06 0
1.29569e-06 0
1.35285e-06 0
1.41254e-06 0
1.47486e-06 0
1.53993e-06 0
1.60787e-06 0
1.6788e-06 0
1.75287e-06 0
1.83021e-06 0
1.91095e-06 0
1.99526e-06 0
2.08329e-06 0
2.1752e-06 0
2.27117e-06 0
2.37137e-06 0
2.476e-06 0
2.58523e-06 0
2.69929e-06 0
2.81838e-06 0
2.94273e-06 0
3.07256e-06 0
3.20812e-06 0
3.34965e-06 0
3.49744e-06 0
3.65174e-06 0
3.81285e-06 0
3.98107e-06 0
4.15671e-06 0
4.3401e-06 0
4.53158e-06 0
4.73151e-06 0
4.94026e-06 0
5.15822e-06 0
5.3858e-06 0
5.62341e-06 0
5.87151e-06 0
6.13056e-06 0
6.40103e-06 0
6.68344e-06 0
6.97831e-06 0
7.28618e-06 0
7.60764e-06 0
7.94328e-06 0
8.29373e-06 0
8.65964e-06 0
9.0417e-06 0
9.44061e-06 0
9.85712e-06 0
1.0292e-05 0
1.07461e-05 0
1.12202e-05 0
1.17152e-05 0
1.22321e-05 0
1.27717e-05 0
1.33352e-05 0
1.39236e-05 0
1.45378e-05 0
1.51792e-05 0
1.58489e-05 0
1.65482e-05 0
1.72783e-05 0
1.80406e-05 0
1.88365e-05 0
1.96675e-05 0
2.05353e-05 0
2.14412e-05 0
2.23872e-05 0
2.33749e-05 0
2.44062e-05 0
2.5483e-05 0
2.66073e-05 0
2.77811e-05 0
2.90068e-05 0
3.02866e-05 0
3.16228e-05 0
3.30179e-05 0
3.44747e-05 0
3.59956e-05 0
3.75837e-05 0
3.92419e-05 0
4.09732e-05 0
4.27809e-05 0
4.46684e-05 0
4.66391e-05 0
4.86968e-05 0
5.08452e-05 0
5.30884e-05 0
5.54307e-05 0
5.78762e-05 0
6.04296e-05 0
6.30957e-05 0
6.58795e-05 0
6.8786e-05 0
7.18208e-05 0
7.49894e-05 0
7.82979e-05 0
8.17523e-05 0
8.53591e-05 0
8.91251e-05 0
9.30572e-05 0
9.71628e-05 0
0.00010145 0
0.000105925 0
0.000110599 0
0.000115478 0
0.000120573 0
0.000125893 0
0.000131447 0
0.000137246 1
0.000143301 0
0.000149624 0
0.000156225 0
0.000163117 0
0.000170314 0
0.000177828 0
0.000185674 0
0.000193865 0
0.000202418 0
0.000211349 0
0.000220673 0
0.000230409 0
0.000240575 1
0.000251189 0
0.000262271 0
0.000273842 0
0.000285924 0
0.000298538 0
0.000311709 0
0.000325462 0
0.000339821 0
0.000354813 0
0.000370467 0
0.000386812 0
0.000403878 0
0.000421697 0
0.000440301 0
0.000459727 0
0.00048001 0
0.000501187 0
0.000523299 0
0.000546387 0
0.000570493 0
0.000595662 0
0.000621942 0
0.000649382 0
0.000678032 1
0.000707946 0
0.00073918 0
0.000771792 0
0.000805842 0
0.000841395 0
0.000878517 0
0.000917276 0
0.000957745 0
0.001 0
0.00104412 0
0.00109018 0
0.00113828 0
0.0011885 0
0.00124094 0
0.00129569 0
0.00135285 0
0.00141254 0
0.00147486 0
0.00153993 0
0.00160787 0
0.0016788 0
0.00175287 0
0.00183021 0
0.00191095 0
0.00199526 1
0.00208329 0
0.0021752 0
0.00227117 0
0.00237137 1
0.002476 0
0.00258523 1
0.00269929 0
0.00281838 5
0.00294273 1
0.00307256 0
0.00320812 1
0.00334965 0
0.00349744 0
0.00365174 1
0.00381285 1
0.00398107 1
0.00415671 4
0.0043401 1
0.00453158 0
0.00473151 2
0.00494026 1
0.00515822 0
0.0053858 3
0.00562341 2
0.00587151 1
0.00613056 5
0.00640103 3
0.00668344 3
0.00697831 1
0.00728618 5
0.00760764 6
0.00794328 4
0.00829373 3
0.00865964 8
0.0090417 6
0.00944061 8
0.00985712 7
0.010292 3
0.0107461 11
0.0112202 9
0.0117152 9
0.0122321 9
0.0127717 17
0.0133352 12
0.0139236 18
0.0145378 17
0.0151792 21
0.0158489 16
0.0165482 19
0.0172783 22
0.0180406 15
0.0188365 17
0.0196675 28
0.0205353 29
0.0214412 24
0.0223872 35
0.0233749 27
0.0244062 37
0.025483 34
0.0266073 36
0.0277811 37
0.0290068 48
0.0302866 52
0.0316228 50
0.0330179 58
0.0344747 48
0.0359956 55
0.0375837 49
0.0392419 54
0.0409732 76
0.0427809 70
0.0446684 68
0.0466391 73
0.0486968 83
0.0508452 78
0.0530884 113
0.0554307 88
0.0578762 106
0.0604296 106
0.0630957 103
0.0658795 125
0.068786 137
0.0718208 138
0.0749894 137
0.0782979 142
0.0817523 176
0.0853591 153
0.0891251 180
0.0930572 219
0.0971628 162
0.10145 196
0.105925 183
0.110599 227
0.115478 201
0.120573 237
0.125893 212
0.131447 237
0.137246 200
0.143301 232
0.149624 215
0.156225 215
0.163117 257
0.170314 240
0.177828 258
0.185674 261
0.193865 263
0.202418 290
0.211349 270
0.220673 276
0.230409 262
0.240575 291
0.251189 239
0.262271 278
0.273842 265
0.285924 292
0.298538 271
0.311709 311
0.325462 316
0.339821 287
0.354813 269
0.370467 271
0.386812 297
0.403878 315
0.421697 330
0.440301 323
0.459727 313
0.48001 291
0.501187 300
0.523299 285
0.546387 275
0.570493 296
0.595662 273
0.621942 288
0.649382 273
0.678032 277
0.707946 236
0.73918 220
0.771792 254
0.805842 241
0.841395 235
0.878517 229
0.917276 218
0.957745 187
1 184
1.04412 201
1.09018 174
1.13828 150
1.1885 143
1.24094 171
1.29569 147
1.35285 110
1.41254 117
1.47486 130
1.53993 110
1.60787 106
1.6788 89
1.75287 90
1.83021 91
1.91095 88
1.99526 96
2.08329 78
2.1752 93
2.27117 70
2.37137 75
2.476 87
2.58523 71
2.69929 82
2.81838 55
2.94273 72
3.07256 55
3.20812 65
3.34965 68
3.49744 62
3.65174 62
3.81285 49
3.98107 53
4.15671 49
4.3401 58
4.53158 53
4.73151 41
4.94026 51
5.15822 48
5.3858 52
5.62341 46
5.87151 35
6.13056 37
6.40103 39
6.68344 36
6.97831 33
7.28618 35
7.60764 38
7.94328 29
8.29373 44
8.65964 40
9.0417 30
9.44061 30
9.85712 34
10.292 29
10.7461 21
11.2202 27
11.7152 22
12.2321 28
12.7717 22
13.3352 26
13.9236 25
14.5378 32
15.1792 23
15.8489 29
16.5482 30
17.2783 34
18.0406 37
18.8365 25
19.6675 33
20.5353 30
21.4412 28
22.3872 23
23.3749 37
24.4062 23
25.483 18
26.6073 26
27.7811 36
29.0068 28
30.2866 33
31.6228 26
33.0179 38
34.4747 25
35.9956 41
37.5837 31
39.2419 39
40.9732 31
42.7809 37
44.6684 34
46.6391 39
48.6968 43
50.8452 45
53.0884 43
55.4307 57
57.8762 48
60.4296 52
63.0957 46
65.8795 36
68.786 47
71.8208 55
74.9894 53
78.2979 49
81.7523 57
85.3591 53
89.1251 61
93.0572 42
97.1628 53
101.45 53
105.925 67
110.599 64
115.478 64
120.573 72
125.893 81
131.447 78
137.246 62
143.301 72
149.624 76
156.225 73
163.117 74
170.314 82
177.828 100
185.674 92
193.865 82
202.418 109
211.349 96
220.673 126
230.409 110
240.575 114
251.189 114
262.271 110
273.842 124
285.924 148
298.538 132
311.709 154
325.462 151
339.821 114
354.813 136
370.467 119
386.812 95
403.878 65
421.697 40
440.301 42
459.727 32
480.01 26
501.187 20
523.299 17
546.387 12
570.493 7
595.662 13
621.942 8
649.382 5
678.032 4
707.946 5
739.18 2
771.792 0
805.842 4
841.395 2
878.517 2
917.276 2
957.745 1
1000 0
