# First line is two numbers 
#     First value is '2', it means 'histogram mode'
#     Second value is 'Emin' of the histogram
# Other lines : 2 columns. 1) energy 2) probability (nb divided by NbEvent)
# Number of bins = 480
# Content below the first bin: 0
# Content above the last  bin: 0
# Content above the last  bin: 0
# Number of events: 209000
2 1e-06
1.04412e-06 0
1.09018e-06 0
1.13828e-06 0
1.1885e-06 0
1.24094e-06 0
1.29569e-06 0
1.35285e-06 0
1.41254e-06 0
1.47486e-06 0
1.53993e-06 0
1.60787e-06 0
1.6788e-06 0
1.75287e-06 0
1.83021e-06 0
1.91095e-06 0
1.99526e-06 0
2.08329e-06 0
2.1752e-06 0
2.27117e-06 0
2.37137e-06 0
2.476e-06 0
2.58523e-06 0
2.69929e-06 0
2.81838e-06 0
2.94273e-06 0
3.07256e-06 0
3.20812e-06 0
3.34965e-06 0
3.49744e-06 0
3.65174e-06 0
3.81285e-06 0
3.98107e-06 0
4.15671e-06 0
4.3401e-06 0
4.53158e-06 0
4.73151e-06 0
4.94026e-06 0
5.15822e-06 0
5.3858e-06 0
5.62341e-06 0
5.87151e-06 0
6.13056e-06 0
6.40103e-06 0
6.68344e-06 0
6.97831e-06 0
7.28618e-06 0
7.60764e-06 0
7.94328e-06 0
8.29373e-06 0
8.65964e-06 0
9.0417e-06 0
9.44061e-06 0
9.85712e-06 0
1.0292e-05 0
1.07461e-05 0
1.12202e-05 0
1.17152e-05 0
1.22321e-05 0
1.27717e-05 0
1.33352e-05 0
1.39236e-05 0
1.45378e-05 0
1.51792e-05 0
1.58489e-05 0
1.65482e-05 0
1.72783e-05 0
1.80406e-05 0
1.88365e-05 0
1.96675e-05 0
2.05353e-05 0
2.14412e-05 0
2.23872e-05 0
2.33749e-05 0
2.44062e-05 0
2.5483e-05 0
2.66073e-05 0
2.77811e-05 0
2.90068e-05 0
3.02866e-05 0
3.16228e-05 0
3.30179e-05 0
3.44747e-05 0
3.59956e-05 0
3.75837e-05 0
3.92419e-05 0
4.09732e-05 0
4.27809e-05 0
4.46684e-05 0
4.66391e-05 0
4.86968e-05 0
5.08452e-05 0
5.30884e-05 0
5.54307e-05 0
5.78762e-05 0
6.04296e-05 0
6.30957e-05 0
6.58795e-05 0
6.8786e-05 0
7.18208e-05 96.4627
7.49894e-05 0
7.82979e-05 0
8.17523e-05 0
8.53591e-05 0
8.91251e-05 0
9.30572e-05 0
9.71628e-05 0
0.00010145 0
0.000105925 0
0.000110599 0
0.000115478 0
0.000120573 0
0.000125893 0
0.000131447 0
0.000137246 0
0.000143301 0
0.000149624 0
0.000156225 0
0.000163117 0
0.000170314 0
0.000177828 0
0.000185674 0
0.000193865 0
0.000202418 0
0.000211349 0
0.000220673 0
0.000230409 0
0.000240575 0
0.000251189 0
0.000262271 0
0.000273842 0
0.000285924 0
0.000298538 0
0.000311709 0
0.000325462 0
0.000339821 0
0.000354813 0
0.000370467 0
0.000386812 0
0.000403878 0
0.000421697 0
0.000440301 0
0.000459727 0
0.00048001 0
0.000501187 0
0.000523299 0
0.000546387 0
0.000570493 0
0.000595662 0
0.000621942 0
0.000649382 0
0.000678032 0
0.000707946 0
0.00073918 0
0.000771792 0
0.000805842 0
0.000841395 0
0.000878517 0
0.000917276 0
0.000957745 0
0.001 0
0.00104412 0
0.00109018 52.6452
0.00113828 0
0.0011885 0
0.00124094 0
0.00129569 0
0.00135285 0
0.00141254 0
0.00147486 0
0.00153993 0
0.00160787 0
0.0016788 0
0.00175287 0
0.00183021 0
0.00191095 0
0.00199526 0
0.00208329 0
0.0021752 0
0.00227117 0
0.00237137 0
0.002476 105.137
0.00258523 0
0.00269929 0
0.00281838 0
0.00294273 0
0.00307256 0
0.00320812 0
0.00334965 0
0.00349744 0
0.00365174 0
0.00381285 0
0.00398107 0
0.00415671 0
0.0043401 49.855
0.00453158 0
0.00473151 0
0.00494026 0
0.00515822 71.942
0.0053858 0
0.00562341 0
0.00587151 53.7999
0.00613056 0
0.00640103 0
0.00668344 0
0.00697831 36.7041
0.00728618 0
0.00760764 108.321
0.00794328 0
0.00829373 0
0.00865964 0
0.0090417 126.591
0.00944061 0
0.00985712 0
0.010292 219.058
0.0107461 156.57
0.0112202 115.491
0.0117152 0
0.0122321 0
0.0127717 0
0.0133352 101.783
0.0139236 0
0.0145378 317.576
0.0151792 317.785
0.0158489 106.274
0.0165482 36.7544
0.0172783 125.859
0.0180406 0
0.0188365 110.495
0.0196675 107.027
0.0205353 155.221
0.0214412 185.307
0.0223872 66.3979
0.0233749 78.0322
0.0244062 90.0553
0.025483 164.479
0.0266073 252.378
0.0277811 397.357
0.0290068 84.3274
0.0302866 53.9377
0.0316228 262.555
0.0330179 0
0.0344747 377.002
0.0359956 547.446
0.0375837 362.938
0.0392419 207.54
0.0409732 507.453
0.0427809 323.674
0.0446684 152.012
0.0466391 538.813
0.0486968 610.154
0.0508452 245.579
0.0530884 590.275
0.0554307 546.03
0.0578762 647.269
0.0604296 675.119
0.0630957 448.891
0.0658795 1099.09
0.068786 143.718
0.0718208 678.794
0.0749894 243.22
0.0782979 1088.27
0.0817523 1080.25
0.0853591 431.998
0.0891251 681.232
0.0930572 1152.11
0.0971628 777.678
0.10145 723.856
0.105925 1229.25
0.110599 859.773
0.115478 1310.1
0.120573 1679.91
0.125893 952.589
0.131447 1535.77
0.137246 923.012
0.143301 1144.53
0.149624 1019.59
0.156225 1194.01
0.163117 776.324
0.170314 1583.86
0.177828 1392.45
0.185674 907.105
0.193865 1427.43
0.202418 1146.03
0.211349 1218.89
0.220673 1748.19
0.230409 1880.53
0.240575 1222.5
0.251189 939.117
0.262271 1167.19
0.273842 1452.75
0.285924 1236.02
0.298538 1810
0.311709 1337.95
0.325462 1845.66
0.339821 1481.25
0.354813 1918.09
0.370467 2404.14
0.386812 999.465
0.403878 1751.7
0.421697 1202.48
0.440301 1085.32
0.459727 1236.37
0.48001 939.483
0.501187 1684.29
0.523299 1595.61
0.546387 2129.87
0.570493 1694.97
0.595662 1868.41
0.621942 2407
0.649382 1196.23
0.678032 1191.45
0.707946 1300.72
0.73918 1091.04
0.771792 1723.82
0.805842 1287.06
0.841395 1379.35
0.878517 541.728
0.917276 662.184
0.957745 1297.57
1 899.977
1.04412 1048.23
1.09018 780.157
1.13828 937.541
1.1885 705.166
1.24094 751.445
1.29569 736.056
1.35285 425.31
1.41254 264.237
1.47486 313.486
1.53993 370.541
1.60787 348.801
1.6788 867.55
1.75287 675.63
1.83021 181.481
1.91095 505.273
1.99526 484.958
2.08329 619.523
2.1752 312.448
2.27117 597.748
2.37137 411.169
2.476 776.811
2.58523 483.374
2.69929 520.74
2.81838 138.877
2.94273 409.013
3.07256 174.963
3.20812 193.232
3.34965 93.2444
3.49744 0
3.65174 207.709
3.81285 206.895
3.98107 234.124
4.15671 299.652
4.3401 271.57
4.53158 200.233
4.73151 521.967
4.94026 269.507
5.15822 309.559
5.3858 276.916
5.62341 254.252
5.87151 272.267
6.13056 193.119
6.40103 290.312
6.68344 193.173
6.97831 0
7.28618 290.675
7.60764 155.54
7.94328 167.766
8.29373 374.887
8.65964 53.5416
9.0417 86.4812
9.44061 312.8
9.85712 0
10.292 0
10.7461 242.468
11.2202 107.819
11.7152 282.017
12.2321 79.5533
12.7717 164.539
13.3352 390.463
13.9236 176.043
14.5378 244.884
15.1792 167.822
15.8489 0
16.5482 556.448
17.2783 0
18.0406 107.256
18.8365 0
19.6675 0
20.5353 303.092
21.4412 0
22.3872 325.999
23.3749 115.638
24.4062 37.7411
25.483 104.013
26.6073 0
27.7811 229.449
29.0068 193.346
30.2866 0
31.6228 121.12
33.0179 87.1909
34.4747 228.501
35.9956 157.61
37.5837 110.816
39.2419 135.942
40.9732 53.5344
42.7809 167.726
44.6684 0
46.6391 173.347
48.6968 221.795
50.8452 119.698
53.0884 173.604
55.4307 347.172
57.8762 314.75
60.4296 478.144
63.0957 0
65.8795 119.768
68.786 114.774
71.8208 375.983
74.9894 124.687
78.2979 420.489
81.7523 336.888
85.3591 180.196
89.1251 408.277
93.0572 408.599
97.1628 249.385
101.45 311.329
105.925 733.416
110.599 150.947
115.478 0
120.573 358.953
125.893 256.858
131.447 424.221
137.246 51.5632
143.301 363.066
149.624 415.924
156.225 400.008
163.117 445.772
170.314 216.455
177.828 399.77
185.674 376.512
193.865 192.651
202.418 469.796
211.349 573.364
220.673 695.069
230.409 877.332
240.575 674.288
251.189 1158.44
262.271 584.597
273.842 1213.49
285.924 642.823
298.538 827.439
311.709 866.647
325.462 1007.86
339.821 1135.96
354.813 698.868
370.467 784.42
386.812 528.193
403.878 767.887
421.697 0
440.301 167.729
459.727 564.186
480.01 247.331
501.187 0
523.299 205.222
546.387 94.9649
570.493 110.425
595.662 0
621.942 51.8965
649.382 180.924
678.032 219.298
707.946 0
739.18 0
771.792 0
805.842 0
841.395 115.018
878.517 0
917.276 0
957.745 0
1000 0
