# First line is two numbers 
#     First value is '2', it means 'histogram mode'
#     Second value is 'Emin' of the histogram
# Other lines : 2 columns. 1) energy 2) probability (nb divided by NbEvent)
# Number of bins = 480
# Content below the first bin: 0
# Content above the last  bin: 0
# Content above the last  bin: 0
# Number of events: 209000
2 1e-06
1.04412e-06 0
1.09018e-06 0
1.13828e-06 0
1.1885e-06 0
1.24094e-06 0
1.29569e-06 0
1.35285e-06 0
1.41254e-06 0
1.47486e-06 0
1.53993e-06 0
1.60787e-06 0
1.6788e-06 0
1.75287e-06 0
1.83021e-06 0
1.91095e-06 0
1.99526e-06 0
2.08329e-06 0
2.1752e-06 0
2.27117e-06 0
2.37137e-06 0
2.476e-06 0
2.58523e-06 0
2.69929e-06 0
2.81838e-06 0
2.94273e-06 0
3.07256e-06 0
3.20812e-06 0
3.34965e-06 0
3.49744e-06 0
3.65174e-06 0
3.81285e-06 0
3.98107e-06 0
4.15671e-06 0
4.3401e-06 0
4.53158e-06 0
4.73151e-06 0
4.94026e-06 0
5.15822e-06 0
5.3858e-06 0
5.62341e-06 0
5.87151e-06 0
6.13056e-06 0
6.40103e-06 0
6.68344e-06 0
6.97831e-06 0
7.28618e-06 0
7.60764e-06 0
7.94328e-06 0
8.29373e-06 0
8.65964e-06 0
9.0417e-06 0
9.44061e-06 0
9.85712e-06 0
1.0292e-05 0
1.07461e-05 0
1.12202e-05 0
1.17152e-05 0
1.22321e-05 0
1.27717e-05 0
1.33352e-05 0
1.39236e-05 0
1.45378e-05 0
1.51792e-05 0
1.58489e-05 0
1.65482e-05 0
1.72783e-05 0
1.80406e-05 0
1.88365e-05 0
1.96675e-05 0
2.05353e-05 0
2.14412e-05 0
2.23872e-05 0
2.33749e-05 0
2.44062e-05 0
2.5483e-05 0
2.66073e-05 0
2.77811e-05 0
2.90068e-05 0
3.02866e-05 0
3.16228e-05 0
3.30179e-05 0
3.44747e-05 0
3.59956e-05 0
3.75837e-05 0
3.92419e-05 0
4.09732e-05 0
4.27809e-05 0
4.46684e-05 0
4.66391e-05 0
4.86968e-05 0
5.08452e-05 0
5.30884e-05 0
5.54307e-05 0
5.78762e-05 0
6.04296e-05 0
6.30957e-05 0
6.58795e-05 0
6.8786e-05 0
7.18208e-05 0
7.49894e-05 0
7.82979e-05 0
8.17523e-05 0
8.53591e-05 0
8.91251e-05 0
9.30572e-05 0
9.71628e-05 0
0.00010145 0
0.000105925 0
0.000110599 0
0.000115478 0
0.000120573 0
0.000125893 0
0.000131447 0
0.000137246 0
0.000143301 0
0.000149624 0
0.000156225 0
0.000163117 0
0.000170314 0
0.000177828 0
0.000185674 0
0.000193865 0
0.000202418 0
0.000211349 0
0.000220673 0
0.000230409 0
0.000240575 0
0.000251189 0
0.000262271 0
0.000273842 0
0.000285924 0
0.000298538 0
0.000311709 0
0.000325462 0
0.000339821 0
0.000354813 0
0.000370467 0
0.000386812 0
0.000403878 12.2728
0.000421697 0
0.000440301 0
0.000459727 0
0.00048001 0
0.000501187 0
0.000523299 0
0.000546387 0
0.000570493 0
0.000595662 0
0.000621942 0
0.000649382 0
0.000678032 0
0.000707946 0
0.00073918 0
0.000771792 0
0.000805842 0
0.000841395 0
0.000878517 0
0.000917276 0
0.000957745 0
0.001 0
0.00104412 0
0.00109018 0
0.00113828 0
0.0011885 0
0.00124094 0
0.00129569 0
0.00135285 0
0.00141254 0
0.00147486 0
0.00153993 0
0.00160787 0
0.0016788 0
0.00175287 0
0.00183021 0
0.00191095 0
0.00199526 0
0.00208329 0
0.0021752 0
0.00227117 0
0.00237137 0
0.002476 88.5598
0.00258523 0
0.00269929 0
0.00281838 0
0.00294273 0
0.00307256 117.723
0.00320812 0
0.00334965 0
0.00349744 0
0.00365174 0
0.00381285 28.8385
0.00398107 0
0.00415671 114.029
0.0043401 80.6766
0.00453158 0
0.00473151 115.361
0.00494026 91.2246
0.00515822 77.0763
0.0053858 0
0.00562341 0
0.00587151 79.7575
0.00613056 81.6636
0.00640103 0
0.00668344 0
0.00697831 112.459
0.00728618 71.7922
0.00760764 75.4672
0.00794328 0
0.00829373 0
0.00865964 118.364
0.0090417 267.722
0.00944061 118.433
0.00985712 93.0464
0.010292 0
0.0107461 59.754
0.0112202 0
0.0117152 217.104
0.0122321 150.737
0.0127717 128.552
0.0133352 101.923
0.0139236 176.109
0.0145378 88.9469
0.0151792 163.611
0.0158489 280.615
0.0165482 29.3541
0.0172783 263.265
0.0180406 137.654
0.0188365 186.055
0.0196675 354.395
0.0205353 154.372
0.0214412 312.936
0.0223872 455.687
0.0233749 752.12
0.0244062 694.703
0.025483 509.438
0.0266073 499.406
0.0277811 505.787
0.0290068 646.202
0.0302866 548.484
0.0316228 672.448
0.0330179 610.201
0.0344747 544.89
0.0359956 798.754
0.0375837 765.644
0.0392419 1037.35
0.0409732 1100.34
0.0427809 895.422
0.0446684 1097.4
0.0466391 1468.65
0.0486968 1633.2
0.0508452 2182.49
0.0530884 1572.17
0.0554307 1239.02
0.0578762 1775.02
0.0604296 1377.45
0.0630957 1548.14
0.0658795 1613.83
0.068786 1321.97
0.0718208 2521.14
0.0749894 1790.66
0.0782979 2261.54
0.0817523 2141.85
0.0853591 3056.7
0.0891251 2210.91
0.0930572 3410.68
0.0971628 2429.71
0.10145 3209.01
0.105925 3056.55
0.110599 2166.5
0.115478 3024.01
0.120573 2470.64
0.125893 2494.09
0.131447 3443.28
0.137246 2851.31
0.143301 4327.57
0.149624 3941.5
0.156225 3702.96
0.163117 2397.69
0.170314 3156.54
0.177828 3194.16
0.185674 3305.3
0.193865 3145.5
0.202418 4401.16
0.211349 4139.67
0.220673 3257.44
0.230409 3241.02
0.240575 5191.15
0.251189 3859.35
0.262271 4585.56
0.273842 4286.01
0.285924 4716.89
0.298538 4085.32
0.311709 4053.85
0.325462 5321.92
0.339821 5741.3
0.354813 4493.51
0.370467 5712.13
0.386812 5161.21
0.403878 4734.27
0.421697 4112.35
0.440301 4644
0.459727 6469.46
0.48001 4861.89
0.501187 3710.64
0.523299 5126.68
0.546387 4522.12
0.570493 4041.04
0.595662 3934.59
0.621942 4345.16
0.649382 4547.7
0.678032 3413.17
0.707946 4502.21
0.73918 3519.8
0.771792 3848.98
0.805842 4904.35
0.841395 5058.61
0.878517 3297.08
0.917276 2785.01
0.957745 3803.32
1 3065.58
1.04412 2391.27
1.09018 2835.54
1.13828 2605.19
1.1885 2710.47
1.24094 2528.39
1.29569 2579.5
1.35285 2052.68
1.41254 1829.46
1.47486 2669.06
1.53993 2341.88
1.60787 1857.03
1.6788 1652.27
1.75287 2155.27
1.83021 1521.31
1.91095 1489.09
1.99526 1292.85
2.08329 1095.99
2.1752 1059.41
2.27117 1814
2.37137 1081.05
2.476 1791.02
2.58523 917.727
2.69929 1092.18
2.81838 1436.07
2.94273 859.417
3.07256 1503.93
3.20812 1060.84
3.34965 598.726
3.49744 678.076
3.65174 1073.1
3.81285 476.306
3.98107 818.018
4.15671 616.228
4.3401 782.125
4.53158 852.22
4.73151 733.696
4.94026 573.05
5.15822 889.435
5.3858 771.135
5.62341 811.065
5.87151 783.685
6.13056 457.345
6.40103 841.089
6.68344 1077.06
6.97831 432.567
7.28618 599.011
7.60764 702.337
7.94328 672.394
8.29373 634.658
8.65964 819.508
9.0417 1141.87
9.44061 518.019
9.85712 711.216
10.292 547.418
10.7461 251.41
11.2202 701.916
11.7152 587.559
12.2321 706.764
12.7717 896.682
13.3352 429.753
13.9236 235.329
14.5378 435.198
15.1792 305.11
15.8489 1059.89
16.5482 812.207
17.2783 615.767
18.0406 460.927
18.8365 547.975
19.6675 625.628
20.5353 649.439
21.4412 521.854
22.3872 308.758
23.3749 443.398
24.4062 601.761
25.483 240.48
26.6073 423.222
27.7811 987.45
29.0068 134.191
30.2866 473.723
31.6228 1038.3
33.0179 217.715
34.4747 964.126
35.9956 1407.32
37.5837 430.06
39.2419 749.435
40.9732 307.948
42.7809 1155.12
44.6684 714.939
46.6391 1018.14
48.6968 429.973
50.8452 411.953
53.0884 908.101
55.4307 538.574
57.8762 1403.65
60.4296 923.086
63.0957 950.701
65.8795 528.91
68.786 880.827
71.8208 285.774
74.9894 1061.48
78.2979 1191.08
81.7523 750.842
85.3591 860.327
89.1251 1125.18
93.0572 568.044
97.1628 963.262
101.45 982.249
105.925 1198.3
110.599 439.898
115.478 1155.79
120.573 818.658
125.893 588.338
131.447 917.152
137.246 542.74
143.301 959.258
149.624 1246.23
156.225 1355.34
163.117 324.97
170.314 583.708
177.828 722.391
185.674 563.542
193.865 915.587
202.418 914.247
211.349 848.811
220.673 1083.47
230.409 582.563
240.575 1019.1
251.189 942.522
262.271 600.488
273.842 383.425
285.924 203.003
298.538 711.917
311.709 590.357
325.462 269.129
339.821 0
354.813 149.343
370.467 134.451
386.812 223.816
403.878 541.327
421.697 0
440.301 155.371
459.727 261.219
480.01 82.8922
501.187 0
523.299 92.6007
546.387 0
570.493 40.2636
595.662 0
621.942 0
649.382 0
678.032 0
707.946 0
739.18 0
771.792 0
805.842 0
841.395 0
878.517 0
917.276 0
957.745 0
1000 0
