# First line is two numbers 
#     First value is '2', it means 'histogram mode'
#     Second value is 'Emin' of the histogram
# Other lines : 2 columns. 1) energy 2) probability (nb divided by NbEvent)
# Number of bins = 480
# Content below the first bin: 0
# Content above the last  bin: 0
# Content above the last  bin: 0
# Number of events: 209000
2 1e-06
1.04412e-06 0
1.09018e-06 0
1.13828e-06 0
1.1885e-06 0
1.24094e-06 0
1.29569e-06 0
1.35285e-06 0
1.41254e-06 0
1.47486e-06 0
1.53993e-06 0
1.60787e-06 0
1.6788e-06 0
1.75287e-06 0
1.83021e-06 0
1.91095e-06 0
1.99526e-06 0
2.08329e-06 0
2.1752e-06 0
2.27117e-06 0
2.37137e-06 0
2.476e-06 0
2.58523e-06 0
2.69929e-06 0
2.81838e-06 0
2.94273e-06 0
3.07256e-06 0
3.20812e-06 0
3.34965e-06 0
3.49744e-06 0
3.65174e-06 0
3.81285e-06 0
3.98107e-06 0
4.15671e-06 0
4.3401e-06 0
4.53158e-06 0
4.73151e-06 0
4.94026e-06 0
5.15822e-06 0
5.3858e-06 0
5.62341e-06 0
5.87151e-06 0
6.13056e-06 0
6.40103e-06 0
6.68344e-06 0
6.97831e-06 0
7.28618e-06 0
7.60764e-06 0
7.94328e-06 0
8.29373e-06 0
8.65964e-06 0
9.0417e-06 0
9.44061e-06 0
9.85712e-06 0
1.0292e-05 0
1.07461e-05 0
1.12202e-05 0
1.17152e-05 0
1.22321e-05 0
1.27717e-05 0
1.33352e-05 0
1.39236e-05 0
1.45378e-05 0
1.51792e-05 0
1.58489e-05 0
1.65482e-05 0
1.72783e-05 0
1.80406e-05 0
1.88365e-05 0
1.96675e-05 0
2.05353e-05 0
2.14412e-05 0
2.23872e-05 0
2.33749e-05 0
2.44062e-05 0
2.5483e-05 0
2.66073e-05 0
2.77811e-05 0
2.90068e-05 0
3.02866e-05 0
3.16228e-05 0
3.30179e-05 0
3.44747e-05 0
3.59956e-05 0
3.75837e-05 0
3.92419e-05 0
4.09732e-05 0
4.27809e-05 0
4.46684e-05 0
4.66391e-05 0
4.86968e-05 0
5.08452e-05 0
5.30884e-05 0
5.54307e-05 0
5.78762e-05 0
6.04296e-05 0
6.30957e-05 0
6.58795e-05 0
6.8786e-05 0
7.18208e-05 0
7.49894e-05 0
7.82979e-05 0
8.17523e-05 0
8.53591e-05 0
8.91251e-05 0
9.30572e-05 0
9.71628e-05 0
0.00010145 0
0.000105925 0
0.000110599 0
0.000115478 0
0.000120573 0
0.000125893 0
0.000131447 0
0.000137246 0
0.000143301 0
0.000149624 0
0.000156225 0
0.000163117 0
0.000170314 0
0.000177828 0
0.000185674 0
0.000193865 0
0.000202418 0
0.000211349 0
0.000220673 0
0.000230409 0
0.000240575 0
0.000251189 0
0.000262271 0
0.000273842 0
0.000285924 0
0.000298538 0
0.000311709 0
0.000325462 0
0.000339821 0
0.000354813 0
0.000370467 0
0.000386812 0
0.000403878 0
0.000421697 0
0.000440301 0
0.000459727 0
0.00048001 0
0.000501187 0
0.000523299 0
0.000546387 0
0.000570493 0
0.000595662 0
0.000621942 0
0.000649382 0
0.000678032 0
0.000707946 0
0.00073918 0
0.000771792 0
0.000805842 0
0.000841395 0
0.000878517 0
0.000917276 0
0.000957745 0
0.001 0
0.00104412 0
0.00109018 0
0.00113828 0
0.0011885 0
0.00124094 0
0.00129569 0
0.00135285 0
0.00141254 0
0.00147486 0
0.00153993 0
0.00160787 0
0.0016788 0
0.00175287 0
0.00183021 0
0.00191095 0
0.00199526 0
0.00208329 0
0.0021752 0
0.00227117 0
0.00237137 0
0.002476 0
0.00258523 0
0.00269929 0
0.00281838 0
0.00294273 0
0.00307256 0
0.00320812 0
0.00334965 0
0.00349744 0
0.00365174 0
0.00381285 0
0.00398107 0
0.00415671 0
0.0043401 0
0.00453158 0
0.00473151 66.9822
0.00494026 0
0.00515822 0
0.0053858 0
0.00562341 0
0.00587151 0
0.00613056 0
0.00640103 0
0.00668344 0
0.00697831 0
0.00728618 0
0.00760764 0
0.00794328 0
0.00829373 0
0.00865964 0
0.0090417 0
0.00944061 0
0.00985712 0
0.010292 0
0.0107461 0
0.0112202 0
0.0117152 0
0.0122321 0
0.0127717 0
0.0133352 0
0.0139236 0
0.0145378 0
0.0151792 0
0.0158489 0
0.0165482 0
0.0172783 0
0.0180406 0
0.0188365 211.196
0.0196675 0
0.0205353 0
0.0214412 0
0.0223872 184.102
0.0233749 101.707
0.0244062 0
0.025483 0
0.0266073 103.389
0.0277811 0
0.0290068 0
0.0302866 0
0.0316228 107.118
0.0330179 0
0.0344747 271.539
0.0359956 238.154
0.0375837 212.429
0.0392419 114.55
0.0409732 24.6635
0.0427809 197.546
0.0446684 64.6757
0.0466391 47.5401
0.0486968 58.3157
0.0508452 272.377
0.0530884 114.872
0.0554307 0
0.0578762 168.108
0.0604296 83.404
0.0630957 42.4469
0.0658795 176.463
0.068786 88.7784
0.0718208 279.906
0.0749894 163.618
0.0782979 122.576
0.0817523 297.16
0.0853591 347.873
0.0891251 63.7455
0.0930572 393.202
0.0971628 314.017
0.10145 200.713
0.105925 480.316
0.110599 333.592
0.115478 492.022
0.120573 116.933
0.125893 685.084
0.131447 421.576
0.137246 261.938
0.143301 637.623
0.149624 183.419
0.156225 109.589
0.163117 286.379
0.170314 265.992
0.177828 0
0.185674 541.482
0.193865 368.83
0.202418 671.542
0.211349 577.644
0.220673 758.825
0.230409 545.122
0.240575 193.45
0.251189 191.933
0.262271 525.752
0.273842 368.936
0.285924 206.626
0.298538 291.748
0.311709 746.513
0.325462 534.998
0.339821 746.884
0.354813 428.677
0.370467 282.297
0.386812 581.891
0.403878 546.051
0.421697 426.951
0.440301 684.271
0.459727 433.637
0.48001 695.287
0.501187 489.987
0.523299 905.129
0.546387 589.479
0.570493 191.54
0.595662 366.359
0.621942 710.156
0.649382 502.166
0.678032 839.36
0.707946 499.78
0.73918 702.632
0.771792 976.786
0.805842 499.609
0.841395 328.306
0.878517 410.716
0.917276 363.47
0.957745 224.591
1 180.61
1.04412 502.984
1.09018 529.234
1.13828 494.313
1.1885 202.757
1.24094 212.084
1.29569 111.801
1.35285 0
1.41254 143.678
1.47486 106.973
1.53993 349.516
1.60787 281.515
1.6788 290.16
1.75287 351.05
1.83021 210.464
1.91095 158.436
1.99526 195.431
2.08329 94.4993
2.1752 145.07
2.27117 225.255
2.37137 0
2.476 222.753
2.58523 150.653
2.69929 206.503
2.81838 157.28
2.94273 0
3.07256 119.615
3.20812 174.36
3.34965 202.407
3.49744 116.469
3.65174 100.964
3.81285 79.6451
3.98107 53.4785
4.15671 87.4226
4.3401 0
4.53158 0
4.73151 270.85
4.94026 0
5.15822 0
5.3858 112.003
5.62341 77.8508
5.87151 92.505
6.13056 93.8007
6.40103 0
6.68344 113.098
6.97831 0
7.28618 0
7.60764 0
7.94328 0
8.29373 0
8.65964 0
9.0417 86.7808
9.44061 0
9.85712 0
10.292 43.8968
10.7461 0
11.2202 189.727
11.7152 183.206
12.2321 290.706
12.7717 114.759
13.3352 116.041
13.9236 68.6506
14.5378 0
15.1792 64.095
15.8489 87.4489
16.5482 0
17.2783 0
18.0406 0
18.8365 0
19.6675 68.4933
20.5353 101.392
21.4412 31.6267
22.3872 76.41
23.3749 0
24.4062 64.9147
25.483 0
26.6073 0
27.7811 0
29.0068 0
30.2866 0
31.6228 101.59
33.0179 0
34.4747 96.5863
35.9956 32.2456
37.5837 148.445
39.2419 0
40.9732 155.971
42.7809 0
44.6684 0
46.6391 227.548
48.6968 159.775
50.8452 147.424
53.0884 149.215
55.4307 110.31
57.8762 68.1326
60.4296 0
63.0957 160.305
65.8795 157.371
68.786 438.323
71.8208 310.992
74.9894 76.9704
78.2979 324.381
81.7523 110.92
85.3591 111.756
89.1251 164.383
93.0572 281.066
97.1628 251.31
101.45 357.039
105.925 272.03
110.599 30.7676
115.478 241.566
120.573 259.534
125.893 27.6907
131.447 163.414
137.246 0
143.301 849.103
149.624 26.0606
156.225 317.122
163.117 339.277
170.314 112.558
177.828 350.348
185.674 333.992
193.865 691.165
202.418 0
211.349 140.726
220.673 213.36
230.409 114.897
240.575 59.8187
251.189 100.488
262.271 176.11
273.842 180.962
285.924 0
298.538 111.922
311.709 0
325.462 0
339.821 0
354.813 0
370.467 0
386.812 0
403.878 98.6388
421.697 0
440.301 69.5661
459.727 0
480.01 0
501.187 0
523.299 0
546.387 0
570.493 0
595.662 0
621.942 0
649.382 0
678.032 0
707.946 0
739.18 0
771.792 0
805.842 0
841.395 0
878.517 0
917.276 0
957.745 0
1000 0
