# First line is two numbers 
#     First value is '2', it means 'histogram mode'
#     Second value is 'Emin' of the histogram
# Other lines : 2 columns. 1) energy 2) probability (nb divided by NbEvent)
# Number of bins = 480
# Content below the first bin: 0
# Content above the last  bin: 0
# Content above the last  bin: 0
# Number of events: 209000
2 1e-06
1.04412e-06 0
1.09018e-06 0
1.13828e-06 0
1.1885e-06 0
1.24094e-06 0
1.29569e-06 0
1.35285e-06 0
1.41254e-06 0
1.47486e-06 0
1.53993e-06 0
1.60787e-06 0
1.6788e-06 0
1.75287e-06 0
1.83021e-06 0
1.91095e-06 0
1.99526e-06 0
2.08329e-06 0
2.1752e-06 0
2.27117e-06 0
2.37137e-06 0
2.476e-06 0
2.58523e-06 0
2.69929e-06 0
2.81838e-06 0
2.94273e-06 0
3.07256e-06 0
3.20812e-06 0
3.34965e-06 0
3.49744e-06 0
3.65174e-06 0
3.81285e-06 0
3.98107e-06 0
4.15671e-06 0
4.3401e-06 0
4.53158e-06 0
4.73151e-06 0
4.94026e-06 0
5.15822e-06 0
5.3858e-06 0
5.62341e-06 0
5.87151e-06 0
6.13056e-06 0
6.40103e-06 0
6.68344e-06 0
6.97831e-06 0
7.28618e-06 0
7.60764e-06 0
7.94328e-06 0
8.29373e-06 0
8.65964e-06 0
9.0417e-06 0
9.44061e-06 0
9.85712e-06 0
1.0292e-05 0
1.07461e-05 0
1.12202e-05 0
1.17152e-05 0
1.22321e-05 0
1.27717e-05 0
1.33352e-05 0
1.39236e-05 0
1.45378e-05 0
1.51792e-05 0
1.58489e-05 0
1.65482e-05 0
1.72783e-05 0
1.80406e-05 0
1.88365e-05 0
1.96675e-05 0
2.05353e-05 0
2.14412e-05 0
2.23872e-05 0
2.33749e-05 0
2.44062e-05 0
2.5483e-05 0
2.66073e-05 0
2.77811e-05 0
2.90068e-05 0
3.02866e-05 0
3.16228e-05 0
3.30179e-05 0
3.44747e-05 0
3.59956e-05 0
3.75837e-05 0
3.92419e-05 0
4.09732e-05 0
4.27809e-05 0
4.46684e-05 0
4.66391e-05 0
4.86968e-05 0
5.08452e-05 0
5.30884e-05 0
5.54307e-05 0
5.78762e-05 0
6.04296e-05 0
6.30957e-05 0
6.58795e-05 0
6.8786e-05 0
7.18208e-05 0
7.49894e-05 0
7.82979e-05 0
8.17523e-05 0
8.53591e-05 0
8.91251e-05 0
9.30572e-05 0
9.71628e-05 0
0.00010145 0
0.000105925 0
0.000110599 0
0.000115478 0
0.000120573 0
0.000125893 0
0.000131447 0
0.000137246 0
0.000143301 0
0.000149624 0
0.000156225 0
0.000163117 0
0.000170314 0
0.000177828 0
0.000185674 0
0.000193865 0
0.000202418 0
0.000211349 0
0.000220673 0
0.000230409 0
0.000240575 0
0.000251189 0
0.000262271 0
0.000273842 0
0.000285924 0
0.000298538 0
0.000311709 0
0.000325462 0
0.000339821 0
0.000354813 0
0.000370467 0
0.000386812 0
0.000403878 0
0.000421697 0
0.000440301 0
0.000459727 0
0.00048001 0
0.000501187 0
0.000523299 0
0.000546387 0
0.000570493 0
0.000595662 0
0.000621942 0
0.000649382 0
0.000678032 0
0.000707946 0
0.00073918 0
0.000771792 0
0.000805842 0
0.000841395 0
0.000878517 0
0.000917276 0
0.000957745 0
0.001 0
0.00104412 0
0.00109018 0
0.00113828 0
0.0011885 0
0.00124094 0
0.00129569 0
0.00135285 0
0.00141254 0
0.00147486 0
0.00153993 0
0.00160787 0
0.0016788 0
0.00175287 0
0.00183021 0
0.00191095 0
0.00199526 0
0.00208329 0
0.0021752 0
0.00227117 0
0.00237137 0
0.002476 0
0.00258523 0
0.00269929 0
0.00281838 0
0.00294273 0
0.00307256 0
0.00320812 0
0.00334965 0
0.00349744 0
0.00365174 0
0.00381285 0
0.00398107 0
0.00415671 0
0.0043401 0
0.00453158 0
0.00473151 0
0.00494026 0
0.00515822 103.74
0.0053858 0
0.00562341 0
0.00587151 0
0.00613056 0
0.00640103 0
0.00668344 0
0.00697831 0
0.00728618 0
0.00760764 0
0.00794328 0
0.00829373 0
0.00865964 0
0.0090417 0
0.00944061 0
0.00985712 0
0.010292 0
0.0107461 0
0.0112202 0
0.0117152 0
0.0122321 81.971
0.0127717 0
0.0133352 0
0.0139236 0
0.0145378 124.292
0.0151792 0
0.0158489 96.1135
0.0165482 57.7787
0.0172783 0
0.0180406 103.898
0.0188365 107.141
0.0196675 0
0.0205353 0
0.0214412 0
0.0223872 98.6921
0.0233749 0
0.0244062 0
0.025483 72.7751
0.0266073 248.777
0.0277811 78.6484
0.0290068 0
0.0302866 0
0.0316228 190.043
0.0330179 94.4825
0.0344747 204.341
0.0359956 115.03
0.0375837 99.1322
0.0392419 135.352
0.0409732 102.652
0.0427809 61.964
0.0446684 22.2822
0.0466391 205.308
0.0486968 52.3501
0.0508452 92.5102
0.0530884 144.007
0.0554307 307.757
0.0578762 74.5929
0.0604296 304.672
0.0630957 554.171
0.0658795 34.3401
0.068786 420.803
0.0718208 0
0.0749894 283.434
0.0782979 373.79
0.0817523 394.187
0.0853591 379.812
0.0891251 658.469
0.0930572 282.612
0.0971628 584.023
0.10145 549.483
0.105925 397.896
0.110599 477.396
0.115478 409.856
0.120573 668.575
0.125893 290.438
0.131447 104.917
0.137246 382.803
0.143301 415.259
0.149624 329.227
0.156225 234.585
0.163117 207.131
0.170314 293.717
0.177828 820.384
0.185674 93.5312
0.193865 345.178
0.202418 480.012
0.211349 29.1336
0.220673 775.275
0.230409 497.782
0.240575 722.032
0.251189 407.728
0.262271 446.293
0.273842 87.2806
0.285924 261.881
0.298538 411.449
0.311709 469.074
0.325462 289.376
0.339821 581.648
0.354813 676.713
0.370467 381.001
0.386812 604.42
0.403878 931.88
0.421697 525.699
0.440301 1075.57
0.459727 290.066
0.48001 920.043
0.501187 357.059
0.523299 335.363
0.546387 661.737
0.570493 443.527
0.595662 665.004
0.621942 1019.26
0.649382 132.428
0.678032 685.78
0.707946 473.169
0.73918 349.527
0.771792 393.147
0.805842 224.118
0.841395 481.566
0.878517 929.234
0.917276 96.5294
0.957745 451.154
1 113.329
1.04412 114.67
1.09018 186.181
1.13828 242.055
1.1885 433.419
1.24094 351.265
1.29569 238.592
1.35285 151.492
1.41254 489.651
1.47486 318.228
1.53993 0
1.60787 452.065
1.6788 89.991
1.75287 223.716
1.83021 182.932
1.91095 46.0001
1.99526 29.6573
2.08329 145.186
2.1752 191.506
2.27117 298.647
2.37137 117.245
2.476 61.0657
2.58523 127.285
2.69929 267.746
2.81838 62.9773
2.94273 47.2564
3.07256 70.6446
3.20812 107.357
3.34965 110.508
3.49744 327.067
3.65174 0
3.81285 366.633
3.98107 103.194
4.15671 106.716
4.3401 0
4.53158 55.5858
4.73151 0
4.94026 0
5.15822 161.412
5.3858 0
5.62341 0
5.87151 160.649
6.13056 284.949
6.40103 0
6.68344 22.1689
6.97831 35.7995
7.28618 0
7.60764 153.714
7.94328 0
8.29373 178.103
8.65964 0
9.0417 95.2214
9.44061 162.542
9.85712 179.115
10.292 0
10.7461 174.04
11.2202 108.081
11.7152 0
12.2321 0
12.7717 0
13.3352 0
13.9236 0
14.5378 0
15.1792 0
15.8489 0
16.5482 297.739
17.2783 185.454
18.0406 0
18.8365 151.634
19.6675 121.418
20.5353 0
21.4412 0
22.3872 0
23.3749 0
24.4062 116.149
25.483 91.1753
26.6073 169.39
27.7811 0
29.0068 0
30.2866 7.84331
31.6228 0
33.0179 0
34.4747 92.8603
35.9956 0
37.5837 0
39.2419 0
40.9732 104.386
42.7809 66.8619
44.6684 131.212
46.6391 216.303
48.6968 43.9715
50.8452 110.753
53.0884 68.4066
55.4307 0
57.8762 65.9305
60.4296 166.771
63.0957 150.343
65.8795 17.1042
68.786 322.246
71.8208 213.694
74.9894 122.838
78.2979 90.2928
81.7523 204.577
85.3591 200.321
89.1251 0
93.0572 329.177
97.1628 149.565
101.45 343.759
105.925 153.446
110.599 0
115.478 105.476
120.573 262.163
125.893 51.2547
131.447 229.24
137.246 181.434
143.301 276.15
149.624 192.307
156.225 94.6627
163.117 186.923
170.314 471.865
177.828 376.897
185.674 429.9
193.865 591.964
202.418 140.052
211.349 451.007
220.673 150.492
230.409 769.492
240.575 39.8384
251.189 220.342
262.271 221.872
273.842 160.62
285.924 161.382
298.538 48.9788
311.709 93.7321
325.462 0
339.821 71.6963
354.813 157.273
370.467 44.7779
386.812 0
403.878 62.1016
421.697 117.265
440.301 0
459.727 0
480.01 0
501.187 0
523.299 0
546.387 0
570.493 0
595.662 0
621.942 0
649.382 21.5795
678.032 0
707.946 0
739.18 0
771.792 0
805.842 0
841.395 0
878.517 0
917.276 0
957.745 0
1000 0
