# First line is two numbers 
#     First value is '2', it means 'histogram mode'
#     Second value is 'Emin' of the histogram
# Other lines : 2 columns. 1) energy 2) probability (nb divided by NbEvent)
# Number of bins = 480
# Content below the first bin: 0
# Content above the last  bin: 0
# Content above the last  bin: 0
# Number of events: 209000
2 1e-06
1.04412e-06 0
1.09018e-06 0
1.13828e-06 0
1.1885e-06 0
1.24094e-06 0
1.29569e-06 0
1.35285e-06 0
1.41254e-06 0
1.47486e-06 0
1.53993e-06 0
1.60787e-06 0
1.6788e-06 0
1.75287e-06 0
1.83021e-06 0
1.91095e-06 0
1.99526e-06 0
2.08329e-06 0
2.1752e-06 0
2.27117e-06 0
2.37137e-06 0
2.476e-06 0
2.58523e-06 0
2.69929e-06 0
2.81838e-06 0
2.94273e-06 0
3.07256e-06 0
3.20812e-06 0
3.34965e-06 0
3.49744e-06 0
3.65174e-06 0
3.81285e-06 0
3.98107e-06 0
4.15671e-06 0
4.3401e-06 0
4.53158e-06 0
4.73151e-06 0
4.94026e-06 0
5.15822e-06 0
5.3858e-06 0
5.62341e-06 0
5.87151e-06 0
6.13056e-06 0
6.40103e-06 0
6.68344e-06 0
6.97831e-06 0
7.28618e-06 0
7.60764e-06 0
7.94328e-06 0
8.29373e-06 0
8.65964e-06 0
9.0417e-06 0
9.44061e-06 0
9.85712e-06 0
1.0292e-05 0
1.07461e-05 0
1.12202e-05 0
1.17152e-05 0
1.22321e-05 0
1.27717e-05 0
1.33352e-05 0
1.39236e-05 0
1.45378e-05 0
1.51792e-05 0
1.58489e-05 0
1.65482e-05 0
1.72783e-05 0
1.80406e-05 0
1.88365e-05 0
1.96675e-05 0
2.05353e-05 0
2.14412e-05 0
2.23872e-05 0
2.33749e-05 0
2.44062e-05 0
2.5483e-05 0
2.66073e-05 0
2.77811e-05 0
2.90068e-05 0
3.02866e-05 0
3.16228e-05 0
3.30179e-05 0
3.44747e-05 0
3.59956e-05 0
3.75837e-05 0
3.92419e-05 0
4.09732e-05 0
4.27809e-05 0
4.46684e-05 0
4.66391e-05 0
4.86968e-05 0
5.08452e-05 0
5.30884e-05 0
5.54307e-05 0
5.78762e-05 0
6.04296e-05 0
6.30957e-05 0
6.58795e-05 0
6.8786e-05 0
7.18208e-05 0
7.49894e-05 0
7.82979e-05 0
8.17523e-05 0
8.53591e-05 0
8.91251e-05 0
9.30572e-05 0
9.71628e-05 0
0.00010145 0
0.000105925 0
0.000110599 0
0.000115478 0
0.000120573 0
0.000125893 0
0.000131447 0
0.000137246 0
0.000143301 0
0.000149624 0
0.000156225 0
0.000163117 0
0.000170314 0
0.000177828 0
0.000185674 0
0.000193865 0
0.000202418 0
0.000211349 0
0.000220673 0
0.000230409 0
0.000240575 0
0.000251189 0
0.000262271 0
0.000273842 0
0.000285924 0
0.000298538 0
0.000311709 0
0.000325462 0
0.000339821 0
0.000354813 0
0.000370467 0
0.000386812 0
0.000403878 0
0.000421697 0
0.000440301 0
0.000459727 0
0.00048001 0
0.000501187 0
0.000523299 0
0.000546387 0
0.000570493 0
0.000595662 0
0.000621942 0
0.000649382 0
0.000678032 0
0.000707946 0
0.00073918 0
0.000771792 0
0.000805842 0
0.000841395 0
0.000878517 0
0.000917276 0
0.000957745 0
0.001 0
0.00104412 0
0.00109018 0
0.00113828 0
0.0011885 0
0.00124094 0
0.00129569 0
0.00135285 0
0.00141254 0
0.00147486 0
0.00153993 0
0.00160787 0
0.0016788 52.4825
0.00175287 0
0.00183021 0
0.00191095 0
0.00199526 0
0.00208329 0
0.0021752 0
0.00227117 0
0.00237137 0
0.002476 0
0.00258523 0
0.00269929 0
0.00281838 0
0.00294273 0
0.00307256 0
0.00320812 0
0.00334965 0
0.00349744 0
0.00365174 0
0.00381285 0
0.00398107 0
0.00415671 0
0.0043401 0
0.00453158 0
0.00473151 0
0.00494026 0
0.00515822 0
0.0053858 0
0.00562341 0
0.00587151 0
0.00613056 0
0.00640103 0
0.00668344 0
0.00697831 0
0.00728618 86.4215
0.00760764 0
0.00794328 0
0.00829373 0
0.00865964 0
0.0090417 0
0.00944061 0
0.00985712 108.371
0.010292 0
0.0107461 0
0.0112202 0
0.0117152 0
0.0122321 0
0.0127717 0
0.0133352 109.32
0.0139236 80.9732
0.0145378 114.868
0.0151792 0
0.0158489 0
0.0165482 0
0.0172783 113.442
0.0180406 0
0.0188365 0
0.0196675 0
0.0205353 109.994
0.0214412 0
0.0223872 0
0.0233749 177.441
0.0244062 0
0.025483 119.696
0.0266073 0
0.0277811 0
0.0290068 119.198
0.0302866 218.404
0.0316228 117.532
0.0330179 0
0.0344747 0
0.0359956 25.837
0.0375837 157.148
0.0392419 13.3927
0.0409732 0
0.0427809 312.765
0.0446684 177.589
0.0466391 247.643
0.0486968 463.652
0.0508452 82.6243
0.0530884 271.516
0.0554307 194.98
0.0578762 462.783
0.0604296 343.644
0.0630957 31.3024
0.0658795 113.573
0.068786 27.5263
0.0718208 55.4891
0.0749894 146.98
0.0782979 115.454
0.0817523 290.534
0.0853591 214.259
0.0891251 208.115
0.0930572 256.725
0.0971628 586.725
0.10145 246.819
0.105925 441.626
0.110599 285.693
0.115478 545.244
0.120573 614.24
0.125893 873.517
0.131447 329.608
0.137246 334.489
0.143301 222.538
0.149624 391.798
0.156225 254.425
0.163117 355.769
0.170314 601.871
0.177828 406.459
0.185674 578.775
0.193865 417.316
0.202418 585.889
0.211349 816.756
0.220673 362.775
0.230409 979.605
0.240575 795.389
0.251189 652.393
0.262271 401.909
0.273842 28.6035
0.285924 653.921
0.298538 251.779
0.311709 171.665
0.325462 111.358
0.339821 1079.04
0.354813 344.27
0.370467 497.522
0.386812 506.895
0.403878 745.856
0.421697 704.315
0.440301 440.231
0.459727 785.545
0.48001 481.672
0.501187 328.394
0.523299 328.439
0.546387 657.304
0.570493 694.498
0.595662 955.722
0.621942 181.483
0.649382 257.063
0.678032 650.196
0.707946 306.7
0.73918 592.305
0.771792 443.912
0.805842 319.036
0.841395 69.7803
0.878517 411.029
0.917276 667.928
0.957745 779.95
1 299.587
1.04412 54.4152
1.09018 305.669
1.13828 532.66
1.1885 124.095
1.24094 185.742
1.29569 329.821
1.35285 299.058
1.41254 83.5347
1.47486 0
1.53993 226.934
1.60787 236.862
1.6788 0
1.75287 151.155
1.83021 295.854
1.91095 0
1.99526 240.378
2.08329 102.991
2.1752 0
2.27117 246.235
2.37137 108.168
2.476 108.355
2.58523 334.487
2.69929 216.683
2.81838 107.932
2.94273 295.134
3.07256 112.462
3.20812 169.478
3.34965 248.326
3.49744 329.748
3.65174 209.445
3.81285 56.9947
3.98107 73.1474
4.15671 241.731
4.3401 266.881
4.53158 205.494
4.73151 134.841
4.94026 0
5.15822 0
5.3858 0
5.62341 77.0596
5.87151 0
6.13056 60.7219
6.40103 142.297
6.68344 99.6595
6.97831 0
7.28618 76.399
7.60764 77.6643
7.94328 0
8.29373 0
8.65964 126.611
9.0417 42.142
9.44061 184.984
9.85712 0
10.292 74.1925
10.7461 178.905
11.2202 69.6015
11.7152 0
12.2321 103.575
12.7717 115.757
13.3352 0
13.9236 118.934
14.5378 0
15.1792 127.448
15.8489 0
16.5482 0
17.2783 37.599
18.0406 0
18.8365 0
19.6675 0
20.5353 339.811
21.4412 0
22.3872 0
23.3749 0
24.4062 100.386
25.483 119.978
26.6073 0
27.7811 0
29.0068 132.39
30.2866 171.4
31.6228 114.892
33.0179 60.3755
34.4747 183.247
35.9956 93.4271
37.5837 58.0889
39.2419 89.26
40.9732 77.1626
42.7809 96.9779
44.6684 0
46.6391 64.9069
48.6968 0
50.8452 124.822
53.0884 52.9821
55.4307 90.1695
57.8762 235.694
60.4296 131.33
63.0957 103.4
65.8795 0
68.786 0
71.8208 0
74.9894 69.1222
78.2979 132.98
81.7523 0
85.3591 146.636
89.1251 265.251
93.0572 195.808
97.1628 77.401
101.45 222.122
105.925 83.5463
110.599 197.451
115.478 348.231
120.573 163.237
125.893 162.324
131.447 246.844
137.246 482.203
143.301 279.617
149.624 340.228
156.225 307.822
163.117 107.74
170.314 0
177.828 188.051
185.674 571.816
193.865 468.703
202.418 116.742
211.349 50.1168
220.673 257.367
230.409 200.982
240.575 183.449
251.189 0
262.271 244.952
273.842 77.9298
285.924 110.321
298.538 306.522
311.709 0
325.462 0
339.821 0
354.813 0
370.467 0
386.812 0
403.878 0
421.697 0
440.301 0
459.727 0
480.01 0
501.187 0
523.299 0
546.387 0
570.493 0
595.662 0
621.942 0
649.382 0
678.032 0
707.946 0
739.18 0
771.792 0
805.842 0
841.395 0
878.517 0
917.276 0
957.745 0
1000 0
