# First line is two numbers 
#     First value is '2', it means 'histogram mode'
#     Second value is 'Emin' of the histogram
# Other lines : 2 columns. 1) energy 2) probability (nb divided by NbEvent)
# Number of bins = 480
# Content below the first bin: 0
# Content above the last  bin: 0
# Content above the last  bin: 0
# Number of events: 209000
2 1e-06
1.04412e-06 0
1.09018e-06 0
1.13828e-06 0
1.1885e-06 0
1.24094e-06 0
1.29569e-06 0
1.35285e-06 0
1.41254e-06 0
1.47486e-06 0
1.53993e-06 0
1.60787e-06 0
1.6788e-06 0
1.75287e-06 0
1.83021e-06 0
1.91095e-06 0
1.99526e-06 0
2.08329e-06 0
2.1752e-06 0
2.27117e-06 0
2.37137e-06 0
2.476e-06 0
2.58523e-06 0
2.69929e-06 0
2.81838e-06 0
2.94273e-06 0
3.07256e-06 0
3.20812e-06 0
3.34965e-06 0
3.49744e-06 0
3.65174e-06 0
3.81285e-06 0
3.98107e-06 0
4.15671e-06 0
4.3401e-06 0
4.53158e-06 0
4.73151e-06 0
4.94026e-06 0
5.15822e-06 0
5.3858e-06 0
5.62341e-06 0
5.87151e-06 0
6.13056e-06 0
6.40103e-06 0
6.68344e-06 0
6.97831e-06 0
7.28618e-06 0
7.60764e-06 0
7.94328e-06 0
8.29373e-06 0
8.65964e-06 0
9.0417e-06 0
9.44061e-06 0
9.85712e-06 0
1.0292e-05 0
1.07461e-05 0
1.12202e-05 0
1.17152e-05 0
1.22321e-05 0
1.27717e-05 0
1.33352e-05 0
1.39236e-05 0
1.45378e-05 0
1.51792e-05 0
1.58489e-05 0
1.65482e-05 0
1.72783e-05 0
1.80406e-05 0
1.88365e-05 0
1.96675e-05 0
2.05353e-05 0
2.14412e-05 0
2.23872e-05 0
2.33749e-05 0
2.44062e-05 0
2.5483e-05 0
2.66073e-05 0
2.77811e-05 0
2.90068e-05 0
3.02866e-05 0
3.16228e-05 0
3.30179e-05 0
3.44747e-05 0
3.59956e-05 0
3.75837e-05 0
3.92419e-05 0
4.09732e-05 0
4.27809e-05 0
4.46684e-05 0
4.66391e-05 0
4.86968e-05 0
5.08452e-05 0
5.30884e-05 0
5.54307e-05 0
5.78762e-05 0
6.04296e-05 0
6.30957e-05 0
6.58795e-05 0
6.8786e-05 0
7.18208e-05 0
7.49894e-05 0
7.82979e-05 0
8.17523e-05 0
8.53591e-05 0
8.91251e-05 0
9.30572e-05 0
9.71628e-05 0
0.00010145 0
0.000105925 0
0.000110599 0
0.000115478 0
0.000120573 0
0.000125893 0
0.000131447 0
0.000137246 0
0.000143301 0
0.000149624 0
0.000156225 0
0.000163117 0
0.000170314 0
0.000177828 0
0.000185674 0
0.000193865 0
0.000202418 0
0.000211349 0
0.000220673 0
0.000230409 0
0.000240575 0
0.000251189 0
0.000262271 0
0.000273842 0
0.000285924 0
0.000298538 0
0.000311709 0
0.000325462 0
0.000339821 0
0.000354813 0
0.000370467 0
0.000386812 0
0.000403878 0
0.000421697 0
0.000440301 0
0.000459727 0
0.00048001 0
0.000501187 0
0.000523299 0
0.000546387 0
0.000570493 0
0.000595662 0
0.000621942 0
0.000649382 0
0.000678032 0
0.000707946 0
0.00073918 0
0.000771792 0
0.000805842 0
0.000841395 0
0.000878517 0
0.000917276 0
0.000957745 0
0.001 0
0.00104412 0
0.00109018 0
0.00113828 0
0.0011885 0
0.00124094 0
0.00129569 0
0.00135285 0
0.00141254 0
0.00147486 0
0.00153993 0
0.00160787 0
0.0016788 0
0.00175287 0
0.00183021 0
0.00191095 0
0.00199526 0
0.00208329 0
0.0021752 0
0.00227117 0
0.00237137 0
0.002476 0
0.00258523 0
0.00269929 0
0.00281838 0
0.00294273 0
0.00307256 0
0.00320812 0
0.00334965 0
0.00349744 0
0.00365174 0
0.00381285 0
0.00398107 0
0.00415671 0
0.0043401 110.771
0.00453158 0
0.00473151 0
0.00494026 0
0.00515822 0
0.0053858 0
0.00562341 0
0.00587151 0
0.00613056 0
0.00640103 0
0.00668344 0
0.00697831 0
0.00728618 0
0.00760764 0
0.00794328 0
0.00829373 0
0.00865964 0
0.0090417 86.1166
0.00944061 0
0.00985712 78.6605
0.010292 0
0.0107461 62.2651
0.0112202 0
0.0117152 0
0.0122321 0
0.0127717 99.4646
0.0133352 0
0.0139236 0
0.0145378 153.244
0.0151792 117.518
0.0158489 112.476
0.0165482 5.47617
0.0172783 103.799
0.0180406 29.6876
0.0188365 48.3504
0.0196675 52.9357
0.0205353 0
0.0214412 52.5188
0.0223872 286.657
0.0233749 28.9788
0.0244062 126.884
0.025483 245.304
0.0266073 345.034
0.0277811 154.855
0.0290068 185.581
0.0302866 152.862
0.0316228 102.128
0.0330179 215.8
0.0344747 100.741
0.0359956 422.687
0.0375837 454.667
0.0392419 553.356
0.0409732 336.461
0.0427809 676.389
0.0446684 253.045
0.0466391 543.034
0.0486968 838.414
0.0508452 363.167
0.0530884 364.832
0.0554307 225.082
0.0578762 786.764
0.0604296 310.219
0.0630957 1020.78
0.0658795 738.845
0.068786 765.603
0.0718208 705.48
0.0749894 477.866
0.0782979 784.698
0.0817523 1068.63
0.0853591 709.646
0.0891251 1425.95
0.0930572 954.352
0.0971628 1229.12
0.10145 1062.51
0.105925 701.426
0.110599 799.929
0.115478 1024.57
0.120573 1260.42
0.125893 1461.08
0.131447 1697.74
0.137246 1195.49
0.143301 984.056
0.149624 1068.15
0.156225 1243.4
0.163117 1663.33
0.170314 1663.81
0.177828 1500.93
0.185674 1335.59
0.193865 1554.82
0.202418 1142.15
0.211349 1574.35
0.220673 894.752
0.230409 1851.2
0.240575 1275.79
0.251189 1524.77
0.262271 1046.58
0.273842 1601.9
0.285924 1459.13
0.298538 741.98
0.311709 1609.11
0.325462 1300.4
0.339821 1675.33
0.354813 1893.91
0.370467 1846.9
0.386812 1763.51
0.403878 2251.85
0.421697 1575.95
0.440301 2412.09
0.459727 1981.98
0.48001 1826.23
0.501187 1606.59
0.523299 1575.97
0.546387 1983.79
0.570493 1858.82
0.595662 1369.59
0.621942 1179.45
0.649382 922.275
0.678032 1271.1
0.707946 1582.48
0.73918 982.845
0.771792 1501.19
0.805842 1227.32
0.841395 1470.24
0.878517 670.058
0.917276 1439.83
0.957745 1450.52
1 289.982
1.04412 1122.61
1.09018 981.742
1.13828 984.996
1.1885 1217.96
1.24094 987.592
1.29569 1040.83
1.35285 853.116
1.41254 328.754
1.47486 696.306
1.53993 684.98
1.60787 683.435
1.6788 633.999
1.75287 182.736
1.83021 784.167
1.91095 345.579
1.99526 857.564
2.08329 151.644
2.1752 206.647
2.27117 319.433
2.37137 101.521
2.476 666.425
2.58523 344.38
2.69929 208.95
2.81838 423.218
2.94273 125.115
3.07256 534.341
3.20812 434.041
3.34965 189.953
3.49744 362.979
3.65174 362.885
3.81285 404.325
3.98107 581.386
4.15671 253.159
4.3401 257.59
4.53158 284.533
4.73151 26.064
4.94026 92.376
5.15822 100.783
5.3858 228.888
5.62341 161.905
5.87151 460.428
6.13056 210.895
6.40103 62.2589
6.68344 86.1116
6.97831 258.071
7.28618 371.37
7.60764 241.266
7.94328 183.218
8.29373 263.936
8.65964 43.1813
9.0417 83.567
9.44061 84.8315
9.85712 179.829
10.292 0
10.7461 107.433
11.2202 322.662
11.7152 176.976
12.2321 58.4727
12.7717 94.7216
13.3352 498.573
13.9236 118.247
14.5378 69.047
15.1792 0
15.8489 125.934
16.5482 0
17.2783 86.4015
18.0406 71.3891
18.8365 234.795
19.6675 342.462
20.5353 105.288
21.4412 115.918
22.3872 33.0966
23.3749 354.068
24.4062 0
25.483 433.734
26.6073 90.6435
27.7811 346.294
29.0068 184.574
30.2866 246.598
31.6228 341.542
33.0179 55.9344
34.4747 97.5938
35.9956 412.485
37.5837 27.2096
39.2419 422.806
40.9732 428.602
42.7809 111.869
44.6684 0
46.6391 211.173
48.6968 413.503
50.8452 280.946
53.0884 91.3163
55.4307 454.094
57.8762 477.7
60.4296 407.18
63.0957 499.117
65.8795 336.542
68.786 472.936
71.8208 104.221
74.9894 395.938
78.2979 367.358
81.7523 668.098
85.3591 308.234
89.1251 307.482
93.0572 763.184
97.1628 720.183
101.45 431.477
105.925 374.075
110.599 518.437
115.478 413.468
120.573 486.856
125.893 417.408
131.447 470.67
137.246 181.859
143.301 496.882
149.624 389.497
156.225 847.433
163.117 653.858
170.314 424.272
177.828 521.209
185.674 694.114
193.865 1124.4
202.418 1009.36
211.349 1053.45
220.673 751.661
230.409 1428.03
240.575 942.591
251.189 404.922
262.271 795.988
273.842 923.907
285.924 791.557
298.538 768.666
311.709 512.652
325.462 282.859
339.821 193.368
354.813 468.236
370.467 149.13
386.812 0
403.878 202.259
421.697 100.07
440.301 0
459.727 0
480.01 81.6012
501.187 129.903
523.299 0
546.387 0
570.493 0
595.662 0
621.942 0
649.382 0
678.032 0
707.946 0
739.18 0
771.792 0
805.842 0
841.395 0
878.517 0
917.276 0
957.745 0
1000 0
