# First line is two numbers 
#     First value is '2', it means 'histogram mode'
#     Second value is 'Emin' of the histogram
# Other lines : 2 columns. 1) energy 2) probability (nb divided by NbEvent)
# Number of bins = 480
# Content below the first bin: 0
# Content above the last  bin: 0
# Content above the last  bin: 0
# Number of events: 400000
2 1e-06
1.04412e-06 0
1.09018e-06 0
1.13828e-06 0
1.1885e-06 0
1.24094e-06 0
1.29569e-06 0
1.35285e-06 0
1.41254e-06 0
1.47486e-06 0
1.53993e-06 0
1.60787e-06 0
1.6788e-06 0
1.75287e-06 0
1.83021e-06 0
1.91095e-06 0
1.99526e-06 0
2.08329e-06 0
2.1752e-06 0
2.27117e-06 0
2.37137e-06 0
2.476e-06 0
2.58523e-06 0
2.69929e-06 0
2.81838e-06 0
2.94273e-06 0
3.07256e-06 0
3.20812e-06 0
3.34965e-06 0
3.49744e-06 0
3.65174e-06 0
3.81285e-06 0
3.98107e-06 0
4.15671e-06 0
4.3401e-06 0
4.53158e-06 0
4.73151e-06 0
4.94026e-06 0
5.15822e-06 0
5.3858e-06 0
5.62341e-06 0
5.87151e-06 0
6.13056e-06 0
6.40103e-06 0
6.68344e-06 0
6.97831e-06 0
7.28618e-06 0
7.60764e-06 0
7.94328e-06 0
8.29373e-06 0
8.65964e-06 0
9.0417e-06 0
9.44061e-06 0
9.85712e-06 0
1.0292e-05 0
1.07461e-05 0
1.12202e-05 0
1.17152e-05 0
1.22321e-05 0
1.27717e-05 0
1.33352e-05 0
1.39236e-05 0
1.45378e-05 0
1.51792e-05 0
1.58489e-05 0
1.65482e-05 0
1.72783e-05 0
1.80406e-05 0
1.88365e-05 0
1.96675e-05 0
2.05353e-05 0
2.14412e-05 0
2.23872e-05 0
2.33749e-05 0
2.44062e-05 0
2.5483e-05 0
2.66073e-05 0
2.77811e-05 0
2.90068e-05 0
3.02866e-05 0
3.16228e-05 0
3.30179e-05 0
3.44747e-05 0
3.59956e-05 0
3.75837e-05 0
3.92419e-05 0
4.09732e-05 0
4.27809e-05 0
4.46684e-05 0
4.66391e-05 0
4.86968e-05 0
5.08452e-05 0
5.30884e-05 0
5.54307e-05 0
5.78762e-05 0
6.04296e-05 0
6.30957e-05 0
6.58795e-05 0
6.8786e-05 0
7.18208e-05 0
7.49894e-05 0
7.82979e-05 0
8.17523e-05 0
8.53591e-05 0
8.91251e-05 0
9.30572e-05 0
9.71628e-05 0
0.00010145 0
0.000105925 0
0.000110599 0
0.000115478 0
0.000120573 0
0.000125893 0
0.000131447 0
0.000137246 0
0.000143301 0
0.000149624 0
0.000156225 0
0.000163117 0
0.000170314 0
0.000177828 0
0.000185674 0
0.000193865 0
0.000202418 0
0.000211349 0
0.000220673 0
0.000230409 0
0.000240575 0
0.000251189 0
0.000262271 0
0.000273842 0
0.000285924 0
0.000298538 0
0.000311709 0
0.000325462 0
0.000339821 0
0.000354813 0
0.000370467 0
0.000386812 0
0.000403878 0
0.000421697 0
0.000440301 0
0.000459727 0
0.00048001 0
0.000501187 0
0.000523299 0
0.000546387 0
0.000570493 0
0.000595662 0
0.000621942 0
0.000649382 0
0.000678032 0
0.000707946 0
0.00073918 0
0.000771792 0
0.000805842 0
0.000841395 0
0.000878517 0
0.000917276 0
0.000957745 0
0.001 0
0.00104412 0
0.00109018 0
0.00113828 0
0.0011885 0
0.00124094 0
0.00129569 0
0.00135285 0
0.00141254 0
0.00147486 0
0.00153993 0
0.00160787 0
0.0016788 0
0.00175287 0
0.00183021 0
0.00191095 0
0.00199526 0
0.00208329 0
0.0021752 0
0.00227117 0
0.00237137 0
0.002476 0
0.00258523 80.0078
0.00269929 0
0.00281838 0
0.00294273 0
0.00307256 0
0.00320812 0
0.00334965 0
0.00349744 0
0.00365174 0
0.00381285 0
0.00398107 0
0.00415671 0
0.0043401 0
0.00453158 0
0.00473151 0
0.00494026 0
0.00515822 0
0.0053858 0
0.00562341 0
0.00587151 0
0.00613056 0
0.00640103 0
0.00668344 0
0.00697831 0
0.00728618 0
0.00760764 0
0.00794328 0
0.00829373 0
0.00865964 0
0.0090417 0
0.00944061 0
0.00985712 0
0.010292 0
0.0107461 0
0.0112202 0
0.0117152 0
0.0122321 0
0.0127717 0
0.0133352 0
0.0139236 66.4147
0.0145378 0
0.0151792 0
0.0158489 0
0.0165482 0
0.0172783 0
0.0180406 0
0.0188365 0
0.0196675 0
0.0205353 81.4183
0.0214412 0
0.0223872 0
0.0233749 0
0.0244062 0
0.025483 0
0.0266073 0
0.0277811 0
0.0290068 0
0.0302866 0
0.0316228 0
0.0330179 0
0.0344747 0
0.0359956 0
0.0375837 0
0.0392419 0
0.0409732 0
0.0427809 0
0.0446684 46.864
0.0466391 0
0.0486968 0
0.0508452 0
0.0530884 0
0.0554307 0
0.0578762 0
0.0604296 0
0.0630957 0
0.0658795 0
0.068786 110.581
0.0718208 0
0.0749894 0
0.0782979 0
0.0817523 0
0.0853591 180.218
0.0891251 0
0.0930572 0
0.0971628 0
0.10145 0
0.105925 39.3445
0.110599 19.5123
0.115478 0
0.120573 113.898
0.125893 192.956
0.131447 75.0932
0.137246 276.346
0.143301 115.948
0.149624 0
0.156225 0
0.163117 0
0.170314 115.333
0.177828 140.994
0.185674 160.745
0.193865 87.8366
0.202418 103.518
0.211349 0
0.220673 57.7765
0.230409 113.912
0.240575 113.063
0.251189 0
0.262271 148.597
0.273842 247.196
0.285924 417.867
0.298538 72.4216
0.311709 520.802
0.325462 112.548
0.339821 175.349
0.354813 467.796
0.370467 0
0.386812 483.284
0.403878 0
0.421697 149.71
0.440301 177.107
0.459727 280.468
0.48001 267.199
0.501187 149.192
0.523299 61.6227
0.546387 117.14
0.570493 417.331
0.595662 278.506
0.621942 357.635
0.649382 571.348
0.678032 351.571
0.707946 430.239
0.73918 107.926
0.771792 359.295
0.805842 0
0.841395 93.2995
0.878517 311.123
0.917276 403.758
0.957745 561.317
1 228.965
1.04412 375.442
1.09018 113.614
1.13828 118.125
1.1885 467.725
1.24094 14.4542
1.29569 439.85
1.35285 286.882
1.41254 459.388
1.47486 367.351
1.53993 556.079
1.60787 22.6373
1.6788 107.651
1.75287 91.3936
1.83021 274.871
1.91095 0
1.99526 505.447
2.08329 267.306
2.1752 213.958
2.27117 305.35
2.37137 212.104
2.476 152.646
2.58523 74.1111
2.69929 0
2.81838 96.1884
2.94273 173.835
3.07256 458.87
3.20812 85.4862
3.34965 0
3.49744 0
3.65174 79.6586
3.81285 209.098
3.98107 256.554
4.15671 0
4.3401 0
4.53158 120.581
4.73151 58.6959
4.94026 77.3474
5.15822 204.991
5.3858 106.044
5.62341 165.211
5.87151 64.5062
6.13056 0
6.40103 0
6.68344 24.5855
6.97831 0
7.28618 349.637
7.60764 35.0605
7.94328 0
8.29373 0
8.65964 111.774
9.0417 116.525
9.44061 113.459
9.85712 8.05661
10.292 112.681
10.7461 92.4305
11.2202 56.5795
11.7152 177.794
12.2321 86.6031
12.7717 105.784
13.3352 155.597
13.9236 0
14.5378 85.9103
15.1792 229.69
15.8489 112.734
16.5482 109.915
17.2783 0
18.0406 20.0319
18.8365 208.307
19.6675 79.7033
20.5353 192.642
21.4412 43.4954
22.3872 139.692
23.3749 185.388
24.4062 17.7819
25.483 0
26.6073 0
27.7811 249.515
29.0068 0
30.2866 83.0485
31.6228 230.281
33.0179 364.261
34.4747 96.5263
35.9956 208.811
37.5837 219.214
39.2419 190.812
40.9732 491.296
42.7809 163.493
44.6684 308.621
46.6391 254.888
48.6968 346.863
50.8452 107.051
53.0884 248.161
55.4307 161.291
57.8762 149.487
60.4296 273.988
63.0957 247.575
65.8795 229.629
68.786 332.263
71.8208 160.519
74.9894 438.308
78.2979 306.213
81.7523 318.498
85.3591 326.996
89.1251 144.279
93.0572 368.067
97.1628 418.545
101.45 458.999
105.925 427.788
110.599 515.152
115.478 451.413
120.573 293.93
125.893 359.718
131.447 342.488
137.246 392.037
143.301 461.935
149.624 307.678
156.225 340.242
163.117 90.4353
170.314 801.431
177.828 607.648
185.674 790.361
193.865 82.8267
202.418 856.267
211.349 516.539
220.673 268.7
230.409 163.314
240.575 95.1701
251.189 219.488
262.271 260.361
273.842 187.875
285.924 184.237
298.538 0
311.709 171.267
325.462 106.087
339.821 116.971
354.813 49.4999
370.467 81.9691
386.812 171.645
403.878 22.6392
421.697 0
440.301 0
459.727 0
480.01 115.7
501.187 0
523.299 0
546.387 0
570.493 78.4128
595.662 0
621.942 0
649.382 0
678.032 0
707.946 0
739.18 0
771.792 0
805.842 0
841.395 73.9296
878.517 0
917.276 0
957.745 0
1000 0
