# First line is two numbers 
#     First value is '2', it means 'histogram mode'
#     Second value is 'Emin' of the histogram
# Other lines : 2 columns. 1) energy 2) probability (nb divided by NbEvent)
# Number of bins = 480
# Content below the first bin: 0
# Content above the last  bin: 0
# Content above the last  bin: 0
# Number of events: 400000
2 1e-06
1.04412e-06 0
1.09018e-06 0
1.13828e-06 0
1.1885e-06 0
1.24094e-06 0
1.29569e-06 0
1.35285e-06 0
1.41254e-06 0
1.47486e-06 0
1.53993e-06 0
1.60787e-06 0
1.6788e-06 0
1.75287e-06 0
1.83021e-06 0
1.91095e-06 0
1.99526e-06 0
2.08329e-06 0
2.1752e-06 0
2.27117e-06 0
2.37137e-06 0
2.476e-06 0
2.58523e-06 0
2.69929e-06 0
2.81838e-06 0
2.94273e-06 0
3.07256e-06 0
3.20812e-06 0
3.34965e-06 0
3.49744e-06 0
3.65174e-06 0
3.81285e-06 0
3.98107e-06 0
4.15671e-06 0
4.3401e-06 0
4.53158e-06 0
4.73151e-06 0
4.94026e-06 0
5.15822e-06 0
5.3858e-06 0
5.62341e-06 0
5.87151e-06 0
6.13056e-06 0
6.40103e-06 0
6.68344e-06 0
6.97831e-06 0
7.28618e-06 0
7.60764e-06 0
7.94328e-06 0
8.29373e-06 0
8.65964e-06 0
9.0417e-06 0
9.44061e-06 0
9.85712e-06 0
1.0292e-05 0
1.07461e-05 0
1.12202e-05 0
1.17152e-05 0
1.22321e-05 0
1.27717e-05 0
1.33352e-05 0
1.39236e-05 0
1.45378e-05 0
1.51792e-05 0
1.58489e-05 0
1.65482e-05 0
1.72783e-05 0
1.80406e-05 0
1.88365e-05 0
1.96675e-05 0
2.05353e-05 0
2.14412e-05 0
2.23872e-05 0
2.33749e-05 0
2.44062e-05 0
2.5483e-05 0
2.66073e-05 0
2.77811e-05 0
2.90068e-05 0
3.02866e-05 0
3.16228e-05 0
3.30179e-05 0
3.44747e-05 0
3.59956e-05 0
3.75837e-05 0
3.92419e-05 0
4.09732e-05 0
4.27809e-05 0
4.46684e-05 0
4.66391e-05 0
4.86968e-05 0
5.08452e-05 0
5.30884e-05 0
5.54307e-05 0
5.78762e-05 0
6.04296e-05 0
6.30957e-05 0
6.58795e-05 0
6.8786e-05 0
7.18208e-05 0
7.49894e-05 0
7.82979e-05 0
8.17523e-05 0
8.53591e-05 0
8.91251e-05 0
9.30572e-05 0
9.71628e-05 0
0.00010145 0
0.000105925 0
0.000110599 0
0.000115478 0
0.000120573 0
0.000125893 0
0.000131447 0
0.000137246 0
0.000143301 0
0.000149624 0
0.000156225 0
0.000163117 0
0.000170314 0
0.000177828 0
0.000185674 0
0.000193865 0
0.000202418 0
0.000211349 0
0.000220673 0
0.000230409 0
0.000240575 0
0.000251189 0
0.000262271 0
0.000273842 0
0.000285924 0
0.000298538 0
0.000311709 0
0.000325462 0
0.000339821 0
0.000354813 0
0.000370467 0
0.000386812 0
0.000403878 0
0.000421697 0
0.000440301 0
0.000459727 0
0.00048001 0
0.000501187 0
0.000523299 0
0.000546387 0
0.000570493 0
0.000595662 0
0.000621942 0
0.000649382 0
0.000678032 0
0.000707946 0
0.00073918 0
0.000771792 0
0.000805842 0
0.000841395 0
0.000878517 0
0.000917276 0
0.000957745 0
0.001 0
0.00104412 0
0.00109018 0
0.00113828 0
0.0011885 0
0.00124094 0
0.00129569 0
0.00135285 0
0.00141254 0
0.00147486 0
0.00153993 0
0.00160787 0
0.0016788 0
0.00175287 0
0.00183021 0
0.00191095 0
0.00199526 0
0.00208329 0
0.0021752 0
0.00227117 0
0.00237137 0
0.002476 0
0.00258523 0
0.00269929 0
0.00281838 0
0.00294273 0
0.00307256 0
0.00320812 0
0.00334965 0
0.00349744 0
0.00365174 0
0.00381285 0
0.00398107 0
0.00415671 0
0.0043401 7.81684
0.00453158 79.9656
0.00473151 0
0.00494026 0
0.00515822 0
0.0053858 102.007
0.00562341 0
0.00587151 0
0.00613056 0
0.00640103 0
0.00668344 0
0.00697831 0
0.00728618 0
0.00760764 0
0.00794328 0
0.00829373 0
0.00865964 0
0.0090417 0
0.00944061 0
0.00985712 0
0.010292 0
0.0107461 0
0.0112202 0
0.0117152 0
0.0122321 0
0.0127717 0
0.0133352 0
0.0139236 0
0.0145378 0
0.0151792 0
0.0158489 0
0.0165482 0
0.0172783 0
0.0180406 0
0.0188365 0
0.0196675 0
0.0205353 0
0.0214412 0
0.0223872 0
0.0233749 0
0.0244062 0
0.025483 0
0.0266073 59.5001
0.0277811 0
0.0290068 0
0.0302866 0
0.0316228 0
0.0330179 0
0.0344747 0
0.0359956 0
0.0375837 0
0.0392419 61.3466
0.0409732 0
0.0427809 0
0.0446684 0
0.0466391 0
0.0486968 0
0.0508452 0
0.0530884 0
0.0554307 0
0.0578762 0
0.0604296 95.0462
0.0630957 0
0.0658795 0
0.068786 0
0.0718208 0
0.0749894 112.733
0.0782979 0
0.0817523 53.4288
0.0853591 112.031
0.0891251 0
0.0930572 0
0.0971628 0
0.10145 0
0.105925 0
0.110599 0
0.115478 0
0.120573 0
0.125893 0
0.131447 94.7252
0.137246 317.417
0.143301 85.1147
0.149624 0
0.156225 0
0.163117 0
0.170314 124.195
0.177828 0
0.185674 213.14
0.193865 0
0.202418 0
0.211349 102.812
0.220673 327.579
0.230409 85.6469
0.240575 294.639
0.251189 78.8627
0.262271 258.337
0.273842 439.17
0.285924 111.007
0.298538 168.965
0.311709 432.67
0.325462 85.2957
0.339821 89.9276
0.354813 381.972
0.370467 206.826
0.386812 550.765
0.403878 67.2501
0.421697 0
0.440301 47.6547
0.459727 198.437
0.48001 246.674
0.501187 389.555
0.523299 0
0.546387 116.169
0.570493 335.149
0.595662 231.002
0.621942 895.543
0.649382 479.519
0.678032 458.82
0.707946 303.789
0.73918 656.834
0.771792 843.951
0.805842 409.764
0.841395 13.9449
0.878517 430.104
0.917276 109.251
0.957745 19.0826
1 181.581
1.04412 280.915
1.09018 586
1.13828 249.078
1.1885 523.902
1.24094 97.2137
1.29569 516.81
1.35285 477
1.41254 276.863
1.47486 92.9617
1.53993 269.622
1.60787 403.235
1.6788 374.662
1.75287 228.639
1.83021 147.798
1.91095 294.848
1.99526 234.804
2.08329 84.0087
2.1752 90.6737
2.27117 106.967
2.37137 161.54
2.476 187.301
2.58523 255.101
2.69929 163.129
2.81838 0
2.94273 0
3.07256 207.564
3.20812 60.5646
3.34965 159.279
3.49744 175.05
3.65174 161.889
3.81285 0
3.98107 202.324
4.15671 72.0549
4.3401 0
4.53158 43.5766
4.73151 30.3472
4.94026 133.056
5.15822 115.146
5.3858 237.144
5.62341 199.243
5.87151 114.947
6.13056 0
6.40103 159.751
6.68344 108.42
6.97831 79.4458
7.28618 118.31
7.60764 117.996
7.94328 153.059
8.29373 77.1607
8.65964 0
9.0417 0
9.44061 0
9.85712 0
10.292 0
10.7461 0
11.2202 0
11.7152 0
12.2321 115.759
12.7717 46.3329
13.3352 92.4504
13.9236 0
14.5378 0
15.1792 112.585
15.8489 0
16.5482 0
17.2783 0
18.0406 189.506
18.8365 111.746
19.6675 74.1474
20.5353 81.5552
21.4412 112.31
22.3872 213.939
23.3749 359.922
24.4062 118.068
25.483 71.741
26.6073 0
27.7811 90.295
29.0068 110.191
30.2866 0
31.6228 158.206
33.0179 0
34.4747 90.0894
35.9956 315.455
37.5837 0
39.2419 102.93
40.9732 132.195
42.7809 90.3075
44.6684 463.453
46.6391 174.495
48.6968 159.585
50.8452 376.793
53.0884 292.749
55.4307 181.733
57.8762 159.03
60.4296 100.505
63.0957 658.608
65.8795 170.784
68.786 102.362
71.8208 273.247
74.9894 88.5388
78.2979 166.473
81.7523 185.89
85.3591 221.79
89.1251 642.224
93.0572 357.935
97.1628 164.709
101.45 475.933
105.925 561.131
110.599 577.559
115.478 437.818
120.573 735.932
125.893 291.348
131.447 216.889
137.246 336.954
143.301 206.533
149.624 365.028
156.225 541.102
163.117 608.927
170.314 374.517
177.828 414.667
185.674 354.883
193.865 337.897
202.418 975.757
211.349 195.393
220.673 698.701
230.409 430.735
240.575 444.235
251.189 148.222
262.271 371.508
273.842 252.037
285.924 100.71
298.538 114.104
311.709 184.076
325.462 172.719
339.821 99.0821
354.813 76.9981
370.467 0
386.812 90.0172
403.878 0
421.697 54.6807
440.301 0
459.727 114.623
480.01 84.0883
501.187 0
523.299 0
546.387 0
570.493 0
595.662 0
621.942 0
649.382 0
678.032 0
707.946 0
739.18 0
771.792 0
805.842 0
841.395 0
878.517 0
917.276 0
957.745 0
1000 0
