# First line is two numbers 
#     First value is '2', it means 'histogram mode'
#     Second value is 'Emin' of the histogram
# Other lines : 2 columns. 1) energy 2) probability (nb divided by NbEvent)
# Number of bins = 480
# Content below the first bin: 0
# Content above the last  bin: 0
# Content above the last  bin: 0
# Number of events: 400000
2 1e-06
1.04412e-06 0
1.09018e-06 0
1.13828e-06 0
1.1885e-06 0
1.24094e-06 0
1.29569e-06 0
1.35285e-06 0
1.41254e-06 0
1.47486e-06 0
1.53993e-06 0
1.60787e-06 0
1.6788e-06 0
1.75287e-06 0
1.83021e-06 0
1.91095e-06 0
1.99526e-06 0
2.08329e-06 0
2.1752e-06 0
2.27117e-06 0
2.37137e-06 0
2.476e-06 0
2.58523e-06 0
2.69929e-06 0
2.81838e-06 0
2.94273e-06 0
3.07256e-06 0
3.20812e-06 0
3.34965e-06 0
3.49744e-06 0
3.65174e-06 0
3.81285e-06 0
3.98107e-06 0
4.15671e-06 0
4.3401e-06 0
4.53158e-06 0
4.73151e-06 0
4.94026e-06 0
5.15822e-06 0
5.3858e-06 0
5.62341e-06 0
5.87151e-06 0
6.13056e-06 0
6.40103e-06 0
6.68344e-06 0
6.97831e-06 0
7.28618e-06 0
7.60764e-06 0
7.94328e-06 0
8.29373e-06 0
8.65964e-06 0
9.0417e-06 0
9.44061e-06 0
9.85712e-06 0
1.0292e-05 0
1.07461e-05 0
1.12202e-05 0
1.17152e-05 0
1.22321e-05 0
1.27717e-05 0
1.33352e-05 0
1.39236e-05 0
1.45378e-05 0
1.51792e-05 0
1.58489e-05 0
1.65482e-05 0
1.72783e-05 0
1.80406e-05 0
1.88365e-05 0
1.96675e-05 0
2.05353e-05 0
2.14412e-05 0
2.23872e-05 0
2.33749e-05 0
2.44062e-05 0
2.5483e-05 0
2.66073e-05 0
2.77811e-05 0
2.90068e-05 0
3.02866e-05 0
3.16228e-05 0
3.30179e-05 0
3.44747e-05 0
3.59956e-05 0
3.75837e-05 0
3.92419e-05 0
4.09732e-05 0
4.27809e-05 0
4.46684e-05 0
4.66391e-05 0
4.86968e-05 0
5.08452e-05 0
5.30884e-05 0
5.54307e-05 0
5.78762e-05 0
6.04296e-05 0
6.30957e-05 0
6.58795e-05 0
6.8786e-05 0
7.18208e-05 0
7.49894e-05 0
7.82979e-05 0
8.17523e-05 0
8.53591e-05 0
8.91251e-05 0
9.30572e-05 0
9.71628e-05 0
0.00010145 0
0.000105925 0
0.000110599 0
0.000115478 0
0.000120573 0
0.000125893 0
0.000131447 0
0.000137246 0
0.000143301 0
0.000149624 0
0.000156225 0
0.000163117 0
0.000170314 0
0.000177828 0
0.000185674 0
0.000193865 0
0.000202418 0
0.000211349 0
0.000220673 0
0.000230409 0
0.000240575 0
0.000251189 0
0.000262271 0
0.000273842 0
0.000285924 0
0.000298538 0
0.000311709 0
0.000325462 0
0.000339821 0
0.000354813 0
0.000370467 0
0.000386812 0
0.000403878 0
0.000421697 0
0.000440301 0
0.000459727 0
0.00048001 0
0.000501187 0
0.000523299 0
0.000546387 0
0.000570493 0
0.000595662 0
0.000621942 0
0.000649382 0
0.000678032 0
0.000707946 0
0.00073918 0
0.000771792 0
0.000805842 0
0.000841395 0
0.000878517 0
0.000917276 0
0.000957745 0
0.001 0
0.00104412 0
0.00109018 0
0.00113828 0
0.0011885 0
0.00124094 0
0.00129569 0
0.00135285 0
0.00141254 0
0.00147486 0
0.00153993 0
0.00160787 0
0.0016788 0
0.00175287 0
0.00183021 0
0.00191095 0
0.00199526 0
0.00208329 0
0.0021752 0
0.00227117 0
0.00237137 0
0.002476 0
0.00258523 0
0.00269929 0
0.00281838 0
0.00294273 0
0.00307256 0
0.00320812 0
0.00334965 0
0.00349744 0
0.00365174 0
0.00381285 0
0.00398107 0
0.00415671 0
0.0043401 0
0.00453158 0
0.00473151 0
0.00494026 0
0.00515822 0
0.0053858 0
0.00562341 0
0.00587151 0
0.00613056 0
0.00640103 0
0.00668344 119.599
0.00697831 0
0.00728618 0
0.00760764 0
0.00794328 0
0.00829373 0
0.00865964 0
0.0090417 0
0.00944061 0
0.00985712 0
0.010292 0
0.0107461 0
0.0112202 0
0.0117152 0
0.0122321 0
0.0127717 0
0.0133352 0
0.0139236 0
0.0145378 0
0.0151792 0
0.0158489 0
0.0165482 0
0.0172783 0
0.0180406 0
0.0188365 0
0.0196675 0
0.0205353 0
0.0214412 0
0.0223872 0
0.0233749 62.7662
0.0244062 0
0.025483 0
0.0266073 0
0.0277811 0
0.0290068 0
0.0302866 0
0.0316228 0
0.0330179 0
0.0344747 0
0.0359956 0
0.0375837 0
0.0392419 0
0.0409732 0
0.0427809 0
0.0446684 0
0.0466391 0
0.0486968 52.5286
0.0508452 0
0.0530884 0
0.0554307 0
0.0578762 0
0.0604296 0
0.0630957 0
0.0658795 0
0.068786 107.05
0.0718208 0
0.0749894 70.6771
0.0782979 0
0.0817523 0
0.0853591 0
0.0891251 0
0.0930572 0
0.0971628 186.476
0.10145 0
0.105925 46.9633
0.110599 81.1846
0.115478 0
0.120573 98.5095
0.125893 290.991
0.131447 86.543
0.137246 109.637
0.143301 74.4051
0.149624 109.585
0.156225 0
0.163117 227.131
0.170314 487.614
0.177828 0
0.185674 0
0.193865 0
0.202418 0
0.211349 0
0.220673 109.802
0.230409 103.785
0.240575 0
0.251189 218.981
0.262271 0
0.273842 88.1376
0.285924 141.789
0.298538 90.9745
0.311709 596.107
0.325462 162.398
0.339821 119.926
0.354813 397.869
0.370467 371.878
0.386812 388.209
0.403878 79.6616
0.421697 113.46
0.440301 58.4122
0.459727 364.46
0.48001 427.2
0.501187 264.918
0.523299 60.3982
0.546387 515.794
0.570493 301.506
0.595662 176.366
0.621942 261.608
0.649382 549.12
0.678032 410.191
0.707946 476.523
0.73918 106.597
0.771792 182.225
0.805842 79.6138
0.841395 296.753
0.878517 82.0131
0.917276 251.978
0.957745 441.901
1 137.953
1.04412 269.745
1.09018 102.775
1.13828 346.912
1.1885 413.154
1.24094 316.067
1.29569 193.695
1.35285 127.086
1.41254 157.824
1.47486 446.432
1.53993 172.669
1.60787 326.368
1.6788 214.386
1.75287 203.304
1.83021 270.648
1.91095 92.8267
1.99526 112.949
2.08329 101.826
2.1752 184.062
2.27117 243.857
2.37137 277.151
2.476 98.1974
2.58523 113.966
2.69929 189.126
2.81838 285.281
2.94273 27.5582
3.07256 110.441
3.20812 236.819
3.34965 25.8779
3.49744 165.305
3.65174 216.379
3.81285 0
3.98107 44.5125
4.15671 104.099
4.3401 368.118
4.53158 97.5371
4.73151 191.92
4.94026 120.329
5.15822 141.218
5.3858 341.041
5.62341 114.022
5.87151 112.522
6.13056 73.7762
6.40103 0
6.68344 65.6232
6.97831 0
7.28618 139.693
7.60764 89.7161
7.94328 0
8.29373 3.04433
8.65964 0
9.0417 0
9.44061 0
9.85712 52.2601
10.292 115.907
10.7461 109.382
11.2202 0
11.7152 0
12.2321 77.2252
12.7717 0
13.3352 135.358
13.9236 0
14.5378 0
15.1792 0
15.8489 52.5119
16.5482 162.34
17.2783 41.8886
18.0406 0
18.8365 18.6444
19.6675 162.588
20.5353 0
21.4412 0
22.3872 0
23.3749 215.331
24.4062 0
25.483 214.061
26.6073 0
27.7811 230.902
29.0068 448.983
30.2866 174.063
31.6228 361.543
33.0179 292.272
34.4747 193.667
35.9956 291.673
37.5837 257.345
39.2419 168.612
40.9732 354.436
42.7809 490.648
44.6684 259.903
46.6391 267.614
48.6968 642.26
50.8452 107.084
53.0884 174.369
55.4307 248.65
57.8762 316.498
60.4296 192.194
63.0957 170.528
65.8795 0
68.786 347.507
71.8208 241.544
74.9894 249.584
78.2979 362.45
81.7523 301.204
85.3591 210.888
89.1251 669.917
93.0572 467.497
97.1628 404.204
101.45 600.919
105.925 376.072
110.599 226.796
115.478 600.447
120.573 349.56
125.893 273.948
131.447 404.602
137.246 464.592
143.301 364.95
149.624 404.066
156.225 291.706
163.117 535.785
170.314 249.352
177.828 165.256
185.674 220.398
193.865 784.736
202.418 413.421
211.349 408.267
220.673 465.227
230.409 420.043
240.575 460.182
251.189 146.198
262.271 443.832
273.842 267.901
285.924 304.824
298.538 0
311.709 130.399
325.462 56.9977
339.821 100.657
354.813 168.649
370.467 79.845
386.812 75.7473
403.878 0
421.697 90.279
440.301 82.2482
459.727 0
480.01 82.8019
501.187 0
523.299 0
546.387 0
570.493 0
595.662 0
621.942 0
649.382 0
678.032 0
707.946 0
739.18 0
771.792 0
805.842 0
841.395 0
878.517 0
917.276 0
957.745 0
1000 0
