# First line is two numbers 
#     First value is '2', it means 'histogram mode'
#     Second value is 'Emin' of the histogram
# Other lines : 2 columns. 1) energy 2) probability (nb divided by NbEvent)
# Number of bins = 480
# Content below the first bin: 0
# Content above the last  bin: 0
# Content above the last  bin: 0
# Number of events: 400000
2 1e-06
1.04412e-06 0
1.09018e-06 0
1.13828e-06 0
1.1885e-06 0
1.24094e-06 0
1.29569e-06 0
1.35285e-06 0
1.41254e-06 0
1.47486e-06 0
1.53993e-06 0
1.60787e-06 0
1.6788e-06 0
1.75287e-06 0
1.83021e-06 0
1.91095e-06 0
1.99526e-06 0
2.08329e-06 0
2.1752e-06 0
2.27117e-06 0
2.37137e-06 0
2.476e-06 0
2.58523e-06 0
2.69929e-06 0
2.81838e-06 0
2.94273e-06 0
3.07256e-06 0
3.20812e-06 0
3.34965e-06 0
3.49744e-06 0
3.65174e-06 0
3.81285e-06 0
3.98107e-06 0
4.15671e-06 0
4.3401e-06 0
4.53158e-06 0
4.73151e-06 0
4.94026e-06 0
5.15822e-06 0
5.3858e-06 0
5.62341e-06 0
5.87151e-06 0
6.13056e-06 0
6.40103e-06 0
6.68344e-06 0
6.97831e-06 0
7.28618e-06 0
7.60764e-06 0
7.94328e-06 0
8.29373e-06 0
8.65964e-06 0
9.0417e-06 0
9.44061e-06 0
9.85712e-06 0
1.0292e-05 0
1.07461e-05 0
1.12202e-05 0
1.17152e-05 0
1.22321e-05 0
1.27717e-05 0
1.33352e-05 0
1.39236e-05 0
1.45378e-05 0
1.51792e-05 0
1.58489e-05 0
1.65482e-05 0
1.72783e-05 0
1.80406e-05 0
1.88365e-05 0
1.96675e-05 0
2.05353e-05 0
2.14412e-05 0
2.23872e-05 0
2.33749e-05 0
2.44062e-05 0
2.5483e-05 0
2.66073e-05 0
2.77811e-05 0
2.90068e-05 0
3.02866e-05 0
3.16228e-05 0
3.30179e-05 0
3.44747e-05 0
3.59956e-05 0
3.75837e-05 0
3.92419e-05 0
4.09732e-05 0
4.27809e-05 0
4.46684e-05 0
4.66391e-05 0
4.86968e-05 0
5.08452e-05 0
5.30884e-05 0
5.54307e-05 0
5.78762e-05 0
6.04296e-05 0
6.30957e-05 0
6.58795e-05 0
6.8786e-05 0
7.18208e-05 0
7.49894e-05 0
7.82979e-05 0
8.17523e-05 0
8.53591e-05 0
8.91251e-05 0
9.30572e-05 0
9.71628e-05 0
0.00010145 0
0.000105925 0
0.000110599 0
0.000115478 0
0.000120573 0
0.000125893 0
0.000131447 0
0.000137246 0
0.000143301 0
0.000149624 0
0.000156225 0
0.000163117 0
0.000170314 0
0.000177828 0
0.000185674 0
0.000193865 0
0.000202418 0
0.000211349 0
0.000220673 0
0.000230409 0
0.000240575 0
0.000251189 0
0.000262271 0
0.000273842 0
0.000285924 0
0.000298538 0
0.000311709 0
0.000325462 0
0.000339821 0
0.000354813 0
0.000370467 0
0.000386812 0
0.000403878 0
0.000421697 0
0.000440301 0
0.000459727 0
0.00048001 0
0.000501187 0
0.000523299 0
0.000546387 0
0.000570493 0
0.000595662 0
0.000621942 0
0.000649382 0
0.000678032 0
0.000707946 0
0.00073918 0
0.000771792 0
0.000805842 0
0.000841395 0
0.000878517 0
0.000917276 0
0.000957745 0
0.001 0
0.00104412 0
0.00109018 0
0.00113828 0
0.0011885 0
0.00124094 0
0.00129569 0
0.00135285 0
0.00141254 0
0.00147486 0
0.00153993 0
0.00160787 0
0.0016788 0
0.00175287 0
0.00183021 0
0.00191095 0
0.00199526 0
0.00208329 0
0.0021752 0
0.00227117 0
0.00237137 0
0.002476 0
0.00258523 0
0.00269929 0
0.00281838 0
0.00294273 0
0.00307256 0
0.00320812 0
0.00334965 0
0.00349744 0
0.00365174 0
0.00381285 0
0.00398107 0
0.00415671 0
0.0043401 0
0.00453158 0
0.00473151 0
0.00494026 0
0.00515822 41.7362
0.0053858 0
0.00562341 0
0.00587151 0
0.00613056 0
0.00640103 0
0.00668344 0
0.00697831 93.6347
0.00728618 0
0.00760764 0
0.00794328 0
0.00829373 0
0.00865964 0
0.0090417 0
0.00944061 0
0.00985712 0
0.010292 0
0.0107461 0
0.0112202 0
0.0117152 0
0.0122321 0
0.0127717 0
0.0133352 0
0.0139236 0
0.0145378 0
0.0151792 0
0.0158489 0
0.0165482 0
0.0172783 0
0.0180406 0
0.0188365 0
0.0196675 0
0.0205353 0
0.0214412 0
0.0223872 107.165
0.0233749 0
0.0244062 0
0.025483 64.3732
0.0266073 0
0.0277811 0
0.0290068 0
0.0302866 0
0.0316228 0
0.0330179 0
0.0344747 0
0.0359956 0
0.0375837 82.0331
0.0392419 0
0.0409732 94.8524
0.0427809 0
0.0446684 0
0.0466391 0
0.0486968 0
0.0508452 0
0.0530884 56.7451
0.0554307 98.3718
0.0578762 0
0.0604296 68.6802
0.0630957 0
0.0658795 0
0.068786 0
0.0718208 0
0.0749894 0
0.0782979 0
0.0817523 156.167
0.0853591 35.3637
0.0891251 0
0.0930572 110.786
0.0971628 116.582
0.10145 0
0.105925 0
0.110599 19.9584
0.115478 93.7598
0.120573 0
0.125893 104.839
0.131447 0
0.137246 147.762
0.143301 0
0.149624 0
0.156225 100.797
0.163117 0
0.170314 324.133
0.177828 139.319
0.185674 185.21
0.193865 0
0.202418 0
0.211349 19.8863
0.220673 252.42
0.230409 0
0.240575 45.574
0.251189 138.741
0.262271 104.918
0.273842 161.767
0.285924 0
0.298538 0
0.311709 274.658
0.325462 204.476
0.339821 386.053
0.354813 597.426
0.370467 159.075
0.386812 343.825
0.403878 0
0.421697 128.064
0.440301 111.64
0.459727 225.255
0.48001 311.087
0.501187 356.731
0.523299 332.956
0.546387 165.194
0.570493 375.719
0.595662 445.322
0.621942 404.222
0.649382 744.571
0.678032 588.518
0.707946 479.167
0.73918 90.674
0.771792 344.936
0.805842 364.778
0.841395 179.717
0.878517 190.994
0.917276 96.868
0.957745 540.362
1 89.2642
1.04412 113.717
1.09018 256.107
1.13828 44.0549
1.1885 465.351
1.24094 142.803
1.29569 279.427
1.35285 576.144
1.41254 266.05
1.47486 392.534
1.53993 52.1386
1.60787 275.879
1.6788 412.616
1.75287 341.338
1.83021 242.605
1.91095 221.034
1.99526 0
2.08329 431.929
2.1752 481.402
2.27117 0
2.37137 208.044
2.476 0
2.58523 162.786
2.69929 0
2.81838 0
2.94273 124.526
3.07256 0
3.20812 220.001
3.34965 82.4411
3.49744 150.366
3.65174 101.588
3.81285 260.642
3.98107 0
4.15671 0
4.3401 378.201
4.53158 0
4.73151 113.497
4.94026 210.81
5.15822 193.124
5.3858 0
5.62341 64.5133
5.87151 96.7003
6.13056 165.112
6.40103 0
6.68344 122.504
6.97831 188.967
7.28618 230.326
7.60764 119.878
7.94328 100.63
8.29373 114.592
8.65964 117.352
9.0417 104.504
9.44061 0
9.85712 168.789
10.292 259.364
10.7461 327.92
11.2202 0
11.7152 121.797
12.2321 155.374
12.7717 0
13.3352 112.59
13.9236 0
14.5378 42.3212
15.1792 104.699
15.8489 27.3353
16.5482 0
17.2783 215.066
18.0406 277.287
18.8365 226.286
19.6675 12.2788
20.5353 109.471
21.4412 115.013
22.3872 188.039
23.3749 151.295
24.4062 137.357
25.483 0
26.6073 242.412
27.7811 71.6623
29.0068 63.007
30.2866 0
31.6228 89.9377
33.0179 153.769
34.4747 253.818
35.9956 169.692
37.5837 216.88
39.2419 169.911
40.9732 181.086
42.7809 186.252
44.6684 258.638
46.6391 56.2978
48.6968 363.215
50.8452 138.754
53.0884 179.873
55.4307 205.228
57.8762 179.736
60.4296 0
63.0957 103.537
65.8795 103.013
68.786 260.792
71.8208 0
74.9894 174.132
78.2979 171.66
81.7523 0
85.3591 243.181
89.1251 80.1634
93.0572 356.172
97.1628 524.817
101.45 259.562
105.925 420.866
110.599 147.766
115.478 327.479
120.573 638.772
125.893 509.911
131.447 79.1752
137.246 392.29
143.301 318.797
149.624 656.296
156.225 329.132
163.117 178.472
170.314 213.994
177.828 374.564
185.674 629.924
193.865 434.51
202.418 630.011
211.349 692.335
220.673 75.7976
230.409 659.725
240.575 323.7
251.189 427.161
262.271 133.145
273.842 0
285.924 95.201
298.538 0
311.709 0
325.462 0
339.821 64.4998
354.813 74.574
370.467 0
386.812 110.444
403.878 0
421.697 0
440.301 78.7292
459.727 0
480.01 46.383
501.187 0
523.299 45.6472
546.387 0
570.493 0
595.662 0
621.942 0
649.382 0
678.032 0
707.946 0
739.18 0
771.792 0
805.842 0
841.395 0
878.517 0
917.276 0
957.745 0
1000 0
