# First line is two numbers 
#     First value is '2', it means 'histogram mode'
#     Second value is 'Emin' of the histogram
# Other lines : 2 columns. 1) energy 2) probability (nb divided by NbEvent)
# Number of bins = 480
# Content below the first bin: 0
# Content above the last  bin: 0
# Content above the last  bin: 0
# Number of events: 209000
2 1e-06
1.04412e-06 0
1.09018e-06 0
1.13828e-06 0
1.1885e-06 0
1.24094e-06 0
1.29569e-06 0
1.35285e-06 0
1.41254e-06 0
1.47486e-06 0
1.53993e-06 0
1.60787e-06 0
1.6788e-06 0
1.75287e-06 0
1.83021e-06 0
1.91095e-06 0
1.99526e-06 0
2.08329e-06 0
2.1752e-06 0
2.27117e-06 0
2.37137e-06 0
2.476e-06 0
2.58523e-06 0
2.69929e-06 0
2.81838e-06 0
2.94273e-06 0
3.07256e-06 0
3.20812e-06 0
3.34965e-06 0
3.49744e-06 0
3.65174e-06 0
3.81285e-06 0
3.98107e-06 0
4.15671e-06 0
4.3401e-06 0
4.53158e-06 0
4.73151e-06 0
4.94026e-06 0
5.15822e-06 0
5.3858e-06 0
5.62341e-06 0
5.87151e-06 0
6.13056e-06 0
6.40103e-06 0
6.68344e-06 0
6.97831e-06 0
7.28618e-06 0
7.60764e-06 0
7.94328e-06 0
8.29373e-06 0
8.65964e-06 0
9.0417e-06 0
9.44061e-06 0
9.85712e-06 0
1.0292e-05 0
1.07461e-05 0
1.12202e-05 0
1.17152e-05 0
1.22321e-05 0
1.27717e-05 0
1.33352e-05 0
1.39236e-05 0
1.45378e-05 0
1.51792e-05 0
1.58489e-05 0
1.65482e-05 0
1.72783e-05 0
1.80406e-05 0
1.88365e-05 0
1.96675e-05 0
2.05353e-05 0
2.14412e-05 0
2.23872e-05 0
2.33749e-05 0
2.44062e-05 0
2.5483e-05 0
2.66073e-05 0
2.77811e-05 0
2.90068e-05 0
3.02866e-05 0
3.16228e-05 0
3.30179e-05 0
3.44747e-05 0
3.59956e-05 0
3.75837e-05 0
3.92419e-05 0
4.09732e-05 0
4.27809e-05 0
4.46684e-05 0
4.66391e-05 0
4.86968e-05 0
5.08452e-05 0
5.30884e-05 0
5.54307e-05 0
5.78762e-05 0
6.04296e-05 0
6.30957e-05 0
6.58795e-05 0
6.8786e-05 0
7.18208e-05 0
7.49894e-05 0
7.82979e-05 62.7439
8.17523e-05 0
8.53591e-05 0
8.91251e-05 0
9.30572e-05 0
9.71628e-05 0
0.00010145 0
0.000105925 0
0.000110599 0
0.000115478 0
0.000120573 0
0.000125893 0
0.000131447 0
0.000137246 0
0.000143301 0
0.000149624 0
0.000156225 0
0.000163117 0
0.000170314 0
0.000177828 0
0.000185674 0
0.000193865 0
0.000202418 0
0.000211349 0
0.000220673 0
0.000230409 0
0.000240575 0
0.000251189 0
0.000262271 0
0.000273842 0
0.000285924 0
0.000298538 0
0.000311709 0
0.000325462 0
0.000339821 0
0.000354813 0
0.000370467 0
0.000386812 0
0.000403878 0
0.000421697 0
0.000440301 0
0.000459727 0
0.00048001 116.241
0.000501187 0
0.000523299 93.7159
0.000546387 0
0.000570493 0
0.000595662 0
0.000621942 0
0.000649382 99.4807
0.000678032 0
0.000707946 0
0.00073918 0
0.000771792 0
0.000805842 0
0.000841395 0
0.000878517 0
0.000917276 0
0.000957745 0
0.001 0
0.00104412 0
0.00109018 0
0.00113828 0
0.0011885 0
0.00124094 0
0.00129569 0
0.00135285 0
0.00141254 0
0.00147486 0
0.00153993 0
0.00160787 0
0.0016788 0
0.00175287 0
0.00183021 0
0.00191095 0
0.00199526 90.3045
0.00208329 0
0.0021752 0
0.00227117 0
0.00237137 116.56
0.002476 0
0.00258523 110.088
0.00269929 0
0.00281838 0
0.00294273 178.278
0.00307256 0
0.00320812 0
0.00334965 232.54
0.00349744 0
0.00365174 0
0.00381285 279.387
0.00398107 0
0.00415671 179.311
0.0043401 0
0.00453158 225.724
0.00473151 441.819
0.00494026 89.0895
0.00515822 110.667
0.0053858 108.341
0.00562341 214.911
0.00587151 384.995
0.00613056 60.0713
0.00640103 244.163
0.00668344 0
0.00697831 206.95
0.00728618 456.802
0.00760764 518.228
0.00794328 382.216
0.00829373 376.977
0.00865964 599.221
0.0090417 780.506
0.00944061 306.749
0.00985712 258.747
0.010292 0
0.0107461 334.254
0.0112202 262.199
0.0117152 377.269
0.0122321 950.411
0.0127717 932.113
0.0133352 298.444
0.0139236 624.657
0.0145378 411.211
0.0151792 829.79
0.0158489 1468.89
0.0165482 859.636
0.0172783 714.718
0.0180406 829.272
0.0188365 1303.48
0.0196675 1455.72
0.0205353 1611.23
0.0214412 1822.82
0.0223872 2244.51
0.0233749 1260.1
0.0244062 2170.98
0.025483 2473.84
0.0266073 2285.72
0.0277811 2519.5
0.0290068 2556.78
0.0302866 3054.77
0.0316228 4138.66
0.0330179 4072.25
0.0344747 2803.1
0.0359956 3642.69
0.0375837 4134.01
0.0392419 4245.59
0.0409732 4382.09
0.0427809 4846.77
0.0446684 5101.11
0.0466391 4638.53
0.0486968 6104.51
0.0508452 5420.98
0.0530884 5621.68
0.0554307 7276.93
0.0578762 7111.51
0.0604296 7668.42
0.0630957 8188.32
0.0658795 9001.45
0.068786 7905.77
0.0718208 8104.83
0.0749894 9192.65
0.0782979 9305.26
0.0817523 9710.56
0.0853591 12773
0.0891251 11680.6
0.0930572 11436.4
0.0971628 12710
0.10145 12164.7
0.105925 12385.2
0.110599 13328.4
0.115478 13656.1
0.120573 15358.9
0.125893 15714.8
0.131447 15150.9
0.137246 17104.8
0.143301 15427
0.149624 14369.6
0.156225 13634.1
0.163117 14762.4
0.170314 16363.7
0.177828 16463.8
0.185674 16432.2
0.193865 17787.3
0.202418 15875.9
0.211349 17985.9
0.220673 16787.5
0.230409 17984.4
0.240575 20015.1
0.251189 17786.5
0.262271 18709.6
0.273842 19802.9
0.285924 22121.2
0.298538 17866.9
0.311709 19680
0.325462 17696.9
0.339821 20481.5
0.354813 21751.7
0.370467 20349.8
0.386812 18082.7
0.403878 18196.7
0.421697 22389.5
0.440301 21782.3
0.459727 21520.9
0.48001 22514.5
0.501187 19574.8
0.523299 19934.8
0.546387 20453
0.570493 21529.8
0.595662 17538.8
0.621942 19378
0.649382 21439
0.678032 18681.5
0.707946 18218.4
0.73918 19667.3
0.771792 18623.3
0.805842 16648.3
0.841395 14781.8
0.878517 16472.6
0.917276 14628.4
0.957745 13437.4
1 14598
1.04412 14324.1
1.09018 14918.3
1.13828 13625.2
1.1885 9944.24
1.24094 10234.8
1.29569 11754.5
1.35285 8932.06
1.41254 9516.2
1.47486 8829.86
1.53993 7203.59
1.60787 7085.89
1.6788 7159.46
1.75287 7767.85
1.83021 5804.4
1.91095 6922.4
1.99526 6409.17
2.08329 7008.65
2.1752 5581.84
2.27117 6496.85
2.37137 6503.55
2.476 4971.65
2.58523 3892.03
2.69929 3683.86
2.81838 4474.14
2.94273 6352.38
3.07256 3790.02
3.20812 4321.01
3.34965 3876.34
3.49744 4341.75
3.65174 4411.65
3.81285 4100.55
3.98107 3031.24
4.15671 3596.65
4.3401 4800.65
4.53158 4554.19
4.73151 3289.69
4.94026 2875.29
5.15822 3643.22
5.3858 3106.19
5.62341 2445.61
5.87151 2427.41
6.13056 2608.27
6.40103 2267.72
6.68344 2627.96
6.97831 2913.22
7.28618 1473.22
7.60764 2638.89
7.94328 2538.99
8.29373 2405.6
8.65964 2484.2
9.0417 3013.16
9.44061 2094.74
9.85712 1543.33
10.292 2156.77
10.7461 1766.11
11.2202 2219.85
11.7152 2245.02
12.2321 1657.53
12.7717 1846.22
13.3352 1464.4
13.9236 1244.77
14.5378 1885.74
15.1792 2859.45
15.8489 1936.62
16.5482 1351.69
17.2783 1471.44
18.0406 2114.1
18.8365 1862.52
19.6675 2849.16
20.5353 1178.94
21.4412 2310.41
22.3872 1388.01
23.3749 1909.79
24.4062 2270.59
25.483 1785.22
26.6073 2247.69
27.7811 2957.99
29.0068 2385.16
30.2866 2212.9
31.6228 2102.17
33.0179 1671.67
34.4747 2746.23
35.9956 2647.52
37.5837 2493.99
39.2419 2965.6
40.9732 3295.22
42.7809 3046.63
44.6684 3290.32
46.6391 3608.81
48.6968 2938.84
50.8452 2497.25
53.0884 2773.18
55.4307 3063.17
57.8762 3737.52
60.4296 3769.87
63.0957 3673.81
65.8795 3918.29
68.786 3449.35
71.8208 3236.79
74.9894 3504.58
78.2979 4309.88
81.7523 3755.37
85.3591 3466.05
89.1251 4769.22
93.0572 3891.45
97.1628 5523.59
101.45 4379.77
105.925 4631.28
110.599 4632.02
115.478 5524.66
120.573 4235.1
125.893 4533.64
131.447 5415.76
137.246 4531.32
143.301 4623.23
149.624 5786.33
156.225 5932.72
163.117 7549.41
170.314 7226.96
177.828 7980.12
185.674 5989.44
193.865 8717.55
202.418 8643.19
211.349 7466.87
220.673 7653.76
230.409 10468.6
240.575 9000.15
251.189 8649
262.271 10959.8
273.842 10062.7
285.924 12110.4
298.538 13685.4
311.709 11591.3
325.462 9991.03
339.821 12587
354.813 9270.61
370.467 10576.3
386.812 6678.72
403.878 6290.22
421.697 4112.41
440.301 3568.66
459.727 2291.66
480.01 1115.33
501.187 941.627
523.299 1129.51
546.387 850.071
570.493 617.9
595.662 335.894
621.942 1116.68
649.382 220.941
678.032 170.297
707.946 334.316
739.18 0
771.792 449.303
805.842 58.0505
841.395 266.199
878.517 55.3074
917.276 118.334
957.745 0
1000 104.431
