# First line is two numbers 
#     First value is '2', it means 'histogram mode'
#     Second value is 'Emin' of the histogram
# Other lines : 2 columns. 1) energy 2) probability (nb divided by NbEvent)
# Number of bins = 480
# Content below the first bin: 0
# Content above the last  bin: 0
# Content above the last  bin: 0
# Number of events: 400000
2 1e-06
1.04412e-06 0
1.09018e-06 0
1.13828e-06 0
1.1885e-06 0
1.24094e-06 0
1.29569e-06 0
1.35285e-06 0
1.41254e-06 0
1.47486e-06 0
1.53993e-06 0
1.60787e-06 0
1.6788e-06 0
1.75287e-06 0
1.83021e-06 0
1.91095e-06 0
1.99526e-06 0
2.08329e-06 0
2.1752e-06 0
2.27117e-06 0
2.37137e-06 0
2.476e-06 0
2.58523e-06 0
2.69929e-06 0
2.81838e-06 0
2.94273e-06 0
3.07256e-06 0
3.20812e-06 0
3.34965e-06 0
3.49744e-06 0
3.65174e-06 0
3.81285e-06 0
3.98107e-06 0
4.15671e-06 0
4.3401e-06 0
4.53158e-06 0
4.73151e-06 0
4.94026e-06 0
5.15822e-06 0
5.3858e-06 0
5.62341e-06 0
5.87151e-06 0
6.13056e-06 0
6.40103e-06 0
6.68344e-06 0
6.97831e-06 0
7.28618e-06 0
7.60764e-06 0
7.94328e-06 0
8.29373e-06 0
8.65964e-06 0
9.0417e-06 0
9.44061e-06 0
9.85712e-06 0
1.0292e-05 0
1.07461e-05 0
1.12202e-05 0
1.17152e-05 0
1.22321e-05 0
1.27717e-05 0
1.33352e-05 0
1.39236e-05 0
1.45378e-05 0
1.51792e-05 0
1.58489e-05 0
1.65482e-05 0
1.72783e-05 0
1.80406e-05 0
1.88365e-05 0
1.96675e-05 0
2.05353e-05 0
2.14412e-05 0
2.23872e-05 0
2.33749e-05 0
2.44062e-05 0
2.5483e-05 0
2.66073e-05 0
2.77811e-05 0
2.90068e-05 0
3.02866e-05 0
3.16228e-05 0
3.30179e-05 0
3.44747e-05 0
3.59956e-05 0
3.75837e-05 0
3.92419e-05 0
4.09732e-05 0
4.27809e-05 0
4.46684e-05 0
4.66391e-05 0
4.86968e-05 0
5.08452e-05 0
5.30884e-05 0
5.54307e-05 0
5.78762e-05 0
6.04296e-05 0
6.30957e-05 0
6.58795e-05 0
6.8786e-05 0
7.18208e-05 0
7.49894e-05 0
7.82979e-05 0
8.17523e-05 0
8.53591e-05 0
8.91251e-05 0
9.30572e-05 0
9.71628e-05 0
0.00010145 0
0.000105925 0
0.000110599 0
0.000115478 0
0.000120573 0
0.000125893 0
0.000131447 0
0.000137246 0
0.000143301 0
0.000149624 0
0.000156225 0
0.000163117 0
0.000170314 0
0.000177828 0
0.000185674 0
0.000193865 0
0.000202418 0
0.000211349 0
0.000220673 0
0.000230409 0
0.000240575 0
0.000251189 0
0.000262271 0
0.000273842 0
0.000285924 0
0.000298538 0
0.000311709 0
0.000325462 0
0.000339821 0
0.000354813 0
0.000370467 0
0.000386812 0
0.000403878 0
0.000421697 0
0.000440301 0
0.000459727 0
0.00048001 0
0.000501187 0
0.000523299 0
0.000546387 0
0.000570493 0
0.000595662 0
0.000621942 0
0.000649382 0
0.000678032 0
0.000707946 0
0.00073918 0
0.000771792 0
0.000805842 0
0.000841395 0
0.000878517 0
0.000917276 0
0.000957745 0
0.001 0
0.00104412 0
0.00109018 0
0.00113828 0
0.0011885 0
0.00124094 0
0.00129569 0
0.00135285 0
0.00141254 0
0.00147486 0
0.00153993 0
0.00160787 0
0.0016788 0
0.00175287 0
0.00183021 0
0.00191095 0
0.00199526 0
0.00208329 0
0.0021752 0
0.00227117 0
0.00237137 0
0.002476 0
0.00258523 68.5252
0.00269929 0
0.00281838 0
0.00294273 0
0.00307256 0
0.00320812 0
0.00334965 0
0.00349744 0
0.00365174 0
0.00381285 0
0.00398107 0
0.00415671 0
0.0043401 0
0.00453158 0
0.00473151 0
0.00494026 0
0.00515822 0
0.0053858 0
0.00562341 0
0.00587151 0
0.00613056 0
0.00640103 0
0.00668344 0
0.00697831 0
0.00728618 0
0.00760764 0
0.00794328 0
0.00829373 0
0.00865964 0
0.0090417 0
0.00944061 0
0.00985712 0
0.010292 0
0.0107461 0
0.0112202 0
0.0117152 117.535
0.0122321 0
0.0127717 0
0.0133352 0
0.0139236 0
0.0145378 0
0.0151792 0
0.0158489 0
0.0165482 0
0.0172783 0
0.0180406 0
0.0188365 0
0.0196675 0
0.0205353 0
0.0214412 0
0.0223872 0
0.0233749 117.595
0.0244062 0
0.025483 44.5696
0.0266073 0
0.0277811 0
0.0290068 0
0.0302866 0
0.0316228 0
0.0330179 94.8714
0.0344747 0
0.0359956 0
0.0375837 0
0.0392419 0
0.0409732 0
0.0427809 0
0.0446684 0
0.0466391 0
0.0486968 0
0.0508452 0
0.0530884 0
0.0554307 0
0.0578762 0
0.0604296 0
0.0630957 59.6571
0.0658795 0
0.068786 33.4639
0.0718208 93.6173
0.0749894 0
0.0782979 0
0.0817523 218.026
0.0853591 109.245
0.0891251 96.8878
0.0930572 0
0.0971628 0
0.10145 71.8242
0.105925 0
0.110599 0
0.115478 141.425
0.120573 0
0.125893 402.065
0.131447 0
0.137246 101.852
0.143301 308.284
0.149624 156.98
0.156225 158.595
0.163117 30.5826
0.170314 134.231
0.177828 24.9499
0.185674 105.927
0.193865 0
0.202418 0
0.211349 164.9
0.220673 116.746
0.230409 0
0.240575 363.384
0.251189 162.59
0.262271 82.1374
0.273842 317.579
0.285924 71.2628
0.298538 446.988
0.311709 596.145
0.325462 222.884
0.339821 0
0.354813 325.694
0.370467 282.653
0.386812 102.714
0.403878 13.8821
0.421697 318.79
0.440301 356.345
0.459727 369.165
0.48001 518.118
0.501187 153.836
0.523299 393.016
0.546387 55.6667
0.570493 445.846
0.595662 302.432
0.621942 279.279
0.649382 946.705
0.678032 339.992
0.707946 1340.29
0.73918 163.25
0.771792 379.472
0.805842 185.234
0.841395 522.143
0.878517 503.511
0.917276 533.489
0.957745 474.028
1 187.13
1.04412 87.9744
1.09018 77.4408
1.13828 383.418
1.1885 353.317
1.24094 319.508
1.29569 225.921
1.35285 202.446
1.41254 413.463
1.47486 164.905
1.53993 523.668
1.60787 173.014
1.6788 291.246
1.75287 134.185
1.83021 256.91
1.91095 402.599
1.99526 215.798
2.08329 134.01
2.1752 242.486
2.27117 191.256
2.37137 511.57
2.476 67.5416
2.58523 260.102
2.69929 368.461
2.81838 87.4596
2.94273 242.883
3.07256 230.411
3.20812 0
3.34965 133.469
3.49744 55.0876
3.65174 79.2292
3.81285 52.0299
3.98107 197.931
4.15671 316.39
4.3401 360.16
4.53158 285.265
4.73151 97.3546
4.94026 0
5.15822 96.8514
5.3858 50.6149
5.62341 243.153
5.87151 49.7585
6.13056 0
6.40103 144.128
6.68344 113.248
6.97831 85.3015
7.28618 0
7.60764 105.829
7.94328 0
8.29373 130.597
8.65964 269.022
9.0417 115.371
9.44061 80.4007
9.85712 97.0903
10.292 0
10.7461 79.8902
11.2202 104.475
11.7152 46.9233
12.2321 0
12.7717 105.904
13.3352 142.638
13.9236 0
14.5378 114.216
15.1792 97.5867
15.8489 0
16.5482 72.7065
17.2783 253.458
18.0406 27.919
18.8365 0
19.6675 179.593
20.5353 114.257
21.4412 70.4815
22.3872 279.412
23.3749 232.309
24.4062 103.077
25.483 94.3205
26.6073 108.178
27.7811 73.3121
29.0068 203.294
30.2866 400.186
31.6228 0
33.0179 173.08
34.4747 117.724
35.9956 180.44
37.5837 398.424
39.2419 300.141
40.9732 166.226
42.7809 0
44.6684 51.0632
46.6391 191.42
48.6968 170.315
50.8452 185.434
53.0884 0
55.4307 0
57.8762 93.2359
60.4296 147.226
63.0957 151.347
65.8795 152.319
68.786 256.101
71.8208 106.301
74.9894 238.281
78.2979 145.528
81.7523 208.024
85.3591 404.634
89.1251 188.755
93.0572 0
97.1628 343.152
101.45 231.513
105.925 195.139
110.599 44.369
115.478 232.957
120.573 317.093
125.893 0
131.447 175.85
137.246 289.571
143.301 0
149.624 78.13
156.225 118.355
163.117 205.393
170.314 315.994
177.828 130.576
185.674 79.8685
193.865 115.047
202.418 0
211.349 223.046
220.673 55.2384
230.409 109.396
240.575 0
251.189 0
262.271 0
273.842 0
285.924 0
298.538 0
311.709 0
325.462 0
339.821 0
354.813 0
370.467 0
386.812 0
403.878 0
421.697 0
440.301 0
459.727 0
480.01 0
501.187 0
523.299 0
546.387 0
570.493 0
595.662 0
621.942 0
649.382 0
678.032 0
707.946 0
739.18 0
771.792 0
805.842 0
841.395 0
878.517 0
917.276 0
957.745 0
1000 0
