# First line is two numbers 
#     First value is '2', it means 'histogram mode'
#     Second value is 'Emin' of the histogram
# Other lines : 2 columns. 1) energy 2) probability (nb divided by NbEvent)
# Number of bins = 480
# Content below the first bin: 0
# Content above the last  bin: 0
# Content above the last  bin: 0
# Number of events: 400000
2 1e-06
1.04412e-06 0
1.09018e-06 0
1.13828e-06 0
1.1885e-06 0
1.24094e-06 0
1.29569e-06 0
1.35285e-06 0
1.41254e-06 0
1.47486e-06 0
1.53993e-06 0
1.60787e-06 0
1.6788e-06 0
1.75287e-06 0
1.83021e-06 0
1.91095e-06 0
1.99526e-06 0
2.08329e-06 0
2.1752e-06 0
2.27117e-06 0
2.37137e-06 0
2.476e-06 0
2.58523e-06 0
2.69929e-06 0
2.81838e-06 0
2.94273e-06 0
3.07256e-06 0
3.20812e-06 0
3.34965e-06 0
3.49744e-06 0
3.65174e-06 0
3.81285e-06 0
3.98107e-06 0
4.15671e-06 0
4.3401e-06 0
4.53158e-06 0
4.73151e-06 0
4.94026e-06 0
5.15822e-06 0
5.3858e-06 0
5.62341e-06 0
5.87151e-06 0
6.13056e-06 0
6.40103e-06 0
6.68344e-06 0
6.97831e-06 0
7.28618e-06 0
7.60764e-06 0
7.94328e-06 0
8.29373e-06 0
8.65964e-06 0
9.0417e-06 0
9.44061e-06 0
9.85712e-06 0
1.0292e-05 0
1.07461e-05 0
1.12202e-05 0
1.17152e-05 0
1.22321e-05 0
1.27717e-05 0
1.33352e-05 0
1.39236e-05 0
1.45378e-05 0
1.51792e-05 0
1.58489e-05 0
1.65482e-05 0
1.72783e-05 0
1.80406e-05 0
1.88365e-05 0
1.96675e-05 0
2.05353e-05 0
2.14412e-05 0
2.23872e-05 0
2.33749e-05 0
2.44062e-05 0
2.5483e-05 0
2.66073e-05 0
2.77811e-05 0
2.90068e-05 0
3.02866e-05 0
3.16228e-05 0
3.30179e-05 0
3.44747e-05 0
3.59956e-05 0
3.75837e-05 0
3.92419e-05 0
4.09732e-05 0
4.27809e-05 0
4.46684e-05 0
4.66391e-05 0
4.86968e-05 0
5.08452e-05 0
5.30884e-05 0
5.54307e-05 0
5.78762e-05 0
6.04296e-05 0
6.30957e-05 0
6.58795e-05 0
6.8786e-05 0
7.18208e-05 0
7.49894e-05 0
7.82979e-05 0
8.17523e-05 0
8.53591e-05 0
8.91251e-05 0
9.30572e-05 0
9.71628e-05 0
0.00010145 0
0.000105925 0
0.000110599 0
0.000115478 0
0.000120573 0
0.000125893 0
0.000131447 0
0.000137246 0
0.000143301 0
0.000149624 0
0.000156225 0
0.000163117 0
0.000170314 0
0.000177828 0
0.000185674 0
0.000193865 0
0.000202418 0
0.000211349 0
0.000220673 0
0.000230409 0
0.000240575 0
0.000251189 0
0.000262271 0
0.000273842 0
0.000285924 0
0.000298538 0
0.000311709 0
0.000325462 0
0.000339821 0
0.000354813 0
0.000370467 0
0.000386812 0
0.000403878 0
0.000421697 0
0.000440301 0
0.000459727 0
0.00048001 0
0.000501187 0
0.000523299 0
0.000546387 0
0.000570493 0
0.000595662 0
0.000621942 0
0.000649382 0
0.000678032 0
0.000707946 0
0.00073918 0
0.000771792 0
0.000805842 0
0.000841395 0
0.000878517 0
0.000917276 0
0.000957745 0
0.001 0
0.00104412 0
0.00109018 0
0.00113828 0
0.0011885 0
0.00124094 0
0.00129569 0
0.00135285 0
0.00141254 0
0.00147486 0
0.00153993 0
0.00160787 0
0.0016788 0
0.00175287 0
0.00183021 0
0.00191095 0
0.00199526 0
0.00208329 0
0.0021752 0
0.00227117 0
0.00237137 0
0.002476 0
0.00258523 0
0.00269929 0
0.00281838 95.4289
0.00294273 0
0.00307256 0
0.00320812 0
0.00334965 105.565
0.00349744 0
0.00365174 0
0.00381285 0
0.00398107 0
0.00415671 0
0.0043401 0
0.00453158 0
0.00473151 0
0.00494026 0
0.00515822 0
0.0053858 0
0.00562341 0
0.00587151 0
0.00613056 0
0.00640103 0
0.00668344 0
0.00697831 0
0.00728618 0
0.00760764 0
0.00794328 0
0.00829373 0
0.00865964 0
0.0090417 0
0.00944061 0
0.00985712 0
0.010292 0
0.0107461 0
0.0112202 0
0.0117152 0
0.0122321 0
0.0127717 0
0.0133352 0
0.0139236 0
0.0145378 0
0.0151792 0
0.0158489 0
0.0165482 0
0.0172783 0
0.0180406 0
0.0188365 0
0.0196675 0
0.0205353 0
0.0214412 0
0.0223872 0
0.0233749 0
0.0244062 0
0.025483 0
0.0266073 86.0664
0.0277811 0
0.0290068 0
0.0302866 0
0.0316228 0
0.0330179 0
0.0344747 0
0.0359956 0
0.0375837 0
0.0392419 0
0.0409732 84.6844
0.0427809 0
0.0446684 0
0.0466391 0
0.0486968 0
0.0508452 187.303
0.0530884 0
0.0554307 0
0.0578762 39.2263
0.0604296 0
0.0630957 0
0.0658795 110.235
0.068786 189.37
0.0718208 65.3143
0.0749894 0
0.0782979 0
0.0817523 0
0.0853591 0
0.0891251 201.185
0.0930572 31.4911
0.0971628 0
0.10145 0
0.105925 0
0.110599 0
0.115478 104.222
0.120573 193.486
0.125893 67.8094
0.131447 0
0.137246 77.2741
0.143301 94.2405
0.149624 103.266
0.156225 0
0.163117 151.485
0.170314 333.014
0.177828 206.786
0.185674 215.16
0.193865 106.101
0.202418 165.09
0.211349 181.52
0.220673 240.282
0.230409 117.482
0.240575 153.827
0.251189 118.349
0.262271 183.932
0.273842 276.546
0.285924 227.682
0.298538 0
0.311709 354.821
0.325462 380.95
0.339821 61.8912
0.354813 688.2
0.370467 413.248
0.386812 206.426
0.403878 189.177
0.421697 81.6894
0.440301 0
0.459727 76.5994
0.48001 16.5302
0.501187 375.273
0.523299 158.393
0.546387 434.791
0.570493 67.9359
0.595662 291.099
0.621942 678.12
0.649382 1138.32
0.678032 934.209
0.707946 1216.9
0.73918 302.989
0.771792 514.311
0.805842 215.224
0.841395 502.785
0.878517 604.684
0.917276 233.759
0.957745 993.047
1 225.343
1.04412 252.912
1.09018 273.787
1.13828 360.812
1.1885 514.002
1.24094 341.98
1.29569 230.574
1.35285 187.341
1.41254 185.159
1.47486 273.248
1.53993 562.406
1.60787 347.839
1.6788 500.278
1.75287 165.694
1.83021 55.6145
1.91095 235.526
1.99526 318.99
2.08329 161.296
2.1752 332.322
2.27117 0
2.37137 275.397
2.476 68.766
2.58523 277.767
2.69929 327.237
2.81838 0
2.94273 105.269
3.07256 119.674
3.20812 138.107
3.34965 93.67
3.49744 52.2024
3.65174 70.0167
3.81285 299.641
3.98107 0
4.15671 30.1787
4.3401 378.484
4.53158 57.8172
4.73151 64.8588
4.94026 189.947
5.15822 119.756
5.3858 90.2765
5.62341 25.4926
5.87151 304.889
6.13056 107.546
6.40103 0
6.68344 193.24
6.97831 63.9214
7.28618 309.953
7.60764 183.565
7.94328 89.1802
8.29373 103.477
8.65964 0
9.0417 0
9.44061 90.991
9.85712 0
10.292 47.3506
10.7461 0
11.2202 229.004
11.7152 298.132
12.2321 0
12.7717 113.204
13.3352 113.397
13.9236 165.513
14.5378 0
15.1792 155.629
15.8489 359.877
16.5482 113.671
17.2783 24.3984
18.0406 90.4062
18.8365 168.735
19.6675 262.485
20.5353 0
21.4412 292.289
22.3872 97.1451
23.3749 191.952
24.4062 85.3314
25.483 132.805
26.6073 0
27.7811 46.3859
29.0068 95.8041
30.2866 135.812
31.6228 0
33.0179 0
34.4747 39.8148
35.9956 0
37.5837 146.739
39.2419 112.482
40.9732 107.093
42.7809 54.5677
44.6684 464.313
46.6391 71.4627
48.6968 114.816
50.8452 0
53.0884 157.424
55.4307 134.123
57.8762 483.452
60.4296 158.757
63.0957 97.6073
65.8795 169.111
68.786 50.5717
71.8208 76.1565
74.9894 0
78.2979 191.281
81.7523 311.868
85.3591 302.779
89.1251 160.68
93.0572 44.0926
97.1628 107.412
101.45 515.315
105.925 0
110.599 109.791
115.478 170.507
120.573 22.8822
125.893 161.839
131.447 101.902
137.246 0
143.301 374.377
149.624 173.448
156.225 68.2371
163.117 118.909
170.314 32.4871
177.828 62.4402
185.674 0
193.865 112.476
202.418 106.92
211.349 0
220.673 106.051
230.409 0
240.575 0
251.189 106.249
262.271 0
273.842 0
285.924 0
298.538 0
311.709 0
325.462 0
339.821 0
354.813 0
370.467 0
386.812 0
403.878 0
421.697 0
440.301 0
459.727 0
480.01 0
501.187 0
523.299 0
546.387 0
570.493 0
595.662 0
621.942 0
649.382 0
678.032 0
707.946 0
739.18 0
771.792 0
805.842 0
841.395 0
878.517 0
917.276 0
957.745 0
1000 0
