# First line is two numbers 
#     First value is '2', it means 'histogram mode'
#     Second value is 'Emin' of the histogram
# Other lines : 2 columns. 1) energy 2) probability (nb divided by NbEvent)
# Number of bins = 480
# Content below the first bin: 0
# Content above the last  bin: 0
# Content above the last  bin: 0
# Number of events: 209000
2 1e-06
1.04412e-06 0
1.09018e-06 0
1.13828e-06 0
1.1885e-06 0
1.24094e-06 0
1.29569e-06 0
1.35285e-06 0
1.41254e-06 0
1.47486e-06 0
1.53993e-06 0
1.60787e-06 0
1.6788e-06 0
1.75287e-06 0
1.83021e-06 0
1.91095e-06 0
1.99526e-06 0
2.08329e-06 0
2.1752e-06 0
2.27117e-06 0
2.37137e-06 0
2.476e-06 0
2.58523e-06 0
2.69929e-06 0
2.81838e-06 0
2.94273e-06 0
3.07256e-06 0
3.20812e-06 0
3.34965e-06 0
3.49744e-06 0
3.65174e-06 0
3.81285e-06 0
3.98107e-06 0
4.15671e-06 0
4.3401e-06 0
4.53158e-06 0
4.73151e-06 0
4.94026e-06 0
5.15822e-06 0
5.3858e-06 0
5.62341e-06 0
5.87151e-06 0
6.13056e-06 0
6.40103e-06 0
6.68344e-06 0
6.97831e-06 0
7.28618e-06 0
7.60764e-06 0
7.94328e-06 0
8.29373e-06 0
8.65964e-06 0
9.0417e-06 0
9.44061e-06 0
9.85712e-06 0
1.0292e-05 0
1.07461e-05 0
1.12202e-05 0
1.17152e-05 0
1.22321e-05 0
1.27717e-05 0
1.33352e-05 0
1.39236e-05 0
1.45378e-05 0
1.51792e-05 0
1.58489e-05 0
1.65482e-05 0
1.72783e-05 0
1.80406e-05 0
1.88365e-05 0
1.96675e-05 0
2.05353e-05 0
2.14412e-05 0
2.23872e-05 0
2.33749e-05 0
2.44062e-05 0
2.5483e-05 0
2.66073e-05 0
2.77811e-05 0
2.90068e-05 0
3.02866e-05 0
3.16228e-05 0
3.30179e-05 0
3.44747e-05 0
3.59956e-05 0
3.75837e-05 0
3.92419e-05 0
4.09732e-05 0
4.27809e-05 0
4.46684e-05 0
4.66391e-05 0
4.86968e-05 0
5.08452e-05 0
5.30884e-05 0
5.54307e-05 0
5.78762e-05 0
6.04296e-05 0
6.30957e-05 0
6.58795e-05 0
6.8786e-05 0
7.18208e-05 0
7.49894e-05 0
7.82979e-05 0
8.17523e-05 0
8.53591e-05 0
8.91251e-05 0
9.30572e-05 0
9.71628e-05 0
0.00010145 0
0.000105925 0
0.000110599 0
0.000115478 0
0.000120573 0
0.000125893 0
0.000131447 0
0.000137246 0
0.000143301 0
0.000149624 0
0.000156225 0
0.000163117 0
0.000170314 0
0.000177828 0
0.000185674 0
0.000193865 0
0.000202418 0
0.000211349 0
0.000220673 0
0.000230409 0
0.000240575 0
0.000251189 0
0.000262271 0
0.000273842 0
0.000285924 0
0.000298538 0
0.000311709 0
0.000325462 0
0.000339821 0
0.000354813 0
0.000370467 0
0.000386812 0
0.000403878 0
0.000421697 0
0.000440301 0
0.000459727 0
0.00048001 0
0.000501187 0
0.000523299 0
0.000546387 0
0.000570493 0
0.000595662 0
0.000621942 0
0.000649382 0
0.000678032 0
0.000707946 0
0.00073918 0
0.000771792 0
0.000805842 0
0.000841395 51.9992
0.000878517 0
0.000917276 0
0.000957745 0
0.001 0
0.00104412 0
0.00109018 0
0.00113828 0
0.0011885 0
0.00124094 0
0.00129569 0
0.00135285 0
0.00141254 0
0.00147486 0
0.00153993 114.615
0.00160787 0
0.0016788 0
0.00175287 0
0.00183021 0
0.00191095 90.0592
0.00199526 0
0.00208329 0
0.0021752 0
0.00227117 0
0.00237137 103.119
0.002476 109.602
0.00258523 0
0.00269929 0
0.00281838 81.3292
0.00294273 0
0.00307256 0
0.00320812 0
0.00334965 0
0.00349744 0
0.00365174 20.8296
0.00381285 0
0.00398107 110.779
0.00415671 82.3305
0.0043401 0
0.00453158 0
0.00473151 183.095
0.00494026 66.007
0.00515822 5.49391
0.0053858 0
0.00562341 98.9198
0.00587151 0
0.00613056 0
0.00640103 0
0.00668344 67.0948
0.00697831 0
0.00728618 186.15
0.00760764 475.623
0.00794328 0
0.00829373 141.34
0.00865964 517.087
0.0090417 34.8663
0.00944061 346.719
0.00985712 234.699
0.010292 199.754
0.0107461 265.984
0.0112202 407.285
0.0117152 271.118
0.0122321 174.104
0.0127717 529.917
0.0133352 453.28
0.0139236 658.387
0.0145378 709.174
0.0151792 808.453
0.0158489 970.048
0.0165482 263.698
0.0172783 946.359
0.0180406 289.842
0.0188365 1031.06
0.0196675 1141.21
0.0205353 975.162
0.0214412 1273.37
0.0223872 715.254
0.0233749 1437.01
0.0244062 1692.35
0.025483 1523.36
0.0266073 1355.4
0.0277811 1366.95
0.0290068 1645.22
0.0302866 1455.36
0.0316228 2315.12
0.0330179 1958.8
0.0344747 2062.55
0.0359956 3233.94
0.0375837 1895.78
0.0392419 3442.19
0.0409732 2889.33
0.0427809 2665.39
0.0446684 3016.33
0.0466391 3687.14
0.0486968 3637.65
0.0508452 3461.91
0.0530884 3079.65
0.0554307 4071.08
0.0578762 4944.47
0.0604296 4332.36
0.0630957 4952.34
0.0658795 5282.37
0.068786 5832.71
0.0718208 5791.37
0.0749894 4060.85
0.0782979 4343.3
0.0817523 6980.41
0.0853591 5272.02
0.0891251 7564.97
0.0930572 7359.14
0.0971628 6174.4
0.10145 6649.12
0.105925 7819.57
0.110599 7875.46
0.115478 8226.86
0.120573 8128.19
0.125893 7183.06
0.131447 8535.17
0.137246 8402.79
0.143301 8097.94
0.149624 10110.7
0.156225 9005.52
0.163117 9433.96
0.170314 9390.31
0.177828 9176.78
0.185674 10106.4
0.193865 9993.84
0.202418 10154
0.211349 9088.81
0.220673 10445.9
0.230409 13060.4
0.240575 12193
0.251189 11821.1
0.262271 11341
0.273842 10657.6
0.285924 10540.1
0.298538 11311.8
0.311709 11609
0.325462 11987.8
0.339821 11837.2
0.354813 12081.5
0.370467 11853.8
0.386812 11079.4
0.403878 11860.2
0.421697 11849.7
0.440301 10670
0.459727 10022.7
0.48001 10158.7
0.501187 11631.5
0.523299 11257.3
0.546387 10625.7
0.570493 12459.6
0.595662 10536.3
0.621942 11316.5
0.649382 10225.2
0.678032 11389.2
0.707946 10171
0.73918 10984
0.771792 10987.3
0.805842 9519.46
0.841395 7409.98
0.878517 11061.2
0.917276 8013.29
0.957745 7607.82
1 7525.04
1.04412 7778.23
1.09018 6313.43
1.13828 6031.7
1.1885 6285.32
1.24094 4754.19
1.29569 5848.97
1.35285 5858.54
1.41254 5345.44
1.47486 3218.95
1.53993 4591.78
1.60787 4698.15
1.6788 4001.08
1.75287 4196.07
1.83021 3560.18
1.91095 2760.88
1.99526 2877.34
2.08329 2815.6
2.1752 2315.92
2.27117 3337.22
2.37137 3177.54
2.476 3018.19
2.58523 2879.44
2.69929 3303.24
2.81838 2397.5
2.94273 2896.36
3.07256 2661.71
3.20812 1941.78
3.34965 3428.06
3.49744 3003.41
3.65174 2082.34
3.81285 2562.1
3.98107 1971.28
4.15671 2260.07
4.3401 1817.41
4.53158 1607.75
4.73151 2005.56
4.94026 1649.89
5.15822 1561.09
5.3858 1269.31
5.62341 1229.8
5.87151 1136.44
6.13056 1132.09
6.40103 1007.68
6.68344 2193.29
6.97831 1981.96
7.28618 1572.36
7.60764 1467.53
7.94328 1302.29
8.29373 1661.86
8.65964 746.956
9.0417 826.092
9.44061 745.134
9.85712 1604.35
10.292 856.314
10.7461 1591.01
11.2202 1308.9
11.7152 1337.73
12.2321 1353.09
12.7717 1081.04
13.3352 1161.25
13.9236 835.267
14.5378 2134.34
15.1792 824.949
15.8489 982.011
16.5482 1113.35
17.2783 1160.06
18.0406 1272.62
18.8365 1134.45
19.6675 1245.25
20.5353 1075.43
21.4412 867.992
22.3872 997.179
23.3749 1668.84
24.4062 1182.27
25.483 1163.38
26.6073 1113.8
27.7811 1395.01
29.0068 1280.08
30.2866 1216.67
31.6228 1212.4
33.0179 1508.42
34.4747 1555.44
35.9956 1832.11
37.5837 1372.08
39.2419 1790.04
40.9732 1384.4
42.7809 1223.83
44.6684 2346.46
46.6391 1944.9
48.6968 1943.61
50.8452 1617.03
53.0884 2356.44
55.4307 1948.73
57.8762 2449.88
60.4296 1467.65
63.0957 2503.58
65.8795 1877.92
68.786 2357.16
71.8208 1341.5
74.9894 3537.34
78.2979 2586.5
81.7523 2499.68
85.3591 2822.66
89.1251 2412.26
93.0572 3903.12
97.1628 1887.09
101.45 2265.58
105.925 3221.41
110.599 3297.44
115.478 4525.59
120.573 3044.38
125.893 3096.55
131.447 2584.81
137.246 2158.11
143.301 4392.91
149.624 4336.08
156.225 3324.89
163.117 3631.53
170.314 4483.02
177.828 3744.28
185.674 4489.77
193.865 6678.7
202.418 5675
211.349 5104.52
220.673 6318.32
230.409 5302.79
240.575 4619.29
251.189 5245.91
262.271 4197.36
273.842 4707.94
285.924 4064.76
298.538 2152.35
311.709 1510.48
325.462 1071.77
339.821 1518.67
354.813 654.661
370.467 638.761
386.812 937.197
403.878 612.949
421.697 167.082
440.301 447.258
459.727 441.791
480.01 444.489
501.187 182.43
523.299 272.879
546.387 297.518
570.493 587.966
595.662 157.985
621.942 309.518
649.382 285.561
678.032 0
707.946 0
739.18 188.823
771.792 33.9848
805.842 10.8835
841.395 0
878.517 0
917.276 0
957.745 0
1000 0
