# First line is two numbers 
#     First value is '2', it means 'histogram mode'
#     Second value is 'Emin' of the histogram
# Other lines : 2 columns. 1) energy 2) probability (nb divided by NbEvent)
# Number of bins = 480
# Content below the first bin: 0
# Content above the last  bin: 0
# Content above the last  bin: 0
# Number of events: 209000
2 1e-06
1.04412e-06 0
1.09018e-06 0
1.13828e-06 0
1.1885e-06 0
1.24094e-06 0
1.29569e-06 0
1.35285e-06 0
1.41254e-06 0
1.47486e-06 0
1.53993e-06 0
1.60787e-06 0
1.6788e-06 0
1.75287e-06 0
1.83021e-06 0
1.91095e-06 0
1.99526e-06 0
2.08329e-06 0
2.1752e-06 0
2.27117e-06 0
2.37137e-06 0
2.476e-06 0
2.58523e-06 0
2.69929e-06 0
2.81838e-06 0
2.94273e-06 0
3.07256e-06 0
3.20812e-06 0
3.34965e-06 0
3.49744e-06 0
3.65174e-06 0
3.81285e-06 0
3.98107e-06 0
4.15671e-06 0
4.3401e-06 0
4.53158e-06 0
4.73151e-06 0
4.94026e-06 0
5.15822e-06 0
5.3858e-06 0
5.62341e-06 0
5.87151e-06 0
6.13056e-06 0
6.40103e-06 0
6.68344e-06 0
6.97831e-06 0
7.28618e-06 0
7.60764e-06 0
7.94328e-06 0
8.29373e-06 0
8.65964e-06 0
9.0417e-06 0
9.44061e-06 0
9.85712e-06 0
1.0292e-05 0
1.07461e-05 0
1.12202e-05 0
1.17152e-05 0
1.22321e-05 0
1.27717e-05 0
1.33352e-05 0
1.39236e-05 0
1.45378e-05 0
1.51792e-05 0
1.58489e-05 0
1.65482e-05 0
1.72783e-05 0
1.80406e-05 0
1.88365e-05 0
1.96675e-05 0
2.05353e-05 0
2.14412e-05 0
2.23872e-05 0
2.33749e-05 0
2.44062e-05 0
2.5483e-05 0
2.66073e-05 0
2.77811e-05 0
2.90068e-05 0
3.02866e-05 0
3.16228e-05 0
3.30179e-05 0
3.44747e-05 0
3.59956e-05 0
3.75837e-05 0
3.92419e-05 0
4.09732e-05 0
4.27809e-05 0
4.46684e-05 0
4.66391e-05 0
4.86968e-05 0
5.08452e-05 0
5.30884e-05 0
5.54307e-05 0
5.78762e-05 0
6.04296e-05 0
6.30957e-05 0
6.58795e-05 0
6.8786e-05 0
7.18208e-05 0
7.49894e-05 0
7.82979e-05 0
8.17523e-05 0
8.53591e-05 0
8.91251e-05 0
9.30572e-05 0
9.71628e-05 0
0.00010145 0
0.000105925 0
0.000110599 0
0.000115478 0
0.000120573 0
0.000125893 0
0.000131447 0
0.000137246 0
0.000143301 0
0.000149624 0
0.000156225 0
0.000163117 0
0.000170314 0
0.000177828 0
0.000185674 0
0.000193865 0
0.000202418 0
0.000211349 0
0.000220673 0
0.000230409 0
0.000240575 0
0.000251189 0
0.000262271 0
0.000273842 0
0.000285924 0
0.000298538 0
0.000311709 0
0.000325462 0
0.000339821 0
0.000354813 0
0.000370467 0
0.000386812 0
0.000403878 0
0.000421697 0
0.000440301 0
0.000459727 0
0.00048001 0
0.000501187 0
0.000523299 0
0.000546387 0
0.000570493 0
0.000595662 0
0.000621942 0
0.000649382 0
0.000678032 0
0.000707946 0
0.00073918 0
0.000771792 0
0.000805842 0
0.000841395 0
0.000878517 0
0.000917276 0
0.000957745 0
0.001 0
0.00104412 0
0.00109018 0
0.00113828 0
0.0011885 0
0.00124094 0
0.00129569 0
0.00135285 0
0.00141254 0
0.00147486 0
0.00153993 0
0.00160787 0
0.0016788 0
0.00175287 0
0.00183021 0
0.00191095 0
0.00199526 0
0.00208329 0
0.0021752 0
0.00227117 0
0.00237137 0
0.002476 0
0.00258523 0
0.00269929 0
0.00281838 0
0.00294273 0
0.00307256 0
0.00320812 0
0.00334965 0
0.00349744 0
0.00365174 0
0.00381285 0
0.00398107 0
0.00415671 0
0.0043401 0
0.00453158 0
0.00473151 0
0.00494026 0
0.00515822 0
0.0053858 0
0.00562341 0
0.00587151 0
0.00613056 0
0.00640103 0
0.00668344 0
0.00697831 0
0.00728618 0
0.00760764 0
0.00794328 0
0.00829373 0
0.00865964 0
0.0090417 0
0.00944061 0
0.00985712 0
0.010292 0
0.0107461 0
0.0112202 0
0.0117152 0
0.0122321 0
0.0127717 0
0.0133352 0
0.0139236 0
0.0145378 0
0.0151792 106.793
0.0158489 0
0.0165482 0
0.0172783 68.4021
0.0180406 0
0.0188365 0
0.0196675 41.148
0.0205353 72.163
0.0214412 164.403
0.0223872 214.156
0.0233749 119.396
0.0244062 0
0.025483 0
0.0266073 91.085
0.0277811 0
0.0290068 238.916
0.0302866 131.474
0.0316228 242.159
0.0330179 83.3933
0.0344747 151.42
0.0359956 0
0.0375837 309.08
0.0392419 0
0.0409732 64.2062
0.0427809 50.2645
0.0446684 444.658
0.0466391 125.719
0.0486968 348.612
0.0508452 189.058
0.0530884 348.03
0.0554307 0
0.0578762 0
0.0604296 108.706
0.0630957 190.9
0.0658795 205.486
0.068786 264.162
0.0718208 139.673
0.0749894 229.863
0.0782979 121.763
0.0817523 388.413
0.0853591 235.83
0.0891251 350.022
0.0930572 196.48
0.0971628 117.022
0.10145 372.304
0.105925 494.421
0.110599 184.195
0.115478 426.205
0.120573 503.331
0.125893 437.651
0.131447 337.529
0.137246 199.403
0.143301 245.374
0.149624 467.465
0.156225 314.346
0.163117 76.0795
0.170314 202.952
0.177828 185.085
0.185674 437.449
0.193865 519.362
0.202418 325.314
0.211349 660.629
0.220673 124.044
0.230409 586.522
0.240575 391.433
0.251189 302.352
0.262271 755.097
0.273842 264.58
0.285924 371.107
0.298538 494.233
0.311709 927.073
0.325462 269.775
0.339821 487.446
0.354813 255.1
0.370467 469.243
0.386812 334.913
0.403878 207.703
0.421697 510.171
0.440301 445.509
0.459727 352.235
0.48001 241.658
0.501187 366.827
0.523299 379.667
0.546387 784.533
0.570493 355.432
0.595662 556.317
0.621942 168.473
0.649382 244.002
0.678032 94.8248
0.707946 244.983
0.73918 287.404
0.771792 454.565
0.805842 479.02
0.841395 118.841
0.878517 224.578
0.917276 188.381
0.957745 61.6041
1 395.812
1.04412 269.499
1.09018 103.315
1.13828 75.7726
1.1885 134.667
1.24094 84.4547
1.29569 236.186
1.35285 0
1.41254 0
1.47486 70.2815
1.53993 138.106
1.60787 260.57
1.6788 108.196
1.75287 53.3955
1.83021 237.351
1.91095 133.067
1.99526 106.409
2.08329 0
2.1752 0
2.27117 98.9262
2.37137 0
2.476 271.296
2.58523 97.3486
2.69929 215.371
2.81838 58.8447
2.94273 166.88
3.07256 47.1944
3.20812 0
3.34965 291.656
3.49744 59.7614
3.65174 0
3.81285 0
3.98107 0
4.15671 179.056
4.3401 97.7154
4.53158 0
4.73151 66.0397
4.94026 100.611
5.15822 113.368
5.3858 0
5.62341 0
5.87151 0
6.13056 116.383
6.40103 0
6.68344 0
6.97831 0
7.28618 0
7.60764 33.1192
7.94328 0
8.29373 177.642
8.65964 0
9.0417 0
9.44061 91.007
9.85712 0
10.292 0
10.7461 0
11.2202 0
11.7152 0
12.2321 111.182
12.7717 107.127
13.3352 0
13.9236 117.572
14.5378 101.791
15.1792 104.65
15.8489 277.479
16.5482 0
17.2783 51.4951
18.0406 0
18.8365 103.457
19.6675 74.4606
20.5353 87.9939
21.4412 168.643
22.3872 0
23.3749 0
24.4062 116.711
25.483 96.4963
26.6073 103.242
27.7811 0
29.0068 114.292
30.2866 0
31.6228 0
33.0179 221.938
34.4747 187.612
35.9956 100.011
37.5837 0
39.2419 82.6883
40.9732 0
42.7809 159.477
44.6684 88.1794
46.6391 33.6044
48.6968 119.36
50.8452 143.289
53.0884 117.682
55.4307 284.572
57.8762 239.834
60.4296 67.2947
63.0957 244.606
65.8795 198.069
68.786 134.427
71.8208 151.95
74.9894 85.5979
78.2979 91.5063
81.7523 380.193
85.3591 438.653
89.1251 67.778
93.0572 499.973
97.1628 239.061
101.45 118.373
105.925 97.3121
110.599 142.701
115.478 443.681
120.573 178.171
125.893 107.64
131.447 118.331
137.246 91.207
143.301 254.935
149.624 82.943
156.225 209.595
163.117 95.7217
170.314 177.138
177.828 0
185.674 184.098
193.865 0
202.418 0
211.349 0
220.673 0
230.409 123.115
240.575 108.804
251.189 0
262.271 69.697
273.842 0
285.924 0
298.538 104.081
311.709 0
325.462 0
339.821 0
354.813 0
370.467 0
386.812 0
403.878 0
421.697 116.604
440.301 0
459.727 0
480.01 0
501.187 0
523.299 0
546.387 0
570.493 0
595.662 0
621.942 0
649.382 0
678.032 0
707.946 0
739.18 0
771.792 0
805.842 0
841.395 0
878.517 0
917.276 0
957.745 0
1000 0
