# First line is two numbers 
#     First value is '2', it means 'histogram mode'
#     Second value is 'Emin' of the histogram
# Other lines : 2 columns. 1) energy 2) probability (nb divided by NbEvent)
# Number of bins = 480
# Content below the first bin: 0
# Content above the last  bin: 0
# Content above the last  bin: 0
# Number of events: 209000
2 1e-06
1.04412e-06 0
1.09018e-06 0
1.13828e-06 0
1.1885e-06 0
1.24094e-06 0
1.29569e-06 0
1.35285e-06 0
1.41254e-06 0
1.47486e-06 0
1.53993e-06 0
1.60787e-06 0
1.6788e-06 0
1.75287e-06 0
1.83021e-06 0
1.91095e-06 0
1.99526e-06 0
2.08329e-06 0
2.1752e-06 0
2.27117e-06 0
2.37137e-06 0
2.476e-06 0
2.58523e-06 0
2.69929e-06 0
2.81838e-06 0
2.94273e-06 0
3.07256e-06 0
3.20812e-06 0
3.34965e-06 0
3.49744e-06 0
3.65174e-06 0
3.81285e-06 0
3.98107e-06 0
4.15671e-06 0
4.3401e-06 0
4.53158e-06 0
4.73151e-06 0
4.94026e-06 0
5.15822e-06 0
5.3858e-06 0
5.62341e-06 0
5.87151e-06 0
6.13056e-06 0
6.40103e-06 0
6.68344e-06 0
6.97831e-06 0
7.28618e-06 0
7.60764e-06 0
7.94328e-06 0
8.29373e-06 0
8.65964e-06 0
9.0417e-06 0
9.44061e-06 0
9.85712e-06 0
1.0292e-05 0
1.07461e-05 0
1.12202e-05 0
1.17152e-05 0
1.22321e-05 0
1.27717e-05 0
1.33352e-05 0
1.39236e-05 0
1.45378e-05 0
1.51792e-05 0
1.58489e-05 0
1.65482e-05 0
1.72783e-05 0
1.80406e-05 0
1.88365e-05 0
1.96675e-05 0
2.05353e-05 0
2.14412e-05 0
2.23872e-05 0
2.33749e-05 0
2.44062e-05 0
2.5483e-05 0
2.66073e-05 0
2.77811e-05 0
2.90068e-05 0
3.02866e-05 0
3.16228e-05 0
3.30179e-05 0
3.44747e-05 0
3.59956e-05 0
3.75837e-05 0
3.92419e-05 0
4.09732e-05 0
4.27809e-05 0
4.46684e-05 0
4.66391e-05 0
4.86968e-05 0
5.08452e-05 0
5.30884e-05 0
5.54307e-05 0
5.78762e-05 0
6.04296e-05 0
6.30957e-05 0
6.58795e-05 0
6.8786e-05 0
7.18208e-05 0
7.49894e-05 0
7.82979e-05 0
8.17523e-05 0
8.53591e-05 0
8.91251e-05 0
9.30572e-05 0
9.71628e-05 0
0.00010145 0
0.000105925 0
0.000110599 0
0.000115478 0
0.000120573 0
0.000125893 0
0.000131447 0
0.000137246 0
0.000143301 0
0.000149624 0
0.000156225 0
0.000163117 0
0.000170314 0
0.000177828 0
0.000185674 0
0.000193865 0
0.000202418 0
0.000211349 0
0.000220673 0
0.000230409 0
0.000240575 0
0.000251189 0
0.000262271 0
0.000273842 0
0.000285924 0
0.000298538 0
0.000311709 0
0.000325462 0
0.000339821 0
0.000354813 0
0.000370467 0
0.000386812 0
0.000403878 0
0.000421697 0
0.000440301 0
0.000459727 0
0.00048001 0
0.000501187 0
0.000523299 0
0.000546387 0
0.000570493 0
0.000595662 0
0.000621942 0
0.000649382 0
0.000678032 0
0.000707946 0
0.00073918 0
0.000771792 0
0.000805842 0
0.000841395 0
0.000878517 0
0.000917276 0
0.000957745 0
0.001 0
0.00104412 0
0.00109018 0
0.00113828 0
0.0011885 0
0.00124094 0
0.00129569 0
0.00135285 0
0.00141254 0
0.00147486 0
0.00153993 0
0.00160787 0
0.0016788 0
0.00175287 0
0.00183021 0
0.00191095 0
0.00199526 0
0.00208329 0
0.0021752 0
0.00227117 0
0.00237137 0
0.002476 0
0.00258523 0
0.00269929 0
0.00281838 0
0.00294273 0
0.00307256 0
0.00320812 0
0.00334965 0
0.00349744 0
0.00365174 0
0.00381285 0
0.00398107 0
0.00415671 0
0.0043401 0
0.00453158 0
0.00473151 0
0.00494026 0
0.00515822 0
0.0053858 0
0.00562341 0
0.00587151 0
0.00613056 0
0.00640103 0
0.00668344 0
0.00697831 0
0.00728618 0
0.00760764 0
0.00794328 0
0.00829373 0
0.00865964 0
0.0090417 0
0.00944061 0
0.00985712 0
0.010292 0
0.0107461 0
0.0112202 0
0.0117152 0
0.0122321 0
0.0127717 0
0.0133352 0
0.0139236 0
0.0145378 0
0.0151792 0
0.0158489 0
0.0165482 0
0.0172783 0
0.0180406 0
0.0188365 0
0.0196675 0
0.0205353 0
0.0214412 0
0.0223872 0
0.0233749 0
0.0244062 0
0.025483 118.626
0.0266073 0
0.0277811 0
0.0290068 0
0.0302866 0
0.0316228 0
0.0330179 0
0.0344747 0
0.0359956 0
0.0375837 0
0.0392419 0
0.0409732 0
0.0427809 0
0.0446684 0
0.0466391 0
0.0486968 0
0.0508452 0
0.0530884 0
0.0554307 0
0.0578762 0
0.0604296 0
0.0630957 0
0.0658795 0
0.068786 41.3756
0.0718208 0
0.0749894 0
0.0782979 0
0.0817523 0
0.0853591 0
0.0891251 0
0.0930572 0
0.0971628 0
0.10145 0
0.105925 0
0.110599 82.2988
0.115478 0
0.120573 0
0.125893 51.5733
0.131447 112.35
0.137246 0
0.143301 0
0.149624 0
0.156225 0
0.163117 0
0.170314 0
0.177828 0
0.185674 92.3764
0.193865 0
0.202418 0
0.211349 23.5365
0.220673 89.28
0.230409 0
0.240575 0
0.251189 85.3345
0.262271 0
0.273842 0
0.285924 0
0.298538 0
0.311709 118.542
0.325462 251.698
0.339821 0
0.354813 391.099
0.370467 141.402
0.386812 129.925
0.403878 0
0.421697 0
0.440301 29.0329
0.459727 0
0.48001 181.692
0.501187 122.516
0.523299 158.09
0.546387 102.152
0.570493 0
0.595662 103.204
0.621942 204.506
0.649382 162.041
0.678032 153.172
0.707946 154.142
0.73918 118.922
0.771792 223.991
0.805842 127.537
0.841395 257.186
0.878517 300.188
0.917276 223.681
0.957745 502.731
1 186.758
1.04412 131.441
1.09018 91.148
1.13828 312.679
1.1885 340.338
1.24094 113.509
1.29569 139.952
1.35285 258.675
1.41254 184.691
1.47486 155.044
1.53993 468.861
1.60787 248.549
1.6788 62.4177
1.75287 283.847
1.83021 282.189
1.91095 377.405
1.99526 51.0891
2.08329 141.756
2.1752 292.789
2.27117 88.2626
2.37137 253.497
2.476 155.757
2.58523 0
2.69929 160.646
2.81838 0
2.94273 100.509
3.07256 112.432
3.20812 0
3.34965 198.676
3.49744 0
3.65174 306.142
3.81285 0
3.98107 211.809
4.15671 119.406
4.3401 231.444
4.53158 0
4.73151 176.75
4.94026 206.367
5.15822 100.212
5.3858 106.971
5.62341 0
5.87151 28.5008
6.13056 99.1558
6.40103 0
6.68344 132.805
6.97831 0
7.28618 134.16
7.60764 314.494
7.94328 56.8636
8.29373 0
8.65964 115.189
9.0417 242.806
9.44061 0
9.85712 111.532
10.292 32.4485
10.7461 45.2816
11.2202 107.585
11.7152 95.1621
12.2321 663.464
12.7717 36.9431
13.3352 0
13.9236 118.274
14.5378 232.219
15.1792 59.5612
15.8489 218.335
16.5482 188.681
17.2783 42.1947
18.0406 80.6224
18.8365 151.415
19.6675 202.471
20.5353 323.748
21.4412 0
22.3872 59.8453
23.3749 155.575
24.4062 107.513
25.483 0
26.6073 29.2543
27.7811 14.8846
29.0068 123.123
30.2866 74.3744
31.6228 88.8439
33.0179 102.761
34.4747 208.616
35.9956 103.219
37.5837 205.216
39.2419 276.486
40.9732 299.773
42.7809 431.906
44.6684 293.006
46.6391 86.7944
48.6968 213.244
50.8452 114.491
53.0884 579.308
55.4307 486.432
57.8762 422.174
60.4296 0
63.0957 506.671
65.8795 295.199
68.786 285.645
71.8208 332.059
74.9894 384.434
78.2979 578.147
81.7523 58.1902
85.3591 442.178
89.1251 207.45
93.0572 640.871
97.1628 867.353
101.45 676.007
105.925 831.918
110.599 942.218
115.478 531.374
120.573 684.819
125.893 824.233
131.447 774.418
137.246 855.273
143.301 542.489
149.624 833.733
156.225 917.861
163.117 900.518
170.314 1271.09
177.828 1334.65
185.674 1012.57
193.865 923.298
202.418 1072.74
211.349 1611.91
220.673 2142.79
230.409 2086.57
240.575 1149.21
251.189 1652.96
262.271 1701.96
273.842 2090.86
285.924 1793.51
298.538 1766.98
311.709 1085.25
325.462 1484.8
339.821 629.906
354.813 814.262
370.467 559.965
386.812 195.618
403.878 194.05
421.697 104.596
440.301 98.6386
459.727 37.1342
480.01 228.129
501.187 267.889
523.299 67.121
546.387 0
570.493 37.1852
595.662 0
621.942 0
649.382 0
678.032 0
707.946 0
739.18 0
771.792 0
805.842 0
841.395 0
878.517 0
917.276 0
957.745 0
1000 0
