# First line is two numbers 
#     First value is '2', it means 'histogram mode'
#     Second value is 'Emin' of the histogram
# Other lines : 2 columns. 1) energy 2) probability (nb divided by NbEvent)
# Number of bins = 480
# Content below the first bin: 0
# Content above the last  bin: 0
# Content above the last  bin: 0
# Number of events: 209000
2 1e-06
1.04412e-06 0
1.09018e-06 0
1.13828e-06 0
1.1885e-06 0
1.24094e-06 0
1.29569e-06 0
1.35285e-06 0
1.41254e-06 0
1.47486e-06 0
1.53993e-06 0
1.60787e-06 0
1.6788e-06 0
1.75287e-06 0
1.83021e-06 0
1.91095e-06 0
1.99526e-06 0
2.08329e-06 0
2.1752e-06 0
2.27117e-06 0
2.37137e-06 0
2.476e-06 0
2.58523e-06 0
2.69929e-06 0
2.81838e-06 0
2.94273e-06 0
3.07256e-06 0
3.20812e-06 0
3.34965e-06 0
3.49744e-06 0
3.65174e-06 0
3.81285e-06 0
3.98107e-06 0
4.15671e-06 0
4.3401e-06 0
4.53158e-06 0
4.73151e-06 0
4.94026e-06 0
5.15822e-06 0
5.3858e-06 0
5.62341e-06 0
5.87151e-06 0
6.13056e-06 0
6.40103e-06 0
6.68344e-06 0
6.97831e-06 0
7.28618e-06 0
7.60764e-06 0
7.94328e-06 0
8.29373e-06 0
8.65964e-06 0
9.0417e-06 0
9.44061e-06 0
9.85712e-06 0
1.0292e-05 0
1.07461e-05 0
1.12202e-05 0
1.17152e-05 0
1.22321e-05 0
1.27717e-05 0
1.33352e-05 0
1.39236e-05 0
1.45378e-05 0
1.51792e-05 0
1.58489e-05 0
1.65482e-05 0
1.72783e-05 0
1.80406e-05 0
1.88365e-05 0
1.96675e-05 0
2.05353e-05 0
2.14412e-05 0
2.23872e-05 0
2.33749e-05 0
2.44062e-05 0
2.5483e-05 0
2.66073e-05 0
2.77811e-05 0
2.90068e-05 0
3.02866e-05 0
3.16228e-05 0
3.30179e-05 0
3.44747e-05 0
3.59956e-05 0
3.75837e-05 0
3.92419e-05 0
4.09732e-05 0
4.27809e-05 0
4.46684e-05 0
4.66391e-05 0
4.86968e-05 0
5.08452e-05 0
5.30884e-05 0
5.54307e-05 0
5.78762e-05 0
6.04296e-05 0
6.30957e-05 0
6.58795e-05 0
6.8786e-05 0
7.18208e-05 0
7.49894e-05 0
7.82979e-05 0
8.17523e-05 0
8.53591e-05 0
8.91251e-05 0
9.30572e-05 0
9.71628e-05 0
0.00010145 0
0.000105925 0
0.000110599 0
0.000115478 0
0.000120573 0
0.000125893 0
0.000131447 0
0.000137246 0
0.000143301 0
0.000149624 0
0.000156225 0
0.000163117 0
0.000170314 0
0.000177828 0
0.000185674 0
0.000193865 0
0.000202418 0
0.000211349 0
0.000220673 0
0.000230409 0
0.000240575 0
0.000251189 0
0.000262271 0
0.000273842 0
0.000285924 0
0.000298538 0
0.000311709 0
0.000325462 0
0.000339821 0
0.000354813 0
0.000370467 0
0.000386812 0
0.000403878 0
0.000421697 0
0.000440301 0
0.000459727 0
0.00048001 0
0.000501187 0
0.000523299 0
0.000546387 0
0.000570493 0
0.000595662 0
0.000621942 0
0.000649382 0
0.000678032 0
0.000707946 0
0.00073918 0
0.000771792 0
0.000805842 0
0.000841395 0
0.000878517 0
0.000917276 0
0.000957745 0
0.001 0
0.00104412 0
0.00109018 0
0.00113828 0
0.0011885 0
0.00124094 0
0.00129569 0
0.00135285 0
0.00141254 0
0.00147486 0
0.00153993 0
0.00160787 0
0.0016788 0
0.00175287 101.524
0.00183021 0
0.00191095 0
0.00199526 0
0.00208329 0
0.0021752 0
0.00227117 0
0.00237137 0
0.002476 0
0.00258523 0
0.00269929 0
0.00281838 0
0.00294273 0
0.00307256 0
0.00320812 0
0.00334965 0
0.00349744 0
0.00365174 0
0.00381285 0
0.00398107 0
0.00415671 0
0.0043401 0
0.00453158 0
0.00473151 0
0.00494026 0
0.00515822 0
0.0053858 0
0.00562341 0
0.00587151 0
0.00613056 0
0.00640103 0
0.00668344 0
0.00697831 0
0.00728618 0
0.00760764 0
0.00794328 0
0.00829373 0
0.00865964 0
0.0090417 0
0.00944061 105.507
0.00985712 0
0.010292 0
0.0107461 0
0.0112202 29.8444
0.0117152 0
0.0122321 75.8918
0.0127717 66.2594
0.0133352 61.9667
0.0139236 116.456
0.0145378 0
0.0151792 0
0.0158489 0
0.0165482 0
0.0172783 115.518
0.0180406 70.9378
0.0188365 0
0.0196675 0
0.0205353 150.938
0.0214412 70.2199
0.0223872 75.9871
0.0233749 56.8004
0.0244062 341.603
0.025483 0
0.0266073 147.32
0.0277811 92.6472
0.0290068 94.4257
0.0302866 171.143
0.0316228 0
0.0330179 117.044
0.0344747 114.227
0.0359956 226.385
0.0375837 353.276
0.0392419 193.184
0.0409732 185.572
0.0427809 86.2333
0.0446684 212.295
0.0466391 304.092
0.0486968 569.632
0.0508452 175.002
0.0530884 404.027
0.0554307 213.007
0.0578762 291.376
0.0604296 523.387
0.0630957 282.884
0.0658795 330.957
0.068786 280.061
0.0718208 79.9241
0.0749894 107.186
0.0782979 1011.9
0.0817523 307.6
0.0853591 380.775
0.0891251 477.903
0.0930572 403.514
0.0971628 216.271
0.10145 533.718
0.105925 729.733
0.110599 441.856
0.115478 1051.9
0.120573 951.957
0.125893 697.109
0.131447 959.928
0.137246 453.019
0.143301 208.771
0.149624 691.298
0.156225 962.047
0.163117 1097.38
0.170314 656.891
0.177828 467
0.185674 448.035
0.193865 960.962
0.202418 1151.35
0.211349 938.989
0.220673 1159.99
0.230409 790.261
0.240575 1086.54
0.251189 674.829
0.262271 616.658
0.273842 951.722
0.285924 850.235
0.298538 1104.99
0.311709 840.032
0.325462 953.902
0.339821 979.879
0.354813 834.02
0.370467 952.998
0.386812 1035.77
0.403878 959.845
0.421697 786.277
0.440301 858.914
0.459727 864.856
0.48001 695.914
0.501187 869.241
0.523299 1052.38
0.546387 544.712
0.570493 1155.6
0.595662 631.861
0.621942 628.273
0.649382 822.368
0.678032 236.575
0.707946 1373.23
0.73918 831.321
0.771792 1107
0.805842 758.207
0.841395 847.584
0.878517 909.96
0.917276 600.035
0.957745 703.092
1 984.575
1.04412 795.006
1.09018 418.359
1.13828 1058.95
1.1885 683.975
1.24094 457.235
1.29569 496.784
1.35285 569.619
1.41254 670.779
1.47486 651.883
1.53993 471.296
1.60787 313.436
1.6788 206.4
1.75287 96.0921
1.83021 591.129
1.91095 568.249
1.99526 347.559
2.08329 168.105
2.1752 394.264
2.27117 329.944
2.37137 119.456
2.476 398.538
2.58523 227.617
2.69929 245.749
2.81838 169.941
2.94273 331.175
3.07256 303.131
3.20812 201.59
3.34965 500.573
3.49744 182.993
3.65174 110.86
3.81285 78.8291
3.98107 62.7666
4.15671 0
4.3401 88.0044
4.53158 72.1461
4.73151 0
4.94026 146.137
5.15822 379.558
5.3858 180.772
5.62341 62.9657
5.87151 132.619
6.13056 113.088
6.40103 332.022
6.68344 99.7771
6.97831 151.426
7.28618 315.492
7.60764 0
7.94328 233.847
8.29373 84.267
8.65964 85.6598
9.0417 163.08
9.44061 103.826
9.85712 87.6257
10.292 100.062
10.7461 72.4274
11.2202 194.082
11.7152 118.274
12.2321 0
12.7717 86.431
13.3352 159.72
13.9236 224.593
14.5378 111.962
15.1792 47.2747
15.8489 0
16.5482 53.1657
17.2783 0
18.0406 0
18.8365 70.9143
19.6675 18.6183
20.5353 180.131
21.4412 0
22.3872 54.1035
23.3749 115.668
24.4062 44.1887
25.483 93.1009
26.6073 128.503
27.7811 73.8357
29.0068 105.703
30.2866 65.2391
31.6228 93.3254
33.0179 0
34.4747 101.45
35.9956 0
37.5837 0
39.2419 0
40.9732 170.03
42.7809 314.452
44.6684 90.8931
46.6391 0
48.6968 233.763
50.8452 0
53.0884 178.714
55.4307 0
57.8762 23.0626
60.4296 90.2351
63.0957 22.3297
65.8795 284.468
68.786 480.414
71.8208 99.6105
74.9894 179.425
78.2979 260.679
81.7523 94.3994
85.3591 153.822
89.1251 332.194
93.0572 111.823
97.1628 72.7856
101.45 0
105.925 79.1798
110.599 0
115.478 193.588
120.573 0
125.893 114.536
131.447 211.936
137.246 130.078
143.301 150.158
149.624 0
156.225 66.7285
163.117 0
170.314 109.086
177.828 68.1765
185.674 34.5956
193.865 108.186
202.418 0
211.349 188.288
220.673 153.957
230.409 98.5999
240.575 31.5743
251.189 61.7721
262.271 111.146
273.842 0
285.924 108.685
298.538 0
311.709 0
325.462 0
339.821 0
354.813 0
370.467 0
386.812 0
403.878 0
421.697 0
440.301 0
459.727 0
480.01 0
501.187 0
523.299 0
546.387 0
570.493 0
595.662 0
621.942 0
649.382 0
678.032 0
707.946 0
739.18 0
771.792 0
805.842 0
841.395 0
878.517 0
917.276 0
957.745 0
1000 0
