# First line is two numbers 
#     First value is '2', it means 'histogram mode'
#     Second value is 'Emin' of the histogram
# Other lines : 2 columns. 1) energy 2) probability (nb divided by NbEvent)
# Number of bins = 480
# Content below the first bin: 0
# Content above the last  bin: 0
# Content above the last  bin: 0
# Number of events: 209000
2 1e-06
1.04412e-06 0
1.09018e-06 0
1.13828e-06 0
1.1885e-06 0
1.24094e-06 0
1.29569e-06 0
1.35285e-06 0
1.41254e-06 0
1.47486e-06 0
1.53993e-06 0
1.60787e-06 0
1.6788e-06 0
1.75287e-06 0
1.83021e-06 0
1.91095e-06 0
1.99526e-06 0
2.08329e-06 0
2.1752e-06 0
2.27117e-06 0
2.37137e-06 0
2.476e-06 0
2.58523e-06 0
2.69929e-06 0
2.81838e-06 0
2.94273e-06 0
3.07256e-06 0
3.20812e-06 0
3.34965e-06 0
3.49744e-06 0
3.65174e-06 0
3.81285e-06 0
3.98107e-06 0
4.15671e-06 0
4.3401e-06 0
4.53158e-06 0
4.73151e-06 0
4.94026e-06 0
5.15822e-06 0
5.3858e-06 0
5.62341e-06 0
5.87151e-06 0
6.13056e-06 0
6.40103e-06 0
6.68344e-06 0
6.97831e-06 0
7.28618e-06 0
7.60764e-06 0
7.94328e-06 0
8.29373e-06 0
8.65964e-06 0
9.0417e-06 0
9.44061e-06 0
9.85712e-06 0
1.0292e-05 0
1.07461e-05 0
1.12202e-05 0
1.17152e-05 0
1.22321e-05 0
1.27717e-05 0
1.33352e-05 0
1.39236e-05 0
1.45378e-05 0
1.51792e-05 0
1.58489e-05 0
1.65482e-05 0
1.72783e-05 0
1.80406e-05 0
1.88365e-05 0
1.96675e-05 0
2.05353e-05 0
2.14412e-05 0
2.23872e-05 0
2.33749e-05 0
2.44062e-05 0
2.5483e-05 0
2.66073e-05 0
2.77811e-05 0
2.90068e-05 0
3.02866e-05 0
3.16228e-05 0
3.30179e-05 0
3.44747e-05 0
3.59956e-05 0
3.75837e-05 0
3.92419e-05 0
4.09732e-05 0
4.27809e-05 0
4.46684e-05 0
4.66391e-05 0
4.86968e-05 0
5.08452e-05 0
5.30884e-05 0
5.54307e-05 0
5.78762e-05 0
6.04296e-05 0
6.30957e-05 0
6.58795e-05 0
6.8786e-05 0
7.18208e-05 0
7.49894e-05 0
7.82979e-05 0
8.17523e-05 0
8.53591e-05 0
8.91251e-05 0
9.30572e-05 0
9.71628e-05 0
0.00010145 0
0.000105925 0
0.000110599 0
0.000115478 0
0.000120573 0
0.000125893 0
0.000131447 0
0.000137246 0
0.000143301 0
0.000149624 0
0.000156225 0
0.000163117 0
0.000170314 0
0.000177828 0
0.000185674 0
0.000193865 0
0.000202418 0
0.000211349 0
0.000220673 0
0.000230409 0
0.000240575 0
0.000251189 0
0.000262271 0
0.000273842 0
0.000285924 0
0.000298538 0
0.000311709 0
0.000325462 0
0.000339821 0
0.000354813 0
0.000370467 0
0.000386812 0
0.000403878 0
0.000421697 0
0.000440301 0
0.000459727 0
0.00048001 0
0.000501187 0
0.000523299 0
0.000546387 0
0.000570493 0
0.000595662 0
0.000621942 0
0.000649382 0
0.000678032 0
0.000707946 0
0.00073918 0
0.000771792 0
0.000805842 0
0.000841395 0
0.000878517 0
0.000917276 0
0.000957745 0
0.001 0
0.00104412 0
0.00109018 0
0.00113828 0
0.0011885 0
0.00124094 0
0.00129569 0
0.00135285 0
0.00141254 0
0.00147486 0
0.00153993 0
0.00160787 0
0.0016788 0
0.00175287 0
0.00183021 0
0.00191095 0
0.00199526 0
0.00208329 0
0.0021752 0
0.00227117 0
0.00237137 0
0.002476 0
0.00258523 0
0.00269929 0
0.00281838 0
0.00294273 70.0204
0.00307256 0
0.00320812 0
0.00334965 0
0.00349744 0
0.00365174 0
0.00381285 0
0.00398107 0
0.00415671 0
0.0043401 0
0.00453158 0
0.00473151 0
0.00494026 0
0.00515822 0
0.0053858 0
0.00562341 0
0.00587151 0
0.00613056 0
0.00640103 0
0.00668344 0
0.00697831 0
0.00728618 0
0.00760764 0
0.00794328 0
0.00829373 0
0.00865964 0
0.0090417 0
0.00944061 0
0.00985712 0
0.010292 51.8336
0.0107461 0
0.0112202 0
0.0117152 0
0.0122321 0
0.0127717 81.0978
0.0133352 0
0.0139236 0
0.0145378 0
0.0151792 90.4526
0.0158489 0
0.0165482 0
0.0172783 67.547
0.0180406 0
0.0188365 203.905
0.0196675 0
0.0205353 216.721
0.0214412 206.584
0.0223872 105.044
0.0233749 470.012
0.0244062 237.314
0.025483 102.241
0.0266073 265.235
0.0277811 184.563
0.0290068 0
0.0302866 108.593
0.0316228 266.258
0.0330179 113.049
0.0344747 204.08
0.0359956 111.26
0.0375837 214.235
0.0392419 347.544
0.0409732 240.375
0.0427809 117.583
0.0446684 243.521
0.0466391 22.8722
0.0486968 78.8919
0.0508452 663.1
0.0530884 231.901
0.0554307 122.945
0.0578762 125.701
0.0604296 670.433
0.0630957 405.14
0.0658795 288.599
0.068786 384.011
0.0718208 205.784
0.0749894 582.876
0.0782979 542.081
0.0817523 477.861
0.0853591 648.549
0.0891251 628.505
0.0930572 268.19
0.0971628 715.409
0.10145 699.223
0.105925 480.209
0.110599 375.257
0.115478 720.961
0.120573 755.301
0.125893 549.005
0.131447 963.744
0.137246 313.299
0.143301 482.48
0.149624 595.567
0.156225 526.243
0.163117 1018.42
0.170314 503.191
0.177828 411.366
0.185674 1093.72
0.193865 1063.5
0.202418 515.207
0.211349 1053.71
0.220673 915.566
0.230409 1283.32
0.240575 1130.04
0.251189 898.434
0.262271 851.648
0.273842 898.318
0.285924 1592.63
0.298538 1055.22
0.311709 1447.5
0.325462 487.277
0.339821 1112.19
0.354813 1056.91
0.370467 1183.26
0.386812 1383.26
0.403878 1004.85
0.421697 1710.68
0.440301 1187.25
0.459727 1152.57
0.48001 1059.14
0.501187 1131.38
0.523299 1654.66
0.546387 1347.83
0.570493 560.475
0.595662 426.249
0.621942 1025.89
0.649382 1251.6
0.678032 688.137
0.707946 621.751
0.73918 479.21
0.771792 778.225
0.805842 583.42
0.841395 787.036
0.878517 879.535
0.917276 800.759
0.957745 878.276
1 1005.66
1.04412 292.218
1.09018 530.469
1.13828 249.516
1.1885 195.493
1.24094 369.631
1.29569 272.388
1.35285 450.588
1.41254 461.448
1.47486 434.304
1.53993 52.7945
1.60787 415.248
1.6788 330.622
1.75287 363.099
1.83021 226.86
1.91095 374.803
1.99526 135.507
2.08329 111.117
2.1752 270.72
2.27117 194.271
2.37137 349.996
2.476 262.087
2.58523 265.953
2.69929 332.436
2.81838 254.223
2.94273 98.7412
3.07256 300.667
3.20812 494.979
3.34965 0
3.49744 184.451
3.65174 265.147
3.81285 55.1331
3.98107 199.155
4.15671 304.149
4.3401 410.597
4.53158 266.414
4.73151 60.2383
4.94026 0
5.15822 106.945
5.3858 301.164
5.62341 114.193
5.87151 99.8157
6.13056 0
6.40103 136.145
6.68344 0
6.97831 40.3824
7.28618 180.278
7.60764 194.5
7.94328 208.914
8.29373 0
8.65964 0
9.0417 95.3128
9.44061 137.858
9.85712 0
10.292 150.527
10.7461 186.894
11.2202 148.953
11.7152 0
12.2321 289.996
12.7717 91.8317
13.3352 115.098
13.9236 112.938
14.5378 45.3516
15.1792 110.456
15.8489 174.13
16.5482 187.762
17.2783 0
18.0406 110.716
18.8365 79.3383
19.6675 171.108
20.5353 113.675
21.4412 75.9779
22.3872 187.686
23.3749 248.348
24.4062 0
25.483 189.986
26.6073 112.488
27.7811 0
29.0068 83.1173
30.2866 0
31.6228 0
33.0179 118.317
34.4747 164.954
35.9956 0
37.5837 103.109
39.2419 180.959
40.9732 0
42.7809 17.6661
44.6684 44.4267
46.6391 167.313
48.6968 390.375
50.8452 45.6955
53.0884 185.181
55.4307 210.41
57.8762 74.756
60.4296 199.222
63.0957 84.2808
65.8795 102.972
68.786 180.233
71.8208 313.97
74.9894 63.0519
78.2979 103.515
81.7523 0
85.3591 0
89.1251 271.483
93.0572 143.663
97.1628 80.2414
101.45 225.036
105.925 31.0641
110.599 118.701
115.478 174.693
120.573 96.2192
125.893 35.2002
131.447 208.517
137.246 126.164
143.301 0
149.624 142.867
156.225 0
163.117 57.4386
170.314 0
177.828 0
185.674 89.3737
193.865 223.987
202.418 192.191
211.349 0
220.673 111.343
230.409 117.999
240.575 102.103
251.189 59.7923
262.271 0
273.842 130.526
285.924 115.531
298.538 0
311.709 0
325.462 0
339.821 0
354.813 0
370.467 0
386.812 0
403.878 0
421.697 0
440.301 0
459.727 0
480.01 0
501.187 0
523.299 0
546.387 0
570.493 0
595.662 0
621.942 0
649.382 0
678.032 0
707.946 0
739.18 0
771.792 0
805.842 0
841.395 0
878.517 0
917.276 0
957.745 0
1000 0
