# First line is two numbers 
#     First value is '2', it means 'histogram mode'
#     Second value is 'Emin' of the histogram
# Other lines : 2 columns. 1) energy 2) probability (nb divided by NbEvent)
# Number of bins = 480
# Content below the first bin: 0
# Content above the last  bin: 0
# Content above the last  bin: 0
# Number of events: 209000
2 1e-06
1.04412e-06 0
1.09018e-06 0
1.13828e-06 0
1.1885e-06 0
1.24094e-06 0
1.29569e-06 0
1.35285e-06 0
1.41254e-06 0
1.47486e-06 0
1.53993e-06 0
1.60787e-06 0
1.6788e-06 0
1.75287e-06 0
1.83021e-06 0
1.91095e-06 0
1.99526e-06 0
2.08329e-06 0
2.1752e-06 0
2.27117e-06 0
2.37137e-06 0
2.476e-06 0
2.58523e-06 0
2.69929e-06 0
2.81838e-06 0
2.94273e-06 0
3.07256e-06 0
3.20812e-06 0
3.34965e-06 0
3.49744e-06 0
3.65174e-06 0
3.81285e-06 0
3.98107e-06 0
4.15671e-06 0
4.3401e-06 0
4.53158e-06 0
4.73151e-06 0
4.94026e-06 0
5.15822e-06 0
5.3858e-06 0
5.62341e-06 0
5.87151e-06 0
6.13056e-06 0
6.40103e-06 0
6.68344e-06 0
6.97831e-06 0
7.28618e-06 0
7.60764e-06 0
7.94328e-06 0
8.29373e-06 0
8.65964e-06 0
9.0417e-06 0
9.44061e-06 0
9.85712e-06 0
1.0292e-05 0
1.07461e-05 0
1.12202e-05 0
1.17152e-05 0
1.22321e-05 0
1.27717e-05 0
1.33352e-05 0
1.39236e-05 0
1.45378e-05 0
1.51792e-05 0
1.58489e-05 0
1.65482e-05 0
1.72783e-05 0
1.80406e-05 0
1.88365e-05 0
1.96675e-05 0
2.05353e-05 0
2.14412e-05 0
2.23872e-05 0
2.33749e-05 0
2.44062e-05 0
2.5483e-05 0
2.66073e-05 0
2.77811e-05 0
2.90068e-05 0
3.02866e-05 0
3.16228e-05 0
3.30179e-05 0
3.44747e-05 0
3.59956e-05 0
3.75837e-05 0
3.92419e-05 0
4.09732e-05 0
4.27809e-05 0
4.46684e-05 0
4.66391e-05 0
4.86968e-05 0
5.08452e-05 0
5.30884e-05 0
5.54307e-05 0
5.78762e-05 0
6.04296e-05 0
6.30957e-05 0
6.58795e-05 0
6.8786e-05 0
7.18208e-05 0
7.49894e-05 0
7.82979e-05 0
8.17523e-05 0
8.53591e-05 0
8.91251e-05 0
9.30572e-05 0
9.71628e-05 0
0.00010145 0
0.000105925 0
0.000110599 0
0.000115478 0
0.000120573 0
0.000125893 0
0.000131447 0
0.000137246 0
0.000143301 0
0.000149624 0
0.000156225 0
0.000163117 0
0.000170314 0
0.000177828 0
0.000185674 0
0.000193865 0
0.000202418 0
0.000211349 0
0.000220673 0
0.000230409 0
0.000240575 0
0.000251189 0
0.000262271 0
0.000273842 0
0.000285924 0
0.000298538 0
0.000311709 0
0.000325462 0
0.000339821 0
0.000354813 0
0.000370467 0
0.000386812 0
0.000403878 0
0.000421697 0
0.000440301 0
0.000459727 0
0.00048001 0
0.000501187 0
0.000523299 0
0.000546387 0
0.000570493 0
0.000595662 0
0.000621942 0
0.000649382 0
0.000678032 0
0.000707946 0
0.00073918 0
0.000771792 0
0.000805842 0
0.000841395 0
0.000878517 0
0.000917276 0
0.000957745 0
0.001 0
0.00104412 0
0.00109018 0
0.00113828 0
0.0011885 0
0.00124094 0
0.00129569 0
0.00135285 0
0.00141254 0
0.00147486 0
0.00153993 0
0.00160787 0
0.0016788 0
0.00175287 0
0.00183021 0
0.00191095 0
0.00199526 0
0.00208329 0
0.0021752 0
0.00227117 0
0.00237137 0
0.002476 0
0.00258523 0
0.00269929 0
0.00281838 0
0.00294273 0
0.00307256 0
0.00320812 0
0.00334965 0
0.00349744 0
0.00365174 164.74
0.00381285 0
0.00398107 0
0.00415671 108.503
0.0043401 0
0.00453158 0
0.00473151 0
0.00494026 0
0.00515822 0
0.0053858 0
0.00562341 0
0.00587151 0
0.00613056 0
0.00640103 0
0.00668344 0
0.00697831 0
0.00728618 0
0.00760764 23.2983
0.00794328 65.5464
0.00829373 0
0.00865964 0
0.0090417 0
0.00944061 185.176
0.00985712 106.404
0.010292 0
0.0107461 0
0.0112202 32.7296
0.0117152 65.674
0.0122321 87.8223
0.0127717 108.12
0.0133352 118.825
0.0139236 0
0.0145378 0
0.0151792 51.0879
0.0158489 219.553
0.0165482 47.7902
0.0172783 173.03
0.0180406 0
0.0188365 0
0.0196675 0
0.0205353 106.139
0.0214412 224.153
0.0223872 0
0.0233749 0
0.0244062 220.471
0.025483 399.335
0.0266073 40.675
0.0277811 128.161
0.0290068 105.092
0.0302866 379.104
0.0316228 171.027
0.0330179 154.717
0.0344747 174.132
0.0359956 447.654
0.0375837 27.8985
0.0392419 407.51
0.0409732 558.034
0.0427809 177.098
0.0446684 329.014
0.0466391 315.698
0.0486968 643.065
0.0508452 443.386
0.0530884 553.259
0.0554307 419.675
0.0578762 211.681
0.0604296 212.912
0.0630957 547.924
0.0658795 505.528
0.068786 615.42
0.0718208 464.426
0.0749894 296.388
0.0782979 786.742
0.0817523 325.562
0.0853591 557.529
0.0891251 668.349
0.0930572 439.339
0.0971628 904.616
0.10145 678.943
0.105925 408.755
0.110599 1193.2
0.115478 714.764
0.120573 1268.35
0.125893 1138.72
0.131447 743.148
0.137246 686.025
0.143301 853.378
0.149624 1128.94
0.156225 1045.57
0.163117 1701.76
0.170314 1671.35
0.177828 1156.14
0.185674 1067.87
0.193865 935.982
0.202418 971.52
0.211349 1255.43
0.220673 936.266
0.230409 1171.54
0.240575 751.45
0.251189 1213.2
0.262271 907.689
0.273842 1266.54
0.285924 1497.04
0.298538 1170.85
0.311709 1607.16
0.325462 1486.17
0.339821 885.472
0.354813 1098.78
0.370467 1477.21
0.386812 1101.09
0.403878 1663.51
0.421697 1323.94
0.440301 1103.44
0.459727 1877.21
0.48001 1315.31
0.501187 1068.71
0.523299 1278.06
0.546387 846.589
0.570493 1710.17
0.595662 1382.83
0.621942 1836.67
0.649382 1112.9
0.678032 996.045
0.707946 951.917
0.73918 957.492
0.771792 1117.04
0.805842 932.727
0.841395 1312.71
0.878517 1427.17
0.917276 1206.47
0.957745 1046.71
1 1756.91
1.04412 825.286
1.09018 969.905
1.13828 872.593
1.1885 909.806
1.24094 649.072
1.29569 719.672
1.35285 684.062
1.41254 554.663
1.47486 445.294
1.53993 336.594
1.60787 690.697
1.6788 487.832
1.75287 406.368
1.83021 316.715
1.91095 532.341
1.99526 718.001
2.08329 190.882
2.1752 351.224
2.27117 515.053
2.37137 153.167
2.476 421.913
2.58523 407.837
2.69929 340.969
2.81838 116.758
2.94273 147.37
3.07256 356.909
3.20812 0
3.34965 62.9286
3.49744 210.877
3.65174 60.3628
3.81285 166.478
3.98107 335.271
4.15671 68.1148
4.3401 0
4.53158 118.371
4.73151 232.079
4.94026 139.054
5.15822 95.8441
5.3858 73.6112
5.62341 333.098
5.87151 328.025
6.13056 204.832
6.40103 95.9587
6.68344 91.7574
6.97831 347.583
7.28618 252.585
7.60764 0
7.94328 321.188
8.29373 0
8.65964 43.4477
9.0417 91.4387
9.44061 118.054
9.85712 170.44
10.292 194.919
10.7461 149.131
11.2202 63.3171
11.7152 0
12.2321 68.6536
12.7717 127.275
13.3352 303.212
13.9236 250.927
14.5378 0
15.1792 22.6767
15.8489 0
16.5482 175.895
17.2783 143.817
18.0406 0
18.8365 240.847
19.6675 0
20.5353 292.913
21.4412 0
22.3872 227.874
23.3749 68.0311
24.4062 148.955
25.483 84.1546
26.6073 0
27.7811 100.242
29.0068 347.226
30.2866 0
31.6228 184.298
33.0179 225.631
34.4747 116.486
35.9956 146.477
37.5837 0
39.2419 0
40.9732 0
42.7809 363.352
44.6684 225.104
46.6391 190.351
48.6968 299.88
50.8452 563.689
53.0884 373.169
55.4307 415.921
57.8762 135.047
60.4296 328.496
63.0957 0
65.8795 542.9
68.786 89.3367
71.8208 256.152
74.9894 200.073
78.2979 392.531
81.7523 403.277
85.3591 119.075
89.1251 180.412
93.0572 214.822
97.1628 359.515
101.45 405.399
105.925 371.998
110.599 279.87
115.478 241.927
120.573 180.014
125.893 270.331
131.447 108.503
137.246 319.54
143.301 723.767
149.624 482.866
156.225 242.378
163.117 268.215
170.314 282.72
177.828 197.431
185.674 951.251
193.865 674.891
202.418 681.31
211.349 490.051
220.673 681.793
230.409 365.744
240.575 829.433
251.189 1176.48
262.271 638.041
273.842 751.334
285.924 597.091
298.538 670.263
311.709 960.337
325.462 977.754
339.821 412.554
354.813 660.501
370.467 750.468
386.812 1019.75
403.878 245.246
421.697 450.805
440.301 366.197
459.727 415.761
480.01 305.011
501.187 189.058
523.299 157.999
546.387 0
570.493 109.874
595.662 0
621.942 35.7713
649.382 0
678.032 0
707.946 0
739.18 0
771.792 0
805.842 0
841.395 0
878.517 0
917.276 0
957.745 0
1000 0
