# First line is two numbers 
#     First value is '2', it means 'histogram mode'
#     Second value is 'Emin' of the histogram
# Other lines : 2 columns. 1) energy 2) probability (nb divided by NbEvent)
# Number of bins = 480
# Content below the first bin: 0
# Content above the last  bin: 0
# Content above the last  bin: 0
# Number of events: 209000
2 1e-06
1.04412e-06 0
1.09018e-06 0
1.13828e-06 0
1.1885e-06 0
1.24094e-06 0
1.29569e-06 0
1.35285e-06 0
1.41254e-06 0
1.47486e-06 0
1.53993e-06 0
1.60787e-06 0
1.6788e-06 0
1.75287e-06 0
1.83021e-06 0
1.91095e-06 0
1.99526e-06 0
2.08329e-06 0
2.1752e-06 0
2.27117e-06 0
2.37137e-06 0
2.476e-06 0
2.58523e-06 0
2.69929e-06 0
2.81838e-06 0
2.94273e-06 0
3.07256e-06 0
3.20812e-06 0
3.34965e-06 0
3.49744e-06 0
3.65174e-06 0
3.81285e-06 0
3.98107e-06 0
4.15671e-06 0
4.3401e-06 0
4.53158e-06 0
4.73151e-06 0
4.94026e-06 0
5.15822e-06 0
5.3858e-06 0
5.62341e-06 0
5.87151e-06 0
6.13056e-06 0
6.40103e-06 0
6.68344e-06 0
6.97831e-06 0
7.28618e-06 0
7.60764e-06 0
7.94328e-06 0
8.29373e-06 0
8.65964e-06 0
9.0417e-06 0
9.44061e-06 0
9.85712e-06 0
1.0292e-05 0
1.07461e-05 0
1.12202e-05 0
1.17152e-05 0
1.22321e-05 0
1.27717e-05 0
1.33352e-05 0
1.39236e-05 0
1.45378e-05 0
1.51792e-05 0
1.58489e-05 0
1.65482e-05 0
1.72783e-05 0
1.80406e-05 0
1.88365e-05 0
1.96675e-05 0
2.05353e-05 0
2.14412e-05 0
2.23872e-05 0
2.33749e-05 0
2.44062e-05 0
2.5483e-05 0
2.66073e-05 0
2.77811e-05 0
2.90068e-05 0
3.02866e-05 0
3.16228e-05 0
3.30179e-05 0
3.44747e-05 0
3.59956e-05 0
3.75837e-05 0
3.92419e-05 0
4.09732e-05 0
4.27809e-05 0
4.46684e-05 0
4.66391e-05 0
4.86968e-05 0
5.08452e-05 0
5.30884e-05 0
5.54307e-05 0
5.78762e-05 0
6.04296e-05 0
6.30957e-05 0
6.58795e-05 0
6.8786e-05 0
7.18208e-05 0
7.49894e-05 0
7.82979e-05 0
8.17523e-05 0
8.53591e-05 0
8.91251e-05 0
9.30572e-05 0
9.71628e-05 0
0.00010145 0
0.000105925 0
0.000110599 0
0.000115478 0
0.000120573 0
0.000125893 0
0.000131447 0
0.000137246 0
0.000143301 0
0.000149624 0
0.000156225 0
0.000163117 0
0.000170314 0
0.000177828 0
0.000185674 0
0.000193865 0
0.000202418 0
0.000211349 0
0.000220673 0
0.000230409 0
0.000240575 0
0.000251189 0
0.000262271 0
0.000273842 0
0.000285924 0
0.000298538 0
0.000311709 0
0.000325462 0
0.000339821 0
0.000354813 0
0.000370467 0
0.000386812 0
0.000403878 0
0.000421697 0
0.000440301 0
0.000459727 0
0.00048001 0
0.000501187 0
0.000523299 0
0.000546387 0
0.000570493 0
0.000595662 0
0.000621942 0
0.000649382 0
0.000678032 0
0.000707946 0
0.00073918 0
0.000771792 0
0.000805842 0
0.000841395 0
0.000878517 0
0.000917276 0
0.000957745 0
0.001 0
0.00104412 0
0.00109018 0
0.00113828 0
0.0011885 0
0.00124094 0
0.00129569 0
0.00135285 0
0.00141254 0
0.00147486 0
0.00153993 0
0.00160787 0
0.0016788 0
0.00175287 0
0.00183021 0
0.00191095 0
0.00199526 0
0.00208329 0
0.0021752 0
0.00227117 0
0.00237137 0
0.002476 0
0.00258523 0
0.00269929 0
0.00281838 0
0.00294273 0
0.00307256 0
0.00320812 0
0.00334965 0
0.00349744 0
0.00365174 0
0.00381285 0
0.00398107 0
0.00415671 0
0.0043401 0
0.00453158 0
0.00473151 0
0.00494026 0
0.00515822 98.3597
0.0053858 0
0.00562341 0
0.00587151 0
0.00613056 0
0.00640103 117.269
0.00668344 0
0.00697831 0
0.00728618 0
0.00760764 0
0.00794328 0
0.00829373 76.6046
0.00865964 0
0.0090417 0
0.00944061 0
0.00985712 0
0.010292 0
0.0107461 0
0.0112202 0
0.0117152 0
0.0122321 0
0.0127717 260.906
0.0133352 0
0.0139236 62.8647
0.0145378 110.209
0.0151792 84.1741
0.0158489 168.577
0.0165482 0
0.0172783 268.76
0.0180406 0
0.0188365 232.262
0.0196675 0
0.0205353 173.235
0.0214412 95.2129
0.0223872 0
0.0233749 300.955
0.0244062 171.629
0.025483 0
0.0266073 119.33
0.0277811 326.576
0.0290068 249.125
0.0302866 116.817
0.0316228 332.26
0.0330179 292.814
0.0344747 144.757
0.0359956 215.81
0.0375837 230.752
0.0392419 272.283
0.0409732 33.961
0.0427809 363.121
0.0446684 515.56
0.0466391 116.194
0.0486968 161.344
0.0508452 577.451
0.0530884 449.019
0.0554307 410.138
0.0578762 113.138
0.0604296 265.343
0.0630957 711.196
0.0658795 309.641
0.068786 289.253
0.0718208 941.645
0.0749894 584.66
0.0782979 202.896
0.0817523 449.231
0.0853591 159.89
0.0891251 588.891
0.0930572 855.224
0.0971628 495.236
0.10145 832.744
0.105925 912.988
0.110599 1115.18
0.115478 657.414
0.120573 964.287
0.125893 993.844
0.131447 1570.43
0.137246 391.658
0.143301 883.548
0.149624 1274.35
0.156225 1177.41
0.163117 880.419
0.170314 628.159
0.177828 1002.52
0.185674 1966.02
0.193865 1803.87
0.202418 1292.09
0.211349 1528.01
0.220673 1000.73
0.230409 1193.44
0.240575 1450.57
0.251189 1185.18
0.262271 741.771
0.273842 1451.32
0.285924 1073.36
0.298538 1453.04
0.311709 752.752
0.325462 795.914
0.339821 1777.42
0.354813 1224.66
0.370467 1247.61
0.386812 1767.2
0.403878 1121.84
0.421697 1309.42
0.440301 1313.39
0.459727 1400.23
0.48001 1278.55
0.501187 1521.84
0.523299 1137.79
0.546387 1106.53
0.570493 829.368
0.595662 1233.04
0.621942 1321.18
0.649382 1381.27
0.678032 1187.85
0.707946 1043.29
0.73918 888.503
0.771792 914.029
0.805842 1195.41
0.841395 892.703
0.878517 821.183
0.917276 621.376
0.957745 600.277
1 372.534
1.04412 592.201
1.09018 752.024
1.13828 776.285
1.1885 602.231
1.24094 556.86
1.29569 504.5
1.35285 702.813
1.41254 446.363
1.47486 452.44
1.53993 783.435
1.60787 266.877
1.6788 136.612
1.75287 332.42
1.83021 395.922
1.91095 380.616
1.99526 759.887
2.08329 528.37
2.1752 407.842
2.27117 309.776
2.37137 299.743
2.476 138.541
2.58523 469.447
2.69929 251.993
2.81838 181.746
2.94273 395.857
3.07256 205.802
3.20812 138.707
3.34965 165.247
3.49744 139.256
3.65174 0
3.81285 356.596
3.98107 224.2
4.15671 291.556
4.3401 0
4.53158 388.453
4.73151 111.917
4.94026 216.858
5.15822 0
5.3858 102.873
5.62341 70.8055
5.87151 153.389
6.13056 0
6.40103 147.609
6.68344 27.8861
6.97831 166.724
7.28618 0
7.60764 166.278
7.94328 151.55
8.29373 419.994
8.65964 311.603
9.0417 218.078
9.44061 82.2583
9.85712 0
10.292 64.2192
10.7461 338.991
11.2202 288.381
11.7152 0
12.2321 31.8011
12.7717 97.0306
13.3352 128.018
13.9236 0
14.5378 115.131
15.1792 114.763
15.8489 0
16.5482 0
17.2783 0
18.0406 143.941
18.8365 0
19.6675 0
20.5353 131.964
21.4412 97.0129
22.3872 275.872
23.3749 113.495
24.4062 78.5215
25.483 132.23
26.6073 407.077
27.7811 0
29.0068 63.8338
30.2866 0
31.6228 90.28
33.0179 16.4489
34.4747 417.162
35.9956 104.606
37.5837 96.2454
39.2419 119.687
40.9732 277.008
42.7809 164.314
44.6684 178.258
46.6391 471.158
48.6968 484.1
50.8452 35.53
53.0884 328.715
55.4307 245.98
57.8762 238.046
60.4296 110.436
63.0957 345.349
65.8795 153.952
68.786 269.414
71.8208 343.463
74.9894 482.581
78.2979 331.18
81.7523 608.622
85.3591 68.6398
89.1251 268.482
93.0572 57.2183
97.1628 330.025
101.45 59.1569
105.925 396.029
110.599 427.706
115.478 388.53
120.573 223.744
125.893 367.535
131.447 201.953
137.246 351.6
143.301 388.196
149.624 320.981
156.225 232.08
163.117 209.53
170.314 271.714
177.828 329.303
185.674 768.256
193.865 254.985
202.418 598.156
211.349 104.872
220.673 810.818
230.409 571.85
240.575 605.509
251.189 590.901
262.271 1105.66
273.842 813.922
285.924 852.842
298.538 1274.97
311.709 1087.67
325.462 1038.05
339.821 744.365
354.813 810.08
370.467 897.079
386.812 478.761
403.878 544.316
421.697 483.541
440.301 363.382
459.727 116.89
480.01 268.705
501.187 0
523.299 209.971
546.387 33.0788
570.493 143.174
595.662 0
621.942 0
649.382 0
678.032 0
707.946 0
739.18 0
771.792 0
805.842 0
841.395 0
878.517 0
917.276 0
957.745 0
1000 0
