# First line is two numbers 
#     First value is '2', it means 'histogram mode'
#     Second value is 'Emin' of the histogram
# Other lines : 2 columns. 1) energy 2) probability (nb divided by NbEvent)
# Number of bins = 480
# Content below the first bin: 0
# Content above the last  bin: 0
# Content above the last  bin: 0
# Number of events: 209000
2 1e-06
1.04412e-06 0
1.09018e-06 0
1.13828e-06 0
1.1885e-06 0
1.24094e-06 0
1.29569e-06 0
1.35285e-06 0
1.41254e-06 0
1.47486e-06 0
1.53993e-06 0
1.60787e-06 0
1.6788e-06 0
1.75287e-06 0
1.83021e-06 0
1.91095e-06 0
1.99526e-06 0
2.08329e-06 0
2.1752e-06 0
2.27117e-06 0
2.37137e-06 0
2.476e-06 0
2.58523e-06 0
2.69929e-06 0
2.81838e-06 0
2.94273e-06 0
3.07256e-06 0
3.20812e-06 0
3.34965e-06 0
3.49744e-06 0
3.65174e-06 0
3.81285e-06 0
3.98107e-06 0
4.15671e-06 0
4.3401e-06 0
4.53158e-06 0
4.73151e-06 0
4.94026e-06 0
5.15822e-06 0
5.3858e-06 0
5.62341e-06 0
5.87151e-06 0
6.13056e-06 0
6.40103e-06 0
6.68344e-06 0
6.97831e-06 0
7.28618e-06 0
7.60764e-06 0
7.94328e-06 0
8.29373e-06 0
8.65964e-06 0
9.0417e-06 0
9.44061e-06 0
9.85712e-06 0
1.0292e-05 0
1.07461e-05 0
1.12202e-05 0
1.17152e-05 0
1.22321e-05 0
1.27717e-05 0
1.33352e-05 0
1.39236e-05 0
1.45378e-05 0
1.51792e-05 0
1.58489e-05 0
1.65482e-05 0
1.72783e-05 0
1.80406e-05 0
1.88365e-05 0
1.96675e-05 0
2.05353e-05 0
2.14412e-05 0
2.23872e-05 0
2.33749e-05 0
2.44062e-05 0
2.5483e-05 0
2.66073e-05 0
2.77811e-05 0
2.90068e-05 0
3.02866e-05 0
3.16228e-05 0
3.30179e-05 0
3.44747e-05 0
3.59956e-05 0
3.75837e-05 0
3.92419e-05 0
4.09732e-05 0
4.27809e-05 0
4.46684e-05 0
4.66391e-05 0
4.86968e-05 0
5.08452e-05 0
5.30884e-05 0
5.54307e-05 0
5.78762e-05 0
6.04296e-05 0
6.30957e-05 0
6.58795e-05 0
6.8786e-05 0
7.18208e-05 0
7.49894e-05 0
7.82979e-05 0
8.17523e-05 0
8.53591e-05 0
8.91251e-05 0
9.30572e-05 0
9.71628e-05 0
0.00010145 0
0.000105925 0
0.000110599 0
0.000115478 0
0.000120573 0
0.000125893 0
0.000131447 0
0.000137246 0
0.000143301 0
0.000149624 0
0.000156225 0
0.000163117 1
0.000170314 0
0.000177828 0
0.000185674 0
0.000193865 0
0.000202418 0
0.000211349 0
0.000220673 0
0.000230409 0
0.000240575 0
0.000251189 0
0.000262271 0
0.000273842 0
0.000285924 0
0.000298538 0
0.000311709 0
0.000325462 0
0.000339821 0
0.000354813 0
0.000370467 0
0.000386812 0
0.000403878 0
0.000421697 0
0.000440301 0
0.000459727 0
0.00048001 0
0.000501187 0
0.000523299 0
0.000546387 0
0.000570493 1
0.000595662 0
0.000621942 0
0.000649382 0
0.000678032 0
0.000707946 1
0.00073918 0
0.000771792 0
0.000805842 0
0.000841395 0
0.000878517 0
0.000917276 0
0.000957745 0
0.001 0
0.00104412 0
0.00109018 0
0.00113828 0
0.0011885 1
0.00124094 1
0.00129569 0
0.00135285 0
0.00141254 0
0.00147486 0
0.00153993 0
0.00160787 0
0.0016788 0
0.00175287 0
0.00183021 0
0.00191095 0
0.00199526 0
0.00208329 0
0.0021752 0
0.00227117 0
0.00237137 0
0.002476 0
0.00258523 0
0.00269929 1
0.00281838 1
0.00294273 2
0.00307256 2
0.00320812 0
0.00334965 2
0.00349744 1
0.00365174 0
0.00381285 0
0.00398107 0
0.00415671 0
0.0043401 0
0.00453158 0
0.00473151 2
0.00494026 1
0.00515822 3
0.0053858 0
0.00562341 2
0.00587151 0
0.00613056 1
0.00640103 0
0.00668344 1
0.00697831 1
0.00728618 0
0.00760764 2
0.00794328 2
0.00829373 1
0.00865964 4
0.0090417 0
0.00944061 3
0.00985712 5
0.010292 2
0.0107461 6
0.0112202 6
0.0117152 3
0.0122321 6
0.0127717 6
0.0133352 6
0.0139236 5
0.0145378 8
0.0151792 0
0.0158489 8
0.0165482 7
0.0172783 6
0.0180406 2
0.0188365 10
0.0196675 12
0.0205353 18
0.0214412 13
0.0223872 11
0.0233749 12
0.0244062 12
0.025483 13
0.0266073 17
0.0277811 13
0.0290068 14
0.0302866 21
0.0316228 20
0.0330179 25
0.0344747 16
0.0359956 15
0.0375837 24
0.0392419 28
0.0409732 32
0.0427809 25
0.0446684 36
0.0466391 32
0.0486968 29
0.0508452 51
0.0530884 36
0.0554307 40
0.0578762 35
0.0604296 41
0.0630957 53
0.0658795 51
0.068786 49
0.0718208 61
0.0749894 62
0.0782979 67
0.0817523 56
0.0853591 58
0.0891251 64
0.0930572 59
0.0971628 85
0.10145 74
0.105925 77
0.110599 94
0.115478 85
0.120573 90
0.125893 88
0.131447 73
0.137246 107
0.143301 90
0.149624 102
0.156225 102
0.163117 111
0.170314 100
0.177828 106
0.185674 94
0.193865 98
0.202418 101
0.211349 103
0.220673 111
0.230409 110
0.240575 106
0.251189 143
0.262271 110
0.273842 94
0.285924 98
0.298538 109
0.311709 105
0.325462 130
0.339821 113
0.354813 136
0.370467 129
0.386812 109
0.403878 134
0.421697 124
0.440301 115
0.459727 119
0.48001 115
0.501187 125
0.523299 116
0.546387 106
0.570493 127
0.595662 140
0.621942 112
0.649382 97
0.678032 108
0.707946 105
0.73918 89
0.771792 71
0.805842 80
0.841395 83
0.878517 102
0.917276 88
0.957745 63
1 72
1.04412 58
1.09018 64
1.13828 68
1.1885 55
1.24094 56
1.29569 51
1.35285 43
1.41254 42
1.47486 59
1.53993 45
1.60787 41
1.6788 35
1.75287 51
1.83021 41
1.91095 35
1.99526 34
2.08329 36
2.1752 23
2.27117 33
2.37137 20
2.476 29
2.58523 32
2.69929 29
2.81838 27
2.94273 29
3.07256 24
3.20812 15
3.34965 23
3.49744 28
3.65174 28
3.81285 15
3.98107 18
4.15671 28
4.3401 13
4.53158 20
4.73151 18
4.94026 12
5.15822 13
5.3858 16
5.62341 15
5.87151 18
6.13056 11
6.40103 9
6.68344 14
6.97831 9
7.28618 15
7.60764 14
7.94328 13
8.29373 12
8.65964 1
9.0417 18
9.44061 12
9.85712 7
10.292 9
10.7461 9
11.2202 11
11.7152 10
12.2321 10
12.7717 10
13.3352 14
13.9236 15
14.5378 8
15.1792 6
15.8489 13
16.5482 11
17.2783 16
18.0406 7
18.8365 20
19.6675 19
20.5353 11
21.4412 11
22.3872 14
23.3749 12
24.4062 10
25.483 17
26.6073 19
27.7811 14
29.0068 12
30.2866 18
31.6228 18
33.0179 20
34.4747 9
35.9956 16
37.5837 12
39.2419 13
40.9732 16
42.7809 20
44.6684 22
46.6391 21
48.6968 18
50.8452 18
53.0884 27
55.4307 24
57.8762 15
60.4296 25
63.0957 15
65.8795 29
68.786 31
71.8208 27
74.9894 27
78.2979 26
81.7523 22
85.3591 28
89.1251 34
93.0572 30
97.1628 35
101.45 33
105.925 27
110.599 34
115.478 27
120.573 33
125.893 41
131.447 45
137.246 44
143.301 32
149.624 40
156.225 39
163.117 36
170.314 35
177.828 47
185.674 49
193.865 45
202.418 48
211.349 55
220.673 45
230.409 53
240.575 57
251.189 38
262.271 44
273.842 23
285.924 35
298.538 29
311.709 19
325.462 16
339.821 18
354.813 9
370.467 6
386.812 5
403.878 4
421.697 2
440.301 2
459.727 2
480.01 2
501.187 2
523.299 2
546.387 1
570.493 0
595.662 1
621.942 0
649.382 1
678.032 0
707.946 0
739.18 2
771.792 1
805.842 0
841.395 0
878.517 0
917.276 0
957.745 0
1000 0
