# First line is two numbers 
#     First value is '2', it means 'histogram mode'
#     Second value is 'Emin' of the histogram
# Other lines : 2 columns. 1) energy 2) probability (nb divided by NbEvent)
# Number of bins = 480
# Content below the first bin: 0
# Content above the last  bin: 0
# Content above the last  bin: 0
# Number of events: 209000
2 1e-06
1.04412e-06 0
1.09018e-06 0
1.13828e-06 0
1.1885e-06 0
1.24094e-06 0
1.29569e-06 0
1.35285e-06 0
1.41254e-06 0
1.47486e-06 0
1.53993e-06 0
1.60787e-06 0
1.6788e-06 0
1.75287e-06 0
1.83021e-06 0
1.91095e-06 0
1.99526e-06 0
2.08329e-06 0
2.1752e-06 0
2.27117e-06 0
2.37137e-06 0
2.476e-06 0
2.58523e-06 0
2.69929e-06 0
2.81838e-06 0
2.94273e-06 0
3.07256e-06 0
3.20812e-06 0
3.34965e-06 0
3.49744e-06 0
3.65174e-06 0
3.81285e-06 0
3.98107e-06 0
4.15671e-06 0
4.3401e-06 0
4.53158e-06 0
4.73151e-06 0
4.94026e-06 0
5.15822e-06 0
5.3858e-06 0
5.62341e-06 0
5.87151e-06 0
6.13056e-06 0
6.40103e-06 0
6.68344e-06 0
6.97831e-06 0
7.28618e-06 0
7.60764e-06 0
7.94328e-06 0
8.29373e-06 0
8.65964e-06 0
9.0417e-06 0
9.44061e-06 0
9.85712e-06 0
1.0292e-05 0
1.07461e-05 0
1.12202e-05 0
1.17152e-05 0
1.22321e-05 0
1.27717e-05 0
1.33352e-05 0
1.39236e-05 0
1.45378e-05 0
1.51792e-05 0
1.58489e-05 0
1.65482e-05 0
1.72783e-05 0
1.80406e-05 0
1.88365e-05 0
1.96675e-05 0
2.05353e-05 0
2.14412e-05 0
2.23872e-05 0
2.33749e-05 0
2.44062e-05 0
2.5483e-05 0
2.66073e-05 0
2.77811e-05 0
2.90068e-05 0
3.02866e-05 0
3.16228e-05 0
3.30179e-05 0
3.44747e-05 0
3.59956e-05 0
3.75837e-05 0
3.92419e-05 0
4.09732e-05 0
4.27809e-05 0
4.46684e-05 0
4.66391e-05 0
4.86968e-05 0
5.08452e-05 0
5.30884e-05 0
5.54307e-05 0
5.78762e-05 0
6.04296e-05 0
6.30957e-05 0
6.58795e-05 0
6.8786e-05 0
7.18208e-05 0
7.49894e-05 0
7.82979e-05 0
8.17523e-05 0
8.53591e-05 0
8.91251e-05 0
9.30572e-05 0
9.71628e-05 0
0.00010145 0
0.000105925 0
0.000110599 0
0.000115478 0
0.000120573 0
0.000125893 0
0.000131447 0
0.000137246 0
0.000143301 0
0.000149624 0
0.000156225 0
0.000163117 0
0.000170314 0
0.000177828 0
0.000185674 0
0.000193865 0
0.000202418 0
0.000211349 0
0.000220673 0
0.000230409 0
0.000240575 0
0.000251189 0
0.000262271 0
0.000273842 0
0.000285924 0
0.000298538 0
0.000311709 0
0.000325462 0
0.000339821 0
0.000354813 0
0.000370467 0
0.000386812 0
0.000403878 0
0.000421697 43.3653
0.000440301 0
0.000459727 0
0.00048001 0
0.000501187 0
0.000523299 93.3255
0.000546387 0
0.000570493 0
0.000595662 0
0.000621942 0
0.000649382 0
0.000678032 0
0.000707946 0
0.00073918 0
0.000771792 0
0.000805842 0
0.000841395 0
0.000878517 0
0.000917276 0
0.000957745 0
0.001 0
0.00104412 0
0.00109018 0
0.00113828 0
0.0011885 0
0.00124094 0
0.00129569 0
0.00135285 0
0.00141254 0
0.00147486 0
0.00153993 0
0.00160787 0
0.0016788 0
0.00175287 97.9417
0.00183021 0
0.00191095 0
0.00199526 7.14533
0.00208329 0
0.0021752 0
0.00227117 0
0.00237137 79.1803
0.002476 0
0.00258523 0
0.00269929 0
0.00281838 0
0.00294273 0
0.00307256 54.1541
0.00320812 47.5479
0.00334965 22.8522
0.00349744 0
0.00365174 164.47
0.00381285 199.99
0.00398107 0
0.00415671 0
0.0043401 58.0085
0.00453158 92.2311
0.00473151 35.806
0.00494026 106.112
0.00515822 107.432
0.0053858 65.3404
0.00562341 228.991
0.00587151 80.5357
0.00613056 156.086
0.00640103 90.4954
0.00668344 392.89
0.00697831 72.8543
0.00728618 187.7
0.00760764 30.7388
0.00794328 113.897
0.00829373 188.347
0.00865964 439.229
0.0090417 219.732
0.00944061 56.9261
0.00985712 593.476
0.010292 227.199
0.0107461 372.61
0.0112202 991.834
0.0117152 424.976
0.0122321 429.953
0.0127717 1196.3
0.0133352 400.814
0.0139236 781.639
0.0145378 777.102
0.0151792 524.834
0.0158489 807.922
0.0165482 857.789
0.0172783 828.107
0.0180406 915.728
0.0188365 391.328
0.0196675 1245.16
0.0205353 1739.17
0.0214412 676.35
0.0223872 759.306
0.0233749 1465.81
0.0244062 948.467
0.025483 863.061
0.0266073 1187.59
0.0277811 1519.06
0.0290068 1601.54
0.0302866 1282.66
0.0316228 1647.37
0.0330179 2477.34
0.0344747 1606.18
0.0359956 2751.35
0.0375837 2788.29
0.0392419 2753.84
0.0409732 1804.09
0.0427809 2408.12
0.0446684 1884.73
0.0466391 2621.6
0.0486968 2827.62
0.0508452 3896.54
0.0530884 3750.64
0.0554307 3868.07
0.0578762 3406.31
0.0604296 3951
0.0630957 5841.7
0.0658795 5753.34
0.068786 4579.77
0.0718208 4960.39
0.0749894 5061.24
0.0782979 5506.76
0.0817523 5548.46
0.0853591 6541.4
0.0891251 7093.83
0.0930572 7004.52
0.0971628 6930.01
0.10145 8156.22
0.105925 7247.45
0.110599 8199.84
0.115478 8466.27
0.120573 9646.64
0.125893 9488.55
0.131447 9302.31
0.137246 9624.39
0.143301 8261.8
0.149624 11208.1
0.156225 8819.06
0.163117 9571.36
0.170314 10081.5
0.177828 9206.3
0.185674 8376.16
0.193865 12483.7
0.202418 10839.9
0.211349 11253.3
0.220673 12013.7
0.230409 11813.4
0.240575 10827.8
0.251189 11127.4
0.262271 12120
0.273842 10752.6
0.285924 11544.6
0.298538 12326.2
0.311709 12260.7
0.325462 12433.6
0.339821 14857.3
0.354813 13690.9
0.370467 9613.43
0.386812 12540.4
0.403878 12037.5
0.421697 12956.3
0.440301 12020.4
0.459727 14319.6
0.48001 14395.1
0.501187 12420.6
0.523299 12134.9
0.546387 11487.6
0.570493 13001.7
0.595662 13358.5
0.621942 13097.1
0.649382 12149.1
0.678032 11752.8
0.707946 14074
0.73918 11580.9
0.771792 11513.5
0.805842 9576.45
0.841395 11532.2
0.878517 9890.17
0.917276 8056.76
0.957745 9861.81
1 8824.21
1.04412 7149.4
1.09018 6849.71
1.13828 8236.01
1.1885 5756.45
1.24094 6104
1.29569 5720.7
1.35285 4782.65
1.41254 4749.77
1.47486 5985.67
1.53993 4756.36
1.60787 4041.93
1.6788 3841.96
1.75287 4052.05
1.83021 4121.83
1.91095 3813.25
1.99526 4281.01
2.08329 3913.58
2.1752 2508.33
2.27117 3968.28
2.37137 3758.21
2.476 3519.35
2.58523 2861.42
2.69929 2416.96
2.81838 3174.08
2.94273 4051.98
3.07256 2438.64
3.20812 2856.6
3.34965 3609.95
3.49744 2032.91
3.65174 2163.9
3.81285 3068.77
3.98107 1950.2
4.15671 2004.77
4.3401 2848.08
4.53158 2736.52
4.73151 2794.92
4.94026 1507.87
5.15822 2058.39
5.3858 1525.44
5.62341 2047.81
5.87151 2835.28
6.13056 1807.91
6.40103 1872.18
6.68344 1690.28
6.97831 1674.07
7.28618 1752.28
7.60764 1450.25
7.94328 569.234
8.29373 895.813
8.65964 1030.4
9.0417 1649.52
9.44061 1723.11
9.85712 1369.56
10.292 986.036
10.7461 1439.91
11.2202 1311.56
11.7152 1340.85
12.2321 512.726
12.7717 987.309
13.3352 850.163
13.9236 1992.73
14.5378 1414.31
15.1792 1066.96
15.8489 1231.23
16.5482 1230.71
17.2783 901.05
18.0406 1290.79
18.8365 1777.44
19.6675 1604.33
20.5353 957.229
21.4412 1615.06
22.3872 1521.74
23.3749 1871.33
24.4062 1377.64
25.483 1549.65
26.6073 1814.4
27.7811 2276.41
29.0068 1240.87
30.2866 1876.55
31.6228 1220.38
33.0179 1334.12
34.4747 1668.74
35.9956 1806.02
37.5837 1030.21
39.2419 2242.78
40.9732 1981.88
42.7809 1594.85
44.6684 2141.02
46.6391 1715.53
48.6968 2643.88
50.8452 1769.62
53.0884 1815.72
55.4307 2622.79
57.8762 1778.7
60.4296 1858.52
63.0957 1435.4
65.8795 2289.9
68.786 1717.23
71.8208 1627.23
74.9894 2868.05
78.2979 2226.5
81.7523 1949.03
85.3591 2541.65
89.1251 2294.66
93.0572 2786.94
97.1628 2467.41
101.45 2865.93
105.925 3025.28
110.599 2789.89
115.478 3098.75
120.573 3259.45
125.893 3616.89
131.447 3462.75
137.246 3773.14
143.301 3823.09
149.624 3733.17
156.225 3033.59
163.117 3025.32
170.314 3915.73
177.828 3506.57
185.674 3133.44
193.865 3226.95
202.418 3492.94
211.349 4452.63
220.673 3805.99
230.409 4571.23
240.575 4779.02
251.189 3993.57
262.271 6103.46
273.842 3128.77
285.924 5289.04
298.538 3561.22
311.709 5091.88
325.462 5154.93
339.821 4499.89
354.813 4660.17
370.467 2840.73
386.812 4155.17
403.878 3027.87
421.697 3612.14
440.301 2271.19
459.727 1367.78
480.01 1744.96
501.187 1034.25
523.299 910.099
546.387 552.852
570.493 974.139
595.662 90.5765
621.942 269.842
649.382 328.252
678.032 166.07
707.946 630.502
739.18 154.242
771.792 58.3732
805.842 95.4071
841.395 114.493
878.517 104.995
917.276 0
957.745 0
1000 0
