# First line is two numbers 
#     First value is '2', it means 'histogram mode'
#     Second value is 'Emin' of the histogram
# Other lines : 2 columns. 1) energy 2) probability (nb divided by NbEvent)
# Number of bins = 480
# Content below the first bin: 0
# Content above the last  bin: 0
# Content above the last  bin: 0
# Number of events: 209000
2 1e-06
1.04412e-06 0
1.09018e-06 0
1.13828e-06 0
1.1885e-06 0
1.24094e-06 0
1.29569e-06 0
1.35285e-06 0
1.41254e-06 0
1.47486e-06 0
1.53993e-06 0
1.60787e-06 0
1.6788e-06 0
1.75287e-06 0
1.83021e-06 0
1.91095e-06 0
1.99526e-06 0
2.08329e-06 0
2.1752e-06 0
2.27117e-06 0
2.37137e-06 0
2.476e-06 0
2.58523e-06 0
2.69929e-06 0
2.81838e-06 0
2.94273e-06 0
3.07256e-06 0
3.20812e-06 0
3.34965e-06 0
3.49744e-06 0
3.65174e-06 0
3.81285e-06 0
3.98107e-06 0
4.15671e-06 0
4.3401e-06 0
4.53158e-06 0
4.73151e-06 0
4.94026e-06 0
5.15822e-06 0
5.3858e-06 0
5.62341e-06 0
5.87151e-06 0
6.13056e-06 0
6.40103e-06 0
6.68344e-06 0
6.97831e-06 0
7.28618e-06 0
7.60764e-06 0
7.94328e-06 0
8.29373e-06 0
8.65964e-06 0
9.0417e-06 0
9.44061e-06 0
9.85712e-06 0
1.0292e-05 0
1.07461e-05 0
1.12202e-05 0
1.17152e-05 0
1.22321e-05 0
1.27717e-05 0
1.33352e-05 0
1.39236e-05 0
1.45378e-05 0
1.51792e-05 0
1.58489e-05 0
1.65482e-05 0
1.72783e-05 0
1.80406e-05 0
1.88365e-05 0
1.96675e-05 0
2.05353e-05 0
2.14412e-05 0
2.23872e-05 0
2.33749e-05 0
2.44062e-05 0
2.5483e-05 0
2.66073e-05 0
2.77811e-05 0
2.90068e-05 0
3.02866e-05 0
3.16228e-05 0
3.30179e-05 0
3.44747e-05 0
3.59956e-05 0
3.75837e-05 0
3.92419e-05 0
4.09732e-05 0
4.27809e-05 0
4.46684e-05 0
4.66391e-05 0
4.86968e-05 0
5.08452e-05 0
5.30884e-05 0
5.54307e-05 0
5.78762e-05 0
6.04296e-05 0
6.30957e-05 0
6.58795e-05 0
6.8786e-05 0
7.18208e-05 0
7.49894e-05 0
7.82979e-05 0
8.17523e-05 0
8.53591e-05 0
8.91251e-05 0
9.30572e-05 0
9.71628e-05 0
0.00010145 0
0.000105925 0
0.000110599 0
0.000115478 0
0.000120573 0
0.000125893 0
0.000131447 0
0.000137246 0
0.000143301 0
0.000149624 0
0.000156225 0
0.000163117 0
0.000170314 0
0.000177828 0
0.000185674 0
0.000193865 0
0.000202418 0
0.000211349 0
0.000220673 0
0.000230409 0
0.000240575 0
0.000251189 0
0.000262271 0
0.000273842 0
0.000285924 0
0.000298538 0
0.000311709 0
0.000325462 0
0.000339821 0
0.000354813 0
0.000370467 0
0.000386812 0
0.000403878 0
0.000421697 0
0.000440301 0
0.000459727 0
0.00048001 0
0.000501187 0
0.000523299 0
0.000546387 0
0.000570493 0
0.000595662 0
0.000621942 0
0.000649382 0
0.000678032 0
0.000707946 0
0.00073918 0
0.000771792 0
0.000805842 0
0.000841395 0
0.000878517 0
0.000917276 0
0.000957745 0
0.001 0
0.00104412 0
0.00109018 0
0.00113828 0
0.0011885 0
0.00124094 0
0.00129569 0
0.00135285 1
0.00141254 1
0.00147486 0
0.00153993 0
0.00160787 0
0.0016788 0
0.00175287 1
0.00183021 0
0.00191095 1
0.00199526 0
0.00208329 0
0.0021752 0
0.00227117 0
0.00237137 0
0.002476 0
0.00258523 0
0.00269929 0
0.00281838 1
0.00294273 0
0.00307256 0
0.00320812 0
0.00334965 1
0.00349744 1
0.00365174 1
0.00381285 1
0.00398107 0
0.00415671 2
0.0043401 1
0.00453158 1
0.00473151 2
0.00494026 1
0.00515822 1
0.0053858 0
0.00562341 0
0.00587151 3
0.00613056 1
0.00640103 0
0.00668344 2
0.00697831 0
0.00728618 4
0.00760764 2
0.00794328 2
0.00829373 5
0.00865964 0
0.0090417 1
0.00944061 2
0.00985712 5
0.010292 3
0.0107461 2
0.0112202 4
0.0117152 5
0.0122321 4
0.0127717 5
0.0133352 3
0.0139236 8
0.0145378 4
0.0151792 7
0.0158489 8
0.0165482 4
0.0172783 14
0.0180406 9
0.0188365 8
0.0196675 16
0.0205353 13
0.0214412 14
0.0223872 14
0.0233749 13
0.0244062 11
0.025483 26
0.0266073 17
0.0277811 20
0.0290068 23
0.0302866 23
0.0316228 25
0.0330179 37
0.0344747 29
0.0359956 26
0.0375837 32
0.0392419 25
0.0409732 36
0.0427809 36
0.0446684 34
0.0466391 45
0.0486968 51
0.0508452 49
0.0530884 49
0.0554307 42
0.0578762 45
0.0604296 50
0.0630957 59
0.0658795 67
0.068786 68
0.0718208 80
0.0749894 71
0.0782979 69
0.0817523 77
0.0853591 96
0.0891251 85
0.0930572 92
0.0971628 113
0.10145 98
0.105925 106
0.110599 113
0.115478 117
0.120573 118
0.125893 119
0.131447 126
0.137246 110
0.143301 119
0.149624 137
0.156225 131
0.163117 127
0.170314 129
0.177828 117
0.185674 135
0.193865 112
0.202418 133
0.211349 146
0.220673 126
0.230409 155
0.240575 123
0.251189 145
0.262271 163
0.273842 134
0.285924 147
0.298538 141
0.311709 155
0.325462 161
0.339821 152
0.354813 153
0.370467 154
0.386812 170
0.403878 156
0.421697 164
0.440301 179
0.459727 154
0.48001 175
0.501187 164
0.523299 142
0.546387 167
0.570493 146
0.595662 135
0.621942 161
0.649382 150
0.678032 146
0.707946 135
0.73918 118
0.771792 144
0.805842 137
0.841395 116
0.878517 112
0.917276 110
0.957745 102
1 105
1.04412 83
1.09018 83
1.13828 91
1.1885 83
1.24094 75
1.29569 80
1.35285 57
1.41254 67
1.47486 62
1.53993 58
1.60787 45
1.6788 46
1.75287 55
1.83021 46
1.91095 47
1.99526 38
2.08329 54
2.1752 45
2.27117 44
2.37137 38
2.476 35
2.58523 45
2.69929 38
2.81838 48
2.94273 24
3.07256 39
3.20812 37
3.34965 38
3.49744 34
3.65174 40
3.81285 36
3.98107 17
4.15671 31
4.3401 43
4.53158 32
4.73151 24
4.94026 38
5.15822 25
5.3858 18
5.62341 14
5.87151 23
6.13056 17
6.40103 28
6.68344 19
6.97831 20
7.28618 21
7.60764 14
7.94328 13
8.29373 16
8.65964 21
9.0417 23
9.44061 13
9.85712 15
10.292 26
10.7461 20
11.2202 13
11.7152 17
12.2321 14
12.7717 16
13.3352 15
13.9236 16
14.5378 12
15.1792 11
15.8489 6
16.5482 15
17.2783 15
18.0406 12
18.8365 11
19.6675 14
20.5353 18
21.4412 15
22.3872 10
23.3749 19
24.4062 24
25.483 13
26.6073 21
27.7811 9
29.0068 11
30.2866 9
31.6228 18
33.0179 15
34.4747 24
35.9956 10
37.5837 26
39.2419 10
40.9732 13
42.7809 27
44.6684 18
46.6391 28
48.6968 28
50.8452 25
53.0884 35
55.4307 28
57.8762 25
60.4296 23
63.0957 30
65.8795 37
68.786 36
71.8208 33
74.9894 23
78.2979 29
81.7523 33
85.3591 38
89.1251 34
93.0572 35
97.1628 37
101.45 36
105.925 31
110.599 45
115.478 42
120.573 47
125.893 34
131.447 46
137.246 39
143.301 37
149.624 45
156.225 32
163.117 52
170.314 38
177.828 39
185.674 39
193.865 54
202.418 42
211.349 45
220.673 57
230.409 52
240.575 52
251.189 56
262.271 58
273.842 66
285.924 60
298.538 55
311.709 61
325.462 51
339.821 50
354.813 53
370.467 47
386.812 63
403.878 35
421.697 36
440.301 15
459.727 19
480.01 21
501.187 7
523.299 12
546.387 8
570.493 9
595.662 8
621.942 2
649.382 5
678.032 3
707.946 1
739.18 1
771.792 1
805.842 3
841.395 0
878.517 0
917.276 0
957.745 0
1000 0
