# First line is two numbers 
#     First value is '2', it means 'histogram mode'
#     Second value is 'Emin' of the histogram
# Other lines : 2 columns. 1) energy 2) probability (nb divided by NbEvent)
# Number of bins = 480
# Content below the first bin: 0
# Content above the last  bin: 0
# Content above the last  bin: 0
# Number of events: 209000
2 1e-06
1.04412e-06 0
1.09018e-06 0
1.13828e-06 0
1.1885e-06 0
1.24094e-06 0
1.29569e-06 0
1.35285e-06 0
1.41254e-06 0
1.47486e-06 0
1.53993e-06 0
1.60787e-06 0
1.6788e-06 0
1.75287e-06 0
1.83021e-06 0
1.91095e-06 0
1.99526e-06 0
2.08329e-06 0
2.1752e-06 0
2.27117e-06 0
2.37137e-06 0
2.476e-06 0
2.58523e-06 0
2.69929e-06 0
2.81838e-06 0
2.94273e-06 0
3.07256e-06 0
3.20812e-06 0
3.34965e-06 0
3.49744e-06 0
3.65174e-06 0
3.81285e-06 0
3.98107e-06 0
4.15671e-06 0
4.3401e-06 0
4.53158e-06 0
4.73151e-06 0
4.94026e-06 0
5.15822e-06 0
5.3858e-06 0
5.62341e-06 0
5.87151e-06 0
6.13056e-06 0
6.40103e-06 0
6.68344e-06 0
6.97831e-06 0
7.28618e-06 0
7.60764e-06 0
7.94328e-06 0
8.29373e-06 0
8.65964e-06 0
9.0417e-06 0
9.44061e-06 0
9.85712e-06 0
1.0292e-05 0
1.07461e-05 0
1.12202e-05 0
1.17152e-05 0
1.22321e-05 0
1.27717e-05 0
1.33352e-05 0
1.39236e-05 0
1.45378e-05 0
1.51792e-05 0
1.58489e-05 0
1.65482e-05 0
1.72783e-05 0
1.80406e-05 0
1.88365e-05 0
1.96675e-05 0
2.05353e-05 0
2.14412e-05 0
2.23872e-05 0
2.33749e-05 0
2.44062e-05 0
2.5483e-05 0
2.66073e-05 0
2.77811e-05 0
2.90068e-05 0
3.02866e-05 0
3.16228e-05 0
3.30179e-05 0
3.44747e-05 0
3.59956e-05 0
3.75837e-05 0
3.92419e-05 0
4.09732e-05 0
4.27809e-05 0
4.46684e-05 0
4.66391e-05 0
4.86968e-05 0
5.08452e-05 0
5.30884e-05 0
5.54307e-05 0
5.78762e-05 0
6.04296e-05 0
6.30957e-05 0
6.58795e-05 0
6.8786e-05 0
7.18208e-05 0
7.49894e-05 0
7.82979e-05 0
8.17523e-05 0
8.53591e-05 0
8.91251e-05 0
9.30572e-05 0
9.71628e-05 0
0.00010145 0
0.000105925 0
0.000110599 0
0.000115478 0
0.000120573 0
0.000125893 0
0.000131447 0
0.000137246 0
0.000143301 0
0.000149624 0
0.000156225 0
0.000163117 0
0.000170314 0
0.000177828 0
0.000185674 0
0.000193865 0
0.000202418 0
0.000211349 0
0.000220673 0
0.000230409 0
0.000240575 0
0.000251189 0
0.000262271 0
0.000273842 0
0.000285924 0
0.000298538 0
0.000311709 0
0.000325462 0
0.000339821 0
0.000354813 0
0.000370467 0
0.000386812 0
0.000403878 0
0.000421697 73.4087
0.000440301 0
0.000459727 0
0.00048001 0
0.000501187 0
0.000523299 0
0.000546387 0
0.000570493 0
0.000595662 0
0.000621942 0
0.000649382 96.9922
0.000678032 0
0.000707946 0
0.00073918 0
0.000771792 0
0.000805842 0
0.000841395 0
0.000878517 0
0.000917276 0
0.000957745 106.007
0.001 0
0.00104412 0
0.00109018 0
0.00113828 0
0.0011885 0
0.00124094 97.6918
0.00129569 0
0.00135285 0
0.00141254 0
0.00147486 0
0.00153993 0
0.00160787 0
0.0016788 0
0.00175287 56.7665
0.00183021 51.3066
0.00191095 0
0.00199526 0
0.00208329 0
0.0021752 110.695
0.00227117 0
0.00237137 153.753
0.002476 90.7671
0.00258523 0
0.00269929 72.5553
0.00281838 0
0.00294273 0
0.00307256 92.0338
0.00320812 0
0.00334965 0
0.00349744 108.221
0.00365174 39.6628
0.00381285 105.46
0.00398107 0
0.00415671 0
0.0043401 49.8077
0.00453158 0
0.00473151 0
0.00494026 60.5088
0.00515822 166.671
0.0053858 0
0.00562341 0
0.00587151 0
0.00613056 166.964
0.00640103 149.463
0.00668344 285.587
0.00697831 143.799
0.00728618 222.502
0.00760764 99.0523
0.00794328 228.157
0.00829373 0
0.00865964 165.68
0.0090417 473.927
0.00944061 204.902
0.00985712 278.63
0.010292 385.391
0.0107461 264.431
0.0112202 422.558
0.0117152 121.829
0.0122321 582.899
0.0127717 565.65
0.0133352 303.553
0.0139236 1174.63
0.0145378 387.831
0.0151792 498.466
0.0158489 607.015
0.0165482 527.967
0.0172783 674.26
0.0180406 309.681
0.0188365 1100.95
0.0196675 803.261
0.0205353 972.554
0.0214412 942.851
0.0223872 940.369
0.0233749 2572.92
0.0244062 1448.62
0.025483 1650.09
0.0266073 1300.42
0.0277811 1135.48
0.0290068 2055.45
0.0302866 1918.93
0.0316228 2335.53
0.0330179 2426.47
0.0344747 2482.78
0.0359956 1607.93
0.0375837 2399.37
0.0392419 2398.59
0.0409732 2446.61
0.0427809 1923.27
0.0446684 3568.5
0.0466391 3401.62
0.0486968 2671.23
0.0508452 3084.87
0.0530884 4533.96
0.0554307 2744.51
0.0578762 4135.73
0.0604296 5249.98
0.0630957 4404.88
0.0658795 4587.71
0.068786 5280.13
0.0718208 6151.79
0.0749894 5085.14
0.0782979 6581.09
0.0817523 6099.83
0.0853591 6574.85
0.0891251 5681.94
0.0930572 7499.32
0.0971628 7166.14
0.10145 9199.06
0.105925 8057.89
0.110599 7575.51
0.115478 10361.9
0.120573 9098.61
0.125893 7760.21
0.131447 10010.5
0.137246 8684.35
0.143301 9444.7
0.149624 9363.92
0.156225 10083.6
0.163117 10320.9
0.170314 10860.6
0.177828 9539.79
0.185674 12042.4
0.193865 11133.3
0.202418 12409.2
0.211349 11301.6
0.220673 10088.6
0.230409 11391.1
0.240575 10425
0.251189 10887.2
0.262271 12714.4
0.273842 10743.7
0.285924 11319.7
0.298538 11200.5
0.311709 14381.8
0.325462 12162.2
0.339821 10671.1
0.354813 12906.9
0.370467 12610
0.386812 13287
0.403878 12686
0.421697 14165.9
0.440301 14628.1
0.459727 14186.5
0.48001 12328.9
0.501187 11227.3
0.523299 12399.8
0.546387 13369
0.570493 14084.5
0.595662 12416.2
0.621942 11191
0.649382 11359.5
0.678032 10587.7
0.707946 10653.2
0.73918 12317.8
0.771792 8855.15
0.805842 10597.7
0.841395 8876.29
0.878517 10653.6
0.917276 9252.78
0.957745 10095.2
1 7546.25
1.04412 7866.8
1.09018 6594.43
1.13828 7745.56
1.1885 5214.25
1.24094 5020.62
1.29569 6265.59
1.35285 5528.53
1.41254 5440.33
1.47486 4922.05
1.53993 3635.62
1.60787 4638.21
1.6788 5115.06
1.75287 4359.63
1.83021 4447.06
1.91095 3830.44
1.99526 4071.66
2.08329 4208.33
2.1752 3643.94
2.27117 3431.76
2.37137 3287.27
2.476 3862.29
2.58523 3312.21
2.69929 3171.34
2.81838 3505.69
2.94273 4697.42
3.07256 2362.7
3.20812 2938.81
3.34965 2669.42
3.49744 2823.74
3.65174 2184.94
3.81285 2448.96
3.98107 2148.68
4.15671 2090.15
4.3401 2499.89
4.53158 2334.04
4.73151 2563.27
4.94026 2517.74
5.15822 1590.66
5.3858 1677.41
5.62341 2384.58
5.87151 1603.04
6.13056 1932.03
6.40103 1617.87
6.68344 1300.77
6.97831 1955.59
7.28618 1992.84
7.60764 1516.36
7.94328 1425.33
8.29373 1515.18
8.65964 1220.04
9.0417 872.935
9.44061 1774.28
9.85712 593.765
10.292 1724.72
10.7461 1070.78
11.2202 1243.82
11.7152 1271.82
12.2321 604.664
12.7717 1433.92
13.3352 2016.05
13.9236 1265.61
14.5378 1317.06
15.1792 1598.5
15.8489 1664.29
16.5482 1286.68
17.2783 1287.12
18.0406 1132.35
18.8365 1619.4
19.6675 930.225
20.5353 1504.46
21.4412 1266.75
22.3872 655.002
23.3749 1330.6
24.4062 723.799
25.483 797.931
26.6073 1343.15
27.7811 1330.11
29.0068 1326.65
30.2866 1444.12
31.6228 1034.51
33.0179 1454.88
34.4747 1303.67
35.9956 1313.36
37.5837 1473.22
39.2419 1597.41
40.9732 2455.6
42.7809 1234.22
44.6684 1821.92
46.6391 2324
48.6968 2179.18
50.8452 2615.32
53.0884 1457.6
55.4307 2015.41
57.8762 1836.62
60.4296 1791.83
63.0957 1963.24
65.8795 2286.05
68.786 2839.19
71.8208 2186.24
74.9894 3192.99
78.2979 2749.89
81.7523 1868.24
85.3591 2634.05
89.1251 2709.63
93.0572 3008.2
97.1628 2083.59
101.45 2408.36
105.925 3673.31
110.599 3029.83
115.478 2627.98
120.573 2814.44
125.893 3328.84
131.447 2156.16
137.246 2192.71
143.301 2378.54
149.624 3751.08
156.225 3812.79
163.117 4266.91
170.314 3204.11
177.828 3093.14
185.674 3473.24
193.865 3146.74
202.418 4342.64
211.349 4429.26
220.673 3564.54
230.409 4248.32
240.575 3179.46
251.189 4486.34
262.271 4018.34
273.842 5153.37
285.924 3794.16
298.538 5003.91
311.709 4674.58
325.462 5095.08
339.821 3765.16
354.813 3763.18
370.467 4025.06
386.812 4092.82
403.878 3978.46
421.697 2694.66
440.301 2082.65
459.727 2022.7
480.01 1578.48
501.187 1179.11
523.299 1504.61
546.387 400.743
570.493 801.832
595.662 399.428
621.942 351.609
649.382 155.691
678.032 394.259
707.946 0
739.18 156.343
771.792 94.3994
805.842 319.091
841.395 0
878.517 177.363
917.276 0
957.745 84.2146
1000 0
