# First line is two numbers 
#     First value is '2', it means 'histogram mode'
#     Second value is 'Emin' of the histogram
# Other lines : 2 columns. 1) energy 2) probability (nb divided by NbEvent)
# Number of bins = 480
# Content below the first bin: 0
# Content above the last  bin: 45.4805
# Content above the last  bin: 45.4805
# Number of events: 209000
2 1e-06
1.04412e-06 0
1.09018e-06 0
1.13828e-06 0
1.1885e-06 0
1.24094e-06 0
1.29569e-06 0
1.35285e-06 0
1.41254e-06 0
1.47486e-06 0
1.53993e-06 0
1.60787e-06 0
1.6788e-06 0
1.75287e-06 0
1.83021e-06 0
1.91095e-06 0
1.99526e-06 0
2.08329e-06 0
2.1752e-06 0
2.27117e-06 0
2.37137e-06 0
2.476e-06 0
2.58523e-06 0
2.69929e-06 0
2.81838e-06 0
2.94273e-06 0
3.07256e-06 0
3.20812e-06 0
3.34965e-06 0
3.49744e-06 0
3.65174e-06 0
3.81285e-06 0
3.98107e-06 0
4.15671e-06 0
4.3401e-06 0
4.53158e-06 0
4.73151e-06 0
4.94026e-06 0
5.15822e-06 0
5.3858e-06 0
5.62341e-06 0
5.87151e-06 0
6.13056e-06 0
6.40103e-06 0
6.68344e-06 0
6.97831e-06 0
7.28618e-06 0
7.60764e-06 0
7.94328e-06 0
8.29373e-06 0
8.65964e-06 0
9.0417e-06 0
9.44061e-06 0
9.85712e-06 0
1.0292e-05 0
1.07461e-05 0
1.12202e-05 0
1.17152e-05 0
1.22321e-05 0
1.27717e-05 0
1.33352e-05 0
1.39236e-05 0
1.45378e-05 0
1.51792e-05 0
1.58489e-05 0
1.65482e-05 0
1.72783e-05 0
1.80406e-05 0
1.88365e-05 0
1.96675e-05 0
2.05353e-05 0
2.14412e-05 0
2.23872e-05 0
2.33749e-05 0
2.44062e-05 0
2.5483e-05 0
2.66073e-05 0
2.77811e-05 0
2.90068e-05 0
3.02866e-05 0
3.16228e-05 0
3.30179e-05 0
3.44747e-05 0
3.59956e-05 0
3.75837e-05 0
3.92419e-05 0
4.09732e-05 0
4.27809e-05 0
4.46684e-05 0
4.66391e-05 0
4.86968e-05 0
5.08452e-05 0
5.30884e-05 0
5.54307e-05 0
5.78762e-05 0
6.04296e-05 0
6.30957e-05 0
6.58795e-05 0
6.8786e-05 0
7.18208e-05 0
7.49894e-05 0
7.82979e-05 0
8.17523e-05 0
8.53591e-05 0
8.91251e-05 0
9.30572e-05 0
9.71628e-05 0
0.00010145 0
0.000105925 0
0.000110599 0
0.000115478 0
0.000120573 0
0.000125893 0
0.000131447 0
0.000137246 0
0.000143301 0
0.000149624 0
0.000156225 0
0.000163117 0
0.000170314 0
0.000177828 0
0.000185674 0
0.000193865 0
0.000202418 0
0.000211349 0
0.000220673 0
0.000230409 0
0.000240575 0
0.000251189 0
0.000262271 0
0.000273842 0
0.000285924 0
0.000298538 0
0.000311709 0
0.000325462 0
0.000339821 0
0.000354813 0
0.000370467 0
0.000386812 0
0.000403878 0
0.000421697 0
0.000440301 0
0.000459727 0
0.00048001 0
0.000501187 0
0.000523299 0
0.000546387 0
0.000570493 0
0.000595662 0
0.000621942 0
0.000649382 0
0.000678032 0
0.000707946 0
0.00073918 0
0.000771792 0
0.000805842 0
0.000841395 111.993
0.000878517 0
0.000917276 116.625
0.000957745 0
0.001 0
0.00104412 0
0.00109018 0
0.00113828 0
0.0011885 0
0.00124094 0
0.00129569 26.7511
0.00135285 0
0.00141254 0
0.00147486 0
0.00153993 0
0.00160787 0
0.0016788 0
0.00175287 159.81
0.00183021 0
0.00191095 0
0.00199526 0
0.00208329 0
0.0021752 0
0.00227117 0
0.00237137 0
0.002476 0
0.00258523 0
0.00269929 77.4217
0.00281838 0
0.00294273 48.516
0.00307256 0
0.00320812 0
0.00334965 0
0.00349744 0
0.00365174 141.03
0.00381285 67.8558
0.00398107 56.1482
0.00415671 0
0.0043401 83.8311
0.00453158 0
0.00473151 225.557
0.00494026 0
0.00515822 0
0.0053858 0
0.00562341 0
0.00587151 111.395
0.00613056 0
0.00640103 0
0.00668344 185.101
0.00697831 295.265
0.00728618 166.713
0.00760764 65.8828
0.00794328 18.1824
0.00829373 317.097
0.00865964 88.0226
0.0090417 208.499
0.00944061 147.886
0.00985712 438.823
0.010292 193.965
0.0107461 680.848
0.0112202 0
0.0117152 259.923
0.0122321 548.081
0.0127717 628.999
0.0133352 282.236
0.0139236 645.371
0.0145378 1075.69
0.0151792 383.046
0.0158489 813.762
0.0165482 1300.2
0.0172783 1348.75
0.0180406 1229.9
0.0188365 696.125
0.0196675 481.549
0.0205353 930.225
0.0214412 1001.74
0.0223872 1620.16
0.0233749 1103.55
0.0244062 1287.35
0.025483 1449.58
0.0266073 1529.81
0.0277811 1690.94
0.0290068 1987.42
0.0302866 1712.16
0.0316228 1966.04
0.0330179 1996.04
0.0344747 1842.64
0.0359956 2991.47
0.0375837 2397.24
0.0392419 2296.58
0.0409732 2432.18
0.0427809 2910.79
0.0446684 3790.53
0.0466391 3976.84
0.0486968 4245.25
0.0508452 3709.15
0.0530884 3839.36
0.0554307 3550.94
0.0578762 4332.31
0.0604296 3579.08
0.0630957 3409.74
0.0658795 3889.38
0.068786 5609.09
0.0718208 5755.53
0.0749894 6310.26
0.0782979 5380.06
0.0817523 4945.09
0.0853591 5589.18
0.0891251 6035.97
0.0930572 7895
0.0971628 7454.14
0.10145 6611.17
0.105925 6859.53
0.110599 8927.87
0.115478 9075.47
0.120573 7793.54
0.125893 8695.43
0.131447 8192.86
0.137246 8440.26
0.143301 10680.6
0.149624 9837.16
0.156225 9049.62
0.163117 11127.6
0.170314 10789.5
0.177828 10100.5
0.185674 10000.8
0.193865 9540.3
0.202418 9915.91
0.211349 9496.26
0.220673 9953.78
0.230409 12342.5
0.240575 10647.4
0.251189 12175.3
0.262271 10246.1
0.273842 11812.2
0.285924 11419.7
0.298538 10572.5
0.311709 12111
0.325462 12574.8
0.339821 12219.5
0.354813 12535
0.370467 11515.5
0.386812 11364.6
0.403878 12937.5
0.421697 13618.8
0.440301 12943
0.459727 13344.7
0.48001 12041.8
0.501187 12222.3
0.523299 12678.1
0.546387 13664.2
0.570493 12648.2
0.595662 12909.5
0.621942 11773.6
0.649382 10394.1
0.678032 12426.7
0.707946 10403.1
0.73918 9842.97
0.771792 12319.5
0.805842 11189.7
0.841395 8678.92
0.878517 7268
0.917276 10979
0.957745 9015.76
1 9741.88
1.04412 8144.65
1.09018 6927.58
1.13828 6365.92
1.1885 5403.69
1.24094 6955.12
1.29569 5105.48
1.35285 5742.96
1.41254 5424.6
1.47486 5031.84
1.53993 4603.15
1.60787 3644.84
1.6788 5058.69
1.75287 4964.46
1.83021 4184.36
1.91095 3175.56
1.99526 3339.51
2.08329 5001.26
2.1752 2955.8
2.27117 4631.17
2.37137 3777.64
2.476 2084.11
2.58523 2529.06
2.69929 3676.29
2.81838 3267.79
2.94273 3596.45
3.07256 2313.63
3.20812 2366.92
3.34965 1996.54
3.49744 2029.86
3.65174 3409.21
3.81285 2836.66
3.98107 3438.23
4.15671 2438.37
4.3401 2285.84
4.53158 2518.31
4.73151 1336.16
4.94026 2863.86
5.15822 1869.98
5.3858 2724.48
5.62341 2329.6
5.87151 1665.48
6.13056 1336.23
6.40103 1475.61
6.68344 1189.57
6.97831 1345.2
7.28618 1947.36
7.60764 1474.26
7.94328 2038.03
8.29373 1291.82
8.65964 1295.7
9.0417 872.553
9.44061 881.17
9.85712 1348.15
10.292 1041.37
10.7461 1137.41
11.2202 1456.25
11.7152 1340.02
12.2321 686.816
12.7717 1027.94
13.3352 988.958
13.9236 988.525
14.5378 1514.39
15.1792 793.674
15.8489 1176.26
16.5482 966.87
17.2783 1151.72
18.0406 743.627
18.8365 794.474
19.6675 926.244
20.5353 839.654
21.4412 641.944
22.3872 1727.09
23.3749 1709.77
24.4062 1965.94
25.483 727.44
26.6073 1173.49
27.7811 1150.91
29.0068 1544.32
30.2866 1397.11
31.6228 1689.51
33.0179 1493.97
34.4747 1633.51
35.9956 1602.82
37.5837 1398.36
39.2419 2487.81
40.9732 1238.23
42.7809 1863.39
44.6684 1461.59
46.6391 1659.15
48.6968 1616.88
50.8452 2136.73
53.0884 2061.78
55.4307 2151.14
57.8762 2010.03
60.4296 1924.65
63.0957 2004.78
65.8795 2295.76
68.786 2851.94
71.8208 2297.95
74.9894 2067.14
78.2979 2435.32
81.7523 2467.22
85.3591 1844.59
89.1251 2237.3
93.0572 2543.35
97.1628 3186
101.45 2211.61
105.925 2325.52
110.599 4130.18
115.478 2416.66
120.573 3192.41
125.893 3206.91
131.447 2666.7
137.246 3388.01
143.301 2950.5
149.624 3096.07
156.225 3128.94
163.117 3694.12
170.314 2747.23
177.828 3111.32
185.674 3124.68
193.865 4099.86
202.418 4603.41
211.349 4031.97
220.673 4462.12
230.409 4370.59
240.575 4297.34
251.189 4550.18
262.271 3076.66
273.842 5333.55
285.924 4986.07
298.538 4713.91
311.709 5157.71
325.462 4831.91
339.821 4637.21
354.813 4976.69
370.467 4330.39
386.812 4308.63
403.878 3310.71
421.697 2718.6
440.301 1911.4
459.727 1652.59
480.01 1314.92
501.187 1204.28
523.299 671.776
546.387 893.725
570.493 271.195
595.662 560.101
621.942 137.187
649.382 107.843
678.032 180.988
707.946 251.837
739.18 387.097
771.792 0
805.842 74.975
841.395 90.5155
878.517 151.811
917.276 0
957.745 119.838
1000 0
