# First line is two numbers 
#     First value is '2', it means 'histogram mode'
#     Second value is 'Emin' of the histogram
# Other lines : 2 columns. 1) energy 2) probability (nb divided by NbEvent)
# Number of bins = 480
# Content below the first bin: 0
# Content above the last  bin: 63.3154
# Content above the last  bin: 63.3154
# Number of events: 209000
2 1e-06
1.04412e-06 0
1.09018e-06 0
1.13828e-06 0
1.1885e-06 0
1.24094e-06 0
1.29569e-06 0
1.35285e-06 0
1.41254e-06 0
1.47486e-06 0
1.53993e-06 0
1.60787e-06 0
1.6788e-06 0
1.75287e-06 0
1.83021e-06 0
1.91095e-06 0
1.99526e-06 0
2.08329e-06 0
2.1752e-06 0
2.27117e-06 0
2.37137e-06 0
2.476e-06 0
2.58523e-06 0
2.69929e-06 0
2.81838e-06 0
2.94273e-06 0
3.07256e-06 0
3.20812e-06 0
3.34965e-06 0
3.49744e-06 0
3.65174e-06 0
3.81285e-06 0
3.98107e-06 0
4.15671e-06 0
4.3401e-06 0
4.53158e-06 0
4.73151e-06 0
4.94026e-06 0
5.15822e-06 0
5.3858e-06 0
5.62341e-06 0
5.87151e-06 0
6.13056e-06 0
6.40103e-06 0
6.68344e-06 0
6.97831e-06 0
7.28618e-06 0
7.60764e-06 0
7.94328e-06 0
8.29373e-06 0
8.65964e-06 0
9.0417e-06 0
9.44061e-06 0
9.85712e-06 0
1.0292e-05 0
1.07461e-05 0
1.12202e-05 0
1.17152e-05 0
1.22321e-05 0
1.27717e-05 0
1.33352e-05 0
1.39236e-05 0
1.45378e-05 0
1.51792e-05 0
1.58489e-05 0
1.65482e-05 0
1.72783e-05 0
1.80406e-05 0
1.88365e-05 0
1.96675e-05 0
2.05353e-05 0
2.14412e-05 0
2.23872e-05 0
2.33749e-05 0
2.44062e-05 0
2.5483e-05 0
2.66073e-05 0
2.77811e-05 0
2.90068e-05 0
3.02866e-05 0
3.16228e-05 0
3.30179e-05 0
3.44747e-05 0
3.59956e-05 0
3.75837e-05 0
3.92419e-05 0
4.09732e-05 0
4.27809e-05 0
4.46684e-05 0
4.66391e-05 0
4.86968e-05 0
5.08452e-05 0
5.30884e-05 0
5.54307e-05 0
5.78762e-05 0
6.04296e-05 0
6.30957e-05 0
6.58795e-05 0
6.8786e-05 0
7.18208e-05 0
7.49894e-05 0
7.82979e-05 0
8.17523e-05 0
8.53591e-05 0
8.91251e-05 0
9.30572e-05 0
9.71628e-05 0
0.00010145 0
0.000105925 0
0.000110599 0
0.000115478 0
0.000120573 0
0.000125893 0
0.000131447 0
0.000137246 0
0.000143301 0
0.000149624 0
0.000156225 0
0.000163117 0
0.000170314 0
0.000177828 0
0.000185674 0
0.000193865 0
0.000202418 0
0.000211349 0
0.000220673 0
0.000230409 0
0.000240575 0
0.000251189 0
0.000262271 0
0.000273842 0
0.000285924 0
0.000298538 0
0.000311709 0
0.000325462 0
0.000339821 0
0.000354813 0
0.000370467 0
0.000386812 0
0.000403878 0
0.000421697 0
0.000440301 0
0.000459727 0
0.00048001 0
0.000501187 0
0.000523299 0
0.000546387 0
0.000570493 0
0.000595662 0
0.000621942 0
0.000649382 0
0.000678032 0
0.000707946 0
0.00073918 0
0.000771792 0
0.000805842 0
0.000841395 0
0.000878517 114.299
0.000917276 116.389
0.000957745 0
0.001 0
0.00104412 0
0.00109018 0
0.00113828 0
0.0011885 107.219
0.00124094 0
0.00129569 0
0.00135285 0
0.00141254 0
0.00147486 0
0.00153993 0
0.00160787 0
0.0016788 0
0.00175287 0
0.00183021 96.7206
0.00191095 0
0.00199526 0
0.00208329 0
0.0021752 0
0.00227117 0
0.00237137 0
0.002476 0
0.00258523 101.414
0.00269929 0
0.00281838 0
0.00294273 0
0.00307256 42.0773
0.00320812 0
0.00334965 0
0.00349744 107.823
0.00365174 99.6921
0.00381285 59.2397
0.00398107 0
0.00415671 38.1824
0.0043401 80.1619
0.00453158 0
0.00473151 0
0.00494026 0
0.00515822 114.03
0.0053858 0
0.00562341 122.748
0.00587151 0
0.00613056 97.4183
0.00640103 75.9732
0.00668344 149.844
0.00697831 103.702
0.00728618 110.857
0.00760764 334.814
0.00794328 210.737
0.00829373 467.235
0.00865964 149.373
0.0090417 688.935
0.00944061 480.902
0.00985712 170.736
0.010292 437.241
0.0107461 252.536
0.0112202 67.1347
0.0117152 473.019
0.0122321 877.12
0.0127717 308.183
0.0133352 101.419
0.0139236 843.718
0.0145378 510.096
0.0151792 601.761
0.0158489 260.111
0.0165482 592.869
0.0172783 912.099
0.0180406 751.836
0.0188365 543.034
0.0196675 879.547
0.0205353 1303.2
0.0214412 1186.75
0.0223872 1057.47
0.0233749 1300.28
0.0244062 1181.15
0.025483 1674.55
0.0266073 1421.35
0.0277811 1892.08
0.0290068 1766.3
0.0302866 1536.96
0.0316228 2074.95
0.0330179 3058.4
0.0344747 2200.72
0.0359956 3059.19
0.0375837 3116.37
0.0392419 2595.02
0.0409732 3017.16
0.0427809 3304.57
0.0446684 3367.98
0.0466391 3162.72
0.0486968 4347.38
0.0508452 3473.72
0.0530884 3479.81
0.0554307 3461.06
0.0578762 3854.01
0.0604296 5114.56
0.0630957 3861.54
0.0658795 3978.86
0.068786 4746.96
0.0718208 6586.26
0.0749894 5587.84
0.0782979 5283.86
0.0817523 6221.97
0.0853591 6137.39
0.0891251 7503.51
0.0930572 6878.9
0.0971628 6802.13
0.10145 8397.67
0.105925 8722.37
0.110599 7531.92
0.115478 8452.31
0.120573 8103.91
0.125893 9612.39
0.131447 8820.18
0.137246 9531.56
0.143301 9563.5
0.149624 9662.26
0.156225 10070.2
0.163117 8001.53
0.170314 8856.55
0.177828 9309.72
0.185674 10396.7
0.193865 9940.93
0.202418 11163.4
0.211349 12082.9
0.220673 11167
0.230409 10558.9
0.240575 11783.3
0.251189 11712.3
0.262271 13773.1
0.273842 12926.3
0.285924 11848.1
0.298538 11959.2
0.311709 10820.4
0.325462 13244.6
0.339821 11096.1
0.354813 11026.9
0.370467 11795
0.386812 13969.8
0.403878 12819.5
0.421697 11796.4
0.440301 12090
0.459727 11246.9
0.48001 11492.5
0.501187 12430.9
0.523299 13814.9
0.546387 12167.3
0.570493 13871.2
0.595662 10909.6
0.621942 12860
0.649382 12239.5
0.678032 10821.9
0.707946 11529.8
0.73918 12017.1
0.771792 10600.5
0.805842 10739.9
0.841395 10888.8
0.878517 10272.1
0.917276 9323.01
0.957745 9306.16
1 8980.98
1.04412 8063.22
1.09018 7235.18
1.13828 6550.88
1.1885 6930.96
1.24094 6238.33
1.29569 4944.84
1.35285 5572.86
1.41254 4980.32
1.47486 4104.51
1.53993 4523.71
1.60787 4700.04
1.6788 4818.01
1.75287 4737.77
1.83021 4349.19
1.91095 3597.95
1.99526 4286.42
2.08329 2808.63
2.1752 3887.49
2.27117 3709.31
2.37137 3196.14
2.476 1991.24
2.58523 2725.19
2.69929 3725.38
2.81838 3699.4
2.94273 3184.95
3.07256 2558.2
3.20812 2104.12
3.34965 2424.03
3.49744 3065.22
3.65174 2313.92
3.81285 2919.72
3.98107 2685.92
4.15671 2332.7
4.3401 1830.7
4.53158 2439.44
4.73151 1215.89
4.94026 2301.9
5.15822 1487.6
5.3858 1705.71
5.62341 1708.02
5.87151 1302.9
6.13056 1693.05
6.40103 1554.07
6.68344 1775.12
6.97831 1991
7.28618 1820.01
7.60764 1202.64
7.94328 1486.15
8.29373 1594.4
8.65964 1951.1
9.0417 1315.34
9.44061 1335.86
9.85712 1215.91
10.292 1151.42
10.7461 1670.6
11.2202 1384.86
11.7152 645.982
12.2321 1550.72
12.7717 1057.63
13.3352 1317
13.9236 851.512
14.5378 935.01
15.1792 944.742
15.8489 1653.5
16.5482 1724.43
17.2783 1401.39
18.0406 1056
18.8365 1814.92
19.6675 1461.18
20.5353 1275.11
21.4412 1530.9
22.3872 1530.62
23.3749 1644.79
24.4062 983.185
25.483 873.759
26.6073 1724.06
27.7811 1204.88
29.0068 1386.01
30.2866 1134.19
31.6228 1052.02
33.0179 2183.61
34.4747 1575.47
35.9956 1339.95
37.5837 1009.25
39.2419 1473.06
40.9732 2283.12
42.7809 1433.06
44.6684 1903.26
46.6391 1531.75
48.6968 2833.5
50.8452 1620.86
53.0884 1807.15
55.4307 2348.46
57.8762 2529.54
60.4296 1626.64
63.0957 2502.09
65.8795 1832.14
68.786 2479.62
71.8208 2136.56
74.9894 1870.19
78.2979 2393.55
81.7523 2387.45
85.3591 2061.19
89.1251 3601.01
93.0572 2284.57
97.1628 2944.21
101.45 3158.96
105.925 2883.05
110.599 2876.58
115.478 3138.21
120.573 2919.03
125.893 2968.78
131.447 2543.31
137.246 2601.68
143.301 3811.55
149.624 3515.02
156.225 2764.5
163.117 3537.15
170.314 3240.72
177.828 3361.9
185.674 4171.54
193.865 4100.62
202.418 3814.7
211.349 3667.72
220.673 4532.22
230.409 3499.33
240.575 4476.83
251.189 4494.75
262.271 4253.05
273.842 3713.64
285.924 3397.04
298.538 4684.88
311.709 5652.56
325.462 4324.98
339.821 5504.88
354.813 6017.6
370.467 3769.64
386.812 4164.24
403.878 3672.65
421.697 2966.41
440.301 1717.53
459.727 1212.15
480.01 1354.67
501.187 1093.91
523.299 985.022
546.387 1083.59
570.493 507.868
595.662 467.533
621.942 283.768
649.382 390.001
678.032 126.172
707.946 212.529
739.18 290.451
771.792 336.419
805.842 0
841.395 276.012
878.517 181.016
917.276 0
957.745 0
1000 102.165
