# First line is two numbers 
#     First value is '2', it means 'histogram mode'
#     Second value is 'Emin' of the histogram
# Other lines : 2 columns. 1) energy 2) probability (nb divided by NbEvent)
# Number of bins = 480
# Content below the first bin: 0
# Content above the last  bin: 0
# Content above the last  bin: 0
# Number of events: 209000
2 1e-06
1.04412e-06 0
1.09018e-06 0
1.13828e-06 0
1.1885e-06 0
1.24094e-06 0
1.29569e-06 0
1.35285e-06 0
1.41254e-06 0
1.47486e-06 0
1.53993e-06 0
1.60787e-06 0
1.6788e-06 0
1.75287e-06 0
1.83021e-06 0
1.91095e-06 0
1.99526e-06 0
2.08329e-06 0
2.1752e-06 0
2.27117e-06 0
2.37137e-06 0
2.476e-06 0
2.58523e-06 0
2.69929e-06 0
2.81838e-06 0
2.94273e-06 0
3.07256e-06 0
3.20812e-06 0
3.34965e-06 0
3.49744e-06 0
3.65174e-06 0
3.81285e-06 0
3.98107e-06 0
4.15671e-06 0
4.3401e-06 0
4.53158e-06 0
4.73151e-06 0
4.94026e-06 0
5.15822e-06 0
5.3858e-06 0
5.62341e-06 0
5.87151e-06 0
6.13056e-06 0
6.40103e-06 0
6.68344e-06 0
6.97831e-06 0
7.28618e-06 0
7.60764e-06 0
7.94328e-06 0
8.29373e-06 0
8.65964e-06 0
9.0417e-06 0
9.44061e-06 0
9.85712e-06 0
1.0292e-05 0
1.07461e-05 0
1.12202e-05 0
1.17152e-05 0
1.22321e-05 0
1.27717e-05 0
1.33352e-05 0
1.39236e-05 0
1.45378e-05 0
1.51792e-05 0
1.58489e-05 0
1.65482e-05 0
1.72783e-05 0
1.80406e-05 0
1.88365e-05 0
1.96675e-05 0
2.05353e-05 0
2.14412e-05 0
2.23872e-05 0
2.33749e-05 0
2.44062e-05 0
2.5483e-05 0
2.66073e-05 0
2.77811e-05 0
2.90068e-05 0
3.02866e-05 0
3.16228e-05 0
3.30179e-05 0
3.44747e-05 0
3.59956e-05 0
3.75837e-05 0
3.92419e-05 0
4.09732e-05 0
4.27809e-05 0
4.46684e-05 0
4.66391e-05 0
4.86968e-05 0
5.08452e-05 0
5.30884e-05 0
5.54307e-05 0
5.78762e-05 0
6.04296e-05 0
6.30957e-05 0
6.58795e-05 0
6.8786e-05 0
7.18208e-05 0
7.49894e-05 0
7.82979e-05 0
8.17523e-05 0
8.53591e-05 0
8.91251e-05 0
9.30572e-05 0
9.71628e-05 0
0.00010145 0
0.000105925 0
0.000110599 0
0.000115478 0
0.000120573 0
0.000125893 0
0.000131447 0
0.000137246 0
0.000143301 0
0.000149624 0
0.000156225 0
0.000163117 0
0.000170314 0
0.000177828 0
0.000185674 0
0.000193865 0
0.000202418 0
0.000211349 0
0.000220673 0
0.000230409 0
0.000240575 0
0.000251189 0
0.000262271 0
0.000273842 0
0.000285924 0
0.000298538 0
0.000311709 0
0.000325462 0
0.000339821 0
0.000354813 0
0.000370467 90.8338
0.000386812 0
0.000403878 0
0.000421697 0
0.000440301 0
0.000459727 0
0.00048001 0
0.000501187 0
0.000523299 0
0.000546387 0
0.000570493 0
0.000595662 0
0.000621942 0
0.000649382 0
0.000678032 0
0.000707946 0
0.00073918 0
0.000771792 0
0.000805842 0
0.000841395 0
0.000878517 0
0.000917276 0
0.000957745 0
0.001 0
0.00104412 0
0.00109018 0
0.00113828 0
0.0011885 0
0.00124094 106.42
0.00129569 0
0.00135285 0
0.00141254 0
0.00147486 0
0.00153993 0
0.00160787 0
0.0016788 0
0.00175287 0
0.00183021 0
0.00191095 0
0.00199526 80.1605
0.00208329 0
0.0021752 0
0.00227117 0
0.00237137 112.601
0.002476 0
0.00258523 0
0.00269929 0
0.00281838 0
0.00294273 113.114
0.00307256 101.62
0.00320812 90.1735
0.00334965 74.0617
0.00349744 116.367
0.00365174 0
0.00381285 52.7845
0.00398107 93.6239
0.00415671 0
0.0043401 97.3503
0.00453158 0
0.00473151 75.6081
0.00494026 214.403
0.00515822 0
0.0053858 109.17
0.00562341 0
0.00587151 100.392
0.00613056 320.858
0.00640103 144.165
0.00668344 139.043
0.00697831 121.87
0.00728618 78.1711
0.00760764 404.986
0.00794328 58.7692
0.00829373 0
0.00865964 688.321
0.0090417 314.25
0.00944061 410.955
0.00985712 657.596
0.010292 492.228
0.0107461 244.13
0.0112202 587.745
0.0117152 483.687
0.0122321 658.254
0.0127717 787.304
0.0133352 479.486
0.0139236 357.03
0.0145378 494.633
0.0151792 506.934
0.0158489 374.681
0.0165482 991.282
0.0172783 754.351
0.0180406 478.835
0.0188365 376.236
0.0196675 771.501
0.0205353 1123.68
0.0214412 1074.89
0.0223872 1525.59
0.0233749 1485.77
0.0244062 1211.66
0.025483 1625.55
0.0266073 1332.68
0.0277811 1642.89
0.0290068 1520.43
0.0302866 1285.29
0.0316228 1596.32
0.0330179 1931.42
0.0344747 1441.25
0.0359956 2237.44
0.0375837 3241.51
0.0392419 3066.48
0.0409732 2456
0.0427809 2788.91
0.0446684 3834.44
0.0466391 2865.68
0.0486968 4161.71
0.0508452 4130.53
0.0530884 4239.52
0.0554307 3371.43
0.0578762 4306.01
0.0604296 3189.07
0.0630957 5436.22
0.0658795 4878.05
0.068786 4909.95
0.0718208 6084.18
0.0749894 4757.28
0.0782979 5368.06
0.0817523 5737.37
0.0853591 8018.33
0.0891251 6732.32
0.0930572 5597.05
0.0971628 7441.52
0.10145 7165.4
0.105925 7695.66
0.110599 9181.95
0.115478 10193.7
0.120573 8857.55
0.125893 9253.49
0.131447 7445.24
0.137246 8077.05
0.143301 8340.82
0.149624 9317.23
0.156225 10372.5
0.163117 9200.47
0.170314 11883.1
0.177828 10027
0.185674 8108.82
0.193865 11202.5
0.202418 10909.4
0.211349 9524.93
0.220673 10930.7
0.230409 11812.7
0.240575 12621.8
0.251189 10698
0.262271 11006.5
0.273842 11745.9
0.285924 12454.4
0.298538 12555
0.311709 13210.6
0.325462 11076.9
0.339821 12237.8
0.354813 12303
0.370467 14962.5
0.386812 12740.9
0.403878 11913.7
0.421697 11188.8
0.440301 12082.2
0.459727 11487.6
0.48001 11820.1
0.501187 13099.8
0.523299 14632.9
0.546387 14126.1
0.570493 13733.4
0.595662 13272.7
0.621942 13363.7
0.649382 11834.6
0.678032 12982.2
0.707946 10096.7
0.73918 11073.5
0.771792 9640.65
0.805842 11350.5
0.841395 10662
0.878517 8507.66
0.917276 9946.51
0.957745 8852.51
1 8863.64
1.04412 8089.59
1.09018 7396.71
1.13828 6658.94
1.1885 6634.49
1.24094 8124.22
1.29569 6596.06
1.35285 6552.76
1.41254 5415.79
1.47486 6072.36
1.53993 4335.43
1.60787 3980.37
1.6788 4488.94
1.75287 3891.28
1.83021 3906.55
1.91095 4655.65
1.99526 4192.68
2.08329 4155.87
2.1752 3443.67
2.27117 4242.5
2.37137 3137.08
2.476 3780.12
2.58523 3143.95
2.69929 3471.55
2.81838 3250.31
2.94273 2644.81
3.07256 2836.17
3.20812 4255.78
3.34965 2332.3
3.49744 2828.04
3.65174 2659.19
3.81285 2489.07
3.98107 2107.61
4.15671 2335.67
4.3401 1956.39
4.53158 2517.26
4.73151 2029.35
4.94026 2251.45
5.15822 1491.81
5.3858 1797.77
5.62341 2171.77
5.87151 2131.39
6.13056 993.688
6.40103 1794.24
6.68344 1750.06
6.97831 1116.31
7.28618 2118.58
7.60764 1295.21
7.94328 1220.81
8.29373 1839.22
8.65964 1579.72
9.0417 1679.39
9.44061 2513.43
9.85712 1545.76
10.292 1027.86
10.7461 864.132
11.2202 1938.63
11.7152 1012.7
12.2321 1044.07
12.7717 1176.97
13.3352 843.257
13.9236 1003.51
14.5378 774.795
15.1792 919.856
15.8489 635.776
16.5482 1170.84
17.2783 963.53
18.0406 981.34
18.8365 1533.56
19.6675 904.47
20.5353 1211.68
21.4412 959.089
22.3872 1313.46
23.3749 900.103
24.4062 1476.15
25.483 1029.01
26.6073 1651.43
27.7811 1698.62
29.0068 1757.37
30.2866 856.388
31.6228 1480.36
33.0179 1806.55
34.4747 1597.66
35.9956 1701.24
37.5837 1091.58
39.2419 1778.81
40.9732 1436.81
42.7809 1208.77
44.6684 884.099
46.6391 1610.19
48.6968 1786.73
50.8452 1972.66
53.0884 1679.76
55.4307 1402.54
57.8762 1804.32
60.4296 1633.28
63.0957 1805.93
65.8795 2608.34
68.786 1271.97
71.8208 2055.59
74.9894 1971.24
78.2979 2677.87
81.7523 2579.63
85.3591 2699.81
89.1251 2930.28
93.0572 2903.56
97.1628 2854.31
101.45 2985.94
105.925 2275.17
110.599 3310
115.478 3067.49
120.573 2952.01
125.893 3476.59
131.447 2501.24
137.246 3037.66
143.301 3803.85
149.624 1951.74
156.225 3891.29
163.117 3955.02
170.314 3410.8
177.828 3603.16
185.674 4253.69
193.865 3706.39
202.418 3442.48
211.349 4313.55
220.673 4951.76
230.409 4879.7
240.575 3982.51
251.189 4363.6
262.271 4490.26
273.842 4718.06
285.924 5143.2
298.538 4689.93
311.709 6257.54
325.462 4552.35
339.821 5223.88
354.813 5538.82
370.467 4364.85
386.812 3484.41
403.878 3487.56
421.697 1849.28
440.301 1572.95
459.727 1758.59
480.01 1215.37
501.187 688.409
523.299 580.899
546.387 330.242
570.493 467.055
595.662 439.059
621.942 593.568
649.382 348.493
678.032 352.405
707.946 188.951
739.18 350.824
771.792 118.23
805.842 81.9935
841.395 0
878.517 0
917.276 0
957.745 0
1000 106.126
