# First line is two numbers 
#     First value is '2', it means 'histogram mode'
#     Second value is 'Emin' of the histogram
# Other lines : 2 columns. 1) energy 2) probability (nb divided by NbEvent)
# Number of bins = 480
# Content below the first bin: 0
# Content above the last  bin: 0
# Content above the last  bin: 0
# Number of events: 209000
2 1e-06
1.04412e-06 0
1.09018e-06 0
1.13828e-06 0
1.1885e-06 0
1.24094e-06 0
1.29569e-06 0
1.35285e-06 0
1.41254e-06 0
1.47486e-06 0
1.53993e-06 0
1.60787e-06 0
1.6788e-06 0
1.75287e-06 0
1.83021e-06 0
1.91095e-06 0
1.99526e-06 0
2.08329e-06 0
2.1752e-06 0
2.27117e-06 0
2.37137e-06 0
2.476e-06 0
2.58523e-06 0
2.69929e-06 0
2.81838e-06 0
2.94273e-06 0
3.07256e-06 0
3.20812e-06 0
3.34965e-06 0
3.49744e-06 0
3.65174e-06 0
3.81285e-06 0
3.98107e-06 0
4.15671e-06 0
4.3401e-06 0
4.53158e-06 0
4.73151e-06 0
4.94026e-06 0
5.15822e-06 0
5.3858e-06 0
5.62341e-06 0
5.87151e-06 0
6.13056e-06 0
6.40103e-06 0
6.68344e-06 0
6.97831e-06 0
7.28618e-06 0
7.60764e-06 0
7.94328e-06 0
8.29373e-06 0
8.65964e-06 0
9.0417e-06 0
9.44061e-06 0
9.85712e-06 0
1.0292e-05 0
1.07461e-05 0
1.12202e-05 0
1.17152e-05 0
1.22321e-05 0
1.27717e-05 0
1.33352e-05 0
1.39236e-05 0
1.45378e-05 0
1.51792e-05 0
1.58489e-05 0
1.65482e-05 0
1.72783e-05 0
1.80406e-05 0
1.88365e-05 0
1.96675e-05 0
2.05353e-05 0
2.14412e-05 0
2.23872e-05 0
2.33749e-05 0
2.44062e-05 0
2.5483e-05 0
2.66073e-05 0
2.77811e-05 0
2.90068e-05 0
3.02866e-05 0
3.16228e-05 0
3.30179e-05 0
3.44747e-05 0
3.59956e-05 0
3.75837e-05 0
3.92419e-05 0
4.09732e-05 0
4.27809e-05 0
4.46684e-05 0
4.66391e-05 0
4.86968e-05 0
5.08452e-05 0
5.30884e-05 0
5.54307e-05 0
5.78762e-05 0
6.04296e-05 0
6.30957e-05 0
6.58795e-05 0
6.8786e-05 0
7.18208e-05 0
7.49894e-05 0
7.82979e-05 0
8.17523e-05 0
8.53591e-05 0
8.91251e-05 0
9.30572e-05 0
9.71628e-05 0
0.00010145 0
0.000105925 0
0.000110599 0
0.000115478 0
0.000120573 0
0.000125893 0
0.000131447 0
0.000137246 0
0.000143301 0
0.000149624 0
0.000156225 0
0.000163117 0
0.000170314 0
0.000177828 0
0.000185674 0
0.000193865 0
0.000202418 0
0.000211349 0
0.000220673 0
0.000230409 0
0.000240575 0
0.000251189 0
0.000262271 0
0.000273842 0
0.000285924 0
0.000298538 0
0.000311709 0
0.000325462 0
0.000339821 0
0.000354813 0
0.000370467 0
0.000386812 0
0.000403878 0
0.000421697 0
0.000440301 0
0.000459727 0
0.00048001 0
0.000501187 0
0.000523299 0
0.000546387 0
0.000570493 0
0.000595662 0
0.000621942 0
0.000649382 0
0.000678032 0
0.000707946 0
0.00073918 0
0.000771792 0
0.000805842 0
0.000841395 0
0.000878517 0
0.000917276 0
0.000957745 0
0.001 0
0.00104412 0
0.00109018 0
0.00113828 0
0.0011885 0
0.00124094 0
0.00129569 0
0.00135285 0
0.00141254 0
0.00147486 0
0.00153993 0
0.00160787 0
0.0016788 0
0.00175287 0
0.00183021 0
0.00191095 0
0.00199526 0
0.00208329 0
0.0021752 0
0.00227117 0
0.00237137 0
0.002476 83.7693
0.00258523 0
0.00269929 85.2124
0.00281838 0
0.00294273 0
0.00307256 0
0.00320812 0
0.00334965 0
0.00349744 0
0.00365174 0
0.00381285 0
0.00398107 0
0.00415671 102.596
0.0043401 0
0.00453158 0
0.00473151 0
0.00494026 0
0.00515822 0
0.0053858 0
0.00562341 0
0.00587151 0
0.00613056 0
0.00640103 0
0.00668344 95.0905
0.00697831 0
0.00728618 0
0.00760764 67.1272
0.00794328 13.6947
0.00829373 87.3172
0.00865964 0
0.0090417 283.262
0.00944061 64.3934
0.00985712 0
0.010292 0
0.0107461 78.2055
0.0112202 64.3618
0.0117152 201.047
0.0122321 0
0.0127717 253.069
0.0133352 217.882
0.0139236 0
0.0145378 172.437
0.0151792 302.162
0.0158489 225.875
0.0165482 218.646
0.0172783 22.7458
0.0180406 548.471
0.0188365 319.281
0.0196675 543.414
0.0205353 210.165
0.0214412 247.614
0.0223872 344.871
0.0233749 344.473
0.0244062 693.09
0.025483 370.889
0.0266073 428.399
0.0277811 981.99
0.0290068 812.78
0.0302866 370.282
0.0316228 506.511
0.0330179 550.085
0.0344747 377.477
0.0359956 334.415
0.0375837 759.289
0.0392419 399.582
0.0409732 838.214
0.0427809 1028.72
0.0446684 610.419
0.0466391 1142.79
0.0486968 681.376
0.0508452 900.338
0.0530884 558.794
0.0554307 1196.97
0.0578762 586.392
0.0604296 1264.27
0.0630957 1740.71
0.0658795 1946.39
0.068786 1778.77
0.0718208 1327.84
0.0749894 1194.76
0.0782979 1645.76
0.0817523 1866.19
0.0853591 2245.89
0.0891251 2678.17
0.0930572 2534.87
0.0971628 1286.29
0.10145 1893.28
0.105925 1789.64
0.110599 2518.52
0.115478 2781.5
0.120573 2401.99
0.125893 2167.34
0.131447 2611.75
0.137246 2670.41
0.143301 2281.09
0.149624 2244.38
0.156225 2379.63
0.163117 2702.52
0.170314 2308.33
0.177828 3184.28
0.185674 2980.44
0.193865 3092.15
0.202418 2293.21
0.211349 3055.21
0.220673 2478.02
0.230409 3440.57
0.240575 2942.9
0.251189 2806.7
0.262271 3154.78
0.273842 2686.45
0.285924 3430.6
0.298538 3064.68
0.311709 3416.51
0.325462 4073.57
0.339821 3106.63
0.354813 3376.27
0.370467 3650.68
0.386812 3908.32
0.403878 3823.94
0.421697 2663.07
0.440301 4208.67
0.459727 3522.67
0.48001 3724.8
0.501187 2509.68
0.523299 3098.6
0.546387 3219.33
0.570493 3693.42
0.595662 3788.01
0.621942 3131.75
0.649382 2192.18
0.678032 3575.31
0.707946 2567.45
0.73918 3386.65
0.771792 2606.41
0.805842 2079.86
0.841395 2124.98
0.878517 2644.47
0.917276 2357.59
0.957745 2559.93
1 1961.95
1.04412 2134.55
1.09018 1791.28
1.13828 2087.54
1.1885 1982.79
1.24094 1898.21
1.29569 1193.77
1.35285 1764.22
1.41254 1310.73
1.47486 1417.62
1.53993 728.607
1.60787 1049.82
1.6788 952.412
1.75287 802.401
1.83021 892.781
1.91095 1286.28
1.99526 1038.13
2.08329 789.762
2.1752 1276.34
2.27117 955.319
2.37137 992.307
2.476 1086.49
2.58523 693.535
2.69929 819.207
2.81838 550.423
2.94273 1345.63
3.07256 520.019
3.20812 424.05
3.34965 1217.69
3.49744 1347.84
3.65174 530.276
3.81285 755.11
3.98107 922.492
4.15671 593.48
4.3401 269.585
4.53158 449.902
4.73151 1181.24
4.94026 528.369
5.15822 800.964
5.3858 911.805
5.62341 570.319
5.87151 356.382
6.13056 573.314
6.40103 513.044
6.68344 268.447
6.97831 484.47
7.28618 0
7.60764 424.203
7.94328 355.403
8.29373 524.395
8.65964 388.646
9.0417 592.787
9.44061 458.385
9.85712 407.413
10.292 544.874
10.7461 274.777
11.2202 299.31
11.7152 321.814
12.2321 131.363
12.7717 430.814
13.3352 217.968
13.9236 96.1872
14.5378 0
15.1792 212.849
15.8489 581.825
16.5482 160.804
17.2783 254.313
18.0406 336.65
18.8365 370.314
19.6675 216.958
20.5353 447.12
21.4412 0
22.3872 595.151
23.3749 110.942
24.4062 178.502
25.483 191.778
26.6073 39.321
27.7811 279.908
29.0068 287.165
30.2866 265.876
31.6228 232.561
33.0179 326.86
34.4747 546.26
35.9956 307.436
37.5837 567.459
39.2419 446.748
40.9732 89.9464
42.7809 291.628
44.6684 448
46.6391 796.809
48.6968 661.823
50.8452 1095.76
53.0884 568.72
55.4307 414.939
57.8762 264.113
60.4296 244.659
63.0957 819.074
65.8795 996.28
68.786 638.03
71.8208 356.346
74.9894 501.306
78.2979 571.643
81.7523 488.195
85.3591 924.492
89.1251 353.892
93.0572 997.724
97.1628 599.506
101.45 881.228
105.925 320.447
110.599 1429.67
115.478 1347
120.573 586.925
125.893 808.948
131.447 818.108
137.246 504.514
143.301 701.794
149.624 736.466
156.225 682.502
163.117 756.254
170.314 398.705
177.828 299.799
185.674 949.947
193.865 1218.14
202.418 698.697
211.349 629.39
220.673 736.5
230.409 623.639
240.575 423.622
251.189 885.897
262.271 946.684
273.842 665.627
285.924 751.894
298.538 637.625
311.709 717.869
325.462 852.82
339.821 558.464
354.813 568.16
370.467 120.819
386.812 393.61
403.878 204.554
421.697 160.057
440.301 197.878
459.727 97.4079
480.01 77.0164
501.187 86.1122
523.299 122.371
546.387 48.6862
570.493 32.1225
595.662 25.8848
621.942 0
649.382 0
678.032 0
707.946 0
739.18 0
771.792 0
805.842 72.8736
841.395 0
878.517 0
917.276 0
957.745 0
1000 0
