# First line is two numbers 
#     First value is '2', it means 'histogram mode'
#     Second value is 'Emin' of the histogram
# Other lines : 2 columns. 1) energy 2) probability (nb divided by NbEvent)
# Number of bins = 480
# Content below the first bin: 0
# Content above the last  bin: 0
# Content above the last  bin: 0
# Number of events: 209000
2 1e-06
1.04412e-06 0
1.09018e-06 0
1.13828e-06 0
1.1885e-06 0
1.24094e-06 0
1.29569e-06 0
1.35285e-06 0
1.41254e-06 0
1.47486e-06 0
1.53993e-06 0
1.60787e-06 0
1.6788e-06 0
1.75287e-06 0
1.83021e-06 0
1.91095e-06 0
1.99526e-06 0
2.08329e-06 0
2.1752e-06 0
2.27117e-06 0
2.37137e-06 0
2.476e-06 0
2.58523e-06 0
2.69929e-06 0
2.81838e-06 0
2.94273e-06 0
3.07256e-06 0
3.20812e-06 0
3.34965e-06 0
3.49744e-06 0
3.65174e-06 0
3.81285e-06 0
3.98107e-06 0
4.15671e-06 0
4.3401e-06 0
4.53158e-06 0
4.73151e-06 0
4.94026e-06 0
5.15822e-06 0
5.3858e-06 0
5.62341e-06 0
5.87151e-06 0
6.13056e-06 0
6.40103e-06 0
6.68344e-06 0
6.97831e-06 0
7.28618e-06 0
7.60764e-06 0
7.94328e-06 0
8.29373e-06 0
8.65964e-06 0
9.0417e-06 0
9.44061e-06 0
9.85712e-06 0
1.0292e-05 0
1.07461e-05 0
1.12202e-05 0
1.17152e-05 0
1.22321e-05 0
1.27717e-05 0
1.33352e-05 0
1.39236e-05 0
1.45378e-05 0
1.51792e-05 0
1.58489e-05 0
1.65482e-05 0
1.72783e-05 0
1.80406e-05 0
1.88365e-05 0
1.96675e-05 0
2.05353e-05 0
2.14412e-05 0
2.23872e-05 0
2.33749e-05 0
2.44062e-05 0
2.5483e-05 0
2.66073e-05 0
2.77811e-05 0
2.90068e-05 0
3.02866e-05 0
3.16228e-05 0
3.30179e-05 0
3.44747e-05 0
3.59956e-05 0
3.75837e-05 0
3.92419e-05 0
4.09732e-05 0
4.27809e-05 0
4.46684e-05 0
4.66391e-05 0
4.86968e-05 0
5.08452e-05 0
5.30884e-05 0
5.54307e-05 0
5.78762e-05 0
6.04296e-05 0
6.30957e-05 0
6.58795e-05 0
6.8786e-05 0
7.18208e-05 0
7.49894e-05 0
7.82979e-05 0
8.17523e-05 0
8.53591e-05 0
8.91251e-05 0
9.30572e-05 0
9.71628e-05 0
0.00010145 0
0.000105925 0
0.000110599 0
0.000115478 0
0.000120573 0
0.000125893 0
0.000131447 0
0.000137246 0
0.000143301 0
0.000149624 0
0.000156225 0
0.000163117 0
0.000170314 0
0.000177828 0
0.000185674 0
0.000193865 0
0.000202418 0
0.000211349 0
0.000220673 0
0.000230409 0
0.000240575 0
0.000251189 0
0.000262271 0
0.000273842 0
0.000285924 0
0.000298538 0
0.000311709 0
0.000325462 0
0.000339821 0
0.000354813 0
0.000370467 0
0.000386812 0
0.000403878 0
0.000421697 0
0.000440301 0
0.000459727 0
0.00048001 0
0.000501187 0
0.000523299 0
0.000546387 0
0.000570493 0
0.000595662 0
0.000621942 0
0.000649382 0
0.000678032 0
0.000707946 0
0.00073918 0
0.000771792 0
0.000805842 0
0.000841395 0
0.000878517 0
0.000917276 0
0.000957745 0
0.001 0
0.00104412 0
0.00109018 0
0.00113828 0
0.0011885 0
0.00124094 0
0.00129569 0
0.00135285 0
0.00141254 0
0.00147486 0
0.00153993 0
0.00160787 0
0.0016788 0
0.00175287 0
0.00183021 0
0.00191095 0
0.00199526 0
0.00208329 0
0.0021752 0
0.00227117 0
0.00237137 0
0.002476 0
0.00258523 0
0.00269929 0
0.00281838 0
0.00294273 166.06
0.00307256 0
0.00320812 0
0.00334965 0
0.00349744 0
0.00365174 0
0.00381285 0
0.00398107 0
0.00415671 0
0.0043401 0
0.00453158 0
0.00473151 0
0.00494026 45.7567
0.00515822 0
0.0053858 0
0.00562341 104.896
0.00587151 0
0.00613056 74.5053
0.00640103 0
0.00668344 0
0.00697831 0
0.00728618 0
0.00760764 19.1357
0.00794328 86.9537
0.00829373 0
0.00865964 118.129
0.0090417 142.852
0.00944061 169.687
0.00985712 137.22
0.010292 196.836
0.0107461 74.3036
0.0112202 110.194
0.0117152 185.055
0.0122321 0
0.0127717 65.95
0.0133352 95.8873
0.0139236 220.459
0.0145378 189.852
0.0151792 115.423
0.0158489 290.809
0.0165482 339.615
0.0172783 192.034
0.0180406 283.195
0.0188365 336.453
0.0196675 298.908
0.0205353 638.747
0.0214412 264.125
0.0223872 495.419
0.0233749 288.902
0.0244062 539.875
0.025483 641.339
0.0266073 76.1705
0.0277811 739.992
0.0290068 562.11
0.0302866 317.797
0.0316228 659.209
0.0330179 480.887
0.0344747 313.246
0.0359956 750.79
0.0375837 838.857
0.0392419 897.296
0.0409732 734.507
0.0427809 634.706
0.0446684 650.297
0.0466391 985.948
0.0486968 1120.39
0.0508452 1100.85
0.0530884 853.798
0.0554307 1063.95
0.0578762 1083.91
0.0604296 1166.65
0.0630957 1417.75
0.0658795 1257.82
0.068786 1864.6
0.0718208 2101.87
0.0749894 1888.94
0.0782979 1406.61
0.0817523 1299.75
0.0853591 2269.57
0.0891251 1800.05
0.0930572 2181.75
0.0971628 2083.01
0.10145 2226.75
0.105925 1943.63
0.110599 2590.91
0.115478 2862.45
0.120573 2867.3
0.125893 2468.45
0.131447 2958.57
0.137246 1937.06
0.143301 2064.96
0.149624 3365.75
0.156225 3278.87
0.163117 3185.45
0.170314 2242.35
0.177828 3864.27
0.185674 2796.55
0.193865 3574.52
0.202418 3293.38
0.211349 3837.21
0.220673 3270.04
0.230409 2449.72
0.240575 3424.21
0.251189 3629.72
0.262271 3905.85
0.273842 2594.67
0.285924 3148.84
0.298538 3380.1
0.311709 3670.15
0.325462 3293.07
0.339821 2907.24
0.354813 3496.19
0.370467 4582.02
0.386812 2489.46
0.403878 3397.19
0.421697 3593.49
0.440301 3604.84
0.459727 3194.65
0.48001 3250.53
0.501187 3921.43
0.523299 3403.91
0.546387 2971
0.570493 4337.38
0.595662 3919.29
0.621942 3196.2
0.649382 4053.33
0.678032 2265.55
0.707946 3776.94
0.73918 2401.56
0.771792 3811.89
0.805842 2961.71
0.841395 3265.61
0.878517 2813.09
0.917276 3702.02
0.957745 1969.04
1 2220.81
1.04412 2245.76
1.09018 1557.1
1.13828 2219.31
1.1885 1609.48
1.24094 1317.74
1.29569 1358.23
1.35285 1573.68
1.41254 1362.28
1.47486 1527.51
1.53993 1219.16
1.60787 757.924
1.6788 1794.26
1.75287 903.238
1.83021 1337.26
1.91095 831.922
1.99526 622.036
2.08329 1271.35
2.1752 637.831
2.27117 1498.36
2.37137 2115.52
2.476 808.297
2.58523 837.338
2.69929 636.074
2.81838 1362.25
2.94273 834.425
3.07256 556.701
3.20812 872.642
3.34965 693.515
3.49744 626.489
3.65174 803.972
3.81285 875.732
3.98107 913.252
4.15671 439.203
4.3401 471.684
4.53158 883.574
4.73151 605.973
4.94026 414.808
5.15822 641.371
5.3858 844.136
5.62341 431.758
5.87151 262.013
6.13056 441.009
6.40103 271.719
6.68344 197.928
6.97831 546.423
7.28618 240.785
7.60764 200.266
7.94328 749.777
8.29373 494.628
8.65964 355.996
9.0417 99.9503
9.44061 608.113
9.85712 66.6874
10.292 127.633
10.7461 71.902
11.2202 542.509
11.7152 190.652
12.2321 364.822
12.7717 575.376
13.3352 223.164
13.9236 411.877
14.5378 118.248
15.1792 306.588
15.8489 466.322
16.5482 67.5186
17.2783 290.497
18.0406 29.8197
18.8365 268.321
19.6675 451.61
20.5353 45.8449
21.4412 326.176
22.3872 291.237
23.3749 434.195
24.4062 216.271
25.483 405.839
26.6073 462.828
27.7811 389.101
29.0068 387.59
30.2866 677.516
31.6228 412.504
33.0179 347.442
34.4747 167.996
35.9956 182.909
37.5837 243.018
39.2419 435.942
40.9732 407.569
42.7809 250.13
44.6684 99.7042
46.6391 78.0399
48.6968 496.855
50.8452 402.409
53.0884 558.02
55.4307 366.649
57.8762 382.36
60.4296 780.908
63.0957 717.872
65.8795 479.132
68.786 657.776
71.8208 705.711
74.9894 807.296
78.2979 524.105
81.7523 294.555
85.3591 550.522
89.1251 677.67
93.0572 643.539
97.1628 726.444
101.45 642.826
105.925 815.53
110.599 521.559
115.478 255.81
120.573 376.433
125.893 933.735
131.447 590.937
137.246 795.497
143.301 821.311
149.624 728.647
156.225 560.553
163.117 467.737
170.314 652.458
177.828 728.997
185.674 506.494
193.865 991.946
202.418 1069
211.349 691.177
220.673 753.451
230.409 898.952
240.575 908.298
251.189 1052.47
262.271 563.941
273.842 760.067
285.924 941.093
298.538 864.248
311.709 768.273
325.462 493.688
339.821 632.106
354.813 579.162
370.467 435.577
386.812 343.888
403.878 204.963
421.697 188.571
440.301 215.436
459.727 215.649
480.01 179.111
501.187 0
523.299 185.52
546.387 214.453
570.493 56.8657
595.662 100.697
621.942 0
649.382 0
678.032 72.0831
707.946 0
739.18 0
771.792 0
805.842 0
841.395 11.7365
878.517 45.3077
917.276 0
957.745 0
1000 0
