# First line is two numbers 
#     First value is '2', it means 'histogram mode'
#     Second value is 'Emin' of the histogram
# Other lines : 2 columns. 1) energy 2) probability (nb divided by NbEvent)
# Number of bins = 480
# Content below the first bin: 0
# Content above the last  bin: 0
# Content above the last  bin: 0
# Number of events: 209000
2 1e-06
1.04412e-06 0
1.09018e-06 0
1.13828e-06 0
1.1885e-06 0
1.24094e-06 0
1.29569e-06 0
1.35285e-06 0
1.41254e-06 0
1.47486e-06 0
1.53993e-06 0
1.60787e-06 0
1.6788e-06 0
1.75287e-06 0
1.83021e-06 0
1.91095e-06 0
1.99526e-06 0
2.08329e-06 0
2.1752e-06 0
2.27117e-06 0
2.37137e-06 0
2.476e-06 0
2.58523e-06 0
2.69929e-06 0
2.81838e-06 0
2.94273e-06 0
3.07256e-06 0
3.20812e-06 0
3.34965e-06 0
3.49744e-06 0
3.65174e-06 0
3.81285e-06 0
3.98107e-06 0
4.15671e-06 0
4.3401e-06 0
4.53158e-06 0
4.73151e-06 0
4.94026e-06 0
5.15822e-06 0
5.3858e-06 0
5.62341e-06 0
5.87151e-06 0
6.13056e-06 0
6.40103e-06 0
6.68344e-06 0
6.97831e-06 0
7.28618e-06 0
7.60764e-06 0
7.94328e-06 0
8.29373e-06 0
8.65964e-06 0
9.0417e-06 0
9.44061e-06 0
9.85712e-06 0
1.0292e-05 0
1.07461e-05 0
1.12202e-05 0
1.17152e-05 0
1.22321e-05 0
1.27717e-05 0
1.33352e-05 0
1.39236e-05 0
1.45378e-05 0
1.51792e-05 0
1.58489e-05 0
1.65482e-05 0
1.72783e-05 0
1.80406e-05 0
1.88365e-05 0
1.96675e-05 0
2.05353e-05 0
2.14412e-05 0
2.23872e-05 0
2.33749e-05 0
2.44062e-05 0
2.5483e-05 0
2.66073e-05 0
2.77811e-05 0
2.90068e-05 0
3.02866e-05 0
3.16228e-05 0
3.30179e-05 0
3.44747e-05 0
3.59956e-05 0
3.75837e-05 0
3.92419e-05 0
4.09732e-05 0
4.27809e-05 0
4.46684e-05 0
4.66391e-05 0
4.86968e-05 0
5.08452e-05 0
5.30884e-05 0
5.54307e-05 0
5.78762e-05 0
6.04296e-05 0
6.30957e-05 0
6.58795e-05 0
6.8786e-05 0
7.18208e-05 0
7.49894e-05 0
7.82979e-05 0
8.17523e-05 0
8.53591e-05 0
8.91251e-05 0
9.30572e-05 0
9.71628e-05 0
0.00010145 0
0.000105925 0
0.000110599 0
0.000115478 0
0.000120573 0
0.000125893 0
0.000131447 0
0.000137246 0
0.000143301 0
0.000149624 0
0.000156225 0
0.000163117 0
0.000170314 0
0.000177828 0
0.000185674 0
0.000193865 0
0.000202418 0
0.000211349 0
0.000220673 0
0.000230409 0
0.000240575 0
0.000251189 0
0.000262271 0
0.000273842 0
0.000285924 0
0.000298538 0
0.000311709 0
0.000325462 0
0.000339821 0
0.000354813 0
0.000370467 0
0.000386812 0
0.000403878 0
0.000421697 0
0.000440301 0
0.000459727 0
0.00048001 0
0.000501187 0
0.000523299 0
0.000546387 0
0.000570493 0
0.000595662 0
0.000621942 0
0.000649382 0
0.000678032 0
0.000707946 0
0.00073918 0
0.000771792 0
0.000805842 0
0.000841395 0
0.000878517 0
0.000917276 0
0.000957745 0
0.001 0
0.00104412 0
0.00109018 0
0.00113828 0
0.0011885 0
0.00124094 0
0.00129569 0
0.00135285 0
0.00141254 0
0.00147486 0
0.00153993 0
0.00160787 0
0.0016788 0
0.00175287 0
0.00183021 0
0.00191095 0
0.00199526 0
0.00208329 0
0.0021752 0
0.00227117 0
0.00237137 0
0.002476 0
0.00258523 0
0.00269929 0
0.00281838 0
0.00294273 0
0.00307256 0
0.00320812 0
0.00334965 0
0.00349744 0
0.00365174 0
0.00381285 0
0.00398107 0
0.00415671 0
0.0043401 0
0.00453158 0
0.00473151 0
0.00494026 0
0.00515822 0
0.0053858 0
0.00562341 0
0.00587151 0
0.00613056 0
0.00640103 0
0.00668344 0
0.00697831 0
0.00728618 0
0.00760764 0
0.00794328 0
0.00829373 0
0.00865964 0
0.0090417 0
0.00944061 0
0.00985712 0
0.010292 0
0.0107461 0
0.0112202 0
0.0117152 0
0.0122321 0
0.0127717 0
0.0133352 0
0.0139236 0
0.0145378 0
0.0151792 0
0.0158489 0
0.0165482 0
0.0172783 0
0.0180406 0
0.0188365 0
0.0196675 0
0.0205353 0
0.0214412 0
0.0223872 0
0.0233749 0
0.0244062 0
0.025483 0
0.0266073 0
0.0277811 0
0.0290068 0
0.0302866 0
0.0316228 0
0.0330179 0
0.0344747 0
0.0359956 0
0.0375837 0
0.0392419 0
0.0409732 0
0.0427809 0
0.0446684 0
0.0466391 0
0.0486968 0
0.0508452 0
0.0530884 0
0.0554307 0
0.0578762 0
0.0604296 0
0.0630957 0
0.0658795 0
0.068786 102.421
0.0718208 0
0.0749894 0
0.0782979 0
0.0817523 0
0.0853591 0
0.0891251 0
0.0930572 0
0.0971628 0
0.10145 0
0.105925 0
0.110599 0
0.115478 0
0.120573 0
0.125893 9.84789
0.131447 0
0.137246 0
0.143301 0
0.149624 53.1419
0.156225 0
0.163117 0
0.170314 71.774
0.177828 0
0.185674 0
0.193865 0
0.202418 115.681
0.211349 0
0.220673 49.4578
0.230409 0
0.240575 0
0.251189 0
0.262271 0
0.273842 0
0.285924 0
0.298538 0
0.311709 0
0.325462 0
0.339821 164.548
0.354813 111.479
0.370467 75.4239
0.386812 540.293
0.403878 166.12
0.421697 122.306
0.440301 0
0.459727 0
0.48001 119.912
0.501187 178.591
0.523299 92.6776
0.546387 314.888
0.570493 106.861
0.595662 88.4804
0.621942 69.1369
0.649382 322.836
0.678032 120.468
0.707946 193.195
0.73918 0
0.771792 184.006
0.805842 0
0.841395 167.752
0.878517 145.55
0.917276 0
0.957745 151.019
1 89.4023
1.04412 114.169
1.09018 96.9877
1.13828 37.7315
1.1885 151.434
1.24094 206.408
1.29569 117.409
1.35285 0
1.41254 9.99733
1.47486 0
1.53993 148.25
1.60787 0
1.6788 92.5088
1.75287 108.225
1.83021 81.4627
1.91095 103.885
1.99526 68.1531
2.08329 66.7775
2.1752 325.407
2.27117 112.723
2.37137 203.942
2.476 66.5642
2.58523 182.442
2.69929 36.2419
2.81838 119.285
2.94273 111.098
3.07256 0
3.20812 198.237
3.34965 0
3.49744 100.814
3.65174 0
3.81285 116.758
3.98107 0
4.15671 92.5176
4.3401 106.638
4.53158 0
4.73151 58.2989
4.94026 0
5.15822 91.648
5.3858 116.973
5.62341 0
5.87151 0
6.13056 200.382
6.40103 164.861
6.68344 0
6.97831 0
7.28618 100.768
7.60764 0
7.94328 0
8.29373 0
8.65964 48.2349
9.0417 172.651
9.44061 86.0672
9.85712 0
10.292 27.0568
10.7461 0
11.2202 87.42
11.7152 0
12.2321 53.3614
12.7717 107.28
13.3352 0
13.9236 128.221
14.5378 0
15.1792 0
15.8489 0
16.5482 192.813
17.2783 73.2114
18.0406 97.9675
18.8365 0
19.6675 98.8984
20.5353 193.431
21.4412 422.525
22.3872 25.4197
23.3749 0
24.4062 243.312
25.483 253.32
26.6073 175.202
27.7811 166.333
29.0068 169.382
30.2866 274.049
31.6228 415.37
33.0179 20.3472
34.4747 92.5389
35.9956 207.444
37.5837 127.391
39.2419 0
40.9732 305.663
42.7809 78.0787
44.6684 119.224
46.6391 150.344
48.6968 129.215
50.8452 148.011
53.0884 53.4009
55.4307 66.8823
57.8762 394.887
60.4296 255.422
63.0957 321.508
65.8795 175.395
68.786 512.777
71.8208 247.181
74.9894 176.115
78.2979 450.302
81.7523 238.97
85.3591 300.669
89.1251 98.5681
93.0572 371.246
97.1628 407.436
101.45 445.687
105.925 168.437
110.599 271.576
115.478 286.514
120.573 543.727
125.893 468.981
131.447 236.545
137.246 405.651
143.301 341.59
149.624 384.497
156.225 490.664
163.117 837.154
170.314 319.912
177.828 470.925
185.674 688.845
193.865 743.288
202.418 1265.03
211.349 1136.91
220.673 690.484
230.409 1104.48
240.575 1559.25
251.189 1247.93
262.271 1332.6
273.842 945.389
285.924 1289.81
298.538 1357.16
311.709 1113.95
325.462 626.796
339.821 412.746
354.813 626.396
370.467 489.371
386.812 422.234
403.878 86.8487
421.697 682.288
440.301 21.8053
459.727 57.8765
480.01 0
501.187 95.3874
523.299 0
546.387 0
570.493 52.7402
595.662 0
621.942 118.912
649.382 0
678.032 0
707.946 0
739.18 0
771.792 0
805.842 0
841.395 0
878.517 0
917.276 0
957.745 0
1000 0
