# First line is two numbers 
#     First value is '2', it means 'histogram mode'
#     Second value is 'Emin' of the histogram
# Other lines : 2 columns. 1) energy 2) probability (nb divided by NbEvent)
# Number of bins = 480
# Content below the first bin: 0
# Content above the last  bin: 0
# Content above the last  bin: 0
# Number of events: 209000
2 1e-06
1.04412e-06 0
1.09018e-06 0
1.13828e-06 0
1.1885e-06 0
1.24094e-06 0
1.29569e-06 0
1.35285e-06 0
1.41254e-06 0
1.47486e-06 0
1.53993e-06 0
1.60787e-06 0
1.6788e-06 0
1.75287e-06 0
1.83021e-06 0
1.91095e-06 0
1.99526e-06 0
2.08329e-06 0
2.1752e-06 0
2.27117e-06 0
2.37137e-06 0
2.476e-06 0
2.58523e-06 0
2.69929e-06 0
2.81838e-06 0
2.94273e-06 0
3.07256e-06 0
3.20812e-06 0
3.34965e-06 0
3.49744e-06 0
3.65174e-06 0
3.81285e-06 0
3.98107e-06 0
4.15671e-06 0
4.3401e-06 0
4.53158e-06 0
4.73151e-06 0
4.94026e-06 0
5.15822e-06 0
5.3858e-06 0
5.62341e-06 0
5.87151e-06 0
6.13056e-06 0
6.40103e-06 0
6.68344e-06 0
6.97831e-06 0
7.28618e-06 0
7.60764e-06 0
7.94328e-06 0
8.29373e-06 0
8.65964e-06 0
9.0417e-06 0
9.44061e-06 0
9.85712e-06 0
1.0292e-05 0
1.07461e-05 0
1.12202e-05 0
1.17152e-05 0
1.22321e-05 0
1.27717e-05 0
1.33352e-05 0
1.39236e-05 0
1.45378e-05 0
1.51792e-05 0
1.58489e-05 0
1.65482e-05 0
1.72783e-05 0
1.80406e-05 0
1.88365e-05 0
1.96675e-05 0
2.05353e-05 0
2.14412e-05 0
2.23872e-05 0
2.33749e-05 0
2.44062e-05 0
2.5483e-05 0
2.66073e-05 0
2.77811e-05 0
2.90068e-05 0
3.02866e-05 0
3.16228e-05 0
3.30179e-05 0
3.44747e-05 0
3.59956e-05 0
3.75837e-05 0
3.92419e-05 0
4.09732e-05 0
4.27809e-05 0
4.46684e-05 0
4.66391e-05 0
4.86968e-05 0
5.08452e-05 0
5.30884e-05 0
5.54307e-05 0
5.78762e-05 0
6.04296e-05 0
6.30957e-05 0
6.58795e-05 0
6.8786e-05 0
7.18208e-05 0
7.49894e-05 0
7.82979e-05 0
8.17523e-05 0
8.53591e-05 0
8.91251e-05 0
9.30572e-05 0
9.71628e-05 0
0.00010145 0
0.000105925 0
0.000110599 0
0.000115478 0
0.000120573 0
0.000125893 0
0.000131447 0
0.000137246 0
0.000143301 0
0.000149624 0
0.000156225 0
0.000163117 0
0.000170314 0
0.000177828 0
0.000185674 0
0.000193865 0
0.000202418 0
0.000211349 0
0.000220673 0
0.000230409 0
0.000240575 0
0.000251189 0
0.000262271 0
0.000273842 0
0.000285924 0
0.000298538 0
0.000311709 0
0.000325462 0
0.000339821 0
0.000354813 0
0.000370467 0
0.000386812 0
0.000403878 0
0.000421697 0
0.000440301 0
0.000459727 0
0.00048001 0
0.000501187 0
0.000523299 0
0.000546387 0
0.000570493 0
0.000595662 0
0.000621942 0
0.000649382 0
0.000678032 0
0.000707946 0
0.00073918 0
0.000771792 0
0.000805842 0
0.000841395 0
0.000878517 0
0.000917276 0
0.000957745 0
0.001 0
0.00104412 0
0.00109018 0
0.00113828 0
0.0011885 0
0.00124094 0
0.00129569 0
0.00135285 0
0.00141254 0
0.00147486 0
0.00153993 0
0.00160787 0
0.0016788 0
0.00175287 0
0.00183021 0
0.00191095 0
0.00199526 0
0.00208329 0
0.0021752 0
0.00227117 0
0.00237137 0
0.002476 55.0814
0.00258523 0
0.00269929 0
0.00281838 0
0.00294273 0
0.00307256 0
0.00320812 0
0.00334965 0
0.00349744 0
0.00365174 0
0.00381285 0
0.00398107 0
0.00415671 0
0.0043401 0
0.00453158 0
0.00473151 0
0.00494026 85.6207
0.00515822 0
0.0053858 0
0.00562341 0
0.00587151 0
0.00613056 0
0.00640103 0
0.00668344 0
0.00697831 0
0.00728618 0
0.00760764 163.063
0.00794328 0
0.00829373 0
0.00865964 96.9894
0.0090417 114.159
0.00944061 94.53
0.00985712 0
0.010292 0
0.0107461 0
0.0112202 0
0.0117152 0
0.0122321 0
0.0127717 0
0.0133352 0
0.0139236 117.457
0.0145378 0
0.0151792 70.4378
0.0158489 0
0.0165482 46.3525
0.0172783 0
0.0180406 0
0.0188365 0
0.0196675 271.682
0.0205353 101.807
0.0214412 114.163
0.0223872 0
0.0233749 0
0.0244062 0
0.025483 93.1005
0.0266073 103.898
0.0277811 92.5809
0.0290068 89.0526
0.0302866 130.276
0.0316228 0
0.0330179 0
0.0344747 250.582
0.0359956 186.03
0.0375837 135.591
0.0392419 114.918
0.0409732 80.8251
0.0427809 150.06
0.0446684 105.938
0.0466391 281.754
0.0486968 72.694
0.0508452 198.782
0.0530884 66.9945
0.0554307 300.647
0.0578762 156.248
0.0604296 184.247
0.0630957 130.876
0.0658795 115.885
0.068786 571.65
0.0718208 106.594
0.0749894 736.178
0.0782979 295.386
0.0817523 263.727
0.0853591 392.183
0.0891251 319.131
0.0930572 497.63
0.0971628 486.986
0.10145 425.724
0.105925 592.109
0.110599 208.754
0.115478 274.739
0.120573 477.476
0.125893 898.943
0.131447 528.448
0.137246 824.057
0.143301 738.78
0.149624 509.287
0.156225 856.939
0.163117 600.302
0.170314 757.3
0.177828 878.296
0.185674 211.563
0.193865 548.837
0.202418 652.383
0.211349 674.393
0.220673 773.84
0.230409 707.286
0.240575 404.739
0.251189 577.434
0.262271 634.333
0.273842 910.045
0.285924 1212.97
0.298538 531.721
0.311709 797.906
0.325462 805.911
0.339821 262.419
0.354813 1242.19
0.370467 421.446
0.386812 520.945
0.403878 511.222
0.421697 519.935
0.440301 805.615
0.459727 669.322
0.48001 1094.67
0.501187 648.417
0.523299 1050.09
0.546387 674.299
0.570493 706.149
0.595662 713.45
0.621942 637.31
0.649382 1023.16
0.678032 912.453
0.707946 505.625
0.73918 868.959
0.771792 493.157
0.805842 539.105
0.841395 572.583
0.878517 437.029
0.917276 271.693
0.957745 455.607
1 382.834
1.04412 241.785
1.09018 617.773
1.13828 546.294
1.1885 287.919
1.24094 349.13
1.29569 482.539
1.35285 182.717
1.41254 225.962
1.47486 528.264
1.53993 75.6008
1.60787 389.306
1.6788 183.537
1.75287 167.87
1.83021 461.462
1.91095 377.249
1.99526 190.644
2.08329 104.041
2.1752 201.22
2.27117 301.301
2.37137 264.493
2.476 97.0584
2.58523 321.808
2.69929 184.421
2.81838 0
2.94273 71.9225
3.07256 222.908
3.20812 102.104
3.34965 106.416
3.49744 0
3.65174 0
3.81285 101.738
3.98107 71.2065
4.15671 431.079
4.3401 75.761
4.53158 181.333
4.73151 255.523
4.94026 168.226
5.15822 246.009
5.3858 363.255
5.62341 260.732
5.87151 0
6.13056 86.3054
6.40103 0
6.68344 45.0259
6.97831 208.847
7.28618 101.215
7.60764 328.645
7.94328 190.006
8.29373 169.893
8.65964 65.5614
9.0417 0
9.44061 249.314
9.85712 92.389
10.292 432.665
10.7461 0
11.2202 77.6627
11.7152 0
12.2321 38.9148
12.7717 98.5383
13.3352 214.436
13.9236 170.664
14.5378 96.5493
15.1792 91.0532
15.8489 146.442
16.5482 0
17.2783 0
18.0406 211.649
18.8365 67.1024
19.6675 366.968
20.5353 115.043
21.4412 67.366
22.3872 0
23.3749 130.989
24.4062 93.6156
25.483 112.772
26.6073 0
27.7811 50.9595
29.0068 0
30.2866 63.8076
31.6228 103.755
33.0179 0
34.4747 28.4971
35.9956 75.1569
37.5837 0
39.2419 115.976
40.9732 80.7954
42.7809 64.6504
44.6684 197.702
46.6391 96.4704
48.6968 159.984
50.8452 79.5354
53.0884 155.504
55.4307 153.635
57.8762 249.143
60.4296 88.8822
63.0957 112.282
65.8795 216.287
68.786 275.721
71.8208 298.933
74.9894 132.328
78.2979 84.4551
81.7523 0
85.3591 227.158
89.1251 0
93.0572 182.877
97.1628 89.2295
101.45 98.7733
105.925 37.6767
110.599 85.5088
115.478 151.562
120.573 83.727
125.893 114.294
131.447 168.363
137.246 161.236
143.301 220.511
149.624 88.6139
156.225 0
163.117 0
170.314 0
177.828 0
185.674 275.565
193.865 0
202.418 21.8715
211.349 0
220.673 23.7551
230.409 96.0591
240.575 100.335
251.189 0
262.271 102.738
273.842 0
285.924 0
298.538 0
311.709 0
325.462 0
339.821 56.0835
354.813 0
370.467 0
386.812 109.692
403.878 0
421.697 0
440.301 0
459.727 0
480.01 0
501.187 0
523.299 0
546.387 0
570.493 0
595.662 0
621.942 0
649.382 0
678.032 0
707.946 0
739.18 0
771.792 0
805.842 0
841.395 0
878.517 0
917.276 0
957.745 0
1000 0
