# First line is two numbers 
#     First value is '2', it means 'histogram mode'
#     Second value is 'Emin' of the histogram
# Other lines : 2 columns. 1) energy 2) probability (nb divided by NbEvent)
# Number of bins = 480
# Content below the first bin: 0
# Content above the last  bin: 0
# Content above the last  bin: 0
# Number of events: 209000
2 1e-06
1.04412e-06 0
1.09018e-06 0
1.13828e-06 0
1.1885e-06 0
1.24094e-06 0
1.29569e-06 0
1.35285e-06 0
1.41254e-06 0
1.47486e-06 0
1.53993e-06 0
1.60787e-06 0
1.6788e-06 0
1.75287e-06 0
1.83021e-06 0
1.91095e-06 0
1.99526e-06 0
2.08329e-06 0
2.1752e-06 0
2.27117e-06 0
2.37137e-06 0
2.476e-06 0
2.58523e-06 0
2.69929e-06 0
2.81838e-06 0
2.94273e-06 0
3.07256e-06 0
3.20812e-06 0
3.34965e-06 0
3.49744e-06 0
3.65174e-06 0
3.81285e-06 0
3.98107e-06 0
4.15671e-06 0
4.3401e-06 0
4.53158e-06 0
4.73151e-06 0
4.94026e-06 0
5.15822e-06 0
5.3858e-06 0
5.62341e-06 0
5.87151e-06 0
6.13056e-06 0
6.40103e-06 0
6.68344e-06 0
6.97831e-06 0
7.28618e-06 0
7.60764e-06 0
7.94328e-06 0
8.29373e-06 0
8.65964e-06 0
9.0417e-06 0
9.44061e-06 0
9.85712e-06 0
1.0292e-05 0
1.07461e-05 0
1.12202e-05 0
1.17152e-05 0
1.22321e-05 0
1.27717e-05 0
1.33352e-05 0
1.39236e-05 0
1.45378e-05 0
1.51792e-05 0
1.58489e-05 0
1.65482e-05 0
1.72783e-05 0
1.80406e-05 0
1.88365e-05 0
1.96675e-05 0
2.05353e-05 0
2.14412e-05 0
2.23872e-05 0
2.33749e-05 0
2.44062e-05 0
2.5483e-05 0
2.66073e-05 0
2.77811e-05 0
2.90068e-05 0
3.02866e-05 0
3.16228e-05 0
3.30179e-05 0
3.44747e-05 0
3.59956e-05 0
3.75837e-05 0
3.92419e-05 0
4.09732e-05 0
4.27809e-05 0
4.46684e-05 0
4.66391e-05 0
4.86968e-05 0
5.08452e-05 0
5.30884e-05 0
5.54307e-05 0
5.78762e-05 0
6.04296e-05 0
6.30957e-05 0
6.58795e-05 0
6.8786e-05 0
7.18208e-05 0
7.49894e-05 0
7.82979e-05 0
8.17523e-05 0
8.53591e-05 0
8.91251e-05 0
9.30572e-05 0
9.71628e-05 0
0.00010145 0
0.000105925 0
0.000110599 0
0.000115478 0
0.000120573 0
0.000125893 0
0.000131447 0
0.000137246 0
0.000143301 0
0.000149624 0
0.000156225 0
0.000163117 0
0.000170314 0
0.000177828 0
0.000185674 0
0.000193865 0
0.000202418 0
0.000211349 0
0.000220673 0
0.000230409 0
0.000240575 0
0.000251189 0
0.000262271 0
0.000273842 0
0.000285924 0
0.000298538 0
0.000311709 0
0.000325462 0
0.000339821 0
0.000354813 0
0.000370467 0
0.000386812 0
0.000403878 0
0.000421697 0
0.000440301 0
0.000459727 0
0.00048001 0
0.000501187 0
0.000523299 0
0.000546387 0
0.000570493 0
0.000595662 0
0.000621942 0
0.000649382 0
0.000678032 0
0.000707946 0
0.00073918 0
0.000771792 0
0.000805842 0
0.000841395 0
0.000878517 0
0.000917276 0
0.000957745 0
0.001 0
0.00104412 0
0.00109018 0
0.00113828 0
0.0011885 0
0.00124094 0
0.00129569 0
0.00135285 0
0.00141254 0
0.00147486 0
0.00153993 0
0.00160787 89.5258
0.0016788 0
0.00175287 0
0.00183021 0
0.00191095 0
0.00199526 0
0.00208329 0
0.0021752 0
0.00227117 0
0.00237137 0
0.002476 83.2454
0.00258523 0
0.00269929 73.2007
0.00281838 0
0.00294273 105.284
0.00307256 0
0.00320812 0
0.00334965 0
0.00349744 0
0.00365174 0
0.00381285 0
0.00398107 0
0.00415671 0
0.0043401 0
0.00453158 0
0.00473151 22.6273
0.00494026 0
0.00515822 44.4941
0.0053858 0
0.00562341 0
0.00587151 0
0.00613056 0
0.00640103 0
0.00668344 105.544
0.00697831 0
0.00728618 70.1898
0.00760764 0
0.00794328 112.821
0.00829373 0
0.00865964 0
0.0090417 171.206
0.00944061 0
0.00985712 154.122
0.010292 0
0.0107461 335.573
0.0112202 147.631
0.0117152 204.196
0.0122321 72.094
0.0127717 119.176
0.0133352 65.8144
0.0139236 64.3718
0.0145378 29.4153
0.0151792 18.5732
0.0158489 0
0.0165482 205.36
0.0172783 85.5004
0.0180406 147.353
0.0188365 388.846
0.0196675 43.2526
0.0205353 276.132
0.0214412 43.52
0.0223872 220.221
0.0233749 405.071
0.0244062 155.541
0.025483 226.28
0.0266073 427.319
0.0277811 339.131
0.0290068 383.327
0.0302866 426.09
0.0316228 607.478
0.0330179 851.482
0.0344747 628.357
0.0359956 718.761
0.0375837 722.122
0.0392419 421.51
0.0409732 937.596
0.0427809 574.112
0.0446684 529.705
0.0466391 557.437
0.0486968 878.987
0.0508452 697.247
0.0530884 793.839
0.0554307 456.542
0.0578762 877.225
0.0604296 1150.59
0.0630957 1102.07
0.0658795 1224.66
0.068786 967.525
0.0718208 1454.27
0.0749894 1256.61
0.0782979 1707.34
0.0817523 1166.36
0.0853591 1341.53
0.0891251 2087.12
0.0930572 996.842
0.0971628 1187.81
0.10145 1792.04
0.105925 1683.62
0.110599 1316.67
0.115478 2117.15
0.120573 1343.36
0.125893 1697.88
0.131447 975.088
0.137246 1589.26
0.143301 1657.8
0.149624 1460.93
0.156225 2475.19
0.163117 1911.67
0.170314 1973.81
0.177828 2137.72
0.185674 2678.16
0.193865 1848.63
0.202418 1702.95
0.211349 3049.83
0.220673 2442.67
0.230409 2926.39
0.240575 1928.23
0.251189 2467.77
0.262271 1352.17
0.273842 1375.73
0.285924 2527.99
0.298538 2571.75
0.311709 3276.99
0.325462 2880.6
0.339821 2277.48
0.354813 2475.95
0.370467 2659.47
0.386812 3135.26
0.403878 2792.15
0.421697 2360.59
0.440301 3079.53
0.459727 2189.17
0.48001 2571.11
0.501187 3312.85
0.523299 2326.3
0.546387 4381.38
0.570493 2749.23
0.595662 2415.3
0.621942 2175.46
0.649382 1816.9
0.678032 2384.14
0.707946 2656
0.73918 3042.17
0.771792 1837.68
0.805842 1305.47
0.841395 1510.95
0.878517 1105
0.917276 2436.53
0.957745 1397.51
1 1382.38
1.04412 1292.55
1.09018 1794.63
1.13828 1231.75
1.1885 1185.01
1.24094 1049.5
1.29569 518.374
1.35285 1446.43
1.41254 938.387
1.47486 789.195
1.53993 386.842
1.60787 782.986
1.6788 664.157
1.75287 1062.18
1.83021 859.224
1.91095 936.895
1.99526 1099.27
2.08329 336.953
2.1752 898.612
2.27117 931.698
2.37137 244.181
2.476 623.289
2.58523 922.426
2.69929 505.552
2.81838 734.336
2.94273 461.084
3.07256 596.821
3.20812 595.928
3.34965 462.898
3.49744 244.829
3.65174 414.062
3.81285 68.0028
3.98107 635.434
4.15671 526.313
4.3401 750.477
4.53158 609.384
4.73151 198.821
4.94026 244.678
5.15822 711.289
5.3858 397.658
5.62341 136.548
5.87151 641.096
6.13056 435.602
6.40103 211.656
6.68344 164.413
6.97831 542.481
7.28618 84.7301
7.60764 104.792
7.94328 322.739
8.29373 131.868
8.65964 191.324
9.0417 73.8643
9.44061 0
9.85712 311.994
10.292 175.783
10.7461 0
11.2202 376.054
11.7152 233.695
12.2321 217.094
12.7717 424.427
13.3352 107.047
13.9236 128.872
14.5378 218.841
15.1792 216.604
15.8489 224.09
16.5482 128.646
17.2783 314.141
18.0406 80.9613
18.8365 214.35
19.6675 239.159
20.5353 130.174
21.4412 153.669
22.3872 185.891
23.3749 96.8227
24.4062 62.467
25.483 626.687
26.6073 320.417
27.7811 75.4605
29.0068 149.329
30.2866 786.953
31.6228 0
33.0179 139.745
34.4747 115.279
35.9956 201.739
37.5837 382.069
39.2419 195.276
40.9732 242.767
42.7809 423.34
44.6684 371.788
46.6391 198.631
48.6968 272.566
50.8452 83.8697
53.0884 245.57
55.4307 321.532
57.8762 444.755
60.4296 434.346
63.0957 519.13
65.8795 194.389
68.786 310.314
71.8208 296.645
74.9894 377.675
78.2979 90.3098
81.7523 53.9731
85.3591 270.311
89.1251 391.372
93.0572 408.099
97.1628 308.925
101.45 578.011
105.925 821.63
110.599 431.182
115.478 471.714
120.573 358.329
125.893 342.328
131.447 354.914
137.246 102.617
143.301 282.491
149.624 381.766
156.225 369.356
163.117 325.963
170.314 669.634
177.828 599.847
185.674 156.774
193.865 520.748
202.418 350.603
211.349 454.273
220.673 479.012
230.409 285.185
240.575 165.788
251.189 305.643
262.271 439.912
273.842 208.423
285.924 310.657
298.538 237.35
311.709 149.965
325.462 133.548
339.821 435.653
354.813 81.2877
370.467 0
386.812 214.653
403.878 215.666
421.697 51.4921
440.301 44.0143
459.727 99.7682
480.01 0
501.187 76.416
523.299 0
546.387 0
570.493 47.8109
595.662 80.9032
621.942 0
649.382 0
678.032 0
707.946 0
739.18 0
771.792 0
805.842 0
841.395 0
878.517 0
917.276 0
957.745 0
1000 0
