# First line is two numbers 
#     First value is '2', it means 'histogram mode'
#     Second value is 'Emin' of the histogram
# Other lines : 2 columns. 1) energy 2) probability (nb divided by NbEvent)
# Number of bins = 480
# Content below the first bin: 0
# Content above the last  bin: 0
# Content above the last  bin: 0
# Number of events: 209000
2 1e-06
1.04412e-06 0
1.09018e-06 0
1.13828e-06 0
1.1885e-06 0
1.24094e-06 0
1.29569e-06 0
1.35285e-06 0
1.41254e-06 0
1.47486e-06 0
1.53993e-06 0
1.60787e-06 0
1.6788e-06 0
1.75287e-06 0
1.83021e-06 0
1.91095e-06 0
1.99526e-06 0
2.08329e-06 0
2.1752e-06 0
2.27117e-06 0
2.37137e-06 0
2.476e-06 0
2.58523e-06 0
2.69929e-06 0
2.81838e-06 0
2.94273e-06 0
3.07256e-06 0
3.20812e-06 0
3.34965e-06 0
3.49744e-06 0
3.65174e-06 0
3.81285e-06 0
3.98107e-06 0
4.15671e-06 0
4.3401e-06 0
4.53158e-06 0
4.73151e-06 0
4.94026e-06 0
5.15822e-06 0
5.3858e-06 0
5.62341e-06 0
5.87151e-06 0
6.13056e-06 0
6.40103e-06 0
6.68344e-06 0
6.97831e-06 0
7.28618e-06 0
7.60764e-06 0
7.94328e-06 0
8.29373e-06 0
8.65964e-06 0
9.0417e-06 0
9.44061e-06 0
9.85712e-06 0
1.0292e-05 0
1.07461e-05 0
1.12202e-05 0
1.17152e-05 0
1.22321e-05 0
1.27717e-05 0
1.33352e-05 0
1.39236e-05 0
1.45378e-05 0
1.51792e-05 0
1.58489e-05 0
1.65482e-05 0
1.72783e-05 0
1.80406e-05 0
1.88365e-05 0
1.96675e-05 0
2.05353e-05 0
2.14412e-05 0
2.23872e-05 0
2.33749e-05 0
2.44062e-05 0
2.5483e-05 0
2.66073e-05 0
2.77811e-05 0
2.90068e-05 0
3.02866e-05 0
3.16228e-05 0
3.30179e-05 0
3.44747e-05 0
3.59956e-05 0
3.75837e-05 0
3.92419e-05 0
4.09732e-05 0
4.27809e-05 0
4.46684e-05 0
4.66391e-05 0
4.86968e-05 0
5.08452e-05 0
5.30884e-05 0
5.54307e-05 0
5.78762e-05 0
6.04296e-05 0
6.30957e-05 0
6.58795e-05 0
6.8786e-05 0
7.18208e-05 0
7.49894e-05 0
7.82979e-05 0
8.17523e-05 0
8.53591e-05 0
8.91251e-05 0
9.30572e-05 0
9.71628e-05 0
0.00010145 0
0.000105925 0
0.000110599 0
0.000115478 0
0.000120573 0
0.000125893 0
0.000131447 0
0.000137246 0
0.000143301 0
0.000149624 0
0.000156225 0
0.000163117 0
0.000170314 0
0.000177828 0
0.000185674 0
0.000193865 0
0.000202418 0
0.000211349 0
0.000220673 0
0.000230409 0
0.000240575 0
0.000251189 0
0.000262271 0
0.000273842 0
0.000285924 0
0.000298538 0
0.000311709 0
0.000325462 0
0.000339821 0
0.000354813 0
0.000370467 0
0.000386812 0
0.000403878 0
0.000421697 0
0.000440301 0
0.000459727 0
0.00048001 0
0.000501187 0
0.000523299 0
0.000546387 0
0.000570493 0
0.000595662 0
0.000621942 0
0.000649382 0
0.000678032 0
0.000707946 0
0.00073918 0
0.000771792 0
0.000805842 0
0.000841395 0
0.000878517 0
0.000917276 0
0.000957745 0
0.001 0
0.00104412 0
0.00109018 0
0.00113828 0
0.0011885 0
0.00124094 0
0.00129569 0
0.00135285 0
0.00141254 0
0.00147486 0
0.00153993 0
0.00160787 0
0.0016788 0
0.00175287 0
0.00183021 0
0.00191095 0
0.00199526 0
0.00208329 0
0.0021752 0
0.00227117 0
0.00237137 0
0.002476 0
0.00258523 0
0.00269929 0
0.00281838 0
0.00294273 0
0.00307256 0
0.00320812 0
0.00334965 0
0.00349744 0
0.00365174 0
0.00381285 0
0.00398107 0
0.00415671 0
0.0043401 0
0.00453158 0
0.00473151 0
0.00494026 0
0.00515822 0
0.0053858 34.7791
0.00562341 107.89
0.00587151 104.156
0.00613056 72.9279
0.00640103 0
0.00668344 0
0.00697831 0
0.00728618 0
0.00760764 53.2059
0.00794328 0
0.00829373 0
0.00865964 0
0.0090417 97.5588
0.00944061 0
0.00985712 41.6599
0.010292 83.5315
0.0107461 77.9624
0.0112202 228.29
0.0117152 3.8346
0.0122321 250.397
0.0127717 110.623
0.0133352 314.833
0.0139236 297.405
0.0145378 94.0096
0.0151792 263.403
0.0158489 60.3384
0.0165482 307.154
0.0172783 104.717
0.0180406 391.788
0.0188365 0
0.0196675 154.91
0.0205353 280.3
0.0214412 210.973
0.0223872 141.187
0.0233749 0
0.0244062 354.381
0.025483 204.544
0.0266073 163.681
0.0277811 386.773
0.0290068 350.556
0.0302866 304.76
0.0316228 118.594
0.0330179 503.075
0.0344747 416.531
0.0359956 873.728
0.0375837 476.096
0.0392419 404.159
0.0409732 754.963
0.0427809 455.778
0.0446684 633.205
0.0466391 482.138
0.0486968 1215.84
0.0508452 275.776
0.0530884 640.906
0.0554307 1018.44
0.0578762 1210.31
0.0604296 632.099
0.0630957 606.67
0.0658795 1239.92
0.068786 481.489
0.0718208 1538.94
0.0749894 573.386
0.0782979 1221.27
0.0817523 1065.1
0.0853591 1294.79
0.0891251 1393.9
0.0930572 1231.76
0.0971628 1156.56
0.10145 1825.85
0.105925 1693.85
0.110599 2176.94
0.115478 865.852
0.120573 1996.06
0.125893 1876.79
0.131447 2235.69
0.137246 2442.87
0.143301 2038.37
0.149624 1680.26
0.156225 1869.59
0.163117 2582.77
0.170314 2025.32
0.177828 2487.31
0.185674 2117.33
0.193865 1846.23
0.202418 2367.1
0.211349 2214.06
0.220673 1744.79
0.230409 2092.36
0.240575 2054.76
0.251189 1351.51
0.262271 2712.05
0.273842 2623.74
0.285924 2581.34
0.298538 2484.08
0.311709 2139.8
0.325462 2175.84
0.339821 2681.37
0.354813 2526.56
0.370467 1511.94
0.386812 1984.46
0.403878 2357.49
0.421697 2951.21
0.440301 2463.81
0.459727 2967.63
0.48001 1555.27
0.501187 2399.14
0.523299 2669.11
0.546387 2483.72
0.570493 1677.27
0.595662 2038.97
0.621942 2483.81
0.649382 1895.56
0.678032 2362.47
0.707946 2034.57
0.73918 1488.17
0.771792 2005.54
0.805842 1643.82
0.841395 2239.9
0.878517 1681.56
0.917276 1923.32
0.957745 2119.12
1 1629.4
1.04412 1844.8
1.09018 1235.15
1.13828 1556.06
1.1885 1617.8
1.24094 1824.94
1.29569 1131.35
1.35285 952.949
1.41254 265.342
1.47486 821.846
1.53993 814.933
1.60787 1439.85
1.6788 1051.82
1.75287 602.685
1.83021 1088.2
1.91095 713.755
1.99526 876.129
2.08329 1232.28
2.1752 742.015
2.27117 885.601
2.37137 949.949
2.476 664.035
2.58523 781.504
2.69929 911.784
2.81838 649.07
2.94273 152.965
3.07256 366.803
3.20812 387.179
3.34965 644.077
3.49744 372.088
3.65174 760.863
3.81285 712.115
3.98107 490.739
4.15671 453.594
4.3401 730.594
4.53158 136.128
4.73151 528.864
4.94026 727.16
5.15822 107.191
5.3858 114.135
5.62341 117.247
5.87151 77.2555
6.13056 188.143
6.40103 200.185
6.68344 140.638
6.97831 60.096
7.28618 173.394
7.60764 916.911
7.94328 604.581
8.29373 158.498
8.65964 228.527
9.0417 179.114
9.44061 267.905
9.85712 86.182
10.292 373.421
10.7461 157.906
11.2202 211.928
11.7152 378.095
12.2321 212.439
12.7717 0
13.3352 533.537
13.9236 132.272
14.5378 182.897
15.1792 182.441
15.8489 361.402
16.5482 470.896
17.2783 128.894
18.0406 152.302
18.8365 74.4767
19.6675 311.932
20.5353 247.756
21.4412 258.254
22.3872 583.82
23.3749 200.928
24.4062 572.648
25.483 267.083
26.6073 208.134
27.7811 274.995
29.0068 109.972
30.2866 301.809
31.6228 275.514
33.0179 338.88
34.4747 305.905
35.9956 346.864
37.5837 218.878
39.2419 230.756
40.9732 448.872
42.7809 0
44.6684 367.241
46.6391 117.436
48.6968 717.969
50.8452 232.656
53.0884 298.28
55.4307 192.948
57.8762 211.389
60.4296 367.299
63.0957 593.151
65.8795 421.644
68.786 198.204
71.8208 301.667
74.9894 785.22
78.2979 681.349
81.7523 410.865
85.3591 577.535
89.1251 394.856
93.0572 600.513
97.1628 531.284
101.45 1057.5
105.925 739.356
110.599 420.34
115.478 598.101
120.573 269.429
125.893 602.664
131.447 291.76
137.246 346.563
143.301 768.076
149.624 229.585
156.225 612.417
163.117 802.69
170.314 244.692
177.828 365.983
185.674 146.03
193.865 523.538
202.418 767.328
211.349 361.413
220.673 494.21
230.409 139.194
240.575 196.417
251.189 630.294
262.271 283.689
273.842 304.101
285.924 247.708
298.538 203.576
311.709 99.1017
325.462 282.737
339.821 55.5599
354.813 184.422
370.467 40.9961
386.812 100.277
403.878 0
421.697 0
440.301 88.4651
459.727 0
480.01 115.126
501.187 0
523.299 100.389
546.387 0
570.493 0
595.662 0
621.942 0
649.382 85.7019
678.032 0
707.946 0
739.18 0
771.792 0
805.842 114.543
841.395 0
878.517 0
917.276 0
957.745 0
1000 0
