# First line is two numbers 
#     First value is '2', it means 'histogram mode'
#     Second value is 'Emin' of the histogram
# Other lines : 2 columns. 1) energy 2) probability (nb divided by NbEvent)
# Number of bins = 480
# Content below the first bin: 0
# Content above the last  bin: 0
# Content above the last  bin: 0
# Number of events: 209000
2 1e-06
1.04412e-06 0
1.09018e-06 0
1.13828e-06 0
1.1885e-06 0
1.24094e-06 0
1.29569e-06 0
1.35285e-06 0
1.41254e-06 0
1.47486e-06 0
1.53993e-06 0
1.60787e-06 0
1.6788e-06 0
1.75287e-06 0
1.83021e-06 0
1.91095e-06 0
1.99526e-06 0
2.08329e-06 0
2.1752e-06 0
2.27117e-06 0
2.37137e-06 0
2.476e-06 0
2.58523e-06 0
2.69929e-06 0
2.81838e-06 0
2.94273e-06 0
3.07256e-06 0
3.20812e-06 0
3.34965e-06 0
3.49744e-06 0
3.65174e-06 0
3.81285e-06 0
3.98107e-06 0
4.15671e-06 0
4.3401e-06 0
4.53158e-06 0
4.73151e-06 0
4.94026e-06 0
5.15822e-06 0
5.3858e-06 0
5.62341e-06 0
5.87151e-06 0
6.13056e-06 0
6.40103e-06 0
6.68344e-06 0
6.97831e-06 0
7.28618e-06 0
7.60764e-06 0
7.94328e-06 0
8.29373e-06 0
8.65964e-06 0
9.0417e-06 0
9.44061e-06 0
9.85712e-06 0
1.0292e-05 0
1.07461e-05 0
1.12202e-05 0
1.17152e-05 0
1.22321e-05 0
1.27717e-05 0
1.33352e-05 0
1.39236e-05 0
1.45378e-05 0
1.51792e-05 0
1.58489e-05 0
1.65482e-05 0
1.72783e-05 0
1.80406e-05 0
1.88365e-05 0
1.96675e-05 0
2.05353e-05 0
2.14412e-05 0
2.23872e-05 0
2.33749e-05 0
2.44062e-05 0
2.5483e-05 0
2.66073e-05 0
2.77811e-05 0
2.90068e-05 0
3.02866e-05 0
3.16228e-05 0
3.30179e-05 0
3.44747e-05 0
3.59956e-05 0
3.75837e-05 0
3.92419e-05 0
4.09732e-05 0
4.27809e-05 0
4.46684e-05 0
4.66391e-05 0
4.86968e-05 0
5.08452e-05 0
5.30884e-05 0
5.54307e-05 0
5.78762e-05 0
6.04296e-05 0
6.30957e-05 0
6.58795e-05 0
6.8786e-05 0
7.18208e-05 0
7.49894e-05 0
7.82979e-05 0
8.17523e-05 0
8.53591e-05 0
8.91251e-05 0
9.30572e-05 0
9.71628e-05 0
0.00010145 0
0.000105925 0
0.000110599 0
0.000115478 0
0.000120573 0
0.000125893 0
0.000131447 0
0.000137246 0
0.000143301 0
0.000149624 0
0.000156225 0
0.000163117 0
0.000170314 0
0.000177828 0
0.000185674 0
0.000193865 0
0.000202418 0
0.000211349 0
0.000220673 0
0.000230409 0
0.000240575 0
0.000251189 0
0.000262271 0
0.000273842 0
0.000285924 0
0.000298538 0
0.000311709 0
0.000325462 0
0.000339821 0
0.000354813 0
0.000370467 0
0.000386812 0
0.000403878 0
0.000421697 0
0.000440301 0
0.000459727 0
0.00048001 0
0.000501187 0
0.000523299 0
0.000546387 0
0.000570493 0
0.000595662 0
0.000621942 0
0.000649382 0
0.000678032 0
0.000707946 0
0.00073918 0
0.000771792 0
0.000805842 0
0.000841395 0
0.000878517 0
0.000917276 0
0.000957745 0
0.001 0
0.00104412 0
0.00109018 0
0.00113828 0
0.0011885 0
0.00124094 0
0.00129569 0
0.00135285 0
0.00141254 0
0.00147486 0
0.00153993 0
0.00160787 0
0.0016788 0
0.00175287 0
0.00183021 0
0.00191095 0
0.00199526 0
0.00208329 0
0.0021752 0
0.00227117 0
0.00237137 0
0.002476 0
0.00258523 0
0.00269929 0
0.00281838 0
0.00294273 0
0.00307256 0
0.00320812 0
0.00334965 0
0.00349744 0
0.00365174 0
0.00381285 0
0.00398107 0
0.00415671 0
0.0043401 0
0.00453158 0
0.00473151 0
0.00494026 0
0.00515822 0
0.0053858 0
0.00562341 84.5266
0.00587151 0
0.00613056 0
0.00640103 0
0.00668344 0
0.00697831 0
0.00728618 0
0.00760764 0
0.00794328 0
0.00829373 0
0.00865964 0
0.0090417 0
0.00944061 0
0.00985712 0
0.010292 0
0.0107461 0
0.0112202 0
0.0117152 0
0.0122321 0
0.0127717 0
0.0133352 93.4023
0.0139236 0
0.0145378 76.6391
0.0151792 0
0.0158489 0
0.0165482 87.0586
0.0172783 0
0.0180406 2.64897
0.0188365 98.6576
0.0196675 0
0.0205353 0
0.0214412 0
0.0223872 0
0.0233749 0
0.0244062 112.25
0.025483 49.0229
0.0266073 86.9356
0.0277811 112.856
0.0290068 0
0.0302866 0
0.0316228 202.738
0.0330179 152.446
0.0344747 157.569
0.0359956 101.477
0.0375837 103.24
0.0392419 0
0.0409732 0
0.0427809 401.217
0.0446684 99.4313
0.0466391 119.294
0.0486968 0
0.0508452 156.771
0.0530884 97.4032
0.0554307 105.391
0.0578762 78.2709
0.0604296 153.198
0.0630957 206.287
0.0658795 218.967
0.068786 333.315
0.0718208 0
0.0749894 196.105
0.0782979 290.746
0.0817523 155.113
0.0853591 119.03
0.0891251 91.1795
0.0930572 524.031
0.0971628 485.683
0.10145 228.881
0.105925 403.288
0.110599 259.915
0.115478 331.853
0.120573 570.266
0.125893 164.464
0.131447 624.26
0.137246 555.17
0.143301 506.502
0.149624 409.586
0.156225 246.708
0.163117 440.215
0.170314 255.926
0.177828 570.623
0.185674 369.3
0.193865 172.762
0.202418 538.903
0.211349 691.697
0.220673 424.276
0.230409 349.266
0.240575 467.38
0.251189 553.446
0.262271 706.778
0.273842 632.77
0.285924 607.789
0.298538 530.422
0.311709 421.05
0.325462 807.594
0.339821 1017
0.354813 502.575
0.370467 1180.31
0.386812 1512.09
0.403878 647.95
0.421697 896.063
0.440301 870.449
0.459727 430.669
0.48001 339.704
0.501187 608.571
0.523299 374.403
0.546387 786.838
0.570493 796.711
0.595662 656.684
0.621942 911.657
0.649382 1170.99
0.678032 1211.11
0.707946 316.135
0.73918 765.824
0.771792 286.467
0.805842 723.488
0.841395 599.653
0.878517 572.449
0.917276 559.837
0.957745 509.173
1 401.735
1.04412 468.732
1.09018 929.623
1.13828 404.603
1.1885 903.121
1.24094 433.974
1.29569 485.496
1.35285 427.876
1.41254 325.06
1.47486 519.705
1.53993 595.331
1.60787 164.448
1.6788 146.831
1.75287 355.427
1.83021 359.78
1.91095 301.397
1.99526 402.75
2.08329 413.589
2.1752 304.161
2.27117 277.324
2.37137 111.871
2.476 248.759
2.58523 255.083
2.69929 246.647
2.81838 519.13
2.94273 223.38
3.07256 11.7646
3.20812 306.992
3.34965 281.955
3.49744 284.998
3.65174 262.34
3.81285 484.714
3.98107 89.9655
4.15671 340.486
4.3401 114.205
4.53158 475.863
4.73151 351.546
4.94026 653.701
5.15822 736.546
5.3858 172.949
5.62341 205.495
5.87151 83.6891
6.13056 293.401
6.40103 129.918
6.68344 21.7302
6.97831 119.503
7.28618 321.045
7.60764 302.837
7.94328 351.111
8.29373 135.635
8.65964 4.25194
9.0417 291.664
9.44061 53.4716
9.85712 65.3268
10.292 132.856
10.7461 117.935
11.2202 427.012
11.7152 97.3943
12.2321 239.938
12.7717 181.94
13.3352 124.608
13.9236 232.113
14.5378 120.856
15.1792 64.5872
15.8489 334.878
16.5482 124.179
17.2783 276.917
18.0406 454.672
18.8365 291.852
19.6675 35.4055
20.5353 246.285
21.4412 364.61
22.3872 4.90792
23.3749 116.672
24.4062 323.169
25.483 146.938
26.6073 421.315
27.7811 67.8375
29.0068 149.005
30.2866 147.704
31.6228 270.997
33.0179 194.975
34.4747 183.839
35.9956 453.83
37.5837 292.421
39.2419 207.925
40.9732 251.904
42.7809 420.226
44.6684 332.075
46.6391 413.002
48.6968 435.742
50.8452 361.837
53.0884 482.105
55.4307 230.991
57.8762 170.48
60.4296 340.274
63.0957 144.17
65.8795 460.406
68.786 660.862
71.8208 537.768
74.9894 320.258
78.2979 522.749
81.7523 362.248
85.3591 405.622
89.1251 439.408
93.0572 362.762
97.1628 350.984
101.45 197.814
105.925 269.044
110.599 506.372
115.478 605.953
120.573 438.852
125.893 1027.19
131.447 395.588
137.246 175.875
143.301 601.541
149.624 602.898
156.225 1028
163.117 797.364
170.314 1002.09
177.828 447.093
185.674 311.709
193.865 172.383
202.418 1703.1
211.349 847.019
220.673 490.894
230.409 1240.18
240.575 1229.07
251.189 1183.93
262.271 1164.85
273.842 1642.32
285.924 2625.22
298.538 2141.21
311.709 2517.01
325.462 2783.82
339.821 4338.55
354.813 3113.33
370.467 4058.55
386.812 3414.27
403.878 4843.21
421.697 2475.4
440.301 1233.29
459.727 1916.19
480.01 1141.67
501.187 642.007
523.299 1080.16
546.387 825.395
570.493 171.105
595.662 112.113
621.942 74.8075
649.382 119.049
678.032 201.629
707.946 0
739.18 188.433
771.792 179.8
805.842 0
841.395 0
878.517 140.183
917.276 0
957.745 0
1000 70.1874
