# First line is two numbers 
#     First value is '2', it means 'histogram mode'
#     Second value is 'Emin' of the histogram
# Other lines : 2 columns. 1) energy 2) probability (nb divided by NbEvent)
# Number of bins = 480
# Content below the first bin: 0
# Content above the last  bin: 0
# Content above the last  bin: 0
# Number of events: 400000
2 1e-06
1.04412e-06 0
1.09018e-06 0
1.13828e-06 0
1.1885e-06 0
1.24094e-06 0
1.29569e-06 0
1.35285e-06 0
1.41254e-06 0
1.47486e-06 0
1.53993e-06 0
1.60787e-06 0
1.6788e-06 0
1.75287e-06 0
1.83021e-06 0
1.91095e-06 0
1.99526e-06 0
2.08329e-06 0
2.1752e-06 0
2.27117e-06 0
2.37137e-06 0
2.476e-06 0
2.58523e-06 0
2.69929e-06 0
2.81838e-06 0
2.94273e-06 0
3.07256e-06 0
3.20812e-06 0
3.34965e-06 0
3.49744e-06 0
3.65174e-06 0
3.81285e-06 0
3.98107e-06 0
4.15671e-06 0
4.3401e-06 0
4.53158e-06 0
4.73151e-06 0
4.94026e-06 0
5.15822e-06 0
5.3858e-06 0
5.62341e-06 0
5.87151e-06 0
6.13056e-06 0
6.40103e-06 0
6.68344e-06 0
6.97831e-06 0
7.28618e-06 0
7.60764e-06 0
7.94328e-06 0
8.29373e-06 0
8.65964e-06 0
9.0417e-06 0
9.44061e-06 0
9.85712e-06 0
1.0292e-05 0
1.07461e-05 0
1.12202e-05 0
1.17152e-05 0
1.22321e-05 0
1.27717e-05 0
1.33352e-05 0
1.39236e-05 0
1.45378e-05 0
1.51792e-05 0
1.58489e-05 0
1.65482e-05 0
1.72783e-05 0
1.80406e-05 0
1.88365e-05 0
1.96675e-05 0
2.05353e-05 0
2.14412e-05 0
2.23872e-05 0
2.33749e-05 0
2.44062e-05 0
2.5483e-05 0
2.66073e-05 0
2.77811e-05 0
2.90068e-05 0
3.02866e-05 0
3.16228e-05 0
3.30179e-05 0
3.44747e-05 0
3.59956e-05 0
3.75837e-05 0
3.92419e-05 0
4.09732e-05 0
4.27809e-05 0
4.46684e-05 0
4.66391e-05 0
4.86968e-05 0
5.08452e-05 0
5.30884e-05 0
5.54307e-05 0
5.78762e-05 0
6.04296e-05 0
6.30957e-05 0
6.58795e-05 110.502
6.8786e-05 0
7.18208e-05 0
7.49894e-05 0
7.82979e-05 0
8.17523e-05 0
8.53591e-05 0
8.91251e-05 0
9.30572e-05 0
9.71628e-05 0
0.00010145 0
0.000105925 0
0.000110599 0
0.000115478 0
0.000120573 0
0.000125893 0
0.000131447 0
0.000137246 0
0.000143301 0
0.000149624 0
0.000156225 0
0.000163117 0
0.000170314 0
0.000177828 0
0.000185674 0
0.000193865 0
0.000202418 0
0.000211349 0
0.000220673 0
0.000230409 0
0.000240575 0
0.000251189 0
0.000262271 0
0.000273842 0
0.000285924 0
0.000298538 0
0.000311709 0
0.000325462 0
0.000339821 0
0.000354813 0
0.000370467 0
0.000386812 0
0.000403878 0
0.000421697 0
0.000440301 0
0.000459727 0
0.00048001 0
0.000501187 0
0.000523299 0
0.000546387 0
0.000570493 0
0.000595662 0
0.000621942 0
0.000649382 0
0.000678032 0
0.000707946 0
0.00073918 0
0.000771792 0
0.000805842 0
0.000841395 0
0.000878517 0
0.000917276 0
0.000957745 0
0.001 0
0.00104412 0
0.00109018 0
0.00113828 0
0.0011885 0
0.00124094 0
0.00129569 0
0.00135285 0
0.00141254 0
0.00147486 0
0.00153993 0
0.00160787 0
0.0016788 0
0.00175287 0
0.00183021 0
0.00191095 0
0.00199526 0
0.00208329 0
0.0021752 0
0.00227117 0
0.00237137 0
0.002476 0
0.00258523 0
0.00269929 0
0.00281838 0
0.00294273 0
0.00307256 0
0.00320812 0
0.00334965 0
0.00349744 0
0.00365174 0
0.00381285 0
0.00398107 0
0.00415671 0
0.0043401 0
0.00453158 0
0.00473151 0
0.00494026 0
0.00515822 0
0.0053858 0
0.00562341 0
0.00587151 0
0.00613056 0
0.00640103 0
0.00668344 0
0.00697831 0
0.00728618 0
0.00760764 0
0.00794328 0
0.00829373 0
0.00865964 0
0.0090417 0
0.00944061 0
0.00985712 0
0.010292 0
0.0107461 0
0.0112202 0
0.0117152 0
0.0122321 0
0.0127717 0
0.0133352 0
0.0139236 0
0.0145378 0
0.0151792 0
0.0158489 0
0.0165482 0
0.0172783 0
0.0180406 0
0.0188365 0
0.0196675 0
0.0205353 0
0.0214412 0
0.0223872 0
0.0233749 116.632
0.0244062 96.8663
0.025483 292.424
0.0266073 0
0.0277811 0
0.0290068 0
0.0302866 0
0.0316228 0
0.0330179 0
0.0344747 0
0.0359956 0
0.0375837 0
0.0392419 0
0.0409732 0
0.0427809 0
0.0446684 0
0.0466391 0
0.0486968 0
0.0508452 0
0.0530884 0
0.0554307 0
0.0578762 0
0.0604296 0
0.0630957 0
0.0658795 170.955
0.068786 98.5646
0.0718208 190.37
0.0749894 0
0.0782979 0
0.0817523 253.746
0.0853591 302.26
0.0891251 0
0.0930572 0
0.0971628 0
0.10145 0
0.105925 0
0.110599 156.478
0.115478 217.409
0.120573 117.201
0.125893 220.089
0.131447 222.497
0.137246 267.468
0.143301 169.254
0.149624 0
0.156225 0
0.163117 142.901
0.170314 499.853
0.177828 17.9738
0.185674 466.453
0.193865 51.7341
0.202418 193.583
0.211349 222.978
0.220673 95.8946
0.230409 195.395
0.240575 296.642
0.251189 308.238
0.262271 380.459
0.273842 436.284
0.285924 508.125
0.298538 288.895
0.311709 441.448
0.325462 207.168
0.339821 412.68
0.354813 1092.85
0.370467 220.749
0.386812 856.075
0.403878 349.66
0.421697 345.755
0.440301 332.204
0.459727 58.6672
0.48001 671.344
0.501187 254.282
0.523299 582.579
0.546387 447.779
0.570493 419.628
0.595662 1219.23
0.621942 1147.81
0.649382 1963.46
0.678032 1409.29
0.707946 935.08
0.73918 625.98
0.771792 766.814
0.805842 618.89
0.841395 868.32
0.878517 741.661
0.917276 671.96
0.957745 754.956
1 486.756
1.04412 652.266
1.09018 646.238
1.13828 1169.36
1.1885 690.691
1.24094 861.969
1.29569 624.683
1.35285 262.821
1.41254 243.541
1.47486 802.019
1.53993 487.754
1.60787 472.506
1.6788 646.667
1.75287 883.763
1.83021 190.488
1.91095 325.333
1.99526 364.994
2.08329 234.719
2.1752 343.278
2.27117 256.593
2.37137 338.765
2.476 358.046
2.58523 416.068
2.69929 166.507
2.81838 257.55
2.94273 52.7502
3.07256 476.027
3.20812 90.2356
3.34965 389.599
3.49744 628.017
3.65174 186.592
3.81285 313.154
3.98107 318.686
4.15671 167.553
4.3401 263.407
4.53158 0
4.73151 415.389
4.94026 113.826
5.15822 119.165
5.3858 110.871
5.62341 53.6928
5.87151 503.997
6.13056 184.381
6.40103 0
6.68344 0
6.97831 121.057
7.28618 101.254
7.60764 249.978
7.94328 752.67
8.29373 70.4973
8.65964 68.1148
9.0417 362.64
9.44061 201.383
9.85712 3.51608
10.292 166.902
10.7461 0
11.2202 158.041
11.7152 380.823
12.2321 310.126
12.7717 0
13.3352 72.9574
13.9236 249.545
14.5378 0
15.1792 553.498
15.8489 379.632
16.5482 170.171
17.2783 75.0237
18.0406 0
18.8365 141.606
19.6675 71.9094
20.5353 115.663
21.4412 98.3198
22.3872 486.755
23.3749 405.506
24.4062 401.538
25.483 416.262
26.6073 397.087
27.7811 213.051
29.0068 376.86
30.2866 339.655
31.6228 162.248
33.0179 189.762
34.4747 390.729
35.9956 251.221
37.5837 294.119
39.2419 312.189
40.9732 261.232
42.7809 536.478
44.6684 308.227
46.6391 471.006
48.6968 386.158
50.8452 419.078
53.0884 690.334
55.4307 435.778
57.8762 856.182
60.4296 466.454
63.0957 575.092
65.8795 547.168
68.786 1025.53
71.8208 702.349
74.9894 691.478
78.2979 915.95
81.7523 508.931
85.3591 542.997
89.1251 371.754
93.0572 778.531
97.1628 563.991
101.45 951.299
105.925 647.961
110.599 1175.05
115.478 516.375
120.573 1240.49
125.893 914.598
131.447 1386.94
137.246 1526.61
143.301 1592.09
149.624 1316.95
156.225 360.351
163.117 1428.19
170.314 1049.01
177.828 1090.93
185.674 1628.25
193.865 1574.17
202.418 1295.02
211.349 2787.37
220.673 1705.26
230.409 1476.49
240.575 2396.72
251.189 1925.84
262.271 1557.83
273.842 1726.61
285.924 913.524
298.538 1188.76
311.709 1247.16
325.462 903.433
339.821 564.967
354.813 1014.63
370.467 574.447
386.812 893.94
403.878 195.965
421.697 352.506
440.301 36.6903
459.727 252.948
480.01 53.7211
501.187 311.338
523.299 279.709
546.387 0
570.493 0
595.662 0
621.942 0
649.382 51.7416
678.032 0
707.946 0
739.18 0
771.792 0
805.842 0
841.395 0
878.517 0
917.276 0
957.745 0
1000 0
