# First line is two numbers 
#     First value is '2', it means 'histogram mode'
#     Second value is 'Emin' of the histogram
# Other lines : 2 columns. 1) energy 2) probability (nb divided by NbEvent)
# Number of bins = 480
# Content below the first bin: 0
# Content above the last  bin: 0
# Content above the last  bin: 0
# Number of events: 400000
2 1e-06
1.04412e-06 0
1.09018e-06 0
1.13828e-06 0
1.1885e-06 0
1.24094e-06 0
1.29569e-06 0
1.35285e-06 0
1.41254e-06 0
1.47486e-06 0
1.53993e-06 0
1.60787e-06 0
1.6788e-06 0
1.75287e-06 0
1.83021e-06 0
1.91095e-06 0
1.99526e-06 0
2.08329e-06 0
2.1752e-06 0
2.27117e-06 0
2.37137e-06 0
2.476e-06 0
2.58523e-06 0
2.69929e-06 0
2.81838e-06 0
2.94273e-06 0
3.07256e-06 0
3.20812e-06 0
3.34965e-06 0
3.49744e-06 0
3.65174e-06 0
3.81285e-06 0
3.98107e-06 0
4.15671e-06 0
4.3401e-06 0
4.53158e-06 0
4.73151e-06 0
4.94026e-06 0
5.15822e-06 0
5.3858e-06 0
5.62341e-06 0
5.87151e-06 0
6.13056e-06 0
6.40103e-06 0
6.68344e-06 0
6.97831e-06 0
7.28618e-06 0
7.60764e-06 0
7.94328e-06 0
8.29373e-06 0
8.65964e-06 0
9.0417e-06 0
9.44061e-06 0
9.85712e-06 0
1.0292e-05 0
1.07461e-05 0
1.12202e-05 0
1.17152e-05 0
1.22321e-05 0
1.27717e-05 0
1.33352e-05 0
1.39236e-05 0
1.45378e-05 0
1.51792e-05 0
1.58489e-05 0
1.65482e-05 0
1.72783e-05 0
1.80406e-05 0
1.88365e-05 0
1.96675e-05 0
2.05353e-05 0
2.14412e-05 0
2.23872e-05 0
2.33749e-05 0
2.44062e-05 0
2.5483e-05 0
2.66073e-05 0
2.77811e-05 0
2.90068e-05 0
3.02866e-05 0
3.16228e-05 0
3.30179e-05 0
3.44747e-05 0
3.59956e-05 0
3.75837e-05 0
3.92419e-05 0
4.09732e-05 0
4.27809e-05 0
4.46684e-05 0
4.66391e-05 0
4.86968e-05 0
5.08452e-05 0
5.30884e-05 0
5.54307e-05 0
5.78762e-05 0
6.04296e-05 0
6.30957e-05 0
6.58795e-05 0
6.8786e-05 0
7.18208e-05 0
7.49894e-05 0
7.82979e-05 0
8.17523e-05 0
8.53591e-05 0
8.91251e-05 0
9.30572e-05 0
9.71628e-05 0
0.00010145 0
0.000105925 0
0.000110599 0
0.000115478 0
0.000120573 0
0.000125893 0
0.000131447 0
0.000137246 0
0.000143301 0
0.000149624 0
0.000156225 0
0.000163117 0
0.000170314 0
0.000177828 0
0.000185674 0
0.000193865 0
0.000202418 0
0.000211349 0
0.000220673 0
0.000230409 0
0.000240575 0
0.000251189 0
0.000262271 0
0.000273842 0
0.000285924 0
0.000298538 0
0.000311709 0
0.000325462 0
0.000339821 0
0.000354813 0
0.000370467 0
0.000386812 0
0.000403878 0
0.000421697 0
0.000440301 0
0.000459727 0
0.00048001 0
0.000501187 0
0.000523299 0
0.000546387 0
0.000570493 0
0.000595662 0
0.000621942 0
0.000649382 0
0.000678032 0
0.000707946 0
0.00073918 0
0.000771792 0
0.000805842 0
0.000841395 0
0.000878517 0
0.000917276 0
0.000957745 0
0.001 0
0.00104412 0
0.00109018 0
0.00113828 0
0.0011885 0
0.00124094 0
0.00129569 0
0.00135285 0
0.00141254 103.675
0.00147486 0
0.00153993 0
0.00160787 0
0.0016788 0
0.00175287 0
0.00183021 0
0.00191095 0
0.00199526 0
0.00208329 0
0.0021752 0
0.00227117 0
0.00237137 0
0.002476 0
0.00258523 0
0.00269929 88.3285
0.00281838 0
0.00294273 0
0.00307256 0
0.00320812 0
0.00334965 0
0.00349744 0
0.00365174 0
0.00381285 0
0.00398107 0
0.00415671 0
0.0043401 0
0.00453158 0
0.00473151 0
0.00494026 0
0.00515822 0
0.0053858 0
0.00562341 0
0.00587151 0
0.00613056 0
0.00640103 0
0.00668344 0
0.00697831 0
0.00728618 82.9681
0.00760764 0
0.00794328 0
0.00829373 0
0.00865964 0
0.0090417 0
0.00944061 0
0.00985712 0
0.010292 0
0.0107461 0
0.0112202 0
0.0117152 0
0.0122321 0
0.0127717 0
0.0133352 0
0.0139236 0
0.0145378 0
0.0151792 0
0.0158489 0
0.0165482 0
0.0172783 95.8614
0.0180406 0
0.0188365 0
0.0196675 0
0.0205353 0
0.0214412 0
0.0223872 0
0.0233749 23.4945
0.0244062 74.1399
0.025483 105.459
0.0266073 0
0.0277811 0
0.0290068 0
0.0302866 0
0.0316228 0
0.0330179 0
0.0344747 0
0.0359956 0
0.0375837 0
0.0392419 0
0.0409732 0
0.0427809 0
0.0446684 0
0.0466391 0
0.0486968 0
0.0508452 106.044
0.0530884 0
0.0554307 0
0.0578762 177.852
0.0604296 0
0.0630957 0
0.0658795 0
0.068786 0
0.0718208 340.377
0.0749894 115.662
0.0782979 173.392
0.0817523 314.524
0.0853591 198.171
0.0891251 0
0.0930572 89.0468
0.0971628 36.4804
0.10145 62.396
0.105925 0
0.110599 206.766
0.115478 494.477
0.120573 0
0.125893 367.036
0.131447 154.188
0.137246 361.803
0.143301 250.372
0.149624 59.8444
0.156225 46.5617
0.163117 110.574
0.170314 98.6889
0.177828 314.84
0.185674 337.43
0.193865 0
0.202418 149.106
0.211349 185.127
0.220673 353.83
0.230409 101.897
0.240575 176.932
0.251189 217.718
0.262271 62.8563
0.273842 359.226
0.285924 361.756
0.298538 453.149
0.311709 865.972
0.325462 286.527
0.339821 134.242
0.354813 914.505
0.370467 601.994
0.386812 923.557
0.403878 226.294
0.421697 340.151
0.440301 736.666
0.459727 58.034
0.48001 946.23
0.501187 289.556
0.523299 541.029
0.546387 718.845
0.570493 853.697
0.595662 655.586
0.621942 1639.61
0.649382 906.329
0.678032 716.481
0.707946 1440.6
0.73918 557.24
0.771792 574.71
0.805842 544.205
0.841395 716.034
0.878517 504.755
0.917276 1039.16
0.957745 683.281
1 484.551
1.04412 713.17
1.09018 446.655
1.13828 1107.59
1.1885 1142.29
1.24094 971.145
1.29569 303.583
1.35285 1099.85
1.41254 476.311
1.47486 202.882
1.53993 300.338
1.60787 520.428
1.6788 514.894
1.75287 614.622
1.83021 274.474
1.91095 603.325
1.99526 774.85
2.08329 500.094
2.1752 364.837
2.27117 478.443
2.37137 570.206
2.476 482.167
2.58523 287.791
2.69929 231.197
2.81838 397.852
2.94273 40.0272
3.07256 548.122
3.20812 111.33
3.34965 172.112
3.49744 100.881
3.65174 218.863
3.81285 392.425
3.98107 266.43
4.15671 168.689
4.3401 476.729
4.53158 97.9674
4.73151 224.518
4.94026 101.334
5.15822 156.883
5.3858 233.848
5.62341 121.588
5.87151 81.5335
6.13056 0
6.40103 355.558
6.68344 300.665
6.97831 193.004
7.28618 104.659
7.60764 118.589
7.94328 0
8.29373 204.61
8.65964 204.342
9.0417 167.658
9.44061 219.645
9.85712 180.644
10.292 153.899
10.7461 103.064
11.2202 268.611
11.7152 210.959
12.2321 530.66
12.7717 412.194
13.3352 192.181
13.9236 97.8493
14.5378 164.062
15.1792 143.719
15.8489 136.907
16.5482 126.775
17.2783 314.178
18.0406 442.316
18.8365 101.76
19.6675 348.061
20.5353 138.339
21.4412 98.2621
22.3872 308.861
23.3749 171.25
24.4062 269.393
25.483 281.191
26.6073 214.122
27.7811 175.482
29.0068 332.379
30.2866 216.252
31.6228 510.865
33.0179 453.467
34.4747 338.302
35.9956 117.993
37.5837 123.237
39.2419 291.536
40.9732 216.182
42.7809 340.391
44.6684 269.182
46.6391 572.877
48.6968 708.325
50.8452 621.221
53.0884 416.618
55.4307 367.258
57.8762 446.012
60.4296 368.7
63.0957 633.259
65.8795 518.398
68.786 1035.25
71.8208 940.27
74.9894 698.099
78.2979 545.878
81.7523 305.138
85.3591 924.937
89.1251 422.605
93.0572 1038.64
97.1628 1224.35
101.45 1015.76
105.925 974.251
110.599 685.735
115.478 454.139
120.573 490.62
125.893 610.379
131.447 885.593
137.246 776.815
143.301 1462.81
149.624 865.784
156.225 1212.32
163.117 2034.89
170.314 1126.07
177.828 1049.08
185.674 2036.59
193.865 944.24
202.418 1277.31
211.349 1525.33
220.673 1382.35
230.409 2171.3
240.575 1101.37
251.189 1267.2
262.271 1298.67
273.842 1764.6
285.924 1239.63
298.538 1050.07
311.709 649.663
325.462 809.99
339.821 905.266
354.813 353.845
370.467 455.84
386.812 623.555
403.878 212.053
421.697 299.542
440.301 54.5645
459.727 207.351
480.01 151.814
501.187 0
523.299 0
546.387 0
570.493 105.992
595.662 0
621.942 0
649.382 0
678.032 69.0435
707.946 54.8996
739.18 0
771.792 0
805.842 0
841.395 0
878.517 0
917.276 0
957.745 0
1000 0
