# First line is two numbers 
#     First value is '2', it means 'histogram mode'
#     Second value is 'Emin' of the histogram
# Other lines : 2 columns. 1) energy 2) probability (nb divided by NbEvent)
# Number of bins = 480
# Content below the first bin: 0
# Content above the last  bin: 0
# Content above the last  bin: 0
# Number of events: 400000
2 1e-06
1.04412e-06 0
1.09018e-06 0
1.13828e-06 0
1.1885e-06 0
1.24094e-06 0
1.29569e-06 0
1.35285e-06 0
1.41254e-06 0
1.47486e-06 0
1.53993e-06 0
1.60787e-06 0
1.6788e-06 0
1.75287e-06 0
1.83021e-06 0
1.91095e-06 0
1.99526e-06 0
2.08329e-06 0
2.1752e-06 0
2.27117e-06 0
2.37137e-06 0
2.476e-06 0
2.58523e-06 0
2.69929e-06 0
2.81838e-06 0
2.94273e-06 0
3.07256e-06 0
3.20812e-06 0
3.34965e-06 0
3.49744e-06 0
3.65174e-06 0
3.81285e-06 0
3.98107e-06 0
4.15671e-06 0
4.3401e-06 0
4.53158e-06 0
4.73151e-06 0
4.94026e-06 0
5.15822e-06 0
5.3858e-06 0
5.62341e-06 0
5.87151e-06 0
6.13056e-06 0
6.40103e-06 0
6.68344e-06 0
6.97831e-06 0
7.28618e-06 0
7.60764e-06 0
7.94328e-06 0
8.29373e-06 0
8.65964e-06 0
9.0417e-06 0
9.44061e-06 0
9.85712e-06 0
1.0292e-05 0
1.07461e-05 0
1.12202e-05 0
1.17152e-05 0
1.22321e-05 0
1.27717e-05 0
1.33352e-05 0
1.39236e-05 0
1.45378e-05 0
1.51792e-05 0
1.58489e-05 0
1.65482e-05 0
1.72783e-05 0
1.80406e-05 0
1.88365e-05 0
1.96675e-05 0
2.05353e-05 0
2.14412e-05 0
2.23872e-05 0
2.33749e-05 0
2.44062e-05 0
2.5483e-05 0
2.66073e-05 0
2.77811e-05 0
2.90068e-05 0
3.02866e-05 0
3.16228e-05 0
3.30179e-05 0
3.44747e-05 0
3.59956e-05 0
3.75837e-05 0
3.92419e-05 0
4.09732e-05 0
4.27809e-05 0
4.46684e-05 0
4.66391e-05 0
4.86968e-05 0
5.08452e-05 0
5.30884e-05 0
5.54307e-05 0
5.78762e-05 0
6.04296e-05 0
6.30957e-05 0
6.58795e-05 0
6.8786e-05 0
7.18208e-05 0
7.49894e-05 0
7.82979e-05 0
8.17523e-05 0
8.53591e-05 0
8.91251e-05 0
9.30572e-05 0
9.71628e-05 0
0.00010145 0
0.000105925 0
0.000110599 0
0.000115478 0
0.000120573 0
0.000125893 0
0.000131447 0
0.000137246 0
0.000143301 0
0.000149624 0
0.000156225 0
0.000163117 0
0.000170314 0
0.000177828 0
0.000185674 0
0.000193865 0
0.000202418 0
0.000211349 0
0.000220673 0
0.000230409 0
0.000240575 0
0.000251189 0
0.000262271 0
0.000273842 0
0.000285924 0
0.000298538 0
0.000311709 0
0.000325462 0
0.000339821 0
0.000354813 0
0.000370467 0
0.000386812 0
0.000403878 0
0.000421697 0
0.000440301 0
0.000459727 0
0.00048001 0
0.000501187 0
0.000523299 0
0.000546387 0
0.000570493 0
0.000595662 0
0.000621942 0
0.000649382 0
0.000678032 0
0.000707946 0
0.00073918 0
0.000771792 0
0.000805842 0
0.000841395 0
0.000878517 0
0.000917276 0
0.000957745 0
0.001 0
0.00104412 0
0.00109018 0
0.00113828 0
0.0011885 0
0.00124094 0
0.00129569 0
0.00135285 0
0.00141254 0
0.00147486 0
0.00153993 0
0.00160787 0
0.0016788 0
0.00175287 0
0.00183021 0
0.00191095 0
0.00199526 0
0.00208329 0
0.0021752 0
0.00227117 0
0.00237137 0
0.002476 0
0.00258523 0
0.00269929 0
0.00281838 0
0.00294273 0
0.00307256 0
0.00320812 0
0.00334965 0
0.00349744 0
0.00365174 0
0.00381285 0
0.00398107 0
0.00415671 0
0.0043401 0
0.00453158 0
0.00473151 0
0.00494026 0
0.00515822 0
0.0053858 0
0.00562341 0
0.00587151 0
0.00613056 0
0.00640103 0
0.00668344 0
0.00697831 0
0.00728618 0
0.00760764 0
0.00794328 0
0.00829373 0
0.00865964 0
0.0090417 0
0.00944061 0
0.00985712 0
0.010292 0
0.0107461 0
0.0112202 0
0.0117152 0
0.0122321 0
0.0127717 0
0.0133352 0
0.0139236 82.7844
0.0145378 0
0.0151792 0
0.0158489 0
0.0165482 0
0.0172783 0
0.0180406 93.5232
0.0188365 0
0.0196675 0
0.0205353 117.477
0.0214412 0
0.0223872 0
0.0233749 0
0.0244062 0
0.025483 184.435
0.0266073 101.96
0.0277811 0
0.0290068 0
0.0302866 119.28
0.0316228 0
0.0330179 0
0.0344747 0
0.0359956 81.8302
0.0375837 59.256
0.0392419 0
0.0409732 0
0.0427809 0
0.0446684 0
0.0466391 65.4704
0.0486968 0
0.0508452 0
0.0530884 0
0.0554307 0
0.0578762 45.0958
0.0604296 94.6837
0.0630957 0
0.0658795 0
0.068786 0
0.0718208 149.061
0.0749894 0
0.0782979 107.645
0.0817523 278.077
0.0853591 243.501
0.0891251 172.71
0.0930572 98.911
0.0971628 0
0.10145 63.8062
0.105925 81.8465
0.110599 180.156
0.115478 9.25233
0.120573 7.85255
0.125893 48.4899
0.131447 187.921
0.137246 620.611
0.143301 111.505
0.149624 0
0.156225 243.639
0.163117 454.443
0.170314 286.448
0.177828 305.473
0.185674 414.866
0.193865 92.4677
0.202418 46.6749
0.211349 206.87
0.220673 455.96
0.230409 170.075
0.240575 410.738
0.251189 374.491
0.262271 117.31
0.273842 472.626
0.285924 504.532
0.298538 309.976
0.311709 1551.03
0.325462 256.333
0.339821 434.469
0.354813 1163.09
0.370467 338.901
0.386812 973.753
0.403878 283.866
0.421697 352.595
0.440301 359.945
0.459727 414.198
0.48001 1092.84
0.501187 919.322
0.523299 97.1081
0.546387 428.399
0.570493 1030.73
0.595662 873.881
0.621942 1808.33
0.649382 1882.21
0.678032 1290.67
0.707946 664.828
0.73918 380.27
0.771792 291.515
0.805842 183.838
0.841395 543.669
0.878517 970.65
0.917276 839.89
0.957745 724.91
1 564.378
1.04412 667.429
1.09018 674.461
1.13828 775.37
1.1885 825.001
1.24094 289.1
1.29569 231.185
1.35285 314.791
1.41254 601.814
1.47486 331.357
1.53993 856.035
1.60787 615.718
1.6788 376.349
1.75287 443.03
1.83021 386.616
1.91095 166.147
1.99526 515.155
2.08329 254.483
2.1752 373.51
2.27117 327.055
2.37137 644.729
2.476 219.247
2.58523 87.8774
2.69929 357.65
2.81838 101.338
2.94273 657.656
3.07256 143.914
3.20812 413.446
3.34965 242.096
3.49744 319.368
3.65174 394.204
3.81285 376.994
3.98107 305.997
4.15671 358.577
4.3401 238.467
4.53158 101.988
4.73151 91.7748
4.94026 422.578
5.15822 513.373
5.3858 196.275
5.62341 187.24
5.87151 286.04
6.13056 0
6.40103 54.4925
6.68344 70.5104
6.97831 301.234
7.28618 248.831
7.60764 231.112
7.94328 57.4012
8.29373 58.0227
8.65964 451.315
9.0417 159.765
9.44061 0
9.85712 114.398
10.292 288.278
10.7461 64.7036
11.2202 90.8067
11.7152 0
12.2321 230.459
12.7717 28.3327
13.3352 166.64
13.9236 224.174
14.5378 202.982
15.1792 215.208
15.8489 103.709
16.5482 434.765
17.2783 134.836
18.0406 304.903
18.8365 133.29
19.6675 193.886
20.5353 134.865
21.4412 205.358
22.3872 200.245
23.3749 180.472
24.4062 148.132
25.483 197.385
26.6073 265.489
27.7811 384.337
29.0068 221.815
30.2866 334.17
31.6228 121.177
33.0179 138.714
34.4747 81.8216
35.9956 367.427
37.5837 29.2623
39.2419 392.374
40.9732 417.813
42.7809 465.242
44.6684 246.229
46.6391 337.774
48.6968 490.083
50.8452 544.47
53.0884 379.103
55.4307 424.971
57.8762 214.149
60.4296 475.46
63.0957 934.285
65.8795 566.045
68.786 470.575
71.8208 251.149
74.9894 921.766
78.2979 695.846
81.7523 600.259
85.3591 742.984
89.1251 938.277
93.0572 494.564
97.1628 1581.43
101.45 904.013
105.925 396.596
110.599 1149.58
115.478 1284.65
120.573 881.567
125.893 789.366
131.447 800.232
137.246 1457.66
143.301 1111.63
149.624 1445.75
156.225 679.312
163.117 1372.62
170.314 1320.63
177.828 1319.07
185.674 818.34
193.865 1672.95
202.418 1636.37
211.349 1545.23
220.673 1578.82
230.409 989.377
240.575 1604.33
251.189 548.42
262.271 1502.18
273.842 2170.67
285.924 1271.84
298.538 1221.35
311.709 1166.3
325.462 1094.09
339.821 1266.95
354.813 1113.66
370.467 865.004
386.812 587.001
403.878 345.376
421.697 601.296
440.301 69.3667
459.727 153.904
480.01 148.41
501.187 0
523.299 27.103
546.387 71.5387
570.493 0
595.662 119.263
621.942 0
649.382 0
678.032 0
707.946 0
739.18 70.232
771.792 81.5239
805.842 0
841.395 64.2145
878.517 0
917.276 0
957.745 0
1000 0
