# First line is two numbers 
#     First value is '2', it means 'histogram mode'
#     Second value is 'Emin' of the histogram
# Other lines : 2 columns. 1) energy 2) probability (nb divided by NbEvent)
# Number of bins = 480
# Content below the first bin: 0
# Content above the last  bin: 0
# Content above the last  bin: 0
# Number of events: 209000
2 1e-06
1.04412e-06 0
1.09018e-06 0
1.13828e-06 0
1.1885e-06 0
1.24094e-06 0
1.29569e-06 0
1.35285e-06 0
1.41254e-06 0
1.47486e-06 0
1.53993e-06 0
1.60787e-06 0
1.6788e-06 0
1.75287e-06 0
1.83021e-06 0
1.91095e-06 0
1.99526e-06 0
2.08329e-06 0
2.1752e-06 0
2.27117e-06 0
2.37137e-06 0
2.476e-06 0
2.58523e-06 0
2.69929e-06 0
2.81838e-06 0
2.94273e-06 0
3.07256e-06 0
3.20812e-06 0
3.34965e-06 0
3.49744e-06 0
3.65174e-06 0
3.81285e-06 0
3.98107e-06 0
4.15671e-06 0
4.3401e-06 0
4.53158e-06 0
4.73151e-06 0
4.94026e-06 0
5.15822e-06 0
5.3858e-06 0
5.62341e-06 0
5.87151e-06 0
6.13056e-06 0
6.40103e-06 0
6.68344e-06 0
6.97831e-06 0
7.28618e-06 0
7.60764e-06 0
7.94328e-06 0
8.29373e-06 0
8.65964e-06 0
9.0417e-06 0
9.44061e-06 0
9.85712e-06 0
1.0292e-05 0
1.07461e-05 0
1.12202e-05 0
1.17152e-05 0
1.22321e-05 0
1.27717e-05 0
1.33352e-05 0
1.39236e-05 0
1.45378e-05 0
1.51792e-05 0
1.58489e-05 0
1.65482e-05 0
1.72783e-05 0
1.80406e-05 0
1.88365e-05 0
1.96675e-05 0
2.05353e-05 0
2.14412e-05 0
2.23872e-05 0
2.33749e-05 0
2.44062e-05 0
2.5483e-05 0
2.66073e-05 0
2.77811e-05 0
2.90068e-05 0
3.02866e-05 0
3.16228e-05 0
3.30179e-05 0
3.44747e-05 0
3.59956e-05 0
3.75837e-05 0
3.92419e-05 0
4.09732e-05 0
4.27809e-05 0
4.46684e-05 0
4.66391e-05 0
4.86968e-05 0
5.08452e-05 0
5.30884e-05 0
5.54307e-05 0
5.78762e-05 0
6.04296e-05 0
6.30957e-05 0
6.58795e-05 0
6.8786e-05 0
7.18208e-05 0
7.49894e-05 0
7.82979e-05 0
8.17523e-05 0
8.53591e-05 0
8.91251e-05 0
9.30572e-05 0
9.71628e-05 0
0.00010145 0
0.000105925 0
0.000110599 0
0.000115478 0
0.000120573 0
0.000125893 0
0.000131447 0
0.000137246 0
0.000143301 0
0.000149624 0
0.000156225 0
0.000163117 0
0.000170314 0
0.000177828 0
0.000185674 0
0.000193865 0
0.000202418 0
0.000211349 0
0.000220673 0
0.000230409 0
0.000240575 0
0.000251189 0
0.000262271 0
0.000273842 0
0.000285924 0
0.000298538 0
0.000311709 0
0.000325462 0
0.000339821 0
0.000354813 0
0.000370467 0
0.000386812 0
0.000403878 0
0.000421697 0
0.000440301 0
0.000459727 0
0.00048001 0
0.000501187 0
0.000523299 0
0.000546387 0
0.000570493 0
0.000595662 0
0.000621942 0
0.000649382 0
0.000678032 0
0.000707946 0
0.00073918 0
0.000771792 0
0.000805842 0
0.000841395 0
0.000878517 0
0.000917276 0
0.000957745 0
0.001 0
0.00104412 0
0.00109018 0
0.00113828 0
0.0011885 0
0.00124094 0
0.00129569 0
0.00135285 0
0.00141254 0
0.00147486 0
0.00153993 0
0.00160787 0
0.0016788 0
0.00175287 0
0.00183021 0
0.00191095 0
0.00199526 0
0.00208329 0
0.0021752 0
0.00227117 0
0.00237137 0
0.002476 0
0.00258523 0
0.00269929 0
0.00281838 0
0.00294273 0
0.00307256 0
0.00320812 0
0.00334965 0
0.00349744 11.8537
0.00365174 0
0.00381285 64.0484
0.00398107 0
0.00415671 0
0.0043401 69.8266
0.00453158 0
0.00473151 63.6725
0.00494026 8.49984
0.00515822 0
0.0053858 0
0.00562341 0
0.00587151 36.6929
0.00613056 0
0.00640103 60.7298
0.00668344 0
0.00697831 0
0.00728618 0
0.00760764 112.08
0.00794328 116.904
0.00829373 0
0.00865964 0
0.0090417 0
0.00944061 82.8855
0.00985712 0
0.010292 95.2745
0.0107461 166.647
0.0112202 0
0.0117152 267.947
0.0122321 186.306
0.0127717 0
0.0133352 267.274
0.0139236 102.505
0.0145378 86.246
0.0151792 0
0.0158489 268.18
0.0165482 167.066
0.0172783 22.5644
0.0180406 201.066
0.0188365 289.532
0.0196675 265.952
0.0205353 67.1189
0.0214412 201.86
0.0223872 172.143
0.0233749 92.2728
0.0244062 196.916
0.025483 327.543
0.0266073 720.251
0.0277811 273.638
0.0290068 402.935
0.0302866 427.857
0.0316228 228.718
0.0330179 302.71
0.0344747 1162.7
0.0359956 304.624
0.0375837 606.107
0.0392419 697.449
0.0409732 412.058
0.0427809 259.473
0.0446684 799.788
0.0466391 535.654
0.0486968 316.18
0.0508452 1088.44
0.0530884 687.469
0.0554307 1010.92
0.0578762 961.415
0.0604296 935.996
0.0630957 710.21
0.0658795 638.164
0.068786 842.292
0.0718208 1439.3
0.0749894 1032.35
0.0782979 1048.85
0.0817523 856.429
0.0853591 1464.16
0.0891251 1150.55
0.0930572 2127.69
0.0971628 2119.76
0.10145 1459.6
0.105925 1829.65
0.110599 1577.07
0.115478 1643.74
0.120573 1975.56
0.125893 1628.67
0.131447 1641.87
0.137246 2322.56
0.143301 1766.93
0.149624 2597.63
0.156225 1166.72
0.163117 2496.29
0.170314 2090.77
0.177828 2413.53
0.185674 1824.22
0.193865 1580.96
0.202418 2490.79
0.211349 2059.95
0.220673 2496.01
0.230409 2741.14
0.240575 3085.98
0.251189 3402.81
0.262271 2908.08
0.273842 3510.63
0.285924 2858.87
0.298538 2617.03
0.311709 2097.78
0.325462 2306.88
0.339821 2777.78
0.354813 2755.42
0.370467 2916.48
0.386812 4156.12
0.403878 2689.57
0.421697 4538.26
0.440301 3311.29
0.459727 3200.74
0.48001 3271.64
0.501187 2806.44
0.523299 3423.97
0.546387 3534.18
0.570493 3420.92
0.595662 2090.12
0.621942 4060.95
0.649382 3822.96
0.678032 2817.84
0.707946 3322.17
0.73918 3396.31
0.771792 2648.41
0.805842 3183.77
0.841395 2120.24
0.878517 2134.02
0.917276 3751.71
0.957745 2579.24
1 2026.09
1.04412 2366.11
1.09018 2611.97
1.13828 3546.5
1.1885 1500.99
1.24094 2099.73
1.29569 1727.12
1.35285 1732.64
1.41254 2514.17
1.47486 1695.75
1.53993 1250.29
1.60787 1128.92
1.6788 1737.49
1.75287 1362.58
1.83021 1104.18
1.91095 1094
1.99526 903.555
2.08329 1539.83
2.1752 1285.37
2.27117 506.919
2.37137 781.883
2.476 1227.4
2.58523 1247.12
2.69929 1557.67
2.81838 1135.63
2.94273 826.09
3.07256 655.61
3.20812 418.426
3.34965 988.123
3.49744 711.8
3.65174 853.567
3.81285 651.882
3.98107 805.337
4.15671 741.256
4.3401 549.688
4.53158 704.889
4.73151 317.357
4.94026 511.953
5.15822 1015.27
5.3858 90.4419
5.62341 370.01
5.87151 785.839
6.13056 543.209
6.40103 287.859
6.68344 491.33
6.97831 497.352
7.28618 446.285
7.60764 848.355
7.94328 298.527
8.29373 982.44
8.65964 906.147
9.0417 273.724
9.44061 423.909
9.85712 438.161
10.292 756.604
10.7461 383.851
11.2202 186.059
11.7152 444.312
12.2321 329.27
12.7717 226.397
13.3352 331.267
13.9236 445.519
14.5378 479.142
15.1792 272.66
15.8489 148.991
16.5482 217.42
17.2783 387.31
18.0406 386.267
18.8365 510.597
19.6675 172.102
20.5353 374.651
21.4412 192.775
22.3872 114.733
23.3749 593.208
24.4062 528.1
25.483 268.551
26.6073 572.853
27.7811 530.543
29.0068 447.87
30.2866 266.653
31.6228 604.483
33.0179 501.976
34.4747 949.543
35.9956 71.6089
37.5837 468.454
39.2419 108.009
40.9732 348.819
42.7809 517.356
44.6684 512.926
46.6391 460.701
48.6968 436.326
50.8452 360.563
53.0884 199.204
55.4307 355.369
57.8762 353.743
60.4296 262.188
63.0957 443.323
65.8795 433.648
68.786 731.139
71.8208 458.622
74.9894 476.471
78.2979 383.466
81.7523 794.384
85.3591 586.7
89.1251 340.666
93.0572 255.416
97.1628 431.085
101.45 504.979
105.925 345.408
110.599 473.89
115.478 753.497
120.573 696.492
125.893 581.204
131.447 291.705
137.246 483.573
143.301 422.189
149.624 498.462
156.225 341.509
163.117 220.692
170.314 294.701
177.828 449.938
185.674 358.16
193.865 202.461
202.418 91.0789
211.349 360.837
220.673 90.9064
230.409 175.725
240.575 349.539
251.189 185.864
262.271 116.81
273.842 310.257
285.924 395.357
298.538 76.7394
311.709 278.47
325.462 398.192
339.821 0
354.813 21.5878
370.467 84.7825
386.812 0
403.878 0
421.697 0
440.301 106.857
459.727 0
480.01 0
501.187 0
523.299 97.2842
546.387 0
570.493 0
595.662 0
621.942 0
649.382 0
678.032 0
707.946 0
739.18 0
771.792 0
805.842 0
841.395 0
878.517 0
917.276 0
957.745 0
1000 0
