# First line is two numbers 
#     First value is '2', it means 'histogram mode'
#     Second value is 'Emin' of the histogram
# Other lines : 2 columns. 1) energy 2) probability (nb divided by NbEvent)
# Number of bins = 480
# Content below the first bin: 0
# Content above the last  bin: 0
# Content above the last  bin: 0
# Number of events: 209000
2 1e-06
1.04412e-06 0
1.09018e-06 0
1.13828e-06 0
1.1885e-06 0
1.24094e-06 0
1.29569e-06 0
1.35285e-06 0
1.41254e-06 0
1.47486e-06 0
1.53993e-06 0
1.60787e-06 0
1.6788e-06 0
1.75287e-06 0
1.83021e-06 0
1.91095e-06 0
1.99526e-06 0
2.08329e-06 0
2.1752e-06 0
2.27117e-06 0
2.37137e-06 0
2.476e-06 0
2.58523e-06 0
2.69929e-06 0
2.81838e-06 0
2.94273e-06 0
3.07256e-06 0
3.20812e-06 0
3.34965e-06 0
3.49744e-06 0
3.65174e-06 0
3.81285e-06 0
3.98107e-06 0
4.15671e-06 0
4.3401e-06 0
4.53158e-06 0
4.73151e-06 0
4.94026e-06 0
5.15822e-06 0
5.3858e-06 0
5.62341e-06 0
5.87151e-06 0
6.13056e-06 0
6.40103e-06 0
6.68344e-06 0
6.97831e-06 0
7.28618e-06 0
7.60764e-06 0
7.94328e-06 0
8.29373e-06 0
8.65964e-06 0
9.0417e-06 0
9.44061e-06 0
9.85712e-06 0
1.0292e-05 0
1.07461e-05 0
1.12202e-05 0
1.17152e-05 0
1.22321e-05 0
1.27717e-05 0
1.33352e-05 0
1.39236e-05 0
1.45378e-05 0
1.51792e-05 0
1.58489e-05 0
1.65482e-05 0
1.72783e-05 0
1.80406e-05 0
1.88365e-05 0
1.96675e-05 0
2.05353e-05 0
2.14412e-05 0
2.23872e-05 0
2.33749e-05 0
2.44062e-05 0
2.5483e-05 0
2.66073e-05 0
2.77811e-05 0
2.90068e-05 0
3.02866e-05 0
3.16228e-05 0
3.30179e-05 0
3.44747e-05 0
3.59956e-05 0
3.75837e-05 0
3.92419e-05 0
4.09732e-05 0
4.27809e-05 0
4.46684e-05 0
4.66391e-05 0
4.86968e-05 0
5.08452e-05 0
5.30884e-05 0
5.54307e-05 0
5.78762e-05 0
6.04296e-05 0
6.30957e-05 0
6.58795e-05 0
6.8786e-05 0
7.18208e-05 0
7.49894e-05 0
7.82979e-05 0
8.17523e-05 0
8.53591e-05 0
8.91251e-05 0
9.30572e-05 0
9.71628e-05 0
0.00010145 0
0.000105925 0
0.000110599 0
0.000115478 0
0.000120573 0
0.000125893 0
0.000131447 0
0.000137246 0
0.000143301 0
0.000149624 0
0.000156225 0
0.000163117 0
0.000170314 0
0.000177828 0
0.000185674 0
0.000193865 0
0.000202418 0
0.000211349 0
0.000220673 0
0.000230409 0
0.000240575 0
0.000251189 0
0.000262271 0
0.000273842 0
0.000285924 0
0.000298538 0
0.000311709 0
0.000325462 0
0.000339821 0
0.000354813 0
0.000370467 0
0.000386812 0
0.000403878 0
0.000421697 0
0.000440301 0
0.000459727 0
0.00048001 0
0.000501187 0
0.000523299 0
0.000546387 0
0.000570493 0
0.000595662 0
0.000621942 0
0.000649382 0
0.000678032 0
0.000707946 0
0.00073918 0
0.000771792 0
0.000805842 0
0.000841395 0
0.000878517 0
0.000917276 0
0.000957745 0
0.001 0
0.00104412 0
0.00109018 84.3845
0.00113828 0
0.0011885 0
0.00124094 0
0.00129569 0
0.00135285 0
0.00141254 0
0.00147486 0
0.00153993 0
0.00160787 0
0.0016788 0
0.00175287 0
0.00183021 0
0.00191095 0
0.00199526 0
0.00208329 0
0.0021752 0
0.00227117 0
0.00237137 0
0.002476 0
0.00258523 0
0.00269929 0
0.00281838 0
0.00294273 0
0.00307256 0
0.00320812 0
0.00334965 0
0.00349744 0
0.00365174 0
0.00381285 0
0.00398107 0
0.00415671 107.735
0.0043401 0
0.00453158 0
0.00473151 0
0.00494026 0
0.00515822 0
0.0053858 0
0.00562341 0
0.00587151 0
0.00613056 0
0.00640103 0
0.00668344 0
0.00697831 9.10451
0.00728618 97.5225
0.00760764 103.678
0.00794328 0
0.00829373 32.925
0.00865964 113.402
0.0090417 52.4797
0.00944061 35.8908
0.00985712 0
0.010292 0
0.0107461 223.879
0.0112202 117.096
0.0117152 72.8482
0.0122321 0
0.0127717 101.647
0.0133352 118.746
0.0139236 175.807
0.0145378 223.3
0.0151792 55.3245
0.0158489 0
0.0165482 0
0.0172783 142.915
0.0180406 535.178
0.0188365 87.0664
0.0196675 354.312
0.0205353 256.72
0.0214412 180.943
0.0223872 122.125
0.0233749 211.806
0.0244062 275.913
0.025483 308.959
0.0266073 260.217
0.0277811 0
0.0290068 461.485
0.0302866 644.135
0.0316228 405.631
0.0330179 464.063
0.0344747 278.964
0.0359956 609.887
0.0375837 410.891
0.0392419 400.116
0.0409732 304.091
0.0427809 388.132
0.0446684 730.596
0.0466391 973.898
0.0486968 152.996
0.0508452 515.192
0.0530884 654.521
0.0554307 764.757
0.0578762 905.882
0.0604296 1434.04
0.0630957 876.976
0.0658795 1129.95
0.068786 940.21
0.0718208 825.945
0.0749894 1730.42
0.0782979 1598.29
0.0817523 1240.47
0.0853591 1325.27
0.0891251 1258.24
0.0930572 1231.01
0.0971628 1060.48
0.10145 1096.73
0.105925 1992.78
0.110599 2008.65
0.115478 1720.67
0.120573 1766.77
0.125893 1246.54
0.131447 1727.05
0.137246 1573.66
0.143301 1695.4
0.149624 1554.8
0.156225 2404.84
0.163117 2194.25
0.170314 2927.59
0.177828 2741.31
0.185674 1441.89
0.193865 2456.01
0.202418 1769.18
0.211349 2174.36
0.220673 1936.55
0.230409 2873.58
0.240575 2397.58
0.251189 3030.33
0.262271 2995.95
0.273842 2681.51
0.285924 2527.17
0.298538 3181.6
0.311709 3876.59
0.325462 3082.5
0.339821 3155.68
0.354813 2578.04
0.370467 3059.69
0.386812 3616.06
0.403878 4665.54
0.421697 3436.17
0.440301 2722.44
0.459727 2840.91
0.48001 3075.58
0.501187 3557.53
0.523299 2482.47
0.546387 2053.3
0.570493 3552.6
0.595662 4250.03
0.621942 3404.18
0.649382 3352.53
0.678032 3131.19
0.707946 3186.38
0.73918 2973.73
0.771792 3443.46
0.805842 3520.08
0.841395 2132.7
0.878517 2903.16
0.917276 2959.09
0.957745 2612.93
1 2465.78
1.04412 1394.8
1.09018 1469.79
1.13828 2722.55
1.1885 1372.68
1.24094 1394.42
1.29569 1270.94
1.35285 1749.74
1.41254 2296.48
1.47486 1535.11
1.53993 1821.17
1.60787 966.684
1.6788 1207.73
1.75287 1794.34
1.83021 1825.01
1.91095 1135.72
1.99526 1325.03
2.08329 927.217
2.1752 1680.42
2.27117 1162.28
2.37137 1226.45
2.476 602.475
2.58523 1489.47
2.69929 1006.48
2.81838 1031.22
2.94273 1066.51
3.07256 911.293
3.20812 798.12
3.34965 397.31
3.49744 840.783
3.65174 1055.07
3.81285 1123.95
3.98107 529.733
4.15671 879.121
4.3401 729.766
4.53158 774.025
4.73151 1125.97
4.94026 478.255
5.15822 461.866
5.3858 414.932
5.62341 659.967
5.87151 941.512
6.13056 731.154
6.40103 552.003
6.68344 770.478
6.97831 185.072
7.28618 711.632
7.60764 605.076
7.94328 914.177
8.29373 435.055
8.65964 451.969
9.0417 391.027
9.44061 646.989
9.85712 379.79
10.292 448.392
10.7461 289.878
11.2202 262.33
11.7152 183.149
12.2321 643.637
12.7717 574.245
13.3352 588.432
13.9236 634.496
14.5378 524.203
15.1792 355.888
15.8489 498.115
16.5482 154.912
17.2783 197.286
18.0406 409.024
18.8365 747.322
19.6675 389.852
20.5353 262.732
21.4412 251.359
22.3872 695.442
23.3749 477.639
24.4062 399.799
25.483 251.887
26.6073 371.911
27.7811 271.097
29.0068 253.888
30.2866 519.987
31.6228 225.792
33.0179 411.517
34.4747 412.636
35.9956 775.162
37.5837 502.43
39.2419 569.251
40.9732 69.7448
42.7809 355.263
44.6684 96.1072
46.6391 476.298
48.6968 538.129
50.8452 367.924
53.0884 537.437
55.4307 479.406
57.8762 351.036
60.4296 609.61
63.0957 330.244
65.8795 224.367
68.786 671.553
71.8208 550.619
74.9894 756.604
78.2979 911.417
81.7523 489.289
85.3591 659.292
89.1251 486.251
93.0572 517.589
97.1628 156.187
101.45 665.537
105.925 599.567
110.599 707.814
115.478 83.0994
120.573 711.836
125.893 537.29
131.447 648.388
137.246 378.068
143.301 674.406
149.624 300.847
156.225 116.073
163.117 230.825
170.314 354.052
177.828 174.811
185.674 713.598
193.865 365.804
202.418 260.29
211.349 216.979
220.673 161.911
230.409 235.229
240.575 167.778
251.189 186.256
262.271 511.878
273.842 224.451
285.924 565.842
298.538 315.978
311.709 185.773
325.462 304.299
339.821 243.857
354.813 0
370.467 0
386.812 0
403.878 0
421.697 0
440.301 0
459.727 0
480.01 0
501.187 0
523.299 0
546.387 0
570.493 0
595.662 0
621.942 0
649.382 0
678.032 0
707.946 0
739.18 0
771.792 0
805.842 0
841.395 0
878.517 0
917.276 0
957.745 0
1000 0
