# First line is two numbers 
#     First value is '2', it means 'histogram mode'
#     Second value is 'Emin' of the histogram
# Other lines : 2 columns. 1) energy 2) probability (nb divided by NbEvent)
# Number of bins = 480
# Content below the first bin: 4460.96
# Content above the last  bin: 0
# Content above the last  bin: 0
# Number of events: 209000
2 1e-06
1.04412e-06 0
1.09018e-06 0
1.13828e-06 0
1.1885e-06 103.077
1.24094e-06 0
1.29569e-06 119.542
1.35285e-06 0
1.41254e-06 84.121
1.47486e-06 0
1.53993e-06 86.0061
1.60787e-06 0
1.6788e-06 0
1.75287e-06 0
1.83021e-06 0
1.91095e-06 114.051
1.99526e-06 0
2.08329e-06 0
2.1752e-06 0
2.27117e-06 0
2.37137e-06 0
2.476e-06 0
2.58523e-06 0
2.69929e-06 95.1086
2.81838e-06 0
2.94273e-06 0
3.07256e-06 0
3.20812e-06 0
3.34965e-06 0
3.49744e-06 0
3.65174e-06 0
3.81285e-06 0
3.98107e-06 88.5941
4.15671e-06 52.1729
4.3401e-06 105.264
4.53158e-06 0
4.73151e-06 0
4.94026e-06 0
5.15822e-06 0
5.3858e-06 0
5.62341e-06 0
5.87151e-06 0
6.13056e-06 0
6.40103e-06 0
6.68344e-06 0
6.97831e-06 55.9413
7.28618e-06 0
7.60764e-06 0
7.94328e-06 0
8.29373e-06 0
8.65964e-06 0
9.0417e-06 0
9.44061e-06 0
9.85712e-06 0
1.0292e-05 0
1.07461e-05 0
1.12202e-05 0
1.17152e-05 0
1.22321e-05 0
1.27717e-05 0
1.33352e-05 30.3309
1.39236e-05 0
1.45378e-05 0
1.51792e-05 0
1.58489e-05 0
1.65482e-05 0
1.72783e-05 0
1.80406e-05 0
1.88365e-05 0
1.96675e-05 0
2.05353e-05 0
2.14412e-05 0
2.23872e-05 0
2.33749e-05 0
2.44062e-05 0
2.5483e-05 0
2.66073e-05 67.4355
2.77811e-05 0
2.90068e-05 0
3.02866e-05 0
3.16228e-05 0
3.30179e-05 0
3.44747e-05 0
3.59956e-05 0
3.75837e-05 0
3.92419e-05 0
4.09732e-05 0
4.27809e-05 0
4.46684e-05 0
4.66391e-05 0
4.86968e-05 0
5.08452e-05 0
5.30884e-05 0
5.54307e-05 0
5.78762e-05 0
6.04296e-05 118.06
6.30957e-05 0
6.58795e-05 0
6.8786e-05 0
7.18208e-05 0
7.49894e-05 0
7.82979e-05 0
8.17523e-05 0
8.53591e-05 0
8.91251e-05 0
9.30572e-05 0
9.71628e-05 114.03
0.00010145 0
0.000105925 0
0.000110599 39.0883
0.000115478 0
0.000120573 0
0.000125893 0
0.000131447 0
0.000137246 0
0.000143301 0
0.000149624 0
0.000156225 0
0.000163117 48.4568
0.000170314 64.2267
0.000177828 0
0.000185674 0
0.000193865 0
0.000202418 0
0.000211349 0
0.000220673 0
0.000230409 0
0.000240575 0
0.000251189 0
0.000262271 0
0.000273842 0
0.000285924 0
0.000298538 0
0.000311709 0
0.000325462 0
0.000339821 0
0.000354813 0
0.000370467 0
0.000386812 0
0.000403878 0
0.000421697 0
0.000440301 0
0.000459727 0
0.00048001 0
0.000501187 0
0.000523299 0
0.000546387 16.3605
0.000570493 0
0.000595662 0
0.000621942 0
0.000649382 0
0.000678032 0
0.000707946 0
0.00073918 0
0.000771792 55.4927
0.000805842 0
0.000841395 0
0.000878517 0
0.000917276 0
0.000957745 0
0.001 101.155
0.00104412 0
0.00109018 0
0.00113828 0
0.0011885 0
0.00124094 0
0.00129569 0
0.00135285 0
0.00141254 0
0.00147486 0
0.00153993 0
0.00160787 144.475
0.0016788 0
0.00175287 0
0.00183021 0
0.00191095 0
0.00199526 79.1972
0.00208329 0
0.0021752 0
0.00227117 0
0.00237137 0
0.002476 116.462
0.00258523 0
0.00269929 0
0.00281838 0
0.00294273 0
0.00307256 0
0.00320812 0
0.00334965 165.18
0.00349744 0
0.00365174 0
0.00381285 0
0.00398107 319.9
0.00415671 103.113
0.0043401 0
0.00453158 0
0.00473151 0
0.00494026 0
0.00515822 0
0.0053858 0
0.00562341 0
0.00587151 0
0.00613056 0
0.00640103 0
0.00668344 47.0058
0.00697831 0
0.00728618 0
0.00760764 0
0.00794328 0
0.00829373 0
0.00865964 0
0.0090417 0
0.00944061 0
0.00985712 42.7892
0.010292 68.6815
0.0107461 0
0.0112202 0
0.0117152 0
0.0122321 0
0.0127717 100.044
0.0133352 0
0.0139236 0
0.0145378 0
0.0151792 0
0.0158489 117.412
0.0165482 96.0744
0.0172783 0
0.0180406 0
0.0188365 0
0.0196675 0
0.0205353 0
0.0214412 0
0.0223872 0
0.0233749 14.0382
0.0244062 0
0.025483 0
0.0266073 0
0.0277811 89.1122
0.0290068 0
0.0302866 0
0.0316228 190.625
0.0330179 173.609
0.0344747 0
0.0359956 48.7616
0.0375837 0
0.0392419 83.7697
0.0409732 0
0.0427809 0
0.0446684 0
0.0466391 110.609
0.0486968 66.8183
0.0508452 0
0.0530884 214.224
0.0554307 0
0.0578762 202.127
0.0604296 0
0.0630957 0
0.0658795 0
0.068786 0
0.0718208 36.9855
0.0749894 0
0.0782979 0
0.0817523 0
0.0853591 0
0.0891251 0
0.0930572 98.6275
0.0971628 63.4002
0.10145 32.5282
0.105925 103.745
0.110599 0
0.115478 56.506
0.120573 0
0.125893 177.393
0.131447 75.187
0.137246 80.4401
0.143301 0
0.149624 20.213
0.156225 0
0.163117 192.099
0.170314 0
0.177828 44.3871
0.185674 69.3624
0.193865 72.9924
0.202418 123.179
0.211349 18.5658
0.220673 158.798
0.230409 113.703
0.240575 0
0.251189 0
0.262271 53.108
0.273842 44.2064
0.285924 147.56
0.298538 0
0.311709 141.146
0.325462 114.963
0.339821 104.333
0.354813 0
0.370467 119.438
0.386812 61.0313
0.403878 0
0.421697 189.067
0.440301 149.245
0.459727 213.632
0.48001 0
0.501187 117.485
0.523299 136.966
0.546387 130.214
0.570493 111.822
0.595662 91.1993
0.621942 0
0.649382 105.188
0.678032 71.3848
0.707946 171.933
0.73918 112.426
0.771792 108.828
0.805842 0
0.841395 194.129
0.878517 25.1822
0.917276 56.7264
0.957745 196.316
1 83.6234
1.04412 0
1.09018 119.964
1.13828 62.6013
1.1885 209.706
1.24094 116.737
1.29569 86.3826
1.35285 108.569
1.41254 269.961
1.47486 0
1.53993 0
1.60787 188.195
1.6788 326.993
1.75287 0
1.83021 55.9407
1.91095 386.576
1.99526 405.913
2.08329 195.05
2.1752 372.425
2.27117 403.542
2.37137 199.311
2.476 119.063
2.58523 332.181
2.69929 243.831
2.81838 0
2.94273 282.953
3.07256 134.953
3.20812 236.015
3.34965 172.62
3.49744 616.407
3.65174 551.267
3.81285 240.131
3.98107 110.862
4.15671 427.288
4.3401 171.198
4.53158 53.3262
4.73151 524.573
4.94026 333.968
5.15822 114.975
5.3858 367.452
5.62341 195.471
5.87151 225.863
6.13056 549.319
6.40103 482.242
6.68344 457.401
6.97831 123.236
7.28618 485.18
7.60764 480.663
7.94328 965.201
8.29373 163.499
8.65964 994.497
9.0417 209.016
9.44061 656.126
9.85712 589.791
10.292 612.195
10.7461 411.723
11.2202 661.677
11.7152 684.397
12.2321 493.246
12.7717 1059.41
13.3352 529.033
13.9236 1152.46
14.5378 542.292
15.1792 609.516
15.8489 491.138
16.5482 430.177
17.2783 931.583
18.0406 950.053
18.8365 1361.72
19.6675 843.783
20.5353 774.698
21.4412 940.733
22.3872 733.544
23.3749 1008.57
24.4062 1129.99
25.483 2025.75
26.6073 1002.53
27.7811 1519.05
29.0068 1780.44
30.2866 905.48
31.6228 1507.15
33.0179 1633.37
34.4747 1359.42
35.9956 1665.88
37.5837 1928.1
39.2419 2714.63
40.9732 1526.41
42.7809 2318.92
44.6684 3371.18
46.6391 2204.37
48.6968 3921.85
50.8452 2830.18
53.0884 3349.87
55.4307 3095.15
57.8762 4616.76
60.4296 4405.58
63.0957 3867.08
65.8795 3948.3
68.786 4314.09
71.8208 5592.67
74.9894 5394.58
78.2979 4641.33
81.7523 4330.98
85.3591 6099.03
89.1251 5402.93
93.0572 6347.62
97.1628 7724.42
101.45 7914.21
105.925 9369.66
110.599 10256.7
115.478 10529.5
120.573 8879.17
125.893 13655.9
131.447 12588
137.246 13315
143.301 15483.5
149.624 14827.3
156.225 15052.7
163.117 18170.2
170.314 17993.5
177.828 17836.8
185.674 20766.7
193.865 21353.9
202.418 22677.9
211.349 23607.5
220.673 22681.4
230.409 24747
240.575 21781.6
251.189 20844.7
262.271 18894
273.842 18246.3
285.924 13796.5
298.538 12910.5
311.709 10912.2
325.462 8913.85
339.821 4961.35
354.813 5845.43
370.467 3612.68
386.812 2750.96
403.878 1854.81
421.697 1701.9
440.301 1206.93
459.727 252.839
480.01 250.29
501.187 133.051
523.299 532.666
546.387 195.785
570.493 0
595.662 0
621.942 58.4603
649.382 38.4564
678.032 0
707.946 52.3957
739.18 81.1059
771.792 0
805.842 0
841.395 0
878.517 0
917.276 0
957.745 0
1000 0
