# First line is two numbers 
#     First value is '2', it means 'histogram mode'
#     Second value is 'Emin' of the histogram
# Other lines : 2 columns. 1) energy 2) probability (nb divided by NbEvent)
# Number of bins = 480
# Content below the first bin: 4710.15
# Content above the last  bin: 0
# Content above the last  bin: 0
# Number of events: 209000
2 1e-06
1.04412e-06 0
1.09018e-06 0
1.13828e-06 0
1.1885e-06 0
1.24094e-06 0
1.29569e-06 0
1.35285e-06 0
1.41254e-06 0
1.47486e-06 0
1.53993e-06 0
1.60787e-06 0
1.6788e-06 0
1.75287e-06 118.693
1.83021e-06 0
1.91095e-06 0
1.99526e-06 0
2.08329e-06 0
2.1752e-06 0
2.27117e-06 0
2.37137e-06 0
2.476e-06 0
2.58523e-06 0
2.69929e-06 0
2.81838e-06 0
2.94273e-06 114.888
3.07256e-06 0
3.20812e-06 0
3.34965e-06 0
3.49744e-06 0
3.65174e-06 0
3.81285e-06 0
3.98107e-06 0
4.15671e-06 0
4.3401e-06 37.6006
4.53158e-06 0
4.73151e-06 101.481
4.94026e-06 102.567
5.15822e-06 0
5.3858e-06 119
5.62341e-06 0
5.87151e-06 0
6.13056e-06 0
6.40103e-06 0
6.68344e-06 0
6.97831e-06 0
7.28618e-06 0
7.60764e-06 0
7.94328e-06 0
8.29373e-06 0
8.65964e-06 0
9.0417e-06 0
9.44061e-06 0
9.85712e-06 0
1.0292e-05 0
1.07461e-05 0
1.12202e-05 0
1.17152e-05 0
1.22321e-05 0
1.27717e-05 0
1.33352e-05 0
1.39236e-05 0
1.45378e-05 0
1.51792e-05 0
1.58489e-05 0
1.65482e-05 0
1.72783e-05 0
1.80406e-05 35.4442
1.88365e-05 0
1.96675e-05 0
2.05353e-05 71.5953
2.14412e-05 0
2.23872e-05 0
2.33749e-05 0
2.44062e-05 0
2.5483e-05 0
2.66073e-05 0
2.77811e-05 0
2.90068e-05 84.6744
3.02866e-05 0
3.16228e-05 0
3.30179e-05 48.2339
3.44747e-05 0
3.59956e-05 0
3.75837e-05 0
3.92419e-05 0
4.09732e-05 0
4.27809e-05 0
4.46684e-05 0
4.66391e-05 0
4.86968e-05 0
5.08452e-05 0
5.30884e-05 0
5.54307e-05 0
5.78762e-05 0
6.04296e-05 0
6.30957e-05 0
6.58795e-05 0
6.8786e-05 0
7.18208e-05 0
7.49894e-05 0
7.82979e-05 0
8.17523e-05 0
8.53591e-05 0
8.91251e-05 0
9.30572e-05 0
9.71628e-05 0
0.00010145 0
0.000105925 0
0.000110599 0
0.000115478 0
0.000120573 85.83
0.000125893 0
0.000131447 0
0.000137246 0
0.000143301 0
0.000149624 0
0.000156225 0
0.000163117 0
0.000170314 92.8189
0.000177828 0
0.000185674 0
0.000193865 70.5039
0.000202418 67.0026
0.000211349 0
0.000220673 0
0.000230409 0
0.000240575 0
0.000251189 0
0.000262271 0
0.000273842 0
0.000285924 0
0.000298538 0
0.000311709 0
0.000325462 0
0.000339821 0
0.000354813 0
0.000370467 0
0.000386812 0
0.000403878 0
0.000421697 0
0.000440301 0
0.000459727 0
0.00048001 0
0.000501187 0
0.000523299 0
0.000546387 0
0.000570493 0
0.000595662 0
0.000621942 102.422
0.000649382 0
0.000678032 0
0.000707946 0
0.00073918 56.6205
0.000771792 0
0.000805842 0
0.000841395 0
0.000878517 0
0.000917276 0
0.000957745 0
0.001 0
0.00104412 0
0.00109018 0
0.00113828 0
0.0011885 0
0.00124094 0
0.00129569 0
0.00135285 0
0.00141254 0
0.00147486 0
0.00153993 0
0.00160787 0
0.0016788 0
0.00175287 0
0.00183021 116.473
0.00191095 0
0.00199526 0
0.00208329 63.4821
0.0021752 0
0.00227117 0
0.00237137 23.3481
0.002476 0
0.00258523 0
0.00269929 0
0.00281838 0
0.00294273 0
0.00307256 0
0.00320812 0
0.00334965 0
0.00349744 0
0.00365174 0
0.00381285 0
0.00398107 0
0.00415671 0
0.0043401 0
0.00453158 0
0.00473151 0
0.00494026 0
0.00515822 0
0.0053858 0
0.00562341 0
0.00587151 0
0.00613056 0
0.00640103 0
0.00668344 0
0.00697831 0
0.00728618 0
0.00760764 0
0.00794328 0
0.00829373 0
0.00865964 0
0.0090417 0
0.00944061 0
0.00985712 0
0.010292 0
0.0107461 0
0.0112202 0
0.0117152 79.4605
0.0122321 0
0.0127717 0
0.0133352 113.207
0.0139236 0
0.0145378 0
0.0151792 0
0.0158489 0
0.0165482 0
0.0172783 0
0.0180406 61.3109
0.0188365 0
0.0196675 0
0.0205353 0
0.0214412 100.112
0.0223872 0
0.0233749 0
0.0244062 86.1631
0.025483 0
0.0266073 0
0.0277811 0
0.0290068 0
0.0302866 0
0.0316228 82.6458
0.0330179 0
0.0344747 0
0.0359956 0
0.0375837 201.955
0.0392419 0
0.0409732 0
0.0427809 0
0.0446684 0
0.0466391 33.6403
0.0486968 61.3213
0.0508452 0
0.0530884 82.0007
0.0554307 0
0.0578762 0
0.0604296 83.4632
0.0630957 0
0.0658795 0
0.068786 160.019
0.0718208 0
0.0749894 0
0.0782979 0
0.0817523 26.7655
0.0853591 116.562
0.0891251 0
0.0930572 0
0.0971628 76.1141
0.10145 0
0.105925 216.021
0.110599 0
0.115478 0
0.120573 0
0.125893 109.947
0.131447 0
0.137246 179.911
0.143301 0
0.149624 142.305
0.156225 0
0.163117 248.992
0.170314 54.7872
0.177828 0
0.185674 0
0.193865 0
0.202418 28.3194
0.211349 64.9576
0.220673 0
0.230409 0
0.240575 139.364
0.251189 85.9889
0.262271 0
0.273842 115.467
0.285924 257.466
0.298538 49.1762
0.311709 95.5256
0.325462 0
0.339821 0
0.354813 99.9615
0.370467 0
0.386812 187.58
0.403878 98.6962
0.421697 97.0986
0.440301 199.049
0.459727 57.4818
0.48001 22.5378
0.501187 13.7389
0.523299 0
0.546387 235.961
0.570493 199.356
0.595662 193.868
0.621942 127.617
0.649382 0
0.678032 239.998
0.707946 126.004
0.73918 203.848
0.771792 0
0.805842 8.19433
0.841395 0
0.878517 104.166
0.917276 0
0.957745 114.968
1 296.977
1.04412 193.518
1.09018 224.017
1.13828 185.808
1.1885 121.572
1.24094 0
1.29569 186.322
1.35285 54.7926
1.41254 106.996
1.47486 44.007
1.53993 112.999
1.60787 206.904
1.6788 177.011
1.75287 211.655
1.83021 0
1.91095 0
1.99526 186.085
2.08329 274.516
2.1752 372.499
2.27117 324.472
2.37137 412.001
2.476 57.3093
2.58523 240.936
2.69929 104.823
2.81838 291.095
2.94273 451.403
3.07256 328.587
3.20812 230.889
3.34965 251.753
3.49744 388.712
3.65174 189.668
3.81285 414.118
3.98107 189.259
4.15671 88.9205
4.3401 245.781
4.53158 349.221
4.73151 454.435
4.94026 476.422
5.15822 160.44
5.3858 583.403
5.62341 206.571
5.87151 393.915
6.13056 553.066
6.40103 969.924
6.68344 563.943
6.97831 257.152
7.28618 469.149
7.60764 433.662
7.94328 429.684
8.29373 900.083
8.65964 622.595
9.0417 299.775
9.44061 395.352
9.85712 436.015
10.292 276.386
10.7461 718.028
11.2202 562.028
11.7152 535.302
12.2321 698.322
12.7717 428.027
13.3352 599.826
13.9236 616.089
14.5378 649.912
15.1792 576.364
15.8489 809.581
16.5482 1099.92
17.2783 1414.87
18.0406 926.423
18.8365 816.503
19.6675 720.28
20.5353 617.575
21.4412 831.96
22.3872 938.38
23.3749 1688.41
24.4062 1424.38
25.483 1116.25
26.6073 2069.37
27.7811 1352.67
29.0068 1542.98
30.2866 1285.34
31.6228 1081.69
33.0179 1651.76
34.4747 2271.67
35.9956 2428.32
37.5837 1744.44
39.2419 2440.59
40.9732 2717.42
42.7809 2220.83
44.6684 2726.97
46.6391 2555.32
48.6968 3284.63
50.8452 2792.39
53.0884 3127.39
55.4307 2873.12
57.8762 3587.73
60.4296 3684.88
63.0957 3781.71
65.8795 5332.33
68.786 4251.7
71.8208 5274.98
74.9894 5952.48
78.2979 6860.6
81.7523 7099.28
85.3591 6184.42
89.1251 7208.36
93.0572 6706.04
97.1628 8544.36
101.45 8868.69
105.925 7915.51
110.599 9133.36
115.478 7960.56
120.573 11637.7
125.893 12911.7
131.447 13007.4
137.246 11820.2
143.301 13470.1
149.624 16854.1
156.225 16724.5
163.117 17663
170.314 19645.8
177.828 22306.7
185.674 21650.3
193.865 23514.8
202.418 22950
211.349 25522.8
220.673 24762.1
230.409 23340.2
240.575 21503.6
251.189 22628.8
262.271 21958.8
273.842 17288.8
285.924 15301.2
298.538 11956.1
311.709 10360.2
325.462 8530.82
339.821 6204.31
354.813 4344.16
370.467 3109.57
386.812 2850.82
403.878 2150.94
421.697 1634.7
440.301 1197.24
459.727 946.83
480.01 784.221
501.187 432.382
523.299 49.0225
546.387 404.132
570.493 156.425
595.662 0
621.942 219.9
649.382 0
678.032 0
707.946 0
739.18 0
771.792 0
805.842 0
841.395 0
878.517 0
917.276 0
957.745 0
1000 0
