# First line is two numbers 
#     First value is '2', it means 'histogram mode'
#     Second value is 'Emin' of the histogram
# Other lines : 2 columns. 1) energy 2) probability (nb divided by NbEvent)
# Number of bins = 480
# Content below the first bin: 3772.99
# Content above the last  bin: 0
# Content above the last  bin: 0
# Number of events: 209000
2 1e-06
1.04412e-06 0
1.09018e-06 0
1.13828e-06 0
1.1885e-06 0
1.24094e-06 0
1.29569e-06 0
1.35285e-06 0
1.41254e-06 0
1.47486e-06 0
1.53993e-06 0
1.60787e-06 0
1.6788e-06 0
1.75287e-06 0
1.83021e-06 0
1.91095e-06 0
1.99526e-06 0
2.08329e-06 0
2.1752e-06 0
2.27117e-06 0
2.37137e-06 0
2.476e-06 0
2.58523e-06 0
2.69929e-06 41.6714
2.81838e-06 0
2.94273e-06 0
3.07256e-06 0
3.20812e-06 0
3.34965e-06 0
3.49744e-06 0
3.65174e-06 0
3.81285e-06 0
3.98107e-06 0
4.15671e-06 0
4.3401e-06 0
4.53158e-06 0
4.73151e-06 115.237
4.94026e-06 0
5.15822e-06 106.5
5.3858e-06 0
5.62341e-06 0
5.87151e-06 85.4169
6.13056e-06 0
6.40103e-06 0
6.68344e-06 0
6.97831e-06 0
7.28618e-06 0
7.60764e-06 0
7.94328e-06 0
8.29373e-06 0
8.65964e-06 0
9.0417e-06 0
9.44061e-06 0
9.85712e-06 0
1.0292e-05 0
1.07461e-05 0
1.12202e-05 0
1.17152e-05 0
1.22321e-05 0
1.27717e-05 0
1.33352e-05 0
1.39236e-05 107.04
1.45378e-05 0
1.51792e-05 0
1.58489e-05 0
1.65482e-05 0
1.72783e-05 0
1.80406e-05 0
1.88365e-05 0
1.96675e-05 0
2.05353e-05 0
2.14412e-05 0
2.23872e-05 0
2.33749e-05 187.856
2.44062e-05 0
2.5483e-05 0
2.66073e-05 0
2.77811e-05 0
2.90068e-05 0
3.02866e-05 0
3.16228e-05 0
3.30179e-05 0
3.44747e-05 0
3.59956e-05 0
3.75837e-05 0
3.92419e-05 0
4.09732e-05 0
4.27809e-05 0
4.46684e-05 0
4.66391e-05 0
4.86968e-05 0
5.08452e-05 64.8309
5.30884e-05 0
5.54307e-05 0
5.78762e-05 0
6.04296e-05 0
6.30957e-05 0
6.58795e-05 0
6.8786e-05 0
7.18208e-05 0
7.49894e-05 0
7.82979e-05 0
8.17523e-05 0
8.53591e-05 0
8.91251e-05 0
9.30572e-05 0
9.71628e-05 0
0.00010145 0
0.000105925 0
0.000110599 0
0.000115478 0
0.000120573 0
0.000125893 0
0.000131447 0
0.000137246 0
0.000143301 0
0.000149624 47.231
0.000156225 0
0.000163117 0
0.000170314 0
0.000177828 117.146
0.000185674 0
0.000193865 0
0.000202418 0
0.000211349 0
0.000220673 0
0.000230409 0
0.000240575 0
0.000251189 0
0.000262271 0
0.000273842 0
0.000285924 0
0.000298538 0
0.000311709 110.602
0.000325462 0
0.000339821 0
0.000354813 0
0.000370467 0
0.000386812 0
0.000403878 0
0.000421697 0
0.000440301 0
0.000459727 0
0.00048001 0
0.000501187 0
0.000523299 0
0.000546387 0
0.000570493 0
0.000595662 6.08296
0.000621942 0
0.000649382 0
0.000678032 0
0.000707946 88.9247
0.00073918 0
0.000771792 0
0.000805842 0
0.000841395 0
0.000878517 0
0.000917276 78.935
0.000957745 0
0.001 0
0.00104412 0
0.00109018 0
0.00113828 0
0.0011885 0
0.00124094 75.7539
0.00129569 0
0.00135285 119.244
0.00141254 94.2501
0.00147486 0
0.00153993 113.129
0.00160787 0
0.0016788 0
0.00175287 0
0.00183021 0
0.00191095 0
0.00199526 0
0.00208329 0
0.0021752 0
0.00227117 0
0.00237137 0
0.002476 0
0.00258523 0
0.00269929 0
0.00281838 0
0.00294273 0
0.00307256 0
0.00320812 80.0777
0.00334965 0
0.00349744 25.4027
0.00365174 0
0.00381285 0
0.00398107 0
0.00415671 0
0.0043401 0
0.00453158 0
0.00473151 0
0.00494026 0
0.00515822 0
0.0053858 0
0.00562341 0
0.00587151 0
0.00613056 0
0.00640103 59.387
0.00668344 0
0.00697831 0
0.00728618 0
0.00760764 0
0.00794328 0
0.00829373 0
0.00865964 0
0.0090417 0
0.00944061 0
0.00985712 0
0.010292 0
0.0107461 0
0.0112202 0
0.0117152 0
0.0122321 0
0.0127717 0
0.0133352 0
0.0139236 0
0.0145378 0
0.0151792 0
0.0158489 0
0.0165482 0
0.0172783 0
0.0180406 0
0.0188365 0
0.0196675 0
0.0205353 108.083
0.0214412 0
0.0223872 0
0.0233749 119.358
0.0244062 30.856
0.025483 0
0.0266073 0
0.0277811 0
0.0290068 0
0.0302866 104.511
0.0316228 0
0.0330179 0
0.0344747 0
0.0359956 119.472
0.0375837 0
0.0392419 0
0.0409732 118.715
0.0427809 0
0.0446684 0
0.0466391 100.226
0.0486968 119.446
0.0508452 0
0.0530884 0
0.0554307 0
0.0578762 0
0.0604296 52.499
0.0630957 0
0.0658795 0
0.068786 0
0.0718208 174.263
0.0749894 0
0.0782979 0
0.0817523 98.5787
0.0853591 34.7297
0.0891251 0
0.0930572 0
0.0971628 0
0.10145 103.511
0.105925 0
0.110599 0
0.115478 0
0.120573 0
0.125893 118.541
0.131447 0
0.137246 0
0.143301 0
0.149624 0
0.156225 303.592
0.163117 0
0.170314 0
0.177828 0
0.185674 0
0.193865 0
0.202418 225.155
0.211349 0
0.220673 87.4249
0.230409 112.229
0.240575 63.437
0.251189 111.724
0.262271 16.4088
0.273842 0
0.285924 156.658
0.298538 75.3011
0.311709 0
0.325462 52.5282
0.339821 201.626
0.354813 0
0.370467 0
0.386812 150.267
0.403878 116.873
0.421697 59.5535
0.440301 111.035
0.459727 0
0.48001 0
0.501187 281.812
0.523299 0
0.546387 62.6494
0.570493 276.079
0.595662 0
0.621942 0
0.649382 136.963
0.678032 0
0.707946 0
0.73918 0
0.771792 0
0.805842 198.752
0.841395 0
0.878517 0
0.917276 140.422
0.957745 0
1 0
1.04412 127.403
1.09018 0
1.13828 0
1.1885 129.058
1.24094 114.562
1.29569 96.8271
1.35285 123.261
1.41254 65.6583
1.47486 241.478
1.53993 204.379
1.60787 170.848
1.6788 108.033
1.75287 71.5289
1.83021 109.495
1.91095 252.827
1.99526 181.032
2.08329 194.629
2.1752 84.5453
2.27117 67.1649
2.37137 0
2.476 287.449
2.58523 367.781
2.69929 544.288
2.81838 290.651
2.94273 478.501
3.07256 64.1268
3.20812 453.682
3.34965 149.067
3.49744 61.744
3.65174 277.35
3.81285 173.157
3.98107 207.844
4.15671 183.148
4.3401 164.799
4.53158 316.461
4.73151 633.571
4.94026 587.538
5.15822 246.655
5.3858 389.169
5.62341 694.666
5.87151 219.471
6.13056 305.786
6.40103 556.189
6.68344 438.77
6.97831 435.362
7.28618 497.407
7.60764 720.619
7.94328 380.435
8.29373 802.662
8.65964 506.699
9.0417 431.298
9.44061 484.047
9.85712 360.408
10.292 570.16
10.7461 482.276
11.2202 726.377
11.7152 899.21
12.2321 1010.64
12.7717 557.508
13.3352 432.211
13.9236 360.948
14.5378 415.093
15.1792 899.133
15.8489 1373.95
16.5482 965.766
17.2783 882.039
18.0406 947.853
18.8365 1301.64
19.6675 798.188
20.5353 1087.51
21.4412 1207.06
22.3872 1070.92
23.3749 1211.11
24.4062 1230.07
25.483 1155.89
26.6073 1224.14
27.7811 802.933
29.0068 1582.18
30.2866 1848.17
31.6228 1009.23
33.0179 1761.13
34.4747 1445.92
35.9956 1669.71
37.5837 1904.32
39.2419 1940.67
40.9732 2741.32
42.7809 2218.23
44.6684 2651.7
46.6391 2478.95
48.6968 2993.93
50.8452 3329.01
53.0884 3555.92
55.4307 3039.37
57.8762 2730.25
60.4296 4430.46
63.0957 3636.72
65.8795 3737.32
68.786 4482.76
71.8208 5628.44
74.9894 6204.64
78.2979 4890.51
81.7523 6476.96
85.3591 4499
89.1251 8343.31
93.0572 8116.95
97.1628 7298.35
101.45 7939.65
105.925 8354.01
110.599 8424.71
115.478 10502.2
120.573 12754.8
125.893 9301.51
131.447 12221.9
137.246 15220.2
143.301 12062
149.624 15747
156.225 16233.9
163.117 17993.4
170.314 18585.2
177.828 21822.9
185.674 22314.7
193.865 22264.4
202.418 24527.5
211.349 21947.7
220.673 23232.1
230.409 22507.1
240.575 24416.6
251.189 23146.8
262.271 19428
273.842 17562.1
285.924 12702.9
298.538 13813.6
311.709 12509.9
325.462 8277.29
339.821 8172.74
354.813 4650.51
370.467 4692.89
386.812 3214.84
403.878 2477.36
421.697 1230.56
440.301 569.114
459.727 549.104
480.01 897.793
501.187 239.772
523.299 117.132
546.387 159.164
570.493 671.542
595.662 0
621.942 175.559
649.382 116.341
678.032 0
707.946 0
739.18 0
771.792 0
805.842 0
841.395 0
878.517 0
917.276 0
957.745 0
1000 0
