# First line is two numbers 
#     First value is '2', it means 'histogram mode'
#     Second value is 'Emin' of the histogram
# Other lines : 2 columns. 1) energy 2) probability (nb divided by NbEvent)
# Number of bins = 480
# Content below the first bin: 3433.75
# Content above the last  bin: 0
# Content above the last  bin: 0
# Number of events: 209000
2 1e-06
1.04412e-06 0
1.09018e-06 107.535
1.13828e-06 74.528
1.1885e-06 0
1.24094e-06 0
1.29569e-06 0
1.35285e-06 0
1.41254e-06 0
1.47486e-06 0
1.53993e-06 0
1.60787e-06 0
1.6788e-06 0
1.75287e-06 0
1.83021e-06 0
1.91095e-06 0
1.99526e-06 0
2.08329e-06 0
2.1752e-06 0
2.27117e-06 0
2.37137e-06 0
2.476e-06 0
2.58523e-06 0
2.69929e-06 0
2.81838e-06 0
2.94273e-06 0
3.07256e-06 0
3.20812e-06 0
3.34965e-06 0
3.49744e-06 0
3.65174e-06 0
3.81285e-06 196.134
3.98107e-06 0
4.15671e-06 0
4.3401e-06 0
4.53158e-06 0
4.73151e-06 0
4.94026e-06 0
5.15822e-06 0
5.3858e-06 89.1478
5.62341e-06 0
5.87151e-06 0
6.13056e-06 0
6.40103e-06 0
6.68344e-06 0
6.97831e-06 0
7.28618e-06 0
7.60764e-06 0
7.94328e-06 0
8.29373e-06 0
8.65964e-06 0
9.0417e-06 0
9.44061e-06 0
9.85712e-06 0
1.0292e-05 0
1.07461e-05 0
1.12202e-05 0
1.17152e-05 0
1.22321e-05 0
1.27717e-05 0
1.33352e-05 0
1.39236e-05 0
1.45378e-05 0
1.51792e-05 0
1.58489e-05 0
1.65482e-05 0
1.72783e-05 0
1.80406e-05 0
1.88365e-05 0
1.96675e-05 0
2.05353e-05 0
2.14412e-05 0
2.23872e-05 0
2.33749e-05 0
2.44062e-05 0
2.5483e-05 0
2.66073e-05 0
2.77811e-05 0
2.90068e-05 0
3.02866e-05 0
3.16228e-05 0
3.30179e-05 0
3.44747e-05 0
3.59956e-05 0
3.75837e-05 46.8747
3.92419e-05 0
4.09732e-05 0
4.27809e-05 0
4.46684e-05 56.9893
4.66391e-05 0
4.86968e-05 0
5.08452e-05 0
5.30884e-05 0
5.54307e-05 0
5.78762e-05 0
6.04296e-05 0
6.30957e-05 0
6.58795e-05 51.3584
6.8786e-05 105.555
7.18208e-05 109.093
7.49894e-05 0
7.82979e-05 0
8.17523e-05 0
8.53591e-05 0
8.91251e-05 0
9.30572e-05 0
9.71628e-05 100.761
0.00010145 0
0.000105925 0
0.000110599 0
0.000115478 0
0.000120573 0
0.000125893 97.7201
0.000131447 0
0.000137246 0
0.000143301 0
0.000149624 0
0.000156225 0
0.000163117 0
0.000170314 0
0.000177828 0
0.000185674 60.8609
0.000193865 0
0.000202418 0
0.000211349 0
0.000220673 0
0.000230409 0
0.000240575 0
0.000251189 0
0.000262271 0
0.000273842 0
0.000285924 0
0.000298538 0
0.000311709 0
0.000325462 92.3396
0.000339821 0
0.000354813 0
0.000370467 0
0.000386812 0
0.000403878 0
0.000421697 0
0.000440301 0
0.000459727 117.347
0.00048001 0
0.000501187 0
0.000523299 0
0.000546387 0
0.000570493 104.65
0.000595662 0
0.000621942 0
0.000649382 0
0.000678032 0
0.000707946 0
0.00073918 0
0.000771792 0
0.000805842 0
0.000841395 0
0.000878517 0
0.000917276 0
0.000957745 0
0.001 0
0.00104412 0
0.00109018 0
0.00113828 90.4142
0.0011885 0
0.00124094 0
0.00129569 0
0.00135285 0
0.00141254 32.3739
0.00147486 0
0.00153993 0
0.00160787 0
0.0016788 85.9252
0.00175287 0
0.00183021 0
0.00191095 0
0.00199526 0
0.00208329 0
0.0021752 0
0.00227117 94.0668
0.00237137 0
0.002476 0
0.00258523 0
0.00269929 0
0.00281838 0
0.00294273 0
0.00307256 0
0.00320812 0
0.00334965 0
0.00349744 0
0.00365174 0
0.00381285 0
0.00398107 0
0.00415671 40.5901
0.0043401 70.7241
0.00453158 0
0.00473151 0
0.00494026 0
0.00515822 0
0.0053858 0
0.00562341 0
0.00587151 0
0.00613056 0
0.00640103 0
0.00668344 0
0.00697831 0
0.00728618 66.4811
0.00760764 0
0.00794328 0
0.00829373 0
0.00865964 0
0.0090417 80.4425
0.00944061 0
0.00985712 0
0.010292 0
0.0107461 0
0.0112202 0
0.0117152 0
0.0122321 0
0.0127717 0
0.0133352 0
0.0139236 0
0.0145378 0
0.0151792 0
0.0158489 97.1985
0.0165482 0
0.0172783 0
0.0180406 94.0211
0.0188365 117.102
0.0196675 0
0.0205353 0
0.0214412 0
0.0223872 40.1673
0.0233749 0
0.0244062 0
0.025483 0
0.0266073 0
0.0277811 0
0.0290068 0
0.0302866 112.766
0.0316228 0
0.0330179 0
0.0344747 115.321
0.0359956 0
0.0375837 0
0.0392419 0
0.0409732 17.6588
0.0427809 0
0.0446684 0
0.0466391 0
0.0486968 0
0.0508452 0
0.0530884 0
0.0554307 0
0.0578762 0
0.0604296 110.435
0.0630957 105.249
0.0658795 0
0.068786 54.7796
0.0718208 0
0.0749894 0
0.0782979 0
0.0817523 0
0.0853591 0
0.0891251 0
0.0930572 25.894
0.0971628 0
0.10145 0
0.105925 106.765
0.110599 86.3689
0.115478 101.188
0.120573 0
0.125893 0
0.131447 0
0.137246 186.794
0.143301 114.667
0.149624 0
0.156225 45.0847
0.163117 0
0.170314 113.513
0.177828 97.64
0.185674 0
0.193865 110.36
0.202418 0
0.211349 0
0.220673 0
0.230409 0
0.240575 109.188
0.251189 148.534
0.262271 37.5515
0.273842 0
0.285924 40.5039
0.298538 109.698
0.311709 95.3164
0.325462 143.246
0.339821 52.4799
0.354813 171.037
0.370467 0
0.386812 0
0.403878 96.3299
0.421697 155.285
0.440301 0
0.459727 149.321
0.48001 90.2238
0.501187 97.588
0.523299 0
0.546387 0
0.570493 0
0.595662 0
0.621942 0
0.649382 78.4772
0.678032 57.2937
0.707946 0
0.73918 310.859
0.771792 112.049
0.805842 93.7545
0.841395 87.5207
0.878517 0
0.917276 0
0.957745 0
1 164.076
1.04412 65.8535
1.09018 91.3045
1.13828 104.729
1.1885 93.9118
1.24094 0
1.29569 300.017
1.35285 45.696
1.41254 83.0955
1.47486 0
1.53993 362.367
1.60787 192.6
1.6788 159.287
1.75287 388.816
1.83021 327.279
1.91095 104.148
1.99526 305.16
2.08329 51.88
2.1752 0
2.27117 102.747
2.37137 234.104
2.476 278.415
2.58523 218.901
2.69929 92.2696
2.81838 56.3038
2.94273 460.902
3.07256 369.327
3.20812 374.856
3.34965 290.871
3.49744 341.195
3.65174 202.242
3.81285 171.581
3.98107 896.852
4.15671 297.152
4.3401 176.147
4.53158 94.607
4.73151 350.723
4.94026 361.718
5.15822 543.767
5.3858 378.595
5.62341 928.078
5.87151 457.478
6.13056 294.254
6.40103 668.324
6.68344 857.496
6.97831 337.852
7.28618 587.894
7.60764 528.349
7.94328 238.868
8.29373 259.994
8.65964 510.548
9.0417 378.869
9.44061 954.655
9.85712 305.502
10.292 259.219
10.7461 879.371
11.2202 612.208
11.7152 470.163
12.2321 765.519
12.7717 502.092
13.3352 675.346
13.9236 1175.44
14.5378 719.359
15.1792 400.907
15.8489 432.097
16.5482 723.974
17.2783 825.293
18.0406 831.905
18.8365 812.243
19.6675 1002.07
20.5353 785.089
21.4412 906.524
22.3872 1028.03
23.3749 1132.67
24.4062 1170.06
25.483 1476.83
26.6073 1156.69
27.7811 1349.81
29.0068 1070.99
30.2866 682.675
31.6228 1455.53
33.0179 2072.09
34.4747 1634.36
35.9956 1648.1
37.5837 2282.28
39.2419 2015.76
40.9732 1835.86
42.7809 2641.47
44.6684 2050.01
46.6391 2249.34
48.6968 2587.62
50.8452 3137.77
53.0884 2215.96
55.4307 3838.09
57.8762 3360.17
60.4296 3166.29
63.0957 2828.58
65.8795 4106.45
68.786 4648.16
71.8208 5204.82
74.9894 4478.6
78.2979 5212.59
81.7523 6102.87
85.3591 5843.38
89.1251 6726.96
93.0572 9084.62
97.1628 7864.39
101.45 8435.72
105.925 10911.1
110.599 12244.7
115.478 9318.88
120.573 10448.8
125.893 11112.9
131.447 13837.3
137.246 12946.3
143.301 14949.5
149.624 17436.3
156.225 16785
163.117 19333.9
170.314 18147.8
177.828 19919.4
185.674 19717.5
193.865 22176.4
202.418 22804.6
211.349 25263.7
220.673 22371.4
230.409 24579.6
240.575 23538.2
251.189 20610.4
262.271 20889.6
273.842 17625.7
285.924 15747.3
298.538 12887.8
311.709 11899.9
325.462 7807.29
339.821 6730.52
354.813 3318.12
370.467 2858.44
386.812 2415.35
403.878 1519.79
421.697 1844.54
440.301 1272.26
459.727 488.358
480.01 783.556
501.187 315.314
523.299 104.601
546.387 159.279
570.493 172.229
595.662 129.411
621.942 0
649.382 0
678.032 0
707.946 0
739.18 0
771.792 0
805.842 119.773
841.395 0
878.517 0
917.276 0
957.745 0
1000 0
