# First line is two numbers 
#     First value is '2', it means 'histogram mode'
#     Second value is 'Emin' of the histogram
# Other lines : 2 columns. 1) energy 2) probability (nb divided by NbEvent)
# Number of bins = 480
# Content below the first bin: 0
# Content above the last  bin: 0
# Content above the last  bin: 0
# Number of events: 209000
2 1e-06
1.04412e-06 0
1.09018e-06 0
1.13828e-06 0
1.1885e-06 0
1.24094e-06 0
1.29569e-06 0
1.35285e-06 0
1.41254e-06 0
1.47486e-06 0
1.53993e-06 0
1.60787e-06 0
1.6788e-06 0
1.75287e-06 0
1.83021e-06 0
1.91095e-06 0
1.99526e-06 0
2.08329e-06 0
2.1752e-06 0
2.27117e-06 0
2.37137e-06 0
2.476e-06 0
2.58523e-06 0
2.69929e-06 0
2.81838e-06 0
2.94273e-06 0
3.07256e-06 0
3.20812e-06 0
3.34965e-06 0
3.49744e-06 0
3.65174e-06 0
3.81285e-06 0
3.98107e-06 0
4.15671e-06 0
4.3401e-06 0
4.53158e-06 0
4.73151e-06 0
4.94026e-06 0
5.15822e-06 0
5.3858e-06 0
5.62341e-06 0
5.87151e-06 0
6.13056e-06 0
6.40103e-06 0
6.68344e-06 0
6.97831e-06 0
7.28618e-06 0
7.60764e-06 0
7.94328e-06 0
8.29373e-06 0
8.65964e-06 0
9.0417e-06 0
9.44061e-06 0
9.85712e-06 0
1.0292e-05 0
1.07461e-05 0
1.12202e-05 0
1.17152e-05 0
1.22321e-05 0
1.27717e-05 0
1.33352e-05 0
1.39236e-05 0
1.45378e-05 0
1.51792e-05 0
1.58489e-05 0
1.65482e-05 0
1.72783e-05 0
1.80406e-05 0
1.88365e-05 0
1.96675e-05 0
2.05353e-05 0
2.14412e-05 0
2.23872e-05 0
2.33749e-05 0
2.44062e-05 0
2.5483e-05 0
2.66073e-05 0
2.77811e-05 0
2.90068e-05 0
3.02866e-05 0
3.16228e-05 0
3.30179e-05 0
3.44747e-05 0
3.59956e-05 0
3.75837e-05 0
3.92419e-05 0
4.09732e-05 0
4.27809e-05 0
4.46684e-05 0
4.66391e-05 0
4.86968e-05 0
5.08452e-05 0
5.30884e-05 0
5.54307e-05 0
5.78762e-05 0
6.04296e-05 0
6.30957e-05 0
6.58795e-05 0
6.8786e-05 0
7.18208e-05 0
7.49894e-05 0
7.82979e-05 0
8.17523e-05 0
8.53591e-05 0
8.91251e-05 0
9.30572e-05 0
9.71628e-05 0
0.00010145 0
0.000105925 0
0.000110599 0
0.000115478 0
0.000120573 0
0.000125893 0
0.000131447 0
0.000137246 0
0.000143301 0
0.000149624 0
0.000156225 0
0.000163117 0
0.000170314 0
0.000177828 0
0.000185674 0
0.000193865 0
0.000202418 0
0.000211349 0
0.000220673 0
0.000230409 0
0.000240575 0
0.000251189 0
0.000262271 0
0.000273842 0
0.000285924 0
0.000298538 0
0.000311709 0
0.000325462 0
0.000339821 0
0.000354813 0
0.000370467 0
0.000386812 0
0.000403878 0
0.000421697 0
0.000440301 0
0.000459727 1
0.00048001 0
0.000501187 0
0.000523299 0
0.000546387 0
0.000570493 0
0.000595662 0
0.000621942 0
0.000649382 0
0.000678032 0
0.000707946 0
0.00073918 0
0.000771792 0
0.000805842 0
0.000841395 0
0.000878517 0
0.000917276 0
0.000957745 0
0.001 0
0.00104412 0
0.00109018 0
0.00113828 0
0.0011885 0
0.00124094 0
0.00129569 0
0.00135285 0
0.00141254 0
0.00147486 0
0.00153993 2
0.00160787 0
0.0016788 1
0.00175287 0
0.00183021 0
0.00191095 1
0.00199526 0
0.00208329 0
0.0021752 0
0.00227117 0
0.00237137 0
0.002476 0
0.00258523 1
0.00269929 1
0.00281838 0
0.00294273 1
0.00307256 0
0.00320812 0
0.00334965 0
0.00349744 1
0.00365174 1
0.00381285 0
0.00398107 0
0.00415671 3
0.0043401 0
0.00453158 2
0.00473151 0
0.00494026 1
0.00515822 1
0.0053858 0
0.00562341 2
0.00587151 1
0.00613056 1
0.00640103 1
0.00668344 2
0.00697831 3
0.00728618 0
0.00760764 1
0.00794328 2
0.00829373 6
0.00865964 4
0.0090417 5
0.00944061 2
0.00985712 3
0.010292 1
0.0107461 5
0.0112202 5
0.0117152 4
0.0122321 7
0.0127717 5
0.0133352 6
0.0139236 4
0.0145378 10
0.0151792 6
0.0158489 11
0.0165482 9
0.0172783 9
0.0180406 14
0.0188365 12
0.0196675 17
0.0205353 5
0.0214412 11
0.0223872 16
0.0233749 17
0.0244062 21
0.025483 16
0.0266073 22
0.0277811 23
0.0290068 29
0.0302866 25
0.0316228 24
0.0330179 26
0.0344747 14
0.0359956 29
0.0375837 32
0.0392419 38
0.0409732 41
0.0427809 50
0.0446684 46
0.0466391 47
0.0486968 46
0.0508452 51
0.0530884 55
0.0554307 59
0.0578762 67
0.0604296 64
0.0630957 89
0.0658795 61
0.068786 68
0.0718208 74
0.0749894 72
0.0782979 78
0.0817523 85
0.0853591 99
0.0891251 99
0.0930572 85
0.0971628 108
0.10145 91
0.105925 118
0.110599 116
0.115478 126
0.120573 117
0.125893 130
0.131447 127
0.137246 106
0.143301 119
0.149624 158
0.156225 136
0.163117 144
0.170314 125
0.177828 151
0.185674 159
0.193865 123
0.202418 151
0.211349 136
0.220673 161
0.230409 157
0.240575 144
0.251189 148
0.262271 157
0.273842 160
0.285924 153
0.298538 150
0.311709 148
0.325462 191
0.339821 149
0.354813 170
0.370467 169
0.386812 165
0.403878 160
0.421697 173
0.440301 163
0.459727 175
0.48001 172
0.501187 176
0.523299 166
0.546387 175
0.570493 157
0.595662 170
0.621942 181
0.649382 147
0.678032 145
0.707946 179
0.73918 154
0.771792 136
0.805842 152
0.841395 128
0.878517 129
0.917276 125
0.957745 120
1 94
1.04412 102
1.09018 91
1.13828 93
1.1885 83
1.24094 90
1.29569 72
1.35285 82
1.41254 59
1.47486 69
1.53993 59
1.60787 57
1.6788 69
1.75287 59
1.83021 57
1.91095 57
1.99526 51
2.08329 49
2.1752 43
2.27117 42
2.37137 42
2.476 51
2.58523 40
2.69929 46
2.81838 39
2.94273 33
3.07256 37
3.20812 39
3.34965 38
3.49744 36
3.65174 33
3.81285 31
3.98107 29
4.15671 27
4.3401 31
4.53158 23
4.73151 32
4.94026 20
5.15822 21
5.3858 23
5.62341 24
5.87151 24
6.13056 25
6.40103 18
6.68344 26
6.97831 17
7.28618 19
7.60764 19
7.94328 17
8.29373 23
8.65964 18
9.0417 17
9.44061 16
9.85712 23
10.292 11
10.7461 18
11.2202 15
11.7152 12
12.2321 15
12.7717 17
13.3352 15
13.9236 16
14.5378 22
15.1792 16
15.8489 15
16.5482 19
17.2783 12
18.0406 20
18.8365 18
19.6675 14
20.5353 23
21.4412 12
22.3872 15
23.3749 15
24.4062 20
25.483 23
26.6073 17
27.7811 13
29.0068 18
30.2866 17
31.6228 23
33.0179 17
34.4747 12
35.9956 26
37.5837 16
39.2419 25
40.9732 20
42.7809 22
44.6684 22
46.6391 18
48.6968 22
50.8452 23
53.0884 27
55.4307 34
57.8762 31
60.4296 27
63.0957 22
65.8795 25
68.786 41
71.8208 29
74.9894 33
78.2979 32
81.7523 36
85.3591 35
89.1251 31
93.0572 31
97.1628 31
101.45 31
105.925 41
110.599 24
115.478 44
120.573 34
125.893 49
131.447 49
137.246 44
143.301 37
149.624 41
156.225 40
163.117 43
170.314 39
177.828 51
185.674 37
193.865 49
202.418 51
211.349 61
220.673 64
230.409 48
240.575 52
251.189 53
262.271 70
273.842 62
285.924 62
298.538 57
311.709 67
325.462 60
339.821 63
354.813 59
370.467 58
386.812 62
403.878 39
421.697 32
440.301 30
459.727 16
480.01 15
501.187 12
523.299 8
546.387 5
570.493 5
595.662 6
621.942 2
649.382 1
678.032 3
707.946 6
739.18 1
771.792 2
805.842 2
841.395 6
878.517 2
917.276 1
957.745 1
1000 1
