# First line is two numbers 
#     First value is '2', it means 'histogram mode'
#     Second value is 'Emin' of the histogram
# Other lines : 2 columns. 1) energy 2) probability (nb divided by NbEvent)
# Number of bins = 480
# Content below the first bin: 0
# Content above the last  bin: 84.829
# Content above the last  bin: 84.829
# Number of events: 209000
2 1e-06
1.04412e-06 0
1.09018e-06 0
1.13828e-06 0
1.1885e-06 0
1.24094e-06 0
1.29569e-06 0
1.35285e-06 0
1.41254e-06 0
1.47486e-06 0
1.53993e-06 0
1.60787e-06 0
1.6788e-06 0
1.75287e-06 0
1.83021e-06 0
1.91095e-06 0
1.99526e-06 0
2.08329e-06 0
2.1752e-06 0
2.27117e-06 0
2.37137e-06 0
2.476e-06 0
2.58523e-06 0
2.69929e-06 0
2.81838e-06 0
2.94273e-06 0
3.07256e-06 0
3.20812e-06 0
3.34965e-06 0
3.49744e-06 0
3.65174e-06 0
3.81285e-06 0
3.98107e-06 0
4.15671e-06 0
4.3401e-06 0
4.53158e-06 0
4.73151e-06 0
4.94026e-06 0
5.15822e-06 0
5.3858e-06 0
5.62341e-06 0
5.87151e-06 0
6.13056e-06 0
6.40103e-06 0
6.68344e-06 0
6.97831e-06 0
7.28618e-06 0
7.60764e-06 0
7.94328e-06 0
8.29373e-06 0
8.65964e-06 0
9.0417e-06 0
9.44061e-06 0
9.85712e-06 0
1.0292e-05 0
1.07461e-05 0
1.12202e-05 0
1.17152e-05 0
1.22321e-05 0
1.27717e-05 0
1.33352e-05 0
1.39236e-05 0
1.45378e-05 0
1.51792e-05 0
1.58489e-05 0
1.65482e-05 0
1.72783e-05 0
1.80406e-05 0
1.88365e-05 0
1.96675e-05 0
2.05353e-05 0
2.14412e-05 0
2.23872e-05 0
2.33749e-05 0
2.44062e-05 0
2.5483e-05 0
2.66073e-05 0
2.77811e-05 0
2.90068e-05 0
3.02866e-05 0
3.16228e-05 0
3.30179e-05 0
3.44747e-05 0
3.59956e-05 0
3.75837e-05 0
3.92419e-05 0
4.09732e-05 0
4.27809e-05 0
4.46684e-05 0
4.66391e-05 0
4.86968e-05 0
5.08452e-05 0
5.30884e-05 0
5.54307e-05 0
5.78762e-05 0
6.04296e-05 0
6.30957e-05 0
6.58795e-05 0
6.8786e-05 0
7.18208e-05 0
7.49894e-05 0
7.82979e-05 0
8.17523e-05 0
8.53591e-05 0
8.91251e-05 0
9.30572e-05 0
9.71628e-05 0
0.00010145 0
0.000105925 0
0.000110599 0
0.000115478 0
0.000120573 0
0.000125893 0
0.000131447 0
0.000137246 0
0.000143301 0
0.000149624 0
0.000156225 0
0.000163117 0
0.000170314 0
0.000177828 0
0.000185674 0
0.000193865 0
0.000202418 0
0.000211349 0
0.000220673 0
0.000230409 0
0.000240575 0
0.000251189 0
0.000262271 0
0.000273842 0
0.000285924 0
0.000298538 0
0.000311709 0
0.000325462 0
0.000339821 0
0.000354813 0
0.000370467 0
0.000386812 0
0.000403878 0
0.000421697 0
0.000440301 0
0.000459727 0
0.00048001 0
0.000501187 0
0.000523299 54.4816
0.000546387 0
0.000570493 0
0.000595662 0
0.000621942 0
0.000649382 0
0.000678032 0
0.000707946 104.058
0.00073918 0
0.000771792 0
0.000805842 0
0.000841395 0
0.000878517 0
0.000917276 0
0.000957745 0
0.001 0
0.00104412 0
0.00109018 0
0.00113828 0
0.0011885 4.1353
0.00124094 81.1031
0.00129569 0
0.00135285 0
0.00141254 118.329
0.00147486 0
0.00153993 0
0.00160787 141.942
0.0016788 0
0.00175287 51.2145
0.00183021 0
0.00191095 0
0.00199526 68.4643
0.00208329 0
0.0021752 231.676
0.00227117 0
0.00237137 0
0.002476 0
0.00258523 0
0.00269929 72.355
0.00281838 0
0.00294273 18.7567
0.00307256 0
0.00320812 0
0.00334965 0
0.00349744 116.212
0.00365174 0
0.00381285 72.9638
0.00398107 0
0.00415671 105.47
0.0043401 0
0.00453158 118.448
0.00473151 0
0.00494026 0
0.00515822 195.289
0.0053858 323.725
0.00562341 0
0.00587151 0
0.00613056 77.7407
0.00640103 244.173
0.00668344 189.334
0.00697831 0
0.00728618 58.4583
0.00760764 389.82
0.00794328 197.47
0.00829373 0
0.00865964 292.248
0.0090417 372.076
0.00944061 188.415
0.00985712 214.925
0.010292 627.384
0.0107461 245.158
0.0112202 304.616
0.0117152 517.97
0.0122321 385.772
0.0127717 662.109
0.0133352 208.779
0.0139236 496.249
0.0145378 637.102
0.0151792 639.429
0.0158489 1178
0.0165482 1158.97
0.0172783 958.501
0.0180406 519.938
0.0188365 408.427
0.0196675 941.087
0.0205353 1029.16
0.0214412 782.711
0.0223872 1179.85
0.0233749 1262.17
0.0244062 849.728
0.025483 1114.88
0.0266073 2315.5
0.0277811 1645.29
0.0290068 2723.29
0.0302866 1791.01
0.0316228 2366.57
0.0330179 1698.86
0.0344747 2510.42
0.0359956 1922.75
0.0375837 4194
0.0392419 3897.49
0.0409732 3596.66
0.0427809 2861.34
0.0446684 3079.34
0.0466391 4298.49
0.0486968 4878.45
0.0508452 3777.27
0.0530884 5542.62
0.0554307 3999.04
0.0578762 3450
0.0604296 5791.67
0.0630957 4229.17
0.0658795 5625.92
0.068786 7658.72
0.0718208 5997.05
0.0749894 5771.47
0.0782979 7317.66
0.0817523 8608.56
0.0853591 8473.92
0.0891251 6708.1
0.0930572 7937.31
0.0971628 7892.69
0.10145 8661.33
0.105925 9778.61
0.110599 8458.49
0.115478 10189.5
0.120573 10131.3
0.125893 10137.6
0.131447 8844.35
0.137246 9327.29
0.143301 9779.12
0.149624 11682
0.156225 10324.5
0.163117 11742.2
0.170314 12074.2
0.177828 11402.4
0.185674 11838.6
0.193865 12513.9
0.202418 13086.6
0.211349 11427.5
0.220673 10940.1
0.230409 13015.6
0.240575 13078.2
0.251189 12895.8
0.262271 13835.4
0.273842 11922.8
0.285924 12305.2
0.298538 12843.5
0.311709 13759
0.325462 13905.3
0.339821 15353.1
0.354813 12564.7
0.370467 15485.1
0.386812 14163.7
0.403878 13240.2
0.421697 14462.4
0.440301 15840.6
0.459727 14051.2
0.48001 15256.4
0.501187 13089.3
0.523299 13188.5
0.546387 11555.8
0.570493 13428.4
0.595662 12640.4
0.621942 12699.7
0.649382 12530.3
0.678032 12198.4
0.707946 12113.2
0.73918 12080.2
0.771792 11511.3
0.805842 11845.6
0.841395 10689
0.878517 10422.7
0.917276 8272.08
0.957745 9436.71
1 8359.26
1.04412 9316.81
1.09018 8795.88
1.13828 7104.09
1.1885 9291.33
1.24094 6036.8
1.29569 7396.98
1.35285 6978.24
1.41254 5556.93
1.47486 6255.56
1.53993 4860.65
1.60787 4655.09
1.6788 4551.38
1.75287 3571.68
1.83021 3717.56
1.91095 4574.55
1.99526 4591.33
2.08329 3845.88
2.1752 4553.5
2.27117 3340.39
2.37137 5033.5
2.476 3356.99
2.58523 4040.39
2.69929 2524.31
2.81838 3234.27
2.94273 3354.58
3.07256 3797.4
3.20812 2624.46
3.34965 2651.35
3.49744 2156.36
3.65174 2708.22
3.81285 2140.81
3.98107 2842.21
4.15671 2581.89
4.3401 2332.01
4.53158 2789.66
4.73151 2262.52
4.94026 1660.45
5.15822 1957.52
5.3858 1916.84
5.62341 1591.34
5.87151 1442.45
6.13056 2462.05
6.40103 1971.06
6.68344 1451.79
6.97831 1953.25
7.28618 2077.23
7.60764 1192.56
7.94328 2009.82
8.29373 861.351
8.65964 909.206
9.0417 1849.84
9.44061 1543.5
9.85712 928.55
10.292 622.605
10.7461 1331.31
11.2202 911.727
11.7152 1548.25
12.2321 865.01
12.7717 1629.66
13.3352 1479.08
13.9236 1612.12
14.5378 2354.94
15.1792 777.267
15.8489 1136.18
16.5482 649.134
17.2783 1456.8
18.0406 1132.48
18.8365 1792.57
19.6675 1579.81
20.5353 1100.82
21.4412 1398.03
22.3872 1325.77
23.3749 1565.12
24.4062 1461.43
25.483 2032.8
26.6073 1552.92
27.7811 1849.24
29.0068 906.067
30.2866 1819.1
31.6228 1707.67
33.0179 1465.39
34.4747 1463.99
35.9956 2057.88
37.5837 2003.17
39.2419 1285.91
40.9732 1740.38
42.7809 1934.2
44.6684 2124.17
46.6391 2520.64
48.6968 1584.84
50.8452 1794.86
53.0884 2169.07
55.4307 1686.1
57.8762 2279.35
60.4296 2382.68
63.0957 1887.27
65.8795 2577.59
68.786 1903.88
71.8208 2728.07
74.9894 2627.94
78.2979 2474.64
81.7523 2943.14
85.3591 2828.46
89.1251 2856.54
93.0572 3317.08
97.1628 2302.02
101.45 2109.05
105.925 3657.79
110.599 3256.6
115.478 2393.35
120.573 3142.18
125.893 3041.32
131.447 2999.57
137.246 3326.39
143.301 2933.33
149.624 4270.32
156.225 3678.19
163.117 3947.96
170.314 3538.12
177.828 3005.72
185.674 3220.15
193.865 4649.48
202.418 2507.29
211.349 4072.24
220.673 5191.61
230.409 4151.73
240.575 5747.62
251.189 4506.52
262.271 3871.49
273.842 5176.59
285.924 6105.93
298.538 4263.92
311.709 4505.36
325.462 5261.71
339.821 4725.5
354.813 4342.62
370.467 5097.7
386.812 3687.53
403.878 3725.96
421.697 3201.81
440.301 2291.91
459.727 1189.91
480.01 1645.67
501.187 680.963
523.299 1052.87
546.387 532.254
570.493 565.275
595.662 194.857
621.942 401.001
649.382 248.509
678.032 201.702
707.946 361.551
739.18 140.391
771.792 118.335
805.842 78.0088
841.395 94.6927
878.517 88.3839
917.276 53.1835
957.745 15.5466
1000 0
