# First line is two numbers 
#     First value is '2', it means 'histogram mode'
#     Second value is 'Emin' of the histogram
# Other lines : 2 columns. 1) energy 2) probability (nb divided by NbEvent)
# Number of bins = 480
# Content below the first bin: 0
# Content above the last  bin: 52.9011
# Content above the last  bin: 52.9011
# Number of events: 209000
2 1e-06
1.04412e-06 0
1.09018e-06 0
1.13828e-06 0
1.1885e-06 0
1.24094e-06 0
1.29569e-06 0
1.35285e-06 0
1.41254e-06 0
1.47486e-06 0
1.53993e-06 0
1.60787e-06 0
1.6788e-06 0
1.75287e-06 0
1.83021e-06 0
1.91095e-06 0
1.99526e-06 0
2.08329e-06 0
2.1752e-06 0
2.27117e-06 0
2.37137e-06 0
2.476e-06 0
2.58523e-06 0
2.69929e-06 0
2.81838e-06 0
2.94273e-06 0
3.07256e-06 0
3.20812e-06 0
3.34965e-06 0
3.49744e-06 0
3.65174e-06 0
3.81285e-06 0
3.98107e-06 0
4.15671e-06 0
4.3401e-06 0
4.53158e-06 0
4.73151e-06 0
4.94026e-06 0
5.15822e-06 0
5.3858e-06 0
5.62341e-06 0
5.87151e-06 0
6.13056e-06 0
6.40103e-06 0
6.68344e-06 0
6.97831e-06 0
7.28618e-06 0
7.60764e-06 0
7.94328e-06 0
8.29373e-06 0
8.65964e-06 0
9.0417e-06 0
9.44061e-06 0
9.85712e-06 0
1.0292e-05 0
1.07461e-05 0
1.12202e-05 0
1.17152e-05 0
1.22321e-05 0
1.27717e-05 0
1.33352e-05 0
1.39236e-05 0
1.45378e-05 0
1.51792e-05 0
1.58489e-05 0
1.65482e-05 0
1.72783e-05 0
1.80406e-05 0
1.88365e-05 0
1.96675e-05 0
2.05353e-05 0
2.14412e-05 0
2.23872e-05 0
2.33749e-05 0
2.44062e-05 0
2.5483e-05 0
2.66073e-05 0
2.77811e-05 0
2.90068e-05 0
3.02866e-05 0
3.16228e-05 0
3.30179e-05 0
3.44747e-05 0
3.59956e-05 0
3.75837e-05 0
3.92419e-05 0
4.09732e-05 0
4.27809e-05 0
4.46684e-05 0
4.66391e-05 0
4.86968e-05 0
5.08452e-05 0
5.30884e-05 0
5.54307e-05 0
5.78762e-05 0
6.04296e-05 0
6.30957e-05 0
6.58795e-05 0
6.8786e-05 0
7.18208e-05 0
7.49894e-05 0
7.82979e-05 0
8.17523e-05 0
8.53591e-05 0
8.91251e-05 0
9.30572e-05 0
9.71628e-05 0
0.00010145 0
0.000105925 0
0.000110599 0
0.000115478 0
0.000120573 0
0.000125893 0
0.000131447 0
0.000137246 0
0.000143301 0
0.000149624 0
0.000156225 0
0.000163117 0
0.000170314 0
0.000177828 0
0.000185674 0
0.000193865 0
0.000202418 0
0.000211349 0
0.000220673 0
0.000230409 0
0.000240575 0
0.000251189 0
0.000262271 0
0.000273842 0
0.000285924 0
0.000298538 0
0.000311709 0
0.000325462 0
0.000339821 25.6293
0.000354813 0
0.000370467 0
0.000386812 0
0.000403878 0
0.000421697 0
0.000440301 0
0.000459727 0
0.00048001 0
0.000501187 0
0.000523299 0
0.000546387 0
0.000570493 0
0.000595662 0
0.000621942 0
0.000649382 0
0.000678032 0
0.000707946 0
0.00073918 0
0.000771792 0
0.000805842 0
0.000841395 0
0.000878517 0
0.000917276 0
0.000957745 0
0.001 0
0.00104412 0
0.00109018 0
0.00113828 0
0.0011885 0
0.00124094 0
0.00129569 114.472
0.00135285 0
0.00141254 52.9977
0.00147486 0
0.00153993 0
0.00160787 0
0.0016788 0
0.00175287 0
0.00183021 104.139
0.00191095 0
0.00199526 88.8907
0.00208329 0
0.0021752 175.726
0.00227117 0
0.00237137 0
0.002476 0
0.00258523 0
0.00269929 0
0.00281838 0
0.00294273 98.8452
0.00307256 13.8518
0.00320812 86.449
0.00334965 0
0.00349744 0
0.00365174 157.344
0.00381285 0
0.00398107 143.149
0.00415671 0
0.0043401 47.0885
0.00453158 0
0.00473151 101.761
0.00494026 71.1758
0.00515822 251.912
0.0053858 207.582
0.00562341 66.2559
0.00587151 195.697
0.00613056 192.384
0.00640103 96.9432
0.00668344 314.386
0.00697831 113.568
0.00728618 190.586
0.00760764 151.823
0.00794328 171.511
0.00829373 225.003
0.00865964 117.997
0.0090417 29.1661
0.00944061 112.531
0.00985712 267.409
0.010292 530.587
0.0107461 162.284
0.0112202 543.224
0.0117152 511.366
0.0122321 612.689
0.0127717 385.977
0.0133352 747.32
0.0139236 685.895
0.0145378 951.356
0.0151792 518.328
0.0158489 1128.28
0.0165482 605.466
0.0172783 834.058
0.0180406 552.344
0.0188365 1233.27
0.0196675 863.996
0.0205353 1387.04
0.0214412 1127.57
0.0223872 1273.34
0.0233749 1220.32
0.0244062 1098.32
0.025483 1688.42
0.0266073 2057.81
0.0277811 1639.29
0.0290068 2143.68
0.0302866 2089.11
0.0316228 2130.04
0.0330179 2517.41
0.0344747 2283.13
0.0359956 2429.85
0.0375837 2520.17
0.0392419 2839.32
0.0409732 4173.19
0.0427809 2948.9
0.0446684 3777.6
0.0466391 3579.71
0.0486968 4796.87
0.0508452 3692.72
0.0530884 4056.15
0.0554307 3590.8
0.0578762 4797.73
0.0604296 4983.83
0.0630957 6192.85
0.0658795 4745.6
0.068786 6488.96
0.0718208 6092.51
0.0749894 6740.42
0.0782979 6751.11
0.0817523 6409.61
0.0853591 7209.61
0.0891251 7170.12
0.0930572 7663.12
0.0971628 8768.01
0.10145 7606.63
0.105925 9834.24
0.110599 10278.1
0.115478 9256.18
0.120573 10214.1
0.125893 8814.04
0.131447 11784.6
0.137246 10618.1
0.143301 8478.22
0.149624 9867.95
0.156225 11284.7
0.163117 10251.5
0.170314 10035.5
0.177828 12328
0.185674 12905.4
0.193865 10975.9
0.202418 12129.5
0.211349 10441.4
0.220673 13500.6
0.230409 11471.3
0.240575 12903
0.251189 13314.3
0.262271 12620.8
0.273842 13529.7
0.285924 12813.5
0.298538 12514.9
0.311709 13464.1
0.325462 13000.1
0.339821 14629.9
0.354813 13804.6
0.370467 14256.3
0.386812 14952.6
0.403878 12410.1
0.421697 13929.9
0.440301 14745.2
0.459727 13915.6
0.48001 14223.5
0.501187 13464.4
0.523299 13581.1
0.546387 13595.9
0.570493 13610.3
0.595662 13495.2
0.621942 11882.5
0.649382 12671.9
0.678032 12597.6
0.707946 12219.8
0.73918 9612.85
0.771792 11266.5
0.805842 10149.9
0.841395 9603.66
0.878517 11607.5
0.917276 9417.97
0.957745 10075.1
1 9004.62
1.04412 8882.66
1.09018 8811.86
1.13828 7963.58
1.1885 8403.46
1.24094 5966.24
1.29569 6757.9
1.35285 6397.81
1.41254 6724.3
1.47486 4994.69
1.53993 5412.75
1.60787 5801.36
1.6788 3945.26
1.75287 4273.71
1.83021 3884.37
1.91095 4047.62
1.99526 4996.26
2.08329 3591.42
2.1752 3217.82
2.27117 3340.32
2.37137 3296.75
2.476 3129.27
2.58523 3340.62
2.69929 3317.48
2.81838 3230.55
2.94273 2547.82
3.07256 2859.01
3.20812 3435
3.34965 3121.78
3.49744 2897.83
3.65174 3198.48
3.81285 1957.21
3.98107 1665.81
4.15671 2656.32
4.3401 2649.15
4.53158 1878.83
4.73151 1288.35
4.94026 2191.06
5.15822 2501.63
5.3858 2205.31
5.62341 2114.23
5.87151 1559.15
6.13056 2041.08
6.40103 1560.56
6.68344 2393.56
6.97831 1847.88
7.28618 1732.03
7.60764 1518.99
7.94328 1068.03
8.29373 1670.55
8.65964 1338.14
9.0417 1446.9
9.44061 1405.27
9.85712 1111.46
10.292 987.731
10.7461 1298.26
11.2202 1503.13
11.7152 807.458
12.2321 1310.87
12.7717 578.539
13.3352 1118.15
13.9236 1084.14
14.5378 1410.74
15.1792 1111.96
15.8489 1635.6
16.5482 1311.82
17.2783 1092.92
18.0406 831.28
18.8365 1856.73
19.6675 1416.46
20.5353 1438.91
21.4412 1424.96
22.3872 1516.33
23.3749 1901.11
24.4062 1188.75
25.483 1076.15
26.6073 1398.89
27.7811 1312.61
29.0068 1103.35
30.2866 1307.32
31.6228 1679.2
33.0179 1556.93
34.4747 1865.33
35.9956 1803.52
37.5837 834.154
39.2419 1221
40.9732 1749.19
42.7809 1559.39
44.6684 2406.15
46.6391 1902.08
48.6968 3312.63
50.8452 2222.85
53.0884 1383.25
55.4307 2021.22
57.8762 1887.29
60.4296 2638.79
63.0957 2439.04
65.8795 2552.37
68.786 2747.49
71.8208 2459.09
74.9894 1853.71
78.2979 1823.92
81.7523 2670.21
85.3591 2667.25
89.1251 2903.74
93.0572 2128.12
97.1628 2332.55
101.45 3470.1
105.925 2797.7
110.599 3327.64
115.478 3037.85
120.573 2208.4
125.893 2770.91
131.447 2429.11
137.246 2727.01
143.301 2904.3
149.624 3369.86
156.225 4144.88
163.117 3384.57
170.314 3753.27
177.828 3633.59
185.674 3621.01
193.865 4054.88
202.418 3883.45
211.349 3930.1
220.673 4682.92
230.409 4507.17
240.575 4678.39
251.189 5379.64
262.271 5315.21
273.842 4693.99
285.924 4230.52
298.538 5724.81
311.709 5452.32
325.462 5084.57
339.821 5390.87
354.813 5449.38
370.467 3876.74
386.812 4560.24
403.878 2604.44
421.697 2686.82
440.301 1884.74
459.727 2090.95
480.01 1394.2
501.187 1087.48
523.299 1610.38
546.387 698.434
570.493 504.773
595.662 556.662
621.942 360.596
649.382 387.434
678.032 227.711
707.946 83.7451
739.18 79.7629
771.792 229.515
805.842 110.864
841.395 172.938
878.517 224.763
917.276 0
957.745 0
1000 0
