# First line is two numbers 
#     First value is '2', it means 'histogram mode'
#     Second value is 'Emin' of the histogram
# Other lines : 2 columns. 1) energy 2) probability (nb divided by NbEvent)
# Number of bins = 480
# Content below the first bin: 0
# Content above the last  bin: 0
# Content above the last  bin: 0
# Number of events: 209000
2 1e-06
1.04412e-06 0
1.09018e-06 0
1.13828e-06 0
1.1885e-06 0
1.24094e-06 0
1.29569e-06 0
1.35285e-06 0
1.41254e-06 0
1.47486e-06 0
1.53993e-06 0
1.60787e-06 0
1.6788e-06 0
1.75287e-06 0
1.83021e-06 0
1.91095e-06 0
1.99526e-06 0
2.08329e-06 0
2.1752e-06 0
2.27117e-06 0
2.37137e-06 0
2.476e-06 0
2.58523e-06 0
2.69929e-06 0
2.81838e-06 0
2.94273e-06 0
3.07256e-06 0
3.20812e-06 0
3.34965e-06 0
3.49744e-06 0
3.65174e-06 0
3.81285e-06 0
3.98107e-06 0
4.15671e-06 0
4.3401e-06 0
4.53158e-06 0
4.73151e-06 0
4.94026e-06 0
5.15822e-06 0
5.3858e-06 0
5.62341e-06 0
5.87151e-06 0
6.13056e-06 0
6.40103e-06 0
6.68344e-06 0
6.97831e-06 0
7.28618e-06 0
7.60764e-06 0
7.94328e-06 0
8.29373e-06 0
8.65964e-06 0
9.0417e-06 0
9.44061e-06 0
9.85712e-06 0
1.0292e-05 0
1.07461e-05 0
1.12202e-05 0
1.17152e-05 0
1.22321e-05 0
1.27717e-05 0
1.33352e-05 0
1.39236e-05 0
1.45378e-05 0
1.51792e-05 0
1.58489e-05 0
1.65482e-05 0
1.72783e-05 0
1.80406e-05 0
1.88365e-05 0
1.96675e-05 0
2.05353e-05 0
2.14412e-05 0
2.23872e-05 0
2.33749e-05 0
2.44062e-05 0
2.5483e-05 0
2.66073e-05 0
2.77811e-05 0
2.90068e-05 0
3.02866e-05 0
3.16228e-05 0
3.30179e-05 0
3.44747e-05 0
3.59956e-05 0
3.75837e-05 0
3.92419e-05 0
4.09732e-05 0
4.27809e-05 0
4.46684e-05 0
4.66391e-05 0
4.86968e-05 0
5.08452e-05 0
5.30884e-05 0
5.54307e-05 0
5.78762e-05 0
6.04296e-05 0
6.30957e-05 0
6.58795e-05 0
6.8786e-05 0
7.18208e-05 0
7.49894e-05 0
7.82979e-05 0
8.17523e-05 0
8.53591e-05 0
8.91251e-05 0
9.30572e-05 0
9.71628e-05 0
0.00010145 0
0.000105925 0
0.000110599 0
0.000115478 0
0.000120573 0
0.000125893 0
0.000131447 0
0.000137246 0
0.000143301 0
0.000149624 0
0.000156225 0
0.000163117 0
0.000170314 0
0.000177828 0
0.000185674 0
0.000193865 0
0.000202418 0
0.000211349 0
0.000220673 0
0.000230409 0
0.000240575 0
0.000251189 0
0.000262271 0
0.000273842 0
0.000285924 0
0.000298538 0
0.000311709 0
0.000325462 0
0.000339821 0
0.000354813 0
0.000370467 0
0.000386812 0
0.000403878 0
0.000421697 0
0.000440301 0
0.000459727 0
0.00048001 0
0.000501187 0
0.000523299 0
0.000546387 0
0.000570493 0
0.000595662 0
0.000621942 0
0.000649382 0
0.000678032 0
0.000707946 0
0.00073918 0
0.000771792 0
0.000805842 0
0.000841395 0
0.000878517 0
0.000917276 0
0.000957745 0
0.001 0
0.00104412 0
0.00109018 0
0.00113828 0
0.0011885 0
0.00124094 0
0.00129569 0
0.00135285 0
0.00141254 0
0.00147486 0
0.00153993 0
0.00160787 0
0.0016788 0
0.00175287 0
0.00183021 0
0.00191095 0
0.00199526 0
0.00208329 0
0.0021752 0
0.00227117 0
0.00237137 0
0.002476 119.792
0.00258523 0
0.00269929 97.3171
0.00281838 0
0.00294273 0
0.00307256 0
0.00320812 0
0.00334965 31.9151
0.00349744 0
0.00365174 0
0.00381285 0
0.00398107 0
0.00415671 0
0.0043401 0
0.00453158 0
0.00473151 0
0.00494026 0
0.00515822 0
0.0053858 0
0.00562341 0
0.00587151 0
0.00613056 0
0.00640103 98.0146
0.00668344 0
0.00697831 0
0.00728618 0
0.00760764 0
0.00794328 0
0.00829373 0
0.00865964 0
0.0090417 0
0.00944061 76.077
0.00985712 78.6613
0.010292 111.491
0.0107461 112.489
0.0112202 0
0.0117152 0
0.0122321 0
0.0127717 0
0.0133352 0
0.0139236 57.7562
0.0145378 0
0.0151792 58.8194
0.0158489 68.9408
0.0165482 0
0.0172783 106.127
0.0180406 117.301
0.0188365 88.1149
0.0196675 174.702
0.0205353 102.352
0.0214412 56.2454
0.0223872 108.274
0.0233749 150.719
0.0244062 233.288
0.025483 117.303
0.0266073 77.5475
0.0277811 80.8558
0.0290068 564.277
0.0302866 43.6454
0.0316228 111.589
0.0330179 116.36
0.0344747 186.607
0.0359956 44.6763
0.0375837 291.631
0.0392419 187.795
0.0409732 144.099
0.0427809 220.53
0.0446684 183.539
0.0466391 351.88
0.0486968 202.666
0.0508452 189.928
0.0530884 300.831
0.0554307 714.359
0.0578762 200.485
0.0604296 617.53
0.0630957 331.493
0.0658795 538.485
0.068786 295.098
0.0718208 407.805
0.0749894 110.493
0.0782979 394.609
0.0817523 648.73
0.0853591 936.192
0.0891251 598.47
0.0930572 1292.1
0.0971628 455.447
0.10145 434.231
0.105925 837.859
0.110599 837.499
0.115478 964.311
0.120573 870.597
0.125893 634.076
0.131447 555.621
0.137246 1384.65
0.143301 656.593
0.149624 1196.13
0.156225 1313.25
0.163117 1577.19
0.170314 710.12
0.177828 1533.02
0.185674 1375.65
0.193865 946.91
0.202418 1150.93
0.211349 1076.81
0.220673 1285.18
0.230409 1391.73
0.240575 1406.59
0.251189 1091.62
0.262271 1919.39
0.273842 1474.51
0.285924 1331.76
0.298538 812.338
0.311709 1188.14
0.325462 1854.72
0.339821 1363.08
0.354813 1768.77
0.370467 1392.13
0.386812 1418.12
0.403878 1210.24
0.421697 1309.81
0.440301 2151.4
0.459727 1803.74
0.48001 1545.19
0.501187 2082.15
0.523299 1977.28
0.546387 939.371
0.570493 2114.2
0.595662 1837.93
0.621942 2062.47
0.649382 1631.07
0.678032 1681.27
0.707946 1962.24
0.73918 2197.07
0.771792 3484.55
0.805842 2036.84
0.841395 1740.45
0.878517 1727.22
0.917276 1503.61
0.957745 1466.83
1 1432.55
1.04412 686.941
1.09018 1337.17
1.13828 1239.97
1.1885 1373.21
1.24094 1006.7
1.29569 1150.62
1.35285 822.925
1.41254 1011.23
1.47486 718.469
1.53993 1111.68
1.60787 1159.56
1.6788 1335.37
1.75287 515.033
1.83021 897.207
1.91095 983.594
1.99526 1328.82
2.08329 372.901
2.1752 1005.35
2.27117 701.637
2.37137 671.647
2.476 405.502
2.58523 573.087
2.69929 421.23
2.81838 829.773
2.94273 805.145
3.07256 494.912
3.20812 830.02
3.34965 297.281
3.49744 481.501
3.65174 741.93
3.81285 227.478
3.98107 308.207
4.15671 980.348
4.3401 833.712
4.53158 606.576
4.73151 390.842
4.94026 808.002
5.15822 293.851
5.3858 346.253
5.62341 663.477
5.87151 296.234
6.13056 438.796
6.40103 156.467
6.68344 290.992
6.97831 304.603
7.28618 525.799
7.60764 108.863
7.94328 240.868
8.29373 340.685
8.65964 499.779
9.0417 207.007
9.44061 425.097
9.85712 713.439
10.292 0
10.7461 284.928
11.2202 107.196
11.7152 481.864
12.2321 281.527
12.7717 79.2527
13.3352 290.106
13.9236 128.404
14.5378 293.825
15.1792 145.203
15.8489 33.6467
16.5482 350.188
17.2783 253.176
18.0406 134.288
18.8365 255.821
19.6675 322.685
20.5353 246.65
21.4412 238.257
22.3872 382.055
23.3749 87.102
24.4062 338.991
25.483 753.496
26.6073 105.342
27.7811 119.897
29.0068 176.524
30.2866 135.092
31.6228 0
33.0179 184.793
34.4747 354.408
35.9956 244.834
37.5837 99.421
39.2419 319.298
40.9732 148.09
42.7809 694.63
44.6684 345.569
46.6391 150.113
48.6968 278.914
50.8452 244.303
53.0884 445.179
55.4307 295.373
57.8762 635.732
60.4296 454.14
63.0957 789.007
65.8795 238.788
68.786 79.3247
71.8208 166.514
74.9894 352.621
78.2979 204.906
81.7523 250.523
85.3591 383.736
89.1251 208.771
93.0572 340.531
97.1628 492.268
101.45 222.969
105.925 526.226
110.599 160.134
115.478 149.501
120.573 279.416
125.893 269.358
131.447 152.045
137.246 341.123
143.301 137.736
149.624 223.998
156.225 332.038
163.117 563.237
170.314 217.917
177.828 339.2
185.674 88.5967
193.865 118.091
202.418 602.63
211.349 297.24
220.673 213.81
230.409 212.814
240.575 0
251.189 321.215
262.271 296.272
273.842 123.3
285.924 297.944
298.538 245.722
311.709 408.077
325.462 177.423
339.821 90.7094
354.813 0
370.467 0
386.812 0
403.878 0
421.697 0
440.301 0
459.727 0
480.01 63.6681
501.187 0
523.299 0
546.387 41.2241
570.493 0
595.662 0
621.942 0
649.382 0
678.032 103.315
707.946 0
739.18 0
771.792 0
805.842 0
841.395 0
878.517 0
917.276 0
957.745 0
1000 0
