# First line is two numbers 
#     First value is '2', it means 'histogram mode'
#     Second value is 'Emin' of the histogram
# Other lines : 2 columns. 1) energy 2) probability (nb divided by NbEvent)
# Number of bins = 480
# Content below the first bin: 0
# Content above the last  bin: 0
# Content above the last  bin: 0
# Number of events: 209000
2 1e-06
1.04412e-06 0
1.09018e-06 0
1.13828e-06 0
1.1885e-06 0
1.24094e-06 0
1.29569e-06 0
1.35285e-06 0
1.41254e-06 0
1.47486e-06 0
1.53993e-06 0
1.60787e-06 0
1.6788e-06 0
1.75287e-06 0
1.83021e-06 0
1.91095e-06 0
1.99526e-06 0
2.08329e-06 0
2.1752e-06 0
2.27117e-06 0
2.37137e-06 0
2.476e-06 0
2.58523e-06 0
2.69929e-06 0
2.81838e-06 0
2.94273e-06 0
3.07256e-06 0
3.20812e-06 0
3.34965e-06 0
3.49744e-06 0
3.65174e-06 0
3.81285e-06 0
3.98107e-06 0
4.15671e-06 0
4.3401e-06 0
4.53158e-06 0
4.73151e-06 0
4.94026e-06 0
5.15822e-06 0
5.3858e-06 0
5.62341e-06 0
5.87151e-06 0
6.13056e-06 0
6.40103e-06 0
6.68344e-06 0
6.97831e-06 0
7.28618e-06 0
7.60764e-06 0
7.94328e-06 0
8.29373e-06 0
8.65964e-06 0
9.0417e-06 0
9.44061e-06 0
9.85712e-06 0
1.0292e-05 0
1.07461e-05 0
1.12202e-05 0
1.17152e-05 0
1.22321e-05 0
1.27717e-05 0
1.33352e-05 0
1.39236e-05 0
1.45378e-05 0
1.51792e-05 0
1.58489e-05 0
1.65482e-05 0
1.72783e-05 0
1.80406e-05 0
1.88365e-05 0
1.96675e-05 0
2.05353e-05 0
2.14412e-05 0
2.23872e-05 0
2.33749e-05 0
2.44062e-05 0
2.5483e-05 0
2.66073e-05 0
2.77811e-05 0
2.90068e-05 0
3.02866e-05 0
3.16228e-05 0
3.30179e-05 0
3.44747e-05 0
3.59956e-05 0
3.75837e-05 0
3.92419e-05 0
4.09732e-05 0
4.27809e-05 0
4.46684e-05 0
4.66391e-05 0
4.86968e-05 0
5.08452e-05 0
5.30884e-05 0
5.54307e-05 0
5.78762e-05 0
6.04296e-05 0
6.30957e-05 0
6.58795e-05 0
6.8786e-05 0
7.18208e-05 0
7.49894e-05 0
7.82979e-05 0
8.17523e-05 0
8.53591e-05 0
8.91251e-05 0
9.30572e-05 0
9.71628e-05 0
0.00010145 0
0.000105925 0
0.000110599 0
0.000115478 0
0.000120573 0
0.000125893 0
0.000131447 0
0.000137246 0
0.000143301 0
0.000149624 0
0.000156225 0
0.000163117 0
0.000170314 0
0.000177828 0
0.000185674 0
0.000193865 0
0.000202418 0
0.000211349 0
0.000220673 0
0.000230409 0
0.000240575 0
0.000251189 0
0.000262271 0
0.000273842 0
0.000285924 0
0.000298538 0
0.000311709 0
0.000325462 0
0.000339821 0
0.000354813 0
0.000370467 0
0.000386812 0
0.000403878 0
0.000421697 0
0.000440301 0
0.000459727 0
0.00048001 0
0.000501187 0
0.000523299 0
0.000546387 0
0.000570493 0
0.000595662 0
0.000621942 0
0.000649382 0
0.000678032 0
0.000707946 0
0.00073918 0
0.000771792 0
0.000805842 0
0.000841395 0
0.000878517 0
0.000917276 0
0.000957745 0
0.001 0
0.00104412 0
0.00109018 0
0.00113828 0
0.0011885 0
0.00124094 0
0.00129569 0
0.00135285 0
0.00141254 0
0.00147486 0
0.00153993 0
0.00160787 0
0.0016788 0
0.00175287 0
0.00183021 0
0.00191095 0
0.00199526 0
0.00208329 0
0.0021752 0
0.00227117 0
0.00237137 0
0.002476 0
0.00258523 0
0.00269929 0
0.00281838 0
0.00294273 0
0.00307256 0
0.00320812 0
0.00334965 0
0.00349744 0
0.00365174 0
0.00381285 0
0.00398107 0
0.00415671 26.8553
0.0043401 0
0.00453158 0
0.00473151 0
0.00494026 0
0.00515822 0
0.0053858 45.4388
0.00562341 0
0.00587151 46.119
0.00613056 0
0.00640103 0
0.00668344 0
0.00697831 0
0.00728618 0
0.00760764 152.188
0.00794328 0
0.00829373 168.978
0.00865964 0
0.0090417 0
0.00944061 45.1868
0.00985712 0
0.010292 0
0.0107461 0
0.0112202 0
0.0117152 0
0.0122321 0
0.0127717 0
0.0133352 0
0.0139236 0
0.0145378 74.9281
0.0151792 58.9748
0.0158489 0
0.0165482 0
0.0172783 50.9227
0.0180406 98.0351
0.0188365 42.337
0.0196675 108.037
0.0205353 30.651
0.0214412 172.605
0.0223872 104.326
0.0233749 146.604
0.0244062 87.2816
0.025483 78.8012
0.0266073 128.384
0.0277811 300.578
0.0290068 84.3244
0.0302866 208.903
0.0316228 0
0.0330179 192.346
0.0344747 484.191
0.0359956 112.48
0.0375837 444.97
0.0392419 199.974
0.0409732 242.802
0.0427809 362.551
0.0446684 69.2287
0.0466391 315.856
0.0486968 189.192
0.0508452 185.871
0.0530884 553.951
0.0554307 494.505
0.0578762 126.558
0.0604296 236.451
0.0630957 215.934
0.0658795 350.633
0.068786 260.828
0.0718208 759.954
0.0749894 162.295
0.0782979 437.674
0.0817523 105.855
0.0853591 332
0.0891251 522.479
0.0930572 723.14
0.0971628 766.819
0.10145 999.095
0.105925 612.389
0.110599 782.235
0.115478 455.387
0.120573 1251.07
0.125893 879.443
0.131447 435.103
0.137246 1263.77
0.143301 987.691
0.149624 1099.79
0.156225 1687.76
0.163117 742.936
0.170314 1410.82
0.177828 1024.68
0.185674 1114.09
0.193865 1439
0.202418 1534.66
0.211349 903.755
0.220673 872.161
0.230409 1112.25
0.240575 1398.93
0.251189 826.977
0.262271 1226.8
0.273842 1294.34
0.285924 1225.9
0.298538 1107.13
0.311709 1718.94
0.325462 965.816
0.339821 1460.12
0.354813 1907.51
0.370467 2233.92
0.386812 1585.88
0.403878 1178.71
0.421697 987.563
0.440301 2096.34
0.459727 1913.94
0.48001 1316.24
0.501187 1383.05
0.523299 2307.39
0.546387 1302.87
0.570493 1584.82
0.595662 1400.56
0.621942 2627.63
0.649382 2101.95
0.678032 1424.36
0.707946 1653.27
0.73918 2229.12
0.771792 1843.69
0.805842 1144.77
0.841395 1685.92
0.878517 1022.54
0.917276 2079.97
0.957745 1020.8
1 1490.72
1.04412 1167.47
1.09018 1789.17
1.13828 623.463
1.1885 1405.07
1.24094 1011.4
1.29569 1480.4
1.35285 1423.97
1.41254 635.426
1.47486 648.205
1.53993 1170.23
1.60787 1199.99
1.6788 1303.08
1.75287 1336.81
1.83021 695.036
1.91095 668.996
1.99526 989.104
2.08329 539.471
2.1752 839.718
2.27117 1129.77
2.37137 797.4
2.476 898.555
2.58523 393.078
2.69929 269.361
2.81838 1129.87
2.94273 321.773
3.07256 547.119
3.20812 290.086
3.34965 282.724
3.49744 656.586
3.65174 322.209
3.81285 532.449
3.98107 460.94
4.15671 429.707
4.3401 620.427
4.53158 442.256
4.73151 196.252
4.94026 200.82
5.15822 392.464
5.3858 470.999
5.62341 564.178
5.87151 464.304
6.13056 173.662
6.40103 550.539
6.68344 363.742
6.97831 285.928
7.28618 238.928
7.60764 125.712
7.94328 542.917
8.29373 356.183
8.65964 248.855
9.0417 132.969
9.44061 394.151
9.85712 324.36
10.292 244.134
10.7461 322.235
11.2202 168.995
11.7152 136.519
12.2321 472.997
12.7717 229.37
13.3352 309.644
13.9236 108.281
14.5378 250.609
15.1792 392.822
15.8489 287.091
16.5482 235.231
17.2783 227.168
18.0406 62.4618
18.8365 382.548
19.6675 314.461
20.5353 238.034
21.4412 312.368
22.3872 419.21
23.3749 373.01
24.4062 198.662
25.483 334.742
26.6073 292.713
27.7811 0
29.0068 190.339
30.2866 172.232
31.6228 106.941
33.0179 475.236
34.4747 219.691
35.9956 238.943
37.5837 216.563
39.2419 462.891
40.9732 429.247
42.7809 156.175
44.6684 56.5484
46.6391 270.307
48.6968 433.681
50.8452 472.149
53.0884 431.287
55.4307 67.8946
57.8762 372.399
60.4296 95.4981
63.0957 250.206
65.8795 370.838
68.786 425.754
71.8208 432.514
74.9894 348.883
78.2979 253.375
81.7523 485.468
85.3591 301.538
89.1251 113.653
93.0572 626.526
97.1628 664.682
101.45 84.8174
105.925 423.743
110.599 286.299
115.478 364.735
120.573 342.012
125.893 439.849
131.447 414.132
137.246 640.055
143.301 145.155
149.624 341.514
156.225 828.924
163.117 277.58
170.314 139.452
177.828 382.802
185.674 484.267
193.865 105.203
202.418 90.5547
211.349 87.5974
220.673 141.744
230.409 424.11
240.575 413.29
251.189 141.574
262.271 498.544
273.842 91.7608
285.924 420.026
298.538 90.077
311.709 0
325.462 0
339.821 129.864
354.813 0
370.467 0
386.812 0
403.878 0
421.697 0
440.301 0
459.727 0
480.01 0
501.187 82.1785
523.299 0
546.387 0
570.493 0
595.662 0
621.942 0
649.382 116.266
678.032 0
707.946 0
739.18 0
771.792 0
805.842 0
841.395 0
878.517 0
917.276 0
957.745 0
1000 0
