# First line is two numbers 
#     First value is '2', it means 'histogram mode'
#     Second value is 'Emin' of the histogram
# Other lines : 2 columns. 1) energy 2) probability (nb divided by NbEvent)
# Number of bins = 480
# Content below the first bin: 0
# Content above the last  bin: 0
# Content above the last  bin: 0
# Number of events: 209000
2 1e-06
1.04412e-06 0
1.09018e-06 0
1.13828e-06 0
1.1885e-06 0
1.24094e-06 0
1.29569e-06 0
1.35285e-06 0
1.41254e-06 0
1.47486e-06 0
1.53993e-06 0
1.60787e-06 0
1.6788e-06 0
1.75287e-06 0
1.83021e-06 0
1.91095e-06 0
1.99526e-06 0
2.08329e-06 0
2.1752e-06 0
2.27117e-06 0
2.37137e-06 0
2.476e-06 0
2.58523e-06 0
2.69929e-06 0
2.81838e-06 0
2.94273e-06 0
3.07256e-06 0
3.20812e-06 0
3.34965e-06 0
3.49744e-06 0
3.65174e-06 0
3.81285e-06 0
3.98107e-06 0
4.15671e-06 0
4.3401e-06 0
4.53158e-06 0
4.73151e-06 0
4.94026e-06 0
5.15822e-06 0
5.3858e-06 0
5.62341e-06 0
5.87151e-06 0
6.13056e-06 0
6.40103e-06 0
6.68344e-06 0
6.97831e-06 0
7.28618e-06 0
7.60764e-06 0
7.94328e-06 0
8.29373e-06 0
8.65964e-06 0
9.0417e-06 0
9.44061e-06 0
9.85712e-06 0
1.0292e-05 0
1.07461e-05 0
1.12202e-05 0
1.17152e-05 0
1.22321e-05 0
1.27717e-05 0
1.33352e-05 0
1.39236e-05 0
1.45378e-05 0
1.51792e-05 0
1.58489e-05 0
1.65482e-05 0
1.72783e-05 0
1.80406e-05 0
1.88365e-05 0
1.96675e-05 0
2.05353e-05 0
2.14412e-05 0
2.23872e-05 0
2.33749e-05 0
2.44062e-05 0
2.5483e-05 0
2.66073e-05 0
2.77811e-05 0
2.90068e-05 0
3.02866e-05 0
3.16228e-05 0
3.30179e-05 0
3.44747e-05 0
3.59956e-05 0
3.75837e-05 0
3.92419e-05 0
4.09732e-05 0
4.27809e-05 0
4.46684e-05 0
4.66391e-05 0
4.86968e-05 0
5.08452e-05 0
5.30884e-05 0
5.54307e-05 0
5.78762e-05 0
6.04296e-05 0
6.30957e-05 0
6.58795e-05 0
6.8786e-05 0
7.18208e-05 0
7.49894e-05 0
7.82979e-05 0
8.17523e-05 0
8.53591e-05 0
8.91251e-05 0
9.30572e-05 0
9.71628e-05 0
0.00010145 0
0.000105925 0
0.000110599 0
0.000115478 0
0.000120573 0
0.000125893 0
0.000131447 0
0.000137246 0
0.000143301 0
0.000149624 0
0.000156225 0
0.000163117 0
0.000170314 0
0.000177828 0
0.000185674 0
0.000193865 0
0.000202418 0
0.000211349 0
0.000220673 0
0.000230409 0
0.000240575 0
0.000251189 0
0.000262271 0
0.000273842 0
0.000285924 0
0.000298538 0
0.000311709 0
0.000325462 0
0.000339821 0
0.000354813 0
0.000370467 0
0.000386812 0
0.000403878 0
0.000421697 0
0.000440301 0
0.000459727 0
0.00048001 0
0.000501187 0
0.000523299 0
0.000546387 0
0.000570493 0
0.000595662 0
0.000621942 0
0.000649382 0
0.000678032 0
0.000707946 0
0.00073918 0
0.000771792 0
0.000805842 0
0.000841395 0
0.000878517 0
0.000917276 0
0.000957745 0
0.001 0
0.00104412 0
0.00109018 0
0.00113828 0
0.0011885 0
0.00124094 0
0.00129569 0
0.00135285 0
0.00141254 0
0.00147486 0
0.00153993 0
0.00160787 0
0.0016788 0
0.00175287 0
0.00183021 0
0.00191095 0
0.00199526 0
0.00208329 0
0.0021752 0
0.00227117 0
0.00237137 0
0.002476 0
0.00258523 0
0.00269929 0
0.00281838 0
0.00294273 0
0.00307256 0
0.00320812 0
0.00334965 0
0.00349744 0
0.00365174 0
0.00381285 0
0.00398107 71.7948
0.00415671 0
0.0043401 0
0.00453158 0
0.00473151 81.2139
0.00494026 0
0.00515822 0
0.0053858 0
0.00562341 116.887
0.00587151 100.891
0.00613056 0
0.00640103 0
0.00668344 0
0.00697831 0
0.00728618 0
0.00760764 0
0.00794328 0
0.00829373 0
0.00865964 0
0.0090417 0
0.00944061 0
0.00985712 0
0.010292 0
0.0107461 0
0.0112202 108.25
0.0117152 180.837
0.0122321 50.208
0.0127717 105.536
0.0133352 92.4788
0.0139236 99.5478
0.0145378 112.386
0.0151792 93.3806
0.0158489 0
0.0165482 181.598
0.0172783 0
0.0180406 149.533
0.0188365 89.0234
0.0196675 119.601
0.0205353 159.174
0.0214412 155.473
0.0223872 0
0.0233749 249.411
0.0244062 87.438
0.025483 469.93
0.0266073 328.202
0.0277811 387.843
0.0290068 461.069
0.0302866 86.8737
0.0316228 312.572
0.0330179 264.185
0.0344747 467.241
0.0359956 162.994
0.0375837 274.472
0.0392419 145.477
0.0409732 109.789
0.0427809 272.464
0.0446684 1166.14
0.0466391 369.213
0.0486968 0
0.0508452 400.924
0.0530884 161.475
0.0554307 204.192
0.0578762 603.825
0.0604296 380.774
0.0630957 717.016
0.0658795 828.507
0.068786 606.204
0.0718208 380.028
0.0749894 827.897
0.0782979 652.404
0.0817523 599.092
0.0853591 593.533
0.0891251 1454.09
0.0930572 711.673
0.0971628 1048.71
0.10145 1073.75
0.105925 1160.93
0.110599 878.926
0.115478 762.485
0.120573 782.707
0.125893 1278.77
0.131447 776.47
0.137246 565.686
0.143301 1549.26
0.149624 1459.9
0.156225 876.627
0.163117 1256.24
0.170314 1166.93
0.177828 1426.44
0.185674 811.953
0.193865 1171.11
0.202418 1365.35
0.211349 1633.42
0.220673 1340.87
0.230409 1382.63
0.240575 1822.28
0.251189 1878.52
0.262271 1868.33
0.273842 1545.41
0.285924 2113.85
0.298538 1684.56
0.311709 1320.73
0.325462 1698.44
0.339821 2117.72
0.354813 1330.27
0.370467 1793.5
0.386812 1182.35
0.403878 1548.73
0.421697 1788.83
0.440301 937.114
0.459727 1138.55
0.48001 1813.29
0.501187 2219.35
0.523299 1474.57
0.546387 1556.52
0.570493 1847.25
0.595662 1986.74
0.621942 1193.42
0.649382 1054.5
0.678032 1619.17
0.707946 1417.63
0.73918 1547.85
0.771792 1088.08
0.805842 1136.54
0.841395 1713.5
0.878517 1878.24
0.917276 1125.66
0.957745 852.651
1 837.588
1.04412 1057.23
1.09018 864.028
1.13828 860.455
1.1885 728.639
1.24094 930.275
1.29569 824.461
1.35285 712.496
1.41254 595.606
1.47486 817.809
1.53993 396.57
1.60787 1033.83
1.6788 637.336
1.75287 764.524
1.83021 521.96
1.91095 599.804
1.99526 189.263
2.08329 584.031
2.1752 505.467
2.27117 510.12
2.37137 627.14
2.476 344.881
2.58523 215.767
2.69929 417.956
2.81838 152.901
2.94273 352.255
3.07256 1086.86
3.20812 493.593
3.34965 576.626
3.49744 252.937
3.65174 175.773
3.81285 415.118
3.98107 265.914
4.15671 476.474
4.3401 251.644
4.53158 169.44
4.73151 289.703
4.94026 283.658
5.15822 117.869
5.3858 219.15
5.62341 509.059
5.87151 278.886
6.13056 332.131
6.40103 198.104
6.68344 457.543
6.97831 190.731
7.28618 0
7.60764 248.229
7.94328 114.511
8.29373 208.527
8.65964 199.262
9.0417 426.178
9.44061 108.866
9.85712 107.652
10.292 94.062
10.7461 228.531
11.2202 78.633
11.7152 339.105
12.2321 177.428
12.7717 115.082
13.3352 50.6875
13.9236 55.9795
14.5378 84.7725
15.1792 302.485
15.8489 435.649
16.5482 0
17.2783 55.2188
18.0406 0
18.8365 331.335
19.6675 39.2911
20.5353 121.455
21.4412 0
22.3872 0
23.3749 83.2777
24.4062 168.709
25.483 168.495
26.6073 368.602
27.7811 163.122
29.0068 85.8065
30.2866 238.814
31.6228 287.544
33.0179 109.09
34.4747 270.507
35.9956 258.82
37.5837 388.073
39.2419 25.8079
40.9732 221.825
42.7809 374.099
44.6684 151.637
46.6391 96.929
48.6968 398.107
50.8452 263.702
53.0884 159.483
55.4307 334.464
57.8762 369.785
60.4296 327.146
63.0957 0
65.8795 234.27
68.786 408.488
71.8208 281.444
74.9894 81.7407
78.2979 179.749
81.7523 168.173
85.3591 202.806
89.1251 452.029
93.0572 258.571
97.1628 499.838
101.45 137.283
105.925 198.658
110.599 0
115.478 9.90124
120.573 397.14
125.893 303.275
131.447 380.955
137.246 317.505
143.301 189.368
149.624 111.103
156.225 0
163.117 0
170.314 88.5729
177.828 133.622
185.674 164.129
193.865 0
202.418 92.4299
211.349 0
220.673 102.17
230.409 383.061
240.575 99.7473
251.189 83.0708
262.271 181.04
273.842 96.9773
285.924 0
298.538 0
311.709 0
325.462 0
339.821 0
354.813 0
370.467 0
386.812 98.0281
403.878 0
421.697 0
440.301 0
459.727 0
480.01 0
501.187 0
523.299 88.5862
546.387 118.683
570.493 0
595.662 0
621.942 0
649.382 0
678.032 0
707.946 0
739.18 0
771.792 0
805.842 0
841.395 0
878.517 0
917.276 0
957.745 0
1000 0
