# First line is two numbers 
#     First value is '2', it means 'histogram mode'
#     Second value is 'Emin' of the histogram
# Other lines : 2 columns. 1) energy 2) probability (nb divided by NbEvent)
# Number of bins = 480
# Content below the first bin: 0
# Content above the last  bin: 0
# Content above the last  bin: 0
# Number of events: 209000
2 1e-06
1.04412e-06 0
1.09018e-06 0
1.13828e-06 0
1.1885e-06 0
1.24094e-06 0
1.29569e-06 0
1.35285e-06 0
1.41254e-06 0
1.47486e-06 0
1.53993e-06 0
1.60787e-06 0
1.6788e-06 0
1.75287e-06 0
1.83021e-06 0
1.91095e-06 0
1.99526e-06 0
2.08329e-06 0
2.1752e-06 0
2.27117e-06 0
2.37137e-06 0
2.476e-06 0
2.58523e-06 0
2.69929e-06 0
2.81838e-06 0
2.94273e-06 0
3.07256e-06 0
3.20812e-06 0
3.34965e-06 0
3.49744e-06 0
3.65174e-06 0
3.81285e-06 0
3.98107e-06 0
4.15671e-06 0
4.3401e-06 0
4.53158e-06 0
4.73151e-06 0
4.94026e-06 0
5.15822e-06 0
5.3858e-06 0
5.62341e-06 0
5.87151e-06 0
6.13056e-06 0
6.40103e-06 0
6.68344e-06 0
6.97831e-06 0
7.28618e-06 0
7.60764e-06 0
7.94328e-06 0
8.29373e-06 0
8.65964e-06 0
9.0417e-06 0
9.44061e-06 0
9.85712e-06 0
1.0292e-05 0
1.07461e-05 0
1.12202e-05 0
1.17152e-05 0
1.22321e-05 0
1.27717e-05 0
1.33352e-05 0
1.39236e-05 0
1.45378e-05 0
1.51792e-05 0
1.58489e-05 0
1.65482e-05 0
1.72783e-05 0
1.80406e-05 0
1.88365e-05 0
1.96675e-05 0
2.05353e-05 0
2.14412e-05 0
2.23872e-05 0
2.33749e-05 0
2.44062e-05 0
2.5483e-05 0
2.66073e-05 0
2.77811e-05 0
2.90068e-05 0
3.02866e-05 0
3.16228e-05 0
3.30179e-05 0
3.44747e-05 0
3.59956e-05 0
3.75837e-05 0
3.92419e-05 0
4.09732e-05 0
4.27809e-05 0
4.46684e-05 0
4.66391e-05 0
4.86968e-05 0
5.08452e-05 0
5.30884e-05 0
5.54307e-05 0
5.78762e-05 0
6.04296e-05 0
6.30957e-05 0
6.58795e-05 0
6.8786e-05 0
7.18208e-05 0
7.49894e-05 0
7.82979e-05 0
8.17523e-05 0
8.53591e-05 0
8.91251e-05 0
9.30572e-05 0
9.71628e-05 0
0.00010145 0
0.000105925 0
0.000110599 0
0.000115478 0
0.000120573 0
0.000125893 0
0.000131447 0
0.000137246 0
0.000143301 0
0.000149624 0
0.000156225 0
0.000163117 0
0.000170314 0
0.000177828 0
0.000185674 0
0.000193865 0
0.000202418 0
0.000211349 0
0.000220673 0
0.000230409 0
0.000240575 0
0.000251189 0
0.000262271 0
0.000273842 0
0.000285924 0
0.000298538 0
0.000311709 0
0.000325462 0
0.000339821 0
0.000354813 0
0.000370467 0
0.000386812 0
0.000403878 0
0.000421697 0
0.000440301 0
0.000459727 0
0.00048001 0
0.000501187 0
0.000523299 87.8568
0.000546387 0
0.000570493 0
0.000595662 0
0.000621942 0
0.000649382 0
0.000678032 0
0.000707946 0
0.00073918 0
0.000771792 0
0.000805842 0
0.000841395 0
0.000878517 0
0.000917276 0
0.000957745 0
0.001 0
0.00104412 0
0.00109018 0
0.00113828 0
0.0011885 0
0.00124094 0
0.00129569 0
0.00135285 0
0.00141254 0
0.00147486 0
0.00153993 0
0.00160787 0
0.0016788 0
0.00175287 0
0.00183021 0
0.00191095 0
0.00199526 0
0.00208329 0
0.0021752 0
0.00227117 0
0.00237137 0
0.002476 0
0.00258523 0
0.00269929 0
0.00281838 0
0.00294273 0
0.00307256 0
0.00320812 0
0.00334965 0
0.00349744 0
0.00365174 0
0.00381285 0
0.00398107 0
0.00415671 0
0.0043401 0
0.00453158 0
0.00473151 103.631
0.00494026 57.1049
0.00515822 0
0.0053858 0
0.00562341 0
0.00587151 0
0.00613056 0
0.00640103 0
0.00668344 102.79
0.00697831 0
0.00728618 0
0.00760764 0
0.00794328 0
0.00829373 0
0.00865964 0
0.0090417 0
0.00944061 0
0.00985712 0
0.010292 0
0.0107461 0
0.0112202 99.1608
0.0117152 109.398
0.0122321 0
0.0127717 158.815
0.0133352 192.189
0.0139236 111.512
0.0145378 107.622
0.0151792 76.011
0.0158489 245.135
0.0165482 0
0.0172783 17.1612
0.0180406 213.836
0.0188365 0
0.0196675 62.1819
0.0205353 279.939
0.0214412 317.71
0.0223872 119.2
0.0233749 194.109
0.0244062 102.527
0.025483 175.706
0.0266073 38.8751
0.0277811 254.855
0.0290068 312.564
0.0302866 273.354
0.0316228 354.922
0.0330179 268.737
0.0344747 100.996
0.0359956 28.5703
0.0375837 248.244
0.0392419 325.484
0.0409732 382.805
0.0427809 203.274
0.0446684 598.971
0.0466391 784.677
0.0486968 382.875
0.0508452 509.488
0.0530884 441.381
0.0554307 496.938
0.0578762 755.073
0.0604296 403.549
0.0630957 744.608
0.0658795 689.012
0.068786 913.211
0.0718208 850.682
0.0749894 824.919
0.0782979 706.839
0.0817523 658.884
0.0853591 736.509
0.0891251 756.305
0.0930572 791.226
0.0971628 1092.19
0.10145 699.73
0.105925 1292.81
0.110599 1260.2
0.115478 959.944
0.120573 1013.75
0.125893 1668.26
0.131447 1093.46
0.137246 1417.38
0.143301 1136.5
0.149624 1275.86
0.156225 987.18
0.163117 926.828
0.170314 705.018
0.177828 1743.39
0.185674 1039.18
0.193865 1273.06
0.202418 1355.44
0.211349 831.843
0.220673 709.531
0.230409 527.658
0.240575 1335.14
0.251189 1230.55
0.262271 1395.92
0.273842 1506.23
0.285924 2182.15
0.298538 1209.36
0.311709 1500.03
0.325462 1517.76
0.339821 1743.03
0.354813 1458.29
0.370467 1958.4
0.386812 1326.02
0.403878 1379.77
0.421697 1372.9
0.440301 1452.18
0.459727 1362.77
0.48001 1446.22
0.501187 918.047
0.523299 2102.28
0.546387 732.459
0.570493 1273.96
0.595662 1427.54
0.621942 1458.87
0.649382 960.081
0.678032 1058.45
0.707946 1758.81
0.73918 1095.65
0.771792 1446.2
0.805842 1427.27
0.841395 1574.24
0.878517 904.231
0.917276 734.524
0.957745 964.562
1 1157.86
1.04412 1236.84
1.09018 1005.82
1.13828 885.823
1.1885 952.29
1.24094 966.471
1.29569 837.413
1.35285 888.284
1.41254 733.201
1.47486 646.448
1.53993 328.138
1.60787 584.371
1.6788 179.009
1.75287 131.354
1.83021 413.179
1.91095 442.036
1.99526 332.648
2.08329 885.132
2.1752 400.729
2.27117 568.254
2.37137 209.235
2.476 477.946
2.58523 525.557
2.69929 232.233
2.81838 175.141
2.94273 345.644
3.07256 317.526
3.20812 208.339
3.34965 53.7076
3.49744 0
3.65174 542.885
3.81285 167.718
3.98107 340.488
4.15671 525.041
4.3401 466.615
4.53158 323.45
4.73151 339.085
4.94026 202.75
5.15822 137.871
5.3858 200.336
5.62341 104.841
5.87151 143.934
6.13056 203.949
6.40103 201.751
6.68344 176.963
6.97831 237.006
7.28618 292.005
7.60764 17.2976
7.94328 100.63
8.29373 394.11
8.65964 99.8043
9.0417 155.894
9.44061 158.354
9.85712 219.187
10.292 97.0279
10.7461 119.247
11.2202 0
11.7152 199.566
12.2321 0
12.7717 108.086
13.3352 256.471
13.9236 291.564
14.5378 89.9011
15.1792 0
15.8489 91.5164
16.5482 0
17.2783 320.412
18.0406 0
18.8365 163.245
19.6675 160.957
20.5353 130.264
21.4412 45.4122
22.3872 0
23.3749 89.6777
24.4062 208.563
25.483 142.229
26.6073 0
27.7811 42.625
29.0068 84.1813
30.2866 0
31.6228 478.803
33.0179 238.601
34.4747 103.014
35.9956 165.508
37.5837 100.854
39.2419 454.115
40.9732 97.8221
42.7809 0
44.6684 54.7711
46.6391 300.792
48.6968 14.2636
50.8452 111.753
53.0884 168.187
55.4307 179.511
57.8762 0
60.4296 119.017
63.0957 118.275
65.8795 167.824
68.786 22.7612
71.8208 0
74.9894 211.095
78.2979 176.68
81.7523 224.759
85.3591 210.951
89.1251 92.6396
93.0572 319.678
97.1628 306.894
101.45 168.129
105.925 283.494
110.599 356.905
115.478 313.543
120.573 456.925
125.893 210.788
131.447 453.9
137.246 435.198
143.301 267.702
149.624 308.329
156.225 630.907
163.117 178.135
170.314 212.923
177.828 526.867
185.674 0
193.865 83.7244
202.418 236.99
211.349 208.28
220.673 0
230.409 20.2662
240.575 166.516
251.189 244.032
262.271 384.784
273.842 414.055
285.924 78.5895
298.538 288.425
311.709 186.679
325.462 338.02
339.821 49.0861
354.813 0
370.467 184.205
386.812 0
403.878 0
421.697 0
440.301 0
459.727 0
480.01 0
501.187 0
523.299 0
546.387 0
570.493 98.4342
595.662 0
621.942 0
649.382 0
678.032 0
707.946 0
739.18 0
771.792 0
805.842 0
841.395 0
878.517 0
917.276 0
957.745 0
1000 0
