# First line is two numbers 
#     First value is '2', it means 'histogram mode'
#     Second value is 'Emin' of the histogram
# Other lines : 2 columns. 1) energy 2) probability (nb divided by NbEvent)
# Number of bins = 480
# Content below the first bin: 0
# Content above the last  bin: 0
# Content above the last  bin: 0
# Number of events: 209000
2 1e-06
1.04412e-06 0
1.09018e-06 0
1.13828e-06 0
1.1885e-06 0
1.24094e-06 0
1.29569e-06 0
1.35285e-06 0
1.41254e-06 0
1.47486e-06 0
1.53993e-06 0
1.60787e-06 0
1.6788e-06 0
1.75287e-06 0
1.83021e-06 0
1.91095e-06 0
1.99526e-06 0
2.08329e-06 0
2.1752e-06 0
2.27117e-06 0
2.37137e-06 0
2.476e-06 0
2.58523e-06 0
2.69929e-06 0
2.81838e-06 0
2.94273e-06 0
3.07256e-06 0
3.20812e-06 0
3.34965e-06 0
3.49744e-06 0
3.65174e-06 0
3.81285e-06 0
3.98107e-06 0
4.15671e-06 0
4.3401e-06 0
4.53158e-06 0
4.73151e-06 0
4.94026e-06 0
5.15822e-06 0
5.3858e-06 0
5.62341e-06 0
5.87151e-06 0
6.13056e-06 0
6.40103e-06 0
6.68344e-06 0
6.97831e-06 0
7.28618e-06 0
7.60764e-06 0
7.94328e-06 0
8.29373e-06 0
8.65964e-06 0
9.0417e-06 0
9.44061e-06 0
9.85712e-06 0
1.0292e-05 0
1.07461e-05 0
1.12202e-05 0
1.17152e-05 0
1.22321e-05 0
1.27717e-05 0
1.33352e-05 0
1.39236e-05 0
1.45378e-05 0
1.51792e-05 0
1.58489e-05 0
1.65482e-05 0
1.72783e-05 0
1.80406e-05 0
1.88365e-05 0
1.96675e-05 0
2.05353e-05 0
2.14412e-05 0
2.23872e-05 0
2.33749e-05 0
2.44062e-05 0
2.5483e-05 0
2.66073e-05 0
2.77811e-05 0
2.90068e-05 0
3.02866e-05 0
3.16228e-05 0
3.30179e-05 0
3.44747e-05 0
3.59956e-05 0
3.75837e-05 0
3.92419e-05 0
4.09732e-05 0
4.27809e-05 0
4.46684e-05 0
4.66391e-05 0
4.86968e-05 0
5.08452e-05 0
5.30884e-05 0
5.54307e-05 0
5.78762e-05 0
6.04296e-05 0
6.30957e-05 0
6.58795e-05 0
6.8786e-05 0
7.18208e-05 0
7.49894e-05 0
7.82979e-05 0
8.17523e-05 0
8.53591e-05 0
8.91251e-05 0
9.30572e-05 0
9.71628e-05 0
0.00010145 0
0.000105925 0
0.000110599 0
0.000115478 0
0.000120573 0
0.000125893 0
0.000131447 0
0.000137246 0
0.000143301 0
0.000149624 0
0.000156225 0
0.000163117 0
0.000170314 0
0.000177828 0
0.000185674 0
0.000193865 0
0.000202418 0
0.000211349 0
0.000220673 0
0.000230409 0
0.000240575 0
0.000251189 0
0.000262271 0
0.000273842 0
0.000285924 0
0.000298538 0
0.000311709 0
0.000325462 0
0.000339821 0
0.000354813 0
0.000370467 0
0.000386812 0
0.000403878 0
0.000421697 0
0.000440301 0
0.000459727 0
0.00048001 0
0.000501187 0
0.000523299 0
0.000546387 0
0.000570493 0
0.000595662 0
0.000621942 0
0.000649382 0
0.000678032 0
0.000707946 0
0.00073918 0
0.000771792 0
0.000805842 0
0.000841395 0
0.000878517 0
0.000917276 0
0.000957745 0
0.001 0
0.00104412 0
0.00109018 0
0.00113828 0
0.0011885 0
0.00124094 0
0.00129569 0
0.00135285 0
0.00141254 0
0.00147486 0
0.00153993 0
0.00160787 0
0.0016788 0
0.00175287 0
0.00183021 0
0.00191095 0
0.00199526 0
0.00208329 0
0.0021752 0
0.00227117 0
0.00237137 0
0.002476 0
0.00258523 0
0.00269929 0
0.00281838 0
0.00294273 0
0.00307256 0
0.00320812 97.8791
0.00334965 0
0.00349744 0
0.00365174 0
0.00381285 0
0.00398107 95.4274
0.00415671 0
0.0043401 0
0.00453158 0
0.00473151 0
0.00494026 0
0.00515822 0
0.0053858 0
0.00562341 0
0.00587151 0
0.00613056 34.1057
0.00640103 0
0.00668344 0
0.00697831 0
0.00728618 0
0.00760764 0
0.00794328 0
0.00829373 0
0.00865964 0
0.0090417 100.473
0.00944061 0
0.00985712 0
0.010292 0
0.0107461 0
0.0112202 0
0.0117152 0
0.0122321 117.142
0.0127717 0
0.0133352 0
0.0139236 0
0.0145378 0
0.0151792 0
0.0158489 0
0.0165482 0
0.0172783 0
0.0180406 0
0.0188365 95.5408
0.0196675 0
0.0205353 0
0.0214412 0
0.0223872 34.3434
0.0233749 84.2264
0.0244062 0
0.025483 119.014
0.0266073 0
0.0277811 0
0.0290068 260.655
0.0302866 0
0.0316228 71.4878
0.0330179 0
0.0344747 179.677
0.0359956 172.677
0.0375837 0
0.0392419 45.0775
0.0409732 171.502
0.0427809 112.58
0.0446684 56.6702
0.0466391 117.349
0.0486968 34.1299
0.0508452 0
0.0530884 211.664
0.0554307 13.9751
0.0578762 80.7502
0.0604296 0
0.0630957 101.919
0.0658795 265.336
0.068786 48.3113
0.0718208 184.163
0.0749894 0
0.0782979 0
0.0817523 234.849
0.0853591 277.118
0.0891251 79.5108
0.0930572 0
0.0971628 161.396
0.10145 137.211
0.105925 112.622
0.110599 102.489
0.115478 0
0.120573 229.757
0.125893 393.842
0.131447 15.2613
0.137246 543.183
0.143301 280.344
0.149624 244.444
0.156225 520.899
0.163117 427.486
0.170314 564.126
0.177828 92.3301
0.185674 90.6744
0.193865 373.298
0.202418 317.696
0.211349 310.81
0.220673 402.946
0.230409 469.057
0.240575 340.49
0.251189 781.05
0.262271 429.146
0.273842 198.634
0.285924 152.572
0.298538 462.21
0.311709 286.263
0.325462 615.926
0.339821 391.425
0.354813 378.087
0.370467 247.385
0.386812 234.157
0.403878 779.248
0.421697 305.774
0.440301 225.921
0.459727 106.171
0.48001 96.4202
0.501187 328.865
0.523299 527.15
0.546387 115.784
0.570493 671.865
0.595662 314.232
0.621942 474.431
0.649382 394.312
0.678032 536.448
0.707946 606.05
0.73918 554.174
0.771792 101.686
0.805842 204.84
0.841395 489.558
0.878517 268.811
0.917276 278.432
0.957745 235.363
1 322.686
1.04412 64.6684
1.09018 174.016
1.13828 308.35
1.1885 98.1328
1.24094 242.216
1.29569 216.632
1.35285 201.879
1.41254 0
1.47486 57.0326
1.53993 505.371
1.60787 118.472
1.6788 33.914
1.75287 118.808
1.83021 132.031
1.91095 55.3742
1.99526 62.5866
2.08329 202.213
2.1752 101.372
2.27117 118.613
2.37137 0
2.476 41.6805
2.58523 118.905
2.69929 38.2961
2.81838 0
2.94273 0
3.07256 107.745
3.20812 89.4164
3.34965 122.495
3.49744 173.472
3.65174 0
3.81285 86.0809
3.98107 69.9772
4.15671 120.058
4.3401 0
4.53158 101.434
4.73151 177.767
4.94026 0
5.15822 241.803
5.3858 0
5.62341 118.629
5.87151 0
6.13056 0
6.40103 87.0465
6.68344 0
6.97831 0
7.28618 0
7.60764 119.073
7.94328 0
8.29373 0
8.65964 0
9.0417 0
9.44061 151.291
9.85712 47.4794
10.292 146.042
10.7461 0
11.2202 0
11.7152 68.6463
12.2321 0
12.7717 43.7609
13.3352 96.8398
13.9236 98.7817
14.5378 174.119
15.1792 0
15.8489 0
16.5482 26.9937
17.2783 0
18.0406 137.57
18.8365 0
19.6675 0
20.5353 178.267
21.4412 0
22.3872 0
23.3749 0
24.4062 86.3925
25.483 111.882
26.6073 53.5262
27.7811 117.327
29.0068 179.672
30.2866 157.136
31.6228 0
33.0179 184.47
34.4747 0
35.9956 0
37.5837 0
39.2419 183.915
40.9732 0
42.7809 152.967
44.6684 0
46.6391 0
48.6968 0
50.8452 0
53.0884 195.579
55.4307 0
57.8762 0
60.4296 0
63.0957 0
65.8795 0
68.786 0
71.8208 0
74.9894 0
78.2979 56.3671
81.7523 0
85.3591 146.395
89.1251 0
93.0572 91.4758
97.1628 0
101.45 78.5631
105.925 362.016
110.599 108.71
115.478 103.185
120.573 0
125.893 114.212
131.447 114.744
137.246 0
143.301 108.584
149.624 0
156.225 0
163.117 0
170.314 95.0381
177.828 0
185.674 100.246
193.865 0
202.418 43.5989
211.349 0
220.673 0
230.409 0
240.575 0
251.189 0
262.271 0
273.842 0
285.924 0
298.538 82.4091
311.709 0
325.462 0
339.821 0
354.813 0
370.467 0
386.812 0
403.878 0
421.697 0
440.301 0
459.727 0
480.01 0
501.187 0
523.299 0
546.387 0
570.493 0
595.662 0
621.942 0
649.382 0
678.032 0
707.946 0
739.18 0
771.792 0
805.842 0
841.395 0
878.517 0
917.276 0
957.745 0
1000 0
