# First line is two numbers 
#     First value is '2', it means 'histogram mode'
#     Second value is 'Emin' of the histogram
# Other lines : 2 columns. 1) energy 2) probability (nb divided by NbEvent)
# Number of bins = 480
# Content below the first bin: 0
# Content above the last  bin: 0
# Content above the last  bin: 0
# Number of events: 209000
2 1e-06
1.04412e-06 0
1.09018e-06 0
1.13828e-06 0
1.1885e-06 0
1.24094e-06 0
1.29569e-06 0
1.35285e-06 0
1.41254e-06 0
1.47486e-06 0
1.53993e-06 0
1.60787e-06 0
1.6788e-06 0
1.75287e-06 0
1.83021e-06 0
1.91095e-06 0
1.99526e-06 0
2.08329e-06 0
2.1752e-06 0
2.27117e-06 0
2.37137e-06 0
2.476e-06 0
2.58523e-06 0
2.69929e-06 0
2.81838e-06 0
2.94273e-06 0
3.07256e-06 0
3.20812e-06 0
3.34965e-06 0
3.49744e-06 0
3.65174e-06 0
3.81285e-06 0
3.98107e-06 0
4.15671e-06 0
4.3401e-06 0
4.53158e-06 0
4.73151e-06 0
4.94026e-06 0
5.15822e-06 0
5.3858e-06 0
5.62341e-06 0
5.87151e-06 0
6.13056e-06 0
6.40103e-06 0
6.68344e-06 0
6.97831e-06 0
7.28618e-06 0
7.60764e-06 0
7.94328e-06 0
8.29373e-06 0
8.65964e-06 0
9.0417e-06 0
9.44061e-06 0
9.85712e-06 0
1.0292e-05 0
1.07461e-05 0
1.12202e-05 0
1.17152e-05 0
1.22321e-05 0
1.27717e-05 0
1.33352e-05 0
1.39236e-05 0
1.45378e-05 0
1.51792e-05 0
1.58489e-05 0
1.65482e-05 0
1.72783e-05 0
1.80406e-05 0
1.88365e-05 0
1.96675e-05 0
2.05353e-05 0
2.14412e-05 0
2.23872e-05 0
2.33749e-05 0
2.44062e-05 0
2.5483e-05 0
2.66073e-05 0
2.77811e-05 0
2.90068e-05 0
3.02866e-05 0
3.16228e-05 0
3.30179e-05 0
3.44747e-05 0
3.59956e-05 0
3.75837e-05 0
3.92419e-05 0
4.09732e-05 0
4.27809e-05 0
4.46684e-05 0
4.66391e-05 0
4.86968e-05 0
5.08452e-05 0
5.30884e-05 78.94
5.54307e-05 0
5.78762e-05 0
6.04296e-05 0
6.30957e-05 0
6.58795e-05 0
6.8786e-05 0
7.18208e-05 0
7.49894e-05 0
7.82979e-05 0
8.17523e-05 0
8.53591e-05 0
8.91251e-05 0
9.30572e-05 0
9.71628e-05 0
0.00010145 0
0.000105925 0
0.000110599 0
0.000115478 0
0.000120573 0
0.000125893 0
0.000131447 0
0.000137246 0
0.000143301 0
0.000149624 0
0.000156225 0
0.000163117 0
0.000170314 0
0.000177828 0
0.000185674 0
0.000193865 0
0.000202418 0
0.000211349 0
0.000220673 0
0.000230409 0
0.000240575 0
0.000251189 0
0.000262271 0
0.000273842 0
0.000285924 0
0.000298538 0
0.000311709 0
0.000325462 0
0.000339821 0
0.000354813 0
0.000370467 0
0.000386812 0
0.000403878 0
0.000421697 0
0.000440301 0
0.000459727 0
0.00048001 0
0.000501187 0
0.000523299 0
0.000546387 0
0.000570493 0
0.000595662 0
0.000621942 0
0.000649382 0
0.000678032 0
0.000707946 0
0.00073918 0
0.000771792 0
0.000805842 0
0.000841395 0
0.000878517 0
0.000917276 0
0.000957745 0
0.001 0
0.00104412 0
0.00109018 0
0.00113828 0
0.0011885 0
0.00124094 0
0.00129569 0
0.00135285 0
0.00141254 0
0.00147486 0
0.00153993 0
0.00160787 0
0.0016788 0
0.00175287 0
0.00183021 0
0.00191095 0
0.00199526 0
0.00208329 0
0.0021752 0
0.00227117 0
0.00237137 0
0.002476 0
0.00258523 0
0.00269929 0
0.00281838 0
0.00294273 0
0.00307256 0
0.00320812 0
0.00334965 0
0.00349744 0
0.00365174 0
0.00381285 0
0.00398107 0
0.00415671 0
0.0043401 0
0.00453158 0
0.00473151 0
0.00494026 0
0.00515822 0
0.0053858 0
0.00562341 0
0.00587151 0
0.00613056 0
0.00640103 0
0.00668344 0
0.00697831 0
0.00728618 0
0.00760764 0
0.00794328 0
0.00829373 0
0.00865964 0
0.0090417 0
0.00944061 46.3089
0.00985712 102.714
0.010292 0
0.0107461 0
0.0112202 0
0.0117152 0
0.0122321 0
0.0127717 68.4768
0.0133352 0
0.0139236 81.7686
0.0145378 79.8116
0.0151792 0
0.0158489 0
0.0165482 0
0.0172783 0
0.0180406 0
0.0188365 0
0.0196675 0
0.0205353 0
0.0214412 108.428
0.0223872 0
0.0233749 69.5103
0.0244062 75.114
0.025483 0
0.0266073 0
0.0277811 0
0.0290068 19.8574
0.0302866 118.826
0.0316228 0
0.0330179 72.9772
0.0344747 169.109
0.0359956 112.938
0.0375837 105.959
0.0392419 125.856
0.0409732 110.375
0.0427809 0
0.0446684 0
0.0466391 288.105
0.0486968 160.023
0.0508452 63.959
0.0530884 205.397
0.0554307 338.357
0.0578762 155.282
0.0604296 0
0.0630957 43.0408
0.0658795 200.667
0.068786 121.252
0.0718208 306.837
0.0749894 133.44
0.0782979 308.62
0.0817523 93.3947
0.0853591 97.4564
0.0891251 166.743
0.0930572 307.956
0.0971628 254.924
0.10145 87.4006
0.105925 230.079
0.110599 215.53
0.115478 250.151
0.120573 101.585
0.125893 687.377
0.131447 256.67
0.137246 254.879
0.143301 180.314
0.149624 318.582
0.156225 594.541
0.163117 360.769
0.170314 292.325
0.177828 270.636
0.185674 18.1891
0.193865 404.055
0.202418 90.9422
0.211349 239.5
0.220673 761.832
0.230409 644.697
0.240575 403.457
0.251189 253.526
0.262271 520.674
0.273842 208.658
0.285924 683.181
0.298538 372.221
0.311709 440.647
0.325462 279.925
0.339821 448.366
0.354813 323.47
0.370467 513.309
0.386812 692.365
0.403878 335.154
0.421697 499.924
0.440301 604.581
0.459727 452.175
0.48001 386.848
0.501187 145.56
0.523299 507.8
0.546387 700.56
0.570493 491.585
0.595662 666.618
0.621942 889.295
0.649382 225.808
0.678032 562.887
0.707946 158.322
0.73918 456.599
0.771792 182.082
0.805842 599.805
0.841395 186.542
0.878517 352.672
0.917276 302.344
0.957745 465.782
1 323.092
1.04412 616.003
1.09018 198.762
1.13828 104.762
1.1885 95.9821
1.24094 335.593
1.29569 533.831
1.35285 180.131
1.41254 186.43
1.47486 383.642
1.53993 513.636
1.60787 119.562
1.6788 102.949
1.75287 0
1.83021 99.6068
1.91095 0
1.99526 64.3377
2.08329 58.2612
2.1752 486.991
2.27117 65.1332
2.37137 175.805
2.476 337.897
2.58523 102.811
2.69929 121.91
2.81838 59.7631
2.94273 335.134
3.07256 0
3.20812 164.929
3.34965 477.115
3.49744 118.71
3.65174 116.064
3.81285 88.7221
3.98107 141.608
4.15671 183.112
4.3401 106.309
4.53158 109.989
4.73151 61.7342
4.94026 76.1345
5.15822 0
5.3858 117.389
5.62341 0
5.87151 0
6.13056 189.362
6.40103 0
6.68344 139.838
6.97831 143.537
7.28618 103.93
7.60764 0
7.94328 109.239
8.29373 47.2245
8.65964 102.801
9.0417 0
9.44061 0
9.85712 0
10.292 113.168
10.7461 0
11.2202 92.3344
11.7152 175.976
12.2321 0
12.7717 53.7159
13.3352 0
13.9236 0
14.5378 206.884
15.1792 0
15.8489 107.879
16.5482 110.099
17.2783 117.521
18.0406 93.6412
18.8365 0
19.6675 142.941
20.5353 0
21.4412 10.1169
22.3872 225.329
23.3749 0
24.4062 0
25.483 0
26.6073 0
27.7811 48.265
29.0068 62.0377
30.2866 0
31.6228 108.437
33.0179 0
34.4747 0
35.9956 0
37.5837 0
39.2419 0
40.9732 119.155
42.7809 0
44.6684 293.685
46.6391 0
48.6968 209.771
50.8452 169.357
53.0884 0
55.4307 107.085
57.8762 0
60.4296 113.07
63.0957 14.1013
65.8795 342.825
68.786 0
71.8208 0
74.9894 195.955
78.2979 179.031
81.7523 150.698
85.3591 100.073
89.1251 0
93.0572 56.1296
97.1628 0
101.45 67.789
105.925 77.2763
110.599 112.81
115.478 0
120.573 205.741
125.893 0
131.447 59.4552
137.246 151.425
143.301 0
149.624 0
156.225 0
163.117 0
170.314 0
177.828 0
185.674 0
193.865 0
202.418 0
211.349 163.211
220.673 0
230.409 0
240.575 0
251.189 0
262.271 0
273.842 0
285.924 0
298.538 0
311.709 0
325.462 0
339.821 0
354.813 0
370.467 0
386.812 0
403.878 0
421.697 0
440.301 0
459.727 0
480.01 0
501.187 0
523.299 0
546.387 0
570.493 0
595.662 0
621.942 0
649.382 0
678.032 0
707.946 0
739.18 0
771.792 0
805.842 0
841.395 0
878.517 0
917.276 0
957.745 0
1000 0
