# First line is two numbers 
#     First value is '2', it means 'histogram mode'
#     Second value is 'Emin' of the histogram
# Other lines : 2 columns. 1) energy 2) probability (nb divided by NbEvent)
# Number of bins = 480
# Content below the first bin: 0
# Content above the last  bin: 0
# Content above the last  bin: 0
# Number of events: 209000
2 1e-06
1.04412e-06 0
1.09018e-06 0
1.13828e-06 0
1.1885e-06 0
1.24094e-06 0
1.29569e-06 0
1.35285e-06 0
1.41254e-06 0
1.47486e-06 0
1.53993e-06 0
1.60787e-06 0
1.6788e-06 0
1.75287e-06 0
1.83021e-06 0
1.91095e-06 0
1.99526e-06 0
2.08329e-06 0
2.1752e-06 0
2.27117e-06 0
2.37137e-06 0
2.476e-06 0
2.58523e-06 0
2.69929e-06 0
2.81838e-06 0
2.94273e-06 0
3.07256e-06 0
3.20812e-06 0
3.34965e-06 0
3.49744e-06 0
3.65174e-06 0
3.81285e-06 0
3.98107e-06 0
4.15671e-06 0
4.3401e-06 0
4.53158e-06 0
4.73151e-06 0
4.94026e-06 0
5.15822e-06 0
5.3858e-06 0
5.62341e-06 0
5.87151e-06 0
6.13056e-06 0
6.40103e-06 0
6.68344e-06 0
6.97831e-06 0
7.28618e-06 0
7.60764e-06 0
7.94328e-06 0
8.29373e-06 0
8.65964e-06 0
9.0417e-06 0
9.44061e-06 0
9.85712e-06 0
1.0292e-05 0
1.07461e-05 0
1.12202e-05 0
1.17152e-05 0
1.22321e-05 0
1.27717e-05 0
1.33352e-05 0
1.39236e-05 0
1.45378e-05 0
1.51792e-05 0
1.58489e-05 0
1.65482e-05 0
1.72783e-05 0
1.80406e-05 0
1.88365e-05 0
1.96675e-05 0
2.05353e-05 0
2.14412e-05 0
2.23872e-05 0
2.33749e-05 0
2.44062e-05 0
2.5483e-05 0
2.66073e-05 0
2.77811e-05 0
2.90068e-05 0
3.02866e-05 0
3.16228e-05 0
3.30179e-05 0
3.44747e-05 0
3.59956e-05 0
3.75837e-05 0
3.92419e-05 0
4.09732e-05 0
4.27809e-05 0
4.46684e-05 0
4.66391e-05 0
4.86968e-05 0
5.08452e-05 0
5.30884e-05 0
5.54307e-05 0
5.78762e-05 0
6.04296e-05 0
6.30957e-05 0
6.58795e-05 0
6.8786e-05 0
7.18208e-05 0
7.49894e-05 0
7.82979e-05 0
8.17523e-05 0
8.53591e-05 0
8.91251e-05 0
9.30572e-05 0
9.71628e-05 0
0.00010145 0
0.000105925 0
0.000110599 0
0.000115478 0
0.000120573 0
0.000125893 0
0.000131447 0
0.000137246 0
0.000143301 0
0.000149624 0
0.000156225 0
0.000163117 0
0.000170314 0
0.000177828 0
0.000185674 0
0.000193865 0
0.000202418 0
0.000211349 0
0.000220673 0
0.000230409 0
0.000240575 0
0.000251189 0
0.000262271 0
0.000273842 0
0.000285924 0
0.000298538 0
0.000311709 0
0.000325462 0
0.000339821 0
0.000354813 0
0.000370467 0
0.000386812 0
0.000403878 0
0.000421697 0
0.000440301 0
0.000459727 0
0.00048001 0
0.000501187 0
0.000523299 0
0.000546387 0
0.000570493 0
0.000595662 0
0.000621942 0
0.000649382 0
0.000678032 0
0.000707946 0
0.00073918 0
0.000771792 0
0.000805842 0
0.000841395 0
0.000878517 0
0.000917276 0
0.000957745 0
0.001 0
0.00104412 0
0.00109018 0
0.00113828 0
0.0011885 0
0.00124094 0
0.00129569 0
0.00135285 0
0.00141254 0
0.00147486 0
0.00153993 0
0.00160787 0
0.0016788 0
0.00175287 0
0.00183021 0
0.00191095 0
0.00199526 0
0.00208329 0
0.0021752 0
0.00227117 0
0.00237137 0
0.002476 0
0.00258523 0
0.00269929 0
0.00281838 0
0.00294273 0
0.00307256 0
0.00320812 0
0.00334965 182.759
0.00349744 0
0.00365174 0
0.00381285 0
0.00398107 0
0.00415671 0
0.0043401 46.8373
0.00453158 0
0.00473151 116.935
0.00494026 107.323
0.00515822 74.1915
0.0053858 0
0.00562341 0
0.00587151 0
0.00613056 0
0.00640103 0
0.00668344 0
0.00697831 0
0.00728618 0
0.00760764 0
0.00794328 0
0.00829373 0
0.00865964 0
0.0090417 0
0.00944061 0
0.00985712 0
0.010292 0
0.0107461 118.796
0.0112202 0
0.0117152 74.4965
0.0122321 116.587
0.0127717 0
0.0133352 146.714
0.0139236 86.7127
0.0145378 113.804
0.0151792 73.4893
0.0158489 94.9105
0.0165482 110.026
0.0172783 0
0.0180406 89.1856
0.0188365 0
0.0196675 0
0.0205353 76.1432
0.0214412 69.4008
0.0223872 214.593
0.0233749 28.494
0.0244062 112.354
0.025483 209.483
0.0266073 31.3456
0.0277811 90.1608
0.0290068 0
0.0302866 0
0.0316228 314.11
0.0330179 174.123
0.0344747 0
0.0359956 105.687
0.0375837 336.066
0.0392419 158.359
0.0409732 114.998
0.0427809 51.6153
0.0446684 0
0.0466391 434.986
0.0486968 31.0956
0.0508452 257.737
0.0530884 143.644
0.0554307 401.533
0.0578762 543.353
0.0604296 585.717
0.0630957 330.46
0.0658795 526.17
0.068786 262.005
0.0718208 356.163
0.0749894 454.692
0.0782979 243.03
0.0817523 264.589
0.0853591 575.592
0.0891251 42.0273
0.0930572 385.413
0.0971628 897.118
0.10145 752.12
0.105925 445.987
0.110599 866.395
0.115478 257.129
0.120573 747.06
0.125893 791.555
0.131447 790.003
0.137246 700.017
0.143301 711.795
0.149624 894.258
0.156225 741.707
0.163117 812.177
0.170314 526.627
0.177828 507.835
0.185674 1014.27
0.193865 753.834
0.202418 685.467
0.211349 1072.9
0.220673 867.255
0.230409 1136.39
0.240575 825.917
0.251189 899.922
0.262271 1514.26
0.273842 1436.23
0.285924 1088.93
0.298538 1255.41
0.311709 906.193
0.325462 1291.38
0.339821 756.684
0.354813 1004.9
0.370467 1090.41
0.386812 1304.81
0.403878 1215.93
0.421697 1130.22
0.440301 1232.67
0.459727 708.871
0.48001 956.168
0.501187 1597.41
0.523299 1165.34
0.546387 1223.87
0.570493 1136.92
0.595662 837.878
0.621942 1573.42
0.649382 1958.73
0.678032 959.079
0.707946 1755.89
0.73918 1119.69
0.771792 839.543
0.805842 1092.96
0.841395 910.45
0.878517 1140.7
0.917276 1120.75
0.957745 732.509
1 558.906
1.04412 1286.53
1.09018 671.03
1.13828 1076.91
1.1885 570.217
1.24094 537.876
1.29569 517.625
1.35285 901.606
1.41254 449.028
1.47486 860.139
1.53993 899.567
1.60787 671.959
1.6788 426.57
1.75287 777.345
1.83021 510.488
1.91095 425.428
1.99526 368.344
2.08329 447.326
2.1752 150.7
2.27117 275.952
2.37137 764.779
2.476 317.941
2.58523 389.572
2.69929 180.957
2.81838 437.61
2.94273 375.582
3.07256 347.036
3.20812 270.292
3.34965 307.738
3.49744 107.536
3.65174 272.993
3.81285 621.082
3.98107 109.878
4.15671 194.091
4.3401 210.257
4.53158 266.282
4.73151 440.794
4.94026 560.429
5.15822 57.4007
5.3858 374.533
5.62341 489.363
5.87151 396.915
6.13056 60.4203
6.40103 422.554
6.68344 0
6.97831 182.135
7.28618 88.8411
7.60764 151.933
7.94328 603.415
8.29373 102.611
8.65964 100.885
9.0417 0
9.44061 0
9.85712 112.31
10.292 73.3567
10.7461 268.023
11.2202 107.039
11.7152 197.242
12.2321 296.22
12.7717 0
13.3352 207.636
13.9236 143.489
14.5378 254.103
15.1792 276.329
15.8489 275.448
16.5482 104.036
17.2783 64.9881
18.0406 0
18.8365 325.738
19.6675 248.755
20.5353 90.1621
21.4412 0
22.3872 170.522
23.3749 49.4248
24.4062 123.796
25.483 107.219
26.6073 0
27.7811 317.631
29.0068 112.128
30.2866 0
31.6228 56.5161
33.0179 298.97
34.4747 359.738
35.9956 228.281
37.5837 0
39.2419 0
40.9732 11.5175
42.7809 89.3105
44.6684 170.461
46.6391 113.55
48.6968 420.386
50.8452 348.629
53.0884 267.732
55.4307 344.062
57.8762 279.9
60.4296 156.756
63.0957 175.708
65.8795 269.703
68.786 46.2694
71.8208 65.4998
74.9894 297.861
78.2979 324.546
81.7523 201.153
85.3591 183.079
89.1251 213.232
93.0572 84.4921
97.1628 220.049
101.45 308.655
105.925 303.263
110.599 437.593
115.478 568.922
120.573 468.042
125.893 268.922
131.447 114.39
137.246 565.502
143.301 320.322
149.624 397.346
156.225 449.38
163.117 423.201
170.314 672.349
177.828 239.278
185.674 173.486
193.865 225.753
202.418 416.687
211.349 434.894
220.673 674.411
230.409 408.8
240.575 370.223
251.189 65.4947
262.271 212.095
273.842 52.1612
285.924 324.401
298.538 331.398
311.709 433.405
325.462 76.8781
339.821 100.808
354.813 278.227
370.467 94.6985
386.812 31.8974
403.878 319.598
421.697 0
440.301 186.256
459.727 0
480.01 78.2542
501.187 0
523.299 0
546.387 0
570.493 0
595.662 0
621.942 0
649.382 0
678.032 69.0018
707.946 0
739.18 0
771.792 0
805.842 0
841.395 0
878.517 0
917.276 0
957.745 0
1000 0
