# First line is two numbers 
#     First value is '2', it means 'histogram mode'
#     Second value is 'Emin' of the histogram
# Other lines : 2 columns. 1) energy 2) probability (nb divided by NbEvent)
# Number of bins = 480
# Content below the first bin: 0
# Content above the last  bin: 0
# Content above the last  bin: 0
# Number of events: 209000
2 1e-06
1.04412e-06 0
1.09018e-06 0
1.13828e-06 0
1.1885e-06 0
1.24094e-06 0
1.29569e-06 0
1.35285e-06 0
1.41254e-06 0
1.47486e-06 0
1.53993e-06 0
1.60787e-06 0
1.6788e-06 0
1.75287e-06 0
1.83021e-06 0
1.91095e-06 0
1.99526e-06 0
2.08329e-06 0
2.1752e-06 0
2.27117e-06 0
2.37137e-06 0
2.476e-06 0
2.58523e-06 0
2.69929e-06 0
2.81838e-06 0
2.94273e-06 0
3.07256e-06 0
3.20812e-06 0
3.34965e-06 0
3.49744e-06 0
3.65174e-06 0
3.81285e-06 0
3.98107e-06 0
4.15671e-06 0
4.3401e-06 0
4.53158e-06 0
4.73151e-06 0
4.94026e-06 0
5.15822e-06 0
5.3858e-06 0
5.62341e-06 0
5.87151e-06 0
6.13056e-06 0
6.40103e-06 0
6.68344e-06 0
6.97831e-06 0
7.28618e-06 0
7.60764e-06 0
7.94328e-06 0
8.29373e-06 0
8.65964e-06 0
9.0417e-06 0
9.44061e-06 0
9.85712e-06 0
1.0292e-05 0
1.07461e-05 0
1.12202e-05 0
1.17152e-05 0
1.22321e-05 0
1.27717e-05 0
1.33352e-05 0
1.39236e-05 0
1.45378e-05 0
1.51792e-05 0
1.58489e-05 0
1.65482e-05 0
1.72783e-05 0
1.80406e-05 0
1.88365e-05 0
1.96675e-05 0
2.05353e-05 0
2.14412e-05 0
2.23872e-05 0
2.33749e-05 0
2.44062e-05 0
2.5483e-05 0
2.66073e-05 0
2.77811e-05 0
2.90068e-05 0
3.02866e-05 0
3.16228e-05 0
3.30179e-05 0
3.44747e-05 0
3.59956e-05 0
3.75837e-05 0
3.92419e-05 0
4.09732e-05 0
4.27809e-05 0
4.46684e-05 0
4.66391e-05 0
4.86968e-05 0
5.08452e-05 0
5.30884e-05 0
5.54307e-05 0
5.78762e-05 0
6.04296e-05 0
6.30957e-05 0
6.58795e-05 0
6.8786e-05 0
7.18208e-05 0
7.49894e-05 0
7.82979e-05 0
8.17523e-05 0
8.53591e-05 0
8.91251e-05 0
9.30572e-05 0
9.71628e-05 0
0.00010145 0
0.000105925 0
0.000110599 0
0.000115478 0
0.000120573 0
0.000125893 0
0.000131447 0
0.000137246 0
0.000143301 0
0.000149624 0
0.000156225 0
0.000163117 0
0.000170314 0
0.000177828 0
0.000185674 0
0.000193865 0
0.000202418 0
0.000211349 0
0.000220673 0
0.000230409 0
0.000240575 0
0.000251189 0
0.000262271 0
0.000273842 0
0.000285924 0
0.000298538 0
0.000311709 0
0.000325462 0
0.000339821 0
0.000354813 0
0.000370467 0
0.000386812 0
0.000403878 0
0.000421697 0
0.000440301 0
0.000459727 0
0.00048001 0
0.000501187 0
0.000523299 0
0.000546387 0
0.000570493 0
0.000595662 0
0.000621942 0
0.000649382 0
0.000678032 0
0.000707946 0
0.00073918 0
0.000771792 0
0.000805842 0
0.000841395 0
0.000878517 0
0.000917276 0
0.000957745 0
0.001 0
0.00104412 0
0.00109018 0
0.00113828 0
0.0011885 0
0.00124094 0
0.00129569 0
0.00135285 0
0.00141254 0
0.00147486 0
0.00153993 0
0.00160787 0
0.0016788 0
0.00175287 0
0.00183021 0
0.00191095 0
0.00199526 0
0.00208329 0
0.0021752 0
0.00227117 0
0.00237137 0
0.002476 0
0.00258523 0
0.00269929 0
0.00281838 0
0.00294273 0
0.00307256 0
0.00320812 0
0.00334965 0
0.00349744 0
0.00365174 0
0.00381285 96.7661
0.00398107 0
0.00415671 0
0.0043401 0
0.00453158 0
0.00473151 0
0.00494026 0
0.00515822 0
0.0053858 0
0.00562341 0
0.00587151 79.7626
0.00613056 0
0.00640103 0
0.00668344 0
0.00697831 0
0.00728618 0
0.00760764 100.068
0.00794328 0
0.00829373 0
0.00865964 0
0.0090417 0
0.00944061 0
0.00985712 0
0.010292 0
0.0107461 63.1915
0.0112202 0
0.0117152 110.521
0.0122321 0
0.0127717 0
0.0133352 117.047
0.0139236 102.301
0.0145378 0
0.0151792 196.672
0.0158489 0
0.0165482 0
0.0172783 0
0.0180406 0
0.0188365 0
0.0196675 0
0.0205353 0
0.0214412 81.148
0.0223872 318.715
0.0233749 191.277
0.0244062 217.764
0.025483 0
0.0266073 324.413
0.0277811 213.023
0.0290068 208.657
0.0302866 63.4941
0.0316228 145.232
0.0330179 75.3897
0.0344747 187.92
0.0359956 69.9312
0.0375837 353.457
0.0392419 201.837
0.0409732 16.3077
0.0427809 83.2827
0.0446684 175.302
0.0466391 71.4762
0.0486968 393.288
0.0508452 451.57
0.0530884 215.376
0.0554307 301.893
0.0578762 307.775
0.0604296 199.696
0.0630957 446.939
0.0658795 336.355
0.068786 537.613
0.0718208 217.388
0.0749894 181.947
0.0782979 512.34
0.0817523 370.736
0.0853591 463.9
0.0891251 552.824
0.0930572 729.566
0.0971628 793.902
0.10145 311.539
0.105925 641.98
0.110599 750.696
0.115478 284.394
0.120573 711.022
0.125893 631.423
0.131447 1020.6
0.137246 1677.72
0.143301 1371.89
0.149624 1394.37
0.156225 1035.83
0.163117 1176.54
0.170314 516.941
0.177828 1214.67
0.185674 1022.37
0.193865 959.57
0.202418 817.66
0.211349 451.209
0.220673 1304.64
0.230409 1297.19
0.240575 1123.67
0.251189 1145.72
0.262271 1020.31
0.273842 838.581
0.285924 937.248
0.298538 1633.98
0.311709 1179.99
0.325462 1365.42
0.339821 1286.11
0.354813 1262.01
0.370467 902.821
0.386812 1258.63
0.403878 1372.3
0.421697 1630.78
0.440301 774.28
0.459727 949.368
0.48001 498.029
0.501187 1225.51
0.523299 1857.91
0.546387 1288.68
0.570493 1094.21
0.595662 859.641
0.621942 610.16
0.649382 855.613
0.678032 1031.25
0.707946 1074.95
0.73918 965.087
0.771792 1098.1
0.805842 900.8
0.841395 1560.64
0.878517 908.312
0.917276 1088.13
0.957745 1863.32
1 1089.05
1.04412 658.254
1.09018 598.154
1.13828 410.205
1.1885 568.198
1.24094 1510.66
1.29569 801.999
1.35285 356.782
1.41254 1014.71
1.47486 522.766
1.53993 489.902
1.60787 434.179
1.6788 563.071
1.75287 831.332
1.83021 701.47
1.91095 784.779
1.99526 134.749
2.08329 561.577
2.1752 216.221
2.27117 291.82
2.37137 371.345
2.476 159.333
2.58523 422.418
2.69929 215.196
2.81838 271.481
2.94273 212.51
3.07256 608.997
3.20812 269.588
3.34965 590.086
3.49744 343.817
3.65174 202.358
3.81285 103.939
3.98107 183.59
4.15671 211.185
4.3401 220.402
4.53158 270.526
4.73151 221.559
4.94026 163.206
5.15822 198.326
5.3858 62.5135
5.62341 191.399
5.87151 129.769
6.13056 119.606
6.40103 359.444
6.68344 264.225
6.97831 285.93
7.28618 118.469
7.60764 0
7.94328 92.6759
8.29373 153.677
8.65964 248.421
9.0417 0
9.44061 350.997
9.85712 0
10.292 456.009
10.7461 97.5787
11.2202 222.584
11.7152 0
12.2321 233.563
12.7717 0
13.3352 110.879
13.9236 233.655
14.5378 146.596
15.1792 295.561
15.8489 216.631
16.5482 87.4862
17.2783 161.086
18.0406 171.732
18.8365 285.336
19.6675 0
20.5353 236.723
21.4412 399.085
22.3872 0
23.3749 187.788
24.4062 127.214
25.483 429.825
26.6073 292.83
27.7811 150.127
29.0068 103.666
30.2866 0
31.6228 343.244
33.0179 508.18
34.4747 227.847
35.9956 109.928
37.5837 0
39.2419 104.049
40.9732 78.3386
42.7809 97.9639
44.6684 150.903
46.6391 266.653
48.6968 152.475
50.8452 218.332
53.0884 477.575
55.4307 244.115
57.8762 386.712
60.4296 553.766
63.0957 281.624
65.8795 299.96
68.786 467.225
71.8208 47.2667
74.9894 239.651
78.2979 189.381
81.7523 168.137
85.3591 696.546
89.1251 266.185
93.0572 188.66
97.1628 255.191
101.45 182.149
105.925 269.754
110.599 433.215
115.478 227.065
120.573 298.554
125.893 349.007
131.447 133.816
137.246 155.789
143.301 352.222
149.624 180.207
156.225 426.08
163.117 220.851
170.314 347.125
177.828 395.513
185.674 197.623
193.865 430.234
202.418 205.879
211.349 100.074
220.673 755.59
230.409 53.8579
240.575 389.185
251.189 334.033
262.271 203.962
273.842 102.35
285.924 69.2133
298.538 92.3256
311.709 259.161
325.462 504.342
339.821 236.557
354.813 24.37
370.467 175.255
386.812 77.3982
403.878 49.2188
421.697 134.614
440.301 153.465
459.727 0
480.01 0
501.187 0
523.299 0
546.387 59.5555
570.493 157.788
595.662 0
621.942 0
649.382 0
678.032 0
707.946 0
739.18 0
771.792 0
805.842 0
841.395 0
878.517 0
917.276 0
957.745 0
1000 0
