# First line is two numbers 
#     First value is '2', it means 'histogram mode'
#     Second value is 'Emin' of the histogram
# Other lines : 2 columns. 1) energy 2) probability (nb divided by NbEvent)
# Number of bins = 480
# Content below the first bin: 0
# Content above the last  bin: 0
# Content above the last  bin: 0
# Number of events: 209000
2 1e-06
1.04412e-06 0
1.09018e-06 0
1.13828e-06 0
1.1885e-06 0
1.24094e-06 0
1.29569e-06 0
1.35285e-06 0
1.41254e-06 0
1.47486e-06 0
1.53993e-06 0
1.60787e-06 0
1.6788e-06 0
1.75287e-06 0
1.83021e-06 0
1.91095e-06 0
1.99526e-06 0
2.08329e-06 0
2.1752e-06 0
2.27117e-06 0
2.37137e-06 0
2.476e-06 0
2.58523e-06 0
2.69929e-06 0
2.81838e-06 0
2.94273e-06 0
3.07256e-06 0
3.20812e-06 0
3.34965e-06 0
3.49744e-06 0
3.65174e-06 0
3.81285e-06 0
3.98107e-06 0
4.15671e-06 0
4.3401e-06 0
4.53158e-06 0
4.73151e-06 0
4.94026e-06 0
5.15822e-06 0
5.3858e-06 0
5.62341e-06 0
5.87151e-06 0
6.13056e-06 0
6.40103e-06 0
6.68344e-06 0
6.97831e-06 0
7.28618e-06 0
7.60764e-06 0
7.94328e-06 0
8.29373e-06 0
8.65964e-06 0
9.0417e-06 0
9.44061e-06 0
9.85712e-06 0
1.0292e-05 0
1.07461e-05 0
1.12202e-05 0
1.17152e-05 0
1.22321e-05 0
1.27717e-05 0
1.33352e-05 0
1.39236e-05 0
1.45378e-05 0
1.51792e-05 0
1.58489e-05 0
1.65482e-05 0
1.72783e-05 0
1.80406e-05 0
1.88365e-05 0
1.96675e-05 0
2.05353e-05 0
2.14412e-05 0
2.23872e-05 0
2.33749e-05 0
2.44062e-05 0
2.5483e-05 0
2.66073e-05 0
2.77811e-05 0
2.90068e-05 0
3.02866e-05 0
3.16228e-05 0
3.30179e-05 0
3.44747e-05 0
3.59956e-05 0
3.75837e-05 0
3.92419e-05 0
4.09732e-05 0
4.27809e-05 0
4.46684e-05 0
4.66391e-05 0
4.86968e-05 0
5.08452e-05 0
5.30884e-05 0
5.54307e-05 0
5.78762e-05 0
6.04296e-05 0
6.30957e-05 0
6.58795e-05 0
6.8786e-05 0
7.18208e-05 0
7.49894e-05 0
7.82979e-05 0
8.17523e-05 0
8.53591e-05 0
8.91251e-05 0
9.30572e-05 0
9.71628e-05 0
0.00010145 0
0.000105925 0
0.000110599 0
0.000115478 0
0.000120573 0
0.000125893 0
0.000131447 0
0.000137246 0
0.000143301 0
0.000149624 0
0.000156225 0
0.000163117 0
0.000170314 0
0.000177828 0
0.000185674 0
0.000193865 0
0.000202418 0
0.000211349 0
0.000220673 0
0.000230409 0
0.000240575 0
0.000251189 0
0.000262271 0
0.000273842 0
0.000285924 0
0.000298538 0
0.000311709 0
0.000325462 0
0.000339821 0
0.000354813 0
0.000370467 0
0.000386812 0
0.000403878 0
0.000421697 0
0.000440301 0
0.000459727 0
0.00048001 0
0.000501187 0
0.000523299 0
0.000546387 0
0.000570493 0
0.000595662 0
0.000621942 0
0.000649382 0
0.000678032 0
0.000707946 0
0.00073918 0
0.000771792 0
0.000805842 0
0.000841395 0
0.000878517 0
0.000917276 0
0.000957745 0
0.001 0
0.00104412 0
0.00109018 0
0.00113828 0
0.0011885 0
0.00124094 0
0.00129569 0
0.00135285 0
0.00141254 0
0.00147486 0
0.00153993 0
0.00160787 0
0.0016788 0
0.00175287 109.255
0.00183021 0
0.00191095 0
0.00199526 0
0.00208329 0
0.0021752 0
0.00227117 0
0.00237137 100.152
0.002476 0
0.00258523 0
0.00269929 0
0.00281838 48.3163
0.00294273 0
0.00307256 0
0.00320812 0
0.00334965 0
0.00349744 0
0.00365174 0
0.00381285 81.6823
0.00398107 0
0.00415671 212.689
0.0043401 84.0349
0.00453158 0
0.00473151 0
0.00494026 89.3024
0.00515822 68.834
0.0053858 0
0.00562341 74.472
0.00587151 0
0.00613056 0
0.00640103 71.9478
0.00668344 0
0.00697831 187.904
0.00728618 164.217
0.00760764 152.516
0.00794328 232.797
0.00829373 96.7178
0.00865964 112.067
0.0090417 99.5365
0.00944061 181.604
0.00985712 191.136
0.010292 249.795
0.0107461 71.4721
0.0112202 254.752
0.0117152 218.094
0.0122321 370.898
0.0127717 206.859
0.0133352 151.241
0.0139236 182.014
0.0145378 751.355
0.0151792 239.391
0.0158489 466.234
0.0165482 404.998
0.0172783 810.033
0.0180406 403.599
0.0188365 1123.46
0.0196675 458.061
0.0205353 386.75
0.0214412 823.049
0.0223872 509.335
0.0233749 636.104
0.0244062 1385.62
0.025483 1215.76
0.0266073 663.059
0.0277811 902.997
0.0290068 1477.65
0.0302866 1282.48
0.0316228 1577.22
0.0330179 1397.89
0.0344747 1007
0.0359956 1189.27
0.0375837 1093.28
0.0392419 1759.95
0.0409732 2054.41
0.0427809 1918.92
0.0446684 1943.14
0.0466391 2129.48
0.0486968 1717
0.0508452 1642.01
0.0530884 3002.03
0.0554307 1943.05
0.0578762 3127.07
0.0604296 3298.38
0.0630957 3804.94
0.0658795 3503.93
0.068786 4144.43
0.0718208 4984.12
0.0749894 3590.64
0.0782979 3848.67
0.0817523 3484.29
0.0853591 4810.82
0.0891251 4949.45
0.0930572 3686.49
0.0971628 5535.44
0.10145 5513.51
0.105925 4653.43
0.110599 7267.18
0.115478 6048.63
0.120573 5850.23
0.125893 6105.84
0.131447 6786.75
0.137246 5978.17
0.143301 8027.38
0.149624 7228.41
0.156225 6319.02
0.163117 7465.42
0.170314 8532.78
0.177828 8406.44
0.185674 7896.93
0.193865 8148.96
0.202418 6444
0.211349 8150.76
0.220673 8272.57
0.230409 9199.32
0.240575 8372.19
0.251189 9329.53
0.262271 9609.23
0.273842 7837.67
0.285924 9139.89
0.298538 9113.64
0.311709 10195.8
0.325462 11357.4
0.339821 9169.24
0.354813 7288.56
0.370467 10464.2
0.386812 9912.44
0.403878 10329.5
0.421697 10646.9
0.440301 9465.91
0.459727 9667.67
0.48001 9550.38
0.501187 11405
0.523299 10598.1
0.546387 8711.6
0.570493 9972.74
0.595662 9417.48
0.621942 11431.8
0.649382 9808.87
0.678032 9629.91
0.707946 9809.84
0.73918 9012.4
0.771792 8585.99
0.805842 9566.24
0.841395 7963.6
0.878517 7013.4
0.917276 6573.73
0.957745 8541.88
1 6945.25
1.04412 5706.33
1.09018 8032.11
1.13828 6102.82
1.1885 5139.34
1.24094 5743.73
1.29569 5308.66
1.35285 4484.12
1.41254 3328.56
1.47486 3827.73
1.53993 4391.87
1.60787 4071.4
1.6788 4960.76
1.75287 3021.85
1.83021 2793.67
1.91095 4254.91
1.99526 3690.61
2.08329 2739.65
2.1752 3320.18
2.27117 3041.13
2.37137 3444.09
2.476 3039.31
2.58523 2863.24
2.69929 3569.57
2.81838 2213.65
2.94273 2561.55
3.07256 2117.43
3.20812 2059.22
3.34965 1876.49
3.49744 2039.85
3.65174 1864.98
3.81285 2355.97
3.98107 1487.51
4.15671 1944.71
4.3401 1466.1
4.53158 2311.65
4.73151 1474.77
4.94026 1594.33
5.15822 1988.79
5.3858 2016.61
5.62341 974.551
5.87151 1388.4
6.13056 2048.73
6.40103 2002.29
6.68344 1264.95
6.97831 1143.26
7.28618 1124.58
7.60764 1859.06
7.94328 1520.75
8.29373 1113.45
8.65964 960.651
9.0417 831.507
9.44061 1497.65
9.85712 1164.78
10.292 1378.21
10.7461 2134.76
11.2202 1377.41
11.7152 975.287
12.2321 986.713
12.7717 1256.12
13.3352 641.663
13.9236 938.435
14.5378 1414.9
15.1792 732.711
15.8489 1062.19
16.5482 1024.13
17.2783 1154.93
18.0406 709.257
18.8365 910.951
19.6675 947.814
20.5353 1444.67
21.4412 1131.2
22.3872 544.07
23.3749 595.14
24.4062 1202.81
25.483 1112.84
26.6073 1575.89
27.7811 1245.08
29.0068 1215.74
30.2866 1453.8
31.6228 2186.88
33.0179 1052.67
34.4747 1016.28
35.9956 1287.51
37.5837 1551.71
39.2419 1112.14
40.9732 2045.91
42.7809 1230.04
44.6684 1276.3
46.6391 1486.63
48.6968 1179.7
50.8452 1758.39
53.0884 1994.36
55.4307 2196.52
57.8762 1939.43
60.4296 1665.69
63.0957 1478.11
65.8795 2467.56
68.786 2722.35
71.8208 1343.41
74.9894 2379.33
78.2979 2478.55
81.7523 2065.25
85.3591 2696.47
89.1251 2398.25
93.0572 1648.35
97.1628 1428.36
101.45 2532.06
105.925 2436.94
110.599 2837.61
115.478 1933.3
120.573 2387.67
125.893 1907.22
131.447 2225.4
137.246 1413.4
143.301 2289.19
149.624 3152.01
156.225 2422.12
163.117 2461.6
170.314 3826.47
177.828 3325.13
185.674 2936.87
193.865 4433.49
202.418 3208.51
211.349 3376.62
220.673 3623.85
230.409 3250.74
240.575 3758.36
251.189 3671.66
262.271 3519.23
273.842 4756.97
285.924 4231.89
298.538 3436.22
311.709 4656.32
325.462 4614.33
339.821 4715.54
354.813 5009.05
370.467 4274.72
386.812 3071.59
403.878 3082.75
421.697 2366.34
440.301 2324.9
459.727 2105.42
480.01 1393.95
501.187 636.252
523.299 918.363
546.387 715.596
570.493 448.928
595.662 562.319
621.942 167.341
649.382 738.132
678.032 289.62
707.946 169.571
739.18 178.76
771.792 164.334
805.842 116.685
841.395 0
878.517 119.306
917.276 209.908
957.745 0
1000 0
