# First line is two numbers 
#     First value is '2', it means 'histogram mode'
#     Second value is 'Emin' of the histogram
# Other lines : 2 columns. 1) energy 2) probability (nb divided by NbEvent)
# Number of bins = 480
# Content below the first bin: 0
# Content above the last  bin: 82.8782
# Content above the last  bin: 82.8782
# Number of events: 209000
2 1e-06
1.04412e-06 0
1.09018e-06 0
1.13828e-06 0
1.1885e-06 0
1.24094e-06 0
1.29569e-06 0
1.35285e-06 0
1.41254e-06 0
1.47486e-06 0
1.53993e-06 0
1.60787e-06 0
1.6788e-06 0
1.75287e-06 0
1.83021e-06 0
1.91095e-06 0
1.99526e-06 0
2.08329e-06 0
2.1752e-06 0
2.27117e-06 0
2.37137e-06 0
2.476e-06 0
2.58523e-06 0
2.69929e-06 0
2.81838e-06 0
2.94273e-06 0
3.07256e-06 0
3.20812e-06 0
3.34965e-06 0
3.49744e-06 0
3.65174e-06 0
3.81285e-06 0
3.98107e-06 0
4.15671e-06 0
4.3401e-06 0
4.53158e-06 0
4.73151e-06 0
4.94026e-06 0
5.15822e-06 0
5.3858e-06 0
5.62341e-06 0
5.87151e-06 0
6.13056e-06 0
6.40103e-06 0
6.68344e-06 0
6.97831e-06 0
7.28618e-06 0
7.60764e-06 0
7.94328e-06 0
8.29373e-06 0
8.65964e-06 0
9.0417e-06 0
9.44061e-06 0
9.85712e-06 0
1.0292e-05 0
1.07461e-05 0
1.12202e-05 0
1.17152e-05 0
1.22321e-05 0
1.27717e-05 0
1.33352e-05 0
1.39236e-05 0
1.45378e-05 0
1.51792e-05 0
1.58489e-05 0
1.65482e-05 0
1.72783e-05 0
1.80406e-05 0
1.88365e-05 0
1.96675e-05 0
2.05353e-05 0
2.14412e-05 0
2.23872e-05 0
2.33749e-05 0
2.44062e-05 0
2.5483e-05 0
2.66073e-05 0
2.77811e-05 0
2.90068e-05 0
3.02866e-05 0
3.16228e-05 0
3.30179e-05 0
3.44747e-05 0
3.59956e-05 0
3.75837e-05 0
3.92419e-05 0
4.09732e-05 0
4.27809e-05 0
4.46684e-05 0
4.66391e-05 0
4.86968e-05 0
5.08452e-05 0
5.30884e-05 0
5.54307e-05 0
5.78762e-05 0
6.04296e-05 0
6.30957e-05 0
6.58795e-05 0
6.8786e-05 0
7.18208e-05 0
7.49894e-05 0
7.82979e-05 0
8.17523e-05 0
8.53591e-05 0
8.91251e-05 0
9.30572e-05 0
9.71628e-05 0
0.00010145 0
0.000105925 0
0.000110599 0
0.000115478 0
0.000120573 0
0.000125893 0
0.000131447 0
0.000137246 0
0.000143301 0
0.000149624 0
0.000156225 0
0.000163117 0
0.000170314 0
0.000177828 0
0.000185674 0
0.000193865 0
0.000202418 0
0.000211349 0
0.000220673 0
0.000230409 0
0.000240575 0
0.000251189 0
0.000262271 0
0.000273842 0
0.000285924 0
0.000298538 0
0.000311709 0
0.000325462 0
0.000339821 0
0.000354813 0
0.000370467 0
0.000386812 0
0.000403878 112.36
0.000421697 0
0.000440301 0
0.000459727 0
0.00048001 0
0.000501187 0
0.000523299 0
0.000546387 0
0.000570493 0
0.000595662 0
0.000621942 0
0.000649382 0
0.000678032 0
0.000707946 0
0.00073918 0
0.000771792 0
0.000805842 0
0.000841395 44.2713
0.000878517 0
0.000917276 0
0.000957745 0
0.001 0
0.00104412 0
0.00109018 0
0.00113828 0
0.0011885 0
0.00124094 0
0.00129569 0
0.00135285 0
0.00141254 92.5012
0.00147486 38.4717
0.00153993 0
0.00160787 0
0.0016788 0
0.00175287 109.548
0.00183021 62.2977
0.00191095 0
0.00199526 68.7728
0.00208329 0
0.0021752 114.067
0.00227117 0
0.00237137 0
0.002476 0
0.00258523 60.9612
0.00269929 0
0.00281838 0
0.00294273 0
0.00307256 0
0.00320812 0
0.00334965 0
0.00349744 44.2357
0.00365174 0
0.00381285 0
0.00398107 19.0983
0.00415671 107.728
0.0043401 0
0.00453158 0
0.00473151 0
0.00494026 118.129
0.00515822 194.723
0.0053858 117.869
0.00562341 0
0.00587151 0
0.00613056 84.2609
0.00640103 0
0.00668344 0
0.00697831 222.793
0.00728618 206.234
0.00760764 0
0.00794328 86.0798
0.00829373 128.168
0.00865964 327.684
0.0090417 217.191
0.00944061 69.2909
0.00985712 72.2611
0.010292 135.223
0.0107461 179.198
0.0112202 329.857
0.0117152 247.302
0.0122321 185.855
0.0127717 175.156
0.0133352 125.015
0.0139236 668.117
0.0145378 450.136
0.0151792 312.733
0.0158489 504.06
0.0165482 518.673
0.0172783 497.442
0.0180406 575.164
0.0188365 790.529
0.0196675 569.944
0.0205353 681.399
0.0214412 192.638
0.0223872 963.96
0.0233749 834.507
0.0244062 969.387
0.025483 1119.34
0.0266073 852.725
0.0277811 1266.6
0.0290068 870.77
0.0302866 693.308
0.0316228 1171.63
0.0330179 1406.45
0.0344747 1712.82
0.0359956 919.393
0.0375837 1839.46
0.0392419 2120.71
0.0409732 1810.25
0.0427809 1572.86
0.0446684 1226.62
0.0466391 2574.94
0.0486968 3739.02
0.0508452 2722.02
0.0530884 1737.57
0.0554307 3260.74
0.0578762 2594.67
0.0604296 3577.64
0.0630957 3002.67
0.0658795 3954.24
0.068786 4853.97
0.0718208 4481.23
0.0749894 3913.88
0.0782979 3429.35
0.0817523 4682.08
0.0853591 4626.23
0.0891251 4087.21
0.0930572 5994.78
0.0971628 5379.37
0.10145 4804.48
0.105925 6631.89
0.110599 6119.04
0.115478 6880.91
0.120573 7906.87
0.125893 6135.53
0.131447 6975.69
0.137246 6461.43
0.143301 7841.11
0.149624 6703.54
0.156225 7652.17
0.163117 8046.07
0.170314 6295.96
0.177828 8590.96
0.185674 7987.27
0.193865 7856.78
0.202418 8768.09
0.211349 7935.23
0.220673 8171.38
0.230409 10732.8
0.240575 11215.7
0.251189 8398.73
0.262271 8528.91
0.273842 10524.5
0.285924 9597.94
0.298538 8708.89
0.311709 9683.1
0.325462 11526.5
0.339821 10489.8
0.354813 9736.97
0.370467 8911.12
0.386812 11238.7
0.403878 10850.3
0.421697 10484.8
0.440301 8256.29
0.459727 9320.53
0.48001 9377.99
0.501187 10145.4
0.523299 9780.61
0.546387 11161.2
0.570493 10109.5
0.595662 9818.58
0.621942 9753.59
0.649382 11389.1
0.678032 8690.09
0.707946 10062.5
0.73918 9171.3
0.771792 9042.37
0.805842 9342.6
0.841395 8012.86
0.878517 8040.27
0.917276 7100.87
0.957745 8799.1
1 7452.52
1.04412 6902.07
1.09018 5314.91
1.13828 7530.94
1.1885 5090.16
1.24094 4536.44
1.29569 6286.66
1.35285 4682.7
1.41254 5176.77
1.47486 4632.34
1.53993 3322.01
1.60787 4610.78
1.6788 3855.76
1.75287 4598.98
1.83021 3651.69
1.91095 2885.1
1.99526 3304.35
2.08329 2480.62
2.1752 2372.46
2.27117 4498.8
2.37137 3162.64
2.476 2288.59
2.58523 2104.37
2.69929 2461.62
2.81838 3727.32
2.94273 2713.74
3.07256 3081.72
3.20812 2500.05
3.34965 2645.38
3.49744 2164.05
3.65174 2574.08
3.81285 1723.93
3.98107 2015.66
4.15671 2005.06
4.3401 1820.33
4.53158 1837.45
4.73151 1486.19
4.94026 1012.3
5.15822 1439.47
5.3858 2383.57
5.62341 1132.02
5.87151 1375.16
6.13056 2157.05
6.40103 1274.02
6.68344 1571.61
6.97831 1597.08
7.28618 849.398
7.60764 1208.17
7.94328 1716.61
8.29373 1611.85
8.65964 1150.49
9.0417 1087.79
9.44061 422.916
9.85712 1074.23
10.292 990.462
10.7461 1430.36
11.2202 798.047
11.7152 1048.22
12.2321 1837.38
12.7717 1023.71
13.3352 807.352
13.9236 954.929
14.5378 1592.08
15.1792 588.71
15.8489 1221.79
16.5482 924.939
17.2783 1103.05
18.0406 942.316
18.8365 855.731
19.6675 911.496
20.5353 920.472
21.4412 1453.05
22.3872 1138.44
23.3749 1625.97
24.4062 929.761
25.483 557.875
26.6073 452.31
27.7811 1462.09
29.0068 1461.38
30.2866 1374.81
31.6228 1147.78
33.0179 2296.72
34.4747 1167.53
35.9956 658.478
37.5837 1287.47
39.2419 1861.45
40.9732 2171
42.7809 1170.28
44.6684 2026.6
46.6391 2217.63
48.6968 2014.77
50.8452 1587.16
53.0884 2021.38
55.4307 1825.4
57.8762 1467.82
60.4296 1597.2
63.0957 2148.91
65.8795 2249.37
68.786 1536.69
71.8208 2077.35
74.9894 2040.45
78.2979 2081.97
81.7523 2975.01
85.3591 1844.47
89.1251 2320.67
93.0572 2096.94
97.1628 2749.82
101.45 2821.63
105.925 1821.35
110.599 2904.86
115.478 2244.49
120.573 2767.09
125.893 2361.92
131.447 2803.82
137.246 2926.37
143.301 2630.72
149.624 2612.44
156.225 2203.01
163.117 3332.71
170.314 3239.99
177.828 3402.52
185.674 3897.91
193.865 3943.66
202.418 3026.06
211.349 2518.05
220.673 4667.42
230.409 3467.01
240.575 5482.41
251.189 4279.07
262.271 4518
273.842 5536.38
285.924 4428.54
298.538 4070.97
311.709 3783.26
325.462 4618.23
339.821 4713.91
354.813 4358.24
370.467 3788.65
386.812 3896.08
403.878 3668.93
421.697 2757.67
440.301 2042.48
459.727 1584.13
480.01 1360.93
501.187 1252.76
523.299 1105.43
546.387 1435.35
570.493 403.828
595.662 563.228
621.942 326.255
649.382 274.547
678.032 377.707
707.946 118.811
739.18 321.461
771.792 67.4918
805.842 138.598
841.395 0
878.517 0
917.276 0
957.745 0
1000 2.96381
