# First line is two numbers 
#     First value is '2', it means 'histogram mode'
#     Second value is 'Emin' of the histogram
# Other lines : 2 columns. 1) energy 2) probability (nb divided by NbEvent)
# Number of bins = 480
# Content below the first bin: 0
# Content above the last  bin: 0
# Content above the last  bin: 0
# Number of events: 209000
2 1e-06
1.04412e-06 0
1.09018e-06 0
1.13828e-06 0
1.1885e-06 0
1.24094e-06 0
1.29569e-06 0
1.35285e-06 0
1.41254e-06 0
1.47486e-06 0
1.53993e-06 0
1.60787e-06 0
1.6788e-06 0
1.75287e-06 0
1.83021e-06 0
1.91095e-06 0
1.99526e-06 0
2.08329e-06 0
2.1752e-06 0
2.27117e-06 0
2.37137e-06 0
2.476e-06 0
2.58523e-06 0
2.69929e-06 0
2.81838e-06 0
2.94273e-06 0
3.07256e-06 0
3.20812e-06 0
3.34965e-06 0
3.49744e-06 0
3.65174e-06 0
3.81285e-06 0
3.98107e-06 0
4.15671e-06 0
4.3401e-06 0
4.53158e-06 0
4.73151e-06 0
4.94026e-06 0
5.15822e-06 0
5.3858e-06 0
5.62341e-06 0
5.87151e-06 0
6.13056e-06 0
6.40103e-06 0
6.68344e-06 0
6.97831e-06 0
7.28618e-06 0
7.60764e-06 0
7.94328e-06 0
8.29373e-06 0
8.65964e-06 0
9.0417e-06 0
9.44061e-06 0
9.85712e-06 0
1.0292e-05 0
1.07461e-05 0
1.12202e-05 0
1.17152e-05 0
1.22321e-05 0
1.27717e-05 0
1.33352e-05 0
1.39236e-05 0
1.45378e-05 0
1.51792e-05 0
1.58489e-05 0
1.65482e-05 0
1.72783e-05 0
1.80406e-05 0
1.88365e-05 0
1.96675e-05 0
2.05353e-05 0
2.14412e-05 0
2.23872e-05 0
2.33749e-05 0
2.44062e-05 0
2.5483e-05 0
2.66073e-05 0
2.77811e-05 0
2.90068e-05 0
3.02866e-05 0
3.16228e-05 0
3.30179e-05 0
3.44747e-05 0
3.59956e-05 0
3.75837e-05 0
3.92419e-05 0
4.09732e-05 0
4.27809e-05 0
4.46684e-05 0
4.66391e-05 0
4.86968e-05 0
5.08452e-05 0
5.30884e-05 0
5.54307e-05 0
5.78762e-05 0
6.04296e-05 0
6.30957e-05 0
6.58795e-05 0
6.8786e-05 0
7.18208e-05 0
7.49894e-05 0
7.82979e-05 0
8.17523e-05 0
8.53591e-05 0
8.91251e-05 0
9.30572e-05 0
9.71628e-05 0
0.00010145 0
0.000105925 0
0.000110599 0
0.000115478 0
0.000120573 0
0.000125893 0
0.000131447 0
0.000137246 0
0.000143301 0
0.000149624 0
0.000156225 0
0.000163117 0
0.000170314 0
0.000177828 0
0.000185674 0
0.000193865 0
0.000202418 0
0.000211349 0
0.000220673 0
0.000230409 0
0.000240575 0
0.000251189 0
0.000262271 0
0.000273842 0
0.000285924 0
0.000298538 0
0.000311709 0
0.000325462 0
0.000339821 0
0.000354813 0
0.000370467 0
0.000386812 0
0.000403878 0
0.000421697 0
0.000440301 0
0.000459727 0
0.00048001 0
0.000501187 0
0.000523299 0
0.000546387 0
0.000570493 0
0.000595662 0
0.000621942 0
0.000649382 0
0.000678032 0
0.000707946 0
0.00073918 0
0.000771792 0
0.000805842 0
0.000841395 0
0.000878517 0
0.000917276 0
0.000957745 0
0.001 0
0.00104412 0
0.00109018 0
0.00113828 0
0.0011885 0
0.00124094 0
0.00129569 0
0.00135285 0
0.00141254 0
0.00147486 0
0.00153993 0
0.00160787 0
0.0016788 0
0.00175287 0
0.00183021 0
0.00191095 0
0.00199526 0
0.00208329 0
0.0021752 0
0.00227117 0
0.00237137 0
0.002476 0
0.00258523 0
0.00269929 0
0.00281838 0
0.00294273 0
0.00307256 0
0.00320812 78.5796
0.00334965 0
0.00349744 0
0.00365174 0
0.00381285 0
0.00398107 101.267
0.00415671 0
0.0043401 91.9396
0.00453158 22.241
0.00473151 0
0.00494026 0
0.00515822 0
0.0053858 0
0.00562341 0
0.00587151 61.4326
0.00613056 0
0.00640103 0
0.00668344 0
0.00697831 0
0.00728618 117.78
0.00760764 97.2567
0.00794328 0
0.00829373 0
0.00865964 34.9707
0.0090417 0
0.00944061 0
0.00985712 0
0.010292 0
0.0107461 0
0.0112202 56.3207
0.0117152 70.5489
0.0122321 0
0.0127717 98.4734
0.0133352 0
0.0139236 0
0.0145378 0
0.0151792 83.8846
0.0158489 507.571
0.0165482 64.9639
0.0172783 150.043
0.0180406 372.551
0.0188365 30.7763
0.0196675 142.42
0.0205353 27.8012
0.0214412 191.045
0.0223872 352.203
0.0233749 682.496
0.0244062 444.581
0.025483 179.276
0.0266073 160.011
0.0277811 363.884
0.0290068 544.755
0.0302866 267.381
0.0316228 500.675
0.0330179 420.762
0.0344747 249.464
0.0359956 318.655
0.0375837 257.53
0.0392419 117.478
0.0409732 336.003
0.0427809 658.233
0.0446684 981.142
0.0466391 634.723
0.0486968 595.417
0.0508452 468.136
0.0530884 906.798
0.0554307 949.111
0.0578762 605.468
0.0604296 665.898
0.0630957 921.818
0.0658795 760.422
0.068786 1257.18
0.0718208 916.692
0.0749894 643.504
0.0782979 1207.34
0.0817523 1251.45
0.0853591 1710.03
0.0891251 691.711
0.0930572 1189.81
0.0971628 1323.87
0.10145 1637.9
0.105925 1790.71
0.110599 1761.6
0.115478 1512.34
0.120573 1308.24
0.125893 2013.39
0.131447 1395.99
0.137246 2079.49
0.143301 1234.95
0.149624 2104.23
0.156225 1580
0.163117 1521.1
0.170314 1900.31
0.177828 1686.56
0.185674 1653.12
0.193865 2204.45
0.202418 2332.35
0.211349 1454.75
0.220673 1762.28
0.230409 1666.26
0.240575 2150.8
0.251189 2249.9
0.262271 1527.92
0.273842 1723.8
0.285924 1374.29
0.298538 2584.83
0.311709 2663.16
0.325462 2425.02
0.339821 1541.53
0.354813 1961.59
0.370467 1690.99
0.386812 2003.68
0.403878 1792.95
0.421697 1539.45
0.440301 2664.68
0.459727 1875.64
0.48001 2175.39
0.501187 2532.47
0.523299 1880.25
0.546387 1739.37
0.570493 1671.18
0.595662 1976.57
0.621942 1814.02
0.649382 2352.51
0.678032 2586.29
0.707946 2007.11
0.73918 1928.4
0.771792 1826.99
0.805842 1278.19
0.841395 1918.55
0.878517 876.992
0.917276 1548.39
0.957745 1420.26
1 1106.86
1.04412 1326.5
1.09018 646.744
1.13828 1183.16
1.1885 854.759
1.24094 1244.84
1.29569 1163.44
1.35285 343.649
1.41254 644.976
1.47486 1026.36
1.53993 584.053
1.60787 339.44
1.6788 437.037
1.75287 620.49
1.83021 338.082
1.91095 604.004
1.99526 572.138
2.08329 270.16
2.1752 423.987
2.27117 625.605
2.37137 101.839
2.476 693.226
2.58523 370.225
2.69929 469.676
2.81838 392.002
2.94273 449.827
3.07256 678.486
3.20812 790.699
3.34965 751.431
3.49744 614.317
3.65174 193.933
3.81285 707.499
3.98107 347.922
4.15671 243.261
4.3401 60.4309
4.53158 144.326
4.73151 191.733
4.94026 372.714
5.15822 187.143
5.3858 201.421
5.62341 124.299
5.87151 260.912
6.13056 191.374
6.40103 413.736
6.68344 298.255
6.97831 272.929
7.28618 323.993
7.60764 442.469
7.94328 403.997
8.29373 138.123
8.65964 148.966
9.0417 112.874
9.44061 157.095
9.85712 98.0812
10.292 297.929
10.7461 0
11.2202 50.2257
11.7152 277.382
12.2321 57.29
12.7717 478.575
13.3352 81.2765
13.9236 451.826
14.5378 285.404
15.1792 250.433
15.8489 181.642
16.5482 273.181
17.2783 219.723
18.0406 336.491
18.8365 0
19.6675 205.717
20.5353 112.275
21.4412 186.778
22.3872 305.025
23.3749 125.052
24.4062 480.013
25.483 147.323
26.6073 460.239
27.7811 260.613
29.0068 166.574
30.2866 215.724
31.6228 277.803
33.0179 225.703
34.4747 460.055
35.9956 179.136
37.5837 452.715
39.2419 60.1671
40.9732 433.422
42.7809 183.387
44.6684 174.993
46.6391 0
48.6968 480.489
50.8452 377.027
53.0884 228.159
55.4307 234.633
57.8762 660.78
60.4296 281.702
63.0957 489.349
65.8795 516.662
68.786 424.838
71.8208 298.456
74.9894 479.975
78.2979 715.246
81.7523 366.994
85.3591 335.05
89.1251 560.494
93.0572 221.642
97.1628 501.045
101.45 281.291
105.925 455.971
110.599 726.199
115.478 214.602
120.573 558.207
125.893 718.18
131.447 680.961
137.246 432.939
143.301 811.413
149.624 1158.98
156.225 871.713
163.117 945.443
170.314 1025.39
177.828 1141.83
185.674 783.137
193.865 527.742
202.418 899.582
211.349 533.952
220.673 722.123
230.409 1153.74
240.575 1348.41
251.189 295.124
262.271 761.521
273.842 652.837
285.924 494.335
298.538 492.282
311.709 476.611
325.462 165.888
339.821 199.505
354.813 114.241
370.467 455.023
386.812 289.976
403.878 0
421.697 107.931
440.301 0
459.727 147.569
480.01 111.987
501.187 0
523.299 117.507
546.387 0
570.493 0
595.662 0
621.942 0
649.382 0
678.032 0
707.946 0
739.18 0
771.792 0
805.842 0
841.395 0
878.517 0
917.276 0
957.745 0
1000 0
