# First line is two numbers 
#     First value is '2', it means 'histogram mode'
#     Second value is 'Emin' of the histogram
# Other lines : 2 columns. 1) energy 2) probability (nb divided by NbEvent)
# Number of bins = 480
# Content below the first bin: 0
# Content above the last  bin: 0
# Content above the last  bin: 0
# Number of events: 209000
2 1e-06
1.04412e-06 0
1.09018e-06 0
1.13828e-06 0
1.1885e-06 0
1.24094e-06 0
1.29569e-06 0
1.35285e-06 0
1.41254e-06 0
1.47486e-06 0
1.53993e-06 0
1.60787e-06 0
1.6788e-06 0
1.75287e-06 0
1.83021e-06 0
1.91095e-06 0
1.99526e-06 0
2.08329e-06 0
2.1752e-06 0
2.27117e-06 0
2.37137e-06 0
2.476e-06 0
2.58523e-06 0
2.69929e-06 0
2.81838e-06 0
2.94273e-06 0
3.07256e-06 0
3.20812e-06 0
3.34965e-06 0
3.49744e-06 0
3.65174e-06 0
3.81285e-06 0
3.98107e-06 0
4.15671e-06 0
4.3401e-06 0
4.53158e-06 0
4.73151e-06 0
4.94026e-06 0
5.15822e-06 0
5.3858e-06 0
5.62341e-06 0
5.87151e-06 0
6.13056e-06 0
6.40103e-06 0
6.68344e-06 0
6.97831e-06 0
7.28618e-06 0
7.60764e-06 0
7.94328e-06 0
8.29373e-06 0
8.65964e-06 0
9.0417e-06 0
9.44061e-06 0
9.85712e-06 0
1.0292e-05 0
1.07461e-05 0
1.12202e-05 0
1.17152e-05 0
1.22321e-05 0
1.27717e-05 0
1.33352e-05 0
1.39236e-05 0
1.45378e-05 0
1.51792e-05 0
1.58489e-05 0
1.65482e-05 0
1.72783e-05 0
1.80406e-05 0
1.88365e-05 0
1.96675e-05 0
2.05353e-05 0
2.14412e-05 0
2.23872e-05 0
2.33749e-05 0
2.44062e-05 0
2.5483e-05 0
2.66073e-05 0
2.77811e-05 0
2.90068e-05 0
3.02866e-05 0
3.16228e-05 0
3.30179e-05 0
3.44747e-05 0
3.59956e-05 0
3.75837e-05 0
3.92419e-05 0
4.09732e-05 0
4.27809e-05 0
4.46684e-05 0
4.66391e-05 0
4.86968e-05 0
5.08452e-05 0
5.30884e-05 0
5.54307e-05 0
5.78762e-05 0
6.04296e-05 0
6.30957e-05 0
6.58795e-05 0
6.8786e-05 0
7.18208e-05 0
7.49894e-05 0
7.82979e-05 0
8.17523e-05 0
8.53591e-05 0
8.91251e-05 0
9.30572e-05 0
9.71628e-05 0
0.00010145 0
0.000105925 0
0.000110599 0
0.000115478 0
0.000120573 0
0.000125893 0
0.000131447 0
0.000137246 0
0.000143301 0
0.000149624 0
0.000156225 0
0.000163117 0
0.000170314 0
0.000177828 0
0.000185674 0
0.000193865 0
0.000202418 0
0.000211349 0
0.000220673 0
0.000230409 0
0.000240575 0
0.000251189 0
0.000262271 0
0.000273842 0
0.000285924 0
0.000298538 0
0.000311709 0
0.000325462 0
0.000339821 0
0.000354813 0
0.000370467 0
0.000386812 0
0.000403878 0
0.000421697 0
0.000440301 0
0.000459727 0
0.00048001 0
0.000501187 0
0.000523299 0
0.000546387 0
0.000570493 0
0.000595662 0
0.000621942 0
0.000649382 0
0.000678032 0
0.000707946 0
0.00073918 0
0.000771792 0
0.000805842 0
0.000841395 0
0.000878517 0
0.000917276 0
0.000957745 0
0.001 0
0.00104412 0
0.00109018 0
0.00113828 0
0.0011885 0
0.00124094 0
0.00129569 0
0.00135285 0
0.00141254 0
0.00147486 0
0.00153993 0
0.00160787 0
0.0016788 0
0.00175287 0
0.00183021 0
0.00191095 0
0.00199526 0
0.00208329 0
0.0021752 0
0.00227117 0
0.00237137 0
0.002476 63.7238
0.00258523 0
0.00269929 0
0.00281838 0
0.00294273 0
0.00307256 0
0.00320812 0
0.00334965 0
0.00349744 0
0.00365174 0
0.00381285 0
0.00398107 0
0.00415671 0
0.0043401 0
0.00453158 0
0.00473151 0
0.00494026 0
0.00515822 0
0.0053858 0
0.00562341 0
0.00587151 0
0.00613056 80.7719
0.00640103 0
0.00668344 0
0.00697831 0
0.00728618 70.3484
0.00760764 0
0.00794328 86.4829
0.00829373 0
0.00865964 111.41
0.0090417 0
0.00944061 51.0711
0.00985712 0
0.010292 218.682
0.0107461 140.442
0.0112202 186.901
0.0117152 0
0.0122321 189.85
0.0127717 113.474
0.0133352 114.14
0.0139236 316.211
0.0145378 145.67
0.0151792 0
0.0158489 107.84
0.0165482 189.366
0.0172783 142.155
0.0180406 229.011
0.0188365 206.791
0.0196675 30.4493
0.0205353 0
0.0214412 196.876
0.0223872 180.777
0.0233749 201.426
0.0244062 196.468
0.025483 156.058
0.0266073 396.692
0.0277811 82.3585
0.0290068 288.821
0.0302866 206.05
0.0316228 339.202
0.0330179 337.775
0.0344747 348.476
0.0359956 268.961
0.0375837 243.706
0.0392419 707.482
0.0409732 257.548
0.0427809 251.936
0.0446684 511.563
0.0466391 977
0.0486968 563.176
0.0508452 918.276
0.0530884 1276.2
0.0554307 784.519
0.0578762 802.22
0.0604296 626.431
0.0630957 702.522
0.0658795 916.498
0.068786 1446.5
0.0718208 943.779
0.0749894 941.332
0.0782979 833.34
0.0817523 935.811
0.0853591 1855.32
0.0891251 1788.17
0.0930572 1607.02
0.0971628 949.454
0.10145 1119.33
0.105925 1134.17
0.110599 1621.45
0.115478 1750.25
0.120573 1270.92
0.125893 1607.68
0.131447 1117.17
0.137246 1806.8
0.143301 955.022
0.149624 1530.08
0.156225 1585.31
0.163117 2742.28
0.170314 1377.16
0.177828 812.511
0.185674 1824.61
0.193865 1782.36
0.202418 2208.81
0.211349 2104.94
0.220673 2220.84
0.230409 2175.77
0.240575 1600.05
0.251189 2091.37
0.262271 1759.52
0.273842 2010.67
0.285924 1591.89
0.298538 1424.79
0.311709 2743.86
0.325462 2069.47
0.339821 1731.87
0.354813 2346.27
0.370467 1751.24
0.386812 2372.45
0.403878 2078.89
0.421697 2554.17
0.440301 1431.56
0.459727 2094.3
0.48001 1587.7
0.501187 2243.5
0.523299 2058.67
0.546387 1878.48
0.570493 1806.08
0.595662 2316.8
0.621942 1900.33
0.649382 2621.9
0.678032 640.128
0.707946 1123.29
0.73918 1747.43
0.771792 1195.81
0.805842 1249.53
0.841395 1499.85
0.878517 1576.48
0.917276 963.32
0.957745 1610.54
1 1128.51
1.04412 1425.39
1.09018 1476.68
1.13828 886.915
1.1885 844.647
1.24094 957.641
1.29569 1386.98
1.35285 792.535
1.41254 1520.92
1.47486 548.022
1.53993 988.891
1.60787 521.664
1.6788 766.525
1.75287 477.321
1.83021 413.676
1.91095 333.159
1.99526 801.221
2.08329 326.4
2.1752 451.024
2.27117 390.879
2.37137 162.221
2.476 378.054
2.58523 389.19
2.69929 597.173
2.81838 443.818
2.94273 578.421
3.07256 490.117
3.20812 448.306
3.34965 399.999
3.49744 602.957
3.65174 404.209
3.81285 161.632
3.98107 221.17
4.15671 30.0655
4.3401 135.106
4.53158 393.418
4.73151 423.456
4.94026 219.954
5.15822 364.329
5.3858 332.853
5.62341 314.958
5.87151 249.699
6.13056 366.689
6.40103 322.72
6.68344 76.2309
6.97831 252.356
7.28618 180.711
7.60764 499.768
7.94328 452.72
8.29373 234.759
8.65964 265.629
9.0417 99.6644
9.44061 471.921
9.85712 308.772
10.292 119.047
10.7461 409.083
11.2202 13.5531
11.7152 377.117
12.2321 156.794
12.7717 193.839
13.3352 545.662
13.9236 107.515
14.5378 102.302
15.1792 239.465
15.8489 152.016
16.5482 122.646
17.2783 254.85
18.0406 163.871
18.8365 295.249
19.6675 98.2523
20.5353 95.8718
21.4412 267.682
22.3872 85.0497
23.3749 371.008
24.4062 284.858
25.483 220.363
26.6073 42.4369
27.7811 246.633
29.0068 222.79
30.2866 422.971
31.6228 275.645
33.0179 26.2215
34.4747 127.025
35.9956 289.52
37.5837 136.412
39.2419 136.611
40.9732 454.442
42.7809 27.2457
44.6684 187.712
46.6391 372.855
48.6968 557.173
50.8452 450.003
53.0884 112.583
55.4307 675.223
57.8762 450.668
60.4296 610.608
63.0957 456.269
65.8795 385.625
68.786 524.445
71.8208 942.63
74.9894 356.385
78.2979 537.189
81.7523 817.117
85.3591 157.226
89.1251 428.603
93.0572 1043.97
97.1628 704.956
101.45 104.612
105.925 438.746
110.599 295.373
115.478 1076.07
120.573 467.267
125.893 578.209
131.447 293.532
137.246 584.526
143.301 347.953
149.624 985.499
156.225 696.016
163.117 764.02
170.314 970.558
177.828 952.25
185.674 1016.44
193.865 496.75
202.418 692.342
211.349 466.072
220.673 631.017
230.409 567.039
240.575 951.529
251.189 680.431
262.271 362.171
273.842 479.185
285.924 430.1
298.538 112.895
311.709 177.435
325.462 300.826
339.821 346.848
354.813 48.9965
370.467 0
386.812 0
403.878 69.4979
421.697 29.2602
440.301 0
459.727 89.7548
480.01 0
501.187 0
523.299 0
546.387 0
570.493 0
595.662 0
621.942 0
649.382 0
678.032 0
707.946 0
739.18 0
771.792 0
805.842 0
841.395 0
878.517 0
917.276 0
957.745 0
1000 0
