# First line is two numbers 
#     First value is '2', it means 'histogram mode'
#     Second value is 'Emin' of the histogram
# Other lines : 2 columns. 1) energy 2) probability (nb divided by NbEvent)
# Number of bins = 480
# Content below the first bin: 0
# Content above the last  bin: 0
# Content above the last  bin: 0
# Number of events: 209000
2 1e-06
1.04412e-06 0
1.09018e-06 0
1.13828e-06 0
1.1885e-06 0
1.24094e-06 0
1.29569e-06 0
1.35285e-06 0
1.41254e-06 0
1.47486e-06 0
1.53993e-06 0
1.60787e-06 0
1.6788e-06 0
1.75287e-06 0
1.83021e-06 0
1.91095e-06 0
1.99526e-06 0
2.08329e-06 0
2.1752e-06 0
2.27117e-06 0
2.37137e-06 0
2.476e-06 0
2.58523e-06 0
2.69929e-06 0
2.81838e-06 0
2.94273e-06 0
3.07256e-06 0
3.20812e-06 0
3.34965e-06 0
3.49744e-06 0
3.65174e-06 0
3.81285e-06 0
3.98107e-06 0
4.15671e-06 0
4.3401e-06 0
4.53158e-06 0
4.73151e-06 0
4.94026e-06 0
5.15822e-06 0
5.3858e-06 0
5.62341e-06 0
5.87151e-06 0
6.13056e-06 0
6.40103e-06 0
6.68344e-06 0
6.97831e-06 0
7.28618e-06 0
7.60764e-06 0
7.94328e-06 0
8.29373e-06 0
8.65964e-06 0
9.0417e-06 0
9.44061e-06 0
9.85712e-06 0
1.0292e-05 0
1.07461e-05 0
1.12202e-05 0
1.17152e-05 0
1.22321e-05 0
1.27717e-05 0
1.33352e-05 0
1.39236e-05 0
1.45378e-05 0
1.51792e-05 0
1.58489e-05 0
1.65482e-05 0
1.72783e-05 0
1.80406e-05 0
1.88365e-05 0
1.96675e-05 0
2.05353e-05 0
2.14412e-05 0
2.23872e-05 0
2.33749e-05 0
2.44062e-05 0
2.5483e-05 0
2.66073e-05 0
2.77811e-05 0
2.90068e-05 0
3.02866e-05 0
3.16228e-05 0
3.30179e-05 0
3.44747e-05 0
3.59956e-05 0
3.75837e-05 0
3.92419e-05 0
4.09732e-05 0
4.27809e-05 0
4.46684e-05 0
4.66391e-05 0
4.86968e-05 0
5.08452e-05 0
5.30884e-05 0
5.54307e-05 0
5.78762e-05 0
6.04296e-05 0
6.30957e-05 0
6.58795e-05 0
6.8786e-05 0
7.18208e-05 0
7.49894e-05 0
7.82979e-05 0
8.17523e-05 0
8.53591e-05 0
8.91251e-05 0
9.30572e-05 0
9.71628e-05 0
0.00010145 0
0.000105925 0
0.000110599 0
0.000115478 0
0.000120573 0
0.000125893 0
0.000131447 0
0.000137246 0
0.000143301 0
0.000149624 0
0.000156225 0
0.000163117 0
0.000170314 0
0.000177828 0
0.000185674 0
0.000193865 0
0.000202418 0
0.000211349 0
0.000220673 0
0.000230409 0
0.000240575 0
0.000251189 0
0.000262271 0
0.000273842 0
0.000285924 0
0.000298538 0
0.000311709 0
0.000325462 0
0.000339821 0
0.000354813 0
0.000370467 0
0.000386812 0
0.000403878 0
0.000421697 0
0.000440301 0
0.000459727 0
0.00048001 0
0.000501187 0
0.000523299 0
0.000546387 0
0.000570493 0
0.000595662 0
0.000621942 0
0.000649382 0
0.000678032 0
0.000707946 0
0.00073918 0
0.000771792 0
0.000805842 0
0.000841395 0
0.000878517 0
0.000917276 0
0.000957745 84.8609
0.001 0
0.00104412 0
0.00109018 0
0.00113828 0
0.0011885 0
0.00124094 0
0.00129569 0
0.00135285 0
0.00141254 0
0.00147486 0
0.00153993 0
0.00160787 0
0.0016788 0
0.00175287 0
0.00183021 0
0.00191095 0
0.00199526 0
0.00208329 0
0.0021752 0
0.00227117 0
0.00237137 0
0.002476 0
0.00258523 0
0.00269929 0
0.00281838 0
0.00294273 0
0.00307256 0
0.00320812 0
0.00334965 0
0.00349744 0
0.00365174 0
0.00381285 0
0.00398107 0
0.00415671 0
0.0043401 58.9671
0.00453158 117.359
0.00473151 0
0.00494026 0
0.00515822 0
0.0053858 102.671
0.00562341 0
0.00587151 0
0.00613056 0
0.00640103 0
0.00668344 0
0.00697831 0
0.00728618 0
0.00760764 0
0.00794328 0
0.00829373 100.201
0.00865964 0
0.0090417 148.035
0.00944061 0
0.00985712 115.018
0.010292 0
0.0107461 193.454
0.0112202 51.892
0.0117152 200.13
0.0122321 103.233
0.0127717 117.838
0.0133352 95.9814
0.0139236 0
0.0145378 99.564
0.0151792 152.834
0.0158489 254.772
0.0165482 100.034
0.0172783 52.3277
0.0180406 332.984
0.0188365 363.161
0.0196675 39.3131
0.0205353 289.618
0.0214412 453.898
0.0223872 319.073
0.0233749 330.981
0.0244062 422.58
0.025483 219.496
0.0266073 566.633
0.0277811 582.006
0.0290068 636.106
0.0302866 833.407
0.0316228 434.54
0.0330179 234.242
0.0344747 524.731
0.0359956 541.204
0.0375837 433.226
0.0392419 391.667
0.0409732 335.34
0.0427809 762.066
0.0446684 792.497
0.0466391 782.086
0.0486968 782.379
0.0508452 808.128
0.0530884 861.38
0.0554307 835.207
0.0578762 1470.61
0.0604296 1218.37
0.0630957 1004.34
0.0658795 1591.09
0.068786 1271.43
0.0718208 2082.77
0.0749894 1381.42
0.0782979 1239.94
0.0817523 1909.02
0.0853591 2012.56
0.0891251 2336.07
0.0930572 1736.74
0.0971628 1974.99
0.10145 2759.88
0.105925 2172.32
0.110599 2458.79
0.115478 2801.58
0.120573 2806.58
0.125893 2322.98
0.131447 2252.68
0.137246 2397.01
0.143301 1891.61
0.149624 4201.99
0.156225 3300.06
0.163117 3213.12
0.170314 2022.58
0.177828 2231.66
0.185674 3059.83
0.193865 2692.1
0.202418 2687.98
0.211349 2680.61
0.220673 3200.17
0.230409 3787.33
0.240575 3674.98
0.251189 3068.58
0.262271 2240.19
0.273842 3571.43
0.285924 3808.36
0.298538 2635.09
0.311709 2803.25
0.325462 3136.91
0.339821 2930.45
0.354813 3423.72
0.370467 2997.06
0.386812 3562.12
0.403878 3307.08
0.421697 3695.35
0.440301 3232.21
0.459727 3643.12
0.48001 2884.68
0.501187 3005.64
0.523299 4163.79
0.546387 4235.61
0.570493 3070.13
0.595662 2667.35
0.621942 3388.4
0.649382 3093.32
0.678032 2233.92
0.707946 2843.09
0.73918 2588.05
0.771792 3557.64
0.805842 1298.02
0.841395 3253.61
0.878517 2614.7
0.917276 2848.48
0.957745 2004.84
1 1245.52
1.04412 2478.54
1.09018 1412.09
1.13828 1416.56
1.1885 1808.04
1.24094 1899.14
1.29569 1353.14
1.35285 1054.85
1.41254 1204.62
1.47486 976.48
1.53993 2107.41
1.60787 1314.54
1.6788 1242.64
1.75287 937.732
1.83021 951.692
1.91095 1230.56
1.99526 1352.84
2.08329 1291.12
2.1752 1013.72
2.27117 1305.67
2.37137 856.138
2.476 716.831
2.58523 471.959
2.69929 1438.48
2.81838 839.189
2.94273 697.314
3.07256 506.862
3.20812 876.088
3.34965 589.505
3.49744 504.895
3.65174 711.147
3.81285 623.853
3.98107 489.692
4.15671 417.492
4.3401 760.615
4.53158 487.651
4.73151 600.6
4.94026 674.529
5.15822 996.261
5.3858 635.534
5.62341 430.725
5.87151 615.391
6.13056 734.286
6.40103 506.852
6.68344 472.799
6.97831 549.144
7.28618 432.442
7.60764 567.4
7.94328 344.557
8.29373 97.5944
8.65964 490.508
9.0417 382.524
9.44061 400.397
9.85712 334.146
10.292 431.382
10.7461 183.889
11.2202 210.051
11.7152 425.46
12.2321 282.059
12.7717 139.019
13.3352 465.821
13.9236 107.019
14.5378 247.353
15.1792 181.137
15.8489 593.873
16.5482 0
17.2783 86.5404
18.0406 437.747
18.8365 157.296
19.6675 276.582
20.5353 699.212
21.4412 348.74
22.3872 226.933
23.3749 0
24.4062 510.189
25.483 324.968
26.6073 335.979
27.7811 420.491
29.0068 576.637
30.2866 265.584
31.6228 253.601
33.0179 409.412
34.4747 164.611
35.9956 371.055
37.5837 627.894
39.2419 555.761
40.9732 198.329
42.7809 411.605
44.6684 538.465
46.6391 464.698
48.6968 480.983
50.8452 325.909
53.0884 922.708
55.4307 433.715
57.8762 739.527
60.4296 967.662
63.0957 820.278
65.8795 1288.74
68.786 246.59
71.8208 373.343
74.9894 590.06
78.2979 1035.28
81.7523 591.867
85.3591 1004.41
89.1251 395.137
93.0572 498.428
97.1628 660.952
101.45 531.067
105.925 1615.26
110.599 736.279
115.478 710.75
120.573 919.92
125.893 679.211
131.447 750.164
137.246 740.583
143.301 1373.41
149.624 966.415
156.225 806.829
163.117 842.77
170.314 702.364
177.828 1271.1
185.674 1579.05
193.865 873.075
202.418 1419.3
211.349 1230.35
220.673 717.143
230.409 1329.27
240.575 2505.8
251.189 2772.44
262.271 2071.05
273.842 2746.24
285.924 2112.66
298.538 2190
311.709 2531.65
325.462 2211.47
339.821 1994.4
354.813 1210.38
370.467 1434.17
386.812 1171.44
403.878 1429.18
421.697 1103.62
440.301 370.581
459.727 673.058
480.01 170.456
501.187 772.244
523.299 252.508
546.387 230.228
570.493 154.012
595.662 67.3235
621.942 24.8843
649.382 0
678.032 111.526
707.946 217.024
739.18 99.5879
771.792 0
805.842 0
841.395 0
878.517 0
917.276 70.3766
957.745 0
1000 0
