# First line is two numbers 
#     First value is '2', it means 'histogram mode'
#     Second value is 'Emin' of the histogram
# Other lines : 2 columns. 1) energy 2) probability (nb divided by NbEvent)
# Number of bins = 480
# Content below the first bin: 0
# Content above the last  bin: 0
# Content above the last  bin: 0
# Number of events: 209000
2 1e-06
1.04412e-06 0
1.09018e-06 0
1.13828e-06 0
1.1885e-06 0
1.24094e-06 0
1.29569e-06 0
1.35285e-06 0
1.41254e-06 0
1.47486e-06 0
1.53993e-06 0
1.60787e-06 0
1.6788e-06 0
1.75287e-06 0
1.83021e-06 0
1.91095e-06 0
1.99526e-06 0
2.08329e-06 0
2.1752e-06 0
2.27117e-06 0
2.37137e-06 0
2.476e-06 0
2.58523e-06 0
2.69929e-06 0
2.81838e-06 0
2.94273e-06 0
3.07256e-06 0
3.20812e-06 0
3.34965e-06 0
3.49744e-06 0
3.65174e-06 0
3.81285e-06 0
3.98107e-06 0
4.15671e-06 0
4.3401e-06 0
4.53158e-06 0
4.73151e-06 0
4.94026e-06 0
5.15822e-06 0
5.3858e-06 0
5.62341e-06 0
5.87151e-06 0
6.13056e-06 0
6.40103e-06 0
6.68344e-06 0
6.97831e-06 0
7.28618e-06 0
7.60764e-06 0
7.94328e-06 0
8.29373e-06 0
8.65964e-06 0
9.0417e-06 0
9.44061e-06 0
9.85712e-06 0
1.0292e-05 0
1.07461e-05 0
1.12202e-05 0
1.17152e-05 0
1.22321e-05 0
1.27717e-05 0
1.33352e-05 0
1.39236e-05 0
1.45378e-05 0
1.51792e-05 0
1.58489e-05 0
1.65482e-05 0
1.72783e-05 0
1.80406e-05 0
1.88365e-05 0
1.96675e-05 0
2.05353e-05 0
2.14412e-05 0
2.23872e-05 0
2.33749e-05 0
2.44062e-05 0
2.5483e-05 0
2.66073e-05 0
2.77811e-05 0
2.90068e-05 0
3.02866e-05 0
3.16228e-05 0
3.30179e-05 0
3.44747e-05 0
3.59956e-05 0
3.75837e-05 0
3.92419e-05 0
4.09732e-05 0
4.27809e-05 0
4.46684e-05 0
4.66391e-05 0
4.86968e-05 0
5.08452e-05 0
5.30884e-05 0
5.54307e-05 0
5.78762e-05 0
6.04296e-05 0
6.30957e-05 0
6.58795e-05 0
6.8786e-05 0
7.18208e-05 0
7.49894e-05 0
7.82979e-05 0
8.17523e-05 0
8.53591e-05 0
8.91251e-05 0
9.30572e-05 0
9.71628e-05 0
0.00010145 0
0.000105925 0
0.000110599 0
0.000115478 0
0.000120573 0
0.000125893 0
0.000131447 0
0.000137246 0
0.000143301 0
0.000149624 0
0.000156225 0
0.000163117 0
0.000170314 0
0.000177828 0
0.000185674 0
0.000193865 0
0.000202418 0
0.000211349 0
0.000220673 0
0.000230409 0
0.000240575 0
0.000251189 0
0.000262271 0
0.000273842 0
0.000285924 0
0.000298538 0
0.000311709 0
0.000325462 0
0.000339821 0
0.000354813 0
0.000370467 0
0.000386812 0
0.000403878 0
0.000421697 0
0.000440301 0
0.000459727 0
0.00048001 0
0.000501187 0
0.000523299 0
0.000546387 0
0.000570493 0
0.000595662 0
0.000621942 0
0.000649382 0
0.000678032 0
0.000707946 0
0.00073918 0
0.000771792 28.4231
0.000805842 0
0.000841395 0
0.000878517 0
0.000917276 0
0.000957745 0
0.001 0
0.00104412 0
0.00109018 0
0.00113828 0
0.0011885 0
0.00124094 0
0.00129569 0
0.00135285 0
0.00141254 29.5509
0.00147486 0
0.00153993 0
0.00160787 0
0.0016788 0
0.00175287 0
0.00183021 0
0.00191095 0
0.00199526 0
0.00208329 0
0.0021752 0
0.00227117 0
0.00237137 0
0.002476 0
0.00258523 0
0.00269929 0
0.00281838 0
0.00294273 0
0.00307256 0
0.00320812 0
0.00334965 0
0.00349744 0
0.00365174 110.57
0.00381285 0
0.00398107 0
0.00415671 95.458
0.0043401 0
0.00453158 92.3866
0.00473151 0
0.00494026 0
0.00515822 0
0.0053858 0
0.00562341 0
0.00587151 101.146
0.00613056 153.505
0.00640103 0
0.00668344 0
0.00697831 0
0.00728618 0
0.00760764 144.51
0.00794328 0
0.00829373 0
0.00865964 104.168
0.0090417 74.9203
0.00944061 0
0.00985712 0
0.010292 0
0.0107461 0
0.0112202 0
0.0117152 135.566
0.0122321 0
0.0127717 0
0.0133352 186.586
0.0139236 109.31
0.0145378 63.6952
0.0151792 80.4026
0.0158489 46.4361
0.0165482 215.06
0.0172783 189.05
0.0180406 0
0.0188365 302.926
0.0196675 478.335
0.0205353 423.348
0.0214412 166.509
0.0223872 227.467
0.0233749 79.2908
0.0244062 370.746
0.025483 794.76
0.0266073 37.3224
0.0277811 408.576
0.0290068 889.102
0.0302866 678.771
0.0316228 874.871
0.0330179 1009.17
0.0344747 481.315
0.0359956 1016.61
0.0375837 806.904
0.0392419 1138.07
0.0409732 809.805
0.0427809 451.043
0.0446684 699.433
0.0466391 1300.08
0.0486968 906.958
0.0508452 1141.33
0.0530884 559.345
0.0554307 1089.18
0.0578762 771.334
0.0604296 1620.59
0.0630957 1541.3
0.0658795 1443.08
0.068786 1288.48
0.0718208 1221.72
0.0749894 1637.53
0.0782979 2239.92
0.0817523 1190.64
0.0853591 1537.5
0.0891251 2416.69
0.0930572 1873.12
0.0971628 2924.58
0.10145 2732.46
0.105925 2151.88
0.110599 2237.92
0.115478 2369.87
0.120573 2553.63
0.125893 2148.73
0.131447 2506.04
0.137246 3150.85
0.143301 1853.95
0.149624 2862.45
0.156225 3120.85
0.163117 3020.36
0.170314 2129.7
0.177828 2650.92
0.185674 2464.65
0.193865 2902.54
0.202418 2467.44
0.211349 3705.91
0.220673 2828.18
0.230409 3637.93
0.240575 2732.8
0.251189 3121.64
0.262271 3794.91
0.273842 2654.15
0.285924 2703.16
0.298538 3669.58
0.311709 2739.59
0.325462 2242.87
0.339821 4993.99
0.354813 3533.07
0.370467 3890.37
0.386812 2765.22
0.403878 3401
0.421697 3531.05
0.440301 3374.07
0.459727 2742.94
0.48001 3066.12
0.501187 4765.24
0.523299 3845.11
0.546387 3221.47
0.570493 4130.25
0.595662 3146.89
0.621942 2593.41
0.649382 2848.3
0.678032 2886.68
0.707946 2432.2
0.73918 2844.09
0.771792 2913.3
0.805842 2338
0.841395 2235.73
0.878517 2401.34
0.917276 1683.61
0.957745 2044.47
1 2638.82
1.04412 1432.64
1.09018 2758.86
1.13828 1882.07
1.1885 2333.94
1.24094 1726.47
1.29569 1264.38
1.35285 1717.93
1.41254 928.631
1.47486 1383.54
1.53993 1481.91
1.60787 1388.97
1.6788 1095.5
1.75287 1123.82
1.83021 1146.88
1.91095 1184.94
1.99526 333.669
2.08329 909.029
2.1752 970.238
2.27117 1018.79
2.37137 726.504
2.476 1183.3
2.58523 995.05
2.69929 1180.42
2.81838 504.58
2.94273 718.321
3.07256 777.219
3.20812 555.803
3.34965 375.195
3.49744 408.171
3.65174 345.278
3.81285 824.881
3.98107 371.92
4.15671 264.371
4.3401 685.534
4.53158 227.775
4.73151 173.145
4.94026 1089.79
5.15822 409.533
5.3858 526.469
5.62341 728.341
5.87151 758.125
6.13056 600.792
6.40103 688.157
6.68344 368.454
6.97831 752.433
7.28618 325.329
7.60764 399.685
7.94328 283.798
8.29373 709.154
8.65964 508.918
9.0417 308.58
9.44061 579.713
9.85712 173.073
10.292 235.652
10.7461 202.866
11.2202 313.855
11.7152 227.487
12.2321 171.972
12.7717 460.234
13.3352 382.994
13.9236 506.68
14.5378 312.365
15.1792 390.018
15.8489 103.078
16.5482 237.532
17.2783 562.668
18.0406 327.217
18.8365 246.002
19.6675 301.202
20.5353 57.5916
21.4412 234.403
22.3872 423.32
23.3749 463.551
24.4062 277.331
25.483 178.339
26.6073 378.099
27.7811 115.868
29.0068 362.542
30.2866 614.793
31.6228 488.645
33.0179 493.608
34.4747 474.941
35.9956 589.702
37.5837 238.02
39.2419 409.52
40.9732 292.17
42.7809 787.22
44.6684 505.716
46.6391 635.585
48.6968 139.321
50.8452 740.351
53.0884 766.044
55.4307 279.629
57.8762 927.77
60.4296 566.369
63.0957 336.142
65.8795 475.931
68.786 698.858
71.8208 484.307
74.9894 605.761
78.2979 258.682
81.7523 899.016
85.3591 997.876
89.1251 602.568
93.0572 569.63
97.1628 659.891
101.45 553.966
105.925 740.772
110.599 866.164
115.478 925.836
120.573 465.932
125.893 835.896
131.447 948.624
137.246 1093.07
143.301 1468.16
149.624 1105.2
156.225 824.411
163.117 1269.88
170.314 1685.1
177.828 729.731
185.674 1098.36
193.865 1251.35
202.418 733.533
211.349 1385.47
220.673 1124.8
230.409 1588.05
240.575 1452.32
251.189 1584.01
262.271 2636.21
273.842 1930.67
285.924 1822.78
298.538 1622.73
311.709 1299.61
325.462 2336.25
339.821 2451.95
354.813 1203.12
370.467 1541.89
386.812 1243.4
403.878 989.734
421.697 1170.17
440.301 735.094
459.727 318.946
480.01 227.943
501.187 536.058
523.299 229.863
546.387 147.874
570.493 196.328
595.662 169.183
621.942 0
649.382 47.6636
678.032 181.116
707.946 113.867
739.18 0
771.792 22.2135
805.842 0
841.395 0
878.517 65.8898
917.276 0
957.745 0
1000 0
