# First line is two numbers 
#     First value is '2', it means 'histogram mode'
#     Second value is 'Emin' of the histogram
# Other lines : 2 columns. 1) energy 2) probability (nb divided by NbEvent)
# Number of bins = 480
# Content below the first bin: 0
# Content above the last  bin: 0
# Content above the last  bin: 0
# Number of events: 209000
2 1e-06
1.04412e-06 0
1.09018e-06 0
1.13828e-06 0
1.1885e-06 0
1.24094e-06 0
1.29569e-06 0
1.35285e-06 0
1.41254e-06 0
1.47486e-06 0
1.53993e-06 0
1.60787e-06 0
1.6788e-06 0
1.75287e-06 0
1.83021e-06 0
1.91095e-06 0
1.99526e-06 0
2.08329e-06 0
2.1752e-06 0
2.27117e-06 0
2.37137e-06 0
2.476e-06 0
2.58523e-06 0
2.69929e-06 0
2.81838e-06 0
2.94273e-06 0
3.07256e-06 0
3.20812e-06 0
3.34965e-06 0
3.49744e-06 0
3.65174e-06 0
3.81285e-06 0
3.98107e-06 0
4.15671e-06 0
4.3401e-06 0
4.53158e-06 0
4.73151e-06 0
4.94026e-06 0
5.15822e-06 0
5.3858e-06 0
5.62341e-06 0
5.87151e-06 0
6.13056e-06 0
6.40103e-06 0
6.68344e-06 0
6.97831e-06 0
7.28618e-06 0
7.60764e-06 0
7.94328e-06 0
8.29373e-06 0
8.65964e-06 0
9.0417e-06 0
9.44061e-06 0
9.85712e-06 0
1.0292e-05 0
1.07461e-05 0
1.12202e-05 0
1.17152e-05 0
1.22321e-05 0
1.27717e-05 0
1.33352e-05 0
1.39236e-05 0
1.45378e-05 0
1.51792e-05 0
1.58489e-05 0
1.65482e-05 0
1.72783e-05 0
1.80406e-05 0
1.88365e-05 0
1.96675e-05 0
2.05353e-05 0
2.14412e-05 0
2.23872e-05 0
2.33749e-05 0
2.44062e-05 0
2.5483e-05 0
2.66073e-05 0
2.77811e-05 0
2.90068e-05 0
3.02866e-05 0
3.16228e-05 0
3.30179e-05 0
3.44747e-05 0
3.59956e-05 0
3.75837e-05 0
3.92419e-05 0
4.09732e-05 0
4.27809e-05 0
4.46684e-05 0
4.66391e-05 0
4.86968e-05 0
5.08452e-05 0
5.30884e-05 0
5.54307e-05 0
5.78762e-05 0
6.04296e-05 0
6.30957e-05 0
6.58795e-05 0
6.8786e-05 0
7.18208e-05 0
7.49894e-05 0
7.82979e-05 0
8.17523e-05 0
8.53591e-05 0
8.91251e-05 0
9.30572e-05 0
9.71628e-05 0
0.00010145 0
0.000105925 0
0.000110599 0
0.000115478 0
0.000120573 0
0.000125893 0
0.000131447 0
0.000137246 0
0.000143301 0
0.000149624 0
0.000156225 0
0.000163117 0
0.000170314 0
0.000177828 0
0.000185674 0
0.000193865 0
0.000202418 0
0.000211349 0
0.000220673 0
0.000230409 0
0.000240575 0
0.000251189 0
0.000262271 0
0.000273842 0
0.000285924 0
0.000298538 0
0.000311709 0
0.000325462 0
0.000339821 0
0.000354813 0
0.000370467 0
0.000386812 0
0.000403878 0
0.000421697 0
0.000440301 0
0.000459727 0
0.00048001 0
0.000501187 0
0.000523299 0
0.000546387 0
0.000570493 0
0.000595662 0
0.000621942 0
0.000649382 0
0.000678032 0
0.000707946 0
0.00073918 0
0.000771792 0
0.000805842 0
0.000841395 0
0.000878517 0
0.000917276 0
0.000957745 0
0.001 0
0.00104412 0
0.00109018 0
0.00113828 0
0.0011885 0
0.00124094 0
0.00129569 0
0.00135285 0
0.00141254 98.2879
0.00147486 0
0.00153993 0
0.00160787 30.4095
0.0016788 0
0.00175287 0
0.00183021 0
0.00191095 0
0.00199526 0
0.00208329 0
0.0021752 0
0.00227117 0
0.00237137 0
0.002476 84.3141
0.00258523 0
0.00269929 0
0.00281838 0
0.00294273 0
0.00307256 0
0.00320812 0
0.00334965 0
0.00349744 49.8028
0.00365174 114.887
0.00381285 0
0.00398107 0
0.00415671 0
0.0043401 102.828
0.00453158 0
0.00473151 0
0.00494026 92.3643
0.00515822 0
0.0053858 0
0.00562341 0
0.00587151 68.9857
0.00613056 0
0.00640103 56.8949
0.00668344 104.907
0.00697831 0
0.00728618 0
0.00760764 96.939
0.00794328 0
0.00829373 0
0.00865964 110.656
0.0090417 37.8322
0.00944061 295.252
0.00985712 37.1615
0.010292 242.543
0.0107461 98.5492
0.0112202 122.779
0.0117152 0
0.0122321 0
0.0127717 92.7431
0.0133352 198.537
0.0139236 211.804
0.0145378 0
0.0151792 78.7986
0.0158489 115.516
0.0165482 0
0.0172783 447.915
0.0180406 516.628
0.0188365 333.051
0.0196675 44.4629
0.0205353 273.431
0.0214412 288.505
0.0223872 407.937
0.0233749 193.28
0.0244062 210.362
0.025483 283.432
0.0266073 458.192
0.0277811 455.579
0.0290068 407.858
0.0302866 611.366
0.0316228 476.486
0.0330179 573.191
0.0344747 437.628
0.0359956 596.284
0.0375837 821.243
0.0392419 951.609
0.0409732 706.055
0.0427809 1367.26
0.0446684 938.98
0.0466391 686.96
0.0486968 1186.52
0.0508452 1317.68
0.0530884 657.362
0.0554307 1039.55
0.0578762 985.001
0.0604296 547.886
0.0630957 789.126
0.0658795 1795.13
0.068786 1580.98
0.0718208 1917.78
0.0749894 1122.41
0.0782979 1695.68
0.0817523 1730.73
0.0853591 1475.43
0.0891251 1882.04
0.0930572 2227.42
0.0971628 1293.02
0.10145 1896.78
0.105925 2057.54
0.110599 3279.69
0.115478 2279.6
0.120573 2713.46
0.125893 1918.18
0.131447 2259.08
0.137246 2854.66
0.143301 2899.87
0.149624 3415.77
0.156225 2367.43
0.163117 3074.65
0.170314 3402.81
0.177828 4365.68
0.185674 2216.48
0.193865 2498.61
0.202418 3098.34
0.211349 2758.08
0.220673 3058.73
0.230409 3239.48
0.240575 3916.42
0.251189 2808.82
0.262271 3352.23
0.273842 2705.55
0.285924 2328.3
0.298538 3227.48
0.311709 4012.31
0.325462 4052.31
0.339821 3340.55
0.354813 3833.01
0.370467 3621.92
0.386812 2477.43
0.403878 3868.72
0.421697 3022.34
0.440301 3437.8
0.459727 2978.83
0.48001 3186.07
0.501187 4366.63
0.523299 2708.14
0.546387 3661.7
0.570493 3886.72
0.595662 3373.94
0.621942 2238.76
0.649382 2182.8
0.678032 4058
0.707946 2623.54
0.73918 2738.22
0.771792 2344.44
0.805842 2795.69
0.841395 2177.31
0.878517 2018.42
0.917276 3567.75
0.957745 2356.37
1 2063.79
1.04412 2275.84
1.09018 1924.22
1.13828 1115.44
1.1885 2055.96
1.24094 1791.48
1.29569 2367.37
1.35285 1446.5
1.41254 1461.64
1.47486 1769.79
1.53993 911.078
1.60787 1646.78
1.6788 948.872
1.75287 1786.54
1.83021 1186.45
1.91095 1318.35
1.99526 566.199
2.08329 967.363
2.1752 1003.82
2.27117 556.413
2.37137 1191.22
2.476 752.761
2.58523 759.862
2.69929 654.263
2.81838 873.546
2.94273 584.457
3.07256 511.513
3.20812 674.136
3.34965 757.981
3.49744 737.558
3.65174 790.853
3.81285 964.985
3.98107 357.145
4.15671 320.925
4.3401 168.702
4.53158 407.289
4.73151 635.632
4.94026 652.891
5.15822 487.641
5.3858 366.112
5.62341 531.348
5.87151 559.951
6.13056 222.281
6.40103 439.597
6.68344 196.314
6.97831 458.467
7.28618 160.83
7.60764 449.478
7.94328 380.993
8.29373 286.051
8.65964 743.526
9.0417 579.008
9.44061 452.967
9.85712 239.298
10.292 636.758
10.7461 548.544
11.2202 99.1412
11.7152 562.794
12.2321 393.135
12.7717 793.513
13.3352 347.251
13.9236 377.393
14.5378 386.191
15.1792 194.465
15.8489 296.855
16.5482 564.929
17.2783 386.446
18.0406 604.213
18.8365 201.122
19.6675 89.1293
20.5353 738.42
21.4412 290.541
22.3872 140.592
23.3749 481.081
24.4062 0
25.483 562.456
26.6073 720.952
27.7811 389.417
29.0068 109.178
30.2866 414.497
31.6228 376.492
33.0179 99.7491
34.4747 401.266
35.9956 153.002
37.5837 696.405
39.2419 386.071
40.9732 518.059
42.7809 158.316
44.6684 639.669
46.6391 399.671
48.6968 420.391
50.8452 648.976
53.0884 320.854
55.4307 559.531
57.8762 531.074
60.4296 523.895
63.0957 753.579
65.8795 227.261
68.786 394.685
71.8208 472.716
74.9894 503.219
78.2979 564.644
81.7523 760.521
85.3591 633.14
89.1251 911.122
93.0572 712.415
97.1628 942.829
101.45 961.326
105.925 375.313
110.599 337.487
115.478 725.104
120.573 337.89
125.893 603.202
131.447 215.477
137.246 989.691
143.301 1031.15
149.624 611.794
156.225 1525.84
163.117 627.995
170.314 1048.1
177.828 1099.51
185.674 1307.56
193.865 1551.21
202.418 884.22
211.349 1716.61
220.673 1839.97
230.409 1119.21
240.575 1816.77
251.189 1824.44
262.271 2017.5
273.842 1022.54
285.924 2431.67
298.538 2270.82
311.709 1821.39
325.462 2119.48
339.821 2512.37
354.813 1959.11
370.467 1616.02
386.812 1848.14
403.878 888.41
421.697 982.879
440.301 389.71
459.727 723.248
480.01 497.897
501.187 213.401
523.299 133.666
546.387 176.758
570.493 155.44
595.662 110.094
621.942 0
649.382 162.73
678.032 0
707.946 117.791
739.18 100.687
771.792 0
805.842 0
841.395 0
878.517 28.5216
917.276 0
957.745 25.5409
1000 0
