# First line is two numbers 
#     First value is '2', it means 'histogram mode'
#     Second value is 'Emin' of the histogram
# Other lines : 2 columns. 1) energy 2) probability (nb divided by NbEvent)
# Number of bins = 480
# Content below the first bin: 0
# Content above the last  bin: 69.5183
# Content above the last  bin: 69.5183
# Number of events: 209000
2 1e-06
1.04412e-06 0
1.09018e-06 0
1.13828e-06 0
1.1885e-06 0
1.24094e-06 0
1.29569e-06 0
1.35285e-06 0
1.41254e-06 0
1.47486e-06 0
1.53993e-06 0
1.60787e-06 0
1.6788e-06 0
1.75287e-06 0
1.83021e-06 0
1.91095e-06 0
1.99526e-06 0
2.08329e-06 0
2.1752e-06 0
2.27117e-06 0
2.37137e-06 0
2.476e-06 0
2.58523e-06 0
2.69929e-06 0
2.81838e-06 0
2.94273e-06 0
3.07256e-06 0
3.20812e-06 0
3.34965e-06 0
3.49744e-06 0
3.65174e-06 0
3.81285e-06 0
3.98107e-06 0
4.15671e-06 0
4.3401e-06 0
4.53158e-06 0
4.73151e-06 0
4.94026e-06 0
5.15822e-06 0
5.3858e-06 0
5.62341e-06 0
5.87151e-06 0
6.13056e-06 0
6.40103e-06 0
6.68344e-06 0
6.97831e-06 0
7.28618e-06 0
7.60764e-06 0
7.94328e-06 0
8.29373e-06 0
8.65964e-06 0
9.0417e-06 0
9.44061e-06 0
9.85712e-06 0
1.0292e-05 0
1.07461e-05 0
1.12202e-05 0
1.17152e-05 0
1.22321e-05 0
1.27717e-05 0
1.33352e-05 0
1.39236e-05 0
1.45378e-05 0
1.51792e-05 0
1.58489e-05 0
1.65482e-05 0
1.72783e-05 0
1.80406e-05 0
1.88365e-05 0
1.96675e-05 0
2.05353e-05 0
2.14412e-05 0
2.23872e-05 0
2.33749e-05 0
2.44062e-05 0
2.5483e-05 0
2.66073e-05 0
2.77811e-05 0
2.90068e-05 0
3.02866e-05 0
3.16228e-05 0
3.30179e-05 0
3.44747e-05 0
3.59956e-05 0
3.75837e-05 0
3.92419e-05 0
4.09732e-05 0
4.27809e-05 0
4.46684e-05 0
4.66391e-05 0
4.86968e-05 0
5.08452e-05 0
5.30884e-05 0
5.54307e-05 0
5.78762e-05 0
6.04296e-05 0
6.30957e-05 0
6.58795e-05 0
6.8786e-05 0
7.18208e-05 0
7.49894e-05 0
7.82979e-05 0
8.17523e-05 0
8.53591e-05 0
8.91251e-05 0
9.30572e-05 0
9.71628e-05 0
0.00010145 0
0.000105925 0
0.000110599 0
0.000115478 0
0.000120573 0
0.000125893 0
0.000131447 0
0.000137246 0
0.000143301 0
0.000149624 0
0.000156225 0
0.000163117 0
0.000170314 0
0.000177828 0
0.000185674 0
0.000193865 0
0.000202418 0
0.000211349 0
0.000220673 0
0.000230409 0
0.000240575 0
0.000251189 0
0.000262271 0
0.000273842 0
0.000285924 0
0.000298538 0
0.000311709 0
0.000325462 0
0.000339821 0
0.000354813 0
0.000370467 0
0.000386812 0
0.000403878 0
0.000421697 0
0.000440301 0
0.000459727 0
0.00048001 0
0.000501187 0
0.000523299 0
0.000546387 0
0.000570493 0
0.000595662 0
0.000621942 0
0.000649382 0
0.000678032 0
0.000707946 0
0.00073918 0
0.000771792 0
0.000805842 0
0.000841395 0
0.000878517 0
0.000917276 0
0.000957745 0
0.001 0
0.00104412 0
0.00109018 0
0.00113828 0
0.0011885 0
0.00124094 0
0.00129569 0
0.00135285 0
0.00141254 0
0.00147486 0
0.00153993 0
0.00160787 0
0.0016788 0
0.00175287 0
0.00183021 79.0185
0.00191095 0
0.00199526 0
0.00208329 0
0.0021752 0
0.00227117 0
0.00237137 0
0.002476 0
0.00258523 93.3026
0.00269929 0
0.00281838 0
0.00294273 44.1334
0.00307256 0
0.00320812 0
0.00334965 0
0.00349744 0
0.00365174 0
0.00381285 0
0.00398107 0
0.00415671 0
0.0043401 57.5371
0.00453158 0
0.00473151 0
0.00494026 115.865
0.00515822 0
0.0053858 57.0104
0.00562341 0
0.00587151 83.0123
0.00613056 0
0.00640103 0
0.00668344 74.5311
0.00697831 0
0.00728618 113.886
0.00760764 0
0.00794328 0
0.00829373 237.441
0.00865964 55.5879
0.0090417 263.576
0.00944061 111.437
0.00985712 150.905
0.010292 178.459
0.0107461 173.278
0.0112202 66.9022
0.0117152 24.5732
0.0122321 30.2145
0.0127717 0
0.0133352 0
0.0139236 266.043
0.0145378 117.337
0.0151792 244.112
0.0158489 118.668
0.0165482 99.3829
0.0172783 28.5199
0.0180406 545.383
0.0188365 416.399
0.0196675 421.802
0.0205353 166.473
0.0214412 281.598
0.0223872 420.924
0.0233749 660.771
0.0244062 331.747
0.025483 457.569
0.0266073 177.749
0.0277811 592.633
0.0290068 344.663
0.0302866 383.176
0.0316228 337.766
0.0330179 1105.59
0.0344747 819.76
0.0359956 851.568
0.0375837 649.402
0.0392419 1101.82
0.0409732 710.105
0.0427809 996.367
0.0446684 966.946
0.0466391 1238.8
0.0486968 563.91
0.0508452 1353.83
0.0530884 795.96
0.0554307 924.045
0.0578762 2131.88
0.0604296 964.476
0.0630957 1314.25
0.0658795 1993.53
0.068786 1309.44
0.0718208 1755.17
0.0749894 1815.37
0.0782979 2365.03
0.0817523 1829.33
0.0853591 2753.64
0.0891251 2414.94
0.0930572 2783.46
0.0971628 3054.4
0.10145 2869.83
0.105925 2525.68
0.110599 2443.45
0.115478 2619.81
0.120573 3040.11
0.125893 3672.38
0.131447 3065.35
0.137246 3517.07
0.143301 4335.75
0.149624 3322.73
0.156225 3236.55
0.163117 3254.09
0.170314 3286.03
0.177828 4166.41
0.185674 4683.72
0.193865 4095.71
0.202418 4632.9
0.211349 3911.2
0.220673 5401.9
0.230409 4726.26
0.240575 5123.97
0.251189 4860.96
0.262271 4511.57
0.273842 4968.31
0.285924 5864.01
0.298538 4548.76
0.311709 5445.45
0.325462 5329.79
0.339821 5167.19
0.354813 5132.72
0.370467 5405.8
0.386812 4662.25
0.403878 4922.03
0.421697 5597.17
0.440301 5703.21
0.459727 6017.45
0.48001 6156.15
0.501187 4743.12
0.523299 6857.4
0.546387 4571.05
0.570493 5972.05
0.595662 4862.73
0.621942 7153.09
0.649382 6339.95
0.678032 4908.49
0.707946 6121.51
0.73918 4940.86
0.771792 5694.46
0.805842 5849.09
0.841395 4951.46
0.878517 4283.96
0.917276 4442.11
0.957745 3230.23
1 4174.28
1.04412 4002.3
1.09018 4794.53
1.13828 3234.57
1.1885 3416.9
1.24094 3757.51
1.29569 3053.78
1.35285 2893.12
1.41254 2965.84
1.47486 2368.89
1.53993 2663.13
1.60787 1789.95
1.6788 2361.77
1.75287 2588.77
1.83021 1926.26
1.91095 2162.6
1.99526 2365.87
2.08329 2366.45
2.1752 2013.03
2.27117 1821.28
2.37137 2236.75
2.476 2241.1
2.58523 2009.51
2.69929 1627.9
2.81838 1423.2
2.94273 1292.41
3.07256 1783
3.20812 1241.36
3.34965 1579.4
3.49744 1303.8
3.65174 1142.72
3.81285 1509.17
3.98107 1739.05
4.15671 1062.46
4.3401 1121.06
4.53158 1519.97
4.73151 1408.07
4.94026 1334.54
5.15822 889.448
5.3858 414.388
5.62341 847.196
5.87151 968.488
6.13056 534.896
6.40103 1196.67
6.68344 603.626
6.97831 946.631
7.28618 890.037
7.60764 958.888
7.94328 1527.34
8.29373 567.199
8.65964 940.739
9.0417 940.283
9.44061 793.735
9.85712 1012.6
10.292 547.78
10.7461 694.155
11.2202 411.775
11.7152 733.733
12.2321 968.432
12.7717 293.027
13.3352 825.378
13.9236 674.664
14.5378 309.831
15.1792 669.543
15.8489 489.806
16.5482 629.88
17.2783 560.216
18.0406 764.21
18.8365 826.327
19.6675 580.194
20.5353 752.154
21.4412 1141.38
22.3872 1100.29
23.3749 793.579
24.4062 366.883
25.483 1041.11
26.6073 1481.92
27.7811 1333.09
29.0068 626.729
30.2866 604.812
31.6228 781.097
33.0179 506.788
34.4747 1034.67
35.9956 798.623
37.5837 1050.34
39.2419 1278.85
40.9732 654.069
42.7809 1115.43
44.6684 850.932
46.6391 717.337
48.6968 1165.24
50.8452 730.541
53.0884 997.425
55.4307 1461.34
57.8762 1235.79
60.4296 1856.2
63.0957 817.903
65.8795 1284.87
68.786 1575.35
71.8208 731.029
74.9894 1590.15
78.2979 1127.17
81.7523 1301.97
85.3591 1367.97
89.1251 2033.72
93.0572 2488.77
97.1628 2499.41
101.45 2196.56
105.925 1879
110.599 1347.74
115.478 3043.97
120.573 2031.58
125.893 2217.51
131.447 2393.29
137.246 2188.96
143.301 1521.24
149.624 2177.12
156.225 2028.42
163.117 2037.8
170.314 1892.36
177.828 2288.42
185.674 2337.84
193.865 2876.5
202.418 3657.55
211.349 3447.1
220.673 3152.99
230.409 3499.28
240.575 3384.62
251.189 4085.2
262.271 3958.2
273.842 4103.13
285.924 4016.01
298.538 6931.56
311.709 5767.58
325.462 6470.04
339.821 6585.45
354.813 5992.49
370.467 7770.66
386.812 7261.17
403.878 6027.93
421.697 4377.94
440.301 4179.83
459.727 2599.53
480.01 1780.23
501.187 1494.95
523.299 1197.87
546.387 934.646
570.493 328.152
595.662 618.682
621.942 264.816
649.382 144.048
678.032 430.603
707.946 184.443
739.18 0
771.792 0
805.842 0
841.395 190.965
878.517 239.766
917.276 0
957.745 0
1000 0
