# First line is two numbers 
#     First value is '2', it means 'histogram mode'
#     Second value is 'Emin' of the histogram
# Other lines : 2 columns. 1) energy 2) probability (nb divided by NbEvent)
# Number of bins = 480
# Content below the first bin: 0
# Content above the last  bin: 0
# Content above the last  bin: 0
# Number of events: 209000
2 1e-06
1.04412e-06 0
1.09018e-06 0
1.13828e-06 0
1.1885e-06 0
1.24094e-06 0
1.29569e-06 0
1.35285e-06 0
1.41254e-06 0
1.47486e-06 0
1.53993e-06 0
1.60787e-06 0
1.6788e-06 0
1.75287e-06 0
1.83021e-06 0
1.91095e-06 0
1.99526e-06 0
2.08329e-06 0
2.1752e-06 0
2.27117e-06 0
2.37137e-06 0
2.476e-06 0
2.58523e-06 0
2.69929e-06 0
2.81838e-06 0
2.94273e-06 0
3.07256e-06 0
3.20812e-06 0
3.34965e-06 0
3.49744e-06 0
3.65174e-06 0
3.81285e-06 0
3.98107e-06 0
4.15671e-06 0
4.3401e-06 0
4.53158e-06 0
4.73151e-06 0
4.94026e-06 0
5.15822e-06 0
5.3858e-06 0
5.62341e-06 0
5.87151e-06 0
6.13056e-06 0
6.40103e-06 0
6.68344e-06 0
6.97831e-06 0
7.28618e-06 0
7.60764e-06 0
7.94328e-06 0
8.29373e-06 0
8.65964e-06 0
9.0417e-06 0
9.44061e-06 0
9.85712e-06 0
1.0292e-05 0
1.07461e-05 0
1.12202e-05 0
1.17152e-05 0
1.22321e-05 0
1.27717e-05 0
1.33352e-05 0
1.39236e-05 0
1.45378e-05 0
1.51792e-05 0
1.58489e-05 0
1.65482e-05 0
1.72783e-05 0
1.80406e-05 0
1.88365e-05 0
1.96675e-05 0
2.05353e-05 0
2.14412e-05 0
2.23872e-05 0
2.33749e-05 0
2.44062e-05 0
2.5483e-05 0
2.66073e-05 0
2.77811e-05 0
2.90068e-05 0
3.02866e-05 0
3.16228e-05 0
3.30179e-05 0
3.44747e-05 0
3.59956e-05 0
3.75837e-05 0
3.92419e-05 0
4.09732e-05 0
4.27809e-05 0
4.46684e-05 0
4.66391e-05 0
4.86968e-05 0
5.08452e-05 0
5.30884e-05 0
5.54307e-05 0
5.78762e-05 0
6.04296e-05 0
6.30957e-05 0
6.58795e-05 0
6.8786e-05 0
7.18208e-05 0
7.49894e-05 0
7.82979e-05 0
8.17523e-05 0
8.53591e-05 0
8.91251e-05 0
9.30572e-05 0
9.71628e-05 0
0.00010145 0
0.000105925 0
0.000110599 0
0.000115478 0
0.000120573 0
0.000125893 0
0.000131447 0
0.000137246 0
0.000143301 0
0.000149624 0
0.000156225 0
0.000163117 0
0.000170314 0
0.000177828 0
0.000185674 0
0.000193865 0
0.000202418 0
0.000211349 0
0.000220673 0
0.000230409 0
0.000240575 0
0.000251189 0
0.000262271 0
0.000273842 0
0.000285924 0
0.000298538 0
0.000311709 0
0.000325462 0
0.000339821 0
0.000354813 0
0.000370467 0
0.000386812 0
0.000403878 0
0.000421697 0
0.000440301 0
0.000459727 105.902
0.00048001 116.129
0.000501187 0
0.000523299 0
0.000546387 66.9597
0.000570493 0
0.000595662 0
0.000621942 0
0.000649382 0
0.000678032 0
0.000707946 0
0.00073918 0
0.000771792 0
0.000805842 0
0.000841395 0
0.000878517 0
0.000917276 0
0.000957745 0
0.001 0
0.00104412 0
0.00109018 0
0.00113828 0
0.0011885 0
0.00124094 0
0.00129569 0
0.00135285 0
0.00141254 0
0.00147486 0
0.00153993 0
0.00160787 0
0.0016788 0
0.00175287 86.1545
0.00183021 0
0.00191095 0
0.00199526 0
0.00208329 0
0.0021752 107.956
0.00227117 0
0.00237137 86.1246
0.002476 0
0.00258523 88.3031
0.00269929 0
0.00281838 0
0.00294273 0
0.00307256 0
0.00320812 0
0.00334965 0
0.00349744 0
0.00365174 0
0.00381285 0
0.00398107 0
0.00415671 0
0.0043401 66.8878
0.00453158 92.9413
0.00473151 0
0.00494026 0
0.00515822 0
0.0053858 47.8401
0.00562341 0
0.00587151 76.6352
0.00613056 104.883
0.00640103 0
0.00668344 0
0.00697831 77.7409
0.00728618 73.1769
0.00760764 0
0.00794328 230.35
0.00829373 100.025
0.00865964 42.4497
0.0090417 91.8494
0.00944061 152.615
0.00985712 117.652
0.010292 105.249
0.0107461 0
0.0112202 80.5654
0.0117152 0
0.0122321 0
0.0127717 441.613
0.0133352 365.023
0.0139236 152.65
0.0145378 206.102
0.0151792 161.938
0.0158489 266.423
0.0165482 378.307
0.0172783 158.915
0.0180406 213.865
0.0188365 196.68
0.0196675 186.518
0.0205353 117.588
0.0214412 526.804
0.0223872 956.71
0.0233749 379.328
0.0244062 379.061
0.025483 462.189
0.0266073 424.589
0.0277811 891.288
0.0290068 291.615
0.0302866 761.912
0.0316228 604.843
0.0330179 623.199
0.0344747 1059.56
0.0359956 729.413
0.0375837 956.916
0.0392419 1325.74
0.0409732 894.42
0.0427809 490.003
0.0446684 648.538
0.0466391 870.382
0.0486968 872.2
0.0508452 1290.3
0.0530884 1033.6
0.0554307 1065.71
0.0578762 1351.82
0.0604296 1640.55
0.0630957 1810.59
0.0658795 1087.48
0.068786 1381.01
0.0718208 2566.49
0.0749894 1590.64
0.0782979 1623.3
0.0817523 1940.37
0.0853591 2754.8
0.0891251 2500.71
0.0930572 3006.55
0.0971628 2849.16
0.10145 2751.08
0.105925 1869.13
0.110599 2752.87
0.115478 3193.35
0.120573 3774
0.125893 3950.24
0.131447 2754.03
0.137246 2897.85
0.143301 3744.37
0.149624 4019.59
0.156225 3316.54
0.163117 3385.68
0.170314 4090.76
0.177828 3542.67
0.185674 3891.66
0.193865 3233.97
0.202418 4146.97
0.211349 4740.75
0.220673 4141.56
0.230409 4106.62
0.240575 3381.67
0.251189 5796.19
0.262271 4293.79
0.273842 5609.83
0.285924 6200.21
0.298538 5056.26
0.311709 4874.17
0.325462 5840.2
0.339821 5412.54
0.354813 6407.9
0.370467 4438.22
0.386812 5111.16
0.403878 4869.6
0.421697 5345.24
0.440301 6602.45
0.459727 7381.99
0.48001 4902.37
0.501187 5172.74
0.523299 5024.68
0.546387 5618.75
0.570493 4990.82
0.595662 6620.01
0.621942 5776.78
0.649382 4849.63
0.678032 4845.41
0.707946 5421.51
0.73918 5499.25
0.771792 6291.41
0.805842 4563.19
0.841395 4728.47
0.878517 4674.51
0.917276 5625.79
0.957745 5577.83
1 4107.44
1.04412 3554.04
1.09018 4126.78
1.13828 3152.89
1.1885 3155.96
1.24094 3143
1.29569 2888.45
1.35285 3176.41
1.41254 4324.58
1.47486 1673.99
1.53993 2594.85
1.60787 2577.63
1.6788 2443.03
1.75287 2395.96
1.83021 1785.98
1.91095 1979.35
1.99526 2388.6
2.08329 2670.46
2.1752 1478.14
2.27117 1628.93
2.37137 1474.79
2.476 1544.02
2.58523 1617.35
2.69929 1404.42
2.81838 1820.31
2.94273 1920.01
3.07256 1498.49
3.20812 1755.5
3.34965 1882.93
3.49744 2285.66
3.65174 1452.65
3.81285 1619.58
3.98107 1206.38
4.15671 1075.11
4.3401 1405.62
4.53158 1445.71
4.73151 1787.1
4.94026 1617.36
5.15822 627.627
5.3858 1619.23
5.62341 1345.73
5.87151 1060.82
6.13056 608.075
6.40103 1262.16
6.68344 921.036
6.97831 827.969
7.28618 1289.7
7.60764 570.488
7.94328 735.656
8.29373 1128.31
8.65964 744.257
9.0417 761.321
9.44061 714.757
9.85712 958.387
10.292 1279
10.7461 572.859
11.2202 605.499
11.7152 850.723
12.2321 321.751
12.7717 759.2
13.3352 763.646
13.9236 775.618
14.5378 867.305
15.1792 678.039
15.8489 419.477
16.5482 762.666
17.2783 587.196
18.0406 1009.19
18.8365 841.265
19.6675 1352.9
20.5353 759.398
21.4412 817.888
22.3872 1105.12
23.3749 1012.05
24.4062 746.182
25.483 326.805
26.6073 967.684
27.7811 864.114
29.0068 447.338
30.2866 1175.61
31.6228 1121.84
33.0179 768.227
34.4747 1509.58
35.9956 821.117
37.5837 903.665
39.2419 896.961
40.9732 1208.99
42.7809 1021.68
44.6684 833.107
46.6391 1174.51
48.6968 704.2
50.8452 1186.33
53.0884 973.608
55.4307 1595.49
57.8762 1135.85
60.4296 1580.62
63.0957 1524.13
65.8795 1624.2
68.786 1245.35
71.8208 1061.01
74.9894 1103.58
78.2979 1398.65
81.7523 1392.9
85.3591 1321.91
89.1251 1522.79
93.0572 1646.73
97.1628 1588.67
101.45 2201.91
105.925 1532.4
110.599 1055.56
115.478 1783.19
120.573 1755.9
125.893 2059.03
131.447 2042.94
137.246 2335.87
143.301 2825.97
149.624 3224.16
156.225 2084.02
163.117 2496.62
170.314 3400.39
177.828 2559.85
185.674 2565.19
193.865 2737.2
202.418 3799.6
211.349 3025.61
220.673 3046.2
230.409 4344
240.575 3760.35
251.189 4614.84
262.271 4494.93
273.842 4100.38
285.924 5601.05
298.538 5344.07
311.709 6092.06
325.462 5958.45
339.821 7788.93
354.813 7431.75
370.467 7071.95
386.812 5004.87
403.878 5619.59
421.697 4587.1
440.301 3815.74
459.727 2507.16
480.01 2173.87
501.187 1009.85
523.299 1168.97
546.387 763.427
570.493 874.651
595.662 75.898
621.942 252.062
649.382 393.489
678.032 243.654
707.946 237.063
739.18 81.7254
771.792 235.882
805.842 159.686
841.395 296.948
878.517 330.612
917.276 87.376
957.745 0
1000 0
