# First line is two numbers 
#     First value is '2', it means 'histogram mode'
#     Second value is 'Emin' of the histogram
# Other lines : 2 columns. 1) energy 2) probability (nb divided by NbEvent)
# Number of bins = 480
# Content below the first bin: 0
# Content above the last  bin: 0
# Content above the last  bin: 0
# Number of events: 209000
2 1e-06
1.04412e-06 0
1.09018e-06 0
1.13828e-06 0
1.1885e-06 0
1.24094e-06 0
1.29569e-06 0
1.35285e-06 0
1.41254e-06 0
1.47486e-06 0
1.53993e-06 0
1.60787e-06 0
1.6788e-06 0
1.75287e-06 0
1.83021e-06 0
1.91095e-06 0
1.99526e-06 0
2.08329e-06 0
2.1752e-06 0
2.27117e-06 0
2.37137e-06 0
2.476e-06 0
2.58523e-06 0
2.69929e-06 0
2.81838e-06 0
2.94273e-06 0
3.07256e-06 0
3.20812e-06 0
3.34965e-06 0
3.49744e-06 0
3.65174e-06 0
3.81285e-06 0
3.98107e-06 0
4.15671e-06 0
4.3401e-06 0
4.53158e-06 0
4.73151e-06 0
4.94026e-06 0
5.15822e-06 0
5.3858e-06 0
5.62341e-06 0
5.87151e-06 0
6.13056e-06 0
6.40103e-06 0
6.68344e-06 0
6.97831e-06 0
7.28618e-06 0
7.60764e-06 0
7.94328e-06 0
8.29373e-06 0
8.65964e-06 0
9.0417e-06 0
9.44061e-06 0
9.85712e-06 0
1.0292e-05 0
1.07461e-05 0
1.12202e-05 0
1.17152e-05 0
1.22321e-05 0
1.27717e-05 0
1.33352e-05 0
1.39236e-05 0
1.45378e-05 0
1.51792e-05 0
1.58489e-05 0
1.65482e-05 0
1.72783e-05 0
1.80406e-05 0
1.88365e-05 0
1.96675e-05 0
2.05353e-05 0
2.14412e-05 0
2.23872e-05 0
2.33749e-05 0
2.44062e-05 0
2.5483e-05 0
2.66073e-05 0
2.77811e-05 0
2.90068e-05 0
3.02866e-05 0
3.16228e-05 0
3.30179e-05 0
3.44747e-05 0
3.59956e-05 0
3.75837e-05 0
3.92419e-05 0
4.09732e-05 0
4.27809e-05 0
4.46684e-05 0
4.66391e-05 0
4.86968e-05 0
5.08452e-05 0
5.30884e-05 0
5.54307e-05 0
5.78762e-05 0
6.04296e-05 0
6.30957e-05 0
6.58795e-05 0
6.8786e-05 0
7.18208e-05 0
7.49894e-05 0
7.82979e-05 0
8.17523e-05 0
8.53591e-05 0
8.91251e-05 0
9.30572e-05 0
9.71628e-05 0
0.00010145 0
0.000105925 0
0.000110599 0
0.000115478 0
0.000120573 0
0.000125893 0
0.000131447 0
0.000137246 0
0.000143301 0
0.000149624 0
0.000156225 0
0.000163117 0
0.000170314 0
0.000177828 0
0.000185674 0
0.000193865 0
0.000202418 0
0.000211349 0
0.000220673 0
0.000230409 0
0.000240575 0
0.000251189 0
0.000262271 0
0.000273842 0
0.000285924 0
0.000298538 0
0.000311709 0
0.000325462 0
0.000339821 0
0.000354813 0
0.000370467 0
0.000386812 0
0.000403878 0
0.000421697 0
0.000440301 0
0.000459727 0
0.00048001 0
0.000501187 0
0.000523299 0
0.000546387 0
0.000570493 0
0.000595662 0
0.000621942 0
0.000649382 0
0.000678032 0
0.000707946 0
0.00073918 0
0.000771792 0
0.000805842 0
0.000841395 0
0.000878517 0
0.000917276 0
0.000957745 1
0.001 0
0.00104412 0
0.00109018 0
0.00113828 0
0.0011885 0
0.00124094 0
0.00129569 0
0.00135285 0
0.00141254 0
0.00147486 0
0.00153993 0
0.00160787 0
0.0016788 0
0.00175287 0
0.00183021 0
0.00191095 0
0.00199526 0
0.00208329 0
0.0021752 0
0.00227117 0
0.00237137 1
0.002476 0
0.00258523 0
0.00269929 0
0.00281838 0
0.00294273 0
0.00307256 0
0.00320812 0
0.00334965 1
0.00349744 0
0.00365174 0
0.00381285 1
0.00398107 1
0.00415671 0
0.0043401 0
0.00453158 1
0.00473151 0
0.00494026 0
0.00515822 1
0.0053858 0
0.00562341 0
0.00587151 1
0.00613056 1
0.00640103 0
0.00668344 2
0.00697831 1
0.00728618 2
0.00760764 1
0.00794328 1
0.00829373 3
0.00865964 1
0.0090417 1
0.00944061 2
0.00985712 1
0.010292 2
0.0107461 0
0.0112202 0
0.0117152 5
0.0122321 2
0.0127717 2
0.0133352 3
0.0139236 2
0.0145378 3
0.0151792 4
0.0158489 6
0.0165482 2
0.0172783 2
0.0180406 2
0.0188365 2
0.0196675 1
0.0205353 5
0.0214412 0
0.0223872 6
0.0233749 9
0.0244062 4
0.025483 3
0.0266073 3
0.0277811 11
0.0290068 6
0.0302866 4
0.0316228 2
0.0330179 6
0.0344747 6
0.0359956 6
0.0375837 5
0.0392419 11
0.0409732 11
0.0427809 16
0.0446684 15
0.0466391 13
0.0486968 10
0.0508452 18
0.0530884 14
0.0554307 12
0.0578762 19
0.0604296 23
0.0630957 15
0.0658795 22
0.068786 19
0.0718208 24
0.0749894 25
0.0782979 29
0.0817523 29
0.0853591 24
0.0891251 24
0.0930572 29
0.0971628 31
0.10145 35
0.105925 46
0.110599 32
0.115478 40
0.120573 34
0.125893 37
0.131447 46
0.137246 42
0.143301 42
0.149624 46
0.156225 55
0.163117 56
0.170314 61
0.177828 50
0.185674 38
0.193865 55
0.202418 54
0.211349 42
0.220673 68
0.230409 43
0.240575 50
0.251189 58
0.262271 51
0.273842 53
0.285924 58
0.298538 62
0.311709 67
0.325462 79
0.339821 64
0.354813 65
0.370467 60
0.386812 83
0.403878 64
0.421697 73
0.440301 74
0.459727 82
0.48001 68
0.501187 77
0.523299 64
0.546387 82
0.570493 79
0.595662 63
0.621942 65
0.649382 69
0.678032 57
0.707946 60
0.73918 72
0.771792 67
0.805842 61
0.841395 72
0.878517 39
0.917276 55
0.957745 67
1 48
1.04412 54
1.09018 43
1.13828 40
1.1885 37
1.24094 36
1.29569 40
1.35285 37
1.41254 36
1.47486 40
1.53993 29
1.60787 36
1.6788 33
1.75287 37
1.83021 28
1.91095 23
1.99526 27
2.08329 23
2.1752 24
2.27117 16
2.37137 20
2.476 20
2.58523 21
2.69929 22
2.81838 17
2.94273 24
3.07256 22
3.20812 20
3.34965 20
3.49744 19
3.65174 24
3.81285 21
3.98107 23
4.15671 14
4.3401 13
4.53158 16
4.73151 13
4.94026 9
5.15822 17
5.3858 12
5.62341 12
5.87151 11
6.13056 9
6.40103 13
6.68344 8
6.97831 13
7.28618 6
7.60764 10
7.94328 15
8.29373 6
8.65964 6
9.0417 11
9.44061 11
9.85712 4
10.292 7
10.7461 10
11.2202 12
11.7152 15
12.2321 8
12.7717 9
13.3352 5
13.9236 7
14.5378 10
15.1792 4
15.8489 10
16.5482 6
17.2783 6
18.0406 16
18.8365 11
19.6675 11
20.5353 11
21.4412 6
22.3872 14
23.3749 15
24.4062 11
25.483 11
26.6073 10
27.7811 10
29.0068 11
30.2866 8
31.6228 12
33.0179 12
34.4747 11
35.9956 8
37.5837 13
39.2419 14
40.9732 19
42.7809 14
44.6684 24
46.6391 15
48.6968 12
50.8452 13
53.0884 12
55.4307 16
57.8762 12
60.4296 15
63.0957 16
65.8795 16
68.786 12
71.8208 9
74.9894 13
78.2979 16
81.7523 24
85.3591 25
89.1251 21
93.0572 21
97.1628 16
101.45 20
105.925 33
110.599 18
115.478 24
120.573 27
125.893 27
131.447 28
137.246 31
143.301 17
149.624 19
156.225 24
163.117 32
170.314 25
177.828 36
185.674 41
193.865 35
202.418 32
211.349 50
220.673 39
230.409 40
240.575 51
251.189 58
262.271 52
273.842 56
285.924 55
298.538 77
311.709 74
325.462 82
339.821 82
354.813 73
370.467 73
386.812 88
403.878 68
421.697 65
440.301 54
459.727 27
480.01 29
501.187 20
523.299 16
546.387 5
570.493 9
595.662 5
621.942 5
649.382 5
678.032 2
707.946 1
739.18 4
771.792 1
805.842 5
841.395 4
878.517 2
917.276 0
957.745 1
1000 0
