# First line is two numbers 
#     First value is '2', it means 'histogram mode'
#     Second value is 'Emin' of the histogram
# Other lines : 2 columns. 1) energy 2) probability (nb divided by NbEvent)
# Number of bins = 480
# Content below the first bin: 0
# Content above the last  bin: 0
# Content above the last  bin: 0
# Number of events: 209000
2 1e-06
1.04412e-06 0
1.09018e-06 0
1.13828e-06 0
1.1885e-06 0
1.24094e-06 0
1.29569e-06 0
1.35285e-06 0
1.41254e-06 0
1.47486e-06 0
1.53993e-06 0
1.60787e-06 0
1.6788e-06 0
1.75287e-06 0
1.83021e-06 0
1.91095e-06 0
1.99526e-06 0
2.08329e-06 0
2.1752e-06 0
2.27117e-06 0
2.37137e-06 0
2.476e-06 0
2.58523e-06 0
2.69929e-06 0
2.81838e-06 0
2.94273e-06 0
3.07256e-06 0
3.20812e-06 0
3.34965e-06 0
3.49744e-06 0
3.65174e-06 0
3.81285e-06 0
3.98107e-06 0
4.15671e-06 0
4.3401e-06 0
4.53158e-06 0
4.73151e-06 0
4.94026e-06 0
5.15822e-06 0
5.3858e-06 0
5.62341e-06 0
5.87151e-06 0
6.13056e-06 0
6.40103e-06 0
6.68344e-06 0
6.97831e-06 0
7.28618e-06 0
7.60764e-06 0
7.94328e-06 0
8.29373e-06 0
8.65964e-06 0
9.0417e-06 0
9.44061e-06 0
9.85712e-06 0
1.0292e-05 0
1.07461e-05 0
1.12202e-05 0
1.17152e-05 0
1.22321e-05 0
1.27717e-05 0
1.33352e-05 0
1.39236e-05 0
1.45378e-05 0
1.51792e-05 0
1.58489e-05 0
1.65482e-05 0
1.72783e-05 0
1.80406e-05 0
1.88365e-05 0
1.96675e-05 0
2.05353e-05 0
2.14412e-05 0
2.23872e-05 0
2.33749e-05 0
2.44062e-05 0
2.5483e-05 0
2.66073e-05 0
2.77811e-05 0
2.90068e-05 0
3.02866e-05 0
3.16228e-05 0
3.30179e-05 0
3.44747e-05 0
3.59956e-05 0
3.75837e-05 0
3.92419e-05 0
4.09732e-05 0
4.27809e-05 0
4.46684e-05 0
4.66391e-05 0
4.86968e-05 0
5.08452e-05 0
5.30884e-05 0
5.54307e-05 0
5.78762e-05 0
6.04296e-05 0
6.30957e-05 0
6.58795e-05 0
6.8786e-05 0
7.18208e-05 0
7.49894e-05 0
7.82979e-05 0
8.17523e-05 0
8.53591e-05 0
8.91251e-05 0
9.30572e-05 0
9.71628e-05 0
0.00010145 0
0.000105925 0
0.000110599 0
0.000115478 0
0.000120573 0
0.000125893 0
0.000131447 0
0.000137246 0
0.000143301 0
0.000149624 0
0.000156225 0
0.000163117 0
0.000170314 0
0.000177828 0
0.000185674 0
0.000193865 0
0.000202418 0
0.000211349 0
0.000220673 0
0.000230409 0
0.000240575 0
0.000251189 0
0.000262271 0
0.000273842 0
0.000285924 0
0.000298538 0
0.000311709 0
0.000325462 0
0.000339821 0
0.000354813 0
0.000370467 0
0.000386812 0
0.000403878 0
0.000421697 0
0.000440301 0
0.000459727 0
0.00048001 0
0.000501187 0
0.000523299 0
0.000546387 0
0.000570493 0
0.000595662 0
0.000621942 0
0.000649382 0
0.000678032 0
0.000707946 0
0.00073918 0
0.000771792 0
0.000805842 0
0.000841395 0
0.000878517 1
0.000917276 0
0.000957745 0
0.001 0
0.00104412 0
0.00109018 0
0.00113828 0
0.0011885 0
0.00124094 0
0.00129569 0
0.00135285 0
0.00141254 1
0.00147486 0
0.00153993 0
0.00160787 0
0.0016788 0
0.00175287 0
0.00183021 0
0.00191095 1
0.00199526 1
0.00208329 0
0.0021752 0
0.00227117 1
0.00237137 0
0.002476 0
0.00258523 0
0.00269929 0
0.00281838 0
0.00294273 0
0.00307256 0
0.00320812 0
0.00334965 0
0.00349744 0
0.00365174 0
0.00381285 1
0.00398107 0
0.00415671 0
0.0043401 1
0.00453158 0
0.00473151 1
0.00494026 0
0.00515822 0
0.0053858 0
0.00562341 0
0.00587151 1
0.00613056 0
0.00640103 1
0.00668344 2
0.00697831 0
0.00728618 0
0.00760764 1
0.00794328 2
0.00829373 1
0.00865964 1
0.0090417 0
0.00944061 0
0.00985712 0
0.010292 0
0.0107461 1
0.0112202 3
0.0117152 2
0.0122321 1
0.0127717 2
0.0133352 1
0.0139236 0
0.0145378 3
0.0151792 3
0.0158489 2
0.0165482 5
0.0172783 3
0.0180406 4
0.0188365 6
0.0196675 4
0.0205353 3
0.0214412 2
0.0223872 6
0.0233749 5
0.0244062 2
0.025483 6
0.0266073 7
0.0277811 8
0.0290068 3
0.0302866 4
0.0316228 9
0.0330179 5
0.0344747 14
0.0359956 9
0.0375837 9
0.0392419 13
0.0409732 15
0.0427809 10
0.0446684 18
0.0466391 14
0.0486968 10
0.0508452 20
0.0530884 17
0.0554307 19
0.0578762 15
0.0604296 16
0.0630957 18
0.0658795 25
0.068786 22
0.0718208 23
0.0749894 14
0.0782979 25
0.0817523 30
0.0853591 24
0.0891251 31
0.0930572 23
0.0971628 35
0.10145 34
0.105925 46
0.110599 32
0.115478 35
0.120573 50
0.125893 41
0.131447 44
0.137246 41
0.143301 43
0.149624 32
0.156225 43
0.163117 54
0.170314 53
0.177828 47
0.185674 53
0.193865 50
0.202418 56
0.211349 47
0.220673 69
0.230409 63
0.240575 54
0.251189 60
0.262271 58
0.273842 64
0.285924 70
0.298538 58
0.311709 73
0.325462 75
0.339821 62
0.354813 61
0.370467 81
0.386812 71
0.403878 67
0.421697 61
0.440301 59
0.459727 66
0.48001 70
0.501187 92
0.523299 77
0.546387 70
0.570493 55
0.595662 86
0.621942 88
0.649382 76
0.678032 56
0.707946 71
0.73918 70
0.771792 74
0.805842 61
0.841395 49
0.878517 48
0.917276 51
0.957745 39
1 51
1.04412 44
1.09018 55
1.13828 47
1.1885 36
1.24094 38
1.29569 39
1.35285 36
1.41254 29
1.47486 39
1.53993 35
1.60787 29
1.6788 26
1.75287 23
1.83021 25
1.91095 26
1.99526 22
2.08329 34
2.1752 19
2.27117 28
2.37137 18
2.476 26
2.58523 28
2.69929 27
2.81838 21
2.94273 17
3.07256 12
3.20812 20
3.34965 23
3.49744 20
3.65174 15
3.81285 16
3.98107 13
4.15671 16
4.3401 17
4.53158 12
4.73151 19
4.94026 19
5.15822 15
5.3858 10
5.62341 21
5.87151 9
6.13056 13
6.40103 16
6.68344 12
6.97831 9
7.28618 12
7.60764 9
7.94328 15
8.29373 14
8.65964 9
9.0417 13
9.44061 17
9.85712 11
10.292 4
10.7461 8
11.2202 11
11.7152 10
12.2321 6
12.7717 9
13.3352 10
13.9236 5
14.5378 10
15.1792 12
15.8489 10
16.5482 9
17.2783 14
18.0406 10
18.8365 10
19.6675 6
20.5353 9
21.4412 10
22.3872 6
23.3749 15
24.4062 8
25.483 9
26.6073 10
27.7811 13
29.0068 9
30.2866 20
31.6228 11
33.0179 16
34.4747 17
35.9956 12
37.5837 7
39.2419 17
40.9732 13
42.7809 10
44.6684 16
46.6391 13
48.6968 15
50.8452 17
53.0884 13
55.4307 15
57.8762 17
60.4296 17
63.0957 16
65.8795 21
68.786 19
71.8208 18
74.9894 12
78.2979 21
81.7523 27
85.3591 22
89.1251 20
93.0572 13
97.1628 22
101.45 15
105.925 24
110.599 17
115.478 18
120.573 24
125.893 17
131.447 20
137.246 19
143.301 21
149.624 25
156.225 26
163.117 37
170.314 33
177.828 26
185.674 34
193.865 40
202.418 35
211.349 40
220.673 48
230.409 43
240.575 43
251.189 57
262.271 51
273.842 46
285.924 63
298.538 59
311.709 61
325.462 94
339.821 86
354.813 84
370.467 101
386.812 76
403.878 49
421.697 56
440.301 30
459.727 28
480.01 28
501.187 21
523.299 12
546.387 12
570.493 12
595.662 2
621.942 5
649.382 2
678.032 4
707.946 6
739.18 1
771.792 2
805.842 3
841.395 0
878.517 0
917.276 0
957.745 0
1000 0
