# First line is two numbers 
#     First value is '2', it means 'histogram mode'
#     Second value is 'Emin' of the histogram
# Other lines : 2 columns. 1) energy 2) probability (nb divided by NbEvent)
# Number of bins = 480
# Content below the first bin: 0
# Content above the last  bin: 0
# Content above the last  bin: 0
# Number of events: 209000
2 1e-06
1.04412e-06 0
1.09018e-06 0
1.13828e-06 0
1.1885e-06 0
1.24094e-06 0
1.29569e-06 0
1.35285e-06 0
1.41254e-06 0
1.47486e-06 0
1.53993e-06 0
1.60787e-06 0
1.6788e-06 0
1.75287e-06 0
1.83021e-06 0
1.91095e-06 0
1.99526e-06 0
2.08329e-06 0
2.1752e-06 0
2.27117e-06 0
2.37137e-06 0
2.476e-06 0
2.58523e-06 0
2.69929e-06 0
2.81838e-06 0
2.94273e-06 0
3.07256e-06 0
3.20812e-06 0
3.34965e-06 0
3.49744e-06 0
3.65174e-06 0
3.81285e-06 0
3.98107e-06 0
4.15671e-06 0
4.3401e-06 0
4.53158e-06 0
4.73151e-06 0
4.94026e-06 0
5.15822e-06 0
5.3858e-06 0
5.62341e-06 0
5.87151e-06 0
6.13056e-06 0
6.40103e-06 0
6.68344e-06 0
6.97831e-06 0
7.28618e-06 0
7.60764e-06 0
7.94328e-06 0
8.29373e-06 0
8.65964e-06 0
9.0417e-06 0
9.44061e-06 0
9.85712e-06 0
1.0292e-05 0
1.07461e-05 0
1.12202e-05 0
1.17152e-05 0
1.22321e-05 0
1.27717e-05 0
1.33352e-05 0
1.39236e-05 0
1.45378e-05 0
1.51792e-05 0
1.58489e-05 0
1.65482e-05 0
1.72783e-05 0
1.80406e-05 0
1.88365e-05 0
1.96675e-05 0
2.05353e-05 0
2.14412e-05 0
2.23872e-05 0
2.33749e-05 0
2.44062e-05 0
2.5483e-05 0
2.66073e-05 0
2.77811e-05 0
2.90068e-05 0
3.02866e-05 0
3.16228e-05 0
3.30179e-05 0
3.44747e-05 0
3.59956e-05 0
3.75837e-05 0
3.92419e-05 0
4.09732e-05 0
4.27809e-05 0
4.46684e-05 0
4.66391e-05 0
4.86968e-05 0
5.08452e-05 0
5.30884e-05 0
5.54307e-05 0
5.78762e-05 0
6.04296e-05 0
6.30957e-05 0
6.58795e-05 0
6.8786e-05 0
7.18208e-05 0
7.49894e-05 0
7.82979e-05 0
8.17523e-05 0
8.53591e-05 0
8.91251e-05 0
9.30572e-05 0
9.71628e-05 0
0.00010145 0
0.000105925 0
0.000110599 0
0.000115478 0
0.000120573 0
0.000125893 0
0.000131447 0
0.000137246 0
0.000143301 0
0.000149624 0
0.000156225 0
0.000163117 0
0.000170314 0
0.000177828 0
0.000185674 0
0.000193865 0
0.000202418 0
0.000211349 0
0.000220673 0
0.000230409 0
0.000240575 0
0.000251189 0
0.000262271 0
0.000273842 0
0.000285924 0
0.000298538 0
0.000311709 0
0.000325462 0
0.000339821 0
0.000354813 0
0.000370467 0
0.000386812 0
0.000403878 0
0.000421697 0
0.000440301 0
0.000459727 0
0.00048001 0
0.000501187 0
0.000523299 0
0.000546387 0
0.000570493 0
0.000595662 0
0.000621942 0
0.000649382 0
0.000678032 0
0.000707946 0
0.00073918 0
0.000771792 0
0.000805842 0
0.000841395 0
0.000878517 0
0.000917276 0
0.000957745 0
0.001 0
0.00104412 0
0.00109018 0
0.00113828 0
0.0011885 0
0.00124094 0
0.00129569 0
0.00135285 21.7563
0.00141254 0
0.00147486 0
0.00153993 0
0.00160787 109.447
0.0016788 0
0.00175287 115.593
0.00183021 99.2354
0.00191095 0
0.00199526 0
0.00208329 0
0.0021752 0
0.00227117 83.4821
0.00237137 88.5961
0.002476 0
0.00258523 0
0.00269929 0
0.00281838 0
0.00294273 0
0.00307256 0
0.00320812 0
0.00334965 0
0.00349744 0
0.00365174 110.392
0.00381285 0
0.00398107 95.007
0.00415671 114.58
0.0043401 0
0.00453158 0
0.00473151 0
0.00494026 0
0.00515822 0
0.0053858 85.9886
0.00562341 0
0.00587151 115.876
0.00613056 0
0.00640103 0
0.00668344 0
0.00697831 174.265
0.00728618 107.372
0.00760764 20.7476
0.00794328 32.2085
0.00829373 0
0.00865964 97.0261
0.0090417 31.9574
0.00944061 156.07
0.00985712 81.9358
0.010292 39.3472
0.0107461 90.6374
0.0112202 49.349
0.0117152 69.7887
0.0122321 0
0.0127717 164.505
0.0133352 227.396
0.0139236 0
0.0145378 139.661
0.0151792 0
0.0158489 0
0.0165482 321.588
0.0172783 277.543
0.0180406 360.504
0.0188365 64.4321
0.0196675 349.145
0.0205353 150.463
0.0214412 470.151
0.0223872 731.351
0.0233749 123.167
0.0244062 781.712
0.025483 754.802
0.0266073 384.849
0.0277811 663.235
0.0290068 567.725
0.0302866 704.726
0.0316228 1106.27
0.0330179 573.923
0.0344747 717.736
0.0359956 332.418
0.0375837 538.072
0.0392419 891.522
0.0409732 548.782
0.0427809 306.469
0.0446684 792.312
0.0466391 1441.26
0.0486968 1163.95
0.0508452 1250.44
0.0530884 1145.76
0.0554307 1335.95
0.0578762 1160.48
0.0604296 1758.19
0.0630957 1825.33
0.0658795 2178.94
0.068786 1215.99
0.0718208 1371.19
0.0749894 1785.5
0.0782979 1611.62
0.0817523 2360.8
0.0853591 1863.43
0.0891251 2134.07
0.0930572 2843.05
0.0971628 2964.99
0.10145 2793.93
0.105925 2879.07
0.110599 2110.74
0.115478 3009.41
0.120573 2674.88
0.125893 2016.93
0.131447 3632.23
0.137246 2613.18
0.143301 2518.08
0.149624 3751.8
0.156225 2871.97
0.163117 3830.02
0.170314 4108.41
0.177828 3751.05
0.185674 3073.73
0.193865 3630.04
0.202418 3726.63
0.211349 4635.92
0.220673 4507.57
0.230409 5409.86
0.240575 4390.5
0.251189 5341.64
0.262271 4851.27
0.273842 4885
0.285924 4229.54
0.298538 4660.14
0.311709 5689.64
0.325462 5976.5
0.339821 4819.71
0.354813 5387.22
0.370467 4838.64
0.386812 4457.19
0.403878 5696.25
0.421697 5379.51
0.440301 4923.76
0.459727 4312.74
0.48001 5204.36
0.501187 6316.99
0.523299 5701.18
0.546387 6668.97
0.570493 5455.81
0.595662 6017.18
0.621942 4934.23
0.649382 4598.26
0.678032 5153.35
0.707946 5057.91
0.73918 3921.88
0.771792 4869.2
0.805842 4223.78
0.841395 5136.36
0.878517 5480.47
0.917276 4279.02
0.957745 4306.36
1 4017.23
1.04412 3147.37
1.09018 3541.27
1.13828 4218.54
1.1885 3570.48
1.24094 3097.89
1.29569 3976.2
1.35285 2979.91
1.41254 2631.76
1.47486 3085.84
1.53993 2161.71
1.60787 2962.45
1.6788 2258.51
1.75287 2111.68
1.83021 1798.63
1.91095 2376.38
1.99526 1650.3
2.08329 1986.82
2.1752 1716.85
2.27117 1970.83
2.37137 1159.49
2.476 2389.92
2.58523 1495.92
2.69929 1947.87
2.81838 2099.54
2.94273 1165.94
3.07256 1955.65
3.20812 1436.38
3.34965 1365
3.49744 1114.46
3.65174 1547.06
3.81285 1263.15
3.98107 1362.93
4.15671 712.283
4.3401 1420.12
4.53158 1523.68
4.73151 1314.08
4.94026 1406.41
5.15822 1230.33
5.3858 725.24
5.62341 772.996
5.87151 780.682
6.13056 960.769
6.40103 852.562
6.68344 1178.06
6.97831 812.827
7.28618 688.854
7.60764 572.754
7.94328 1379.68
8.29373 1379.46
8.65964 769.503
9.0417 708.132
9.44061 569.748
9.85712 1112.4
10.292 1264.59
10.7461 588.315
11.2202 730.443
11.7152 683.526
12.2321 681.649
12.7717 994.728
13.3352 968.927
13.9236 514.844
14.5378 1162.93
15.1792 635.702
15.8489 1316.03
16.5482 1333.66
17.2783 787.769
18.0406 700.011
18.8365 419.511
19.6675 704.701
20.5353 1066.84
21.4412 1154.42
22.3872 1263.1
23.3749 1263.73
24.4062 1026.49
25.483 840.561
26.6073 256.712
27.7811 670.831
29.0068 349.112
30.2866 577.676
31.6228 619.068
33.0179 1335.05
34.4747 967.924
35.9956 749.157
37.5837 809.652
39.2419 1246.47
40.9732 1107.3
42.7809 835.465
44.6684 1378.9
46.6391 1091.06
48.6968 1315.26
50.8452 954.35
53.0884 1291.16
55.4307 1235.27
57.8762 1587.44
60.4296 1166
63.0957 1868.5
65.8795 763.636
68.786 1287.81
71.8208 845.53
74.9894 1512.66
78.2979 1361.47
81.7523 1708.79
85.3591 1018.53
89.1251 1092.87
93.0572 1210.07
97.1628 2268.71
101.45 1210.37
105.925 1523.4
110.599 1886.43
115.478 2089.39
120.573 2435.18
125.893 1648.54
131.447 1725.95
137.246 2173.8
143.301 2222.84
149.624 3171.73
156.225 2090.11
163.117 3246.28
170.314 2360.01
177.828 1695.41
185.674 2731.78
193.865 2709.5
202.418 2707.55
211.349 3426.42
220.673 3246.78
230.409 3440.64
240.575 3491.09
251.189 3571.14
262.271 5490.36
273.842 4439.13
285.924 6057.68
298.538 6360.57
311.709 6699.51
325.462 6422.38
339.821 6061.85
354.813 6642.42
370.467 7463.69
386.812 6506.91
403.878 4215.14
421.697 4736.48
440.301 2734.54
459.727 2362.33
480.01 2151.96
501.187 1444.67
523.299 1285.73
546.387 1109.1
570.493 899.467
595.662 447.852
621.942 317.769
649.382 101.811
678.032 193.786
707.946 389.558
739.18 482.784
771.792 61.9447
805.842 0
841.395 109.129
878.517 51.8985
917.276 107.696
957.745 89.3938
1000 0
