# First line is two numbers 
#     First value is '2', it means 'histogram mode'
#     Second value is 'Emin' of the histogram
# Other lines : 2 columns. 1) energy 2) probability (nb divided by NbEvent)
# Number of bins = 480
# Content below the first bin: 0
# Content above the last  bin: 0
# Content above the last  bin: 0
# Number of events: 209000
2 1e-06
1.04412e-06 0
1.09018e-06 0
1.13828e-06 0
1.1885e-06 0
1.24094e-06 0
1.29569e-06 0
1.35285e-06 0
1.41254e-06 0
1.47486e-06 0
1.53993e-06 0
1.60787e-06 0
1.6788e-06 0
1.75287e-06 0
1.83021e-06 0
1.91095e-06 0
1.99526e-06 0
2.08329e-06 0
2.1752e-06 0
2.27117e-06 0
2.37137e-06 0
2.476e-06 0
2.58523e-06 0
2.69929e-06 0
2.81838e-06 0
2.94273e-06 0
3.07256e-06 0
3.20812e-06 0
3.34965e-06 0
3.49744e-06 0
3.65174e-06 0
3.81285e-06 0
3.98107e-06 0
4.15671e-06 0
4.3401e-06 0
4.53158e-06 0
4.73151e-06 0
4.94026e-06 0
5.15822e-06 0
5.3858e-06 0
5.62341e-06 0
5.87151e-06 0
6.13056e-06 0
6.40103e-06 0
6.68344e-06 0
6.97831e-06 0
7.28618e-06 0
7.60764e-06 0
7.94328e-06 0
8.29373e-06 0
8.65964e-06 0
9.0417e-06 0
9.44061e-06 0
9.85712e-06 0
1.0292e-05 0
1.07461e-05 0
1.12202e-05 0
1.17152e-05 0
1.22321e-05 0
1.27717e-05 0
1.33352e-05 0
1.39236e-05 0
1.45378e-05 0
1.51792e-05 0
1.58489e-05 0
1.65482e-05 0
1.72783e-05 0
1.80406e-05 0
1.88365e-05 0
1.96675e-05 0
2.05353e-05 0
2.14412e-05 0
2.23872e-05 0
2.33749e-05 0
2.44062e-05 0
2.5483e-05 0
2.66073e-05 0
2.77811e-05 0
2.90068e-05 0
3.02866e-05 0
3.16228e-05 0
3.30179e-05 0
3.44747e-05 0
3.59956e-05 0
3.75837e-05 0
3.92419e-05 0
4.09732e-05 0
4.27809e-05 0
4.46684e-05 0
4.66391e-05 0
4.86968e-05 0
5.08452e-05 0
5.30884e-05 0
5.54307e-05 0
5.78762e-05 0
6.04296e-05 0
6.30957e-05 0
6.58795e-05 0
6.8786e-05 0
7.18208e-05 0
7.49894e-05 0
7.82979e-05 0
8.17523e-05 0
8.53591e-05 0
8.91251e-05 0
9.30572e-05 0
9.71628e-05 0
0.00010145 0
0.000105925 0
0.000110599 0
0.000115478 0
0.000120573 0
0.000125893 0
0.000131447 0
0.000137246 0
0.000143301 0
0.000149624 0
0.000156225 0
0.000163117 0
0.000170314 0
0.000177828 0
0.000185674 0
0.000193865 0
0.000202418 0
0.000211349 0
0.000220673 0
0.000230409 0
0.000240575 0
0.000251189 0
0.000262271 0
0.000273842 0
0.000285924 0
0.000298538 0
0.000311709 0
0.000325462 0
0.000339821 0
0.000354813 0
0.000370467 0
0.000386812 0
0.000403878 0
0.000421697 0
0.000440301 0
0.000459727 0
0.00048001 0
0.000501187 0
0.000523299 0
0.000546387 0
0.000570493 0
0.000595662 0
0.000621942 0
0.000649382 0
0.000678032 0
0.000707946 0
0.00073918 0
0.000771792 0
0.000805842 0
0.000841395 0
0.000878517 0
0.000917276 0
0.000957745 0
0.001 0
0.00104412 0
0.00109018 0
0.00113828 0
0.0011885 0
0.00124094 0
0.00129569 0
0.00135285 0
0.00141254 0
0.00147486 0
0.00153993 0
0.00160787 0
0.0016788 0
0.00175287 0
0.00183021 0
0.00191095 0
0.00199526 0
0.00208329 107.916
0.0021752 0
0.00227117 80.1073
0.00237137 0
0.002476 119.104
0.00258523 109.324
0.00269929 0
0.00281838 0
0.00294273 0
0.00307256 0
0.00320812 0
0.00334965 0
0.00349744 114.99
0.00365174 0
0.00381285 0
0.00398107 79.3608
0.00415671 0
0.0043401 0
0.00453158 0
0.00473151 0
0.00494026 73.8658
0.00515822 0
0.0053858 0
0.00562341 0
0.00587151 0
0.00613056 80.9674
0.00640103 0
0.00668344 42.7626
0.00697831 106.043
0.00728618 0
0.00760764 0
0.00794328 42.0774
0.00829373 104.856
0.00865964 0
0.0090417 74.603
0.00944061 0
0.00985712 81.9693
0.010292 0
0.0107461 112.323
0.0112202 51.1798
0.0117152 83.5755
0.0122321 160.464
0.0127717 95.1659
0.0133352 0
0.0139236 87.8944
0.0145378 170.603
0.0151792 166.27
0.0158489 485.5
0.0165482 118.163
0.0172783 385.147
0.0180406 328.306
0.0188365 28.514
0.0196675 243.823
0.0205353 339.757
0.0214412 200.412
0.0223872 599.737
0.0233749 299.19
0.0244062 307.529
0.025483 764.32
0.0266073 369.034
0.0277811 674.096
0.0290068 110.732
0.0302866 808.768
0.0316228 594.849
0.0330179 488.473
0.0344747 887.383
0.0359956 1108.56
0.0375837 795.263
0.0392419 733.042
0.0409732 495.414
0.0427809 723.913
0.0446684 354.336
0.0466391 588.608
0.0486968 1414.65
0.0508452 755.094
0.0530884 1014.76
0.0554307 925.14
0.0578762 1300.15
0.0604296 1231.59
0.0630957 1475.82
0.0658795 1346.33
0.068786 1458.58
0.0718208 1475.89
0.0749894 2594.05
0.0782979 1697.88
0.0817523 1533.71
0.0853591 2169.76
0.0891251 2126.08
0.0930572 2221.56
0.0971628 2377.74
0.10145 1882.44
0.105925 1893.97
0.110599 2742.72
0.115478 2273.44
0.120573 2925.47
0.125893 2144.75
0.131447 2359.55
0.137246 2137.07
0.143301 3235.11
0.149624 2359.86
0.156225 3249.29
0.163117 2982.75
0.170314 2715.66
0.177828 1493.21
0.185674 2657.36
0.193865 2540.9
0.202418 2793.97
0.211349 3399.4
0.220673 3043.58
0.230409 2794.04
0.240575 3441.54
0.251189 2384.16
0.262271 2812.95
0.273842 3125.81
0.285924 2716.72
0.298538 3139.55
0.311709 4459.93
0.325462 3715.88
0.339821 3354.63
0.354813 2841.29
0.370467 4082.19
0.386812 4288.37
0.403878 4493.48
0.421697 2936.92
0.440301 3603.43
0.459727 3413.91
0.48001 3037.81
0.501187 2591.67
0.523299 3609.03
0.546387 3542.87
0.570493 4273.84
0.595662 3144.27
0.621942 2620.25
0.649382 3133.38
0.678032 2949.47
0.707946 2204.62
0.73918 2567.9
0.771792 1811.47
0.805842 2903.4
0.841395 1949.35
0.878517 2809.74
0.917276 1873.39
0.957745 2344.57
1 1772.69
1.04412 2147.55
1.09018 1827.7
1.13828 2447.17
1.1885 1592.35
1.24094 1329.13
1.29569 2310.72
1.35285 1092.3
1.41254 1049.62
1.47486 1146.92
1.53993 1374.4
1.60787 1026.66
1.6788 620.46
1.75287 1273.52
1.83021 1145.2
1.91095 960.531
1.99526 570.672
2.08329 935.518
2.1752 788.931
2.27117 763.858
2.37137 682.393
2.476 1339.27
2.58523 596.771
2.69929 703.172
2.81838 1184.98
2.94273 541.623
3.07256 634.549
3.20812 763.288
3.34965 375.524
3.49744 533.165
3.65174 322.053
3.81285 686.657
3.98107 789.293
4.15671 623.595
4.3401 248.209
4.53158 406.89
4.73151 473.859
4.94026 400.111
5.15822 482.466
5.3858 358.299
5.62341 332.869
5.87151 591.087
6.13056 658.09
6.40103 483.606
6.68344 384.768
6.97831 323.125
7.28618 430.344
7.60764 363.642
7.94328 360.952
8.29373 650.842
8.65964 489.335
9.0417 150.103
9.44061 146.54
9.85712 488.982
10.292 309.093
10.7461 267.031
11.2202 472.468
11.7152 321.67
12.2321 236.169
12.7717 598.401
13.3352 497.066
13.9236 82.1467
14.5378 208.81
15.1792 332.068
15.8489 319.642
16.5482 158.517
17.2783 350.881
18.0406 546.345
18.8365 402.396
19.6675 269.925
20.5353 410.561
21.4412 253.134
22.3872 116.245
23.3749 395.62
24.4062 164.882
25.483 178.481
26.6073 300.859
27.7811 355.886
29.0068 151.668
30.2866 479.348
31.6228 369.947
33.0179 186.73
34.4747 258.564
35.9956 876.543
37.5837 475.386
39.2419 217.212
40.9732 314.308
42.7809 283.363
44.6684 41.1608
46.6391 271.334
48.6968 252.395
50.8452 444.628
53.0884 391.794
55.4307 553.112
57.8762 769.212
60.4296 592.129
63.0957 524.198
65.8795 467.472
68.786 912.05
71.8208 721.147
74.9894 1046.55
78.2979 538.665
81.7523 717.073
85.3591 636.357
89.1251 767.228
93.0572 795.653
97.1628 1011.41
101.45 768.44
105.925 342.317
110.599 892.713
115.478 813.796
120.573 1244.25
125.893 447.176
131.447 645.909
137.246 686.052
143.301 575.73
149.624 1397.5
156.225 969.044
163.117 1252.65
170.314 1277.46
177.828 1646.51
185.674 1551.27
193.865 2582.12
202.418 1245.43
211.349 826.941
220.673 1276.92
230.409 1596.62
240.575 1853.56
251.189 1672.01
262.271 1351.63
273.842 994.548
285.924 721.837
298.538 557.013
311.709 1254.42
325.462 369.991
339.821 496.165
354.813 443.203
370.467 289.924
386.812 74.9276
403.878 166.45
421.697 83.7781
440.301 156.213
459.727 188.741
480.01 84.135
501.187 0
523.299 0
546.387 154.98
570.493 99.9745
595.662 112.488
621.942 0
649.382 102.51
678.032 44.0967
707.946 0
739.18 0
771.792 0
805.842 0
841.395 0
878.517 0
917.276 0
957.745 0
1000 0
