# First line is two numbers 
#     First value is '2', it means 'histogram mode'
#     Second value is 'Emin' of the histogram
# Other lines : 2 columns. 1) energy 2) probability (nb divided by NbEvent)
# Number of bins = 480
# Content below the first bin: 0
# Content above the last  bin: 0
# Content above the last  bin: 0
# Number of events: 209000
2 1e-06
1.04412e-06 0
1.09018e-06 0
1.13828e-06 0
1.1885e-06 0
1.24094e-06 0
1.29569e-06 0
1.35285e-06 0
1.41254e-06 0
1.47486e-06 0
1.53993e-06 0
1.60787e-06 0
1.6788e-06 0
1.75287e-06 0
1.83021e-06 0
1.91095e-06 0
1.99526e-06 0
2.08329e-06 0
2.1752e-06 0
2.27117e-06 0
2.37137e-06 0
2.476e-06 0
2.58523e-06 0
2.69929e-06 0
2.81838e-06 0
2.94273e-06 0
3.07256e-06 0
3.20812e-06 0
3.34965e-06 0
3.49744e-06 0
3.65174e-06 0
3.81285e-06 0
3.98107e-06 0
4.15671e-06 0
4.3401e-06 0
4.53158e-06 0
4.73151e-06 0
4.94026e-06 0
5.15822e-06 0
5.3858e-06 0
5.62341e-06 0
5.87151e-06 0
6.13056e-06 0
6.40103e-06 0
6.68344e-06 0
6.97831e-06 0
7.28618e-06 0
7.60764e-06 0
7.94328e-06 0
8.29373e-06 0
8.65964e-06 0
9.0417e-06 0
9.44061e-06 0
9.85712e-06 0
1.0292e-05 0
1.07461e-05 0
1.12202e-05 0
1.17152e-05 0
1.22321e-05 0
1.27717e-05 0
1.33352e-05 0
1.39236e-05 0
1.45378e-05 0
1.51792e-05 0
1.58489e-05 0
1.65482e-05 0
1.72783e-05 0
1.80406e-05 0
1.88365e-05 0
1.96675e-05 0
2.05353e-05 0
2.14412e-05 0
2.23872e-05 0
2.33749e-05 0
2.44062e-05 0
2.5483e-05 0
2.66073e-05 0
2.77811e-05 0
2.90068e-05 0
3.02866e-05 0
3.16228e-05 0
3.30179e-05 0
3.44747e-05 0
3.59956e-05 0
3.75837e-05 0
3.92419e-05 0
4.09732e-05 0
4.27809e-05 0
4.46684e-05 0
4.66391e-05 0
4.86968e-05 0
5.08452e-05 0
5.30884e-05 0
5.54307e-05 0
5.78762e-05 0
6.04296e-05 0
6.30957e-05 0
6.58795e-05 0
6.8786e-05 0
7.18208e-05 0
7.49894e-05 0
7.82979e-05 0
8.17523e-05 0
8.53591e-05 0
8.91251e-05 0
9.30572e-05 0
9.71628e-05 0
0.00010145 0
0.000105925 0
0.000110599 0
0.000115478 0
0.000120573 0
0.000125893 0
0.000131447 0
0.000137246 0
0.000143301 0
0.000149624 0
0.000156225 0
0.000163117 0
0.000170314 0
0.000177828 0
0.000185674 0
0.000193865 0
0.000202418 0
0.000211349 0
0.000220673 0
0.000230409 0
0.000240575 0
0.000251189 0
0.000262271 0
0.000273842 0
0.000285924 0
0.000298538 0
0.000311709 0
0.000325462 0
0.000339821 0
0.000354813 0
0.000370467 0
0.000386812 0
0.000403878 0
0.000421697 0
0.000440301 0
0.000459727 0
0.00048001 0
0.000501187 0
0.000523299 0
0.000546387 0
0.000570493 0
0.000595662 0
0.000621942 0
0.000649382 0
0.000678032 0
0.000707946 0
0.00073918 0
0.000771792 0
0.000805842 0
0.000841395 0
0.000878517 0
0.000917276 0
0.000957745 0
0.001 0
0.00104412 0
0.00109018 0
0.00113828 0
0.0011885 0
0.00124094 0
0.00129569 0
0.00135285 0
0.00141254 0
0.00147486 0
0.00153993 0
0.00160787 0
0.0016788 0
0.00175287 0
0.00183021 0
0.00191095 0
0.00199526 0
0.00208329 0
0.0021752 0
0.00227117 0
0.00237137 0
0.002476 93.2714
0.00258523 0
0.00269929 0
0.00281838 0
0.00294273 0
0.00307256 0
0.00320812 0
0.00334965 0
0.00349744 0
0.00365174 0
0.00381285 0
0.00398107 0
0.00415671 0
0.0043401 0
0.00453158 0
0.00473151 0
0.00494026 0
0.00515822 69.3732
0.0053858 0
0.00562341 0
0.00587151 0
0.00613056 0
0.00640103 0
0.00668344 0
0.00697831 0
0.00728618 0
0.00760764 0
0.00794328 0
0.00829373 0
0.00865964 0
0.0090417 0
0.00944061 0
0.00985712 0
0.010292 102.078
0.0107461 0
0.0112202 0
0.0117152 0
0.0122321 0
0.0127717 0
0.0133352 0
0.0139236 0
0.0145378 0
0.0151792 0
0.0158489 0
0.0165482 0
0.0172783 0
0.0180406 0
0.0188365 0
0.0196675 0
0.0205353 0
0.0214412 0
0.0223872 0
0.0233749 0
0.0244062 0
0.025483 114.24
0.0266073 0
0.0277811 0
0.0290068 0
0.0302866 0
0.0316228 0
0.0330179 0
0.0344747 0
0.0359956 0
0.0375837 0
0.0392419 0
0.0409732 67.9285
0.0427809 0
0.0446684 0
0.0466391 0
0.0486968 22.7585
0.0508452 0
0.0530884 0
0.0554307 0
0.0578762 0
0.0604296 0
0.0630957 0
0.0658795 0
0.068786 0
0.0718208 186.801
0.0749894 0
0.0782979 119.057
0.0817523 201.952
0.0853591 0
0.0891251 94.7523
0.0930572 128.135
0.0971628 97.0945
0.10145 0
0.105925 0
0.110599 0
0.115478 198.103
0.120573 0
0.125893 530.15
0.131447 536.223
0.137246 121.509
0.143301 197.485
0.149624 0
0.156225 123.309
0.163117 149.878
0.170314 122.741
0.177828 270.483
0.185674 689.18
0.193865 122.862
0.202418 34.5343
0.211349 219.561
0.220673 391.277
0.230409 102.175
0.240575 257.242
0.251189 169.307
0.262271 127.356
0.273842 569.129
0.285924 199.761
0.298538 509.312
0.311709 1084.49
0.325462 690.373
0.339821 486.12
0.354813 1038.03
0.370467 689.917
0.386812 479.365
0.403878 577.523
0.421697 358.332
0.440301 161.53
0.459727 269.614
0.48001 687.682
0.501187 584.463
0.523299 892.38
0.546387 636.218
0.570493 453.689
0.595662 1064.26
0.621942 1458.16
0.649382 1448.47
0.678032 1647.31
0.707946 1321.3
0.73918 799.1
0.771792 743.137
0.805842 561.549
0.841395 1311
0.878517 754.292
0.917276 1222.92
0.957745 1440.93
1 1116.55
1.04412 755.095
1.09018 793.255
1.13828 1427.33
1.1885 1139.91
1.24094 1113.31
1.29569 1504.72
1.35285 1296.04
1.41254 1008.1
1.47486 460.308
1.53993 1383.55
1.60787 871.488
1.6788 952.041
1.75287 1308.43
1.83021 1044.22
1.91095 1059.24
1.99526 567.023
2.08329 1164.69
2.1752 1187.51
2.27117 1255.31
2.37137 472.994
2.476 837.926
2.58523 857.55
2.69929 594.339
2.81838 899.762
2.94273 805.535
3.07256 495.584
3.20812 739.379
3.34965 540.855
3.49744 475.31
3.65174 545.552
3.81285 373.484
3.98107 371.695
4.15671 383.882
4.3401 279.243
4.53158 307.168
4.73151 333.404
4.94026 662.128
5.15822 274.511
5.3858 642.676
5.62341 588.036
5.87151 550.203
6.13056 215.562
6.40103 399.897
6.68344 270.774
6.97831 482.094
7.28618 621.463
7.60764 277.97
7.94328 348.103
8.29373 208.271
8.65964 691.134
9.0417 597.073
9.44061 660.492
9.85712 201.932
10.292 430.124
10.7461 481.528
11.2202 445.572
11.7152 559.109
12.2321 649.608
12.7717 351.011
13.3352 112.034
13.9236 212.951
14.5378 752.973
15.1792 715.101
15.8489 175.3
16.5482 639.593
17.2783 716.398
18.0406 1089.05
18.8365 390.387
19.6675 266.385
20.5353 197.868
21.4412 745.612
22.3872 1008.5
23.3749 622.705
24.4062 682.217
25.483 837.944
26.6073 392.76
27.7811 499.013
29.0068 632.378
30.2866 1143.48
31.6228 972.22
33.0179 1130.97
34.4747 1072.59
35.9956 1362.27
37.5837 1604.23
39.2419 775.635
40.9732 1583.63
42.7809 1217.92
44.6684 1687.97
46.6391 1625.81
48.6968 560.044
50.8452 1195.11
53.0884 1305.49
55.4307 1781.86
57.8762 1151.92
60.4296 1665.56
63.0957 1228.13
65.8795 1736.67
68.786 1207.23
71.8208 2355.66
74.9894 2102.2
78.2979 1954.96
81.7523 2009.73
85.3591 2574.57
89.1251 1902.87
93.0572 1811.32
97.1628 2861.28
101.45 3481.77
105.925 2627.43
110.599 2210.52
115.478 3741.22
120.573 2347.95
125.893 3116.26
131.447 3275.13
137.246 4429.11
143.301 4698.45
149.624 4821.44
156.225 5285.79
163.117 4422.36
170.314 3801.47
177.828 5139.76
185.674 4798.9
193.865 5092.28
202.418 4435.13
211.349 6637.15
220.673 5995.69
230.409 6077.72
240.575 5449.44
251.189 6684.83
262.271 4996.73
273.842 4475.59
285.924 5018.29
298.538 4680.97
311.709 3296.11
325.462 2545.32
339.821 1536.02
354.813 1846.88
370.467 1053.43
386.812 989.994
403.878 399.651
421.697 1041.72
440.301 349.846
459.727 657.918
480.01 395.01
501.187 323.551
523.299 96.1478
546.387 132.932
570.493 78.842
595.662 116.624
621.942 109.947
649.382 176.833
678.032 79.7542
707.946 62.4402
739.18 0
771.792 0
805.842 0
841.395 0
878.517 0
917.276 0
957.745 0
1000 0
