# First line is two numbers 
#     First value is '2', it means 'histogram mode'
#     Second value is 'Emin' of the histogram
# Other lines : 2 columns. 1) energy 2) probability (nb divided by NbEvent)
# Number of bins = 480
# Content below the first bin: 0
# Content above the last  bin: 0
# Content above the last  bin: 0
# Number of events: 209000
2 1e-06
1.04412e-06 0
1.09018e-06 0
1.13828e-06 0
1.1885e-06 0
1.24094e-06 0
1.29569e-06 0
1.35285e-06 0
1.41254e-06 0
1.47486e-06 0
1.53993e-06 0
1.60787e-06 0
1.6788e-06 0
1.75287e-06 0
1.83021e-06 0
1.91095e-06 0
1.99526e-06 0
2.08329e-06 0
2.1752e-06 0
2.27117e-06 0
2.37137e-06 0
2.476e-06 0
2.58523e-06 0
2.69929e-06 0
2.81838e-06 0
2.94273e-06 0
3.07256e-06 0
3.20812e-06 0
3.34965e-06 0
3.49744e-06 0
3.65174e-06 0
3.81285e-06 0
3.98107e-06 0
4.15671e-06 0
4.3401e-06 0
4.53158e-06 0
4.73151e-06 0
4.94026e-06 0
5.15822e-06 0
5.3858e-06 0
5.62341e-06 0
5.87151e-06 0
6.13056e-06 0
6.40103e-06 0
6.68344e-06 0
6.97831e-06 0
7.28618e-06 0
7.60764e-06 0
7.94328e-06 0
8.29373e-06 0
8.65964e-06 0
9.0417e-06 0
9.44061e-06 0
9.85712e-06 0
1.0292e-05 0
1.07461e-05 0
1.12202e-05 0
1.17152e-05 0
1.22321e-05 0
1.27717e-05 0
1.33352e-05 0
1.39236e-05 0
1.45378e-05 0
1.51792e-05 0
1.58489e-05 0
1.65482e-05 0
1.72783e-05 0
1.80406e-05 0
1.88365e-05 0
1.96675e-05 0
2.05353e-05 0
2.14412e-05 0
2.23872e-05 0
2.33749e-05 0
2.44062e-05 0
2.5483e-05 0
2.66073e-05 0
2.77811e-05 0
2.90068e-05 0
3.02866e-05 0
3.16228e-05 0
3.30179e-05 0
3.44747e-05 0
3.59956e-05 0
3.75837e-05 0
3.92419e-05 0
4.09732e-05 0
4.27809e-05 0
4.46684e-05 0
4.66391e-05 0
4.86968e-05 0
5.08452e-05 0
5.30884e-05 0
5.54307e-05 0
5.78762e-05 0
6.04296e-05 0
6.30957e-05 0
6.58795e-05 0
6.8786e-05 0
7.18208e-05 0
7.49894e-05 0
7.82979e-05 0
8.17523e-05 0
8.53591e-05 0
8.91251e-05 0
9.30572e-05 0
9.71628e-05 0
0.00010145 0
0.000105925 0
0.000110599 0
0.000115478 0
0.000120573 0
0.000125893 0
0.000131447 0
0.000137246 0
0.000143301 0
0.000149624 0
0.000156225 0
0.000163117 0
0.000170314 0
0.000177828 0
0.000185674 0
0.000193865 0
0.000202418 0
0.000211349 0
0.000220673 0
0.000230409 0
0.000240575 0
0.000251189 0
0.000262271 0
0.000273842 0
0.000285924 0
0.000298538 0
0.000311709 0
0.000325462 0
0.000339821 0
0.000354813 0
0.000370467 0
0.000386812 0
0.000403878 0
0.000421697 0
0.000440301 0
0.000459727 0
0.00048001 0
0.000501187 0
0.000523299 1
0.000546387 0
0.000570493 0
0.000595662 0
0.000621942 0
0.000649382 0
0.000678032 0
0.000707946 0
0.00073918 0
0.000771792 0
0.000805842 0
0.000841395 0
0.000878517 0
0.000917276 0
0.000957745 0
0.001 0
0.00104412 0
0.00109018 0
0.00113828 0
0.0011885 0
0.00124094 0
0.00129569 0
0.00135285 0
0.00141254 0
0.00147486 0
0.00153993 0
0.00160787 0
0.0016788 0
0.00175287 0
0.00183021 0
0.00191095 0
0.00199526 0
0.00208329 0
0.0021752 0
0.00227117 0
0.00237137 0
0.002476 0
0.00258523 0
0.00269929 0
0.00281838 0
0.00294273 0
0.00307256 0
0.00320812 0
0.00334965 0
0.00349744 0
0.00365174 0
0.00381285 0
0.00398107 0
0.00415671 0
0.0043401 0
0.00453158 1
0.00473151 0
0.00494026 0
0.00515822 0
0.0053858 0
0.00562341 0
0.00587151 0
0.00613056 1
0.00640103 0
0.00668344 0
0.00697831 0
0.00728618 0
0.00760764 1
0.00794328 0
0.00829373 0
0.00865964 0
0.0090417 0
0.00944061 1
0.00985712 0
0.010292 0
0.0107461 0
0.0112202 1
0.0117152 1
0.0122321 2
0.0127717 2
0.0133352 0
0.0139236 0
0.0145378 0
0.0151792 1
0.0158489 0
0.0165482 2
0.0172783 0
0.0180406 2
0.0188365 0
0.0196675 2
0.0205353 1
0.0214412 0
0.0223872 0
0.0233749 0
0.0244062 1
0.025483 2
0.0266073 0
0.0277811 1
0.0290068 2
0.0302866 2
0.0316228 0
0.0330179 2
0.0344747 2
0.0359956 2
0.0375837 5
0.0392419 1
0.0409732 2
0.0427809 2
0.0446684 2
0.0466391 7
0.0486968 4
0.0508452 4
0.0530884 2
0.0554307 3
0.0578762 2
0.0604296 1
0.0630957 2
0.0658795 2
0.068786 13
0.0718208 4
0.0749894 6
0.0782979 7
0.0817523 2
0.0853591 3
0.0891251 7
0.0930572 6
0.0971628 8
0.10145 8
0.105925 13
0.110599 7
0.115478 10
0.120573 7
0.125893 11
0.131447 10
0.137246 5
0.143301 12
0.149624 7
0.156225 11
0.163117 8
0.170314 14
0.177828 9
0.185674 12
0.193865 8
0.202418 17
0.211349 14
0.220673 3
0.230409 16
0.240575 11
0.251189 9
0.262271 10
0.273842 17
0.285924 9
0.298538 7
0.311709 20
0.325462 21
0.339821 11
0.354813 10
0.370467 7
0.386812 18
0.403878 7
0.421697 10
0.440301 10
0.459727 10
0.48001 10
0.501187 10
0.523299 13
0.546387 7
0.570493 11
0.595662 12
0.621942 13
0.649382 9
0.678032 13
0.707946 2
0.73918 9
0.771792 9
0.805842 9
0.841395 7
0.878517 5
0.917276 8
0.957745 10
1 4
1.04412 13
1.09018 7
1.13828 6
1.1885 15
1.24094 8
1.29569 12
1.35285 3
1.41254 5
1.47486 7
1.53993 10
1.60787 9
1.6788 5
1.75287 3
1.83021 3
1.91095 5
1.99526 1
2.08329 1
2.1752 4
2.27117 4
2.37137 2
2.476 7
2.58523 4
2.69929 3
2.81838 2
2.94273 3
3.07256 5
3.20812 2
3.34965 5
3.49744 2
3.65174 5
3.81285 4
3.98107 4
4.15671 2
4.3401 1
4.53158 3
4.73151 4
4.94026 1
5.15822 0
5.3858 2
5.62341 2
5.87151 1
6.13056 4
6.40103 3
6.68344 0
6.97831 1
7.28618 1
7.60764 0
7.94328 0
8.29373 2
8.65964 5
9.0417 4
9.44061 4
9.85712 0
10.292 1
10.7461 2
11.2202 0
11.7152 1
12.2321 4
12.7717 1
13.3352 0
13.9236 2
14.5378 1
15.1792 4
15.8489 2
16.5482 1
17.2783 3
18.0406 3
18.8365 2
19.6675 0
20.5353 0
21.4412 1
22.3872 1
23.3749 2
24.4062 1
25.483 0
26.6073 2
27.7811 2
29.0068 1
30.2866 1
31.6228 1
33.0179 2
34.4747 0
35.9956 2
37.5837 3
39.2419 0
40.9732 0
42.7809 2
44.6684 1
46.6391 2
48.6968 1
50.8452 0
53.0884 4
55.4307 2
57.8762 5
60.4296 2
63.0957 0
65.8795 1
68.786 1
71.8208 2
74.9894 0
78.2979 2
81.7523 3
85.3591 2
89.1251 1
93.0572 1
97.1628 1
101.45 0
105.925 1
110.599 0
115.478 2
120.573 1
125.893 2
131.447 2
137.246 0
143.301 1
149.624 1
156.225 0
163.117 2
170.314 3
177.828 1
185.674 2
193.865 0
202.418 0
211.349 2
220.673 0
230.409 0
240.575 0
251.189 0
262.271 0
273.842 0
285.924 1
298.538 0
311.709 1
325.462 0
339.821 0
354.813 0
370.467 0
386.812 0
403.878 0
421.697 0
440.301 0
459.727 0
480.01 0
501.187 0
523.299 0
546.387 0
570.493 0
595.662 0
621.942 0
649.382 0
678.032 0
707.946 0
739.18 0
771.792 0
805.842 0
841.395 0
878.517 0
917.276 0
957.745 0
1000 0
