# First line is two numbers 
#     First value is '2', it means 'histogram mode'
#     Second value is 'Emin' of the histogram
# Other lines : 2 columns. 1) energy 2) probability (nb divided by NbEvent)
# Number of bins = 480
# Content below the first bin: 0
# Content above the last  bin: 0
# Content above the last  bin: 0
# Number of events: 209000
2 1e-06
1.04412e-06 0
1.09018e-06 0
1.13828e-06 0
1.1885e-06 0
1.24094e-06 0
1.29569e-06 0
1.35285e-06 0
1.41254e-06 0
1.47486e-06 0
1.53993e-06 0
1.60787e-06 0
1.6788e-06 0
1.75287e-06 0
1.83021e-06 0
1.91095e-06 0
1.99526e-06 0
2.08329e-06 0
2.1752e-06 0
2.27117e-06 0
2.37137e-06 0
2.476e-06 0
2.58523e-06 0
2.69929e-06 0
2.81838e-06 0
2.94273e-06 0
3.07256e-06 0
3.20812e-06 0
3.34965e-06 0
3.49744e-06 0
3.65174e-06 0
3.81285e-06 0
3.98107e-06 0
4.15671e-06 0
4.3401e-06 0
4.53158e-06 0
4.73151e-06 0
4.94026e-06 0
5.15822e-06 0
5.3858e-06 0
5.62341e-06 0
5.87151e-06 0
6.13056e-06 0
6.40103e-06 0
6.68344e-06 0
6.97831e-06 0
7.28618e-06 0
7.60764e-06 0
7.94328e-06 0
8.29373e-06 0
8.65964e-06 0
9.0417e-06 0
9.44061e-06 0
9.85712e-06 0
1.0292e-05 0
1.07461e-05 0
1.12202e-05 0
1.17152e-05 0
1.22321e-05 0
1.27717e-05 0
1.33352e-05 0
1.39236e-05 0
1.45378e-05 0
1.51792e-05 0
1.58489e-05 0
1.65482e-05 0
1.72783e-05 0
1.80406e-05 0
1.88365e-05 0
1.96675e-05 0
2.05353e-05 0
2.14412e-05 0
2.23872e-05 0
2.33749e-05 0
2.44062e-05 0
2.5483e-05 0
2.66073e-05 0
2.77811e-05 0
2.90068e-05 0
3.02866e-05 0
3.16228e-05 0
3.30179e-05 0
3.44747e-05 0
3.59956e-05 0
3.75837e-05 0
3.92419e-05 0
4.09732e-05 0
4.27809e-05 0
4.46684e-05 0
4.66391e-05 0
4.86968e-05 0
5.08452e-05 0
5.30884e-05 0
5.54307e-05 0
5.78762e-05 0
6.04296e-05 0
6.30957e-05 0
6.58795e-05 0
6.8786e-05 0
7.18208e-05 0
7.49894e-05 0
7.82979e-05 0
8.17523e-05 0
8.53591e-05 0
8.91251e-05 0
9.30572e-05 0
9.71628e-05 0
0.00010145 0
0.000105925 0
0.000110599 0
0.000115478 0
0.000120573 0
0.000125893 0
0.000131447 0
0.000137246 0
0.000143301 0
0.000149624 0
0.000156225 0
0.000163117 0
0.000170314 0
0.000177828 0
0.000185674 0
0.000193865 0
0.000202418 0
0.000211349 0
0.000220673 0
0.000230409 0
0.000240575 0
0.000251189 0
0.000262271 0
0.000273842 0
0.000285924 0
0.000298538 0
0.000311709 0
0.000325462 0
0.000339821 0
0.000354813 0
0.000370467 0
0.000386812 0
0.000403878 0
0.000421697 0
0.000440301 0
0.000459727 0
0.00048001 0
0.000501187 0
0.000523299 0
0.000546387 0
0.000570493 0
0.000595662 0
0.000621942 0
0.000649382 0
0.000678032 0
0.000707946 0
0.00073918 0
0.000771792 0
0.000805842 0
0.000841395 0
0.000878517 0
0.000917276 0
0.000957745 0
0.001 0
0.00104412 0
0.00109018 0
0.00113828 0
0.0011885 0
0.00124094 0
0.00129569 0
0.00135285 0
0.00141254 0
0.00147486 0
0.00153993 0
0.00160787 0
0.0016788 0
0.00175287 0
0.00183021 0
0.00191095 0
0.00199526 0
0.00208329 0
0.0021752 0
0.00227117 0
0.00237137 0
0.002476 0
0.00258523 0
0.00269929 0
0.00281838 0
0.00294273 0
0.00307256 0
0.00320812 0
0.00334965 0
0.00349744 0
0.00365174 0
0.00381285 0
0.00398107 0
0.00415671 0
0.0043401 0
0.00453158 0
0.00473151 0
0.00494026 0
0.00515822 0
0.0053858 0
0.00562341 0
0.00587151 0
0.00613056 0
0.00640103 0
0.00668344 0
0.00697831 0
0.00728618 0
0.00760764 0
0.00794328 0
0.00829373 0
0.00865964 0
0.0090417 0
0.00944061 0
0.00985712 0
0.010292 0
0.0107461 0
0.0112202 35.5244
0.0117152 0
0.0122321 0
0.0127717 0
0.0133352 0
0.0139236 0
0.0145378 0
0.0151792 0
0.0158489 0
0.0165482 0
0.0172783 0
0.0180406 0
0.0188365 0
0.0196675 0
0.0205353 0
0.0214412 0
0.0223872 0
0.0233749 0
0.0244062 94.6406
0.025483 0
0.0266073 0
0.0277811 0
0.0290068 0
0.0302866 0
0.0316228 0
0.0330179 0
0.0344747 0
0.0359956 0
0.0375837 0
0.0392419 0
0.0409732 0
0.0427809 0
0.0446684 0
0.0466391 0
0.0486968 0
0.0508452 0
0.0530884 0
0.0554307 0
0.0578762 0
0.0604296 0
0.0630957 0
0.0658795 0
0.068786 0
0.0718208 40.8464
0.0749894 72.0198
0.0782979 0
0.0817523 70.5994
0.0853591 0
0.0891251 0
0.0930572 0
0.0971628 0
0.10145 0
0.105925 0
0.110599 0
0.115478 0
0.120573 0
0.125893 0
0.131447 81.9238
0.137246 0
0.143301 0
0.149624 0
0.156225 0
0.163117 0
0.170314 0
0.177828 0
0.185674 242.327
0.193865 0
0.202418 0
0.211349 0
0.220673 400.241
0.230409 0
0.240575 209.054
0.251189 93.1673
0.262271 0
0.273842 61.7725
0.285924 105.512
0.298538 121.225
0.311709 244.447
0.325462 158.251
0.339821 107.78
0.354813 295.866
0.370467 231.274
0.386812 147.411
0.403878 0
0.421697 0
0.440301 87.57
0.459727 331.752
0.48001 158.593
0.501187 296.197
0.523299 216.106
0.546387 288.163
0.570493 102.433
0.595662 63.6534
0.621942 80.6999
0.649382 322.371
0.678032 274.683
0.707946 326.572
0.73918 0
0.771792 119.505
0.805842 124.087
0.841395 42.6307
0.878517 292.495
0.917276 116.714
0.957745 360.1
1 181.536
1.04412 316.835
1.09018 296.138
1.13828 397.53
1.1885 539.161
1.24094 100.643
1.29569 499.811
1.35285 45.7324
1.41254 0
1.47486 89.7489
1.53993 281.993
1.60787 88.5921
1.6788 163.558
1.75287 0
1.83021 318.962
1.91095 269.345
1.99526 216.003
2.08329 26.6528
2.1752 51.6051
2.27117 77.5593
2.37137 155.391
2.476 148.696
2.58523 0
2.69929 83.0371
2.81838 169.372
2.94273 213.418
3.07256 72.9581
3.20812 278.836
3.34965 188.663
3.49744 178.011
3.65174 156.677
3.81285 437.749
3.98107 157.435
4.15671 172.249
4.3401 0
4.53158 91.1138
4.73151 118.233
4.94026 105.246
5.15822 0
5.3858 55.5583
5.62341 0
5.87151 0
6.13056 34.8846
6.40103 204.443
6.68344 187.235
6.97831 159.83
7.28618 121.239
7.60764 84.0563
7.94328 0
8.29373 54.4029
8.65964 19.4703
9.0417 220.145
9.44061 26.9008
9.85712 57.8356
10.292 81.5644
10.7461 42.2059
11.2202 62.7045
11.7152 166.608
12.2321 0
12.7717 0
13.3352 62.3113
13.9236 0
14.5378 107.046
15.1792 0
15.8489 0
16.5482 0
17.2783 0
18.0406 0
18.8365 143.196
19.6675 149.895
20.5353 80.4109
21.4412 183.867
22.3872 0
23.3749 0
24.4062 356.523
25.483 75.2182
26.6073 220.464
27.7811 215.185
29.0068 0
30.2866 242.78
31.6228 212.674
33.0179 0
34.4747 291.12
35.9956 112.963
37.5837 15.6445
39.2419 0
40.9732 35.9116
42.7809 0
44.6684 91.4357
46.6391 404.527
48.6968 94.8401
50.8452 20.8798
53.0884 76.6318
55.4307 97.0093
57.8762 141.268
60.4296 193.873
63.0957 323.934
65.8795 0
68.786 0
71.8208 163.31
74.9894 214.021
78.2979 183.247
81.7523 125.304
85.3591 112.268
89.1251 206.21
93.0572 38.3885
97.1628 125.461
101.45 88.4554
105.925 120.397
110.599 153.274
115.478 84.5852
120.573 0
125.893 231.109
131.447 43.3215
137.246 32.1955
143.301 202.266
149.624 0
156.225 124.436
163.117 319.654
170.314 181.873
177.828 0
185.674 222.425
193.865 120.571
202.418 123.885
211.349 97.8124
220.673 128.651
230.409 0
240.575 115.668
251.189 89.8338
262.271 0
273.842 0
285.924 0
298.538 0
311.709 0
325.462 0
339.821 0
354.813 0
370.467 0
386.812 0
403.878 0
421.697 0
440.301 0
459.727 0
480.01 0
501.187 0
523.299 0
546.387 0
570.493 0
595.662 0
621.942 0
649.382 0
678.032 0
707.946 0
739.18 0
771.792 0
805.842 0
841.395 0
878.517 0
917.276 0
957.745 0
1000 0
