# First line is two numbers 
#     First value is '2', it means 'histogram mode'
#     Second value is 'Emin' of the histogram
# Other lines : 2 columns. 1) energy 2) probability (nb divided by NbEvent)
# Number of bins = 480
# Content below the first bin: 0
# Content above the last  bin: 0
# Content above the last  bin: 0
# Number of events: 209000
2 1e-06
1.04412e-06 0
1.09018e-06 0
1.13828e-06 0
1.1885e-06 0
1.24094e-06 0
1.29569e-06 0
1.35285e-06 0
1.41254e-06 0
1.47486e-06 0
1.53993e-06 0
1.60787e-06 0
1.6788e-06 0
1.75287e-06 0
1.83021e-06 0
1.91095e-06 0
1.99526e-06 0
2.08329e-06 0
2.1752e-06 0
2.27117e-06 0
2.37137e-06 0
2.476e-06 0
2.58523e-06 0
2.69929e-06 0
2.81838e-06 0
2.94273e-06 0
3.07256e-06 0
3.20812e-06 0
3.34965e-06 0
3.49744e-06 0
3.65174e-06 0
3.81285e-06 0
3.98107e-06 0
4.15671e-06 0
4.3401e-06 0
4.53158e-06 0
4.73151e-06 0
4.94026e-06 0
5.15822e-06 0
5.3858e-06 0
5.62341e-06 0
5.87151e-06 0
6.13056e-06 0
6.40103e-06 0
6.68344e-06 0
6.97831e-06 0
7.28618e-06 0
7.60764e-06 0
7.94328e-06 0
8.29373e-06 0
8.65964e-06 0
9.0417e-06 0
9.44061e-06 0
9.85712e-06 0
1.0292e-05 0
1.07461e-05 0
1.12202e-05 0
1.17152e-05 0
1.22321e-05 0
1.27717e-05 0
1.33352e-05 0
1.39236e-05 0
1.45378e-05 0
1.51792e-05 0
1.58489e-05 0
1.65482e-05 0
1.72783e-05 0
1.80406e-05 0
1.88365e-05 0
1.96675e-05 0
2.05353e-05 0
2.14412e-05 0
2.23872e-05 0
2.33749e-05 0
2.44062e-05 0
2.5483e-05 0
2.66073e-05 0
2.77811e-05 0
2.90068e-05 0
3.02866e-05 0
3.16228e-05 0
3.30179e-05 0
3.44747e-05 0
3.59956e-05 0
3.75837e-05 0
3.92419e-05 0
4.09732e-05 0
4.27809e-05 0
4.46684e-05 0
4.66391e-05 0
4.86968e-05 0
5.08452e-05 0
5.30884e-05 0
5.54307e-05 0
5.78762e-05 0
6.04296e-05 0
6.30957e-05 0
6.58795e-05 0
6.8786e-05 0
7.18208e-05 0
7.49894e-05 0
7.82979e-05 0
8.17523e-05 0
8.53591e-05 0
8.91251e-05 0
9.30572e-05 0
9.71628e-05 0
0.00010145 0
0.000105925 0
0.000110599 0
0.000115478 0
0.000120573 0
0.000125893 0
0.000131447 0
0.000137246 0
0.000143301 0
0.000149624 0
0.000156225 0
0.000163117 0
0.000170314 0
0.000177828 0
0.000185674 0
0.000193865 0
0.000202418 0
0.000211349 0
0.000220673 0
0.000230409 0
0.000240575 0
0.000251189 0
0.000262271 0
0.000273842 0
0.000285924 0
0.000298538 0
0.000311709 0
0.000325462 0
0.000339821 0
0.000354813 0
0.000370467 0
0.000386812 0
0.000403878 0
0.000421697 0
0.000440301 0
0.000459727 0
0.00048001 0
0.000501187 0
0.000523299 0
0.000546387 0
0.000570493 0
0.000595662 0
0.000621942 0
0.000649382 0
0.000678032 0
0.000707946 0
0.00073918 0
0.000771792 0
0.000805842 0
0.000841395 0
0.000878517 0
0.000917276 0
0.000957745 0
0.001 0
0.00104412 0
0.00109018 0
0.00113828 0
0.0011885 0
0.00124094 0
0.00129569 0
0.00135285 0
0.00141254 0
0.00147486 0
0.00153993 0
0.00160787 0
0.0016788 0
0.00175287 0
0.00183021 0
0.00191095 0
0.00199526 0
0.00208329 0
0.0021752 0
0.00227117 0
0.00237137 0
0.002476 0
0.00258523 0
0.00269929 0
0.00281838 0
0.00294273 0
0.00307256 0
0.00320812 0
0.00334965 0
0.00349744 0
0.00365174 0
0.00381285 0
0.00398107 0
0.00415671 0
0.0043401 0
0.00453158 0
0.00473151 0
0.00494026 0
0.00515822 0
0.0053858 0
0.00562341 0
0.00587151 0
0.00613056 0
0.00640103 0
0.00668344 0
0.00697831 0
0.00728618 0
0.00760764 0
0.00794328 0
0.00829373 0
0.00865964 0
0.0090417 0
0.00944061 0
0.00985712 0
0.010292 0
0.0107461 0
0.0112202 0
0.0117152 0
0.0122321 101.093
0.0127717 0
0.0133352 0
0.0139236 0
0.0145378 0
0.0151792 0
0.0158489 0
0.0165482 0
0.0172783 43.4294
0.0180406 0
0.0188365 0
0.0196675 0
0.0205353 0
0.0214412 0
0.0223872 0
0.0233749 0
0.0244062 0
0.025483 79.7383
0.0266073 0
0.0277811 0
0.0290068 0
0.0302866 0
0.0316228 0
0.0330179 0
0.0344747 0
0.0359956 0
0.0375837 0
0.0392419 0
0.0409732 119.777
0.0427809 0
0.0446684 0
0.0466391 0
0.0486968 0
0.0508452 0
0.0530884 0
0.0554307 0
0.0578762 0
0.0604296 0
0.0630957 0
0.0658795 0
0.068786 0
0.0718208 0
0.0749894 0
0.0782979 106.054
0.0817523 0
0.0853591 0
0.0891251 0
0.0930572 0
0.0971628 0
0.10145 0
0.105925 0
0.110599 0
0.115478 79.9506
0.120573 0
0.125893 0
0.131447 0
0.137246 87.1346
0.143301 38.0578
0.149624 0
0.156225 0
0.163117 106.897
0.170314 100.788
0.177828 0
0.185674 0
0.193865 88.7439
0.202418 0
0.211349 0
0.220673 0
0.230409 101.351
0.240575 0
0.251189 0
0.262271 80.9599
0.273842 0
0.285924 0
0.298538 126.159
0.311709 96.792
0.325462 113.081
0.339821 0
0.354813 95.4908
0.370467 0
0.386812 0
0.403878 53.3229
0.421697 0
0.440301 0
0.459727 203.17
0.48001 207.153
0.501187 0
0.523299 118.039
0.546387 278.809
0.570493 0
0.595662 113.524
0.621942 152.848
0.649382 104.792
0.678032 296.279
0.707946 135.441
0.73918 0
0.771792 197.184
0.805842 161.568
0.841395 111.568
0.878517 115.738
0.917276 174.813
0.957745 180.34
1 55.0021
1.04412 78.9836
1.09018 108.21
1.13828 196.833
1.1885 0
1.24094 0
1.29569 32.1097
1.35285 0
1.41254 96.3175
1.47486 84.6146
1.53993 0
1.60787 91.952
1.6788 334.733
1.75287 285.505
1.83021 0
1.91095 0
1.99526 92.0236
2.08329 103.801
2.1752 74.3399
2.27117 87.7074
2.37137 65.1226
2.476 0
2.58523 256.065
2.69929 160.525
2.81838 160.4
2.94273 125.13
3.07256 0
3.20812 146.008
3.34965 66.1424
3.49744 69.9144
3.65174 117.081
3.81285 79.8699
3.98107 0
4.15671 170.296
4.3401 0
4.53158 0
4.73151 81.1583
4.94026 61.5909
5.15822 0
5.3858 98.3714
5.62341 0
5.87151 0
6.13056 73.998
6.40103 0
6.68344 266.611
6.97831 0
7.28618 0
7.60764 108.552
7.94328 110.324
8.29373 0
8.65964 98.4284
9.0417 80.5027
9.44061 0
9.85712 259.168
10.292 16.8144
10.7461 0
11.2202 74.1814
11.7152 110.372
12.2321 246.298
12.7717 181.503
13.3352 55.8651
13.9236 268.384
14.5378 8.57677
15.1792 150.923
15.8489 78.701
16.5482 102.882
17.2783 0
18.0406 160.779
18.8365 140.721
19.6675 112.314
20.5353 0
21.4412 74.3654
22.3872 69.933
23.3749 74.3409
24.4062 109.558
25.483 206.177
26.6073 88.2343
27.7811 87.4736
29.0068 0
30.2866 100.393
31.6228 163.521
33.0179 54.037
34.4747 5.59058
35.9956 11.305
37.5837 169.419
39.2419 157.121
40.9732 121.916
42.7809 203.983
44.6684 218.398
46.6391 145.147
48.6968 279.714
50.8452 129.772
53.0884 243.717
55.4307 17.4443
57.8762 277.723
60.4296 56.2764
63.0957 172.694
65.8795 179.627
68.786 67.266
71.8208 192.665
74.9894 292.01
78.2979 109.351
81.7523 247.418
85.3591 441.567
89.1251 511.259
93.0572 461.348
97.1628 374.159
101.45 579.11
105.925 330.327
110.599 377.184
115.478 415.359
120.573 64.8103
125.893 197.3
131.447 131.783
137.246 699.091
143.301 139.015
149.624 243.266
156.225 370.15
163.117 497.824
170.314 598.567
177.828 49.6154
185.674 511.098
193.865 166.52
202.418 784.46
211.349 453.411
220.673 540.525
230.409 929.384
240.575 1043.08
251.189 909.712
262.271 1101.92
273.842 1604.68
285.924 1822.68
298.538 2836.7
311.709 2320.72
325.462 1919.87
339.821 4246.54
354.813 2769.77
370.467 3183.1
386.812 3431.53
403.878 3555.4
421.697 2946.99
440.301 2590.25
459.727 2524.5
480.01 1504.08
501.187 997.928
523.299 671.477
546.387 132.468
570.493 352.356
595.662 248.531
621.942 112.628
649.382 405.897
678.032 215.428
707.946 112.262
739.18 114.082
771.792 143.721
805.842 107.113
841.395 0
878.517 0
917.276 0
957.745 0
1000 0
