# First line is two numbers 
#     First value is '2', it means 'histogram mode'
#     Second value is 'Emin' of the histogram
# Other lines : 2 columns. 1) energy 2) probability (nb divided by NbEvent)
# Number of bins = 480
# Content below the first bin: 0
# Content above the last  bin: 0
# Content above the last  bin: 0
# Number of events: 209000
2 1e-06
1.04412e-06 0
1.09018e-06 0
1.13828e-06 0
1.1885e-06 0
1.24094e-06 0
1.29569e-06 0
1.35285e-06 0
1.41254e-06 0
1.47486e-06 0
1.53993e-06 0
1.60787e-06 0
1.6788e-06 0
1.75287e-06 0
1.83021e-06 0
1.91095e-06 0
1.99526e-06 0
2.08329e-06 0
2.1752e-06 0
2.27117e-06 0
2.37137e-06 0
2.476e-06 0
2.58523e-06 0
2.69929e-06 0
2.81838e-06 0
2.94273e-06 0
3.07256e-06 0
3.20812e-06 0
3.34965e-06 0
3.49744e-06 0
3.65174e-06 0
3.81285e-06 0
3.98107e-06 0
4.15671e-06 0
4.3401e-06 0
4.53158e-06 0
4.73151e-06 0
4.94026e-06 0
5.15822e-06 0
5.3858e-06 0
5.62341e-06 0
5.87151e-06 0
6.13056e-06 0
6.40103e-06 0
6.68344e-06 0
6.97831e-06 0
7.28618e-06 0
7.60764e-06 0
7.94328e-06 0
8.29373e-06 0
8.65964e-06 0
9.0417e-06 0
9.44061e-06 0
9.85712e-06 0
1.0292e-05 0
1.07461e-05 0
1.12202e-05 0
1.17152e-05 0
1.22321e-05 0
1.27717e-05 0
1.33352e-05 0
1.39236e-05 0
1.45378e-05 0
1.51792e-05 0
1.58489e-05 0
1.65482e-05 0
1.72783e-05 0
1.80406e-05 0
1.88365e-05 0
1.96675e-05 0
2.05353e-05 0
2.14412e-05 0
2.23872e-05 0
2.33749e-05 0
2.44062e-05 0
2.5483e-05 0
2.66073e-05 0
2.77811e-05 0
2.90068e-05 0
3.02866e-05 0
3.16228e-05 0
3.30179e-05 0
3.44747e-05 0
3.59956e-05 0
3.75837e-05 0
3.92419e-05 0
4.09732e-05 0
4.27809e-05 0
4.46684e-05 0
4.66391e-05 0
4.86968e-05 0
5.08452e-05 0
5.30884e-05 0
5.54307e-05 0
5.78762e-05 0
6.04296e-05 0
6.30957e-05 0
6.58795e-05 0
6.8786e-05 0
7.18208e-05 0
7.49894e-05 0
7.82979e-05 0
8.17523e-05 0
8.53591e-05 0
8.91251e-05 0
9.30572e-05 0
9.71628e-05 0
0.00010145 0
0.000105925 0
0.000110599 0
0.000115478 0
0.000120573 0
0.000125893 0
0.000131447 0
0.000137246 0
0.000143301 0
0.000149624 0
0.000156225 0
0.000163117 0
0.000170314 0
0.000177828 0
0.000185674 0
0.000193865 0
0.000202418 0
0.000211349 0
0.000220673 0
0.000230409 0
0.000240575 0
0.000251189 0
0.000262271 0
0.000273842 0
0.000285924 0
0.000298538 0
0.000311709 0
0.000325462 0
0.000339821 0
0.000354813 0
0.000370467 0
0.000386812 0
0.000403878 0
0.000421697 0
0.000440301 0
0.000459727 0
0.00048001 0
0.000501187 0
0.000523299 0
0.000546387 0
0.000570493 0
0.000595662 0
0.000621942 0
0.000649382 0
0.000678032 0
0.000707946 0
0.00073918 0
0.000771792 0
0.000805842 0
0.000841395 0
0.000878517 0
0.000917276 0
0.000957745 0
0.001 0
0.00104412 0
0.00109018 0
0.00113828 0
0.0011885 0
0.00124094 0
0.00129569 0
0.00135285 0
0.00141254 0
0.00147486 0
0.00153993 0
0.00160787 0
0.0016788 0
0.00175287 0
0.00183021 0
0.00191095 0
0.00199526 0
0.00208329 0
0.0021752 66.4521
0.00227117 0
0.00237137 0
0.002476 0
0.00258523 0
0.00269929 0
0.00281838 93.018
0.00294273 0
0.00307256 0
0.00320812 0
0.00334965 0
0.00349744 116.202
0.00365174 0
0.00381285 0
0.00398107 0
0.00415671 0
0.0043401 0
0.00453158 0
0.00473151 0
0.00494026 0
0.00515822 0
0.0053858 0
0.00562341 0
0.00587151 109.932
0.00613056 0
0.00640103 0
0.00668344 54.4777
0.00697831 0
0.00728618 210.323
0.00760764 40.6262
0.00794328 128.077
0.00829373 0
0.00865964 101.212
0.0090417 108.817
0.00944061 0
0.00985712 102.788
0.010292 0
0.0107461 202.635
0.0112202 107.41
0.0117152 0
0.0122321 135.105
0.0127717 0
0.0133352 37.7872
0.0139236 107.439
0.0145378 64.8628
0.0151792 0
0.0158489 88.0365
0.0165482 167.509
0.0172783 170.581
0.0180406 74.489
0.0188365 281.933
0.0196675 0
0.0205353 185.259
0.0214412 138.742
0.0223872 49.988
0.0233749 210.896
0.0244062 398.309
0.025483 348.319
0.0266073 178.757
0.0277811 227.163
0.0290068 335.979
0.0302866 342.903
0.0316228 309.714
0.0330179 345.492
0.0344747 522.596
0.0359956 447.08
0.0375837 255.208
0.0392419 383.598
0.0409732 548.821
0.0427809 215.451
0.0446684 752.866
0.0466391 847.505
0.0486968 547.368
0.0508452 187.632
0.0530884 676.756
0.0554307 1035.27
0.0578762 530.201
0.0604296 804.231
0.0630957 1197.11
0.0658795 935.9
0.068786 906.927
0.0718208 1663.3
0.0749894 1720.2
0.0782979 1032.52
0.0817523 1033.26
0.0853591 1540.94
0.0891251 849.318
0.0930572 1179.31
0.0971628 1690.02
0.10145 1284.38
0.105925 2158.56
0.110599 1328.38
0.115478 1343.78
0.120573 1314.5
0.125893 2161.03
0.131447 1779.84
0.137246 1683.3
0.143301 1335.89
0.149624 2164.78
0.156225 2014.45
0.163117 2223.28
0.170314 1882.23
0.177828 2010.54
0.185674 2011.99
0.193865 1982.2
0.202418 1400.55
0.211349 1894.5
0.220673 1758.29
0.230409 1932.35
0.240575 1519.61
0.251189 1891.33
0.262271 1631.71
0.273842 2322.13
0.285924 2547.34
0.298538 1946.86
0.311709 1878.98
0.325462 2385.93
0.339821 2424.36
0.354813 2091.54
0.370467 2589.75
0.386812 1316.83
0.403878 1538.7
0.421697 3306.28
0.440301 2411.36
0.459727 1807.72
0.48001 2422.76
0.501187 2040.2
0.523299 1684.54
0.546387 3245.5
0.570493 2188.7
0.595662 1462.81
0.621942 2046.11
0.649382 2679.58
0.678032 2098.57
0.707946 2016.15
0.73918 1763
0.771792 2229.43
0.805842 2074.72
0.841395 1825.51
0.878517 1598.95
0.917276 1914.06
0.957745 1631.03
1 2354.61
1.04412 1005.45
1.09018 976.436
1.13828 1192.7
1.1885 1588.12
1.24094 1003.55
1.29569 747.667
1.35285 1108.14
1.41254 1084.66
1.47486 789.141
1.53993 905.37
1.60787 972.714
1.6788 642.768
1.75287 468.167
1.83021 172.512
1.91095 605.588
1.99526 662.334
2.08329 835.114
2.1752 429.595
2.27117 610.87
2.37137 573.508
2.476 765.98
2.58523 579.299
2.69929 363.933
2.81838 81.9309
2.94273 399.26
3.07256 530.91
3.20812 394.406
3.34965 378.103
3.49744 196.041
3.65174 452.201
3.81285 596.783
3.98107 194.116
4.15671 283.994
4.3401 118.382
4.53158 395.926
4.73151 524.124
4.94026 38.4844
5.15822 430.704
5.3858 388.547
5.62341 342.56
5.87151 104.398
6.13056 242.476
6.40103 200.041
6.68344 242.504
6.97831 386.215
7.28618 585.074
7.60764 530.152
7.94328 293.286
8.29373 194.427
8.65964 148.025
9.0417 111.62
9.44061 309.78
9.85712 135.654
10.292 77.0059
10.7461 161.333
11.2202 0
11.7152 107.325
12.2321 181.47
12.7717 228.676
13.3352 227.497
13.9236 320.852
14.5378 228.99
15.1792 264.04
15.8489 192.358
16.5482 226.812
17.2783 212.335
18.0406 0
18.8365 118.165
19.6675 192.138
20.5353 255.23
21.4412 368.78
22.3872 48.7683
23.3749 124.135
24.4062 217.852
25.483 377.549
26.6073 180.958
27.7811 231.044
29.0068 332.932
30.2866 362.687
31.6228 464.29
33.0179 105.078
34.4747 369.317
35.9956 377.661
37.5837 270.226
39.2419 206.067
40.9732 161.064
42.7809 133.996
44.6684 184.283
46.6391 24.1165
48.6968 224.982
50.8452 238.33
53.0884 0
55.4307 705.368
57.8762 313.958
60.4296 542.242
63.0957 57.0039
65.8795 499.258
68.786 342.653
71.8208 328.407
74.9894 289.523
78.2979 225.132
81.7523 282.482
85.3591 238.162
89.1251 498.699
93.0572 594.602
97.1628 377.626
101.45 591.93
105.925 349.995
110.599 582.542
115.478 330.053
120.573 515.217
125.893 71.9588
131.447 342.695
137.246 458.082
143.301 279.414
149.624 202.699
156.225 598.066
163.117 204.819
170.314 677.029
177.828 537.769
185.674 441.419
193.865 415.579
202.418 148.017
211.349 512.676
220.673 334.261
230.409 292.671
240.575 279.498
251.189 508.254
262.271 263.903
273.842 262.272
285.924 362.997
298.538 128.618
311.709 165.745
325.462 373.347
339.821 52.5261
354.813 30.5591
370.467 112.297
386.812 108.458
403.878 35.8863
421.697 0
440.301 63.9821
459.727 181.69
480.01 0
501.187 65.9061
523.299 105.673
546.387 0
570.493 0
595.662 0
621.942 0
649.382 0
678.032 0
707.946 0
739.18 0
771.792 0
805.842 0
841.395 0
878.517 0
917.276 0
957.745 0
1000 0
