# First line is two numbers 
#     First value is '2', it means 'histogram mode'
#     Second value is 'Emin' of the histogram
# Other lines : 2 columns. 1) energy 2) probability (nb divided by NbEvent)
# Number of bins = 480
# Content below the first bin: 0
# Content above the last  bin: 0
# Content above the last  bin: 0
# Number of events: 209000
2 1e-06
1.04412e-06 0
1.09018e-06 0
1.13828e-06 0
1.1885e-06 0
1.24094e-06 0
1.29569e-06 0
1.35285e-06 0
1.41254e-06 0
1.47486e-06 0
1.53993e-06 0
1.60787e-06 0
1.6788e-06 0
1.75287e-06 0
1.83021e-06 0
1.91095e-06 0
1.99526e-06 0
2.08329e-06 0
2.1752e-06 0
2.27117e-06 0
2.37137e-06 0
2.476e-06 0
2.58523e-06 0
2.69929e-06 0
2.81838e-06 0
2.94273e-06 0
3.07256e-06 0
3.20812e-06 0
3.34965e-06 0
3.49744e-06 0
3.65174e-06 0
3.81285e-06 0
3.98107e-06 0
4.15671e-06 0
4.3401e-06 0
4.53158e-06 0
4.73151e-06 0
4.94026e-06 0
5.15822e-06 0
5.3858e-06 0
5.62341e-06 0
5.87151e-06 0
6.13056e-06 0
6.40103e-06 0
6.68344e-06 0
6.97831e-06 0
7.28618e-06 0
7.60764e-06 0
7.94328e-06 0
8.29373e-06 0
8.65964e-06 0
9.0417e-06 0
9.44061e-06 0
9.85712e-06 0
1.0292e-05 0
1.07461e-05 0
1.12202e-05 0
1.17152e-05 0
1.22321e-05 0
1.27717e-05 0
1.33352e-05 0
1.39236e-05 0
1.45378e-05 0
1.51792e-05 0
1.58489e-05 0
1.65482e-05 0
1.72783e-05 0
1.80406e-05 0
1.88365e-05 0
1.96675e-05 0
2.05353e-05 0
2.14412e-05 0
2.23872e-05 0
2.33749e-05 0
2.44062e-05 0
2.5483e-05 0
2.66073e-05 0
2.77811e-05 0
2.90068e-05 0
3.02866e-05 0
3.16228e-05 0
3.30179e-05 0
3.44747e-05 0
3.59956e-05 0
3.75837e-05 0
3.92419e-05 0
4.09732e-05 0
4.27809e-05 0
4.46684e-05 0
4.66391e-05 0
4.86968e-05 0
5.08452e-05 0
5.30884e-05 0
5.54307e-05 0
5.78762e-05 0
6.04296e-05 0
6.30957e-05 0
6.58795e-05 0
6.8786e-05 0
7.18208e-05 0
7.49894e-05 0
7.82979e-05 0
8.17523e-05 0
8.53591e-05 0
8.91251e-05 0
9.30572e-05 0
9.71628e-05 0
0.00010145 0
0.000105925 0
0.000110599 0
0.000115478 0
0.000120573 0
0.000125893 0
0.000131447 0
0.000137246 0
0.000143301 0
0.000149624 0
0.000156225 0
0.000163117 0
0.000170314 0
0.000177828 0
0.000185674 0
0.000193865 0
0.000202418 0
0.000211349 0
0.000220673 0
0.000230409 0
0.000240575 0
0.000251189 0
0.000262271 0
0.000273842 0
0.000285924 0
0.000298538 1
0.000311709 0
0.000325462 0
0.000339821 0
0.000354813 0
0.000370467 0
0.000386812 0
0.000403878 0
0.000421697 0
0.000440301 0
0.000459727 0
0.00048001 0
0.000501187 0
0.000523299 0
0.000546387 1
0.000570493 0
0.000595662 0
0.000621942 0
0.000649382 0
0.000678032 0
0.000707946 0
0.00073918 0
0.000771792 0
0.000805842 0
0.000841395 0
0.000878517 0
0.000917276 0
0.000957745 0
0.001 0
0.00104412 0
0.00109018 0
0.00113828 0
0.0011885 0
0.00124094 0
0.00129569 0
0.00135285 0
0.00141254 2
0.00147486 0
0.00153993 1
0.00160787 0
0.0016788 0
0.00175287 0
0.00183021 0
0.00191095 0
0.00199526 1
0.00208329 0
0.0021752 0
0.00227117 0
0.00237137 0
0.002476 1
0.00258523 0
0.00269929 0
0.00281838 0
0.00294273 0
0.00307256 2
0.00320812 1
0.00334965 0
0.00349744 1
0.00365174 1
0.00381285 0
0.00398107 0
0.00415671 0
0.0043401 1
0.00453158 0
0.00473151 0
0.00494026 0
0.00515822 0
0.0053858 2
0.00562341 0
0.00587151 0
0.00613056 0
0.00640103 3
0.00668344 1
0.00697831 2
0.00728618 2
0.00760764 2
0.00794328 3
0.00829373 2
0.00865964 3
0.0090417 4
0.00944061 4
0.00985712 3
0.010292 1
0.0107461 2
0.0112202 6
0.0117152 4
0.0122321 4
0.0127717 6
0.0133352 5
0.0139236 9
0.0145378 4
0.0151792 5
0.0158489 8
0.0165482 11
0.0172783 10
0.0180406 8
0.0188365 13
0.0196675 11
0.0205353 14
0.0214412 13
0.0223872 12
0.0233749 16
0.0244062 15
0.025483 17
0.0266073 23
0.0277811 19
0.0290068 29
0.0302866 25
0.0316228 16
0.0330179 22
0.0344747 26
0.0359956 34
0.0375837 35
0.0392419 39
0.0409732 31
0.0427809 31
0.0446684 39
0.0466391 45
0.0486968 45
0.0508452 64
0.0530884 53
0.0554307 37
0.0578762 55
0.0604296 62
0.0630957 79
0.0658795 72
0.068786 65
0.0718208 81
0.0749894 70
0.0782979 87
0.0817523 67
0.0853591 79
0.0891251 83
0.0930572 81
0.0971628 99
0.10145 126
0.105925 107
0.110599 121
0.115478 108
0.120573 135
0.125893 129
0.131447 114
0.137246 133
0.143301 127
0.149624 131
0.156225 133
0.163117 136
0.170314 121
0.177828 146
0.185674 131
0.193865 126
0.202418 145
0.211349 133
0.220673 146
0.230409 158
0.240575 131
0.251189 147
0.262271 149
0.273842 158
0.285924 163
0.298538 130
0.311709 156
0.325462 145
0.339821 179
0.354813 170
0.370467 177
0.386812 150
0.403878 180
0.421697 148
0.440301 164
0.459727 160
0.48001 161
0.501187 158
0.523299 160
0.546387 164
0.570493 157
0.595662 144
0.621942 155
0.649382 149
0.678032 138
0.707946 143
0.73918 136
0.771792 135
0.805842 115
0.841395 133
0.878517 134
0.917276 123
0.957745 112
1 113
1.04412 114
1.09018 100
1.13828 89
1.1885 88
1.24094 79
1.29569 88
1.35285 83
1.41254 65
1.47486 70
1.53993 62
1.60787 61
1.6788 58
1.75287 41
1.83021 48
1.91095 41
1.99526 55
2.08329 52
2.1752 46
2.27117 41
2.37137 47
2.476 36
2.58523 42
2.69929 54
2.81838 40
2.94273 41
3.07256 39
3.20812 39
3.34965 39
3.49744 31
3.65174 24
3.81285 30
3.98107 18
4.15671 24
4.3401 33
4.53158 39
4.73151 28
4.94026 26
5.15822 22
5.3858 28
5.62341 19
5.87151 18
6.13056 15
6.40103 18
6.68344 18
6.97831 21
7.28618 15
7.60764 28
7.94328 17
8.29373 20
8.65964 17
9.0417 10
9.44061 10
9.85712 22
10.292 12
10.7461 11
11.2202 13
11.7152 15
12.2321 20
12.7717 13
13.3352 12
13.9236 17
14.5378 11
15.1792 14
15.8489 9
16.5482 15
17.2783 14
18.0406 14
18.8365 11
19.6675 17
20.5353 12
21.4412 14
22.3872 11
23.3749 19
24.4062 16
25.483 17
26.6073 11
27.7811 17
29.0068 7
30.2866 17
31.6228 13
33.0179 20
34.4747 19
35.9956 21
37.5837 22
39.2419 30
40.9732 20
42.7809 18
44.6684 20
46.6391 31
48.6968 21
50.8452 20
53.0884 27
55.4307 23
57.8762 20
60.4296 11
63.0957 23
65.8795 25
68.786 23
71.8208 25
74.9894 19
78.2979 32
81.7523 23
85.3591 22
89.1251 20
93.0572 20
97.1628 21
101.45 22
105.925 24
110.599 36
115.478 23
120.573 23
125.893 32
131.447 29
137.246 22
143.301 22
149.624 28
156.225 16
163.117 34
170.314 28
177.828 23
185.674 29
193.865 23
202.418 22
211.349 19
220.673 25
230.409 16
240.575 22
251.189 17
262.271 18
273.842 14
285.924 16
298.538 16
311.709 17
325.462 11
339.821 12
354.813 8
370.467 4
386.812 3
403.878 2
421.697 6
440.301 0
459.727 2
480.01 3
501.187 1
523.299 1
546.387 2
570.493 2
595.662 0
621.942 0
649.382 1
678.032 2
707.946 1
739.18 0
771.792 0
805.842 0
841.395 0
878.517 0
917.276 0
957.745 0
1000 0
