# First line is two numbers 
#     First value is '2', it means 'histogram mode'
#     Second value is 'Emin' of the histogram
# Other lines : 2 columns. 1) energy 2) probability (nb divided by NbEvent)
# Number of bins = 480
# Content below the first bin: 0
# Content above the last  bin: 0
# Content above the last  bin: 0
# Number of events: 209000
2 1e-06
1.04412e-06 0
1.09018e-06 0
1.13828e-06 0
1.1885e-06 0
1.24094e-06 0
1.29569e-06 0
1.35285e-06 0
1.41254e-06 0
1.47486e-06 0
1.53993e-06 0
1.60787e-06 0
1.6788e-06 0
1.75287e-06 0
1.83021e-06 0
1.91095e-06 0
1.99526e-06 0
2.08329e-06 0
2.1752e-06 0
2.27117e-06 0
2.37137e-06 0
2.476e-06 0
2.58523e-06 0
2.69929e-06 0
2.81838e-06 0
2.94273e-06 0
3.07256e-06 0
3.20812e-06 0
3.34965e-06 0
3.49744e-06 0
3.65174e-06 0
3.81285e-06 0
3.98107e-06 0
4.15671e-06 0
4.3401e-06 0
4.53158e-06 0
4.73151e-06 0
4.94026e-06 0
5.15822e-06 0
5.3858e-06 0
5.62341e-06 0
5.87151e-06 0
6.13056e-06 0
6.40103e-06 0
6.68344e-06 0
6.97831e-06 0
7.28618e-06 0
7.60764e-06 0
7.94328e-06 0
8.29373e-06 0
8.65964e-06 0
9.0417e-06 0
9.44061e-06 0
9.85712e-06 0
1.0292e-05 0
1.07461e-05 0
1.12202e-05 0
1.17152e-05 0
1.22321e-05 0
1.27717e-05 0
1.33352e-05 0
1.39236e-05 0
1.45378e-05 0
1.51792e-05 0
1.58489e-05 0
1.65482e-05 0
1.72783e-05 0
1.80406e-05 0
1.88365e-05 0
1.96675e-05 0
2.05353e-05 0
2.14412e-05 0
2.23872e-05 0
2.33749e-05 0
2.44062e-05 0
2.5483e-05 0
2.66073e-05 0
2.77811e-05 0
2.90068e-05 0
3.02866e-05 0
3.16228e-05 0
3.30179e-05 0
3.44747e-05 0
3.59956e-05 0
3.75837e-05 0
3.92419e-05 0
4.09732e-05 0
4.27809e-05 0
4.46684e-05 0
4.66391e-05 0
4.86968e-05 0
5.08452e-05 0
5.30884e-05 0
5.54307e-05 0
5.78762e-05 0
6.04296e-05 0
6.30957e-05 0
6.58795e-05 0
6.8786e-05 0
7.18208e-05 0
7.49894e-05 0
7.82979e-05 0
8.17523e-05 0
8.53591e-05 0
8.91251e-05 0
9.30572e-05 0
9.71628e-05 0
0.00010145 0
0.000105925 0
0.000110599 0
0.000115478 0
0.000120573 0
0.000125893 0
0.000131447 0
0.000137246 0
0.000143301 0
0.000149624 0
0.000156225 0
0.000163117 0
0.000170314 0
0.000177828 0
0.000185674 0
0.000193865 0
0.000202418 0
0.000211349 0
0.000220673 75.6531
0.000230409 0
0.000240575 0
0.000251189 0
0.000262271 0
0.000273842 0
0.000285924 0
0.000298538 0
0.000311709 0
0.000325462 0
0.000339821 0
0.000354813 0
0.000370467 0
0.000386812 0
0.000403878 0
0.000421697 0
0.000440301 0
0.000459727 0
0.00048001 0
0.000501187 0
0.000523299 0
0.000546387 0
0.000570493 0
0.000595662 0
0.000621942 0
0.000649382 0
0.000678032 0
0.000707946 0
0.00073918 0
0.000771792 0
0.000805842 0
0.000841395 23.1906
0.000878517 57.1404
0.000917276 0
0.000957745 0
0.001 0
0.00104412 0
0.00109018 0
0.00113828 0
0.0011885 0
0.00124094 0
0.00129569 0
0.00135285 0
0.00141254 0
0.00147486 0
0.00153993 0
0.00160787 0
0.0016788 48.8811
0.00175287 0
0.00183021 0
0.00191095 0
0.00199526 0
0.00208329 31.8098
0.0021752 0
0.00227117 65.2134
0.00237137 0
0.002476 0
0.00258523 0
0.00269929 0
0.00281838 112.221
0.00294273 0
0.00307256 0
0.00320812 0
0.00334965 0
0.00349744 0
0.00365174 0
0.00381285 0
0.00398107 0
0.00415671 0
0.0043401 73.5029
0.00453158 158.981
0.00473151 68.3323
0.00494026 186.515
0.00515822 72.1105
0.0053858 32.8898
0.00562341 87.478
0.00587151 174.062
0.00613056 81.5376
0.00640103 151.925
0.00668344 114.837
0.00697831 86.4089
0.00728618 82.3004
0.00760764 263.514
0.00794328 57.8299
0.00829373 293.093
0.00865964 66.9016
0.0090417 278.559
0.00944061 177.548
0.00985712 249.405
0.010292 124.196
0.0107461 245.28
0.0112202 232.17
0.0117152 705.497
0.0122321 371.01
0.0127717 433.696
0.0133352 333.361
0.0139236 552.239
0.0145378 712.433
0.0151792 809.556
0.0158489 1048.43
0.0165482 840.013
0.0172783 575.341
0.0180406 384.933
0.0188365 990.027
0.0196675 920.724
0.0205353 1383.33
0.0214412 1266.95
0.0223872 1283.11
0.0233749 1349.18
0.0244062 1076.91
0.025483 1202.65
0.0266073 1164.25
0.0277811 1463.98
0.0290068 2118.98
0.0302866 2359.65
0.0316228 2468.66
0.0330179 3352.89
0.0344747 1452.35
0.0359956 1754.6
0.0375837 2427.45
0.0392419 2345.19
0.0409732 2759.99
0.0427809 3129.49
0.0446684 3355.22
0.0466391 3280.91
0.0486968 3371
0.0508452 3973.25
0.0530884 4365.81
0.0554307 4597.25
0.0578762 4128.12
0.0604296 4837.66
0.0630957 5023.67
0.0658795 4904.72
0.068786 5010.3
0.0718208 5591.23
0.0749894 3757.19
0.0782979 5971.36
0.0817523 6271.49
0.0853591 7248.14
0.0891251 6214.72
0.0930572 6819.47
0.0971628 7690.67
0.10145 7713.79
0.105925 7804.62
0.110599 10632.1
0.115478 9437.45
0.120573 11038.7
0.125893 9934.08
0.131447 9070.45
0.137246 9118.64
0.143301 9471.03
0.149624 10203
0.156225 10567.8
0.163117 9663.14
0.170314 10872.9
0.177828 9076.4
0.185674 11570.5
0.193865 12871.9
0.202418 10653.1
0.211349 10036
0.220673 12058.8
0.230409 11750
0.240575 11818.8
0.251189 11901
0.262271 13736.6
0.273842 12444.3
0.285924 14438.7
0.298538 11535.2
0.311709 11947.6
0.325462 13183.8
0.339821 11497.7
0.354813 12475.5
0.370467 12983.1
0.386812 12154.6
0.403878 15024.2
0.421697 13294.2
0.440301 11565.8
0.459727 11344.1
0.48001 13903.4
0.501187 14488.2
0.523299 12492
0.546387 12557.2
0.570493 12068.8
0.595662 13443.9
0.621942 13379.6
0.649382 11327.5
0.678032 12138.1
0.707946 10207.6
0.73918 10411.2
0.771792 11579.5
0.805842 10219
0.841395 9619.18
0.878517 8440.39
0.917276 7688.95
0.957745 8651.42
1 7817.72
1.04412 8311.6
1.09018 6884.77
1.13828 7112.98
1.1885 8088.43
1.24094 6310.38
1.29569 6470.67
1.35285 5411.18
1.41254 4433.93
1.47486 4771.71
1.53993 5252.74
1.60787 4672.65
1.6788 4025.44
1.75287 4548.65
1.83021 3943.91
1.91095 4052.84
1.99526 4044.09
2.08329 4577.61
2.1752 3744.88
2.27117 3378.84
2.37137 3062.98
2.476 2863.83
2.58523 2711.9
2.69929 2364.55
2.81838 2836.34
2.94273 2130.25
3.07256 2704.27
3.20812 2276.17
3.34965 1955.81
3.49744 2795.56
3.65174 2475.98
3.81285 2177.42
3.98107 2467.72
4.15671 2599.44
4.3401 1868.67
4.53158 2595.94
4.73151 1478.66
4.94026 1509.45
5.15822 2237.37
5.3858 1697.38
5.62341 1823.04
5.87151 1832.24
6.13056 1412.12
6.40103 1908.16
6.68344 1535.77
6.97831 1284.05
7.28618 1759.69
7.60764 1939.61
7.94328 1302.57
8.29373 1384.67
8.65964 987.197
9.0417 1091.17
9.44061 1034.73
9.85712 1461.12
10.292 754.41
10.7461 539.21
11.2202 1603.71
11.7152 1188.23
12.2321 1001.75
12.7717 923.109
13.3352 820.184
13.9236 1024.12
14.5378 1642.24
15.1792 975.406
15.8489 710.607
16.5482 1286.52
17.2783 838.783
18.0406 1051.71
18.8365 887.802
19.6675 1270.57
20.5353 1445.55
21.4412 602.351
22.3872 1327.96
23.3749 993.164
24.4062 1646.87
25.483 1469.33
26.6073 835.71
27.7811 1003.91
29.0068 1345
30.2866 701.941
31.6228 1356.58
33.0179 1639.74
34.4747 2043.8
35.9956 1978.17
37.5837 1258.16
39.2419 1578.62
40.9732 864.27
42.7809 1478.48
44.6684 1737.51
46.6391 1596.11
48.6968 1799.82
50.8452 1457.85
53.0884 1879.67
55.4307 2762.56
57.8762 1791.99
60.4296 1701.56
63.0957 1376.27
65.8795 1957.38
68.786 2079.46
71.8208 2545.17
74.9894 2518.6
78.2979 1312.68
81.7523 1948.17
85.3591 1869.8
89.1251 1812.28
93.0572 1864.9
97.1628 2290.89
101.45 2300.17
105.925 2240.08
110.599 3141.99
115.478 1656.28
120.573 2379.65
125.893 1960.39
131.447 2370.03
137.246 1566.16
143.301 1906.67
149.624 1886.28
156.225 1740.47
163.117 2012.76
170.314 2433.5
177.828 2240.39
185.674 1670.29
193.865 1023.17
202.418 2120.94
211.349 2032.02
220.673 1588.24
230.409 1431.91
240.575 937.368
251.189 746.829
262.271 1322.87
273.842 888.715
285.924 599.663
298.538 1031.04
311.709 768.481
325.462 886.68
339.821 751.01
354.813 838.116
370.467 495.209
386.812 281.927
403.878 583.242
421.697 402.055
440.301 249.949
459.727 113.554
480.01 235.41
501.187 308.441
523.299 55.0055
546.387 0
570.493 261.786
595.662 0
621.942 0
649.382 88.6185
678.032 0
707.946 187.613
739.18 30.6503
771.792 104.613
805.842 0
841.395 0
878.517 0
917.276 72.15
957.745 0
1000 0
