# First line is two numbers 
#     First value is '2', it means 'histogram mode'
#     Second value is 'Emin' of the histogram
# Other lines : 2 columns. 1) energy 2) probability (nb divided by NbEvent)
# Number of bins = 480
# Content below the first bin: 0
# Content above the last  bin: 0
# Content above the last  bin: 0
# Number of events: 209000
2 1e-06
1.04412e-06 0
1.09018e-06 0
1.13828e-06 0
1.1885e-06 0
1.24094e-06 0
1.29569e-06 0
1.35285e-06 0
1.41254e-06 0
1.47486e-06 0
1.53993e-06 0
1.60787e-06 0
1.6788e-06 0
1.75287e-06 0
1.83021e-06 0
1.91095e-06 0
1.99526e-06 0
2.08329e-06 0
2.1752e-06 0
2.27117e-06 0
2.37137e-06 0
2.476e-06 0
2.58523e-06 0
2.69929e-06 0
2.81838e-06 0
2.94273e-06 0
3.07256e-06 0
3.20812e-06 0
3.34965e-06 0
3.49744e-06 0
3.65174e-06 0
3.81285e-06 0
3.98107e-06 0
4.15671e-06 0
4.3401e-06 0
4.53158e-06 0
4.73151e-06 0
4.94026e-06 0
5.15822e-06 0
5.3858e-06 0
5.62341e-06 0
5.87151e-06 0
6.13056e-06 0
6.40103e-06 0
6.68344e-06 0
6.97831e-06 0
7.28618e-06 0
7.60764e-06 0
7.94328e-06 0
8.29373e-06 0
8.65964e-06 0
9.0417e-06 0
9.44061e-06 0
9.85712e-06 0
1.0292e-05 0
1.07461e-05 0
1.12202e-05 0
1.17152e-05 0
1.22321e-05 0
1.27717e-05 0
1.33352e-05 0
1.39236e-05 0
1.45378e-05 0
1.51792e-05 0
1.58489e-05 0
1.65482e-05 0
1.72783e-05 0
1.80406e-05 0
1.88365e-05 0
1.96675e-05 0
2.05353e-05 0
2.14412e-05 0
2.23872e-05 0
2.33749e-05 0
2.44062e-05 0
2.5483e-05 0
2.66073e-05 0
2.77811e-05 0
2.90068e-05 0
3.02866e-05 0
3.16228e-05 0
3.30179e-05 0
3.44747e-05 0
3.59956e-05 0
3.75837e-05 0
3.92419e-05 0
4.09732e-05 0
4.27809e-05 0
4.46684e-05 0
4.66391e-05 0
4.86968e-05 0
5.08452e-05 0
5.30884e-05 0
5.54307e-05 0
5.78762e-05 0
6.04296e-05 0
6.30957e-05 0
6.58795e-05 0
6.8786e-05 0
7.18208e-05 0
7.49894e-05 0
7.82979e-05 0
8.17523e-05 0
8.53591e-05 0
8.91251e-05 0
9.30572e-05 0
9.71628e-05 0
0.00010145 0
0.000105925 0
0.000110599 0
0.000115478 0
0.000120573 0
0.000125893 0
0.000131447 0
0.000137246 0
0.000143301 0
0.000149624 0
0.000156225 0
0.000163117 0
0.000170314 0
0.000177828 0
0.000185674 0
0.000193865 0
0.000202418 0
0.000211349 0
0.000220673 0
0.000230409 0
0.000240575 0
0.000251189 0
0.000262271 0
0.000273842 34.6288
0.000285924 0
0.000298538 0
0.000311709 0
0.000325462 0
0.000339821 0
0.000354813 0
0.000370467 0
0.000386812 0
0.000403878 0
0.000421697 0
0.000440301 0
0.000459727 83.8115
0.00048001 0
0.000501187 0
0.000523299 0
0.000546387 0
0.000570493 0
0.000595662 0
0.000621942 111.509
0.000649382 0
0.000678032 0
0.000707946 0
0.00073918 0
0.000771792 0
0.000805842 0
0.000841395 0
0.000878517 0
0.000917276 79.706
0.000957745 0
0.001 0
0.00104412 0
0.00109018 0
0.00113828 0
0.0011885 0
0.00124094 0
0.00129569 0
0.00135285 116.356
0.00141254 0
0.00147486 0
0.00153993 0
0.00160787 39.0034
0.0016788 0
0.00175287 40.4454
0.00183021 0
0.00191095 0
0.00199526 0
0.00208329 0
0.0021752 0
0.00227117 193.698
0.00237137 0
0.002476 0
0.00258523 69.4255
0.00269929 0
0.00281838 93.3192
0.00294273 115.821
0.00307256 0
0.00320812 0
0.00334965 0
0.00349744 0
0.00365174 0
0.00381285 0
0.00398107 0
0.00415671 113.45
0.0043401 0
0.00453158 45.0012
0.00473151 0
0.00494026 0
0.00515822 0
0.0053858 0
0.00562341 0
0.00587151 7.59325
0.00613056 52.5725
0.00640103 0
0.00668344 264.051
0.00697831 171.993
0.00728618 46.5398
0.00760764 160.722
0.00794328 0
0.00829373 0
0.00865964 286.634
0.0090417 189.825
0.00944061 486.057
0.00985712 142.764
0.010292 388.812
0.0107461 398.602
0.0112202 158.074
0.0117152 190.166
0.0122321 99.9933
0.0127717 973.47
0.0133352 485.785
0.0139236 511.743
0.0145378 236.084
0.0151792 930.003
0.0158489 1280.74
0.0165482 723.847
0.0172783 846.853
0.0180406 434.149
0.0188365 1024.88
0.0196675 755.221
0.0205353 1176.42
0.0214412 594.784
0.0223872 1534.94
0.0233749 1458.26
0.0244062 1068.42
0.025483 1300.26
0.0266073 1784.92
0.0277811 1959.34
0.0290068 1696.41
0.0302866 1780.44
0.0316228 1895.72
0.0330179 2377.03
0.0344747 1906.3
0.0359956 2488.36
0.0375837 3473.81
0.0392419 3310.56
0.0409732 2018.48
0.0427809 3342.66
0.0446684 2952.34
0.0466391 2510.58
0.0486968 3278
0.0508452 3514.23
0.0530884 3138.32
0.0554307 4640.4
0.0578762 3074.72
0.0604296 4886.21
0.0630957 4879.19
0.0658795 5745.76
0.068786 5367.62
0.0718208 5922.58
0.0749894 5116.46
0.0782979 6346.52
0.0817523 6708.01
0.0853591 7363.33
0.0891251 6764.48
0.0930572 6811.92
0.0971628 8089.01
0.10145 7691.61
0.105925 7368.54
0.110599 6648.28
0.115478 10096
0.120573 9723.06
0.125893 9030.45
0.131447 9635.09
0.137246 10478.9
0.143301 9208.52
0.149624 11142.4
0.156225 10894
0.163117 11346.2
0.170314 10182.5
0.177828 10409.4
0.185674 12466.6
0.193865 11389.4
0.202418 10425.8
0.211349 11101.3
0.220673 12883.5
0.230409 10375.7
0.240575 11338.9
0.251189 11974
0.262271 12648
0.273842 12359.1
0.285924 12645.6
0.298538 14927.1
0.311709 12150.9
0.325462 11437.7
0.339821 12187.1
0.354813 12980
0.370467 11614.2
0.386812 13288.8
0.403878 12326
0.421697 14055.6
0.440301 14418.9
0.459727 12696.6
0.48001 13003.7
0.501187 13445
0.523299 11687.5
0.546387 11726.1
0.570493 13117.8
0.595662 12218.3
0.621942 12242.2
0.649382 9685.05
0.678032 12845.1
0.707946 11404.9
0.73918 11368.9
0.771792 10966.8
0.805842 10764.4
0.841395 9904.8
0.878517 8292.67
0.917276 9601.83
0.957745 7034.3
1 7282.6
1.04412 7654.63
1.09018 8037.39
1.13828 6730.35
1.1885 6806.79
1.24094 5688.74
1.29569 5323.03
1.35285 3767.66
1.41254 3617.75
1.47486 5168.89
1.53993 5192.03
1.60787 3594.88
1.6788 6190.9
1.75287 4869.7
1.83021 4247.61
1.91095 4426.58
1.99526 3586.79
2.08329 3570.56
2.1752 4444.7
2.27117 4548.08
2.37137 4410.69
2.476 3998.3
2.58523 2733.07
2.69929 3675.08
2.81838 2713.35
2.94273 2893.24
3.07256 3136.39
3.20812 2936.22
3.34965 3852.07
3.49744 2626.5
3.65174 2854.27
3.81285 3027.45
3.98107 1962.52
4.15671 1818.8
4.3401 1469.02
4.53158 2783.25
4.73151 2935.03
4.94026 2563.71
5.15822 2610.76
5.3858 2344.7
5.62341 1426.81
5.87151 1436.28
6.13056 1090.32
6.40103 1523.71
6.68344 1508.57
6.97831 935.912
7.28618 1166.23
7.60764 1414.18
7.94328 1802.64
8.29373 1990.82
8.65964 1693.63
9.0417 1273.49
9.44061 1187.31
9.85712 1433.12
10.292 1367.89
10.7461 1312.96
11.2202 1523.06
11.7152 667.414
12.2321 1398.73
12.7717 581.371
13.3352 970.751
13.9236 1232.06
14.5378 919.474
15.1792 1267.1
15.8489 830.898
16.5482 1617.6
17.2783 1434.91
18.0406 1067.21
18.8365 1414.61
19.6675 1188.19
20.5353 1070.17
21.4412 1234.22
22.3872 1597.13
23.3749 1312.49
24.4062 881.021
25.483 1383.35
26.6073 814.388
27.7811 1466.96
29.0068 568.539
30.2866 1009.83
31.6228 1159
33.0179 782.137
34.4747 1219.94
35.9956 997.01
37.5837 1263.21
39.2419 1261.95
40.9732 1445.15
42.7809 1311.69
44.6684 1254.94
46.6391 1165.95
48.6968 1563.95
50.8452 2071.19
53.0884 2152.63
55.4307 2073.63
57.8762 1590.88
60.4296 1666.12
63.0957 1244.8
65.8795 2544.9
68.786 1736.07
71.8208 2094.63
74.9894 1244.44
78.2979 1957.43
81.7523 2349.82
85.3591 2884.27
89.1251 1475.29
93.0572 2649.95
97.1628 3479.73
101.45 2130.78
105.925 2038.5
110.599 2059.16
115.478 2403.23
120.573 2156.86
125.893 3133.08
131.447 1925
137.246 2117.4
143.301 2474.47
149.624 1557.86
156.225 1904.99
163.117 2039.26
170.314 1364.54
177.828 1680.75
185.674 2288.15
193.865 918.118
202.418 1992.31
211.349 1684.58
220.673 710.273
230.409 1397.57
240.575 1758.53
251.189 835.468
262.271 1032.87
273.842 1184.91
285.924 1195.46
298.538 916.418
311.709 600.749
325.462 507.842
339.821 1408.58
354.813 582.221
370.467 382.685
386.812 449.292
403.878 543.343
421.697 72.5921
440.301 354.313
459.727 442.46
480.01 147.863
501.187 408.274
523.299 412.086
546.387 311.124
570.493 58.5769
595.662 86.7626
621.942 0
649.382 83.3026
678.032 0
707.946 100.843
739.18 0
771.792 0
805.842 0
841.395 52.2424
878.517 0
917.276 0
957.745 0
1000 0
