# First line is two numbers 
#     First value is '2', it means 'histogram mode'
#     Second value is 'Emin' of the histogram
# Other lines : 2 columns. 1) energy 2) probability (nb divided by NbEvent)
# Number of bins = 480
# Content below the first bin: 0
# Content above the last  bin: 0
# Content above the last  bin: 0
# Number of events: 209000
2 1e-06
1.04412e-06 0
1.09018e-06 0
1.13828e-06 0
1.1885e-06 0
1.24094e-06 0
1.29569e-06 0
1.35285e-06 0
1.41254e-06 0
1.47486e-06 0
1.53993e-06 0
1.60787e-06 0
1.6788e-06 0
1.75287e-06 0
1.83021e-06 0
1.91095e-06 0
1.99526e-06 0
2.08329e-06 0
2.1752e-06 0
2.27117e-06 0
2.37137e-06 0
2.476e-06 0
2.58523e-06 0
2.69929e-06 0
2.81838e-06 0
2.94273e-06 0
3.07256e-06 0
3.20812e-06 0
3.34965e-06 0
3.49744e-06 0
3.65174e-06 0
3.81285e-06 0
3.98107e-06 0
4.15671e-06 0
4.3401e-06 0
4.53158e-06 0
4.73151e-06 0
4.94026e-06 0
5.15822e-06 0
5.3858e-06 0
5.62341e-06 0
5.87151e-06 0
6.13056e-06 0
6.40103e-06 0
6.68344e-06 0
6.97831e-06 0
7.28618e-06 0
7.60764e-06 0
7.94328e-06 0
8.29373e-06 0
8.65964e-06 0
9.0417e-06 0
9.44061e-06 0
9.85712e-06 0
1.0292e-05 0
1.07461e-05 0
1.12202e-05 0
1.17152e-05 0
1.22321e-05 0
1.27717e-05 0
1.33352e-05 0
1.39236e-05 0
1.45378e-05 0
1.51792e-05 0
1.58489e-05 0
1.65482e-05 0
1.72783e-05 0
1.80406e-05 0
1.88365e-05 0
1.96675e-05 0
2.05353e-05 0
2.14412e-05 0
2.23872e-05 0
2.33749e-05 0
2.44062e-05 0
2.5483e-05 0
2.66073e-05 0
2.77811e-05 0
2.90068e-05 0
3.02866e-05 0
3.16228e-05 0
3.30179e-05 0
3.44747e-05 0
3.59956e-05 0
3.75837e-05 0
3.92419e-05 0
4.09732e-05 0
4.27809e-05 0
4.46684e-05 0
4.66391e-05 0
4.86968e-05 0
5.08452e-05 0
5.30884e-05 0
5.54307e-05 0
5.78762e-05 0
6.04296e-05 0
6.30957e-05 0
6.58795e-05 0
6.8786e-05 0
7.18208e-05 0
7.49894e-05 0
7.82979e-05 0
8.17523e-05 0
8.53591e-05 0
8.91251e-05 0
9.30572e-05 0
9.71628e-05 0
0.00010145 0
0.000105925 0
0.000110599 0
0.000115478 0
0.000120573 0
0.000125893 0
0.000131447 0
0.000137246 0
0.000143301 0
0.000149624 0
0.000156225 0
0.000163117 0
0.000170314 0
0.000177828 0
0.000185674 0
0.000193865 0
0.000202418 0
0.000211349 0
0.000220673 0
0.000230409 0
0.000240575 0
0.000251189 0
0.000262271 0
0.000273842 0
0.000285924 0
0.000298538 0
0.000311709 0
0.000325462 97.5724
0.000339821 0
0.000354813 0
0.000370467 0
0.000386812 0
0.000403878 0
0.000421697 0
0.000440301 0
0.000459727 67.0275
0.00048001 0
0.000501187 0
0.000523299 0
0.000546387 0
0.000570493 0
0.000595662 0
0.000621942 98.0109
0.000649382 0
0.000678032 0
0.000707946 0
0.00073918 0
0.000771792 0
0.000805842 0
0.000841395 0
0.000878517 0
0.000917276 0
0.000957745 0
0.001 0
0.00104412 0
0.00109018 0
0.00113828 0
0.0011885 0
0.00124094 0
0.00129569 0
0.00135285 0
0.00141254 0
0.00147486 0
0.00153993 114.098
0.00160787 0
0.0016788 0
0.00175287 0
0.00183021 91.0288
0.00191095 0
0.00199526 0
0.00208329 0
0.0021752 0
0.00227117 0
0.00237137 101.839
0.002476 0
0.00258523 0
0.00269929 0
0.00281838 84.9455
0.00294273 156.324
0.00307256 117.686
0.00320812 141.086
0.00334965 0
0.00349744 0
0.00365174 0
0.00381285 181
0.00398107 0
0.00415671 0
0.0043401 118.603
0.00453158 305.098
0.00473151 0
0.00494026 0
0.00515822 0
0.0053858 0
0.00562341 300.427
0.00587151 0
0.00613056 172.186
0.00640103 89.2049
0.00668344 209.435
0.00697831 149.895
0.00728618 290.268
0.00760764 307.328
0.00794328 192.09
0.00829373 57.6747
0.00865964 0
0.0090417 95.2322
0.00944061 115.279
0.00985712 124.266
0.010292 71.8661
0.0107461 360.089
0.0112202 360.697
0.0117152 608.892
0.0122321 413.533
0.0127717 343.48
0.0133352 494.854
0.0139236 351.611
0.0145378 842.084
0.0151792 656.45
0.0158489 738.787
0.0165482 503.582
0.0172783 899.17
0.0180406 746.07
0.0188365 891.508
0.0196675 827.83
0.0205353 612.356
0.0214412 912.633
0.0223872 1240.76
0.0233749 1332.78
0.0244062 1846.29
0.025483 1268.63
0.0266073 1279.58
0.0277811 1275.51
0.0290068 1807.52
0.0302866 1668.65
0.0316228 2606.02
0.0330179 2377.37
0.0344747 1977.09
0.0359956 2074.54
0.0375837 2833.14
0.0392419 3147.47
0.0409732 2963.31
0.0427809 3090.14
0.0446684 2747.09
0.0466391 2749.81
0.0486968 3643.85
0.0508452 3438.53
0.0530884 3423.64
0.0554307 3522.74
0.0578762 4947.51
0.0604296 4733.92
0.0630957 4869.5
0.0658795 4647.94
0.068786 6787.1
0.0718208 5816.29
0.0749894 5257.64
0.0782979 6431.87
0.0817523 6408.53
0.0853591 6806.07
0.0891251 8069.34
0.0930572 8589.41
0.0971628 6718.69
0.10145 7987.88
0.105925 6929.82
0.110599 7275.76
0.115478 7734.98
0.120573 7264.13
0.125893 9520.62
0.131447 7734.58
0.137246 10158.2
0.143301 10626.4
0.149624 9322.97
0.156225 11830.7
0.163117 11219.3
0.170314 10980.3
0.177828 11579
0.185674 10651.1
0.193865 11745.3
0.202418 10604.5
0.211349 11090.8
0.220673 10586.2
0.230409 13522.2
0.240575 12370.3
0.251189 11624.7
0.262271 11462.4
0.273842 12809.3
0.285924 12219.7
0.298538 13288.1
0.311709 10982
0.325462 13362.1
0.339821 12026
0.354813 13162.3
0.370467 13622.5
0.386812 14158.3
0.403878 14097.2
0.421697 13841.1
0.440301 11770
0.459727 12202.9
0.48001 13879.4
0.501187 12714.8
0.523299 12191.3
0.546387 12363.7
0.570493 12349.5
0.595662 13059.4
0.621942 13333.1
0.649382 13400.7
0.678032 13335.5
0.707946 10889.8
0.73918 10033
0.771792 8604.91
0.805842 11428
0.841395 10281
0.878517 7840.97
0.917276 9302.85
0.957745 9203.54
1 9057.31
1.04412 7238.21
1.09018 8619.5
1.13828 7801.79
1.1885 7268.95
1.24094 5630.5
1.29569 5421.98
1.35285 4915.5
1.41254 5883.81
1.47486 4412.72
1.53993 4477.9
1.60787 3588.77
1.6788 5186.44
1.75287 5202.73
1.83021 4591.29
1.91095 4288.53
1.99526 4246.82
2.08329 3967.5
2.1752 2903.55
2.27117 4515.77
2.37137 4054.14
2.476 2915.17
2.58523 3662.7
2.69929 3195.23
2.81838 2904.05
2.94273 2827.95
3.07256 2919.69
3.20812 3585
3.34965 1705.62
3.49744 2244.24
3.65174 2377.29
3.81285 2251.86
3.98107 2465.94
4.15671 2290.05
4.3401 1722.88
4.53158 2392.03
4.73151 2264.07
4.94026 1607.26
5.15822 1812.21
5.3858 2279.99
5.62341 2284.85
5.87151 1920.53
6.13056 1742.36
6.40103 1883.63
6.68344 792.682
6.97831 1379.51
7.28618 983.631
7.60764 1369.41
7.94328 1916.42
8.29373 1808.69
8.65964 946.263
9.0417 951.213
9.44061 1325.44
9.85712 1665.78
10.292 1616.95
10.7461 1324.57
11.2202 809.116
11.7152 1082.27
12.2321 1408.98
12.7717 909.763
13.3352 1117.21
13.9236 1169.38
14.5378 1740.35
15.1792 1002.21
15.8489 554.86
16.5482 1138.01
17.2783 978.303
18.0406 800.891
18.8365 902.174
19.6675 1028.77
20.5353 1108.55
21.4412 1134.98
22.3872 1482.89
23.3749 1424
24.4062 645.599
25.483 1097.14
26.6073 1533.06
27.7811 1224.31
29.0068 1325.41
30.2866 1532.66
31.6228 1434.22
33.0179 910.277
34.4747 1510.61
35.9956 1660.52
37.5837 1513.26
39.2419 1037.34
40.9732 1486.84
42.7809 1301.31
44.6684 1771.04
46.6391 1530.58
48.6968 1748.82
50.8452 1756.91
53.0884 1815.34
55.4307 988.699
57.8762 905.014
60.4296 1286.3
63.0957 1651.62
65.8795 2589.55
68.786 2066.1
71.8208 1580.37
74.9894 2198.38
78.2979 2138.46
81.7523 1417.14
85.3591 1904.27
89.1251 2080.13
93.0572 1392.33
97.1628 2824.86
101.45 1806.65
105.925 1680.14
110.599 1868.44
115.478 2690.13
120.573 1927.55
125.893 2063.12
131.447 2231.39
137.246 2464.42
143.301 1949.12
149.624 1315.76
156.225 1797.89
163.117 2055.16
170.314 1814.48
177.828 1628.36
185.674 2006.86
193.865 1925.24
202.418 1374.39
211.349 1267.85
220.673 1072.62
230.409 1566.6
240.575 856.867
251.189 1437.51
262.271 1524.11
273.842 551.389
285.924 582.758
298.538 1108.61
311.709 554.375
325.462 1154.62
339.821 824.809
354.813 460.493
370.467 153.426
386.812 247.465
403.878 347.17
421.697 316.69
440.301 227.233
459.727 207.972
480.01 98.6106
501.187 78.0388
523.299 233.776
546.387 0
570.493 93.9099
595.662 0
621.942 66.2295
649.382 311.964
678.032 0
707.946 0
739.18 49.7481
771.792 0
805.842 0
841.395 0
878.517 113.929
917.276 0
957.745 0
1000 0
