# First line is two numbers 
#     First value is '2', it means 'histogram mode'
#     Second value is 'Emin' of the histogram
# Other lines : 2 columns. 1) energy 2) probability (nb divided by NbEvent)
# Number of bins = 480
# Content below the first bin: 0
# Content above the last  bin: 0
# Content above the last  bin: 0
# Number of events: 209000
2 1e-06
1.04412e-06 0
1.09018e-06 0
1.13828e-06 0
1.1885e-06 0
1.24094e-06 0
1.29569e-06 0
1.35285e-06 0
1.41254e-06 0
1.47486e-06 0
1.53993e-06 0
1.60787e-06 0
1.6788e-06 0
1.75287e-06 0
1.83021e-06 0
1.91095e-06 0
1.99526e-06 0
2.08329e-06 0
2.1752e-06 0
2.27117e-06 0
2.37137e-06 0
2.476e-06 0
2.58523e-06 0
2.69929e-06 0
2.81838e-06 0
2.94273e-06 0
3.07256e-06 0
3.20812e-06 0
3.34965e-06 0
3.49744e-06 0
3.65174e-06 0
3.81285e-06 0
3.98107e-06 0
4.15671e-06 0
4.3401e-06 0
4.53158e-06 0
4.73151e-06 0
4.94026e-06 0
5.15822e-06 0
5.3858e-06 0
5.62341e-06 0
5.87151e-06 0
6.13056e-06 0
6.40103e-06 0
6.68344e-06 0
6.97831e-06 0
7.28618e-06 0
7.60764e-06 0
7.94328e-06 0
8.29373e-06 0
8.65964e-06 0
9.0417e-06 0
9.44061e-06 0
9.85712e-06 0
1.0292e-05 0
1.07461e-05 0
1.12202e-05 0
1.17152e-05 0
1.22321e-05 0
1.27717e-05 0
1.33352e-05 0
1.39236e-05 0
1.45378e-05 0
1.51792e-05 0
1.58489e-05 0
1.65482e-05 0
1.72783e-05 0
1.80406e-05 0
1.88365e-05 0
1.96675e-05 0
2.05353e-05 0
2.14412e-05 0
2.23872e-05 0
2.33749e-05 0
2.44062e-05 0
2.5483e-05 0
2.66073e-05 0
2.77811e-05 0
2.90068e-05 0
3.02866e-05 0
3.16228e-05 0
3.30179e-05 0
3.44747e-05 0
3.59956e-05 0
3.75837e-05 0
3.92419e-05 0
4.09732e-05 0
4.27809e-05 0
4.46684e-05 0
4.66391e-05 0
4.86968e-05 0
5.08452e-05 0
5.30884e-05 0
5.54307e-05 0
5.78762e-05 0
6.04296e-05 0
6.30957e-05 0
6.58795e-05 0
6.8786e-05 0
7.18208e-05 0
7.49894e-05 0
7.82979e-05 0
8.17523e-05 0
8.53591e-05 0
8.91251e-05 0
9.30572e-05 0
9.71628e-05 0
0.00010145 0
0.000105925 0
0.000110599 0
0.000115478 0
0.000120573 0
0.000125893 0
0.000131447 0
0.000137246 0
0.000143301 0
0.000149624 0
0.000156225 0
0.000163117 0
0.000170314 0
0.000177828 0
0.000185674 0
0.000193865 0
0.000202418 0
0.000211349 0
0.000220673 0
0.000230409 0
0.000240575 0
0.000251189 0
0.000262271 0
0.000273842 0
0.000285924 0
0.000298538 0
0.000311709 0
0.000325462 0
0.000339821 0
0.000354813 0
0.000370467 0
0.000386812 0
0.000403878 0
0.000421697 0
0.000440301 0
0.000459727 0
0.00048001 0
0.000501187 0
0.000523299 0
0.000546387 0
0.000570493 0
0.000595662 0
0.000621942 0
0.000649382 0
0.000678032 0
0.000707946 0
0.00073918 0
0.000771792 0
0.000805842 0
0.000841395 0
0.000878517 0
0.000917276 0
0.000957745 0
0.001 0
0.00104412 0
0.00109018 0
0.00113828 0
0.0011885 0
0.00124094 0
0.00129569 0
0.00135285 0
0.00141254 0
0.00147486 0
0.00153993 0
0.00160787 0
0.0016788 0
0.00175287 0
0.00183021 0
0.00191095 0
0.00199526 0
0.00208329 0
0.0021752 0
0.00227117 0
0.00237137 0
0.002476 0
0.00258523 0
0.00269929 0
0.00281838 0
0.00294273 0
0.00307256 0
0.00320812 0
0.00334965 0
0.00349744 0
0.00365174 0
0.00381285 0
0.00398107 0
0.00415671 0
0.0043401 0
0.00453158 0
0.00473151 0
0.00494026 0
0.00515822 0
0.0053858 0
0.00562341 0
0.00587151 0
0.00613056 0
0.00640103 0
0.00668344 0
0.00697831 0
0.00728618 0
0.00760764 0
0.00794328 72.6253
0.00829373 0
0.00865964 0
0.0090417 0
0.00944061 0
0.00985712 0
0.010292 0
0.0107461 105.184
0.0112202 0
0.0117152 0
0.0122321 0
0.0127717 0
0.0133352 148.464
0.0139236 18.0958
0.0145378 0
0.0151792 0
0.0158489 0
0.0165482 0
0.0172783 0
0.0180406 0
0.0188365 0
0.0196675 0
0.0205353 0
0.0214412 0
0.0223872 101.726
0.0233749 0
0.0244062 46.7273
0.025483 157.477
0.0266073 0
0.0277811 0
0.0290068 0
0.0302866 204.719
0.0316228 0
0.0330179 259.009
0.0344747 246.049
0.0359956 151.958
0.0375837 42.9388
0.0392419 0
0.0409732 0
0.0427809 104.03
0.0446684 0
0.0466391 265.205
0.0486968 328.579
0.0508452 357.676
0.0530884 0
0.0554307 464.604
0.0578762 0
0.0604296 199.569
0.0630957 181.093
0.0658795 188.029
0.068786 219.633
0.0718208 66.1104
0.0749894 343.469
0.0782979 119.649
0.0817523 107.94
0.0853591 302.605
0.0891251 0
0.0930572 282.539
0.0971628 190.526
0.10145 30.3186
0.105925 49.8475
0.110599 271.824
0.115478 210.27
0.120573 215.888
0.125893 425.304
0.131447 384.971
0.137246 442.473
0.143301 183.592
0.149624 169.201
0.156225 339.082
0.163117 228.476
0.170314 296.118
0.177828 499.517
0.185674 805.569
0.193865 222.323
0.202418 68.5879
0.211349 241.77
0.220673 101.852
0.230409 286.827
0.240575 503.146
0.251189 215.84
0.262271 297.062
0.273842 366.114
0.285924 432.225
0.298538 403.704
0.311709 453.384
0.325462 0
0.339821 184.049
0.354813 319.864
0.370467 424.412
0.386812 248.352
0.403878 216.236
0.421697 234.002
0.440301 623.727
0.459727 412.045
0.48001 218.902
0.501187 488.923
0.523299 144.888
0.546387 519.986
0.570493 244.676
0.595662 289.498
0.621942 150.508
0.649382 460.477
0.678032 291.663
0.707946 201.141
0.73918 58.8604
0.771792 255.411
0.805842 432.28
0.841395 279.652
0.878517 426.239
0.917276 135.458
0.957745 194.948
1 157.617
1.04412 357.647
1.09018 0
1.13828 117.974
1.1885 90.334
1.24094 115.156
1.29569 129.243
1.35285 187.186
1.41254 122.836
1.47486 147.558
1.53993 119.588
1.60787 277.621
1.6788 0
1.75287 55.2603
1.83021 337.014
1.91095 0
1.99526 63.3066
2.08329 201.676
2.1752 43.4901
2.27117 267.975
2.37137 247.772
2.476 226.563
2.58523 0
2.69929 169.839
2.81838 169.412
2.94273 41.6206
3.07256 0
3.20812 93.6486
3.34965 0
3.49744 0
3.65174 63.6316
3.81285 116.574
3.98107 116.593
4.15671 65.2324
4.3401 71.323
4.53158 89.3162
4.73151 0
4.94026 0
5.15822 0
5.3858 172.14
5.62341 0
5.87151 138.893
6.13056 254.775
6.40103 96.557
6.68344 0
6.97831 184.663
7.28618 0
7.60764 235.218
7.94328 67.5085
8.29373 0
8.65964 192.876
9.0417 78.5099
9.44061 0
9.85712 0
10.292 69.3069
10.7461 0
11.2202 70.3568
11.7152 0
12.2321 87.6748
12.7717 0
13.3352 0
13.9236 0
14.5378 91.493
15.1792 0
15.8489 0
16.5482 150.167
17.2783 68.3419
18.0406 0
18.8365 0
19.6675 0
20.5353 0
21.4412 0
22.3872 0
23.3749 0
24.4062 41.3572
25.483 0
26.6073 114.017
27.7811 150.632
29.0068 0
30.2866 104.993
31.6228 0
33.0179 174.105
34.4747 86.0094
35.9956 0
37.5837 0
39.2419 0
40.9732 0
42.7809 83.2468
44.6684 0
46.6391 43.6677
48.6968 154.394
50.8452 65.714
53.0884 88.3832
55.4307 210.082
57.8762 36.7001
60.4296 183.128
63.0957 70.1612
65.8795 0
68.786 0
71.8208 91.397
74.9894 0
78.2979 0
81.7523 68.4862
85.3591 173.086
89.1251 220.754
93.0572 261.229
97.1628 0
101.45 183.502
105.925 119.632
110.599 355.509
115.478 246.973
120.573 113.757
125.893 433.816
131.447 169.524
137.246 0
143.301 192.216
149.624 211.994
156.225 249.477
163.117 88.6445
170.314 99.6134
177.828 86.0089
185.674 250.598
193.865 310.046
202.418 212.54
211.349 0
220.673 133.216
230.409 71.6031
240.575 255.963
251.189 216.365
262.271 27.333
273.842 174.182
285.924 0
298.538 177.865
311.709 0
325.462 0
339.821 0
354.813 0
370.467 0
386.812 0
403.878 0
421.697 0
440.301 0
459.727 0
480.01 0
501.187 0
523.299 0
546.387 0
570.493 0
595.662 0
621.942 0
649.382 0
678.032 0
707.946 0
739.18 0
771.792 0
805.842 0
841.395 0
878.517 0
917.276 0
957.745 0
1000 0
