# First line is two numbers 
#     First value is '2', it means 'histogram mode'
#     Second value is 'Emin' of the histogram
# Other lines : 2 columns. 1) energy 2) probability (nb divided by NbEvent)
# Number of bins = 480
# Content below the first bin: 0
# Content above the last  bin: 0
# Content above the last  bin: 0
# Number of events: 209000
2 1e-06
1.04412e-06 0
1.09018e-06 0
1.13828e-06 0
1.1885e-06 0
1.24094e-06 0
1.29569e-06 0
1.35285e-06 0
1.41254e-06 0
1.47486e-06 0
1.53993e-06 0
1.60787e-06 0
1.6788e-06 0
1.75287e-06 0
1.83021e-06 0
1.91095e-06 0
1.99526e-06 0
2.08329e-06 0
2.1752e-06 0
2.27117e-06 0
2.37137e-06 0
2.476e-06 0
2.58523e-06 0
2.69929e-06 0
2.81838e-06 0
2.94273e-06 0
3.07256e-06 0
3.20812e-06 0
3.34965e-06 0
3.49744e-06 0
3.65174e-06 0
3.81285e-06 0
3.98107e-06 0
4.15671e-06 0
4.3401e-06 0
4.53158e-06 0
4.73151e-06 0
4.94026e-06 0
5.15822e-06 0
5.3858e-06 0
5.62341e-06 0
5.87151e-06 0
6.13056e-06 0
6.40103e-06 0
6.68344e-06 0
6.97831e-06 0
7.28618e-06 0
7.60764e-06 0
7.94328e-06 0
8.29373e-06 0
8.65964e-06 0
9.0417e-06 0
9.44061e-06 0
9.85712e-06 0
1.0292e-05 0
1.07461e-05 0
1.12202e-05 0
1.17152e-05 0
1.22321e-05 0
1.27717e-05 0
1.33352e-05 0
1.39236e-05 0
1.45378e-05 0
1.51792e-05 0
1.58489e-05 0
1.65482e-05 0
1.72783e-05 0
1.80406e-05 0
1.88365e-05 0
1.96675e-05 0
2.05353e-05 0
2.14412e-05 0
2.23872e-05 0
2.33749e-05 0
2.44062e-05 0
2.5483e-05 0
2.66073e-05 0
2.77811e-05 0
2.90068e-05 0
3.02866e-05 0
3.16228e-05 0
3.30179e-05 0
3.44747e-05 0
3.59956e-05 0
3.75837e-05 0
3.92419e-05 0
4.09732e-05 0
4.27809e-05 0
4.46684e-05 0
4.66391e-05 0
4.86968e-05 0
5.08452e-05 0
5.30884e-05 0
5.54307e-05 0
5.78762e-05 0
6.04296e-05 0
6.30957e-05 0
6.58795e-05 0
6.8786e-05 0
7.18208e-05 0
7.49894e-05 0
7.82979e-05 0
8.17523e-05 0
8.53591e-05 0
8.91251e-05 0
9.30572e-05 0
9.71628e-05 0
0.00010145 0
0.000105925 0
0.000110599 0
0.000115478 0
0.000120573 0
0.000125893 0
0.000131447 0
0.000137246 0
0.000143301 0
0.000149624 0
0.000156225 0
0.000163117 0
0.000170314 0
0.000177828 0
0.000185674 0
0.000193865 0
0.000202418 0
0.000211349 0
0.000220673 0
0.000230409 0
0.000240575 0
0.000251189 0
0.000262271 0
0.000273842 0
0.000285924 0
0.000298538 0
0.000311709 0
0.000325462 0
0.000339821 117.899
0.000354813 69.5574
0.000370467 0
0.000386812 0
0.000403878 71.6453
0.000421697 0
0.000440301 0
0.000459727 0
0.00048001 0
0.000501187 0
0.000523299 0
0.000546387 0
0.000570493 0
0.000595662 0
0.000621942 0
0.000649382 0
0.000678032 0
0.000707946 0
0.00073918 0
0.000771792 119.274
0.000805842 0
0.000841395 0
0.000878517 0
0.000917276 107.744
0.000957745 0
0.001 0
0.00104412 0
0.00109018 0
0.00113828 0
0.0011885 0
0.00124094 0
0.00129569 0
0.00135285 0
0.00141254 0
0.00147486 0
0.00153993 0
0.00160787 0
0.0016788 72.0861
0.00175287 104.96
0.00183021 0
0.00191095 0
0.00199526 0
0.00208329 0
0.0021752 0
0.00227117 0
0.00237137 151.239
0.002476 0
0.00258523 0
0.00269929 0
0.00281838 0
0.00294273 0
0.00307256 85.2098
0.00320812 0
0.00334965 0
0.00349744 33.1062
0.00365174 0
0.00381285 108.465
0.00398107 342.336
0.00415671 224.543
0.0043401 0
0.00453158 82.5862
0.00473151 0
0.00494026 74.2018
0.00515822 179.83
0.0053858 115.057
0.00562341 0
0.00587151 266.619
0.00613056 197.402
0.00640103 0
0.00668344 17.1585
0.00697831 104.143
0.00728618 99.3794
0.00760764 0
0.00794328 169.329
0.00829373 148.578
0.00865964 217.586
0.0090417 93.769
0.00944061 0
0.00985712 97.4102
0.010292 348.113
0.0107461 268.249
0.0112202 523.042
0.0117152 711.131
0.0122321 0
0.0127717 145.467
0.0133352 280.285
0.0139236 303.176
0.0145378 450.082
0.0151792 591.455
0.0158489 362.335
0.0165482 362.18
0.0172783 1156.9
0.0180406 700.547
0.0188365 1105.76
0.0196675 1307.41
0.0205353 1000.98
0.0214412 649.977
0.0223872 945.166
0.0233749 592.999
0.0244062 1085.86
0.025483 1027.8
0.0266073 1092.43
0.0277811 1222.42
0.0290068 1372.3
0.0302866 1846.24
0.0316228 1496.07
0.0330179 1960.32
0.0344747 1780.09
0.0359956 1501.23
0.0375837 1910.6
0.0392419 2544.67
0.0409732 3110.02
0.0427809 2618.22
0.0446684 2759.53
0.0466391 3470.24
0.0486968 2959.41
0.0508452 2843.07
0.0530884 3515.38
0.0554307 3784.09
0.0578762 4046.1
0.0604296 3360.94
0.0630957 3371.17
0.0658795 4155.25
0.068786 4623.78
0.0718208 6384.06
0.0749894 5233.86
0.0782979 4813.7
0.0817523 5245.75
0.0853591 6506.42
0.0891251 5458.02
0.0930572 6163.07
0.0971628 7407.28
0.10145 6860.71
0.105925 5981.12
0.110599 6583.75
0.115478 8255.4
0.120573 8620.06
0.125893 7816.78
0.131447 8156.73
0.137246 7897.43
0.143301 7643.53
0.149624 8313.63
0.156225 9105.88
0.163117 8896.74
0.170314 9485.07
0.177828 10198.8
0.185674 9342.16
0.193865 9788.11
0.202418 8510.48
0.211349 10412.2
0.220673 9302.81
0.230409 9378.68
0.240575 12880.7
0.251189 9453.37
0.262271 9774.16
0.273842 8899.37
0.285924 8734.04
0.298538 11096.5
0.311709 10418.5
0.325462 10691.2
0.339821 13632.3
0.354813 11254.9
0.370467 12168.7
0.386812 10545.7
0.403878 11251.7
0.421697 11044.4
0.440301 8853.19
0.459727 11086.2
0.48001 10230.7
0.501187 11877.1
0.523299 10410.4
0.546387 11149.8
0.570493 9472.34
0.595662 12805
0.621942 13544.2
0.649382 10062.6
0.678032 9955.1
0.707946 10578.4
0.73918 10675.3
0.771792 9371.15
0.805842 8670.42
0.841395 8442
0.878517 9852.05
0.917276 8210.94
0.957745 9139.28
1 6880.79
1.04412 7198.59
1.09018 6595.26
1.13828 7987.3
1.1885 7451.54
1.24094 4751.37
1.29569 4803.89
1.35285 4014.46
1.41254 5179.7
1.47486 6273.81
1.53993 4127.09
1.60787 3037.54
1.6788 4113.57
1.75287 2855.85
1.83021 4275.23
1.91095 4074.6
1.99526 2871.34
2.08329 2814.51
2.1752 3796.49
2.27117 3201.26
2.37137 3019.73
2.476 3141.02
2.58523 3322.36
2.69929 3152.87
2.81838 2086.41
2.94273 2343
3.07256 2825.61
3.20812 2409.84
3.34965 2260.71
3.49744 2500.22
3.65174 2562.39
3.81285 1931.29
3.98107 2451.3
4.15671 1774.04
4.3401 1320.75
4.53158 1817.78
4.73151 1668.64
4.94026 1990.14
5.15822 1527.64
5.3858 1043.43
5.62341 1524.87
5.87151 1392.45
6.13056 1512.57
6.40103 2275.43
6.68344 1173.23
6.97831 1052.47
7.28618 1389.6
7.60764 1230.94
7.94328 1507.99
8.29373 2093.89
8.65964 945.591
9.0417 1231.43
9.44061 1494
9.85712 1775.62
10.292 562.426
10.7461 1088.55
11.2202 560.34
11.7152 1022.96
12.2321 925.419
12.7717 971.644
13.3352 1619.82
13.9236 908.029
14.5378 441.555
15.1792 923.368
15.8489 879.128
16.5482 1073.98
17.2783 1251.89
18.0406 1218.22
18.8365 1303.28
19.6675 1333.77
20.5353 955.813
21.4412 1127.11
22.3872 1100.38
23.3749 903.599
24.4062 907.758
25.483 910.928
26.6073 1099.87
27.7811 1197.86
29.0068 1328.44
30.2866 1946.65
31.6228 1132.65
33.0179 1235.08
34.4747 1455.4
35.9956 1281.88
37.5837 1761.4
39.2419 1641.82
40.9732 1240.49
42.7809 1875.46
44.6684 1719
46.6391 1233.22
48.6968 2046.14
50.8452 1198.95
53.0884 1733.78
55.4307 2109
57.8762 2303.05
60.4296 2200.09
63.0957 2513.83
65.8795 1566.6
68.786 2449.95
71.8208 1905.2
74.9894 2250.94
78.2979 1805.58
81.7523 1969.06
85.3591 2181.72
89.1251 2379.67
93.0572 1661.94
97.1628 2078.71
101.45 2174.73
105.925 2281.77
110.599 3573.39
115.478 2119.58
120.573 2821.35
125.893 3163.76
131.447 2630.92
137.246 2533.78
143.301 3766.88
149.624 3154.71
156.225 2923.35
163.117 3889.4
170.314 2895.67
177.828 3910.41
185.674 3571.36
193.865 2834.07
202.418 3364.27
211.349 4000.5
220.673 4627.02
230.409 5156.79
240.575 4958.94
251.189 6264.93
262.271 5700.06
273.842 5677
285.924 5750.28
298.538 6112.48
311.709 6126.01
325.462 5938.94
339.821 8316.92
354.813 6455.35
370.467 6973.77
386.812 4433.14
403.878 4742.23
421.697 2683.69
440.301 2359.87
459.727 1337.12
480.01 1901.84
501.187 885.414
523.299 915.162
546.387 273.232
570.493 236.625
595.662 395.64
621.942 696.541
649.382 180.267
678.032 111.538
707.946 557.861
739.18 291.367
771.792 117.435
805.842 105.619
841.395 13.1853
878.517 105.51
917.276 112.691
957.745 112.536
1000 0
