# First line is two numbers 
#     First value is '2', it means 'histogram mode'
#     Second value is 'Emin' of the histogram
# Other lines : 2 columns. 1) energy 2) probability (nb divided by NbEvent)
# Number of bins = 480
# Content below the first bin: 0
# Content above the last  bin: 2
# Content above the last  bin: 2
# Number of events: 209000
2 1e-06
1.04412e-06 0
1.09018e-06 0
1.13828e-06 0
1.1885e-06 0
1.24094e-06 0
1.29569e-06 0
1.35285e-06 0
1.41254e-06 0
1.47486e-06 0
1.53993e-06 0
1.60787e-06 0
1.6788e-06 0
1.75287e-06 0
1.83021e-06 0
1.91095e-06 0
1.99526e-06 0
2.08329e-06 0
2.1752e-06 0
2.27117e-06 0
2.37137e-06 0
2.476e-06 0
2.58523e-06 0
2.69929e-06 0
2.81838e-06 0
2.94273e-06 0
3.07256e-06 0
3.20812e-06 0
3.34965e-06 0
3.49744e-06 0
3.65174e-06 0
3.81285e-06 0
3.98107e-06 0
4.15671e-06 0
4.3401e-06 0
4.53158e-06 0
4.73151e-06 0
4.94026e-06 0
5.15822e-06 0
5.3858e-06 0
5.62341e-06 0
5.87151e-06 0
6.13056e-06 0
6.40103e-06 0
6.68344e-06 0
6.97831e-06 0
7.28618e-06 0
7.60764e-06 0
7.94328e-06 0
8.29373e-06 0
8.65964e-06 0
9.0417e-06 0
9.44061e-06 0
9.85712e-06 0
1.0292e-05 0
1.07461e-05 0
1.12202e-05 0
1.17152e-05 0
1.22321e-05 0
1.27717e-05 0
1.33352e-05 0
1.39236e-05 0
1.45378e-05 0
1.51792e-05 0
1.58489e-05 0
1.65482e-05 0
1.72783e-05 0
1.80406e-05 0
1.88365e-05 0
1.96675e-05 0
2.05353e-05 0
2.14412e-05 0
2.23872e-05 0
2.33749e-05 0
2.44062e-05 0
2.5483e-05 0
2.66073e-05 0
2.77811e-05 0
2.90068e-05 0
3.02866e-05 0
3.16228e-05 0
3.30179e-05 0
3.44747e-05 0
3.59956e-05 0
3.75837e-05 0
3.92419e-05 0
4.09732e-05 0
4.27809e-05 0
4.46684e-05 0
4.66391e-05 0
4.86968e-05 0
5.08452e-05 0
5.30884e-05 0
5.54307e-05 0
5.78762e-05 0
6.04296e-05 0
6.30957e-05 0
6.58795e-05 0
6.8786e-05 0
7.18208e-05 0
7.49894e-05 0
7.82979e-05 0
8.17523e-05 0
8.53591e-05 0
8.91251e-05 0
9.30572e-05 0
9.71628e-05 0
0.00010145 0
0.000105925 0
0.000110599 0
0.000115478 0
0.000120573 0
0.000125893 0
0.000131447 0
0.000137246 0
0.000143301 0
0.000149624 0
0.000156225 0
0.000163117 0
0.000170314 0
0.000177828 0
0.000185674 0
0.000193865 0
0.000202418 0
0.000211349 0
0.000220673 0
0.000230409 0
0.000240575 0
0.000251189 0
0.000262271 0
0.000273842 0
0.000285924 0
0.000298538 0
0.000311709 0
0.000325462 0
0.000339821 0
0.000354813 0
0.000370467 0
0.000386812 0
0.000403878 0
0.000421697 0
0.000440301 0
0.000459727 0
0.00048001 0
0.000501187 0
0.000523299 0
0.000546387 0
0.000570493 0
0.000595662 0
0.000621942 0
0.000649382 0
0.000678032 0
0.000707946 0
0.00073918 0
0.000771792 0
0.000805842 0
0.000841395 0
0.000878517 0
0.000917276 1
0.000957745 0
0.001 0
0.00104412 0
0.00109018 0
0.00113828 0
0.0011885 1
0.00124094 0
0.00129569 1
0.00135285 0
0.00141254 0
0.00147486 0
0.00153993 0
0.00160787 0
0.0016788 0
0.00175287 0
0.00183021 1
0.00191095 0
0.00199526 1
0.00208329 0
0.0021752 0
0.00227117 1
0.00237137 0
0.002476 0
0.00258523 0
0.00269929 0
0.00281838 0
0.00294273 2
0.00307256 0
0.00320812 0
0.00334965 0
0.00349744 0
0.00365174 1
0.00381285 1
0.00398107 0
0.00415671 1
0.0043401 1
0.00453158 1
0.00473151 1
0.00494026 3
0.00515822 0
0.0053858 0
0.00562341 1
0.00587151 2
0.00613056 2
0.00640103 1
0.00668344 1
0.00697831 0
0.00728618 5
0.00760764 1
0.00794328 1
0.00829373 2
0.00865964 3
0.0090417 2
0.00944061 2
0.00985712 3
0.010292 3
0.0107461 2
0.0112202 2
0.0117152 5
0.0122321 2
0.0127717 4
0.0133352 6
0.0139236 5
0.0145378 8
0.0151792 3
0.0158489 9
0.0165482 13
0.0172783 12
0.0180406 9
0.0188365 13
0.0196675 11
0.0205353 8
0.0214412 13
0.0223872 9
0.0233749 12
0.0244062 24
0.025483 19
0.0266073 18
0.0277811 21
0.0290068 22
0.0302866 18
0.0316228 25
0.0330179 21
0.0344747 28
0.0359956 30
0.0375837 30
0.0392419 26
0.0409732 38
0.0427809 28
0.0446684 36
0.0466391 25
0.0486968 50
0.0508452 48
0.0530884 41
0.0554307 42
0.0578762 43
0.0604296 43
0.0630957 43
0.0658795 60
0.068786 57
0.0718208 61
0.0749894 56
0.0782979 78
0.0817523 60
0.0853591 113
0.0891251 66
0.0930572 77
0.0971628 77
0.10145 91
0.105925 100
0.110599 87
0.115478 105
0.120573 102
0.125893 123
0.131447 100
0.137246 107
0.143301 100
0.149624 109
0.156225 128
0.163117 113
0.170314 110
0.177828 124
0.185674 124
0.193865 102
0.202418 117
0.211349 124
0.220673 157
0.230409 113
0.240575 120
0.251189 129
0.262271 129
0.273842 145
0.285924 145
0.298538 144
0.311709 155
0.325462 147
0.339821 128
0.354813 143
0.370467 153
0.386812 122
0.403878 141
0.421697 164
0.440301 153
0.459727 142
0.48001 144
0.501187 134
0.523299 164
0.546387 125
0.570493 147
0.595662 125
0.621942 135
0.649382 131
0.678032 137
0.707946 124
0.73918 145
0.771792 118
0.805842 95
0.841395 109
0.878517 116
0.917276 102
0.957745 107
1 118
1.04412 76
1.09018 91
1.13828 96
1.1885 77
1.24094 82
1.29569 60
1.35285 56
1.41254 54
1.47486 56
1.53993 46
1.60787 34
1.6788 47
1.75287 54
1.83021 64
1.91095 52
1.99526 41
2.08329 36
2.1752 45
2.27117 45
2.37137 35
2.476 44
2.58523 40
2.69929 38
2.81838 30
2.94273 31
3.07256 40
3.20812 51
3.34965 29
3.49744 25
3.65174 24
3.81285 32
3.98107 25
4.15671 28
4.3401 28
4.53158 27
4.73151 16
4.94026 24
5.15822 29
5.3858 23
5.62341 23
5.87151 26
6.13056 28
6.40103 25
6.68344 19
6.97831 21
7.28618 22
7.60764 23
7.94328 19
8.29373 17
8.65964 14
9.0417 14
9.44061 16
9.85712 24
10.292 8
10.7461 7
11.2202 13
11.7152 14
12.2321 13
12.7717 10
13.3352 21
13.9236 10
14.5378 14
15.1792 9
15.8489 14
16.5482 12
17.2783 19
18.0406 14
18.8365 13
19.6675 10
20.5353 23
21.4412 9
22.3872 13
23.3749 15
24.4062 16
25.483 10
26.6073 14
27.7811 16
29.0068 17
30.2866 21
31.6228 21
33.0179 33
34.4747 17
35.9956 17
37.5837 16
39.2419 24
40.9732 20
42.7809 14
44.6684 26
46.6391 24
48.6968 21
50.8452 28
53.0884 28
55.4307 22
57.8762 19
60.4296 30
63.0957 31
65.8795 21
68.786 41
71.8208 32
74.9894 30
78.2979 26
81.7523 30
85.3591 28
89.1251 32
93.0572 25
97.1628 30
101.45 24
105.925 35
110.599 33
115.478 34
120.573 26
125.893 36
131.447 31
137.246 34
143.301 35
149.624 49
156.225 39
163.117 45
170.314 52
177.828 34
185.674 39
193.865 51
202.418 48
211.349 61
220.673 57
230.409 61
240.575 69
251.189 59
262.271 59
273.842 61
285.924 71
298.538 82
311.709 78
325.462 89
339.821 89
354.813 48
370.467 73
386.812 63
403.878 39
421.697 40
440.301 22
459.727 30
480.01 22
501.187 12
523.299 12
546.387 5
570.493 5
595.662 7
621.942 1
649.382 1
678.032 4
707.946 4
739.18 3
771.792 1
805.842 1
841.395 1
878.517 2
917.276 2
957.745 0
1000 0
