# First line is two numbers 
#     First value is '2', it means 'histogram mode'
#     Second value is 'Emin' of the histogram
# Other lines : 2 columns. 1) energy 2) probability (nb divided by NbEvent)
# Number of bins = 480
# Content below the first bin: 0
# Content above the last  bin: 0
# Content above the last  bin: 0
# Number of events: 209000
2 1e-06
1.04412e-06 0
1.09018e-06 0
1.13828e-06 0
1.1885e-06 0
1.24094e-06 0
1.29569e-06 0
1.35285e-06 0
1.41254e-06 0
1.47486e-06 0
1.53993e-06 0
1.60787e-06 0
1.6788e-06 0
1.75287e-06 0
1.83021e-06 0
1.91095e-06 0
1.99526e-06 0
2.08329e-06 0
2.1752e-06 0
2.27117e-06 0
2.37137e-06 0
2.476e-06 0
2.58523e-06 0
2.69929e-06 0
2.81838e-06 0
2.94273e-06 0
3.07256e-06 0
3.20812e-06 0
3.34965e-06 0
3.49744e-06 0
3.65174e-06 0
3.81285e-06 0
3.98107e-06 0
4.15671e-06 0
4.3401e-06 0
4.53158e-06 0
4.73151e-06 0
4.94026e-06 0
5.15822e-06 0
5.3858e-06 0
5.62341e-06 0
5.87151e-06 0
6.13056e-06 0
6.40103e-06 0
6.68344e-06 0
6.97831e-06 0
7.28618e-06 0
7.60764e-06 0
7.94328e-06 0
8.29373e-06 0
8.65964e-06 0
9.0417e-06 0
9.44061e-06 0
9.85712e-06 0
1.0292e-05 0
1.07461e-05 0
1.12202e-05 0
1.17152e-05 0
1.22321e-05 0
1.27717e-05 0
1.33352e-05 0
1.39236e-05 0
1.45378e-05 0
1.51792e-05 0
1.58489e-05 0
1.65482e-05 0
1.72783e-05 0
1.80406e-05 0
1.88365e-05 0
1.96675e-05 0
2.05353e-05 0
2.14412e-05 0
2.23872e-05 0
2.33749e-05 0
2.44062e-05 0
2.5483e-05 0
2.66073e-05 0
2.77811e-05 0
2.90068e-05 0
3.02866e-05 0
3.16228e-05 0
3.30179e-05 0
3.44747e-05 0
3.59956e-05 0
3.75837e-05 0
3.92419e-05 0
4.09732e-05 0
4.27809e-05 0
4.46684e-05 0
4.66391e-05 0
4.86968e-05 0
5.08452e-05 0
5.30884e-05 0
5.54307e-05 0
5.78762e-05 0
6.04296e-05 0
6.30957e-05 0
6.58795e-05 0
6.8786e-05 0
7.18208e-05 0
7.49894e-05 0
7.82979e-05 0
8.17523e-05 0
8.53591e-05 0
8.91251e-05 0
9.30572e-05 0
9.71628e-05 0
0.00010145 0
0.000105925 0
0.000110599 0
0.000115478 0
0.000120573 0
0.000125893 0
0.000131447 0
0.000137246 0
0.000143301 0
0.000149624 0
0.000156225 0
0.000163117 0
0.000170314 0
0.000177828 0
0.000185674 0
0.000193865 0
0.000202418 0
0.000211349 0
0.000220673 0
0.000230409 0
0.000240575 0
0.000251189 0
0.000262271 0
0.000273842 0
0.000285924 0
0.000298538 0
0.000311709 0
0.000325462 0
0.000339821 0
0.000354813 0
0.000370467 0
0.000386812 0
0.000403878 0
0.000421697 0
0.000440301 0
0.000459727 0
0.00048001 0
0.000501187 0
0.000523299 0
0.000546387 0
0.000570493 0
0.000595662 0
0.000621942 0
0.000649382 0
0.000678032 0
0.000707946 0
0.00073918 0
0.000771792 0
0.000805842 0
0.000841395 0
0.000878517 0
0.000917276 0
0.000957745 0
0.001 0
0.00104412 0
0.00109018 0
0.00113828 0
0.0011885 0
0.00124094 0
0.00129569 0
0.00135285 0
0.00141254 0
0.00147486 0
0.00153993 0
0.00160787 0
0.0016788 0
0.00175287 0
0.00183021 0
0.00191095 0
0.00199526 0
0.00208329 0
0.0021752 0
0.00227117 89.1412
0.00237137 0
0.002476 0
0.00258523 0
0.00269929 0
0.00281838 205.803
0.00294273 0
0.00307256 0
0.00320812 0
0.00334965 0
0.00349744 0
0.00365174 0
0.00381285 0
0.00398107 0
0.00415671 0
0.0043401 0
0.00453158 0
0.00473151 0
0.00494026 0
0.00515822 0
0.0053858 0
0.00562341 0
0.00587151 114.593
0.00613056 0
0.00640103 0
0.00668344 0
0.00697831 0
0.00728618 12.7564
0.00760764 0
0.00794328 0
0.00829373 0
0.00865964 0
0.0090417 0
0.00944061 0
0.00985712 0
0.010292 142.566
0.0107461 0
0.0112202 0
0.0117152 0
0.0122321 88.749
0.0127717 133.417
0.0133352 313.592
0.0139236 0
0.0145378 110.788
0.0151792 0
0.0158489 0
0.0165482 0
0.0172783 114.587
0.0180406 328.392
0.0188365 217.034
0.0196675 0
0.0205353 21.6358
0.0214412 0
0.0223872 313.544
0.0233749 59.9895
0.0244062 0
0.025483 400.456
0.0266073 96.152
0.0277811 0
0.0290068 117.821
0.0302866 100.741
0.0316228 37.8688
0.0330179 31.8301
0.0344747 247.049
0.0359956 338.242
0.0375837 0
0.0392419 278.742
0.0409732 105.884
0.0427809 193.542
0.0446684 15.2032
0.0466391 368.587
0.0486968 241.487
0.0508452 329.95
0.0530884 425.87
0.0554307 100.639
0.0578762 248.111
0.0604296 319.657
0.0630957 612.911
0.0658795 613.838
0.068786 440.521
0.0718208 568.675
0.0749894 1011.8
0.0782979 493.718
0.0817523 460.162
0.0853591 409.709
0.0891251 447.046
0.0930572 827.083
0.0971628 524.92
0.10145 1013.19
0.105925 741.825
0.110599 776.745
0.115478 381.326
0.120573 843.634
0.125893 1348.41
0.131447 861.409
0.137246 278.338
0.143301 508.376
0.149624 1053.39
0.156225 1178.31
0.163117 1168.57
0.170314 977.891
0.177828 1496.95
0.185674 653.16
0.193865 1153.39
0.202418 836.066
0.211349 1099.49
0.220673 1450.11
0.230409 1407.4
0.240575 1580.23
0.251189 1480.09
0.262271 1370.12
0.273842 1245.34
0.285924 833.637
0.298538 979.047
0.311709 1930.42
0.325462 739.102
0.339821 1365.58
0.354813 2065.37
0.370467 1726.63
0.386812 1463.08
0.403878 1246.98
0.421697 1249.14
0.440301 1064.98
0.459727 2474.04
0.48001 950.519
0.501187 1103.46
0.523299 2256.31
0.546387 762.869
0.570493 1607.07
0.595662 945.876
0.621942 1129.37
0.649382 804.467
0.678032 1324.95
0.707946 709.15
0.73918 1347.57
0.771792 871.693
0.805842 1104.72
0.841395 866.165
0.878517 1153.52
0.917276 1117.8
0.957745 1049.35
1 630.958
1.04412 1485.77
1.09018 457.082
1.13828 663.118
1.1885 325.707
1.24094 1039.99
1.29569 379.624
1.35285 502.248
1.41254 364.029
1.47486 623.678
1.53993 599.481
1.60787 589.053
1.6788 253.004
1.75287 225.62
1.83021 698.265
1.91095 162.198
1.99526 827.031
2.08329 184.482
2.1752 97.8938
2.27117 289.684
2.37137 332.421
2.476 338.438
2.58523 311.982
2.69929 269.757
2.81838 93.6703
2.94273 390.795
3.07256 0
3.20812 106.916
3.34965 203.654
3.49744 418.668
3.65174 274.892
3.81285 366.576
3.98107 80.3786
4.15671 139.783
4.3401 295.507
4.53158 0
4.73151 0
4.94026 249.222
5.15822 334.708
5.3858 111.584
5.62341 125.061
5.87151 49.0489
6.13056 292.433
6.40103 387.159
6.68344 303.757
6.97831 301.962
7.28618 156.256
7.60764 110.167
7.94328 240.464
8.29373 260.685
8.65964 103.377
9.0417 0
9.44061 0
9.85712 201.649
10.292 90.4523
10.7461 79.1389
11.2202 297.004
11.7152 272.284
12.2321 72.5338
12.7717 0
13.3352 145.903
13.9236 363.101
14.5378 82.8264
15.1792 225.92
15.8489 53.3895
16.5482 229.504
17.2783 152.518
18.0406 307.165
18.8365 620.608
19.6675 63.029
20.5353 158.187
21.4412 99.3113
22.3872 86.6098
23.3749 258.261
24.4062 306.276
25.483 96.5817
26.6073 128.16
27.7811 27.5718
29.0068 116.646
30.2866 277.021
31.6228 405.048
33.0179 206.053
34.4747 330.117
35.9956 387.189
37.5837 454.098
39.2419 200.304
40.9732 87.21
42.7809 55.2314
44.6684 391.467
46.6391 420.261
48.6968 277.614
50.8452 277.54
53.0884 137.603
55.4307 472.561
57.8762 71.7345
60.4296 491.907
63.0957 207.677
65.8795 490.176
68.786 106.487
71.8208 558.819
74.9894 702.961
78.2979 306.495
81.7523 146.308
85.3591 350.662
89.1251 387.475
93.0572 298.168
97.1628 384.658
101.45 298.399
105.925 657.374
110.599 247.87
115.478 425.922
120.573 1019.29
125.893 507.958
131.447 359.884
137.246 419.462
143.301 313.069
149.624 714.72
156.225 1254.81
163.117 995.337
170.314 860.617
177.828 994.714
185.674 514.547
193.865 1243.21
202.418 832.234
211.349 777.315
220.673 1100.55
230.409 890.287
240.575 1155.21
251.189 1099.33
262.271 1300.65
273.842 1635.7
285.924 1616.79
298.538 835.958
311.709 823.073
325.462 1143.01
339.821 510.811
354.813 358.963
370.467 388.952
386.812 186.937
403.878 104.914
421.697 210.97
440.301 227.935
459.727 131.175
480.01 0
501.187 0
523.299 108.768
546.387 0
570.493 87.6576
595.662 0
621.942 0
649.382 0
678.032 0
707.946 0
739.18 58.7188
771.792 0
805.842 82.9695
841.395 0
878.517 0
917.276 0
957.745 0
1000 0
