# First line is two numbers 
#     First value is '2', it means 'histogram mode'
#     Second value is 'Emin' of the histogram
# Other lines : 2 columns. 1) energy 2) probability (nb divided by NbEvent)
# Number of bins = 480
# Content below the first bin: 0
# Content above the last  bin: 0
# Content above the last  bin: 0
# Number of events: 209000
2 1e-06
1.04412e-06 0
1.09018e-06 0
1.13828e-06 0
1.1885e-06 0
1.24094e-06 0
1.29569e-06 0
1.35285e-06 0
1.41254e-06 0
1.47486e-06 0
1.53993e-06 0
1.60787e-06 0
1.6788e-06 0
1.75287e-06 0
1.83021e-06 0
1.91095e-06 0
1.99526e-06 0
2.08329e-06 0
2.1752e-06 0
2.27117e-06 0
2.37137e-06 0
2.476e-06 0
2.58523e-06 0
2.69929e-06 0
2.81838e-06 0
2.94273e-06 0
3.07256e-06 0
3.20812e-06 0
3.34965e-06 0
3.49744e-06 0
3.65174e-06 0
3.81285e-06 0
3.98107e-06 0
4.15671e-06 0
4.3401e-06 0
4.53158e-06 0
4.73151e-06 0
4.94026e-06 0
5.15822e-06 0
5.3858e-06 0
5.62341e-06 0
5.87151e-06 0
6.13056e-06 0
6.40103e-06 0
6.68344e-06 0
6.97831e-06 0
7.28618e-06 0
7.60764e-06 0
7.94328e-06 0
8.29373e-06 0
8.65964e-06 0
9.0417e-06 0
9.44061e-06 0
9.85712e-06 0
1.0292e-05 0
1.07461e-05 0
1.12202e-05 0
1.17152e-05 0
1.22321e-05 0
1.27717e-05 0
1.33352e-05 0
1.39236e-05 0
1.45378e-05 0
1.51792e-05 0
1.58489e-05 0
1.65482e-05 0
1.72783e-05 0
1.80406e-05 0
1.88365e-05 0
1.96675e-05 0
2.05353e-05 0
2.14412e-05 0
2.23872e-05 0
2.33749e-05 0
2.44062e-05 0
2.5483e-05 0
2.66073e-05 0
2.77811e-05 0
2.90068e-05 0
3.02866e-05 0
3.16228e-05 0
3.30179e-05 0
3.44747e-05 0
3.59956e-05 0
3.75837e-05 0
3.92419e-05 0
4.09732e-05 0
4.27809e-05 0
4.46684e-05 0
4.66391e-05 0
4.86968e-05 0
5.08452e-05 0
5.30884e-05 0
5.54307e-05 0
5.78762e-05 0
6.04296e-05 0
6.30957e-05 0
6.58795e-05 0
6.8786e-05 0
7.18208e-05 0
7.49894e-05 0
7.82979e-05 0
8.17523e-05 0
8.53591e-05 0
8.91251e-05 0
9.30572e-05 0
9.71628e-05 0
0.00010145 0
0.000105925 0
0.000110599 0
0.000115478 0
0.000120573 0
0.000125893 0
0.000131447 0
0.000137246 0
0.000143301 0
0.000149624 0
0.000156225 0
0.000163117 0
0.000170314 0
0.000177828 0
0.000185674 0
0.000193865 0
0.000202418 0
0.000211349 0
0.000220673 0
0.000230409 0
0.000240575 0
0.000251189 0
0.000262271 0
0.000273842 0
0.000285924 0
0.000298538 0
0.000311709 0
0.000325462 0
0.000339821 0
0.000354813 0
0.000370467 0
0.000386812 0
0.000403878 0
0.000421697 0
0.000440301 0
0.000459727 0
0.00048001 0
0.000501187 0
0.000523299 0
0.000546387 0
0.000570493 0
0.000595662 0
0.000621942 0
0.000649382 0
0.000678032 0
0.000707946 0
0.00073918 0
0.000771792 0
0.000805842 0
0.000841395 0
0.000878517 0
0.000917276 0
0.000957745 0
0.001 0
0.00104412 0
0.00109018 0
0.00113828 0
0.0011885 0
0.00124094 0
0.00129569 0
0.00135285 0
0.00141254 0
0.00147486 0
0.00153993 0
0.00160787 0
0.0016788 0
0.00175287 0
0.00183021 0
0.00191095 0
0.00199526 0
0.00208329 0
0.0021752 0
0.00227117 0
0.00237137 0
0.002476 0
0.00258523 0
0.00269929 0
0.00281838 0
0.00294273 0
0.00307256 0
0.00320812 0
0.00334965 0
0.00349744 0
0.00365174 0
0.00381285 0
0.00398107 0
0.00415671 0
0.0043401 0
0.00453158 0
0.00473151 0
0.00494026 0
0.00515822 0
0.0053858 0
0.00562341 0
0.00587151 0
0.00613056 0
0.00640103 0
0.00668344 50.3356
0.00697831 0
0.00728618 0
0.00760764 0
0.00794328 0
0.00829373 0
0.00865964 0
0.0090417 103.926
0.00944061 0
0.00985712 0
0.010292 0
0.0107461 0
0.0112202 78.6491
0.0117152 0
0.0122321 98.1575
0.0127717 35.7393
0.0133352 0
0.0139236 0
0.0145378 189.697
0.0151792 132.146
0.0158489 82.1545
0.0165482 105.39
0.0172783 74.6826
0.0180406 0
0.0188365 161.582
0.0196675 220.935
0.0205353 31.5774
0.0214412 212.875
0.0223872 137.756
0.0233749 0
0.0244062 76.7139
0.025483 258.622
0.0266073 474.475
0.0277811 0
0.0290068 155.519
0.0302866 381.716
0.0316228 135.083
0.0330179 229.2
0.0344747 162.386
0.0359956 378.594
0.0375837 161.405
0.0392419 110.863
0.0409732 447.059
0.0427809 71.5321
0.0446684 93.4945
0.0466391 419.234
0.0486968 341.289
0.0508452 414.527
0.0530884 130.668
0.0554307 648.75
0.0578762 333.303
0.0604296 652.898
0.0630957 418.36
0.0658795 525.765
0.068786 434.938
0.0718208 692.546
0.0749894 463.461
0.0782979 1108.2
0.0817523 1238.38
0.0853591 732.498
0.0891251 621.009
0.0930572 736.888
0.0971628 1002.18
0.10145 1432.1
0.105925 682.639
0.110599 818.702
0.115478 1053.01
0.120573 420.724
0.125893 1048.18
0.131447 865.216
0.137246 738.47
0.143301 739.133
0.149624 959.198
0.156225 1040.25
0.163117 1205.58
0.170314 1222.28
0.177828 1278.37
0.185674 998.632
0.193865 2005.83
0.202418 1329.76
0.211349 1020.39
0.220673 983.911
0.230409 664.634
0.240575 1091.86
0.251189 1209.65
0.262271 1386.87
0.273842 787.083
0.285924 1187.1
0.298538 1106.68
0.311709 1193.51
0.325462 682.109
0.339821 1127.82
0.354813 1111.38
0.370467 1415.53
0.386812 887.308
0.403878 896.929
0.421697 1761.07
0.440301 1480.59
0.459727 1336.09
0.48001 1337.49
0.501187 1542.83
0.523299 1133.03
0.546387 1873.09
0.570493 1372.84
0.595662 1434.78
0.621942 857.541
0.649382 618.3
0.678032 1135.89
0.707946 1243.05
0.73918 2409.48
0.771792 670.223
0.805842 1249.17
0.841395 891.873
0.878517 720.637
0.917276 781.003
0.957745 1058.75
1 890.929
1.04412 1120.41
1.09018 649.874
1.13828 818.013
1.1885 794.465
1.24094 453.916
1.29569 849.425
1.35285 739.778
1.41254 863.654
1.47486 687.669
1.53993 367.863
1.60787 801.875
1.6788 618.089
1.75287 568.793
1.83021 20.1438
1.91095 585.17
1.99526 111.937
2.08329 269.207
2.1752 376.177
2.27117 337.012
2.37137 91.5443
2.476 428.836
2.58523 73.4556
2.69929 100.477
2.81838 200.081
2.94273 164.056
3.07256 306.962
3.20812 304.064
3.34965 206.077
3.49744 288.151
3.65174 0
3.81285 241.269
3.98107 165.027
4.15671 144.275
4.3401 410.35
4.53158 214.48
4.73151 120.156
4.94026 311.241
5.15822 319.396
5.3858 434.431
5.62341 116.473
5.87151 140.206
6.13056 574.734
6.40103 349.744
6.68344 219.203
6.97831 239.695
7.28618 246.786
7.60764 228.811
7.94328 243.171
8.29373 118.549
8.65964 196.814
9.0417 65.6073
9.44061 118.971
9.85712 327.348
10.292 54.108
10.7461 200.522
11.2202 157.454
11.7152 93.3561
12.2321 198.795
12.7717 32.7991
13.3352 268.465
13.9236 110.764
14.5378 77.4506
15.1792 80.4993
15.8489 133.008
16.5482 377.056
17.2783 273.315
18.0406 13.7537
18.8365 61.4013
19.6675 173.372
20.5353 214.504
21.4412 155.317
22.3872 116.861
23.3749 281.639
24.4062 0
25.483 102.564
26.6073 301.1
27.7811 196.119
29.0068 223.432
30.2866 169.778
31.6228 246.473
33.0179 413.737
34.4747 408.124
35.9956 422.658
37.5837 382.642
39.2419 169.402
40.9732 62.8112
42.7809 91.4185
44.6684 120.83
46.6391 284.809
48.6968 622.722
50.8452 68.0153
53.0884 604.565
55.4307 213.949
57.8762 244.579
60.4296 435.729
63.0957 354.217
65.8795 619.759
68.786 352.594
71.8208 572.452
74.9894 380.002
78.2979 642.015
81.7523 496.857
85.3591 446.757
89.1251 651.119
93.0572 583.783
97.1628 317.452
101.45 287.444
105.925 749.053
110.599 772.551
115.478 419.932
120.573 258.349
125.893 760.94
131.447 571.248
137.246 298.866
143.301 687.19
149.624 890.667
156.225 475.1
163.117 276.565
170.314 1088.66
177.828 1042
185.674 1202.02
193.865 1152.38
202.418 488.707
211.349 1275.89
220.673 798.486
230.409 1215.91
240.575 871.198
251.189 1010.14
262.271 1052.88
273.842 1684.76
285.924 1325.46
298.538 835.481
311.709 909.611
325.462 630.463
339.821 562.63
354.813 355.848
370.467 161.296
386.812 503.411
403.878 195.686
421.697 56.4674
440.301 177.479
459.727 147.884
480.01 0
501.187 102.744
523.299 97.3321
546.387 0
570.493 0
595.662 0
621.942 0
649.382 0
678.032 106.069
707.946 0
739.18 0
771.792 108.075
805.842 0
841.395 0
878.517 0
917.276 0
957.745 0
1000 0
