# First line is two numbers 
#     First value is '2', it means 'histogram mode'
#     Second value is 'Emin' of the histogram
# Other lines : 2 columns. 1) energy 2) probability (nb divided by NbEvent)
# Number of bins = 480
# Content below the first bin: 0
# Content above the last  bin: 0
# Content above the last  bin: 0
# Number of events: 209000
2 1e-06
1.04412e-06 0
1.09018e-06 0
1.13828e-06 0
1.1885e-06 0
1.24094e-06 0
1.29569e-06 0
1.35285e-06 0
1.41254e-06 0
1.47486e-06 0
1.53993e-06 0
1.60787e-06 0
1.6788e-06 0
1.75287e-06 0
1.83021e-06 0
1.91095e-06 0
1.99526e-06 0
2.08329e-06 0
2.1752e-06 0
2.27117e-06 0
2.37137e-06 0
2.476e-06 0
2.58523e-06 0
2.69929e-06 0
2.81838e-06 0
2.94273e-06 0
3.07256e-06 0
3.20812e-06 0
3.34965e-06 0
3.49744e-06 0
3.65174e-06 0
3.81285e-06 0
3.98107e-06 0
4.15671e-06 0
4.3401e-06 0
4.53158e-06 0
4.73151e-06 0
4.94026e-06 0
5.15822e-06 0
5.3858e-06 0
5.62341e-06 0
5.87151e-06 0
6.13056e-06 0
6.40103e-06 0
6.68344e-06 0
6.97831e-06 0
7.28618e-06 0
7.60764e-06 0
7.94328e-06 0
8.29373e-06 0
8.65964e-06 0
9.0417e-06 0
9.44061e-06 0
9.85712e-06 0
1.0292e-05 0
1.07461e-05 0
1.12202e-05 0
1.17152e-05 0
1.22321e-05 0
1.27717e-05 0
1.33352e-05 0
1.39236e-05 0
1.45378e-05 0
1.51792e-05 0
1.58489e-05 0
1.65482e-05 0
1.72783e-05 0
1.80406e-05 0
1.88365e-05 0
1.96675e-05 0
2.05353e-05 0
2.14412e-05 0
2.23872e-05 0
2.33749e-05 0
2.44062e-05 0
2.5483e-05 0
2.66073e-05 0
2.77811e-05 0
2.90068e-05 0
3.02866e-05 0
3.16228e-05 0
3.30179e-05 0
3.44747e-05 0
3.59956e-05 0
3.75837e-05 0
3.92419e-05 0
4.09732e-05 0
4.27809e-05 0
4.46684e-05 0
4.66391e-05 0
4.86968e-05 0
5.08452e-05 0
5.30884e-05 0
5.54307e-05 0
5.78762e-05 0
6.04296e-05 0
6.30957e-05 0
6.58795e-05 0
6.8786e-05 0
7.18208e-05 0
7.49894e-05 0
7.82979e-05 0
8.17523e-05 0
8.53591e-05 0
8.91251e-05 0
9.30572e-05 0
9.71628e-05 0
0.00010145 0
0.000105925 0
0.000110599 0
0.000115478 0
0.000120573 0
0.000125893 0
0.000131447 0
0.000137246 1
0.000143301 0
0.000149624 0
0.000156225 0
0.000163117 0
0.000170314 0
0.000177828 0
0.000185674 0
0.000193865 0
0.000202418 0
0.000211349 0
0.000220673 0
0.000230409 0
0.000240575 0
0.000251189 0
0.000262271 0
0.000273842 0
0.000285924 0
0.000298538 1
0.000311709 0
0.000325462 0
0.000339821 0
0.000354813 0
0.000370467 0
0.000386812 0
0.000403878 0
0.000421697 0
0.000440301 0
0.000459727 0
0.00048001 0
0.000501187 0
0.000523299 1
0.000546387 0
0.000570493 0
0.000595662 0
0.000621942 0
0.000649382 2
0.000678032 0
0.000707946 0
0.00073918 0
0.000771792 0
0.000805842 0
0.000841395 0
0.000878517 0
0.000917276 0
0.000957745 0
0.001 0
0.00104412 0
0.00109018 0
0.00113828 0
0.0011885 0
0.00124094 0
0.00129569 0
0.00135285 0
0.00141254 0
0.00147486 0
0.00153993 0
0.00160787 2
0.0016788 0
0.00175287 1
0.00183021 0
0.00191095 0
0.00199526 1
0.00208329 0
0.0021752 0
0.00227117 1
0.00237137 2
0.002476 1
0.00258523 0
0.00269929 0
0.00281838 1
0.00294273 0
0.00307256 1
0.00320812 1
0.00334965 2
0.00349744 1
0.00365174 1
0.00381285 1
0.00398107 1
0.00415671 2
0.0043401 3
0.00453158 1
0.00473151 5
0.00494026 1
0.00515822 2
0.0053858 4
0.00562341 1
0.00587151 3
0.00613056 1
0.00640103 1
0.00668344 3
0.00697831 5
0.00728618 4
0.00760764 4
0.00794328 9
0.00829373 7
0.00865964 5
0.0090417 4
0.00944061 5
0.00985712 10
0.010292 5
0.0107461 16
0.0112202 10
0.0117152 10
0.0122321 17
0.0127717 13
0.0133352 13
0.0139236 17
0.0145378 15
0.0151792 16
0.0158489 17
0.0165482 18
0.0172783 20
0.0180406 19
0.0188365 19
0.0196675 23
0.0205353 38
0.0214412 32
0.0223872 26
0.0233749 32
0.0244062 47
0.025483 36
0.0266073 24
0.0277811 51
0.0290068 56
0.0302866 48
0.0316228 46
0.0330179 55
0.0344747 66
0.0359956 57
0.0375837 63
0.0392419 78
0.0409732 61
0.0427809 68
0.0446684 82
0.0466391 87
0.0486968 97
0.0508452 93
0.0530884 98
0.0554307 86
0.0578762 116
0.0604296 127
0.0630957 120
0.0658795 128
0.068786 143
0.0718208 145
0.0749894 132
0.0782979 154
0.0817523 165
0.0853591 150
0.0891251 187
0.0930572 195
0.0971628 213
0.10145 188
0.105925 185
0.110599 198
0.115478 230
0.120573 221
0.125893 231
0.131447 241
0.137246 250
0.143301 211
0.149624 224
0.156225 249
0.163117 249
0.170314 242
0.177828 245
0.185674 285
0.193865 276
0.202418 292
0.211349 282
0.220673 282
0.230409 285
0.240575 316
0.251189 291
0.262271 286
0.273842 318
0.285924 297
0.298538 308
0.311709 282
0.325462 321
0.339821 295
0.354813 297
0.370467 308
0.386812 315
0.403878 334
0.421697 304
0.440301 320
0.459727 324
0.48001 323
0.501187 308
0.523299 337
0.546387 308
0.570493 282
0.595662 332
0.621942 289
0.649382 280
0.678032 262
0.707946 278
0.73918 275
0.771792 251
0.805842 246
0.841395 255
0.878517 237
0.917276 212
0.957745 208
1 229
1.04412 191
1.09018 163
1.13828 197
1.1885 164
1.24094 156
1.29569 148
1.35285 124
1.41254 134
1.47486 135
1.53993 117
1.60787 98
1.6788 111
1.75287 121
1.83021 78
1.91095 92
1.99526 96
2.08329 89
2.1752 79
2.27117 93
2.37137 82
2.476 77
2.58523 82
2.69929 84
2.81838 91
2.94273 75
3.07256 72
3.20812 60
3.34965 72
3.49744 58
3.65174 61
3.81285 72
3.98107 56
4.15671 57
4.3401 57
4.53158 52
4.73151 42
4.94026 34
5.15822 36
5.3858 45
5.62341 46
5.87151 58
6.13056 39
6.40103 39
6.68344 38
6.97831 29
7.28618 38
7.60764 40
7.94328 33
8.29373 33
8.65964 33
9.0417 37
9.44061 42
9.85712 24
10.292 28
10.7461 26
11.2202 30
11.7152 31
12.2321 28
12.7717 32
13.3352 28
13.9236 35
14.5378 26
15.1792 34
15.8489 24
16.5482 28
17.2783 32
18.0406 20
18.8365 34
19.6675 32
20.5353 31
21.4412 28
22.3872 39
23.3749 32
24.4062 28
25.483 24
26.6073 33
27.7811 39
29.0068 28
30.2866 32
31.6228 37
33.0179 40
34.4747 23
35.9956 41
37.5837 49
39.2419 47
40.9732 30
42.7809 27
44.6684 50
46.6391 41
48.6968 31
50.8452 44
53.0884 48
55.4307 36
57.8762 53
60.4296 49
63.0957 50
65.8795 53
68.786 45
71.8208 43
74.9894 59
78.2979 42
81.7523 42
85.3591 67
89.1251 49
93.0572 65
97.1628 65
101.45 61
105.925 62
110.599 65
115.478 68
120.573 63
125.893 62
131.447 72
137.246 76
143.301 82
149.624 82
156.225 77
163.117 90
170.314 78
177.828 88
185.674 98
193.865 102
202.418 105
211.349 92
220.673 122
230.409 109
240.575 124
251.189 125
262.271 121
273.842 159
285.924 139
298.538 157
311.709 157
325.462 179
339.821 151
354.813 156
370.467 128
386.812 114
403.878 79
421.697 62
440.301 29
459.727 35
480.01 22
501.187 19
523.299 18
546.387 13
570.493 16
595.662 9
621.942 8
649.382 6
678.032 7
707.946 3
739.18 4
771.792 3
805.842 4
841.395 3
878.517 1
917.276 4
957.745 1
1000 1
