# First line is two numbers 
#     First value is '2', it means 'histogram mode'
#     Second value is 'Emin' of the histogram
# Other lines : 2 columns. 1) energy 2) probability (nb divided by NbEvent)
# Number of bins = 480
# Content below the first bin: 0
# Content above the last  bin: 0
# Content above the last  bin: 0
# Number of events: 209000
2 1e-06
1.04412e-06 0
1.09018e-06 0
1.13828e-06 0
1.1885e-06 0
1.24094e-06 0
1.29569e-06 0
1.35285e-06 0
1.41254e-06 0
1.47486e-06 0
1.53993e-06 0
1.60787e-06 0
1.6788e-06 0
1.75287e-06 0
1.83021e-06 0
1.91095e-06 0
1.99526e-06 0
2.08329e-06 0
2.1752e-06 0
2.27117e-06 0
2.37137e-06 0
2.476e-06 0
2.58523e-06 0
2.69929e-06 0
2.81838e-06 0
2.94273e-06 0
3.07256e-06 0
3.20812e-06 0
3.34965e-06 0
3.49744e-06 0
3.65174e-06 0
3.81285e-06 0
3.98107e-06 0
4.15671e-06 0
4.3401e-06 0
4.53158e-06 0
4.73151e-06 0
4.94026e-06 0
5.15822e-06 0
5.3858e-06 0
5.62341e-06 0
5.87151e-06 0
6.13056e-06 0
6.40103e-06 0
6.68344e-06 0
6.97831e-06 0
7.28618e-06 0
7.60764e-06 0
7.94328e-06 0
8.29373e-06 0
8.65964e-06 0
9.0417e-06 0
9.44061e-06 0
9.85712e-06 0
1.0292e-05 0
1.07461e-05 0
1.12202e-05 0
1.17152e-05 0
1.22321e-05 0
1.27717e-05 0
1.33352e-05 0
1.39236e-05 0
1.45378e-05 0
1.51792e-05 0
1.58489e-05 0
1.65482e-05 0
1.72783e-05 0
1.80406e-05 0
1.88365e-05 0
1.96675e-05 0
2.05353e-05 0
2.14412e-05 0
2.23872e-05 0
2.33749e-05 0
2.44062e-05 0
2.5483e-05 0
2.66073e-05 0
2.77811e-05 0
2.90068e-05 0
3.02866e-05 0
3.16228e-05 0
3.30179e-05 0
3.44747e-05 0
3.59956e-05 0
3.75837e-05 0
3.92419e-05 0
4.09732e-05 0
4.27809e-05 0
4.46684e-05 0
4.66391e-05 0
4.86968e-05 0
5.08452e-05 0
5.30884e-05 0
5.54307e-05 0
5.78762e-05 0
6.04296e-05 0
6.30957e-05 0
6.58795e-05 0
6.8786e-05 0
7.18208e-05 0
7.49894e-05 0
7.82979e-05 0
8.17523e-05 0
8.53591e-05 0
8.91251e-05 0
9.30572e-05 0
9.71628e-05 0
0.00010145 0
0.000105925 0
0.000110599 0
0.000115478 0
0.000120573 0
0.000125893 0
0.000131447 0
0.000137246 0
0.000143301 0
0.000149624 0
0.000156225 0
0.000163117 0
0.000170314 0
0.000177828 0
0.000185674 0
0.000193865 0
0.000202418 0
0.000211349 1
0.000220673 0
0.000230409 0
0.000240575 0
0.000251189 0
0.000262271 0
0.000273842 0
0.000285924 0
0.000298538 0
0.000311709 0
0.000325462 0
0.000339821 0
0.000354813 0
0.000370467 0
0.000386812 0
0.000403878 0
0.000421697 0
0.000440301 0
0.000459727 0
0.00048001 0
0.000501187 0
0.000523299 0
0.000546387 0
0.000570493 0
0.000595662 1
0.000621942 0
0.000649382 1
0.000678032 1
0.000707946 0
0.00073918 0
0.000771792 0
0.000805842 0
0.000841395 0
0.000878517 0
0.000917276 0
0.000957745 0
0.001 0
0.00104412 0
0.00109018 0
0.00113828 0
0.0011885 0
0.00124094 0
0.00129569 0
0.00135285 1
0.00141254 0
0.00147486 0
0.00153993 0
0.00160787 1
0.0016788 1
0.00175287 0
0.00183021 0
0.00191095 1
0.00199526 2
0.00208329 0
0.0021752 1
0.00227117 1
0.00237137 1
0.002476 0
0.00258523 0
0.00269929 1
0.00281838 2
0.00294273 1
0.00307256 0
0.00320812 1
0.00334965 1
0.00349744 0
0.00365174 1
0.00381285 4
0.00398107 2
0.00415671 2
0.0043401 0
0.00453158 4
0.00473151 0
0.00494026 2
0.00515822 4
0.0053858 0
0.00562341 0
0.00587151 0
0.00613056 2
0.00640103 3
0.00668344 5
0.00697831 2
0.00728618 8
0.00760764 2
0.00794328 2
0.00829373 3
0.00865964 4
0.0090417 9
0.00944061 9
0.00985712 6
0.010292 9
0.0107461 12
0.0112202 5
0.0117152 8
0.0122321 12
0.0127717 10
0.0133352 12
0.0139236 17
0.0145378 21
0.0151792 18
0.0158489 12
0.0165482 14
0.0172783 23
0.0180406 17
0.0188365 26
0.0196675 29
0.0205353 22
0.0214412 34
0.0223872 28
0.0233749 46
0.0244062 36
0.025483 37
0.0266073 36
0.0277811 41
0.0290068 35
0.0302866 56
0.0316228 66
0.0330179 67
0.0344747 58
0.0359956 61
0.0375837 73
0.0392419 75
0.0409732 59
0.0427809 73
0.0446684 76
0.0466391 88
0.0486968 82
0.0508452 102
0.0530884 89
0.0554307 75
0.0578762 102
0.0604296 122
0.0630957 116
0.0658795 130
0.068786 110
0.0718208 146
0.0749894 174
0.0782979 154
0.0817523 175
0.0853591 162
0.0891251 186
0.0930572 155
0.0971628 192
0.10145 212
0.105925 201
0.110599 188
0.115478 240
0.120573 253
0.125893 227
0.131447 225
0.137246 254
0.143301 223
0.149624 262
0.156225 248
0.163117 252
0.170314 248
0.177828 268
0.185674 240
0.193865 270
0.202418 265
0.211349 260
0.220673 263
0.230409 297
0.240575 300
0.251189 261
0.262271 313
0.273842 331
0.285924 322
0.298538 319
0.311709 317
0.325462 312
0.339821 297
0.354813 325
0.370467 336
0.386812 329
0.403878 320
0.421697 322
0.440301 312
0.459727 337
0.48001 309
0.501187 332
0.523299 311
0.546387 318
0.570493 306
0.595662 332
0.621942 298
0.649382 301
0.678032 288
0.707946 289
0.73918 284
0.771792 288
0.805842 247
0.841395 258
0.878517 219
0.917276 233
0.957745 210
1 189
1.04412 209
1.09018 178
1.13828 187
1.1885 185
1.24094 157
1.29569 152
1.35285 152
1.41254 144
1.47486 127
1.53993 126
1.60787 106
1.6788 98
1.75287 109
1.83021 104
1.91095 112
1.99526 108
2.08329 90
2.1752 88
2.27117 94
2.37137 61
2.476 77
2.58523 77
2.69929 78
2.81838 78
2.94273 76
3.07256 68
3.20812 66
3.34965 71
3.49744 64
3.65174 67
3.81285 55
3.98107 65
4.15671 55
4.3401 54
4.53158 46
4.73151 63
4.94026 56
5.15822 31
5.3858 49
5.62341 52
5.87151 49
6.13056 52
6.40103 39
6.68344 44
6.97831 41
7.28618 30
7.60764 31
7.94328 33
8.29373 46
8.65964 34
9.0417 29
9.44061 34
9.85712 29
10.292 29
10.7461 39
11.2202 21
11.7152 25
12.2321 30
12.7717 24
13.3352 36
13.9236 24
14.5378 33
15.1792 27
15.8489 31
16.5482 27
17.2783 31
18.0406 21
18.8365 21
19.6675 25
20.5353 29
21.4412 24
22.3872 26
23.3749 30
24.4062 29
25.483 19
26.6073 24
27.7811 23
29.0068 30
30.2866 39
31.6228 38
33.0179 33
34.4747 36
35.9956 38
37.5837 38
39.2419 38
40.9732 41
42.7809 43
44.6684 38
46.6391 53
48.6968 40
50.8452 56
53.0884 44
55.4307 59
57.8762 49
60.4296 40
63.0957 46
65.8795 47
68.786 38
71.8208 50
74.9894 67
78.2979 59
81.7523 66
85.3591 67
89.1251 73
93.0572 55
97.1628 58
101.45 58
105.925 69
110.599 74
115.478 56
120.573 85
125.893 77
131.447 77
137.246 74
143.301 84
149.624 73
156.225 86
163.117 79
170.314 93
177.828 90
185.674 91
193.865 102
202.418 102
211.349 111
220.673 120
230.409 112
240.575 135
251.189 132
262.271 133
273.842 137
285.924 160
298.538 159
311.709 151
325.462 147
339.821 141
354.813 126
370.467 145
386.812 115
403.878 68
421.697 53
440.301 40
459.727 38
480.01 20
501.187 25
523.299 9
546.387 10
570.493 8
595.662 7
621.942 3
649.382 8
678.032 5
707.946 6
739.18 4
771.792 3
805.842 3
841.395 2
878.517 1
917.276 1
957.745 1
1000 0
