# First line is two numbers 
#     First value is '2', it means 'histogram mode'
#     Second value is 'Emin' of the histogram
# Other lines : 2 columns. 1) energy 2) probability (nb divided by NbEvent)
# Number of bins = 480
# Content below the first bin: 0
# Content above the last  bin: 176.186
# Content above the last  bin: 176.186
# Number of events: 209000
2 1e-06
1.04412e-06 0
1.09018e-06 0
1.13828e-06 0
1.1885e-06 0
1.24094e-06 0
1.29569e-06 0
1.35285e-06 0
1.41254e-06 0
1.47486e-06 0
1.53993e-06 0
1.60787e-06 0
1.6788e-06 0
1.75287e-06 0
1.83021e-06 0
1.91095e-06 0
1.99526e-06 0
2.08329e-06 0
2.1752e-06 0
2.27117e-06 0
2.37137e-06 0
2.476e-06 0
2.58523e-06 0
2.69929e-06 0
2.81838e-06 0
2.94273e-06 0
3.07256e-06 0
3.20812e-06 0
3.34965e-06 0
3.49744e-06 0
3.65174e-06 0
3.81285e-06 0
3.98107e-06 0
4.15671e-06 0
4.3401e-06 0
4.53158e-06 0
4.73151e-06 0
4.94026e-06 0
5.15822e-06 0
5.3858e-06 0
5.62341e-06 0
5.87151e-06 0
6.13056e-06 0
6.40103e-06 0
6.68344e-06 0
6.97831e-06 0
7.28618e-06 0
7.60764e-06 0
7.94328e-06 0
8.29373e-06 0
8.65964e-06 0
9.0417e-06 0
9.44061e-06 0
9.85712e-06 0
1.0292e-05 0
1.07461e-05 0
1.12202e-05 0
1.17152e-05 0
1.22321e-05 0
1.27717e-05 0
1.33352e-05 0
1.39236e-05 0
1.45378e-05 0
1.51792e-05 0
1.58489e-05 0
1.65482e-05 0
1.72783e-05 0
1.80406e-05 0
1.88365e-05 0
1.96675e-05 0
2.05353e-05 0
2.14412e-05 0
2.23872e-05 0
2.33749e-05 0
2.44062e-05 0
2.5483e-05 0
2.66073e-05 0
2.77811e-05 0
2.90068e-05 0
3.02866e-05 0
3.16228e-05 0
3.30179e-05 0
3.44747e-05 0
3.59956e-05 0
3.75837e-05 0
3.92419e-05 0
4.09732e-05 0
4.27809e-05 0
4.46684e-05 0
4.66391e-05 0
4.86968e-05 0
5.08452e-05 0
5.30884e-05 0
5.54307e-05 0
5.78762e-05 0
6.04296e-05 0
6.30957e-05 0
6.58795e-05 0
6.8786e-05 0
7.18208e-05 0
7.49894e-05 0
7.82979e-05 0
8.17523e-05 0
8.53591e-05 0
8.91251e-05 0
9.30572e-05 0
9.71628e-05 0
0.00010145 0
0.000105925 0
0.000110599 0
0.000115478 0
0.000120573 0
0.000125893 0
0.000131447 0
0.000137246 0
0.000143301 0
0.000149624 0
0.000156225 0
0.000163117 0
0.000170314 0
0.000177828 0
0.000185674 0
0.000193865 0
0.000202418 0
0.000211349 0
0.000220673 0
0.000230409 0
0.000240575 0
0.000251189 0
0.000262271 0
0.000273842 0
0.000285924 0
0.000298538 0
0.000311709 0
0.000325462 0
0.000339821 0
0.000354813 0
0.000370467 0
0.000386812 0
0.000403878 0
0.000421697 0
0.000440301 0
0.000459727 0
0.00048001 0
0.000501187 0
0.000523299 0
0.000546387 0
0.000570493 0
0.000595662 0
0.000621942 0
0.000649382 0
0.000678032 0
0.000707946 0
0.00073918 0
0.000771792 0
0.000805842 0
0.000841395 0
0.000878517 0
0.000917276 89.9083
0.000957745 107.906
0.001 0
0.00104412 60.4112
0.00109018 0
0.00113828 0
0.0011885 0
0.00124094 0
0.00129569 0
0.00135285 0
0.00141254 0
0.00147486 0
0.00153993 83.2467
0.00160787 0
0.0016788 0
0.00175287 114.656
0.00183021 0
0.00191095 412.941
0.00199526 185.806
0.00208329 0
0.0021752 0
0.00227117 234.351
0.00237137 0
0.002476 115.535
0.00258523 0
0.00269929 0
0.00281838 102.136
0.00294273 75.7193
0.00307256 93.3846
0.00320812 0
0.00334965 0
0.00349744 0
0.00365174 81.5915
0.00381285 99.9595
0.00398107 0
0.00415671 271.439
0.0043401 96.4402
0.00453158 62.708
0.00473151 176.039
0.00494026 47.5006
0.00515822 0
0.0053858 365.655
0.00562341 110.455
0.00587151 80.6125
0.00613056 194.462
0.00640103 147.619
0.00668344 382.91
0.00697831 265.465
0.00728618 366.443
0.00760764 99.4363
0.00794328 378.687
0.00829373 558.695
0.00865964 773.868
0.0090417 790.13
0.00944061 700.031
0.00985712 486.969
0.010292 764.031
0.0107461 649.916
0.0112202 523.07
0.0117152 947.127
0.0122321 818.12
0.0127717 833.576
0.0133352 1258.14
0.0139236 447.033
0.0145378 813.094
0.0151792 1418.52
0.0158489 1990.24
0.0165482 1404.94
0.0172783 1718.42
0.0180406 1669.77
0.0188365 1369.44
0.0196675 2344.79
0.0205353 2534.41
0.0214412 2994.02
0.0223872 2728.84
0.0233749 2749.73
0.0244062 3853.3
0.025483 2509.9
0.0266073 2353.13
0.0277811 3213.54
0.0290068 3918.54
0.0302866 4082.88
0.0316228 4111.49
0.0330179 4279.08
0.0344747 6304.02
0.0359956 5454.94
0.0375837 4058.06
0.0392419 5687.66
0.0409732 7236.88
0.0427809 5993.9
0.0446684 7232.64
0.0466391 6487.79
0.0486968 6862.13
0.0508452 8053.68
0.0530884 7990.36
0.0554307 7185.03
0.0578762 10016.5
0.0604296 7933.49
0.0630957 10118.9
0.0658795 10799.6
0.068786 8824.12
0.0718208 12258.9
0.0749894 11331.6
0.0782979 13053
0.0817523 13258.5
0.0853591 11265.9
0.0891251 13701.1
0.0930572 14012.9
0.0971628 13221.3
0.10145 14891.5
0.105925 18749.5
0.110599 16200
0.115478 20117
0.120573 18176.8
0.125893 18461.2
0.131447 18576.6
0.137246 17464
0.143301 20367.9
0.149624 22281.6
0.156225 20059.8
0.163117 21206.7
0.170314 21419.6
0.177828 21972.3
0.185674 22780.1
0.193865 18788.4
0.202418 19441.1
0.211349 23785.5
0.220673 22750.6
0.230409 22874
0.240575 22210.6
0.251189 23319.9
0.262271 22913.2
0.273842 24351
0.285924 25554.7
0.298538 22185.4
0.311709 24927.6
0.325462 24213.1
0.339821 28651.1
0.354813 24604
0.370467 24852.1
0.386812 23964.8
0.403878 25479.2
0.421697 26329.1
0.440301 25543.1
0.459727 24298.2
0.48001 24151
0.501187 26766.3
0.523299 25805.3
0.546387 26543.3
0.570493 25967.6
0.595662 22762.7
0.621942 20178.6
0.649382 22808.7
0.678032 23957.6
0.707946 22795
0.73918 20751.5
0.771792 18102.9
0.805842 20888.8
0.841395 17789.6
0.878517 18720.4
0.917276 19159.8
0.957745 15498.4
1 15544.9
1.04412 16467.6
1.09018 15428.5
1.13828 15966.4
1.1885 13654.7
1.24094 9991.99
1.29569 11537.4
1.35285 10680.4
1.41254 10703.7
1.47486 9091.24
1.53993 8554.57
1.60787 9020.15
1.6788 10243.8
1.75287 8155.39
1.83021 8022.26
1.91095 6379.26
1.99526 7824.87
2.08329 6369.6
2.1752 7130.05
2.27117 6780.77
2.37137 6341.54
2.476 5827.32
2.58523 4890.62
2.69929 5765.41
2.81838 6224.44
2.94273 6562.65
3.07256 6169.32
3.20812 6442.75
3.34965 4924.02
3.49744 3293.26
3.65174 4790.3
3.81285 4529.61
3.98107 4376.1
4.15671 5249.18
4.3401 3812.31
4.53158 4019.11
4.73151 3766.07
4.94026 3416.25
5.15822 2836.71
5.3858 4006.41
5.62341 3689.06
5.87151 3506.36
6.13056 2755.29
6.40103 3369.48
6.68344 3511.85
6.97831 2717.2
7.28618 2801.4
7.60764 2860.77
7.94328 2555.44
8.29373 2908.94
8.65964 2585
9.0417 2269.2
9.44061 2754.82
9.85712 2720.36
10.292 3393.27
10.7461 2457.1
11.2202 2698.19
11.7152 3164.77
12.2321 2372.4
12.7717 2547.66
13.3352 2259.29
13.9236 2278.03
14.5378 2925.76
15.1792 2334.8
15.8489 1977.3
16.5482 1540.05
17.2783 2540.64
18.0406 2714.57
18.8365 2208.25
19.6675 2431.85
20.5353 2396.72
21.4412 2078.1
22.3872 2520.97
23.3749 2540.34
24.4062 2350.96
25.483 3103.47
26.6073 2115.36
27.7811 3241.66
29.0068 2449.85
30.2866 2491.74
31.6228 3565.18
33.0179 3129.86
34.4747 3108.6
35.9956 3011.29
37.5837 3043.28
39.2419 3009.94
40.9732 3310.59
42.7809 3237.43
44.6684 3635.2
46.6391 3924.93
48.6968 4155.64
50.8452 3363.68
53.0884 4221.4
55.4307 3984.55
57.8762 5006.44
60.4296 4918.52
63.0957 3909.58
65.8795 4210.5
68.786 3979.13
71.8208 4165.99
74.9894 4171.54
78.2979 4032.13
81.7523 4580.87
85.3591 4713.56
89.1251 5720.68
93.0572 4857.76
97.1628 4810.32
101.45 5280.71
105.925 5328.87
110.599 5505.99
115.478 5440.99
120.573 6393.73
125.893 5886.6
131.447 5676.48
137.246 5985.53
143.301 5236.44
149.624 6665.17
156.225 6385.9
163.117 6112.09
170.314 6603.84
177.828 8025.25
185.674 8171.29
193.865 9453.37
202.418 7786.97
211.349 8086.55
220.673 9313.2
230.409 8281.07
240.575 8811.82
251.189 9820.15
262.271 10079.3
273.842 10892.5
285.924 13004.4
298.538 11237.3
311.709 12027.3
325.462 10134.4
339.821 13987.6
354.813 13074.2
370.467 10048.8
386.812 7162.62
403.878 5454.56
421.697 4287.64
440.301 3962.43
459.727 1793.51
480.01 1206.26
501.187 2043.25
523.299 1059.22
546.387 1302.59
570.493 998.86
595.662 1358.33
621.942 753.751
649.382 169.321
678.032 387.864
707.946 306.956
739.18 358.788
771.792 584.552
805.842 489.079
841.395 113.189
878.517 71.7957
917.276 0
957.745 97.0804
1000 0
