# First line is two numbers 
#     First value is '2', it means 'histogram mode'
#     Second value is 'Emin' of the histogram
# Other lines : 2 columns. 1) energy 2) probability (nb divided by NbEvent)
# Number of bins = 480
# Content below the first bin: 0
# Content above the last  bin: 0
# Content above the last  bin: 0
# Number of events: 209000
2 1e-06
1.04412e-06 0
1.09018e-06 0
1.13828e-06 0
1.1885e-06 0
1.24094e-06 0
1.29569e-06 0
1.35285e-06 0
1.41254e-06 0
1.47486e-06 0
1.53993e-06 0
1.60787e-06 0
1.6788e-06 0
1.75287e-06 0
1.83021e-06 0
1.91095e-06 0
1.99526e-06 0
2.08329e-06 0
2.1752e-06 0
2.27117e-06 0
2.37137e-06 0
2.476e-06 0
2.58523e-06 0
2.69929e-06 0
2.81838e-06 0
2.94273e-06 0
3.07256e-06 0
3.20812e-06 0
3.34965e-06 0
3.49744e-06 0
3.65174e-06 0
3.81285e-06 0
3.98107e-06 0
4.15671e-06 0
4.3401e-06 0
4.53158e-06 0
4.73151e-06 0
4.94026e-06 0
5.15822e-06 0
5.3858e-06 0
5.62341e-06 0
5.87151e-06 0
6.13056e-06 0
6.40103e-06 0
6.68344e-06 0
6.97831e-06 0
7.28618e-06 0
7.60764e-06 0
7.94328e-06 0
8.29373e-06 0
8.65964e-06 0
9.0417e-06 0
9.44061e-06 0
9.85712e-06 0
1.0292e-05 0
1.07461e-05 0
1.12202e-05 0
1.17152e-05 0
1.22321e-05 0
1.27717e-05 0
1.33352e-05 0
1.39236e-05 0
1.45378e-05 0
1.51792e-05 0
1.58489e-05 0
1.65482e-05 0
1.72783e-05 0
1.80406e-05 0
1.88365e-05 0
1.96675e-05 0
2.05353e-05 0
2.14412e-05 0
2.23872e-05 0
2.33749e-05 0
2.44062e-05 0
2.5483e-05 0
2.66073e-05 0
2.77811e-05 0
2.90068e-05 0
3.02866e-05 0
3.16228e-05 0
3.30179e-05 0
3.44747e-05 0
3.59956e-05 0
3.75837e-05 0
3.92419e-05 0
4.09732e-05 0
4.27809e-05 0
4.46684e-05 0
4.66391e-05 0
4.86968e-05 0
5.08452e-05 0
5.30884e-05 0
5.54307e-05 0
5.78762e-05 0
6.04296e-05 0
6.30957e-05 0
6.58795e-05 0
6.8786e-05 0
7.18208e-05 0
7.49894e-05 0
7.82979e-05 0
8.17523e-05 0
8.53591e-05 0
8.91251e-05 0
9.30572e-05 0
9.71628e-05 0
0.00010145 0
0.000105925 0
0.000110599 0
0.000115478 0
0.000120573 0
0.000125893 0
0.000131447 0
0.000137246 0
0.000143301 0
0.000149624 0
0.000156225 0
0.000163117 0
0.000170314 0
0.000177828 0
0.000185674 0
0.000193865 0
0.000202418 0
0.000211349 0
0.000220673 0
0.000230409 0
0.000240575 0
0.000251189 0
0.000262271 0
0.000273842 0
0.000285924 0
0.000298538 0
0.000311709 0
0.000325462 0
0.000339821 0
0.000354813 0
0.000370467 0
0.000386812 0
0.000403878 0
0.000421697 0
0.000440301 0
0.000459727 0
0.00048001 0
0.000501187 0
0.000523299 0
0.000546387 87.4487
0.000570493 0
0.000595662 0
0.000621942 0
0.000649382 67.4981
0.000678032 0
0.000707946 0
0.00073918 0
0.000771792 0
0.000805842 0
0.000841395 0
0.000878517 0
0.000917276 0
0.000957745 0
0.001 0
0.00104412 0
0.00109018 0
0.00113828 0
0.0011885 0
0.00124094 0
0.00129569 0
0.00135285 0
0.00141254 0
0.00147486 109.606
0.00153993 0
0.00160787 0
0.0016788 0
0.00175287 0
0.00183021 0
0.00191095 0
0.00199526 0
0.00208329 0
0.0021752 0
0.00227117 0
0.00237137 0
0.002476 0
0.00258523 0
0.00269929 102.147
0.00281838 0
0.00294273 376.646
0.00307256 0
0.00320812 0
0.00334965 0
0.00349744 101.739
0.00365174 312.465
0.00381285 190.667
0.00398107 189.788
0.00415671 113.232
0.0043401 0
0.00453158 0
0.00473151 185.61
0.00494026 196.209
0.00515822 84.5765
0.0053858 47.6419
0.00562341 164.099
0.00587151 128.561
0.00613056 115.431
0.00640103 54.5505
0.00668344 488.722
0.00697831 0
0.00728618 211.173
0.00760764 169.809
0.00794328 149.776
0.00829373 387.995
0.00865964 249.979
0.0090417 189.574
0.00944061 198.836
0.00985712 117.396
0.010292 76.6758
0.0107461 126.23
0.0112202 135.825
0.0117152 505.497
0.0122321 630.646
0.0127717 779.174
0.0133352 343.173
0.0139236 570.339
0.0145378 672.174
0.0151792 763.098
0.0158489 472.393
0.0165482 552.446
0.0172783 788.544
0.0180406 362.372
0.0188365 1026.17
0.0196675 939.38
0.0205353 1050.25
0.0214412 1393.84
0.0223872 974.57
0.0233749 1379.2
0.0244062 1026.29
0.025483 1455.41
0.0266073 1197.14
0.0277811 2199.47
0.0290068 2204.65
0.0302866 1642.14
0.0316228 1336.01
0.0330179 1165.21
0.0344747 2398.59
0.0359956 1164.5
0.0375837 2352.28
0.0392419 2825.64
0.0409732 2693.3
0.0427809 2464.85
0.0446684 2027.7
0.0466391 3125.81
0.0486968 3567.73
0.0508452 3442.76
0.0530884 2982.77
0.0554307 3868.31
0.0578762 3632.69
0.0604296 3839.04
0.0630957 5488.23
0.0658795 5810.97
0.068786 4670.01
0.0718208 4550.3
0.0749894 5367.93
0.0782979 8385.02
0.0817523 5671.24
0.0853591 6633.1
0.0891251 7751.56
0.0930572 6928.62
0.0971628 6527.32
0.10145 7963.72
0.105925 7929.53
0.110599 8317.36
0.115478 7544.51
0.120573 9713.06
0.125893 8458.87
0.131447 9216.86
0.137246 10435.8
0.143301 9509.45
0.149624 8681.93
0.156225 10323.4
0.163117 10013.7
0.170314 9297.73
0.177828 8688.3
0.185674 13403.1
0.193865 8168.37
0.202418 11837.8
0.211349 10954.1
0.220673 9481.52
0.230409 10156.2
0.240575 9708.67
0.251189 12157.4
0.262271 10464.5
0.273842 11489.6
0.285924 11651.5
0.298538 11216.3
0.311709 10069
0.325462 10590.2
0.339821 13415.6
0.354813 12430
0.370467 11975.5
0.386812 13886.4
0.403878 12487.8
0.421697 13284.2
0.440301 11409.7
0.459727 12874.9
0.48001 12249.4
0.501187 11943.7
0.523299 12568.4
0.546387 9824.74
0.570493 13338
0.595662 11151.5
0.621942 11971.7
0.649382 8594.58
0.678032 10748.6
0.707946 11762.7
0.73918 9691.43
0.771792 9799.19
0.805842 8810.74
0.841395 10491.8
0.878517 7752.11
0.917276 9744.36
0.957745 7845.88
1 8253.43
1.04412 7451.08
1.09018 6692.23
1.13828 7083.88
1.1885 8162.51
1.24094 5297.6
1.29569 5671.33
1.35285 6181.36
1.41254 4870.03
1.47486 5801.54
1.53993 4550.98
1.60787 5244.79
1.6788 4283.63
1.75287 3102.28
1.83021 3626.36
1.91095 3678.11
1.99526 4102.8
2.08329 2976.96
2.1752 2575.67
2.27117 2890.06
2.37137 3817.04
2.476 3316.58
2.58523 3211.11
2.69929 3004.08
2.81838 3254.77
2.94273 2908.49
3.07256 2139.82
3.20812 2326.09
3.34965 3358.62
3.49744 2319.73
3.65174 2489.65
3.81285 2715.04
3.98107 2763.66
4.15671 1694.06
4.3401 2048.67
4.53158 1306.4
4.73151 1637.39
4.94026 1876.69
5.15822 1589.12
5.3858 1340.01
5.62341 1301.78
5.87151 1610.57
6.13056 1406.52
6.40103 1560.79
6.68344 1319.48
6.97831 1366.96
7.28618 1046.85
7.60764 1402.71
7.94328 1539.67
8.29373 1881.45
8.65964 1369.72
9.0417 1000.06
9.44061 1080.31
9.85712 1322.55
10.292 1070.86
10.7461 1501.92
11.2202 1143.79
11.7152 922.691
12.2321 753.068
12.7717 1149.07
13.3352 1423.68
13.9236 1462.6
14.5378 861.66
15.1792 1023.87
15.8489 1370.07
16.5482 1170.56
17.2783 959.421
18.0406 1019.47
18.8365 925.676
19.6675 982.562
20.5353 1897.31
21.4412 1484.77
22.3872 834.019
23.3749 1031.24
24.4062 1387.39
25.483 1112.4
26.6073 986.085
27.7811 1178
29.0068 1518.09
30.2866 1080.81
31.6228 1446.39
33.0179 1501.16
34.4747 1550.86
35.9956 940.557
37.5837 732.395
39.2419 1131.14
40.9732 1288.13
42.7809 1754.76
44.6684 1189.89
46.6391 2495.82
48.6968 1454.01
50.8452 1510.12
53.0884 1391.05
55.4307 1356.09
57.8762 2177.74
60.4296 2334.97
63.0957 2235.48
65.8795 1677.33
68.786 2209.5
71.8208 1508.17
74.9894 2373.28
78.2979 1564.26
81.7523 2533.21
85.3591 2014.16
89.1251 1995
93.0572 2071.41
97.1628 1999.43
101.45 1647.36
105.925 2673.76
110.599 2024.07
115.478 2291.8
120.573 1214.31
125.893 1421.53
131.447 2433.59
137.246 2385.86
143.301 1781.81
149.624 2120.58
156.225 2277.81
163.117 2048.53
170.314 1848.73
177.828 963.55
185.674 1885.46
193.865 1695.57
202.418 2799.49
211.349 1623.39
220.673 1959.07
230.409 832.379
240.575 866.483
251.189 1711.03
262.271 511.839
273.842 1096.19
285.924 714.889
298.538 1506.39
311.709 1270.62
325.462 1285.43
339.821 1074.46
354.813 1150.43
370.467 145.805
386.812 262.901
403.878 622.85
421.697 272.789
440.301 532.288
459.727 212.84
480.01 267.779
501.187 184.587
523.299 175.35
546.387 403.87
570.493 119.755
595.662 358.538
621.942 112.666
649.382 0
678.032 104.315
707.946 78.621
739.18 0
771.792 87.8712
805.842 0
841.395 0
878.517 0
917.276 0
957.745 80.9912
1000 0
