# First line is two numbers 
#     First value is '2', it means 'histogram mode'
#     Second value is 'Emin' of the histogram
# Other lines : 2 columns. 1) energy 2) probability (nb divided by NbEvent)
# Number of bins = 480
# Content below the first bin: 0
# Content above the last  bin: 0
# Content above the last  bin: 0
# Number of events: 209000
2 1e-06
1.04412e-06 0
1.09018e-06 0
1.13828e-06 0
1.1885e-06 0
1.24094e-06 0
1.29569e-06 0
1.35285e-06 0
1.41254e-06 0
1.47486e-06 0
1.53993e-06 0
1.60787e-06 0
1.6788e-06 0
1.75287e-06 0
1.83021e-06 0
1.91095e-06 0
1.99526e-06 0
2.08329e-06 0
2.1752e-06 0
2.27117e-06 0
2.37137e-06 0
2.476e-06 0
2.58523e-06 0
2.69929e-06 0
2.81838e-06 0
2.94273e-06 0
3.07256e-06 0
3.20812e-06 0
3.34965e-06 0
3.49744e-06 0
3.65174e-06 0
3.81285e-06 0
3.98107e-06 0
4.15671e-06 0
4.3401e-06 0
4.53158e-06 0
4.73151e-06 0
4.94026e-06 0
5.15822e-06 0
5.3858e-06 0
5.62341e-06 0
5.87151e-06 0
6.13056e-06 0
6.40103e-06 0
6.68344e-06 0
6.97831e-06 0
7.28618e-06 0
7.60764e-06 0
7.94328e-06 0
8.29373e-06 0
8.65964e-06 0
9.0417e-06 0
9.44061e-06 0
9.85712e-06 0
1.0292e-05 0
1.07461e-05 0
1.12202e-05 0
1.17152e-05 0
1.22321e-05 0
1.27717e-05 0
1.33352e-05 0
1.39236e-05 0
1.45378e-05 0
1.51792e-05 0
1.58489e-05 0
1.65482e-05 0
1.72783e-05 0
1.80406e-05 0
1.88365e-05 0
1.96675e-05 0
2.05353e-05 0
2.14412e-05 0
2.23872e-05 0
2.33749e-05 0
2.44062e-05 0
2.5483e-05 0
2.66073e-05 0
2.77811e-05 0
2.90068e-05 0
3.02866e-05 0
3.16228e-05 0
3.30179e-05 0
3.44747e-05 0
3.59956e-05 0
3.75837e-05 0
3.92419e-05 0
4.09732e-05 0
4.27809e-05 0
4.46684e-05 0
4.66391e-05 0
4.86968e-05 0
5.08452e-05 0
5.30884e-05 0
5.54307e-05 0
5.78762e-05 0
6.04296e-05 0
6.30957e-05 0
6.58795e-05 0
6.8786e-05 0
7.18208e-05 0
7.49894e-05 0
7.82979e-05 0
8.17523e-05 0
8.53591e-05 0
8.91251e-05 0
9.30572e-05 0
9.71628e-05 0
0.00010145 0
0.000105925 0
0.000110599 0
0.000115478 0
0.000120573 0
0.000125893 0
0.000131447 0
0.000137246 0
0.000143301 0
0.000149624 0
0.000156225 0
0.000163117 0
0.000170314 0
0.000177828 0
0.000185674 0
0.000193865 0
0.000202418 0
0.000211349 0
0.000220673 0
0.000230409 0
0.000240575 0
0.000251189 0
0.000262271 0
0.000273842 0
0.000285924 0
0.000298538 0
0.000311709 0
0.000325462 0
0.000339821 0
0.000354813 0
0.000370467 19.5439
0.000386812 0
0.000403878 0
0.000421697 0
0.000440301 0
0.000459727 0
0.00048001 0
0.000501187 0
0.000523299 0
0.000546387 0
0.000570493 0
0.000595662 0
0.000621942 0
0.000649382 0
0.000678032 0
0.000707946 0
0.00073918 0
0.000771792 0
0.000805842 0
0.000841395 0
0.000878517 0
0.000917276 0
0.000957745 76.8151
0.001 0
0.00104412 0
0.00109018 0
0.00113828 0
0.0011885 0
0.00124094 0
0.00129569 116.026
0.00135285 0
0.00141254 0
0.00147486 0
0.00153993 0
0.00160787 0
0.0016788 0
0.00175287 0
0.00183021 0
0.00191095 0
0.00199526 0
0.00208329 0
0.0021752 0
0.00227117 0
0.00237137 9.02196
0.002476 0
0.00258523 0
0.00269929 0
0.00281838 81.7318
0.00294273 0
0.00307256 223.262
0.00320812 93.2846
0.00334965 0
0.00349744 0
0.00365174 0
0.00381285 0
0.00398107 173.111
0.00415671 0
0.0043401 0
0.00453158 116.029
0.00473151 53.0774
0.00494026 0
0.00515822 279.078
0.0053858 90.7301
0.00562341 75.1627
0.00587151 57.1579
0.00613056 61.0602
0.00640103 37.5213
0.00668344 0
0.00697831 176.185
0.00728618 209.785
0.00760764 85.5639
0.00794328 0
0.00829373 211.494
0.00865964 73.1853
0.0090417 176.624
0.00944061 448.824
0.00985712 378.942
0.010292 193.259
0.0107461 0
0.0112202 446.772
0.0117152 548.257
0.0122321 472.167
0.0127717 342.644
0.0133352 466.867
0.0139236 523.215
0.0145378 201.28
0.0151792 277.244
0.0158489 827.075
0.0165482 606.297
0.0172783 1006.18
0.0180406 1141.92
0.0188365 381.411
0.0196675 1087.34
0.0205353 627.938
0.0214412 1279.64
0.0223872 770.935
0.0233749 1655.32
0.0244062 1338.15
0.025483 1539.89
0.0266073 1418.87
0.0277811 1718.8
0.0290068 1605.01
0.0302866 1470.05
0.0316228 1950.26
0.0330179 2569.85
0.0344747 2694.49
0.0359956 2806.74
0.0375837 2219
0.0392419 2926.05
0.0409732 2832.54
0.0427809 2673.5
0.0446684 3617.98
0.0466391 3281.53
0.0486968 2487.12
0.0508452 3089.6
0.0530884 4486.2
0.0554307 3263.62
0.0578762 3111.13
0.0604296 3796.81
0.0630957 5440.86
0.0658795 4662.84
0.068786 4867.23
0.0718208 5434.51
0.0749894 6254.86
0.0782979 5812.61
0.0817523 5459.32
0.0853591 6601.83
0.0891251 7402.05
0.0930572 6696.86
0.0971628 7686.73
0.10145 6193.02
0.105925 7984.95
0.110599 8437.23
0.115478 6918.82
0.120573 6640.65
0.125893 10298.7
0.131447 9101.57
0.137246 9880.84
0.143301 8563.92
0.149624 8603.07
0.156225 8377.09
0.163117 8882.61
0.170314 9929.75
0.177828 9187.71
0.185674 8852.17
0.193865 7858.58
0.202418 11200.6
0.211349 10093.8
0.220673 10761.2
0.230409 11580.2
0.240575 12048.4
0.251189 11130.8
0.262271 13480.3
0.273842 12403.5
0.285924 12268.9
0.298538 9955.23
0.311709 12263.7
0.325462 13114.3
0.339821 11670
0.354813 11606.5
0.370467 12132.8
0.386812 12609.8
0.403878 11533.4
0.421697 11394.5
0.440301 12215.6
0.459727 10605.3
0.48001 10869.9
0.501187 12097.7
0.523299 9976.92
0.546387 11526.5
0.570493 12836.7
0.595662 13047
0.621942 12247.7
0.649382 12201.5
0.678032 11648.2
0.707946 11114.4
0.73918 9937
0.771792 10580.1
0.805842 10278.6
0.841395 9817.28
0.878517 8560.69
0.917276 8842.57
0.957745 8102.78
1 7401.21
1.04412 6377.52
1.09018 7365.7
1.13828 5584.83
1.1885 6403.99
1.24094 5703.14
1.29569 5882.06
1.35285 4594.38
1.41254 4970.32
1.47486 4074.91
1.53993 4231.69
1.60787 5558.64
1.6788 3176.61
1.75287 2896.77
1.83021 4621.57
1.91095 4651.89
1.99526 3703.43
2.08329 3606.3
2.1752 4241.74
2.27117 3014.92
2.37137 3513.26
2.476 2955.06
2.58523 2878.96
2.69929 3101.99
2.81838 3019.35
2.94273 2365.58
3.07256 3795.19
3.20812 2295.15
3.34965 2653.02
3.49744 2288.08
3.65174 2170.5
3.81285 2716.23
3.98107 1685.81
4.15671 1647.37
4.3401 3149.58
4.53158 2203.07
4.73151 1736.19
4.94026 1780.06
5.15822 1991.73
5.3858 1322.98
5.62341 1791.55
5.87151 1527.22
6.13056 1500.94
6.40103 1883.07
6.68344 840.165
6.97831 1743.83
7.28618 1379.77
7.60764 1320.51
7.94328 1115.56
8.29373 1317.03
8.65964 1435.04
9.0417 1267.43
9.44061 1369.01
9.85712 1343.26
10.292 865.29
10.7461 1285.27
11.2202 1319.92
11.7152 526.92
12.2321 1516.78
12.7717 1064.06
13.3352 1289.24
13.9236 992.263
14.5378 922.304
15.1792 1099.91
15.8489 670.552
16.5482 646.875
17.2783 1184.44
18.0406 968.522
18.8365 1016.56
19.6675 650.841
20.5353 1160.77
21.4412 1478.01
22.3872 1160.11
23.3749 1446.81
24.4062 1256.31
25.483 812.264
26.6073 1315.16
27.7811 1254.99
29.0068 849.995
30.2866 836.089
31.6228 1038.44
33.0179 1640.56
34.4747 1684.06
35.9956 2104.95
37.5837 994.224
39.2419 1720.87
40.9732 1876.33
42.7809 2253.69
44.6684 1220.49
46.6391 1532.79
48.6968 1179.82
50.8452 1391.43
53.0884 1389.63
55.4307 1447.52
57.8762 1712.31
60.4296 2074.06
63.0957 1615.77
65.8795 2078.01
68.786 1528.02
71.8208 2055.62
74.9894 2536.66
78.2979 2180.42
81.7523 1889.54
85.3591 1976.78
89.1251 2291.23
93.0572 2453.92
97.1628 2244.01
101.45 2101.77
105.925 1598.18
110.599 2730.06
115.478 2129.97
120.573 1626.07
125.893 2261.22
131.447 1989.7
137.246 1633.18
143.301 1692.05
149.624 2105.12
156.225 2491.59
163.117 2402.86
170.314 1581.49
177.828 1295.96
185.674 1888.83
193.865 1421.56
202.418 1186.48
211.349 1577.58
220.673 1659.67
230.409 1620.24
240.575 1088.76
251.189 2081.22
262.271 952.087
273.842 1093.1
285.924 1390.73
298.538 936.79
311.709 406.965
325.462 585.001
339.821 1341.44
354.813 1241.37
370.467 691.519
386.812 598.636
403.878 255.185
421.697 114.902
440.301 254.926
459.727 154.968
480.01 157.931
501.187 261.698
523.299 0
546.387 0
570.493 200.419
595.662 202.044
621.942 0
649.382 0
678.032 0
707.946 108.582
739.18 100.04
771.792 0
805.842 0
841.395 0
878.517 0
917.276 0
957.745 0
1000 0
