# First line is two numbers 
#     First value is '2', it means 'histogram mode'
#     Second value is 'Emin' of the histogram
# Other lines : 2 columns. 1) energy 2) probability (nb divided by NbEvent)
# Number of bins = 480
# Content below the first bin: 0
# Content above the last  bin: 0
# Content above the last  bin: 0
# Number of events: 209000
2 1e-06
1.04412e-06 0
1.09018e-06 0
1.13828e-06 0
1.1885e-06 0
1.24094e-06 0
1.29569e-06 0
1.35285e-06 0
1.41254e-06 0
1.47486e-06 0
1.53993e-06 0
1.60787e-06 0
1.6788e-06 0
1.75287e-06 0
1.83021e-06 0
1.91095e-06 0
1.99526e-06 0
2.08329e-06 0
2.1752e-06 0
2.27117e-06 0
2.37137e-06 0
2.476e-06 0
2.58523e-06 0
2.69929e-06 0
2.81838e-06 0
2.94273e-06 0
3.07256e-06 0
3.20812e-06 0
3.34965e-06 0
3.49744e-06 0
3.65174e-06 0
3.81285e-06 0
3.98107e-06 0
4.15671e-06 0
4.3401e-06 0
4.53158e-06 0
4.73151e-06 0
4.94026e-06 0
5.15822e-06 0
5.3858e-06 0
5.62341e-06 0
5.87151e-06 0
6.13056e-06 0
6.40103e-06 0
6.68344e-06 0
6.97831e-06 0
7.28618e-06 0
7.60764e-06 0
7.94328e-06 0
8.29373e-06 0
8.65964e-06 0
9.0417e-06 0
9.44061e-06 0
9.85712e-06 0
1.0292e-05 0
1.07461e-05 0
1.12202e-05 0
1.17152e-05 0
1.22321e-05 0
1.27717e-05 0
1.33352e-05 0
1.39236e-05 0
1.45378e-05 0
1.51792e-05 0
1.58489e-05 0
1.65482e-05 0
1.72783e-05 0
1.80406e-05 0
1.88365e-05 0
1.96675e-05 0
2.05353e-05 0
2.14412e-05 0
2.23872e-05 0
2.33749e-05 0
2.44062e-05 0
2.5483e-05 0
2.66073e-05 0
2.77811e-05 0
2.90068e-05 0
3.02866e-05 0
3.16228e-05 0
3.30179e-05 0
3.44747e-05 0
3.59956e-05 0
3.75837e-05 0
3.92419e-05 0
4.09732e-05 0
4.27809e-05 0
4.46684e-05 0
4.66391e-05 0
4.86968e-05 0
5.08452e-05 0
5.30884e-05 0
5.54307e-05 0
5.78762e-05 0
6.04296e-05 0
6.30957e-05 0
6.58795e-05 0
6.8786e-05 0
7.18208e-05 0
7.49894e-05 0
7.82979e-05 0
8.17523e-05 0
8.53591e-05 0
8.91251e-05 0
9.30572e-05 0
9.71628e-05 0
0.00010145 0
0.000105925 0
0.000110599 0
0.000115478 0
0.000120573 0
0.000125893 0
0.000131447 0
0.000137246 0
0.000143301 0
0.000149624 0
0.000156225 0
0.000163117 0
0.000170314 0
0.000177828 0
0.000185674 0
0.000193865 0
0.000202418 0
0.000211349 0
0.000220673 0
0.000230409 0
0.000240575 0
0.000251189 0
0.000262271 0
0.000273842 0
0.000285924 0
0.000298538 0
0.000311709 0
0.000325462 0
0.000339821 0
0.000354813 0
0.000370467 0
0.000386812 0
0.000403878 0
0.000421697 0
0.000440301 0
0.000459727 0
0.00048001 0
0.000501187 0
0.000523299 0
0.000546387 0
0.000570493 0
0.000595662 0
0.000621942 0
0.000649382 0
0.000678032 0
0.000707946 0
0.00073918 0
0.000771792 96.8879
0.000805842 0
0.000841395 0
0.000878517 0
0.000917276 0
0.000957745 0
0.001 0
0.00104412 0
0.00109018 0
0.00113828 0
0.0011885 0
0.00124094 0
0.00129569 0
0.00135285 0
0.00141254 0
0.00147486 0
0.00153993 0
0.00160787 0
0.0016788 0
0.00175287 0
0.00183021 0
0.00191095 0
0.00199526 0
0.00208329 0
0.0021752 0
0.00227117 114.645
0.00237137 111.904
0.002476 103.168
0.00258523 99.1964
0.00269929 0
0.00281838 0
0.00294273 121.463
0.00307256 94.7217
0.00320812 258.29
0.00334965 0
0.00349744 0
0.00365174 76.4411
0.00381285 0
0.00398107 0
0.00415671 0
0.0043401 0
0.00453158 102.996
0.00473151 0
0.00494026 29.2228
0.00515822 80.4406
0.0053858 0
0.00562341 231.831
0.00587151 113.56
0.00613056 90.1246
0.00640103 87.2094
0.00668344 236.625
0.00697831 209.489
0.00728618 54.6529
0.00760764 329.243
0.00794328 204.944
0.00829373 68.6305
0.00865964 189.784
0.0090417 0
0.00944061 207.706
0.00985712 79.7152
0.010292 70.5893
0.0107461 294.813
0.0112202 312.373
0.0117152 544.917
0.0122321 340.683
0.0127717 726.548
0.0133352 436.881
0.0139236 401.467
0.0145378 589.844
0.0151792 952.397
0.0158489 457.17
0.0165482 597.817
0.0172783 620.815
0.0180406 790.652
0.0188365 582.895
0.0196675 515.293
0.0205353 931.201
0.0214412 1109.74
0.0223872 601.977
0.0233749 722.036
0.0244062 1120.26
0.025483 1904.94
0.0266073 1612.03
0.0277811 1547.09
0.0290068 1897.31
0.0302866 2587.55
0.0316228 2077.32
0.0330179 2371.41
0.0344747 2867.85
0.0359956 2192.13
0.0375837 2548.42
0.0392419 1638.47
0.0409732 3033.98
0.0427809 2422.59
0.0446684 4597.47
0.0466391 3511.54
0.0486968 3814.06
0.0508452 3964.49
0.0530884 3410.57
0.0554307 3177.77
0.0578762 3325.69
0.0604296 4426.26
0.0630957 5184
0.0658795 5485.38
0.068786 5697.75
0.0718208 4569.58
0.0749894 5681.84
0.0782979 4998.98
0.0817523 5019.41
0.0853591 6254.15
0.0891251 6524.94
0.0930572 7060.82
0.0971628 8244.79
0.10145 6223.91
0.105925 6819.52
0.110599 9202.13
0.115478 7492.06
0.120573 9849.87
0.125893 8194.27
0.131447 7726.92
0.137246 8476.8
0.143301 8330.54
0.149624 9338.49
0.156225 10111.5
0.163117 8551.09
0.170314 10167.5
0.177828 11152.4
0.185674 10487.1
0.193865 8989.86
0.202418 9992.82
0.211349 9202.36
0.220673 10572.5
0.230409 10510.8
0.240575 10709
0.251189 11715.9
0.262271 12439.2
0.273842 9452.42
0.285924 11608.8
0.298538 11652.2
0.311709 12696.7
0.325462 11264.4
0.339821 12872.8
0.354813 11310.3
0.370467 11446.9
0.386812 11132.8
0.403878 11974.4
0.421697 11923.2
0.440301 11285.7
0.459727 11084.9
0.48001 12436.5
0.501187 12415.4
0.523299 12906.2
0.546387 11413.9
0.570493 12042.5
0.595662 11287.1
0.621942 13013.1
0.649382 10374.1
0.678032 11961
0.707946 9357.7
0.73918 11647.9
0.771792 11007.3
0.805842 8421.75
0.841395 7914.05
0.878517 8745.81
0.917276 7447.9
0.957745 7796.63
1 6416.02
1.04412 8868.09
1.09018 7476.08
1.13828 5710.19
1.1885 6593.63
1.24094 6251.79
1.29569 6406.36
1.35285 5292.26
1.41254 4333.46
1.47486 4529.44
1.53993 4938.16
1.60787 4605.31
1.6788 3879.1
1.75287 4088.13
1.83021 3700.18
1.91095 4118.29
1.99526 3594.06
2.08329 4033.79
2.1752 2920.66
2.27117 2811.05
2.37137 2662.34
2.476 4098.89
2.58523 2550.1
2.69929 3174.31
2.81838 2879.49
2.94273 3159.35
3.07256 3753.62
3.20812 3726.75
3.34965 2667.05
3.49744 2369.49
3.65174 1761.37
3.81285 1696.14
3.98107 2659.5
4.15671 2435.61
4.3401 1148.17
4.53158 1874.64
4.73151 2560.11
4.94026 1940.75
5.15822 1691.51
5.3858 1285.21
5.62341 1546.8
5.87151 1455.87
6.13056 1621.41
6.40103 1220
6.68344 930.528
6.97831 1595.47
7.28618 1417.99
7.60764 1258.06
7.94328 1824.08
8.29373 1858.61
8.65964 1510.26
9.0417 1118.23
9.44061 1267.82
9.85712 1127.07
10.292 868.181
10.7461 1286.2
11.2202 1571.76
11.7152 754.934
12.2321 1415.76
12.7717 986.074
13.3352 1378.73
13.9236 1096.65
14.5378 767.862
15.1792 707.252
15.8489 775.845
16.5482 1323.22
17.2783 875.644
18.0406 1075.95
18.8365 1066.13
19.6675 914.415
20.5353 1139.58
21.4412 907.974
22.3872 913.476
23.3749 629.113
24.4062 1487.56
25.483 1460.68
26.6073 1782.76
27.7811 725.444
29.0068 1169.77
30.2866 1262.03
31.6228 1406.82
33.0179 1474.54
34.4747 1304.51
35.9956 1307.19
37.5837 1514.97
39.2419 1822.95
40.9732 1209.67
42.7809 1273.95
44.6684 1418.65
46.6391 1393.24
48.6968 1655.17
50.8452 1397.23
53.0884 1659.57
55.4307 2358.04
57.8762 1509.16
60.4296 2008.15
63.0957 2499.39
65.8795 1702.19
68.786 1832.59
71.8208 1995.9
74.9894 1383.35
78.2979 1909.31
81.7523 1650.95
85.3591 1593.36
89.1251 1683.76
93.0572 2463.84
97.1628 1812.33
101.45 1952.13
105.925 1629.59
110.599 1372.59
115.478 2396.94
120.573 2101.39
125.893 1644.2
131.447 2302.61
137.246 1867.38
143.301 2365.67
149.624 2012.35
156.225 2030.88
163.117 2989.76
170.314 2082.82
177.828 2196.2
185.674 2361.41
193.865 2996.57
202.418 1857.43
211.349 1198.12
220.673 1925.09
230.409 1581.74
240.575 1169.91
251.189 1546.96
262.271 1043.86
273.842 900
285.924 913.83
298.538 1248.13
311.709 693.724
325.462 1556.45
339.821 439.722
354.813 1094.54
370.467 328.03
386.812 360.737
403.878 513.617
421.697 496.568
440.301 314.044
459.727 323.826
480.01 91.9209
501.187 86.3801
523.299 185.152
546.387 164.838
570.493 43.8719
595.662 142.243
621.942 122.079
649.382 0
678.032 53.8614
707.946 86.1405
739.18 90.7553
771.792 0
805.842 106.497
841.395 0
878.517 0
917.276 0
957.745 64.6066
1000 0
