# First line is two numbers 
#     First value is '2', it means 'histogram mode'
#     Second value is 'Emin' of the histogram
# Other lines : 2 columns. 1) energy 2) probability (nb divided by NbEvent)
# Number of bins = 480
# Content below the first bin: 0
# Content above the last  bin: 0
# Content above the last  bin: 0
# Number of events: 209000
2 1e-06
1.04412e-06 0
1.09018e-06 0
1.13828e-06 0
1.1885e-06 0
1.24094e-06 0
1.29569e-06 0
1.35285e-06 0
1.41254e-06 0
1.47486e-06 0
1.53993e-06 0
1.60787e-06 0
1.6788e-06 0
1.75287e-06 0
1.83021e-06 0
1.91095e-06 0
1.99526e-06 0
2.08329e-06 0
2.1752e-06 0
2.27117e-06 0
2.37137e-06 0
2.476e-06 0
2.58523e-06 0
2.69929e-06 0
2.81838e-06 0
2.94273e-06 0
3.07256e-06 0
3.20812e-06 0
3.34965e-06 0
3.49744e-06 0
3.65174e-06 0
3.81285e-06 0
3.98107e-06 0
4.15671e-06 0
4.3401e-06 0
4.53158e-06 0
4.73151e-06 0
4.94026e-06 0
5.15822e-06 0
5.3858e-06 0
5.62341e-06 0
5.87151e-06 0
6.13056e-06 0
6.40103e-06 0
6.68344e-06 0
6.97831e-06 0
7.28618e-06 0
7.60764e-06 0
7.94328e-06 0
8.29373e-06 0
8.65964e-06 0
9.0417e-06 0
9.44061e-06 0
9.85712e-06 0
1.0292e-05 0
1.07461e-05 0
1.12202e-05 0
1.17152e-05 0
1.22321e-05 0
1.27717e-05 0
1.33352e-05 0
1.39236e-05 0
1.45378e-05 0
1.51792e-05 0
1.58489e-05 0
1.65482e-05 0
1.72783e-05 0
1.80406e-05 0
1.88365e-05 0
1.96675e-05 0
2.05353e-05 0
2.14412e-05 0
2.23872e-05 0
2.33749e-05 0
2.44062e-05 0
2.5483e-05 0
2.66073e-05 0
2.77811e-05 0
2.90068e-05 0
3.02866e-05 0
3.16228e-05 0
3.30179e-05 0
3.44747e-05 0
3.59956e-05 0
3.75837e-05 0
3.92419e-05 0
4.09732e-05 0
4.27809e-05 0
4.46684e-05 0
4.66391e-05 0
4.86968e-05 0
5.08452e-05 0
5.30884e-05 0
5.54307e-05 0
5.78762e-05 0
6.04296e-05 0
6.30957e-05 0
6.58795e-05 0
6.8786e-05 0
7.18208e-05 0
7.49894e-05 0
7.82979e-05 0
8.17523e-05 0
8.53591e-05 0
8.91251e-05 0
9.30572e-05 0
9.71628e-05 0
0.00010145 0
0.000105925 0
0.000110599 0
0.000115478 0
0.000120573 0
0.000125893 0
0.000131447 0
0.000137246 0
0.000143301 0
0.000149624 0
0.000156225 0
0.000163117 0
0.000170314 0
0.000177828 0
0.000185674 0
0.000193865 0
0.000202418 0
0.000211349 0
0.000220673 0
0.000230409 0
0.000240575 0
0.000251189 0
0.000262271 0
0.000273842 0
0.000285924 0
0.000298538 0
0.000311709 0
0.000325462 0
0.000339821 0
0.000354813 0
0.000370467 0
0.000386812 0
0.000403878 0
0.000421697 0
0.000440301 0
0.000459727 0
0.00048001 0
0.000501187 0
0.000523299 0
0.000546387 0
0.000570493 0
0.000595662 0
0.000621942 0
0.000649382 0
0.000678032 0
0.000707946 0
0.00073918 0
0.000771792 0
0.000805842 0
0.000841395 0
0.000878517 0
0.000917276 0
0.000957745 74.9418
0.001 0
0.00104412 0
0.00109018 0
0.00113828 0
0.0011885 0
0.00124094 0
0.00129569 0
0.00135285 0
0.00141254 0
0.00147486 0
0.00153993 0
0.00160787 0
0.0016788 0
0.00175287 0
0.00183021 0
0.00191095 0
0.00199526 0
0.00208329 0
0.0021752 0
0.00227117 0
0.00237137 0
0.002476 0
0.00258523 0
0.00269929 0
0.00281838 0
0.00294273 201.007
0.00307256 0
0.00320812 108.36
0.00334965 0
0.00349744 0
0.00365174 0
0.00381285 108.493
0.00398107 89.4308
0.00415671 0
0.0043401 0
0.00453158 102.428
0.00473151 14.9111
0.00494026 99.3869
0.00515822 0
0.0053858 67.9027
0.00562341 161.8
0.00587151 183.069
0.00613056 108.579
0.00640103 36.0425
0.00668344 162.826
0.00697831 0
0.00728618 146.364
0.00760764 181.231
0.00794328 184.114
0.00829373 0
0.00865964 361.209
0.0090417 152.939
0.00944061 369.679
0.00985712 467.778
0.010292 263.196
0.0107461 601.3
0.0112202 220.353
0.0117152 723.971
0.0122321 376.741
0.0127717 440.847
0.0133352 539.823
0.0139236 454.575
0.0145378 218.687
0.0151792 637.269
0.0158489 387.913
0.0165482 392.882
0.0172783 888.062
0.0180406 1377.13
0.0188365 850.305
0.0196675 1002.06
0.0205353 1216.05
0.0214412 754.638
0.0223872 871.294
0.0233749 1575.69
0.0244062 1263.44
0.025483 1320.3
0.0266073 1225.9
0.0277811 1759.7
0.0290068 1374.06
0.0302866 1386.96
0.0316228 1521.16
0.0330179 2793.94
0.0344747 2195.51
0.0359956 2565.42
0.0375837 2324.93
0.0392419 2181.52
0.0409732 2667.45
0.0427809 2827.9
0.0446684 2926.17
0.0466391 4215.23
0.0486968 4512.73
0.0508452 3331.29
0.0530884 4632.87
0.0554307 4980.7
0.0578762 3999.1
0.0604296 4828.14
0.0630957 4769.47
0.0658795 4655.01
0.068786 5210.9
0.0718208 5204.43
0.0749894 5034.68
0.0782979 5706.24
0.0817523 5773.95
0.0853591 6603.24
0.0891251 6962.62
0.0930572 7119.8
0.0971628 7200.03
0.10145 5635.4
0.105925 7910.46
0.110599 8534.86
0.115478 10045.3
0.120573 8783.57
0.125893 10556.4
0.131447 7854.59
0.137246 7848.81
0.143301 7409.42
0.149624 7767.82
0.156225 11200.1
0.163117 9054.97
0.170314 9845.51
0.177828 10520.4
0.185674 10389.6
0.193865 11341.8
0.202418 10742.8
0.211349 11045.5
0.220673 12233.8
0.230409 11034.8
0.240575 11986.8
0.251189 11993.3
0.262271 11345.4
0.273842 11795.9
0.285924 10514.6
0.298538 12974.7
0.311709 12275.1
0.325462 12239.8
0.339821 11940
0.354813 11757.9
0.370467 13534.1
0.386812 11554.7
0.403878 12707.4
0.421697 12394.6
0.440301 13469.6
0.459727 10545.8
0.48001 11616.6
0.501187 13213.6
0.523299 13909.5
0.546387 13769.1
0.570493 12089.5
0.595662 11842.6
0.621942 12626.6
0.649382 10352.2
0.678032 9587.05
0.707946 10740.6
0.73918 10186.3
0.771792 10758.4
0.805842 10958.3
0.841395 8283.04
0.878517 10568.9
0.917276 8685.56
0.957745 8450.62
1 9084.54
1.04412 7197.16
1.09018 7250.61
1.13828 8683.78
1.1885 7897.47
1.24094 5580.92
1.29569 5460.84
1.35285 5375.95
1.41254 3302.26
1.47486 4112.24
1.53993 4684.64
1.60787 3871.94
1.6788 4368.39
1.75287 3472.1
1.83021 3829.16
1.91095 3987.21
1.99526 3997.11
2.08329 3430.45
2.1752 3157.9
2.27117 2328.5
2.37137 2892.23
2.476 3275.03
2.58523 2611.35
2.69929 3377.11
2.81838 2862.38
2.94273 2464.59
3.07256 3421.83
3.20812 2738.24
3.34965 2010.58
3.49744 1756.93
3.65174 2095.03
3.81285 2003.49
3.98107 2144.72
4.15671 1784.24
4.3401 2724.57
4.53158 2516.27
4.73151 1813.87
4.94026 2511.4
5.15822 1476.62
5.3858 2183.18
5.62341 2320.13
5.87151 1887.99
6.13056 1196.55
6.40103 1270.35
6.68344 1579.85
6.97831 1139.3
7.28618 1130.28
7.60764 1055.21
7.94328 1261.06
8.29373 1405.15
8.65964 1088.66
9.0417 843.01
9.44061 1431.15
9.85712 1272.65
10.292 779.515
10.7461 1333.52
11.2202 1155.84
11.7152 845.865
12.2321 1084.37
12.7717 966.019
13.3352 1662.18
13.9236 1196.05
14.5378 746.693
15.1792 1617.25
15.8489 1113.47
16.5482 1114.31
17.2783 591.84
18.0406 1578.46
18.8365 847.099
19.6675 689.332
20.5353 1621.72
21.4412 874.393
22.3872 1067.15
23.3749 1107.86
24.4062 1703.99
25.483 1282.63
26.6073 791.416
27.7811 1697.61
29.0068 1059.89
30.2866 888.718
31.6228 1626.93
33.0179 1218.17
34.4747 1356.61
35.9956 1230.72
37.5837 1167.08
39.2419 2031.06
40.9732 2042.31
42.7809 2096.34
44.6684 1124.77
46.6391 1285.65
48.6968 1520.88
50.8452 1615.34
53.0884 1700.82
55.4307 1981.85
57.8762 1431.71
60.4296 1387.45
63.0957 2028.51
65.8795 2879.57
68.786 1715.13
71.8208 1705.44
74.9894 2194.73
78.2979 1256.12
81.7523 2031.86
85.3591 1932.57
89.1251 1759.89
93.0572 1891.98
97.1628 2240.31
101.45 2380.29
105.925 1869.16
110.599 2892.87
115.478 2385.75
120.573 1528.26
125.893 1553.52
131.447 2114.32
137.246 1700.37
143.301 1985.89
149.624 1512.87
156.225 2504.63
163.117 2520.94
170.314 1685.77
177.828 1519.18
185.674 1261.03
193.865 1495.13
202.418 1393.71
211.349 1805.47
220.673 1750.26
230.409 1076.47
240.575 864.033
251.189 1314.58
262.271 1156.05
273.842 797.575
285.924 963.918
298.538 1024.66
311.709 667.64
325.462 1221.13
339.821 843.675
354.813 604.1
370.467 310.491
386.812 232.94
403.878 669.146
421.697 475.436
440.301 113.51
459.727 212.458
480.01 252.635
501.187 349.606
523.299 101.465
546.387 170.798
570.493 315.698
595.662 115.528
621.942 67.1343
649.382 0
678.032 0
707.946 174.046
739.18 173.083
771.792 0
805.842 0
841.395 102.156
878.517 0
917.276 0
957.745 0
1000 0
