# First line is two numbers 
#     First value is '2', it means 'histogram mode'
#     Second value is 'Emin' of the histogram
# Other lines : 2 columns. 1) energy 2) probability (nb divided by NbEvent)
# Number of bins = 480
# Content below the first bin: 0
# Content above the last  bin: 0
# Content above the last  bin: 0
# Number of events: 209000
2 1e-06
1.04412e-06 0
1.09018e-06 0
1.13828e-06 0
1.1885e-06 0
1.24094e-06 0
1.29569e-06 0
1.35285e-06 0
1.41254e-06 0
1.47486e-06 0
1.53993e-06 0
1.60787e-06 0
1.6788e-06 0
1.75287e-06 0
1.83021e-06 0
1.91095e-06 0
1.99526e-06 0
2.08329e-06 0
2.1752e-06 0
2.27117e-06 0
2.37137e-06 0
2.476e-06 0
2.58523e-06 0
2.69929e-06 0
2.81838e-06 0
2.94273e-06 0
3.07256e-06 0
3.20812e-06 0
3.34965e-06 0
3.49744e-06 0
3.65174e-06 0
3.81285e-06 0
3.98107e-06 0
4.15671e-06 0
4.3401e-06 0
4.53158e-06 0
4.73151e-06 0
4.94026e-06 0
5.15822e-06 0
5.3858e-06 0
5.62341e-06 0
5.87151e-06 0
6.13056e-06 0
6.40103e-06 0
6.68344e-06 0
6.97831e-06 0
7.28618e-06 0
7.60764e-06 0
7.94328e-06 0
8.29373e-06 0
8.65964e-06 0
9.0417e-06 0
9.44061e-06 0
9.85712e-06 0
1.0292e-05 0
1.07461e-05 0
1.12202e-05 0
1.17152e-05 0
1.22321e-05 0
1.27717e-05 0
1.33352e-05 0
1.39236e-05 0
1.45378e-05 0
1.51792e-05 0
1.58489e-05 0
1.65482e-05 0
1.72783e-05 0
1.80406e-05 0
1.88365e-05 0
1.96675e-05 0
2.05353e-05 0
2.14412e-05 0
2.23872e-05 0
2.33749e-05 0
2.44062e-05 0
2.5483e-05 0
2.66073e-05 0
2.77811e-05 0
2.90068e-05 0
3.02866e-05 0
3.16228e-05 0
3.30179e-05 0
3.44747e-05 0
3.59956e-05 0
3.75837e-05 0
3.92419e-05 0
4.09732e-05 0
4.27809e-05 0
4.46684e-05 0
4.66391e-05 0
4.86968e-05 0
5.08452e-05 0
5.30884e-05 0
5.54307e-05 0
5.78762e-05 0
6.04296e-05 0
6.30957e-05 0
6.58795e-05 0
6.8786e-05 0
7.18208e-05 0
7.49894e-05 0
7.82979e-05 0
8.17523e-05 0
8.53591e-05 0
8.91251e-05 0
9.30572e-05 0
9.71628e-05 0
0.00010145 0
0.000105925 0
0.000110599 0
0.000115478 0
0.000120573 0
0.000125893 0
0.000131447 0
0.000137246 0
0.000143301 0
0.000149624 0
0.000156225 0
0.000163117 0
0.000170314 0
0.000177828 0
0.000185674 0
0.000193865 0
0.000202418 0
0.000211349 0
0.000220673 0
0.000230409 0
0.000240575 0
0.000251189 0
0.000262271 0
0.000273842 0
0.000285924 0
0.000298538 0
0.000311709 0
0.000325462 0
0.000339821 0
0.000354813 0
0.000370467 0
0.000386812 0
0.000403878 0
0.000421697 0
0.000440301 0
0.000459727 0
0.00048001 0
0.000501187 0
0.000523299 0
0.000546387 0
0.000570493 0
0.000595662 0
0.000621942 0
0.000649382 0
0.000678032 0
0.000707946 0
0.00073918 0
0.000771792 0
0.000805842 0
0.000841395 0
0.000878517 0
0.000917276 0
0.000957745 37.0876
0.001 0
0.00104412 0
0.00109018 0
0.00113828 0
0.0011885 0
0.00124094 0
0.00129569 0
0.00135285 0
0.00141254 0
0.00147486 0
0.00153993 105.789
0.00160787 0
0.0016788 0
0.00175287 0
0.00183021 0
0.00191095 118.369
0.00199526 0
0.00208329 0
0.0021752 0
0.00227117 0
0.00237137 0
0.002476 0
0.00258523 0
0.00269929 0
0.00281838 78.6329
0.00294273 91.6457
0.00307256 0
0.00320812 0
0.00334965 96.4057
0.00349744 0
0.00365174 0
0.00381285 0
0.00398107 0
0.00415671 97.8123
0.0043401 0
0.00453158 0
0.00473151 118.758
0.00494026 0
0.00515822 0
0.0053858 0
0.00562341 0
0.00587151 0
0.00613056 0
0.00640103 69.2542
0.00668344 189.943
0.00697831 0
0.00728618 179.727
0.00760764 0
0.00794328 217.176
0.00829373 0
0.00865964 0
0.0090417 97.4397
0.00944061 128.787
0.00985712 196.3
0.010292 200.626
0.0107461 86.0514
0.0112202 0
0.0117152 505.458
0.0122321 174.317
0.0127717 353.122
0.0133352 0
0.0139236 355.667
0.0145378 114.268
0.0151792 436.527
0.0158489 365.324
0.0165482 287.461
0.0172783 454.198
0.0180406 277.218
0.0188365 720.292
0.0196675 249.283
0.0205353 433.244
0.0214412 259.139
0.0223872 453.065
0.0233749 476.459
0.0244062 473.873
0.025483 357.254
0.0266073 980.388
0.0277811 777.572
0.0290068 916.146
0.0302866 511.958
0.0316228 605.244
0.0330179 658.824
0.0344747 807.006
0.0359956 1029.68
0.0375837 985.123
0.0392419 1088.34
0.0409732 1084.32
0.0427809 1562.36
0.0446684 1210.34
0.0466391 841.344
0.0486968 1648.83
0.0508452 2262.32
0.0530884 1669.78
0.0554307 1209.09
0.0578762 1448.06
0.0604296 1903.04
0.0630957 1694.49
0.0658795 1910.3
0.068786 1938.67
0.0718208 2506.08
0.0749894 1998.01
0.0782979 2496.45
0.0817523 2729.03
0.0853591 2690.77
0.0891251 2710.17
0.0930572 3496.24
0.0971628 3686.82
0.10145 3046.73
0.105925 2710.1
0.110599 4153.23
0.115478 3441.4
0.120573 3601.99
0.125893 4524.11
0.131447 4419.66
0.137246 5004.88
0.143301 4070.27
0.149624 3321.77
0.156225 3166.89
0.163117 4785.69
0.170314 4293.5
0.177828 3801.25
0.185674 4081.05
0.193865 5010.57
0.202418 4076.45
0.211349 4394.58
0.220673 3908.68
0.230409 4925.92
0.240575 5229.3
0.251189 4455.82
0.262271 5714
0.273842 4600.7
0.285924 5801.66
0.298538 5131.29
0.311709 5390.49
0.325462 5619.7
0.339821 5673.46
0.354813 5782.02
0.370467 4396.07
0.386812 4049.75
0.403878 5814.8
0.421697 3801.71
0.440301 5108.26
0.459727 5199.25
0.48001 4176.51
0.501187 5526.16
0.523299 6623.66
0.546387 4109.55
0.570493 4227.2
0.595662 4635.07
0.621942 4960.96
0.649382 5344.79
0.678032 3495.78
0.707946 5387.89
0.73918 4548.59
0.771792 3536.99
0.805842 3559.27
0.841395 3706.34
0.878517 3329.21
0.917276 3647.24
0.957745 3658.06
1 3467.32
1.04412 2859.24
1.09018 3144.07
1.13828 2984.34
1.1885 2780.29
1.24094 3507.31
1.29569 1742.77
1.35285 1802.32
1.41254 1526.16
1.47486 1656.33
1.53993 1551.65
1.60787 1588.74
1.6788 2372.26
1.75287 1963.17
1.83021 1875.08
1.91095 1268.43
1.99526 1532.58
2.08329 1115.27
2.1752 1757
2.27117 1344.46
2.37137 1302.6
2.476 1409.13
2.58523 908.612
2.69929 1611.54
2.81838 1304.34
2.94273 831.128
3.07256 1614.65
3.20812 1289.17
3.34965 747.835
3.49744 1340.04
3.65174 1137.78
3.81285 780.718
3.98107 697.792
4.15671 1111.6
4.3401 909.53
4.53158 740.269
4.73151 277.908
4.94026 1288.12
5.15822 491.091
5.3858 372.514
5.62341 913.964
5.87151 871.527
6.13056 758.469
6.40103 868.224
6.68344 408.814
6.97831 427.638
7.28618 652.985
7.60764 765.943
7.94328 61.5583
8.29373 414.563
8.65964 323.312
9.0417 372.688
9.44061 654.769
9.85712 361.14
10.292 567.07
10.7461 624.958
11.2202 470.928
11.7152 463.222
12.2321 395.179
12.7717 439.214
13.3352 306.438
13.9236 874.962
14.5378 252.446
15.1792 486.233
15.8489 578.746
16.5482 521.496
17.2783 755.977
18.0406 145.485
18.8365 725.451
19.6675 233.973
20.5353 470.335
21.4412 585.146
22.3872 492.465
23.3749 266.364
24.4062 300.001
25.483 532.578
26.6073 485.359
27.7811 962.155
29.0068 275.834
30.2866 1051.35
31.6228 325.121
33.0179 581.255
34.4747 675.664
35.9956 558.27
37.5837 1530.55
39.2419 759.187
40.9732 676.164
42.7809 587.154
44.6684 367.539
46.6391 727.128
48.6968 1021
50.8452 821.294
53.0884 518.98
55.4307 1095.24
57.8762 587.659
60.4296 1097.54
63.0957 611.87
65.8795 390.061
68.786 506.666
71.8208 831.498
74.9894 937.079
78.2979 1582.75
81.7523 1030.35
85.3591 726.93
89.1251 486.299
93.0572 1227.1
97.1628 621.33
101.45 1726.09
105.925 700.194
110.599 621.437
115.478 727.953
120.573 508.209
125.893 952.242
131.447 756.805
137.246 928.368
143.301 961.68
149.624 936.547
156.225 1171.85
163.117 967.546
170.314 1395.22
177.828 458.605
185.674 408.437
193.865 736.528
202.418 1064.53
211.349 432.585
220.673 876.808
230.409 615.921
240.575 585.213
251.189 909.169
262.271 397.385
273.842 339.312
285.924 452.146
298.538 579.747
311.709 639.501
325.462 346.007
339.821 118.046
354.813 232.303
370.467 144.672
386.812 116.918
403.878 103.436
421.697 238.963
440.301 109.624
459.727 106.24
480.01 0
501.187 0
523.299 0
546.387 87.0588
570.493 190.845
595.662 0
621.942 0
649.382 0
678.032 0
707.946 0
739.18 0
771.792 0
805.842 0
841.395 0
878.517 0
917.276 0
957.745 0
1000 0
