# First line is two numbers 
#     First value is '2', it means 'histogram mode'
#     Second value is 'Emin' of the histogram
# Other lines : 2 columns. 1) energy 2) probability (nb divided by NbEvent)
# Number of bins = 480
# Content below the first bin: 0
# Content above the last  bin: 0
# Content above the last  bin: 0
# Number of events: 209000
2 1e-06
1.04412e-06 0
1.09018e-06 0
1.13828e-06 0
1.1885e-06 0
1.24094e-06 0
1.29569e-06 0
1.35285e-06 0
1.41254e-06 0
1.47486e-06 0
1.53993e-06 0
1.60787e-06 0
1.6788e-06 0
1.75287e-06 0
1.83021e-06 0
1.91095e-06 0
1.99526e-06 0
2.08329e-06 0
2.1752e-06 0
2.27117e-06 0
2.37137e-06 0
2.476e-06 0
2.58523e-06 0
2.69929e-06 0
2.81838e-06 0
2.94273e-06 0
3.07256e-06 0
3.20812e-06 0
3.34965e-06 0
3.49744e-06 0
3.65174e-06 0
3.81285e-06 0
3.98107e-06 0
4.15671e-06 0
4.3401e-06 0
4.53158e-06 0
4.73151e-06 0
4.94026e-06 0
5.15822e-06 0
5.3858e-06 0
5.62341e-06 0
5.87151e-06 0
6.13056e-06 0
6.40103e-06 0
6.68344e-06 0
6.97831e-06 0
7.28618e-06 0
7.60764e-06 0
7.94328e-06 0
8.29373e-06 0
8.65964e-06 0
9.0417e-06 0
9.44061e-06 0
9.85712e-06 0
1.0292e-05 0
1.07461e-05 0
1.12202e-05 0
1.17152e-05 0
1.22321e-05 0
1.27717e-05 0
1.33352e-05 0
1.39236e-05 0
1.45378e-05 0
1.51792e-05 0
1.58489e-05 0
1.65482e-05 0
1.72783e-05 0
1.80406e-05 0
1.88365e-05 0
1.96675e-05 0
2.05353e-05 0
2.14412e-05 0
2.23872e-05 0
2.33749e-05 0
2.44062e-05 0
2.5483e-05 0
2.66073e-05 0
2.77811e-05 0
2.90068e-05 0
3.02866e-05 0
3.16228e-05 0
3.30179e-05 0
3.44747e-05 0
3.59956e-05 0
3.75837e-05 0
3.92419e-05 0
4.09732e-05 0
4.27809e-05 0
4.46684e-05 0
4.66391e-05 0
4.86968e-05 0
5.08452e-05 0
5.30884e-05 0
5.54307e-05 0
5.78762e-05 0
6.04296e-05 0
6.30957e-05 0
6.58795e-05 0
6.8786e-05 0
7.18208e-05 0
7.49894e-05 0
7.82979e-05 0
8.17523e-05 0
8.53591e-05 0
8.91251e-05 0
9.30572e-05 0
9.71628e-05 0
0.00010145 0
0.000105925 0
0.000110599 0
0.000115478 0
0.000120573 0
0.000125893 0
0.000131447 0
0.000137246 0
0.000143301 0
0.000149624 0
0.000156225 0
0.000163117 0
0.000170314 0
0.000177828 0
0.000185674 0
0.000193865 0
0.000202418 0
0.000211349 0
0.000220673 0
0.000230409 0
0.000240575 0
0.000251189 0
0.000262271 0
0.000273842 0
0.000285924 0
0.000298538 0
0.000311709 0
0.000325462 0
0.000339821 0
0.000354813 0
0.000370467 0
0.000386812 0
0.000403878 0
0.000421697 0
0.000440301 0
0.000459727 0
0.00048001 0
0.000501187 0
0.000523299 0
0.000546387 0
0.000570493 0
0.000595662 0
0.000621942 0
0.000649382 0
0.000678032 85.0368
0.000707946 0
0.00073918 0
0.000771792 0
0.000805842 0
0.000841395 0
0.000878517 0
0.000917276 0
0.000957745 0
0.001 0
0.00104412 0
0.00109018 0
0.00113828 0
0.0011885 0
0.00124094 0
0.00129569 0
0.00135285 0
0.00141254 0
0.00147486 0
0.00153993 0
0.00160787 0
0.0016788 75.3695
0.00175287 0
0.00183021 0
0.00191095 0
0.00199526 0
0.00208329 71.0668
0.0021752 0
0.00227117 0
0.00237137 0
0.002476 0
0.00258523 0
0.00269929 0
0.00281838 34.7108
0.00294273 0
0.00307256 0
0.00320812 0
0.00334965 0
0.00349744 0
0.00365174 0
0.00381285 0
0.00398107 0
0.00415671 88.6202
0.0043401 0
0.00453158 0
0.00473151 0
0.00494026 0
0.00515822 0
0.0053858 0
0.00562341 0
0.00587151 119.705
0.00613056 91.4155
0.00640103 77.1963
0.00668344 0
0.00697831 0
0.00728618 0
0.00760764 0
0.00794328 98.2054
0.00829373 59.0941
0.00865964 0
0.0090417 64.7119
0.00944061 0
0.00985712 145.785
0.010292 222.591
0.0107461 174.435
0.0112202 0
0.0117152 174.974
0.0122321 76.772
0.0127717 154.604
0.0133352 395.74
0.0139236 340.312
0.0145378 244.568
0.0151792 113.499
0.0158489 176.32
0.0165482 802.872
0.0172783 546.957
0.0180406 341.569
0.0188365 244.567
0.0196675 397.121
0.0205353 458.481
0.0214412 141.378
0.0223872 480.481
0.0233749 528.037
0.0244062 583.247
0.025483 629.709
0.0266073 994.611
0.0277811 916.714
0.0290068 953.842
0.0302866 878.409
0.0316228 863.155
0.0330179 208.144
0.0344747 1708.68
0.0359956 1097.9
0.0375837 1431.49
0.0392419 1284.17
0.0409732 1057.37
0.0427809 1631.03
0.0446684 1686.96
0.0466391 1138.67
0.0486968 1387.22
0.0508452 1497.39
0.0530884 1386.93
0.0554307 836.522
0.0578762 2508.25
0.0604296 1984.01
0.0630957 2101.29
0.0658795 2382.47
0.068786 2409.01
0.0718208 2785.01
0.0749894 2625.61
0.0782979 2830.39
0.0817523 2218.03
0.0853591 2699.86
0.0891251 2790.62
0.0930572 3005.16
0.0971628 4293.68
0.10145 3691.8
0.105925 3496.68
0.110599 4301.33
0.115478 3920.98
0.120573 3986.35
0.125893 4182.3
0.131447 4345.26
0.137246 3900.86
0.143301 4542.14
0.149624 5121.43
0.156225 4169.3
0.163117 4820.57
0.170314 4716.22
0.177828 4509.47
0.185674 4537.19
0.193865 3643.61
0.202418 3844.3
0.211349 5520.46
0.220673 4063.39
0.230409 4859.43
0.240575 4595.15
0.251189 5403.87
0.262271 4092.13
0.273842 5488.96
0.285924 5476.24
0.298538 5410.19
0.311709 4748.42
0.325462 5333.71
0.339821 4368.52
0.354813 4769.94
0.370467 5644.98
0.386812 5475.26
0.403878 6603.6
0.421697 5468.09
0.440301 4338.39
0.459727 5647.02
0.48001 5515.41
0.501187 4882.91
0.523299 5304.73
0.546387 3824.24
0.570493 5880.71
0.595662 4053.44
0.621942 4965.05
0.649382 4609.39
0.678032 5644.41
0.707946 5005.34
0.73918 4550.09
0.771792 4768.95
0.805842 4338.53
0.841395 5074.1
0.878517 3258.63
0.917276 3912.56
0.957745 3553.97
1 3183.31
1.04412 2538.38
1.09018 2987.81
1.13828 2225.56
1.1885 2471.03
1.24094 3670.76
1.29569 2677.51
1.35285 1279.62
1.41254 1403.89
1.47486 1441.53
1.53993 1704.05
1.60787 1685.06
1.6788 1729.75
1.75287 932.699
1.83021 1379.2
1.91095 1492.05
1.99526 1536.36
2.08329 1110.4
2.1752 1666.03
2.27117 1403.77
2.37137 830.111
2.476 1262.53
2.58523 728.632
2.69929 1116.45
2.81838 926.897
2.94273 811.153
3.07256 1065.85
3.20812 549.798
3.34965 615.534
3.49744 887.566
3.65174 1103.94
3.81285 575.091
3.98107 1613.28
4.15671 1111.07
4.3401 450.298
4.53158 1080.82
4.73151 552.471
4.94026 714.054
5.15822 628.486
5.3858 627.402
5.62341 978.879
5.87151 357.776
6.13056 223.47
6.40103 336.933
6.68344 495.114
6.97831 959.927
7.28618 444.095
7.60764 651.119
7.94328 485.937
8.29373 419.556
8.65964 546.442
9.0417 476.408
9.44061 760.095
9.85712 419.054
10.292 262.268
10.7461 474.529
11.2202 325.443
11.7152 336.452
12.2321 368.932
12.7717 436.028
13.3352 401.072
13.9236 664.316
14.5378 409.309
15.1792 255.557
15.8489 458.066
16.5482 512.449
17.2783 622.659
18.0406 478.172
18.8365 518.684
19.6675 601.159
20.5353 610.977
21.4412 321.323
22.3872 660.689
23.3749 445.081
24.4062 709.113
25.483 405.742
26.6073 403.835
27.7811 445.266
29.0068 1101.83
30.2866 379.022
31.6228 537.16
33.0179 465.786
34.4747 448.182
35.9956 818.892
37.5837 914.124
39.2419 331.643
40.9732 616.087
42.7809 510.228
44.6684 253.896
46.6391 440.571
48.6968 648.363
50.8452 541.851
53.0884 679.186
55.4307 743.447
57.8762 584.416
60.4296 642.369
63.0957 671.265
65.8795 860.15
68.786 1261.92
71.8208 324.686
74.9894 745.882
78.2979 1116.95
81.7523 937.416
85.3591 615.976
89.1251 1326.63
93.0572 689.111
97.1628 880.621
101.45 1444.67
105.925 1042.9
110.599 894.959
115.478 1099.23
120.573 713.303
125.893 1096.3
131.447 879.296
137.246 940.679
143.301 1097.84
149.624 768.133
156.225 1153.03
163.117 1035.16
170.314 1021.5
177.828 946.994
185.674 622.033
193.865 873.877
202.418 717.872
211.349 425.713
220.673 553.385
230.409 923.431
240.575 456.181
251.189 557.059
262.271 553.427
273.842 222.343
285.924 386.35
298.538 1130.47
311.709 0
325.462 331.472
339.821 459.802
354.813 323.962
370.467 318.569
386.812 247.296
403.878 134.667
421.697 130.121
440.301 80.0422
459.727 238.863
480.01 0
501.187 104.472
523.299 0
546.387 80.083
570.493 0
595.662 0
621.942 0
649.382 118.827
678.032 76.4599
707.946 34.4729
739.18 0
771.792 0
805.842 0
841.395 0
878.517 0
917.276 0
957.745 0
1000 0
