# First line is two numbers 
#     First value is '2', it means 'histogram mode'
#     Second value is 'Emin' of the histogram
# Other lines : 2 columns. 1) energy 2) probability (nb divided by NbEvent)
# Number of bins = 480
# Content below the first bin: 0
# Content above the last  bin: 0
# Content above the last  bin: 0
# Number of events: 400000
2 1e-06
1.04412e-06 0
1.09018e-06 0
1.13828e-06 0
1.1885e-06 0
1.24094e-06 0
1.29569e-06 0
1.35285e-06 0
1.41254e-06 0
1.47486e-06 0
1.53993e-06 0
1.60787e-06 0
1.6788e-06 0
1.75287e-06 0
1.83021e-06 0
1.91095e-06 0
1.99526e-06 0
2.08329e-06 0
2.1752e-06 0
2.27117e-06 0
2.37137e-06 0
2.476e-06 0
2.58523e-06 0
2.69929e-06 0
2.81838e-06 0
2.94273e-06 0
3.07256e-06 0
3.20812e-06 0
3.34965e-06 0
3.49744e-06 0
3.65174e-06 0
3.81285e-06 0
3.98107e-06 0
4.15671e-06 0
4.3401e-06 0
4.53158e-06 0
4.73151e-06 0
4.94026e-06 0
5.15822e-06 0
5.3858e-06 0
5.62341e-06 0
5.87151e-06 0
6.13056e-06 0
6.40103e-06 0
6.68344e-06 0
6.97831e-06 0
7.28618e-06 0
7.60764e-06 0
7.94328e-06 0
8.29373e-06 0
8.65964e-06 0
9.0417e-06 0
9.44061e-06 0
9.85712e-06 0
1.0292e-05 0
1.07461e-05 0
1.12202e-05 0
1.17152e-05 0
1.22321e-05 0
1.27717e-05 0
1.33352e-05 0
1.39236e-05 0
1.45378e-05 0
1.51792e-05 0
1.58489e-05 0
1.65482e-05 0
1.72783e-05 0
1.80406e-05 0
1.88365e-05 0
1.96675e-05 0
2.05353e-05 0
2.14412e-05 0
2.23872e-05 0
2.33749e-05 0
2.44062e-05 0
2.5483e-05 0
2.66073e-05 0
2.77811e-05 0
2.90068e-05 0
3.02866e-05 0
3.16228e-05 0
3.30179e-05 0
3.44747e-05 0
3.59956e-05 0
3.75837e-05 0
3.92419e-05 0
4.09732e-05 0
4.27809e-05 0
4.46684e-05 0
4.66391e-05 0
4.86968e-05 0
5.08452e-05 0
5.30884e-05 0
5.54307e-05 0
5.78762e-05 0
6.04296e-05 0
6.30957e-05 0
6.58795e-05 0
6.8786e-05 0
7.18208e-05 0
7.49894e-05 0
7.82979e-05 0
8.17523e-05 0
8.53591e-05 0
8.91251e-05 0
9.30572e-05 0
9.71628e-05 0
0.00010145 0
0.000105925 0
0.000110599 0
0.000115478 0
0.000120573 0
0.000125893 0
0.000131447 0
0.000137246 0
0.000143301 0
0.000149624 0
0.000156225 0
0.000163117 0
0.000170314 0
0.000177828 0
0.000185674 0
0.000193865 0
0.000202418 0
0.000211349 0
0.000220673 0
0.000230409 0
0.000240575 0
0.000251189 0
0.000262271 0
0.000273842 0
0.000285924 0
0.000298538 0
0.000311709 0
0.000325462 0
0.000339821 0
0.000354813 0
0.000370467 0
0.000386812 0
0.000403878 0
0.000421697 0
0.000440301 0
0.000459727 0
0.00048001 0
0.000501187 0
0.000523299 0
0.000546387 0
0.000570493 0
0.000595662 0
0.000621942 0
0.000649382 0
0.000678032 0
0.000707946 0
0.00073918 0
0.000771792 0
0.000805842 0
0.000841395 0
0.000878517 0
0.000917276 0
0.000957745 0
0.001 0
0.00104412 0
0.00109018 0
0.00113828 0
0.0011885 0
0.00124094 0
0.00129569 0
0.00135285 0
0.00141254 0
0.00147486 0
0.00153993 0
0.00160787 0
0.0016788 0
0.00175287 0
0.00183021 0
0.00191095 0
0.00199526 0
0.00208329 0
0.0021752 0
0.00227117 0
0.00237137 0
0.002476 0
0.00258523 0
0.00269929 0
0.00281838 0
0.00294273 0
0.00307256 0
0.00320812 0
0.00334965 0
0.00349744 0
0.00365174 0
0.00381285 0
0.00398107 0
0.00415671 0
0.0043401 0
0.00453158 0
0.00473151 0
0.00494026 0
0.00515822 0
0.0053858 0
0.00562341 0
0.00587151 0
0.00613056 0
0.00640103 0
0.00668344 0
0.00697831 0
0.00728618 0
0.00760764 0
0.00794328 0
0.00829373 0
0.00865964 0
0.0090417 0
0.00944061 0
0.00985712 62.3453
0.010292 0
0.0107461 0
0.0112202 0
0.0117152 0
0.0122321 0
0.0127717 0
0.0133352 0
0.0139236 0
0.0145378 0
0.0151792 0
0.0158489 0
0.0165482 0
0.0172783 0
0.0180406 86.6927
0.0188365 0
0.0196675 0
0.0205353 0
0.0214412 92.3825
0.0223872 0
0.0233749 0
0.0244062 113.468
0.025483 253.817
0.0266073 0
0.0277811 0
0.0290068 0
0.0302866 0
0.0316228 0
0.0330179 0
0.0344747 0
0.0359956 0
0.0375837 0
0.0392419 0
0.0409732 0
0.0427809 0
0.0446684 0
0.0466391 0
0.0486968 87.1892
0.0508452 28.0528
0.0530884 83.5506
0.0554307 113.906
0.0578762 0
0.0604296 115.857
0.0630957 86.2087
0.0658795 0
0.068786 154.419
0.0718208 72.0963
0.0749894 43.7624
0.0782979 132.524
0.0817523 0
0.0853591 59.2309
0.0891251 0
0.0930572 92.1712
0.0971628 92.7936
0.10145 0
0.105925 69.7587
0.110599 85.2864
0.115478 194.116
0.120573 235.093
0.125893 190.165
0.131447 175.368
0.137246 599.798
0.143301 416.869
0.149624 0
0.156225 0
0.163117 400.53
0.170314 425.864
0.177828 217.731
0.185674 442.746
0.193865 0
0.202418 260.935
0.211349 112.309
0.220673 302.958
0.230409 109.531
0.240575 443.691
0.251189 406.68
0.262271 133.322
0.273842 262.848
0.285924 576.357
0.298538 673.537
0.311709 1476.48
0.325462 705.833
0.339821 293.338
0.354813 1427.89
0.370467 350.738
0.386812 1006.05
0.403878 0
0.421697 374.413
0.440301 552.05
0.459727 688.635
0.48001 1051.97
0.501187 704.656
0.523299 0
0.546387 271.009
0.570493 362.377
0.595662 1106.12
0.621942 900.591
0.649382 1781.17
0.678032 618.453
0.707946 906.557
0.73918 958.839
0.771792 776.008
0.805842 594.422
0.841395 534.372
0.878517 891.201
0.917276 1131.44
0.957745 1459.76
1 670.489
1.04412 662.281
1.09018 530.96
1.13828 1451.43
1.1885 603.221
1.24094 837.441
1.29569 536.752
1.35285 374.573
1.41254 255.137
1.47486 408.79
1.53993 640.493
1.60787 574.307
1.6788 306.438
1.75287 519.105
1.83021 637.429
1.91095 200.941
1.99526 93.8063
2.08329 495.51
2.1752 558.185
2.27117 390.603
2.37137 317.955
2.476 502.925
2.58523 569.329
2.69929 661.076
2.81838 176.676
2.94273 263.591
3.07256 158.334
3.20812 217.513
3.34965 444.872
3.49744 283.468
3.65174 279.895
3.81285 270.249
3.98107 119.017
4.15671 174.939
4.3401 597.558
4.53158 299.437
4.73151 113.52
4.94026 163.356
5.15822 107.095
5.3858 75.367
5.62341 403.25
5.87151 86.2915
6.13056 255.52
6.40103 376.815
6.68344 150.012
6.97831 259.43
7.28618 124.657
7.60764 222.553
7.94328 275.163
8.29373 269.84
8.65964 232.708
9.0417 145.199
9.44061 0
9.85712 72.3254
10.292 315.282
10.7461 188.03
11.2202 159.107
11.7152 360.458
12.2321 279.738
12.7717 206.771
13.3352 341.404
13.9236 87.076
14.5378 223.956
15.1792 189.238
15.8489 0
16.5482 66.0673
17.2783 223.545
18.0406 79.494
18.8365 221.839
19.6675 498.214
20.5353 307.273
21.4412 594.051
22.3872 412.416
23.3749 188.746
24.4062 288.109
25.483 98.7207
26.6073 547.376
27.7811 232.866
29.0068 244.869
30.2866 114.487
31.6228 194.3
33.0179 420.438
34.4747 466.901
35.9956 556.347
37.5837 711.357
39.2419 658.847
40.9732 495.73
42.7809 342.083
44.6684 584.94
46.6391 509.456
48.6968 618.85
50.8452 559.783
53.0884 717.837
55.4307 447.729
57.8762 489.879
60.4296 533.687
63.0957 645.097
65.8795 682.509
68.786 781.276
71.8208 798.336
74.9894 1060.09
78.2979 892.232
81.7523 371.81
85.3591 681.617
89.1251 467.921
93.0572 1164.33
97.1628 929.169
101.45 1021.5
105.925 692.648
110.599 1499.03
115.478 1211.09
120.573 1366.11
125.893 896.115
131.447 1102.07
137.246 2489.19
143.301 1655.35
149.624 3069.69
156.225 1441.71
163.117 1585.29
170.314 2178.58
177.828 2417.25
185.674 1981.92
193.865 2760.47
202.418 2018.99
211.349 3209.82
220.673 3081.37
230.409 3868.19
240.575 4056.02
251.189 4204.64
262.271 3847.39
273.842 4483.57
285.924 3485.69
298.538 3764.79
311.709 3230.61
325.462 2194.15
339.821 1793.45
354.813 778.568
370.467 647.423
386.812 1045.35
403.878 770.843
421.697 424.572
440.301 607.798
459.727 314.321
480.01 542.375
501.187 0
523.299 45.5641
546.387 135.215
570.493 0
595.662 163.746
621.942 99.9337
649.382 0
678.032 0
707.946 0
739.18 0
771.792 118.99
805.842 0
841.395 0
878.517 0
917.276 0
957.745 0
1000 0
