# First line is two numbers 
#     First value is '2', it means 'histogram mode'
#     Second value is 'Emin' of the histogram
# Other lines : 2 columns. 1) energy 2) probability (nb divided by NbEvent)
# Number of bins = 480
# Content below the first bin: 0
# Content above the last  bin: 103.621
# Content above the last  bin: 103.621
# Number of events: 209000
2 1e-06
1.04412e-06 0
1.09018e-06 0
1.13828e-06 0
1.1885e-06 0
1.24094e-06 0
1.29569e-06 0
1.35285e-06 0
1.41254e-06 0
1.47486e-06 0
1.53993e-06 0
1.60787e-06 0
1.6788e-06 0
1.75287e-06 0
1.83021e-06 0
1.91095e-06 0
1.99526e-06 0
2.08329e-06 0
2.1752e-06 0
2.27117e-06 0
2.37137e-06 0
2.476e-06 0
2.58523e-06 0
2.69929e-06 0
2.81838e-06 0
2.94273e-06 0
3.07256e-06 0
3.20812e-06 0
3.34965e-06 0
3.49744e-06 0
3.65174e-06 0
3.81285e-06 0
3.98107e-06 0
4.15671e-06 0
4.3401e-06 0
4.53158e-06 0
4.73151e-06 0
4.94026e-06 0
5.15822e-06 0
5.3858e-06 0
5.62341e-06 0
5.87151e-06 0
6.13056e-06 0
6.40103e-06 0
6.68344e-06 0
6.97831e-06 0
7.28618e-06 0
7.60764e-06 0
7.94328e-06 0
8.29373e-06 0
8.65964e-06 0
9.0417e-06 0
9.44061e-06 0
9.85712e-06 0
1.0292e-05 0
1.07461e-05 0
1.12202e-05 0
1.17152e-05 0
1.22321e-05 0
1.27717e-05 0
1.33352e-05 0
1.39236e-05 0
1.45378e-05 0
1.51792e-05 0
1.58489e-05 0
1.65482e-05 0
1.72783e-05 0
1.80406e-05 0
1.88365e-05 0
1.96675e-05 0
2.05353e-05 0
2.14412e-05 0
2.23872e-05 0
2.33749e-05 0
2.44062e-05 0
2.5483e-05 0
2.66073e-05 0
2.77811e-05 0
2.90068e-05 0
3.02866e-05 0
3.16228e-05 0
3.30179e-05 0
3.44747e-05 0
3.59956e-05 0
3.75837e-05 0
3.92419e-05 0
4.09732e-05 0
4.27809e-05 0
4.46684e-05 0
4.66391e-05 0
4.86968e-05 0
5.08452e-05 0
5.30884e-05 0
5.54307e-05 0
5.78762e-05 0
6.04296e-05 0
6.30957e-05 0
6.58795e-05 0
6.8786e-05 0
7.18208e-05 0
7.49894e-05 0
7.82979e-05 0
8.17523e-05 0
8.53591e-05 0
8.91251e-05 0
9.30572e-05 0
9.71628e-05 0
0.00010145 0
0.000105925 0
0.000110599 0
0.000115478 0
0.000120573 0
0.000125893 0
0.000131447 0
0.000137246 0
0.000143301 108.081
0.000149624 0
0.000156225 0
0.000163117 0
0.000170314 0
0.000177828 0
0.000185674 0
0.000193865 0
0.000202418 0
0.000211349 0
0.000220673 0
0.000230409 0
0.000240575 0
0.000251189 0
0.000262271 0
0.000273842 0
0.000285924 0
0.000298538 0
0.000311709 0
0.000325462 0
0.000339821 0
0.000354813 0
0.000370467 0
0.000386812 0
0.000403878 0
0.000421697 0
0.000440301 0
0.000459727 0
0.00048001 0
0.000501187 0
0.000523299 104.763
0.000546387 0
0.000570493 0
0.000595662 0
0.000621942 0
0.000649382 0
0.000678032 0
0.000707946 0
0.00073918 0
0.000771792 0
0.000805842 0
0.000841395 0
0.000878517 0
0.000917276 0
0.000957745 0
0.001 0
0.00104412 0
0.00109018 28.7717
0.00113828 0
0.0011885 0
0.00124094 0
0.00129569 0
0.00135285 0
0.00141254 0
0.00147486 0
0.00153993 0
0.00160787 0
0.0016788 10.3661
0.00175287 64.7929
0.00183021 0
0.00191095 0
0.00199526 0
0.00208329 0
0.0021752 0
0.00227117 0
0.00237137 97.308
0.002476 80.3314
0.00258523 0
0.00269929 0
0.00281838 0
0.00294273 38.5027
0.00307256 28.4212
0.00320812 84.7712
0.00334965 101.617
0.00349744 0
0.00365174 0
0.00381285 0
0.00398107 69.8542
0.00415671 133.731
0.0043401 84.2156
0.00453158 0
0.00473151 0
0.00494026 0
0.00515822 182.328
0.0053858 255.408
0.00562341 187.705
0.00587151 213.995
0.00613056 0
0.00640103 72.9363
0.00668344 207.62
0.00697831 118.38
0.00728618 66.0249
0.00760764 164.112
0.00794328 151.006
0.00829373 423.771
0.00865964 402.456
0.0090417 439.056
0.00944061 473.126
0.00985712 237.921
0.010292 128.943
0.0107461 44.5525
0.0112202 219.511
0.0117152 475.436
0.0122321 357.494
0.0127717 267.585
0.0133352 892.109
0.0139236 462.027
0.0145378 276.15
0.0151792 954.59
0.0158489 763.034
0.0165482 675.969
0.0172783 860.313
0.0180406 655.412
0.0188365 854.828
0.0196675 762.856
0.0205353 1711.52
0.0214412 1548.13
0.0223872 1106.62
0.0233749 1032.92
0.0244062 1333.34
0.025483 1617.7
0.0266073 1605.73
0.0277811 2399.72
0.0290068 2058.16
0.0302866 1691.98
0.0316228 3106.6
0.0330179 2625.52
0.0344747 2321.42
0.0359956 3142.46
0.0375837 2568.75
0.0392419 3549.34
0.0409732 3589.99
0.0427809 2557.77
0.0446684 2949.39
0.0466391 3442.15
0.0486968 4371.36
0.0508452 2595.74
0.0530884 4759.11
0.0554307 4170.54
0.0578762 4660.86
0.0604296 4714.12
0.0630957 6010.38
0.0658795 4854.77
0.068786 7608.56
0.0718208 5767.53
0.0749894 6389.78
0.0782979 6661.6
0.0817523 5940.41
0.0853591 6190.77
0.0891251 6953.76
0.0930572 7751.81
0.0971628 7195.09
0.10145 8018.34
0.105925 8233.24
0.110599 8805.81
0.115478 9186.89
0.120573 9117.08
0.125893 9637.34
0.131447 11608.8
0.137246 9491.66
0.143301 10263.4
0.149624 9513.64
0.156225 10513.8
0.163117 9356.6
0.170314 11895.4
0.177828 11308
0.185674 12413.1
0.193865 12406.5
0.202418 11541.3
0.211349 12897.6
0.220673 11859.3
0.230409 13124.2
0.240575 10633.5
0.251189 12479.1
0.262271 12313.8
0.273842 14043.8
0.285924 15979.8
0.298538 13648.1
0.311709 12221.3
0.325462 13551.1
0.339821 13451.6
0.354813 13206.8
0.370467 14999.5
0.386812 14065.3
0.403878 14787.5
0.421697 13796.7
0.440301 12983
0.459727 11530.3
0.48001 12478.9
0.501187 11863.6
0.523299 12731.1
0.546387 12147.6
0.570493 12465.7
0.595662 13583.8
0.621942 13116.6
0.649382 11790
0.678032 11766.1
0.707946 12984.6
0.73918 10408.2
0.771792 9504.04
0.805842 11174.7
0.841395 9494.72
0.878517 12451.7
0.917276 10828
0.957745 9906.76
1 10606.3
1.04412 9999.7
1.09018 8417.51
1.13828 6329.91
1.1885 7645.23
1.24094 7026.81
1.29569 6917.03
1.35285 5926
1.41254 5080.96
1.47486 4905.51
1.53993 4553.83
1.60787 4186.67
1.6788 4216.95
1.75287 4870.3
1.83021 5254.19
1.91095 4839.88
1.99526 4735.38
2.08329 3585.98
2.1752 3956.51
2.27117 3341.26
2.37137 2916.47
2.476 3571.77
2.58523 3831.63
2.69929 2755.47
2.81838 2803.86
2.94273 3117.28
3.07256 3174.59
3.20812 2315.99
3.34965 3404.03
3.49744 2325.09
3.65174 2893.1
3.81285 2991.69
3.98107 2767.01
4.15671 2055.66
4.3401 2307.66
4.53158 2667.58
4.73151 2147.12
4.94026 2754.41
5.15822 2398.83
5.3858 1864.28
5.62341 2060.25
5.87151 1325.4
6.13056 2158.78
6.40103 2067.14
6.68344 1427.76
6.97831 1373.84
7.28618 1642.06
7.60764 1651.22
7.94328 2312.59
8.29373 1871.3
8.65964 1409.42
9.0417 2092.49
9.44061 1235.33
9.85712 1557.7
10.292 1850.39
10.7461 1812.54
11.2202 879.101
11.7152 1338.24
12.2321 1056.07
12.7717 1140.04
13.3352 1107.88
13.9236 1253.04
14.5378 992.206
15.1792 1179.88
15.8489 1993.54
16.5482 1126
17.2783 1036.46
18.0406 1413.4
18.8365 807.131
19.6675 681.953
20.5353 1186.17
21.4412 1380.37
22.3872 1059.97
23.3749 1338.47
24.4062 1768.39
25.483 989.961
26.6073 1545.92
27.7811 1700.87
29.0068 1354.42
30.2866 2155.34
31.6228 2269.46
33.0179 1872.3
34.4747 2119.96
35.9956 1854.46
37.5837 1365.69
39.2419 2178.83
40.9732 1497.79
42.7809 1310.44
44.6684 1193.72
46.6391 1500.69
48.6968 1899.91
50.8452 1866.74
53.0884 2052.27
55.4307 1814.41
57.8762 2407.52
60.4296 1886.52
63.0957 2872.95
65.8795 1870.78
68.786 2321.8
71.8208 2523.09
74.9894 2554.08
78.2979 2072.96
81.7523 3425.66
85.3591 2713.31
89.1251 3208.14
93.0572 2756.7
97.1628 2443.68
101.45 3206.2
105.925 2534.27
110.599 2741.42
115.478 2481.02
120.573 3377.43
125.893 3045.74
131.447 3482.2
137.246 3809.21
143.301 3474.18
149.624 3670.83
156.225 3795.35
163.117 4598.64
170.314 3196.99
177.828 3826.73
185.674 4211.69
193.865 3739.38
202.418 4334.28
211.349 4626.62
220.673 5094.86
230.409 4706.82
240.575 4457.09
251.189 4198.46
262.271 5541.99
273.842 4926.82
285.924 6378.67
298.538 5981.62
311.709 4185.21
325.462 4581.37
339.821 3593.5
354.813 5117.89
370.467 3777.48
386.812 2493.35
403.878 3314.91
421.697 2027.54
440.301 1922.64
459.727 1458.98
480.01 1195.68
501.187 896.092
523.299 1005.4
546.387 788.757
570.493 490.192
595.662 343.858
621.942 483.889
649.382 236.888
678.032 189.158
707.946 189.414
739.18 344.909
771.792 328.341
805.842 90.9399
841.395 210.201
878.517 0
917.276 224.115
957.745 113.228
1000 0
