# First line is two numbers 
#     First value is '2', it means 'histogram mode'
#     Second value is 'Emin' of the histogram
# Other lines : 2 columns. 1) energy 2) probability (nb divided by NbEvent)
# Number of bins = 480
# Content below the first bin: 0
# Content above the last  bin: 0
# Content above the last  bin: 0
# Number of events: 209000
2 1e-06
1.04412e-06 0
1.09018e-06 0
1.13828e-06 0
1.1885e-06 0
1.24094e-06 0
1.29569e-06 0
1.35285e-06 0
1.41254e-06 0
1.47486e-06 0
1.53993e-06 0
1.60787e-06 0
1.6788e-06 0
1.75287e-06 0
1.83021e-06 0
1.91095e-06 0
1.99526e-06 0
2.08329e-06 0
2.1752e-06 0
2.27117e-06 0
2.37137e-06 0
2.476e-06 0
2.58523e-06 0
2.69929e-06 0
2.81838e-06 0
2.94273e-06 0
3.07256e-06 0
3.20812e-06 0
3.34965e-06 0
3.49744e-06 0
3.65174e-06 0
3.81285e-06 0
3.98107e-06 0
4.15671e-06 0
4.3401e-06 0
4.53158e-06 0
4.73151e-06 0
4.94026e-06 0
5.15822e-06 0
5.3858e-06 0
5.62341e-06 0
5.87151e-06 0
6.13056e-06 0
6.40103e-06 0
6.68344e-06 0
6.97831e-06 0
7.28618e-06 0
7.60764e-06 0
7.94328e-06 0
8.29373e-06 0
8.65964e-06 0
9.0417e-06 0
9.44061e-06 0
9.85712e-06 0
1.0292e-05 0
1.07461e-05 0
1.12202e-05 0
1.17152e-05 0
1.22321e-05 0
1.27717e-05 0
1.33352e-05 0
1.39236e-05 0
1.45378e-05 0
1.51792e-05 0
1.58489e-05 0
1.65482e-05 0
1.72783e-05 0
1.80406e-05 0
1.88365e-05 0
1.96675e-05 0
2.05353e-05 0
2.14412e-05 0
2.23872e-05 0
2.33749e-05 0
2.44062e-05 0
2.5483e-05 0
2.66073e-05 0
2.77811e-05 0
2.90068e-05 0
3.02866e-05 0
3.16228e-05 0
3.30179e-05 0
3.44747e-05 0
3.59956e-05 0
3.75837e-05 0
3.92419e-05 0
4.09732e-05 0
4.27809e-05 0
4.46684e-05 0
4.66391e-05 0
4.86968e-05 0
5.08452e-05 0
5.30884e-05 0
5.54307e-05 0
5.78762e-05 0
6.04296e-05 0
6.30957e-05 0
6.58795e-05 0
6.8786e-05 0
7.18208e-05 0
7.49894e-05 0
7.82979e-05 0
8.17523e-05 0
8.53591e-05 0
8.91251e-05 103.158
9.30572e-05 0
9.71628e-05 0
0.00010145 0
0.000105925 0
0.000110599 0
0.000115478 0
0.000120573 0
0.000125893 0
0.000131447 0
0.000137246 0
0.000143301 0
0.000149624 0
0.000156225 0
0.000163117 0
0.000170314 0
0.000177828 0
0.000185674 0
0.000193865 0
0.000202418 0
0.000211349 0
0.000220673 0
0.000230409 0
0.000240575 0
0.000251189 0
0.000262271 0
0.000273842 0
0.000285924 0
0.000298538 0
0.000311709 0
0.000325462 0
0.000339821 0
0.000354813 0
0.000370467 0
0.000386812 0
0.000403878 0
0.000421697 0
0.000440301 0
0.000459727 0
0.00048001 0
0.000501187 0
0.000523299 0
0.000546387 0
0.000570493 0
0.000595662 0
0.000621942 0
0.000649382 0
0.000678032 0
0.000707946 0
0.00073918 0
0.000771792 0
0.000805842 0
0.000841395 0
0.000878517 0
0.000917276 0
0.000957745 0
0.001 0
0.00104412 0
0.00109018 0
0.00113828 0
0.0011885 0
0.00124094 0
0.00129569 0
0.00135285 0
0.00141254 110.523
0.00147486 0
0.00153993 0
0.00160787 0
0.0016788 98.2182
0.00175287 0
0.00183021 0
0.00191095 0
0.00199526 0
0.00208329 0
0.0021752 0
0.00227117 111.552
0.00237137 0
0.002476 0
0.00258523 0
0.00269929 91.2446
0.00281838 32.8753
0.00294273 111.379
0.00307256 0
0.00320812 0
0.00334965 0
0.00349744 73.5038
0.00365174 0
0.00381285 111.828
0.00398107 0
0.00415671 0
0.0043401 0
0.00453158 87.4323
0.00473151 0
0.00494026 0
0.00515822 72.085
0.0053858 198.97
0.00562341 126.485
0.00587151 15.7847
0.00613056 219.063
0.00640103 42.4107
0.00668344 215.506
0.00697831 77.3401
0.00728618 148.428
0.00760764 183.096
0.00794328 209.921
0.00829373 443.053
0.00865964 642.868
0.0090417 227.167
0.00944061 125.031
0.00985712 148.724
0.010292 279.352
0.0107461 91.4426
0.0112202 656.585
0.0117152 617.978
0.0122321 459.931
0.0127717 267.625
0.0133352 87.2681
0.0139236 334.675
0.0145378 845.537
0.0151792 1007.12
0.0158489 861.114
0.0165482 565.146
0.0172783 707.503
0.0180406 580.149
0.0188365 844.588
0.0196675 948.329
0.0205353 1213.42
0.0214412 1223.41
0.0223872 1198.59
0.0233749 1058.29
0.0244062 1288.82
0.025483 1334.59
0.0266073 1691.8
0.0277811 1990.78
0.0290068 1616.14
0.0302866 2530.3
0.0316228 2854.76
0.0330179 1966.19
0.0344747 2403.93
0.0359956 3306.11
0.0375837 2863.42
0.0392419 3688.85
0.0409732 2974.92
0.0427809 3102.63
0.0446684 4015.37
0.0466391 3904.61
0.0486968 3860.82
0.0508452 3916.86
0.0530884 4382.31
0.0554307 5852.2
0.0578762 4908.07
0.0604296 4603.76
0.0630957 5294.06
0.0658795 6045.46
0.068786 5393.58
0.0718208 4758.82
0.0749894 6467.11
0.0782979 5778.59
0.0817523 8403.52
0.0853591 7246.53
0.0891251 8479.03
0.0930572 8431.57
0.0971628 8403.29
0.10145 9252.35
0.105925 8016.26
0.110599 10333.9
0.115478 9492.52
0.120573 9347.91
0.125893 10757
0.131447 8315.9
0.137246 10932.3
0.143301 9273.09
0.149624 11005.6
0.156225 10396.6
0.163117 11457.6
0.170314 10589.2
0.177828 11235.9
0.185674 10912.2
0.193865 11773.7
0.202418 14424.1
0.211349 11576.1
0.220673 10526.4
0.230409 11174.6
0.240575 12737.4
0.251189 12924.9
0.262271 11616.4
0.273842 12843.4
0.285924 13399.8
0.298538 9439.48
0.311709 12764.6
0.325462 13128.1
0.339821 12964.1
0.354813 14463.8
0.370467 12744.8
0.386812 12006.6
0.403878 13503.8
0.421697 16090.4
0.440301 13815.3
0.459727 13488.1
0.48001 14020.3
0.501187 13437.3
0.523299 12816.8
0.546387 15225.2
0.570493 14238.7
0.595662 13812.3
0.621942 13493.7
0.649382 13110.1
0.678032 10866.6
0.707946 11816.1
0.73918 11745.2
0.771792 11591
0.805842 11853.7
0.841395 10130.1
0.878517 8699.42
0.917276 9166.68
0.957745 10565.5
1 8352.31
1.04412 8370.66
1.09018 8615.03
1.13828 8222.9
1.1885 6510.71
1.24094 6172.16
1.29569 5891.23
1.35285 6675.28
1.41254 6769.65
1.47486 5061.1
1.53993 6484.76
1.60787 4022.87
1.6788 5266.38
1.75287 4256.23
1.83021 3321.48
1.91095 5005.45
1.99526 3545.34
2.08329 4401.07
2.1752 3159.21
2.27117 3408.29
2.37137 4287.93
2.476 3510.97
2.58523 3150.09
2.69929 4279.84
2.81838 3466.79
2.94273 2294.88
3.07256 3892.1
3.20812 2939.66
3.34965 2422.19
3.49744 2962.46
3.65174 2311.6
3.81285 3492.93
3.98107 1789.34
4.15671 2706.8
4.3401 2886.73
4.53158 2006.64
4.73151 2452.11
4.94026 2007.22
5.15822 2026.59
5.3858 2050.94
5.62341 1063.11
5.87151 2508.7
6.13056 1678.16
6.40103 1345.04
6.68344 1125.35
6.97831 1692.38
7.28618 2177.1
7.60764 984.705
7.94328 1617.27
8.29373 1820.29
8.65964 1380.05
9.0417 1444.71
9.44061 1940.12
9.85712 1608.14
10.292 1046.78
10.7461 2408.6
11.2202 1647.59
11.7152 778.484
12.2321 2051.45
12.7717 1363.81
13.3352 1386.58
13.9236 1356.15
14.5378 1184.32
15.1792 1636.01
15.8489 1095.36
16.5482 959.001
17.2783 1124.9
18.0406 1374.29
18.8365 1356.84
19.6675 950.198
20.5353 1425.54
21.4412 1558.76
22.3872 1420.96
23.3749 952.394
24.4062 1254.61
25.483 762.766
26.6073 1052.97
27.7811 983.415
29.0068 1330.18
30.2866 1542.48
31.6228 1136.15
33.0179 1500.45
34.4747 1049.31
35.9956 1187.92
37.5837 2177.48
39.2419 1695.47
40.9732 1418.01
42.7809 1844.81
44.6684 1000.93
46.6391 2113.1
48.6968 1621.59
50.8452 1451.99
53.0884 1643.07
55.4307 2668.56
57.8762 2143.1
60.4296 1693.02
63.0957 2158.7
65.8795 2140.9
68.786 2859.16
71.8208 2634.24
74.9894 2834.12
78.2979 3060.96
81.7523 2450.94
85.3591 3472.64
89.1251 1670.04
93.0572 3591.64
97.1628 3067.8
101.45 2916.24
105.925 2744.11
110.599 2538.56
115.478 3234.77
120.573 2943.85
125.893 3000.63
131.447 3151.56
137.246 3844.45
143.301 3418.98
149.624 3307.22
156.225 3630.14
163.117 3883.29
170.314 3746.22
177.828 3164.91
185.674 4243.67
193.865 3532.25
202.418 4244.72
211.349 5416.3
220.673 4503.16
230.409 5510.86
240.575 4166.51
251.189 5385.85
262.271 3992.34
273.842 5253.52
285.924 4265.3
298.538 4671.42
311.709 5382.14
325.462 5373.26
339.821 4759.31
354.813 3391.56
370.467 4102.95
386.812 4061.46
403.878 2549
421.697 3104.51
440.301 1627.04
459.727 1095.46
480.01 1726.7
501.187 1293.23
523.299 1408.92
546.387 773.915
570.493 440.965
595.662 748.13
621.942 102.488
649.382 342.867
678.032 196.003
707.946 161.82
739.18 0
771.792 268.268
805.842 302.069
841.395 119.013
878.517 107.201
917.276 8.41204
957.745 0
1000 0
