# First line is two numbers 
#     First value is '2', it means 'histogram mode'
#     Second value is 'Emin' of the histogram
# Other lines : 2 columns. 1) energy 2) probability (nb divided by NbEvent)
# Number of bins = 480
# Content below the first bin: 0
# Content above the last  bin: 0
# Content above the last  bin: 0
# Number of events: 209000
2 1e-06
1.04412e-06 0
1.09018e-06 0
1.13828e-06 0
1.1885e-06 0
1.24094e-06 0
1.29569e-06 0
1.35285e-06 0
1.41254e-06 0
1.47486e-06 0
1.53993e-06 0
1.60787e-06 0
1.6788e-06 0
1.75287e-06 0
1.83021e-06 0
1.91095e-06 0
1.99526e-06 0
2.08329e-06 0
2.1752e-06 0
2.27117e-06 0
2.37137e-06 0
2.476e-06 0
2.58523e-06 0
2.69929e-06 0
2.81838e-06 0
2.94273e-06 0
3.07256e-06 0
3.20812e-06 0
3.34965e-06 0
3.49744e-06 0
3.65174e-06 0
3.81285e-06 0
3.98107e-06 0
4.15671e-06 0
4.3401e-06 0
4.53158e-06 0
4.73151e-06 0
4.94026e-06 0
5.15822e-06 0
5.3858e-06 0
5.62341e-06 0
5.87151e-06 0
6.13056e-06 0
6.40103e-06 0
6.68344e-06 0
6.97831e-06 0
7.28618e-06 0
7.60764e-06 0
7.94328e-06 0
8.29373e-06 0
8.65964e-06 0
9.0417e-06 0
9.44061e-06 0
9.85712e-06 0
1.0292e-05 0
1.07461e-05 0
1.12202e-05 0
1.17152e-05 0
1.22321e-05 0
1.27717e-05 0
1.33352e-05 0
1.39236e-05 0
1.45378e-05 0
1.51792e-05 0
1.58489e-05 0
1.65482e-05 0
1.72783e-05 0
1.80406e-05 0
1.88365e-05 0
1.96675e-05 0
2.05353e-05 0
2.14412e-05 0
2.23872e-05 0
2.33749e-05 0
2.44062e-05 0
2.5483e-05 0
2.66073e-05 0
2.77811e-05 0
2.90068e-05 0
3.02866e-05 0
3.16228e-05 0
3.30179e-05 0
3.44747e-05 0
3.59956e-05 0
3.75837e-05 0
3.92419e-05 0
4.09732e-05 0
4.27809e-05 0
4.46684e-05 0
4.66391e-05 0
4.86968e-05 0
5.08452e-05 0
5.30884e-05 0
5.54307e-05 0
5.78762e-05 0
6.04296e-05 0
6.30957e-05 0
6.58795e-05 0
6.8786e-05 0
7.18208e-05 0
7.49894e-05 0
7.82979e-05 0
8.17523e-05 0
8.53591e-05 0
8.91251e-05 0
9.30572e-05 0
9.71628e-05 0
0.00010145 0
0.000105925 0
0.000110599 0
0.000115478 0
0.000120573 0
0.000125893 0
0.000131447 0
0.000137246 0
0.000143301 0
0.000149624 0
0.000156225 0
0.000163117 0
0.000170314 0
0.000177828 0
0.000185674 0
0.000193865 0
0.000202418 0
0.000211349 0
0.000220673 0
0.000230409 0
0.000240575 0
0.000251189 0
0.000262271 0
0.000273842 0
0.000285924 80.1343
0.000298538 0
0.000311709 0
0.000325462 43.6556
0.000339821 0
0.000354813 0
0.000370467 0
0.000386812 0
0.000403878 0
0.000421697 0
0.000440301 0
0.000459727 0
0.00048001 0
0.000501187 0
0.000523299 0
0.000546387 0
0.000570493 0
0.000595662 0
0.000621942 0
0.000649382 0
0.000678032 0
0.000707946 0
0.00073918 0
0.000771792 0
0.000805842 0
0.000841395 0
0.000878517 76.0877
0.000917276 0
0.000957745 0
0.001 0
0.00104412 0
0.00109018 0
0.00113828 0
0.0011885 0
0.00124094 0
0.00129569 0
0.00135285 0
0.00141254 0
0.00147486 0
0.00153993 0
0.00160787 0
0.0016788 0
0.00175287 0
0.00183021 0
0.00191095 108.692
0.00199526 0
0.00208329 90.8377
0.0021752 0
0.00227117 0
0.00237137 0
0.002476 23.499
0.00258523 0
0.00269929 0
0.00281838 0
0.00294273 0
0.00307256 0
0.00320812 67.8671
0.00334965 0
0.00349744 204.626
0.00365174 180.737
0.00381285 88.1785
0.00398107 46.0645
0.00415671 0
0.0043401 0
0.00453158 218.488
0.00473151 114.635
0.00494026 113.628
0.00515822 0
0.0053858 122.64
0.00562341 0
0.00587151 0
0.00613056 107.705
0.00640103 126.65
0.00668344 111.859
0.00697831 70.1502
0.00728618 0
0.00760764 85.0309
0.00794328 113.229
0.00829373 276.535
0.00865964 498.137
0.0090417 117.096
0.00944061 310.426
0.00985712 142.777
0.010292 486.195
0.0107461 320.913
0.0112202 390.625
0.0117152 487.81
0.0122321 1127.21
0.0127717 345.865
0.0133352 541.747
0.0139236 456.694
0.0145378 497.573
0.0151792 414.685
0.0158489 559.645
0.0165482 1224.7
0.0172783 909.772
0.0180406 616.087
0.0188365 1029.05
0.0196675 1395.63
0.0205353 1064.21
0.0214412 1595.01
0.0223872 1113.21
0.0233749 1573.32
0.0244062 2095.6
0.025483 1663.92
0.0266073 1760.04
0.0277811 1799.33
0.0290068 2706.45
0.0302866 2484.25
0.0316228 2051.49
0.0330179 2273.23
0.0344747 2217.09
0.0359956 3311.83
0.0375837 2678.14
0.0392419 2999.46
0.0409732 2873.46
0.0427809 2843.57
0.0446684 3977.89
0.0466391 4309.41
0.0486968 4295.91
0.0508452 3451.32
0.0530884 4761.76
0.0554307 5760.1
0.0578762 4899.28
0.0604296 3877.88
0.0630957 6598.58
0.0658795 4638.56
0.068786 5353.83
0.0718208 7140.95
0.0749894 5421.68
0.0782979 5921.81
0.0817523 4932.71
0.0853591 6085.59
0.0891251 8154.31
0.0930572 8977.44
0.0971628 8304.83
0.10145 7476.72
0.105925 8871.03
0.110599 10344.3
0.115478 8487.19
0.120573 9624.63
0.125893 10343.9
0.131447 9307.96
0.137246 9513.54
0.143301 9207.52
0.149624 11603.7
0.156225 10379.2
0.163117 12071.7
0.170314 10425.4
0.177828 10558.6
0.185674 11574.7
0.193865 12902.8
0.202418 12503.9
0.211349 10989.1
0.220673 11445.4
0.230409 12404.9
0.240575 12320.7
0.251189 12791.5
0.262271 13439.9
0.273842 12335.2
0.285924 12946.8
0.298538 14141.6
0.311709 14947.9
0.325462 12376.9
0.339821 14492.9
0.354813 14694.3
0.370467 12175.8
0.386812 11894.7
0.403878 14871
0.421697 14817.7
0.440301 13416.8
0.459727 13235.4
0.48001 13251
0.501187 13950.6
0.523299 14076.1
0.546387 12666.6
0.570493 14417.8
0.595662 15017.8
0.621942 12625.5
0.649382 10859
0.678032 12565.4
0.707946 11241.6
0.73918 10376.6
0.771792 10972.9
0.805842 11955.4
0.841395 10682.4
0.878517 11086.8
0.917276 10174.8
0.957745 7770.23
1 8786.76
1.04412 7810.9
1.09018 7339.59
1.13828 6604.41
1.1885 6431.06
1.24094 7954.21
1.29569 5588.53
1.35285 6806
1.41254 5069.85
1.47486 6481.65
1.53993 6128.46
1.60787 4795.47
1.6788 4338.55
1.75287 3829.2
1.83021 5009.72
1.91095 4414.55
1.99526 4700.94
2.08329 3919.23
2.1752 3811.58
2.27117 3558.38
2.37137 4617.33
2.476 2757.17
2.58523 3010.21
2.69929 3302.42
2.81838 3651.12
2.94273 2849.05
3.07256 3964.83
3.20812 2295.68
3.34965 3810
3.49744 2399.21
3.65174 2475.33
3.81285 2437.83
3.98107 1923.97
4.15671 2324.18
4.3401 3209.19
4.53158 2379.08
4.73151 2512.89
4.94026 2660.55
5.15822 2347.12
5.3858 1359.27
5.62341 1943.95
5.87151 1662.86
6.13056 2037.71
6.40103 1247.54
6.68344 2531.19
6.97831 1193.4
7.28618 1540.75
7.60764 1440.76
7.94328 925.37
8.29373 1826.04
8.65964 1126.6
9.0417 1868.58
9.44061 1778.46
9.85712 1352.18
10.292 1281.76
10.7461 1452.33
11.2202 1283.84
11.7152 1527.16
12.2321 789.558
12.7717 1037.87
13.3352 1720.27
13.9236 1769.19
14.5378 1411.78
15.1792 821.899
15.8489 1407.84
16.5482 621.649
17.2783 1157.65
18.0406 1475.04
18.8365 818.674
19.6675 785.492
20.5353 944.555
21.4412 422.514
22.3872 1331.03
23.3749 2042.45
24.4062 1387.84
25.483 1593.14
26.6073 1207.25
27.7811 2000.37
29.0068 1434.07
30.2866 1319.72
31.6228 1278.63
33.0179 1848.24
34.4747 1284.1
35.9956 829.764
37.5837 772.179
39.2419 1243.43
40.9732 1701.95
42.7809 2058.61
44.6684 1922.03
46.6391 996.904
48.6968 2083.34
50.8452 1522.74
53.0884 1987.27
55.4307 2522.45
57.8762 1696.22
60.4296 1778.61
63.0957 2504.57
65.8795 1647.46
68.786 2386.44
71.8208 2345.57
74.9894 2702.79
78.2979 3090.35
81.7523 2968.02
85.3591 2610.64
89.1251 3199.24
93.0572 2081.52
97.1628 1969.51
101.45 3011.28
105.925 2774.81
110.599 1990.5
115.478 3651.5
120.573 3397.32
125.893 4074.86
131.447 3413.41
137.246 2973.91
143.301 2968.92
149.624 4031.33
156.225 2703.07
163.117 3431.06
170.314 3705.97
177.828 4284.34
185.674 4465.85
193.865 3370.82
202.418 3788.03
211.349 4309.38
220.673 4365.22
230.409 4801.38
240.575 4200.16
251.189 4543.5
262.271 4943.42
273.842 4530.72
285.924 4507.39
298.538 4691.2
311.709 5376.47
325.462 3985.29
339.821 4716.29
354.813 5227.59
370.467 3500.57
386.812 3359.91
403.878 3041.39
421.697 1970.83
440.301 2350.76
459.727 1586.51
480.01 1339.19
501.187 1051.25
523.299 976.085
546.387 504.59
570.493 513.571
595.662 298.617
621.942 0
649.382 462.587
678.032 446.19
707.946 561.262
739.18 245.457
771.792 0
805.842 0
841.395 125.241
878.517 267.856
917.276 45.4748
957.745 108.98
1000 0
