# First line is two numbers 
#     First value is '2', it means 'histogram mode'
#     Second value is 'Emin' of the histogram
# Other lines : 2 columns. 1) energy 2) probability (nb divided by NbEvent)
# Number of bins = 480
# Content below the first bin: 0
# Content above the last  bin: 0
# Content above the last  bin: 0
# Number of events: 209000
2 1e-06
1.04412e-06 0
1.09018e-06 0
1.13828e-06 0
1.1885e-06 0
1.24094e-06 0
1.29569e-06 0
1.35285e-06 0
1.41254e-06 0
1.47486e-06 0
1.53993e-06 0
1.60787e-06 0
1.6788e-06 0
1.75287e-06 0
1.83021e-06 0
1.91095e-06 0
1.99526e-06 0
2.08329e-06 0
2.1752e-06 0
2.27117e-06 0
2.37137e-06 0
2.476e-06 0
2.58523e-06 0
2.69929e-06 0
2.81838e-06 0
2.94273e-06 0
3.07256e-06 0
3.20812e-06 0
3.34965e-06 0
3.49744e-06 0
3.65174e-06 0
3.81285e-06 0
3.98107e-06 0
4.15671e-06 0
4.3401e-06 0
4.53158e-06 0
4.73151e-06 0
4.94026e-06 0
5.15822e-06 0
5.3858e-06 0
5.62341e-06 0
5.87151e-06 0
6.13056e-06 0
6.40103e-06 0
6.68344e-06 0
6.97831e-06 0
7.28618e-06 0
7.60764e-06 0
7.94328e-06 0
8.29373e-06 0
8.65964e-06 0
9.0417e-06 0
9.44061e-06 0
9.85712e-06 0
1.0292e-05 0
1.07461e-05 0
1.12202e-05 0
1.17152e-05 0
1.22321e-05 0
1.27717e-05 0
1.33352e-05 0
1.39236e-05 0
1.45378e-05 0
1.51792e-05 0
1.58489e-05 0
1.65482e-05 0
1.72783e-05 0
1.80406e-05 0
1.88365e-05 0
1.96675e-05 0
2.05353e-05 0
2.14412e-05 0
2.23872e-05 0
2.33749e-05 0
2.44062e-05 0
2.5483e-05 0
2.66073e-05 0
2.77811e-05 0
2.90068e-05 0
3.02866e-05 0
3.16228e-05 0
3.30179e-05 0
3.44747e-05 0
3.59956e-05 0
3.75837e-05 0
3.92419e-05 0
4.09732e-05 0
4.27809e-05 0
4.46684e-05 0
4.66391e-05 0
4.86968e-05 0
5.08452e-05 0
5.30884e-05 0
5.54307e-05 0
5.78762e-05 0
6.04296e-05 0
6.30957e-05 0
6.58795e-05 0
6.8786e-05 0
7.18208e-05 0
7.49894e-05 0
7.82979e-05 0
8.17523e-05 0
8.53591e-05 0
8.91251e-05 0
9.30572e-05 0
9.71628e-05 0
0.00010145 0
0.000105925 0
0.000110599 0
0.000115478 0
0.000120573 0
0.000125893 0
0.000131447 0
0.000137246 0
0.000143301 0
0.000149624 0
0.000156225 0
0.000163117 0
0.000170314 0
0.000177828 0
0.000185674 0
0.000193865 0
0.000202418 0
0.000211349 0
0.000220673 0
0.000230409 0
0.000240575 0
0.000251189 0
0.000262271 0
0.000273842 0
0.000285924 0
0.000298538 0
0.000311709 0
0.000325462 0
0.000339821 0
0.000354813 0
0.000370467 0
0.000386812 0
0.000403878 0
0.000421697 0
0.000440301 0
0.000459727 0
0.00048001 0
0.000501187 0
0.000523299 0
0.000546387 0
0.000570493 0
0.000595662 0
0.000621942 0
0.000649382 0
0.000678032 0
0.000707946 0
0.00073918 0
0.000771792 0
0.000805842 0
0.000841395 0
0.000878517 0
0.000917276 0
0.000957745 0
0.001 0
0.00104412 0
0.00109018 0
0.00113828 0
0.0011885 0
0.00124094 0
0.00129569 0
0.00135285 0
0.00141254 0
0.00147486 0
0.00153993 0
0.00160787 0
0.0016788 0
0.00175287 0
0.00183021 0
0.00191095 0
0.00199526 0
0.00208329 0
0.0021752 0
0.00227117 0
0.00237137 0
0.002476 0
0.00258523 0
0.00269929 0
0.00281838 0
0.00294273 0
0.00307256 0
0.00320812 0
0.00334965 0
0.00349744 0
0.00365174 0
0.00381285 0
0.00398107 0
0.00415671 0
0.0043401 0
0.00453158 0
0.00473151 0
0.00494026 0
0.00515822 0
0.0053858 0
0.00562341 0
0.00587151 0
0.00613056 0
0.00640103 0
0.00668344 0
0.00697831 0
0.00728618 0
0.00760764 0
0.00794328 0
0.00829373 0
0.00865964 0
0.0090417 0
0.00944061 0
0.00985712 0
0.010292 0
0.0107461 116.604
0.0112202 0
0.0117152 0
0.0122321 0
0.0127717 0
0.0133352 0
0.0139236 0
0.0145378 200.022
0.0151792 61.8637
0.0158489 0
0.0165482 70.8506
0.0172783 0
0.0180406 0
0.0188365 0
0.0196675 116.214
0.0205353 92.8241
0.0214412 76.9602
0.0223872 56.9704
0.0233749 0
0.0244062 97.7805
0.025483 171.346
0.0266073 0
0.0277811 56.2433
0.0290068 0
0.0302866 83.5029
0.0316228 125.126
0.0330179 559.423
0.0344747 16.9012
0.0359956 137.148
0.0375837 253.14
0.0392419 146.137
0.0409732 0
0.0427809 368.677
0.0446684 189.229
0.0466391 315.584
0.0486968 398.174
0.0508452 203.172
0.0530884 0
0.0554307 114.565
0.0578762 100.799
0.0604296 293.082
0.0630957 184.422
0.0658795 89.7559
0.068786 157.144
0.0718208 173.468
0.0749894 297.519
0.0782979 452.892
0.0817523 175.551
0.0853591 385.366
0.0891251 441.97
0.0930572 713.683
0.0971628 501.994
0.10145 797.563
0.105925 405.67
0.110599 724.913
0.115478 330.224
0.120573 393.551
0.125893 513.426
0.131447 500.813
0.137246 628.026
0.143301 925.902
0.149624 389.325
0.156225 438.617
0.163117 568.858
0.170314 623.587
0.177828 438.073
0.185674 493.009
0.193865 845.096
0.202418 543.663
0.211349 910.95
0.220673 458.562
0.230409 540.925
0.240575 1040.26
0.251189 565.255
0.262271 843.618
0.273842 547.621
0.285924 608.787
0.298538 642.077
0.311709 795.803
0.325462 566.898
0.339821 675.859
0.354813 959.109
0.370467 550.065
0.386812 779.023
0.403878 762.036
0.421697 558.427
0.440301 276.037
0.459727 601.808
0.48001 854.007
0.501187 751.621
0.523299 1073.4
0.546387 646.215
0.570493 835.712
0.595662 802.326
0.621942 585.741
0.649382 764.882
0.678032 490.859
0.707946 454.856
0.73918 442.646
0.771792 821.916
0.805842 612.752
0.841395 639.515
0.878517 639.951
0.917276 324.069
0.957745 345.558
1 594.511
1.04412 447.951
1.09018 127.414
1.13828 186.448
1.1885 379.226
1.24094 263.372
1.29569 415.421
1.35285 317.144
1.41254 316.705
1.47486 146.383
1.53993 302.323
1.60787 0
1.6788 387.252
1.75287 525.711
1.83021 118.128
1.91095 302.527
1.99526 105.811
2.08329 491.42
2.1752 511.254
2.27117 148.112
2.37137 82.9161
2.476 0
2.58523 117.436
2.69929 195.71
2.81838 81.8853
2.94273 182.779
3.07256 95.1144
3.20812 0
3.34965 275.832
3.49744 95.5426
3.65174 0
3.81285 0
3.98107 181.87
4.15671 60.316
4.3401 114.213
4.53158 32.835
4.73151 270.325
4.94026 0
5.15822 70.182
5.3858 175.11
5.62341 0
5.87151 0
6.13056 0
6.40103 0
6.68344 0
6.97831 73.9251
7.28618 112.252
7.60764 54.0215
7.94328 0
8.29373 25.6261
8.65964 200.358
9.0417 117.836
9.44061 110.273
9.85712 55.545
10.292 0
10.7461 0
11.2202 43.8337
11.7152 111.523
12.2321 0
12.7717 117.12
13.3352 225.779
13.9236 425.016
14.5378 305.975
15.1792 0
15.8489 210.676
16.5482 118.235
17.2783 156.534
18.0406 216.029
18.8365 108.863
19.6675 0
20.5353 106.937
21.4412 0
22.3872 203.04
23.3749 95.6468
24.4062 211.097
25.483 0
26.6073 285.591
27.7811 0
29.0068 68.7697
30.2866 282.287
31.6228 228.251
33.0179 104.452
34.4747 108.269
35.9956 531.268
37.5837 134.9
39.2419 297.925
40.9732 0
42.7809 359.84
44.6684 0
46.6391 182.654
48.6968 260.053
50.8452 95.2316
53.0884 337.151
55.4307 300.91
57.8762 219.907
60.4296 237.899
63.0957 95.9631
65.8795 215.015
68.786 174.711
71.8208 216.549
74.9894 269.987
78.2979 224.741
81.7523 516.425
85.3591 43.7263
89.1251 290.957
93.0572 403.255
97.1628 164.099
101.45 281.896
105.925 455.544
110.599 296.801
115.478 340.779
120.573 600.267
125.893 249.179
131.447 612.012
137.246 458.07
143.301 277.706
149.624 193.86
156.225 717.037
163.117 446.366
170.314 242.228
177.828 299.63
185.674 176.821
193.865 231.908
202.418 110.032
211.349 58.0917
220.673 94.6928
230.409 0
240.575 198.258
251.189 75.3428
262.271 67.9696
273.842 298.686
285.924 295.643
298.538 27.729
311.709 0
325.462 0
339.821 83.8189
354.813 52.4117
370.467 0
386.812 0
403.878 0
421.697 0
440.301 0
459.727 0
480.01 0
501.187 0
523.299 0
546.387 0
570.493 87.3122
595.662 0
621.942 0
649.382 0
678.032 0
707.946 0
739.18 0
771.792 0
805.842 0
841.395 0
878.517 0
917.276 0
957.745 0
1000 0
