# First line is two numbers 
#     First value is '2', it means 'histogram mode'
#     Second value is 'Emin' of the histogram
# Other lines : 2 columns. 1) energy 2) probability (nb divided by NbEvent)
# Number of bins = 480
# Content below the first bin: 0
# Content above the last  bin: 0
# Content above the last  bin: 0
# Number of events: 209000
2 1e-06
1.04412e-06 0
1.09018e-06 0
1.13828e-06 0
1.1885e-06 0
1.24094e-06 0
1.29569e-06 0
1.35285e-06 0
1.41254e-06 0
1.47486e-06 0
1.53993e-06 0
1.60787e-06 0
1.6788e-06 0
1.75287e-06 0
1.83021e-06 0
1.91095e-06 0
1.99526e-06 0
2.08329e-06 0
2.1752e-06 0
2.27117e-06 0
2.37137e-06 0
2.476e-06 0
2.58523e-06 0
2.69929e-06 0
2.81838e-06 0
2.94273e-06 0
3.07256e-06 0
3.20812e-06 0
3.34965e-06 0
3.49744e-06 0
3.65174e-06 0
3.81285e-06 0
3.98107e-06 0
4.15671e-06 0
4.3401e-06 0
4.53158e-06 0
4.73151e-06 0
4.94026e-06 0
5.15822e-06 0
5.3858e-06 0
5.62341e-06 0
5.87151e-06 0
6.13056e-06 0
6.40103e-06 0
6.68344e-06 0
6.97831e-06 0
7.28618e-06 0
7.60764e-06 0
7.94328e-06 0
8.29373e-06 0
8.65964e-06 0
9.0417e-06 0
9.44061e-06 0
9.85712e-06 0
1.0292e-05 0
1.07461e-05 0
1.12202e-05 0
1.17152e-05 0
1.22321e-05 0
1.27717e-05 0
1.33352e-05 0
1.39236e-05 0
1.45378e-05 0
1.51792e-05 0
1.58489e-05 0
1.65482e-05 0
1.72783e-05 0
1.80406e-05 0
1.88365e-05 0
1.96675e-05 0
2.05353e-05 0
2.14412e-05 0
2.23872e-05 0
2.33749e-05 0
2.44062e-05 0
2.5483e-05 0
2.66073e-05 0
2.77811e-05 0
2.90068e-05 0
3.02866e-05 0
3.16228e-05 0
3.30179e-05 0
3.44747e-05 0
3.59956e-05 0
3.75837e-05 0
3.92419e-05 0
4.09732e-05 0
4.27809e-05 0
4.46684e-05 0
4.66391e-05 0
4.86968e-05 0
5.08452e-05 0
5.30884e-05 0
5.54307e-05 0
5.78762e-05 0
6.04296e-05 0
6.30957e-05 0
6.58795e-05 0
6.8786e-05 0
7.18208e-05 0
7.49894e-05 0
7.82979e-05 0
8.17523e-05 0
8.53591e-05 0
8.91251e-05 0
9.30572e-05 0
9.71628e-05 0
0.00010145 0
0.000105925 0
0.000110599 0
0.000115478 0
0.000120573 0
0.000125893 0
0.000131447 0
0.000137246 0
0.000143301 0
0.000149624 0
0.000156225 0
0.000163117 0
0.000170314 0
0.000177828 0
0.000185674 0
0.000193865 0
0.000202418 0
0.000211349 0
0.000220673 0
0.000230409 0
0.000240575 0
0.000251189 0
0.000262271 0
0.000273842 0
0.000285924 0
0.000298538 0
0.000311709 0
0.000325462 0
0.000339821 0
0.000354813 0
0.000370467 0
0.000386812 0
0.000403878 0
0.000421697 0
0.000440301 0
0.000459727 0
0.00048001 0
0.000501187 0
0.000523299 0
0.000546387 0
0.000570493 0
0.000595662 0
0.000621942 0
0.000649382 0
0.000678032 0
0.000707946 0
0.00073918 0
0.000771792 0
0.000805842 0
0.000841395 0
0.000878517 0
0.000917276 0
0.000957745 0
0.001 0
0.00104412 0
0.00109018 0
0.00113828 0
0.0011885 0
0.00124094 0
0.00129569 0
0.00135285 0
0.00141254 0
0.00147486 0
0.00153993 0
0.00160787 0
0.0016788 1
0.00175287 0
0.00183021 0
0.00191095 0
0.00199526 1
0.00208329 0
0.0021752 0
0.00227117 0
0.00237137 0
0.002476 1
0.00258523 0
0.00269929 0
0.00281838 0
0.00294273 0
0.00307256 0
0.00320812 0
0.00334965 0
0.00349744 0
0.00365174 0
0.00381285 0
0.00398107 0
0.00415671 0
0.0043401 1
0.00453158 0
0.00473151 1
0.00494026 1
0.00515822 0
0.0053858 1
0.00562341 0
0.00587151 0
0.00613056 0
0.00640103 0
0.00668344 0
0.00697831 2
0.00728618 0
0.00760764 2
0.00794328 2
0.00829373 0
0.00865964 2
0.0090417 0
0.00944061 0
0.00985712 1
0.010292 2
0.0107461 3
0.0112202 4
0.0117152 1
0.0122321 1
0.0127717 1
0.0133352 3
0.0139236 1
0.0145378 4
0.0151792 2
0.0158489 2
0.0165482 7
0.0172783 2
0.0180406 2
0.0188365 3
0.0196675 1
0.0205353 8
0.0214412 3
0.0223872 3
0.0233749 4
0.0244062 1
0.025483 5
0.0266073 5
0.0277811 10
0.0290068 13
0.0302866 5
0.0316228 7
0.0330179 7
0.0344747 12
0.0359956 7
0.0375837 9
0.0392419 14
0.0409732 12
0.0427809 6
0.0446684 10
0.0466391 10
0.0486968 18
0.0508452 15
0.0530884 11
0.0554307 20
0.0578762 15
0.0604296 17
0.0630957 20
0.0658795 20
0.068786 18
0.0718208 18
0.0749894 26
0.0782979 16
0.0817523 24
0.0853591 26
0.0891251 30
0.0930572 25
0.0971628 27
0.10145 30
0.105925 34
0.110599 27
0.115478 30
0.120573 34
0.125893 32
0.131447 31
0.137246 28
0.143301 32
0.149624 37
0.156225 34
0.163117 40
0.170314 45
0.177828 38
0.185674 36
0.193865 40
0.202418 49
0.211349 45
0.220673 49
0.230409 48
0.240575 42
0.251189 53
0.262271 46
0.273842 42
0.285924 41
0.298538 40
0.311709 34
0.325462 39
0.339821 51
0.354813 38
0.370467 43
0.386812 50
0.403878 36
0.421697 48
0.440301 54
0.459727 48
0.48001 43
0.501187 49
0.523299 42
0.546387 40
0.570493 57
0.595662 42
0.621942 38
0.649382 41
0.678032 39
0.707946 32
0.73918 34
0.771792 32
0.805842 37
0.841395 40
0.878517 41
0.917276 23
0.957745 24
1 31
1.04412 30
1.09018 21
1.13828 21
1.1885 13
1.24094 20
1.29569 25
1.35285 26
1.41254 17
1.47486 17
1.53993 17
1.60787 22
1.6788 8
1.75287 9
1.83021 14
1.91095 15
1.99526 5
2.08329 13
2.1752 10
2.27117 10
2.37137 13
2.476 11
2.58523 23
2.69929 6
2.81838 14
2.94273 5
3.07256 9
3.20812 5
3.34965 8
3.49744 9
3.65174 11
3.81285 7
3.98107 12
4.15671 8
4.3401 9
4.53158 9
4.73151 6
4.94026 8
5.15822 7
5.3858 6
5.62341 6
5.87151 3
6.13056 7
6.40103 6
6.68344 4
6.97831 7
7.28618 3
7.60764 1
7.94328 3
8.29373 4
8.65964 5
9.0417 2
9.44061 8
9.85712 2
10.292 4
10.7461 5
11.2202 5
11.7152 1
12.2321 5
12.7717 5
13.3352 8
13.9236 9
14.5378 8
15.1792 3
15.8489 7
16.5482 3
17.2783 3
18.0406 3
18.8365 6
19.6675 3
20.5353 3
21.4412 5
22.3872 2
23.3749 7
24.4062 3
25.483 4
26.6073 8
27.7811 7
29.0068 3
30.2866 9
31.6228 5
33.0179 8
34.4747 5
35.9956 2
37.5837 6
39.2419 7
40.9732 12
42.7809 5
44.6684 10
46.6391 7
48.6968 14
50.8452 4
53.0884 8
55.4307 8
57.8762 6
60.4296 10
63.0957 9
65.8795 14
68.786 9
71.8208 15
74.9894 15
78.2979 4
81.7523 8
85.3591 18
89.1251 9
93.0572 7
97.1628 10
101.45 17
105.925 10
110.599 17
115.478 8
120.573 18
125.893 11
131.447 8
137.246 10
143.301 13
149.624 14
156.225 9
163.117 19
170.314 20
177.828 16
185.674 8
193.865 13
202.418 7
211.349 14
220.673 13
230.409 18
240.575 12
251.189 17
262.271 16
273.842 15
285.924 15
298.538 12
311.709 11
325.462 7
339.821 6
354.813 13
370.467 4
386.812 4
403.878 5
421.697 1
440.301 2
459.727 2
480.01 0
501.187 4
523.299 0
546.387 0
570.493 2
595.662 1
621.942 1
649.382 0
678.032 1
707.946 0
739.18 0
771.792 0
805.842 0
841.395 1
878.517 0
917.276 0
957.745 0
1000 0
