# First line is two numbers 
#     First value is '2', it means 'histogram mode'
#     Second value is 'Emin' of the histogram
# Other lines : 2 columns. 1) energy 2) probability (nb divided by NbEvent)
# Number of bins = 480
# Content below the first bin: 0
# Content above the last  bin: 0
# Content above the last  bin: 0
# Number of events: 209000
2 1e-06
1.04412e-06 0
1.09018e-06 0
1.13828e-06 0
1.1885e-06 0
1.24094e-06 0
1.29569e-06 0
1.35285e-06 0
1.41254e-06 0
1.47486e-06 0
1.53993e-06 0
1.60787e-06 0
1.6788e-06 0
1.75287e-06 0
1.83021e-06 0
1.91095e-06 0
1.99526e-06 0
2.08329e-06 0
2.1752e-06 0
2.27117e-06 0
2.37137e-06 0
2.476e-06 0
2.58523e-06 0
2.69929e-06 0
2.81838e-06 0
2.94273e-06 0
3.07256e-06 0
3.20812e-06 0
3.34965e-06 0
3.49744e-06 0
3.65174e-06 0
3.81285e-06 0
3.98107e-06 0
4.15671e-06 0
4.3401e-06 0
4.53158e-06 0
4.73151e-06 0
4.94026e-06 0
5.15822e-06 0
5.3858e-06 0
5.62341e-06 0
5.87151e-06 0
6.13056e-06 0
6.40103e-06 0
6.68344e-06 0
6.97831e-06 0
7.28618e-06 0
7.60764e-06 0
7.94328e-06 0
8.29373e-06 0
8.65964e-06 0
9.0417e-06 0
9.44061e-06 0
9.85712e-06 0
1.0292e-05 0
1.07461e-05 0
1.12202e-05 0
1.17152e-05 0
1.22321e-05 0
1.27717e-05 0
1.33352e-05 0
1.39236e-05 0
1.45378e-05 0
1.51792e-05 0
1.58489e-05 0
1.65482e-05 0
1.72783e-05 0
1.80406e-05 0
1.88365e-05 0
1.96675e-05 0
2.05353e-05 0
2.14412e-05 0
2.23872e-05 0
2.33749e-05 0
2.44062e-05 0
2.5483e-05 0
2.66073e-05 0
2.77811e-05 0
2.90068e-05 0
3.02866e-05 0
3.16228e-05 0
3.30179e-05 0
3.44747e-05 0
3.59956e-05 0
3.75837e-05 0
3.92419e-05 0
4.09732e-05 0
4.27809e-05 0
4.46684e-05 0
4.66391e-05 0
4.86968e-05 0
5.08452e-05 0
5.30884e-05 0
5.54307e-05 0
5.78762e-05 0
6.04296e-05 0
6.30957e-05 0
6.58795e-05 0
6.8786e-05 0
7.18208e-05 0
7.49894e-05 0
7.82979e-05 0
8.17523e-05 0
8.53591e-05 0
8.91251e-05 0
9.30572e-05 0
9.71628e-05 0
0.00010145 0
0.000105925 0
0.000110599 0
0.000115478 0
0.000120573 0
0.000125893 0
0.000131447 0
0.000137246 0
0.000143301 0
0.000149624 0
0.000156225 0
0.000163117 0
0.000170314 0
0.000177828 0
0.000185674 0
0.000193865 0
0.000202418 0
0.000211349 0
0.000220673 0
0.000230409 0
0.000240575 0
0.000251189 0
0.000262271 0
0.000273842 0
0.000285924 0
0.000298538 0
0.000311709 0
0.000325462 0
0.000339821 0
0.000354813 0
0.000370467 0
0.000386812 0
0.000403878 0
0.000421697 0
0.000440301 0
0.000459727 0
0.00048001 0
0.000501187 0
0.000523299 0
0.000546387 0
0.000570493 0
0.000595662 0
0.000621942 0
0.000649382 0
0.000678032 0
0.000707946 0
0.00073918 0
0.000771792 0
0.000805842 0
0.000841395 0
0.000878517 0
0.000917276 0
0.000957745 0
0.001 0
0.00104412 0
0.00109018 0
0.00113828 0
0.0011885 0
0.00124094 0
0.00129569 0
0.00135285 0
0.00141254 0
0.00147486 0
0.00153993 0
0.00160787 0
0.0016788 0
0.00175287 0
0.00183021 0
0.00191095 0
0.00199526 0
0.00208329 0
0.0021752 0
0.00227117 0
0.00237137 0
0.002476 0
0.00258523 114.708
0.00269929 0
0.00281838 0
0.00294273 0
0.00307256 0
0.00320812 0
0.00334965 0
0.00349744 81.1331
0.00365174 0
0.00381285 0
0.00398107 0
0.00415671 0
0.0043401 0
0.00453158 0
0.00473151 0
0.00494026 0
0.00515822 0
0.0053858 0
0.00562341 81.5673
0.00587151 0
0.00613056 110.691
0.00640103 0
0.00668344 88.4095
0.00697831 87.269
0.00728618 0
0.00760764 0
0.00794328 36.0286
0.00829373 0
0.00865964 0
0.0090417 80.0041
0.00944061 105.098
0.00985712 0
0.010292 50.9373
0.0107461 203.071
0.0112202 70.0393
0.0117152 264.652
0.0122321 54.6667
0.0127717 97.4597
0.0133352 110.165
0.0139236 188.535
0.0145378 185.079
0.0151792 181.808
0.0158489 116.55
0.0165482 0
0.0172783 115.804
0.0180406 0
0.0188365 0
0.0196675 169.304
0.0205353 101.696
0.0214412 33.7302
0.0223872 423.193
0.0233749 100.136
0.0244062 539.348
0.025483 176.598
0.0266073 237.999
0.0277811 89.2706
0.0290068 232.13
0.0302866 283.004
0.0316228 101.833
0.0330179 409.526
0.0344747 284.807
0.0359956 505.252
0.0375837 675.388
0.0392419 1211.21
0.0409732 471.825
0.0427809 462.997
0.0446684 976.996
0.0466391 529.307
0.0486968 664.606
0.0508452 910.793
0.0530884 539.519
0.0554307 905.355
0.0578762 473.566
0.0604296 211.099
0.0630957 800.203
0.0658795 899.192
0.068786 858.533
0.0718208 1037.48
0.0749894 649.721
0.0782979 1030.78
0.0817523 868.278
0.0853591 1420.28
0.0891251 851.158
0.0930572 1487.77
0.0971628 1589.01
0.10145 1571.21
0.105925 1777.4
0.110599 1279.25
0.115478 1758.7
0.120573 2018.73
0.125893 2502.95
0.131447 2277.02
0.137246 2180.63
0.143301 1390.9
0.149624 2154.12
0.156225 1827.02
0.163117 2348.39
0.170314 2511.93
0.177828 1400.15
0.185674 2111.02
0.193865 2223.03
0.202418 2450.41
0.211349 2058.28
0.220673 1880.06
0.230409 2865.28
0.240575 2313.77
0.251189 2161.19
0.262271 2125.38
0.273842 2564.08
0.285924 2400.88
0.298538 2105.1
0.311709 1854.44
0.325462 2658.73
0.339821 2972.97
0.354813 2564.52
0.370467 3011.3
0.386812 2966.87
0.403878 3018.87
0.421697 2666.47
0.440301 3363.09
0.459727 2678.79
0.48001 3559.47
0.501187 3548.58
0.523299 2626.66
0.546387 2084.69
0.570493 2401.99
0.595662 1956.11
0.621942 2745.96
0.649382 3601.99
0.678032 2013.98
0.707946 2502.55
0.73918 2977.12
0.771792 2646.01
0.805842 2198.38
0.841395 1662.22
0.878517 2168.14
0.917276 1832.64
0.957745 1678.6
1 2533.23
1.04412 1205.01
1.09018 1603.68
1.13828 2214.04
1.1885 1314.82
1.24094 1869.05
1.29569 941.667
1.35285 1279.4
1.41254 1133.14
1.47486 813.014
1.53993 870.84
1.60787 954.29
1.6788 873.312
1.75287 886.931
1.83021 691.166
1.91095 1052.08
1.99526 1299.25
2.08329 729.816
2.1752 654.165
2.27117 965.368
2.37137 1003
2.476 610.793
2.58523 600.498
2.69929 796.046
2.81838 560.216
2.94273 735.582
3.07256 485.039
3.20812 543.567
3.34965 452.914
3.49744 494.473
3.65174 509.041
3.81285 477.477
3.98107 497.284
4.15671 818.218
4.3401 276.283
4.53158 384.141
4.73151 933.118
4.94026 770.46
5.15822 588.134
5.3858 400.907
5.62341 496.338
5.87151 445.21
6.13056 468.841
6.40103 184.393
6.68344 348.271
6.97831 447.357
7.28618 266.693
7.60764 408.633
7.94328 292.58
8.29373 724.901
8.65964 557.491
9.0417 187.073
9.44061 435.633
9.85712 473.658
10.292 420.952
10.7461 380.08
11.2202 382.219
11.7152 323.035
12.2321 252.764
12.7717 498.646
13.3352 477.894
13.9236 276.61
14.5378 321.151
15.1792 245.682
15.8489 307.951
16.5482 0
17.2783 209.19
18.0406 329.196
18.8365 193.698
19.6675 344.096
20.5353 337.912
21.4412 217.594
22.3872 126.831
23.3749 403.056
24.4062 96.2417
25.483 472.43
26.6073 642.208
27.7811 605.845
29.0068 470.103
30.2866 593.853
31.6228 396.805
33.0179 341.85
34.4747 311.114
35.9956 378.435
37.5837 269.048
39.2419 1115.61
40.9732 504.907
42.7809 552.374
44.6684 429.513
46.6391 352.06
48.6968 323.356
50.8452 596.157
53.0884 350.808
55.4307 579.013
57.8762 881.124
60.4296 447.84
63.0957 616.82
65.8795 408.555
68.786 651.897
71.8208 662.964
74.9894 483.066
78.2979 766.154
81.7523 746.55
85.3591 1080.02
89.1251 419.101
93.0572 936.548
97.1628 597.657
101.45 925.501
105.925 677.358
110.599 986.316
115.478 981.016
120.573 812.046
125.893 1156.51
131.447 741.049
137.246 969.37
143.301 585.319
149.624 719.88
156.225 358.501
163.117 1043.67
170.314 758.057
177.828 760.39
185.674 1274.76
193.865 903.722
202.418 2176.56
211.349 1981.65
220.673 1643.41
230.409 764.013
240.575 1720.09
251.189 1585.76
262.271 1976.41
273.842 2515.81
285.924 1929.23
298.538 2998.76
311.709 2420.41
325.462 2749.56
339.821 3360.59
354.813 2754.85
370.467 4221.41
386.812 2728.55
403.878 2095.48
421.697 1986.26
440.301 1203.03
459.727 1457.1
480.01 830.188
501.187 322.11
523.299 325.059
546.387 304.164
570.493 321.269
595.662 88.9373
621.942 90.6275
649.382 97.8326
678.032 193.123
707.946 128.185
739.18 288.013
771.792 0
805.842 114.699
841.395 107.982
878.517 115.66
917.276 0
957.745 0
1000 0
