# First line is two numbers 
#     First value is '2', it means 'histogram mode'
#     Second value is 'Emin' of the histogram
# Other lines : 2 columns. 1) energy 2) probability (nb divided by NbEvent)
# Number of bins = 480
# Content below the first bin: 0
# Content above the last  bin: 0
# Content above the last  bin: 0
# Number of events: 209000
2 1e-06
1.04412e-06 0
1.09018e-06 0
1.13828e-06 0
1.1885e-06 0
1.24094e-06 0
1.29569e-06 0
1.35285e-06 0
1.41254e-06 0
1.47486e-06 0
1.53993e-06 0
1.60787e-06 0
1.6788e-06 0
1.75287e-06 0
1.83021e-06 0
1.91095e-06 0
1.99526e-06 0
2.08329e-06 0
2.1752e-06 0
2.27117e-06 0
2.37137e-06 0
2.476e-06 0
2.58523e-06 0
2.69929e-06 0
2.81838e-06 0
2.94273e-06 0
3.07256e-06 0
3.20812e-06 0
3.34965e-06 0
3.49744e-06 0
3.65174e-06 0
3.81285e-06 0
3.98107e-06 0
4.15671e-06 0
4.3401e-06 0
4.53158e-06 0
4.73151e-06 0
4.94026e-06 0
5.15822e-06 0
5.3858e-06 0
5.62341e-06 0
5.87151e-06 0
6.13056e-06 0
6.40103e-06 0
6.68344e-06 0
6.97831e-06 0
7.28618e-06 0
7.60764e-06 0
7.94328e-06 0
8.29373e-06 0
8.65964e-06 0
9.0417e-06 0
9.44061e-06 0
9.85712e-06 0
1.0292e-05 0
1.07461e-05 0
1.12202e-05 0
1.17152e-05 0
1.22321e-05 0
1.27717e-05 0
1.33352e-05 0
1.39236e-05 0
1.45378e-05 0
1.51792e-05 0
1.58489e-05 0
1.65482e-05 0
1.72783e-05 0
1.80406e-05 0
1.88365e-05 0
1.96675e-05 0
2.05353e-05 0
2.14412e-05 0
2.23872e-05 0
2.33749e-05 0
2.44062e-05 0
2.5483e-05 0
2.66073e-05 0
2.77811e-05 0
2.90068e-05 0
3.02866e-05 0
3.16228e-05 0
3.30179e-05 0
3.44747e-05 0
3.59956e-05 0
3.75837e-05 0
3.92419e-05 0
4.09732e-05 0
4.27809e-05 0
4.46684e-05 0
4.66391e-05 0
4.86968e-05 0
5.08452e-05 0
5.30884e-05 0
5.54307e-05 0
5.78762e-05 0
6.04296e-05 0
6.30957e-05 0
6.58795e-05 0
6.8786e-05 0
7.18208e-05 0
7.49894e-05 0
7.82979e-05 0
8.17523e-05 0
8.53591e-05 0
8.91251e-05 0
9.30572e-05 0
9.71628e-05 0
0.00010145 0
0.000105925 0
0.000110599 0
0.000115478 0
0.000120573 0
0.000125893 0
0.000131447 0
0.000137246 0
0.000143301 0
0.000149624 0
0.000156225 0
0.000163117 0
0.000170314 0
0.000177828 0
0.000185674 0
0.000193865 0
0.000202418 0
0.000211349 0
0.000220673 0
0.000230409 0
0.000240575 0
0.000251189 0
0.000262271 0
0.000273842 0
0.000285924 0
0.000298538 0
0.000311709 0
0.000325462 0
0.000339821 0
0.000354813 0
0.000370467 0
0.000386812 0
0.000403878 0
0.000421697 0
0.000440301 0
0.000459727 0
0.00048001 0
0.000501187 0
0.000523299 0
0.000546387 0
0.000570493 0
0.000595662 0
0.000621942 0
0.000649382 0
0.000678032 0
0.000707946 0
0.00073918 0
0.000771792 0
0.000805842 0
0.000841395 0
0.000878517 0
0.000917276 0
0.000957745 0
0.001 0
0.00104412 0
0.00109018 0
0.00113828 0
0.0011885 0
0.00124094 0
0.00129569 0
0.00135285 0
0.00141254 0
0.00147486 0
0.00153993 0
0.00160787 0
0.0016788 0
0.00175287 0
0.00183021 0
0.00191095 0
0.00199526 0
0.00208329 0
0.0021752 0
0.00227117 0
0.00237137 0
0.002476 0
0.00258523 0
0.00269929 0
0.00281838 0
0.00294273 0
0.00307256 0
0.00320812 0
0.00334965 0
0.00349744 0
0.00365174 0
0.00381285 0
0.00398107 0
0.00415671 0
0.0043401 0
0.00453158 0
0.00473151 0
0.00494026 0
0.00515822 0
0.0053858 76.2442
0.00562341 0
0.00587151 81.264
0.00613056 41.5475
0.00640103 0
0.00668344 0
0.00697831 0
0.00728618 0
0.00760764 0
0.00794328 111.907
0.00829373 48.2009
0.00865964 0
0.0090417 110.759
0.00944061 106.206
0.00985712 0
0.010292 80.9076
0.0107461 76.3248
0.0112202 333.943
0.0117152 79.44
0.0122321 0
0.0127717 0
0.0133352 0
0.0139236 102.175
0.0145378 204.069
0.0151792 207.352
0.0158489 0
0.0165482 174.857
0.0172783 342.124
0.0180406 110.66
0.0188365 65.6446
0.0196675 86.5897
0.0205353 94.8975
0.0214412 291.712
0.0223872 196.963
0.0233749 178.118
0.0244062 295.733
0.025483 103.792
0.0266073 113.391
0.0277811 0
0.0290068 152.111
0.0302866 338.658
0.0316228 411.378
0.0330179 488.899
0.0344747 340.65
0.0359956 381.438
0.0375837 364.165
0.0392419 478.333
0.0409732 674.829
0.0427809 134.421
0.0446684 728.334
0.0466391 592.76
0.0486968 700.639
0.0508452 1256.82
0.0530884 548.281
0.0554307 1300.46
0.0578762 1004.88
0.0604296 1209.41
0.0630957 953.042
0.0658795 582.407
0.068786 1556.7
0.0718208 1017.82
0.0749894 988.339
0.0782979 676.327
0.0817523 1156.26
0.0853591 1526.92
0.0891251 1471.08
0.0930572 807.451
0.0971628 1723.07
0.10145 1748.17
0.105925 1782.54
0.110599 1671.97
0.115478 1431.66
0.120573 1342.01
0.125893 2057.74
0.131447 2044.28
0.137246 2675.28
0.143301 1670.69
0.149624 2456.94
0.156225 2065.23
0.163117 2678.1
0.170314 1912.24
0.177828 2003.11
0.185674 2251.43
0.193865 1670.02
0.202418 2443.06
0.211349 2192.07
0.220673 2434.14
0.230409 2984.96
0.240575 1608.9
0.251189 3392.35
0.262271 3047.25
0.273842 2314.21
0.285924 3640.09
0.298538 2218.58
0.311709 1977.69
0.325462 3048.57
0.339821 2743.16
0.354813 1604.68
0.370467 3063.89
0.386812 3008.5
0.403878 3379.34
0.421697 2630.58
0.440301 2239.48
0.459727 2031.32
0.48001 3185.51
0.501187 2508.05
0.523299 2723.03
0.546387 3206.4
0.570493 3018.72
0.595662 3089.67
0.621942 1678.47
0.649382 3326.1
0.678032 2480.54
0.707946 3215.93
0.73918 2241.79
0.771792 2350.95
0.805842 2987.17
0.841395 2018.51
0.878517 1794.71
0.917276 1868.91
0.957745 1897.75
1 1909.74
1.04412 1749.91
1.09018 1480.92
1.13828 1828.67
1.1885 2021.77
1.24094 2344.84
1.29569 1737.68
1.35285 726.772
1.41254 1318.22
1.47486 1258.15
1.53993 849.13
1.60787 1361.18
1.6788 713.83
1.75287 584.611
1.83021 892.03
1.91095 714.915
1.99526 1055.78
2.08329 666.011
2.1752 1577.42
2.27117 1412.75
2.37137 1106.64
2.476 601.946
2.58523 802.077
2.69929 1157.89
2.81838 525.715
2.94273 507.878
3.07256 840.365
3.20812 836.927
3.34965 976.549
3.49744 624.76
3.65174 475.401
3.81285 581.64
3.98107 567.75
4.15671 477.485
4.3401 824.026
4.53158 885.27
4.73151 664.734
4.94026 409.877
5.15822 471.131
5.3858 556.413
5.62341 70.2882
5.87151 519.997
6.13056 473.947
6.40103 669.14
6.68344 533.944
6.97831 416.289
7.28618 332.236
7.60764 246.864
7.94328 433.144
8.29373 367.588
8.65964 195.339
9.0417 306.099
9.44061 238.951
9.85712 468.7
10.292 528.271
10.7461 253.43
11.2202 333.196
11.7152 93.3992
12.2321 361.611
12.7717 280.985
13.3352 218.824
13.9236 362.229
14.5378 500.836
15.1792 113.273
15.8489 58.6981
16.5482 176.373
17.2783 180.417
18.0406 245.737
18.8365 502.508
19.6675 95.9248
20.5353 221.506
21.4412 104.296
22.3872 148.307
23.3749 415.528
24.4062 250.839
25.483 122.863
26.6073 474.156
27.7811 854.264
29.0068 302.979
30.2866 287.508
31.6228 329.594
33.0179 176.005
34.4747 395.504
35.9956 90.8441
37.5837 647.543
39.2419 155.291
40.9732 258.476
42.7809 666.203
44.6684 188.626
46.6391 977.528
48.6968 310.599
50.8452 404.403
53.0884 699.251
55.4307 565.065
57.8762 474.459
60.4296 844.731
63.0957 376.654
65.8795 736.914
68.786 751.145
71.8208 539.343
74.9894 330.018
78.2979 430.908
81.7523 384.015
85.3591 523.725
89.1251 911.546
93.0572 157.196
97.1628 483.987
101.45 753.524
105.925 889.478
110.599 627.204
115.478 1023.41
120.573 441.12
125.893 754.297
131.447 758.097
137.246 822.307
143.301 1098.14
149.624 1102.79
156.225 790.255
163.117 1172.31
170.314 741.484
177.828 713.09
185.674 861.409
193.865 968.2
202.418 1592.35
211.349 1882.87
220.673 1773.96
230.409 1382.83
240.575 1215.63
251.189 1767.44
262.271 1926.26
273.842 2490.2
285.924 2165.6
298.538 3023.46
311.709 2747.25
325.462 2438
339.821 3246.02
354.813 3645.19
370.467 3416.24
386.812 2572.6
403.878 1613.75
421.697 1915.23
440.301 1660.07
459.727 1031.24
480.01 867.905
501.187 708.422
523.299 460.211
546.387 340.586
570.493 356.75
595.662 259.489
621.942 94.7441
649.382 0
678.032 229.814
707.946 366.63
739.18 207.409
771.792 78.6796
805.842 0
841.395 78.6139
878.517 0
917.276 106.066
957.745 114.949
1000 0
