# First line is two numbers 
#     First value is '2', it means 'histogram mode'
#     Second value is 'Emin' of the histogram
# Other lines : 2 columns. 1) energy 2) probability (nb divided by NbEvent)
# Number of bins = 480
# Content below the first bin: 0
# Content above the last  bin: 0
# Content above the last  bin: 0
# Number of events: 209000
2 1e-06
1.04412e-06 0
1.09018e-06 0
1.13828e-06 0
1.1885e-06 0
1.24094e-06 0
1.29569e-06 0
1.35285e-06 0
1.41254e-06 0
1.47486e-06 0
1.53993e-06 0
1.60787e-06 0
1.6788e-06 0
1.75287e-06 0
1.83021e-06 0
1.91095e-06 0
1.99526e-06 0
2.08329e-06 0
2.1752e-06 0
2.27117e-06 0
2.37137e-06 0
2.476e-06 0
2.58523e-06 0
2.69929e-06 0
2.81838e-06 0
2.94273e-06 0
3.07256e-06 0
3.20812e-06 0
3.34965e-06 0
3.49744e-06 0
3.65174e-06 0
3.81285e-06 0
3.98107e-06 0
4.15671e-06 0
4.3401e-06 0
4.53158e-06 0
4.73151e-06 0
4.94026e-06 0
5.15822e-06 0
5.3858e-06 0
5.62341e-06 0
5.87151e-06 0
6.13056e-06 0
6.40103e-06 0
6.68344e-06 0
6.97831e-06 0
7.28618e-06 0
7.60764e-06 0
7.94328e-06 0
8.29373e-06 0
8.65964e-06 0
9.0417e-06 0
9.44061e-06 0
9.85712e-06 0
1.0292e-05 0
1.07461e-05 0
1.12202e-05 0
1.17152e-05 0
1.22321e-05 0
1.27717e-05 0
1.33352e-05 0
1.39236e-05 0
1.45378e-05 0
1.51792e-05 0
1.58489e-05 0
1.65482e-05 0
1.72783e-05 0
1.80406e-05 0
1.88365e-05 0
1.96675e-05 0
2.05353e-05 0
2.14412e-05 0
2.23872e-05 0
2.33749e-05 0
2.44062e-05 0
2.5483e-05 0
2.66073e-05 0
2.77811e-05 0
2.90068e-05 0
3.02866e-05 0
3.16228e-05 0
3.30179e-05 0
3.44747e-05 0
3.59956e-05 0
3.75837e-05 0
3.92419e-05 0
4.09732e-05 0
4.27809e-05 0
4.46684e-05 0
4.66391e-05 0
4.86968e-05 0
5.08452e-05 0
5.30884e-05 0
5.54307e-05 0
5.78762e-05 0
6.04296e-05 0
6.30957e-05 0
6.58795e-05 0
6.8786e-05 0
7.18208e-05 0
7.49894e-05 0
7.82979e-05 0
8.17523e-05 0
8.53591e-05 0
8.91251e-05 0
9.30572e-05 0
9.71628e-05 0
0.00010145 0
0.000105925 0
0.000110599 0
0.000115478 0
0.000120573 0
0.000125893 0
0.000131447 0
0.000137246 0
0.000143301 0
0.000149624 0
0.000156225 0
0.000163117 0
0.000170314 0
0.000177828 0
0.000185674 0
0.000193865 0
0.000202418 0
0.000211349 0
0.000220673 0
0.000230409 0
0.000240575 0
0.000251189 0
0.000262271 0
0.000273842 0
0.000285924 0
0.000298538 0
0.000311709 0
0.000325462 0
0.000339821 0
0.000354813 0
0.000370467 0
0.000386812 0
0.000403878 0
0.000421697 0
0.000440301 0
0.000459727 0
0.00048001 0
0.000501187 0
0.000523299 0
0.000546387 0
0.000570493 0
0.000595662 0
0.000621942 0
0.000649382 0
0.000678032 0
0.000707946 0
0.00073918 0
0.000771792 0
0.000805842 0
0.000841395 0
0.000878517 0
0.000917276 0
0.000957745 0
0.001 0
0.00104412 0
0.00109018 0
0.00113828 0
0.0011885 0
0.00124094 0
0.00129569 0
0.00135285 0
0.00141254 0
0.00147486 0
0.00153993 0
0.00160787 0
0.0016788 0
0.00175287 0
0.00183021 0
0.00191095 0
0.00199526 0
0.00208329 0
0.0021752 0
0.00227117 0
0.00237137 0
0.002476 0
0.00258523 0
0.00269929 0
0.00281838 0
0.00294273 0
0.00307256 0
0.00320812 0
0.00334965 0
0.00349744 0
0.00365174 0
0.00381285 0
0.00398107 0
0.00415671 0
0.0043401 0
0.00453158 0
0.00473151 0
0.00494026 0
0.00515822 0
0.0053858 0
0.00562341 0
0.00587151 0
0.00613056 0
0.00640103 0
0.00668344 0
0.00697831 0
0.00728618 0
0.00760764 0
0.00794328 0
0.00829373 0
0.00865964 0
0.0090417 104.43
0.00944061 0
0.00985712 0
0.010292 48.1951
0.0107461 0
0.0112202 0
0.0117152 0
0.0122321 0
0.0127717 0
0.0133352 0
0.0139236 0
0.0145378 0
0.0151792 0
0.0158489 0
0.0165482 0
0.0172783 0
0.0180406 0
0.0188365 0
0.0196675 0
0.0205353 0
0.0214412 0
0.0223872 0
0.0233749 0
0.0244062 105.02
0.025483 0
0.0266073 0
0.0277811 0
0.0290068 0
0.0302866 0
0.0316228 0
0.0330179 0
0.0344747 0
0.0359956 0
0.0375837 116.204
0.0392419 0
0.0409732 0
0.0427809 0
0.0446684 0
0.0466391 0
0.0486968 43.4761
0.0508452 0
0.0530884 0
0.0554307 0
0.0578762 0
0.0604296 119.483
0.0630957 65.0948
0.0658795 70.8044
0.068786 97.1791
0.0718208 0
0.0749894 0
0.0782979 170.618
0.0817523 86.6769
0.0853591 0
0.0891251 111.478
0.0930572 86.2164
0.0971628 0
0.10145 0
0.105925 93.4331
0.110599 52.5123
0.115478 91.7784
0.120573 0
0.125893 0
0.131447 103.877
0.137246 0
0.143301 136.746
0.149624 18.7394
0.156225 20.5274
0.163117 195.259
0.170314 0
0.177828 234.108
0.185674 110.422
0.193865 102.626
0.202418 94.0946
0.211349 151.753
0.220673 402.051
0.230409 134.139
0.240575 163.168
0.251189 24.2008
0.262271 101.234
0.273842 80.5141
0.285924 92.5397
0.298538 387.324
0.311709 155.924
0.325462 184.39
0.339821 528.316
0.354813 300.055
0.370467 170.966
0.386812 149.818
0.403878 254.613
0.421697 120.543
0.440301 157.029
0.459727 209.489
0.48001 449.21
0.501187 167.265
0.523299 112.68
0.546387 189.482
0.570493 0
0.595662 252.801
0.621942 0
0.649382 221.844
0.678032 230.452
0.707946 183.755
0.73918 192.725
0.771792 698.919
0.805842 157.382
0.841395 371.56
0.878517 315.474
0.917276 427.312
0.957745 301.688
1 479.047
1.04412 103.954
1.09018 0
1.13828 241.517
1.1885 126.653
1.24094 188.304
1.29569 535.91
1.35285 301.584
1.41254 37.0904
1.47486 106.969
1.53993 106.781
1.60787 27.4809
1.6788 76.0835
1.75287 342.342
1.83021 347.401
1.91095 28.0666
1.99526 354.351
2.08329 247.337
2.1752 161.723
2.27117 225.602
2.37137 226.947
2.476 321.86
2.58523 288.157
2.69929 0
2.81838 0
2.94273 0
3.07256 84.7127
3.20812 188.871
3.34965 348.916
3.49744 209.182
3.65174 0
3.81285 0
3.98107 104.765
4.15671 253.969
4.3401 156.29
4.53158 0
4.73151 160.823
4.94026 0
5.15822 170.861
5.3858 0
5.62341 169.897
5.87151 193.645
6.13056 68.2711
6.40103 78.0369
6.68344 0
6.97831 106.506
7.28618 85.4059
7.60764 82.5231
7.94328 157.542
8.29373 87.4196
8.65964 149.902
9.0417 0
9.44061 75.7228
9.85712 13.2286
10.292 288.483
10.7461 0
11.2202 102.459
11.7152 376.504
12.2321 0
12.7717 227.007
13.3352 0
13.9236 237.552
14.5378 58.7642
15.1792 69.0731
15.8489 93.0716
16.5482 0
17.2783 0
18.0406 44.8693
18.8365 0
19.6675 33.9625
20.5353 97.4629
21.4412 158.314
22.3872 154.578
23.3749 189.098
24.4062 0
25.483 0
26.6073 19.902
27.7811 106.238
29.0068 118.592
30.2866 0
31.6228 104.044
33.0179 12.4512
34.4747 281.536
35.9956 0
37.5837 0
39.2419 0
40.9732 0
42.7809 121.716
44.6684 0
46.6391 0
48.6968 69.5927
50.8452 151.916
53.0884 90.7617
55.4307 89.8885
57.8762 166.109
60.4296 215.114
63.0957 136.223
65.8795 335.18
68.786 196.358
71.8208 275.417
74.9894 0
78.2979 0
81.7523 236.014
85.3591 191.547
89.1251 244.393
93.0572 218.616
97.1628 70.6598
101.45 296.263
105.925 149.668
110.599 197.773
115.478 116.164
120.573 107.97
125.893 142.66
131.447 273.951
137.246 0
143.301 87.3612
149.624 281.145
156.225 587.806
163.117 272.447
170.314 103.326
177.828 73.397
185.674 270.838
193.865 535.154
202.418 459.375
211.349 142.946
220.673 499.564
230.409 386.571
240.575 316.702
251.189 365.116
262.271 613.329
273.842 452.6
285.924 482.41
298.538 543.449
311.709 1037.1
325.462 878.858
339.821 1583.4
354.813 966.787
370.467 573.879
386.812 1001.87
403.878 797.216
421.697 531.628
440.301 775.819
459.727 612.67
480.01 524.861
501.187 0
523.299 250.937
546.387 17.3945
570.493 363.353
595.662 0
621.942 232.677
649.382 92.9552
678.032 0
707.946 0
739.18 0
771.792 0
805.842 0
841.395 0
878.517 0
917.276 0
957.745 0
1000 74.6013
