# First line is two numbers 
#     First value is '2', it means 'histogram mode'
#     Second value is 'Emin' of the histogram
# Other lines : 2 columns. 1) energy 2) probability (nb divided by NbEvent)
# Number of bins = 480
# Content below the first bin: 0
# Content above the last  bin: 0
# Content above the last  bin: 0
# Number of events: 209000
2 1e-06
1.04412e-06 0
1.09018e-06 0
1.13828e-06 0
1.1885e-06 0
1.24094e-06 0
1.29569e-06 0
1.35285e-06 0
1.41254e-06 0
1.47486e-06 0
1.53993e-06 0
1.60787e-06 0
1.6788e-06 0
1.75287e-06 0
1.83021e-06 0
1.91095e-06 0
1.99526e-06 0
2.08329e-06 0
2.1752e-06 0
2.27117e-06 0
2.37137e-06 0
2.476e-06 0
2.58523e-06 0
2.69929e-06 0
2.81838e-06 0
2.94273e-06 0
3.07256e-06 0
3.20812e-06 0
3.34965e-06 0
3.49744e-06 0
3.65174e-06 0
3.81285e-06 0
3.98107e-06 0
4.15671e-06 0
4.3401e-06 0
4.53158e-06 0
4.73151e-06 0
4.94026e-06 0
5.15822e-06 0
5.3858e-06 0
5.62341e-06 0
5.87151e-06 0
6.13056e-06 0
6.40103e-06 0
6.68344e-06 0
6.97831e-06 0
7.28618e-06 0
7.60764e-06 0
7.94328e-06 0
8.29373e-06 0
8.65964e-06 0
9.0417e-06 0
9.44061e-06 0
9.85712e-06 0
1.0292e-05 0
1.07461e-05 0
1.12202e-05 0
1.17152e-05 0
1.22321e-05 0
1.27717e-05 0
1.33352e-05 0
1.39236e-05 0
1.45378e-05 0
1.51792e-05 0
1.58489e-05 0
1.65482e-05 0
1.72783e-05 0
1.80406e-05 0
1.88365e-05 0
1.96675e-05 0
2.05353e-05 0
2.14412e-05 0
2.23872e-05 0
2.33749e-05 0
2.44062e-05 0
2.5483e-05 0
2.66073e-05 0
2.77811e-05 0
2.90068e-05 0
3.02866e-05 0
3.16228e-05 0
3.30179e-05 0
3.44747e-05 0
3.59956e-05 0
3.75837e-05 0
3.92419e-05 0
4.09732e-05 0
4.27809e-05 0
4.46684e-05 0
4.66391e-05 0
4.86968e-05 0
5.08452e-05 0
5.30884e-05 0
5.54307e-05 0
5.78762e-05 0
6.04296e-05 0
6.30957e-05 0
6.58795e-05 0
6.8786e-05 0
7.18208e-05 0
7.49894e-05 0
7.82979e-05 0
8.17523e-05 0
8.53591e-05 0
8.91251e-05 0
9.30572e-05 0
9.71628e-05 0
0.00010145 0
0.000105925 0
0.000110599 0
0.000115478 0
0.000120573 0
0.000125893 0
0.000131447 0
0.000137246 0
0.000143301 0
0.000149624 0
0.000156225 0
0.000163117 0
0.000170314 0
0.000177828 0
0.000185674 0
0.000193865 0
0.000202418 0
0.000211349 0
0.000220673 0
0.000230409 0
0.000240575 0
0.000251189 0
0.000262271 0
0.000273842 0
0.000285924 0
0.000298538 0
0.000311709 0
0.000325462 0
0.000339821 0
0.000354813 0
0.000370467 0
0.000386812 0
0.000403878 0
0.000421697 0
0.000440301 0
0.000459727 0
0.00048001 0
0.000501187 0
0.000523299 0
0.000546387 0
0.000570493 0
0.000595662 0
0.000621942 0
0.000649382 0
0.000678032 0
0.000707946 0
0.00073918 0
0.000771792 0
0.000805842 0
0.000841395 0
0.000878517 0
0.000917276 0
0.000957745 0
0.001 0
0.00104412 0
0.00109018 0
0.00113828 0
0.0011885 0
0.00124094 0
0.00129569 0
0.00135285 0
0.00141254 0
0.00147486 0
0.00153993 0
0.00160787 0
0.0016788 0
0.00175287 0
0.00183021 0
0.00191095 0
0.00199526 0
0.00208329 0
0.0021752 0
0.00227117 0
0.00237137 0
0.002476 0
0.00258523 0
0.00269929 0
0.00281838 0
0.00294273 0
0.00307256 0
0.00320812 0
0.00334965 0
0.00349744 0
0.00365174 0
0.00381285 0
0.00398107 0
0.00415671 0
0.0043401 0
0.00453158 0
0.00473151 0
0.00494026 0
0.00515822 0
0.0053858 0
0.00562341 0
0.00587151 0
0.00613056 0
0.00640103 0
0.00668344 0
0.00697831 0
0.00728618 0
0.00760764 0
0.00794328 0
0.00829373 0
0.00865964 0
0.0090417 0
0.00944061 0
0.00985712 0
0.010292 81.7779
0.0107461 0
0.0112202 0
0.0117152 30.971
0.0122321 0
0.0127717 0
0.0133352 0
0.0139236 0
0.0145378 0
0.0151792 0
0.0158489 0
0.0165482 0
0.0172783 0
0.0180406 0
0.0188365 0
0.0196675 0
0.0205353 0
0.0214412 0
0.0223872 0
0.0233749 0
0.0244062 0
0.025483 0
0.0266073 0
0.0277811 0
0.0290068 0
0.0302866 0
0.0316228 0
0.0330179 218.066
0.0344747 0
0.0359956 63.4071
0.0375837 0
0.0392419 0
0.0409732 82.215
0.0427809 0
0.0446684 0
0.0466391 0
0.0486968 77.6229
0.0508452 0
0.0530884 0
0.0554307 0
0.0578762 105.363
0.0604296 0
0.0630957 0
0.0658795 0
0.068786 61.3043
0.0718208 0
0.0749894 0
0.0782979 0
0.0817523 76.6242
0.0853591 0
0.0891251 91.431
0.0930572 0
0.0971628 0
0.10145 119.344
0.105925 0
0.110599 276.721
0.115478 0
0.120573 283.68
0.125893 116.566
0.131447 134.101
0.137246 80.5718
0.143301 89.6178
0.149624 57.2135
0.156225 141.728
0.163117 173.463
0.170314 52.5802
0.177828 50.2088
0.185674 66.3487
0.193865 94.9308
0.202418 218.668
0.211349 318.376
0.220673 134.078
0.230409 283.953
0.240575 60.642
0.251189 90.8559
0.262271 66.3609
0.273842 383.601
0.285924 186.642
0.298538 96.1534
0.311709 169.825
0.325462 169.982
0.339821 341.378
0.354813 266.808
0.370467 0
0.386812 294.12
0.403878 174.726
0.421697 293.884
0.440301 160.242
0.459727 157.054
0.48001 74.006
0.501187 110.867
0.523299 214.178
0.546387 449.963
0.570493 479.161
0.595662 90.1377
0.621942 522.808
0.649382 314.665
0.678032 368.366
0.707946 324.885
0.73918 237.667
0.771792 385.822
0.805842 356.414
0.841395 0
0.878517 112.888
0.917276 146.549
0.957745 151.468
1 151.479
1.04412 54.2561
1.09018 182.242
1.13828 216.006
1.1885 158.424
1.24094 256.323
1.29569 362.077
1.35285 307.838
1.41254 114.429
1.47486 196.718
1.53993 180.716
1.60787 232.935
1.6788 368.257
1.75287 103.593
1.83021 90.6995
1.91095 150.844
1.99526 188.966
2.08329 162.001
2.1752 0
2.27117 193.365
2.37137 120.99
2.476 43.5605
2.58523 104.898
2.69929 103.936
2.81838 163.063
2.94273 188.177
3.07256 0
3.20812 334.252
3.34965 154.558
3.49744 21.4834
3.65174 217.621
3.81285 55.0497
3.98107 0
4.15671 70.88
4.3401 242.974
4.53158 238.293
4.73151 83.857
4.94026 88.3148
5.15822 0
5.3858 211.537
5.62341 0
5.87151 453.967
6.13056 68.4625
6.40103 323.732
6.68344 139.444
6.97831 498.615
7.28618 62.6704
7.60764 0
7.94328 80.6432
8.29373 193.387
8.65964 64.0914
9.0417 38.4357
9.44061 49.1451
9.85712 172.218
10.292 64.4126
10.7461 164.026
11.2202 184.072
11.7152 0
12.2321 154.624
12.7717 0
13.3352 0
13.9236 152.391
14.5378 0
15.1792 165.701
15.8489 95.1853
16.5482 37.9365
17.2783 183.924
18.0406 80.9381
18.8365 0
19.6675 129.542
20.5353 0
21.4412 0
22.3872 89.4265
23.3749 102.688
24.4062 0
25.483 229.892
26.6073 0
27.7811 97.1123
29.0068 224.139
30.2866 120.097
31.6228 36.721
33.0179 52.1307
34.4747 165.702
35.9956 207.237
37.5837 0
39.2419 111.927
40.9732 26.1772
42.7809 109.09
44.6684 282.649
46.6391 0
48.6968 21.0373
50.8452 49.9055
53.0884 153.793
55.4307 101.888
57.8762 65.4568
60.4296 318.437
63.0957 148.318
65.8795 154.432
68.786 354.075
71.8208 101.685
74.9894 219.149
78.2979 604.398
81.7523 359.073
85.3591 378.352
89.1251 198.325
93.0572 112.747
97.1628 123.726
101.45 25.0259
105.925 112.631
110.599 94.1271
115.478 153.562
120.573 118.223
125.893 0
131.447 86.9501
137.246 267.689
143.301 0
149.624 313.936
156.225 271.847
163.117 0
170.314 51.652
177.828 205.19
185.674 132.194
193.865 326.37
202.418 234.247
211.349 419.112
220.673 228.863
230.409 127.904
240.575 502.924
251.189 278.905
262.271 1377.33
273.842 404.746
285.924 224.578
298.538 338.933
311.709 440.675
325.462 1165.89
339.821 742.11
354.813 778.749
370.467 1490.44
386.812 1098.23
403.878 1103.51
421.697 366.489
440.301 719.383
459.727 308.063
480.01 666.272
501.187 529.023
523.299 107.704
546.387 388.406
570.493 0
595.662 45.7488
621.942 112.06
649.382 0
678.032 0
707.946 223.583
739.18 0
771.792 0
805.842 0
841.395 0
878.517 0
917.276 18.2701
957.745 188.444
1000 0
