# First line is two numbers 
#     First value is '2', it means 'histogram mode'
#     Second value is 'Emin' of the histogram
# Other lines : 2 columns. 1) energy 2) probability (nb divided by NbEvent)
# Number of bins = 480
# Content below the first bin: 0
# Content above the last  bin: 0
# Content above the last  bin: 0
# Number of events: 209000
2 1e-06
1.04412e-06 0
1.09018e-06 0
1.13828e-06 0
1.1885e-06 0
1.24094e-06 0
1.29569e-06 0
1.35285e-06 0
1.41254e-06 0
1.47486e-06 0
1.53993e-06 0
1.60787e-06 0
1.6788e-06 0
1.75287e-06 0
1.83021e-06 0
1.91095e-06 0
1.99526e-06 0
2.08329e-06 0
2.1752e-06 0
2.27117e-06 0
2.37137e-06 0
2.476e-06 0
2.58523e-06 0
2.69929e-06 0
2.81838e-06 0
2.94273e-06 0
3.07256e-06 0
3.20812e-06 0
3.34965e-06 0
3.49744e-06 0
3.65174e-06 0
3.81285e-06 0
3.98107e-06 0
4.15671e-06 0
4.3401e-06 0
4.53158e-06 0
4.73151e-06 0
4.94026e-06 0
5.15822e-06 0
5.3858e-06 0
5.62341e-06 0
5.87151e-06 0
6.13056e-06 0
6.40103e-06 0
6.68344e-06 0
6.97831e-06 0
7.28618e-06 0
7.60764e-06 0
7.94328e-06 0
8.29373e-06 0
8.65964e-06 0
9.0417e-06 0
9.44061e-06 0
9.85712e-06 0
1.0292e-05 0
1.07461e-05 0
1.12202e-05 0
1.17152e-05 0
1.22321e-05 0
1.27717e-05 0
1.33352e-05 0
1.39236e-05 0
1.45378e-05 0
1.51792e-05 0
1.58489e-05 0
1.65482e-05 0
1.72783e-05 0
1.80406e-05 0
1.88365e-05 0
1.96675e-05 0
2.05353e-05 0
2.14412e-05 0
2.23872e-05 0
2.33749e-05 0
2.44062e-05 0
2.5483e-05 0
2.66073e-05 0
2.77811e-05 0
2.90068e-05 0
3.02866e-05 0
3.16228e-05 0
3.30179e-05 0
3.44747e-05 0
3.59956e-05 0
3.75837e-05 0
3.92419e-05 0
4.09732e-05 0
4.27809e-05 0
4.46684e-05 0
4.66391e-05 0
4.86968e-05 0
5.08452e-05 0
5.30884e-05 0
5.54307e-05 0
5.78762e-05 0
6.04296e-05 0
6.30957e-05 0
6.58795e-05 0
6.8786e-05 0
7.18208e-05 0
7.49894e-05 0
7.82979e-05 0
8.17523e-05 0
8.53591e-05 0
8.91251e-05 0
9.30572e-05 0
9.71628e-05 0
0.00010145 0
0.000105925 0
0.000110599 0
0.000115478 0
0.000120573 0
0.000125893 0
0.000131447 0
0.000137246 0
0.000143301 0
0.000149624 0
0.000156225 0
0.000163117 0
0.000170314 0
0.000177828 0
0.000185674 0
0.000193865 0
0.000202418 0
0.000211349 0
0.000220673 0
0.000230409 0
0.000240575 0
0.000251189 0
0.000262271 0
0.000273842 0
0.000285924 0
0.000298538 0
0.000311709 0
0.000325462 0
0.000339821 0
0.000354813 0
0.000370467 0
0.000386812 0
0.000403878 0
0.000421697 0
0.000440301 0
0.000459727 0
0.00048001 0
0.000501187 0
0.000523299 0
0.000546387 0
0.000570493 0
0.000595662 0
0.000621942 0
0.000649382 0
0.000678032 0
0.000707946 0
0.00073918 0
0.000771792 0
0.000805842 0
0.000841395 0
0.000878517 0
0.000917276 0
0.000957745 0
0.001 0
0.00104412 0
0.00109018 0
0.00113828 0
0.0011885 0
0.00124094 0
0.00129569 0
0.00135285 0
0.00141254 0
0.00147486 0
0.00153993 0
0.00160787 0
0.0016788 0
0.00175287 0
0.00183021 0
0.00191095 0
0.00199526 0
0.00208329 0
0.0021752 0
0.00227117 0
0.00237137 0
0.002476 0
0.00258523 0
0.00269929 0
0.00281838 0
0.00294273 0
0.00307256 0
0.00320812 0
0.00334965 0
0.00349744 0
0.00365174 0
0.00381285 0
0.00398107 0
0.00415671 0
0.0043401 0
0.00453158 0
0.00473151 0
0.00494026 89.2271
0.00515822 0
0.0053858 0
0.00562341 0
0.00587151 0
0.00613056 0
0.00640103 0
0.00668344 0
0.00697831 0
0.00728618 0
0.00760764 0
0.00794328 0
0.00829373 0
0.00865964 0
0.0090417 0
0.00944061 0
0.00985712 0
0.010292 0
0.0107461 0
0.0112202 0
0.0117152 0
0.0122321 0
0.0127717 0
0.0133352 0
0.0139236 0
0.0145378 0
0.0151792 0
0.0158489 0
0.0165482 0
0.0172783 0
0.0180406 0
0.0188365 0
0.0196675 0
0.0205353 0
0.0214412 0
0.0223872 104.406
0.0233749 0
0.0244062 0
0.025483 0
0.0266073 0
0.0277811 0
0.0290068 0
0.0302866 0
0.0316228 0
0.0330179 0
0.0344747 0
0.0359956 0
0.0375837 112.529
0.0392419 119.626
0.0409732 0
0.0427809 100.594
0.0446684 0
0.0466391 0
0.0486968 87.5917
0.0508452 0
0.0530884 0
0.0554307 0
0.0578762 0
0.0604296 0
0.0630957 0
0.0658795 82.3856
0.068786 0
0.0718208 128.642
0.0749894 74.497
0.0782979 214.539
0.0817523 0
0.0853591 0
0.0891251 0
0.0930572 179.672
0.0971628 0
0.10145 119.977
0.105925 0
0.110599 0
0.115478 327.244
0.120573 264.305
0.125893 68.82
0.131447 352.794
0.137246 107.477
0.143301 0
0.149624 99.7068
0.156225 0
0.163117 71.508
0.170314 174.473
0.177828 138.159
0.185674 114.919
0.193865 65.2722
0.202418 213.238
0.211349 316.559
0.220673 411.051
0.230409 265.798
0.240575 111.418
0.251189 202.339
0.262271 84.2218
0.273842 237.97
0.285924 32.2484
0.298538 111.449
0.311709 81.015
0.325462 48.7904
0.339821 287.827
0.354813 97.7867
0.370467 197.902
0.386812 238.291
0.403878 264.955
0.421697 286.426
0.440301 484.428
0.459727 361.55
0.48001 397.258
0.501187 192.36
0.523299 0
0.546387 354.73
0.570493 501.786
0.595662 393.423
0.621942 247.673
0.649382 598.826
0.678032 270.317
0.707946 102.957
0.73918 331.889
0.771792 290.8
0.805842 281.899
0.841395 156.082
0.878517 278.912
0.917276 153.508
0.957745 194.979
1 47.7561
1.04412 393.657
1.09018 211.332
1.13828 138.542
1.1885 253.56
1.24094 237.148
1.29569 154.009
1.35285 364.963
1.41254 195.59
1.47486 209.999
1.53993 49.6776
1.60787 0
1.6788 206.865
1.75287 68.6141
1.83021 101.058
1.91095 309.269
1.99526 147.452
2.08329 84.5675
2.1752 366.086
2.27117 108.739
2.37137 36.5942
2.476 0
2.58523 90.0093
2.69929 206.338
2.81838 259.435
2.94273 34.7116
3.07256 217.557
3.20812 213.822
3.34965 218.295
3.49744 103.76
3.65174 0
3.81285 68.5194
3.98107 0
4.15671 293.144
4.3401 65.4006
4.53158 90.097
4.73151 216.802
4.94026 71.8372
5.15822 117.887
5.3858 128.121
5.62341 95.1871
5.87151 79.3254
6.13056 244.703
6.40103 156.653
6.68344 0
6.97831 79.7125
7.28618 0
7.60764 60.2543
7.94328 214.793
8.29373 149.808
8.65964 0
9.0417 335.847
9.44061 54.3039
9.85712 301.805
10.292 103.938
10.7461 75.6519
11.2202 0
11.7152 117.854
12.2321 106.588
12.7717 0
13.3352 310.847
13.9236 0
14.5378 39.2359
15.1792 94.8406
15.8489 105.404
16.5482 48.17
17.2783 0
18.0406 139.818
18.8365 168.56
19.6675 75.1184
20.5353 177.968
21.4412 96.4039
22.3872 60.0378
23.3749 0
24.4062 91.2633
25.483 0
26.6073 0
27.7811 348.664
29.0068 230.018
30.2866 90.9282
31.6228 0
33.0179 204.4
34.4747 107.832
35.9956 96.2587
37.5837 74.8431
39.2419 60.3306
40.9732 398.701
42.7809 54.8813
44.6684 0
46.6391 115.699
48.6968 218.964
50.8452 43.6151
53.0884 0
55.4307 52.4532
57.8762 0
60.4296 123.533
63.0957 0
65.8795 104.619
68.786 235.056
71.8208 192.975
74.9894 374.563
78.2979 165.77
81.7523 111.457
85.3591 192.477
89.1251 215.572
93.0572 198.466
97.1628 189.717
101.45 341.727
105.925 151.293
110.599 96.8431
115.478 338.175
120.573 0
125.893 298.523
131.447 272.973
137.246 99.6361
143.301 117.138
149.624 216.951
156.225 483.752
163.117 379.222
170.314 0
177.828 108.322
185.674 181.693
193.865 541.421
202.418 83.1254
211.349 289.29
220.673 172.766
230.409 50.6753
240.575 0
251.189 619.544
262.271 301.838
273.842 477.853
285.924 786.05
298.538 702.714
311.709 829.369
325.462 869.079
339.821 1251.05
354.813 656.216
370.467 1366.61
386.812 942.453
403.878 652.733
421.697 870.545
440.301 326.059
459.727 138.458
480.01 560.57
501.187 321.094
523.299 286.403
546.387 108.744
570.493 224.127
595.662 0
621.942 0
649.382 0
678.032 0
707.946 72.3815
739.18 0
771.792 0
805.842 0
841.395 0
878.517 0
917.276 0
957.745 0
1000 0
