# First line is two numbers 
#     First value is '2', it means 'histogram mode'
#     Second value is 'Emin' of the histogram
# Other lines : 2 columns. 1) energy 2) probability (nb divided by NbEvent)
# Number of bins = 480
# Content below the first bin: 0
# Content above the last  bin: 0
# Content above the last  bin: 0
# Number of events: 400000
2 1e-06
1.04412e-06 0
1.09018e-06 0
1.13828e-06 0
1.1885e-06 0
1.24094e-06 0
1.29569e-06 0
1.35285e-06 0
1.41254e-06 0
1.47486e-06 0
1.53993e-06 0
1.60787e-06 0
1.6788e-06 0
1.75287e-06 0
1.83021e-06 0
1.91095e-06 0
1.99526e-06 0
2.08329e-06 0
2.1752e-06 0
2.27117e-06 0
2.37137e-06 0
2.476e-06 0
2.58523e-06 0
2.69929e-06 0
2.81838e-06 0
2.94273e-06 0
3.07256e-06 0
3.20812e-06 0
3.34965e-06 0
3.49744e-06 0
3.65174e-06 0
3.81285e-06 0
3.98107e-06 0
4.15671e-06 0
4.3401e-06 0
4.53158e-06 0
4.73151e-06 0
4.94026e-06 0
5.15822e-06 0
5.3858e-06 0
5.62341e-06 0
5.87151e-06 0
6.13056e-06 0
6.40103e-06 0
6.68344e-06 0
6.97831e-06 0
7.28618e-06 0
7.60764e-06 0
7.94328e-06 0
8.29373e-06 0
8.65964e-06 0
9.0417e-06 0
9.44061e-06 0
9.85712e-06 0
1.0292e-05 0
1.07461e-05 0
1.12202e-05 0
1.17152e-05 0
1.22321e-05 0
1.27717e-05 0
1.33352e-05 0
1.39236e-05 0
1.45378e-05 0
1.51792e-05 0
1.58489e-05 0
1.65482e-05 0
1.72783e-05 0
1.80406e-05 0
1.88365e-05 0
1.96675e-05 0
2.05353e-05 0
2.14412e-05 0
2.23872e-05 0
2.33749e-05 0
2.44062e-05 0
2.5483e-05 0
2.66073e-05 0
2.77811e-05 0
2.90068e-05 0
3.02866e-05 0
3.16228e-05 0
3.30179e-05 0
3.44747e-05 0
3.59956e-05 0
3.75837e-05 0
3.92419e-05 0
4.09732e-05 0
4.27809e-05 0
4.46684e-05 0
4.66391e-05 0
4.86968e-05 0
5.08452e-05 0
5.30884e-05 0
5.54307e-05 0
5.78762e-05 0
6.04296e-05 0
6.30957e-05 0
6.58795e-05 0
6.8786e-05 0
7.18208e-05 0
7.49894e-05 0
7.82979e-05 0
8.17523e-05 0
8.53591e-05 0
8.91251e-05 0
9.30572e-05 0
9.71628e-05 0
0.00010145 0
0.000105925 0
0.000110599 0
0.000115478 0
0.000120573 0
0.000125893 0
0.000131447 0
0.000137246 0
0.000143301 0
0.000149624 0
0.000156225 0
0.000163117 0
0.000170314 0
0.000177828 0
0.000185674 0
0.000193865 0
0.000202418 0
0.000211349 0
0.000220673 0
0.000230409 0
0.000240575 0
0.000251189 0
0.000262271 0
0.000273842 0
0.000285924 0
0.000298538 0
0.000311709 0
0.000325462 0
0.000339821 0
0.000354813 0
0.000370467 0
0.000386812 0
0.000403878 0
0.000421697 0
0.000440301 0
0.000459727 0
0.00048001 0
0.000501187 0
0.000523299 0
0.000546387 0
0.000570493 0
0.000595662 0
0.000621942 0
0.000649382 0
0.000678032 0
0.000707946 0
0.00073918 0
0.000771792 0
0.000805842 0
0.000841395 0
0.000878517 0
0.000917276 0
0.000957745 0
0.001 0
0.00104412 0
0.00109018 0
0.00113828 0
0.0011885 0
0.00124094 0
0.00129569 0
0.00135285 0
0.00141254 0
0.00147486 0
0.00153993 0
0.00160787 0
0.0016788 0
0.00175287 0
0.00183021 0
0.00191095 0
0.00199526 0
0.00208329 0
0.0021752 0
0.00227117 0
0.00237137 0
0.002476 0
0.00258523 0
0.00269929 0
0.00281838 0
0.00294273 0
0.00307256 0
0.00320812 0
0.00334965 0
0.00349744 0
0.00365174 0
0.00381285 0
0.00398107 0
0.00415671 0
0.0043401 0
0.00453158 77.602
0.00473151 0
0.00494026 0
0.00515822 0
0.0053858 0
0.00562341 0
0.00587151 0
0.00613056 0
0.00640103 0
0.00668344 0
0.00697831 0
0.00728618 0
0.00760764 0
0.00794328 0
0.00829373 0
0.00865964 0
0.0090417 0
0.00944061 0
0.00985712 0
0.010292 0
0.0107461 0
0.0112202 0
0.0117152 0
0.0122321 0
0.0127717 0
0.0133352 0
0.0139236 0
0.0145378 0
0.0151792 0
0.0158489 0
0.0165482 0
0.0172783 0
0.0180406 0
0.0188365 0
0.0196675 0
0.0205353 0
0.0214412 0
0.0223872 0
0.0233749 105.336
0.0244062 217.74
0.025483 216.1
0.0266073 0
0.0277811 0
0.0290068 0
0.0302866 0
0.0316228 0
0.0330179 0
0.0344747 12.4059
0.0359956 0
0.0375837 0
0.0392419 331.792
0.0409732 0
0.0427809 0
0.0446684 199.456
0.0466391 0
0.0486968 0
0.0508452 82.2994
0.0530884 36.0209
0.0554307 0
0.0578762 0
0.0604296 0
0.0630957 104.821
0.0658795 0
0.068786 0
0.0718208 462.587
0.0749894 320.206
0.0782979 214.247
0.0817523 57.8768
0.0853591 373.292
0.0891251 0
0.0930572 0
0.0971628 0
0.10145 0
0.105925 202.572
0.110599 209.945
0.115478 315.376
0.120573 94.1175
0.125893 240.966
0.131447 580.857
0.137246 928.832
0.143301 345.173
0.149624 118.75
0.156225 259.013
0.163117 620.587
0.170314 430.466
0.177828 250.635
0.185674 1181.09
0.193865 180.798
0.202418 155.563
0.211349 169.268
0.220673 499.376
0.230409 395.506
0.240575 863.639
0.251189 911.512
0.262271 304.503
0.273842 908.127
0.285924 95.6283
0.298538 1805.26
0.311709 2009.66
0.325462 1234.05
0.339821 1128.13
0.354813 2407.02
0.370467 941.051
0.386812 2125.17
0.403878 480.647
0.421697 553.763
0.440301 826.429
0.459727 865.612
0.48001 878.182
0.501187 1122.07
0.523299 1149.17
0.546387 1702.33
0.570493 1047.06
0.595662 1443.26
0.621942 2901.87
0.649382 2602.81
0.678032 2059.22
0.707946 2170.22
0.73918 1303.9
0.771792 2175.25
0.805842 916.625
0.841395 938.47
0.878517 826.4
0.917276 1362.66
0.957745 2261.85
1 929.966
1.04412 971.165
1.09018 1203.32
1.13828 1373.56
1.1885 1212.33
1.24094 1660.69
1.29569 1431.27
1.35285 1375.87
1.41254 1891.27
1.47486 993.175
1.53993 1816.52
1.60787 709.834
1.6788 1154.71
1.75287 1220.72
1.83021 1174
1.91095 959.439
1.99526 1047.24
2.08329 924.696
2.1752 1070.29
2.27117 1194.96
2.37137 804.933
2.476 853.944
2.58523 587.984
2.69929 650.538
2.81838 1055.91
2.94273 983.173
3.07256 844
3.20812 386.614
3.34965 210.156
3.49744 873.291
3.65174 749.84
3.81285 816.35
3.98107 315.522
4.15671 736.075
4.3401 719.677
4.53158 203.624
4.73151 1089.56
4.94026 523.693
5.15822 207.39
5.3858 136.398
5.62341 350.73
5.87151 408.079
6.13056 601.602
6.40103 507.551
6.68344 406.503
6.97831 459.828
7.28618 335.423
7.60764 514.323
7.94328 644.11
8.29373 294.344
8.65964 184.008
9.0417 342.123
9.44061 261.256
9.85712 499.018
10.292 294.343
10.7461 112.045
11.2202 294.174
11.7152 224.329
12.2321 394.223
12.7717 168.59
13.3352 486.993
13.9236 670.547
14.5378 597.439
15.1792 745.875
15.8489 122.661
16.5482 979.359
17.2783 312.834
18.0406 697.881
18.8365 744.064
19.6675 439.049
20.5353 0
21.4412 331.856
22.3872 680.124
23.3749 586.973
24.4062 592.853
25.483 592.026
26.6073 972.443
27.7811 542.123
29.0068 635.84
30.2866 526.79
31.6228 470.4
33.0179 758.365
34.4747 667.679
35.9956 957.262
37.5837 681.47
39.2419 714.823
40.9732 188.634
42.7809 1180.89
44.6684 560.487
46.6391 1072.53
48.6968 829.497
50.8452 584.087
53.0884 928.864
55.4307 1217.09
57.8762 1698.68
60.4296 884.088
63.0957 808.245
65.8795 994.456
68.786 1026.38
71.8208 807.159
74.9894 744.062
78.2979 1220.65
81.7523 1024.1
85.3591 866.996
89.1251 1825.88
93.0572 1524.45
97.1628 1911.02
101.45 1219.44
105.925 2244.95
110.599 1556.05
115.478 1568.82
120.573 1436.62
125.893 1013.76
131.447 1648.57
137.246 2815.68
143.301 2016.15
149.624 2034.87
156.225 1194
163.117 1772.4
170.314 1066.63
177.828 1946.9
185.674 1970.21
193.865 2275.36
202.418 1632.54
211.349 1907.26
220.673 2157.49
230.409 1518.75
240.575 1970.36
251.189 1919.72
262.271 1469.35
273.842 950.785
285.924 1247.91
298.538 1139.93
311.709 789.258
325.462 624.178
339.821 478.3
354.813 1280.98
370.467 590.723
386.812 734.713
403.878 321.497
421.697 552.227
440.301 0
459.727 0
480.01 90.4532
501.187 105.776
523.299 0
546.387 87.598
570.493 72.9201
595.662 0
621.942 0
649.382 23.7802
678.032 0
707.946 0
739.18 0
771.792 0
805.842 227.033
841.395 0
878.517 0
917.276 0
957.745 0
1000 0
