# First line is two numbers 
#     First value is '2', it means 'histogram mode'
#     Second value is 'Emin' of the histogram
# Other lines : 2 columns. 1) energy 2) probability (nb divided by NbEvent)
# Number of bins = 480
# Content below the first bin: 0
# Content above the last  bin: 0
# Content above the last  bin: 0
# Number of events: 209000
2 1e-06
1.04412e-06 0
1.09018e-06 0
1.13828e-06 0
1.1885e-06 0
1.24094e-06 0
1.29569e-06 0
1.35285e-06 0
1.41254e-06 0
1.47486e-06 0
1.53993e-06 0
1.60787e-06 0
1.6788e-06 0
1.75287e-06 0
1.83021e-06 0
1.91095e-06 0
1.99526e-06 0
2.08329e-06 0
2.1752e-06 0
2.27117e-06 0
2.37137e-06 0
2.476e-06 0
2.58523e-06 0
2.69929e-06 0
2.81838e-06 0
2.94273e-06 0
3.07256e-06 0
3.20812e-06 0
3.34965e-06 0
3.49744e-06 0
3.65174e-06 0
3.81285e-06 0
3.98107e-06 0
4.15671e-06 0
4.3401e-06 0
4.53158e-06 0
4.73151e-06 0
4.94026e-06 0
5.15822e-06 0
5.3858e-06 0
5.62341e-06 0
5.87151e-06 0
6.13056e-06 0
6.40103e-06 0
6.68344e-06 0
6.97831e-06 0
7.28618e-06 0
7.60764e-06 0
7.94328e-06 0
8.29373e-06 0
8.65964e-06 0
9.0417e-06 0
9.44061e-06 0
9.85712e-06 0
1.0292e-05 0
1.07461e-05 0
1.12202e-05 0
1.17152e-05 0
1.22321e-05 0
1.27717e-05 0
1.33352e-05 0
1.39236e-05 0
1.45378e-05 0
1.51792e-05 0
1.58489e-05 0
1.65482e-05 0
1.72783e-05 0
1.80406e-05 0
1.88365e-05 0
1.96675e-05 0
2.05353e-05 0
2.14412e-05 0
2.23872e-05 0
2.33749e-05 0
2.44062e-05 0
2.5483e-05 0
2.66073e-05 0
2.77811e-05 0
2.90068e-05 0
3.02866e-05 0
3.16228e-05 0
3.30179e-05 0
3.44747e-05 0
3.59956e-05 0
3.75837e-05 0
3.92419e-05 0
4.09732e-05 0
4.27809e-05 0
4.46684e-05 0
4.66391e-05 0
4.86968e-05 0
5.08452e-05 0
5.30884e-05 0
5.54307e-05 0
5.78762e-05 0
6.04296e-05 0
6.30957e-05 0
6.58795e-05 0
6.8786e-05 0
7.18208e-05 0
7.49894e-05 0
7.82979e-05 0
8.17523e-05 0
8.53591e-05 0
8.91251e-05 0
9.30572e-05 0
9.71628e-05 0
0.00010145 0
0.000105925 0
0.000110599 0
0.000115478 0
0.000120573 0
0.000125893 0
0.000131447 0
0.000137246 0
0.000143301 0
0.000149624 0
0.000156225 0
0.000163117 0
0.000170314 0
0.000177828 0
0.000185674 0
0.000193865 0
0.000202418 0
0.000211349 0
0.000220673 0
0.000230409 0
0.000240575 0
0.000251189 0
0.000262271 0
0.000273842 0
0.000285924 0
0.000298538 0
0.000311709 0
0.000325462 0
0.000339821 0
0.000354813 0
0.000370467 0
0.000386812 0
0.000403878 0
0.000421697 0
0.000440301 0
0.000459727 0
0.00048001 0
0.000501187 0
0.000523299 0
0.000546387 0
0.000570493 0
0.000595662 0
0.000621942 0
0.000649382 0
0.000678032 0
0.000707946 0
0.00073918 0
0.000771792 0
0.000805842 0
0.000841395 0
0.000878517 0
0.000917276 0
0.000957745 0
0.001 0
0.00104412 0
0.00109018 0
0.00113828 0
0.0011885 0
0.00124094 0
0.00129569 0
0.00135285 0
0.00141254 0
0.00147486 0
0.00153993 0
0.00160787 0
0.0016788 0
0.00175287 0
0.00183021 0
0.00191095 0
0.00199526 0
0.00208329 0
0.0021752 0
0.00227117 0
0.00237137 0
0.002476 0
0.00258523 0
0.00269929 0
0.00281838 0
0.00294273 0
0.00307256 0
0.00320812 0
0.00334965 0
0.00349744 0
0.00365174 0
0.00381285 0
0.00398107 0
0.00415671 0
0.0043401 0
0.00453158 0
0.00473151 0
0.00494026 0
0.00515822 0
0.0053858 0
0.00562341 0
0.00587151 0
0.00613056 0
0.00640103 0
0.00668344 0
0.00697831 0
0.00728618 0
0.00760764 57.7442
0.00794328 66.4256
0.00829373 0
0.00865964 0
0.0090417 0
0.00944061 89.6625
0.00985712 0
0.010292 0
0.0107461 117.072
0.0112202 0
0.0117152 0
0.0122321 0
0.0127717 0
0.0133352 115.101
0.0139236 0
0.0145378 0
0.0151792 0
0.0158489 0
0.0165482 115.043
0.0172783 266.946
0.0180406 165.452
0.0188365 332.831
0.0196675 214.154
0.0205353 207.735
0.0214412 49.6583
0.0223872 220.625
0.0233749 259.6
0.0244062 0
0.025483 172.126
0.0266073 76.6865
0.0277811 23.8744
0.0290068 217.233
0.0302866 208.574
0.0316228 286.028
0.0330179 263.504
0.0344747 84.5258
0.0359956 241.581
0.0375837 495.404
0.0392419 256.735
0.0409732 155.227
0.0427809 243.249
0.0446684 312.847
0.0466391 98.9433
0.0486968 943.964
0.0508452 40.0688
0.0530884 297.797
0.0554307 304.178
0.0578762 468.499
0.0604296 231.085
0.0630957 852.352
0.0658795 249.702
0.068786 498.412
0.0718208 1043.93
0.0749894 744.997
0.0782979 897.423
0.0817523 911.203
0.0853591 640.966
0.0891251 727.61
0.0930572 525.758
0.0971628 867.372
0.10145 972.016
0.105925 820.354
0.110599 811.278
0.115478 698.227
0.120573 516.523
0.125893 818.594
0.131447 680.204
0.137246 1164.1
0.143301 1046.57
0.149624 1137.77
0.156225 698.699
0.163117 1433.38
0.170314 1154.97
0.177828 1166.62
0.185674 1303.2
0.193865 693.222
0.202418 981.204
0.211349 943.862
0.220673 1169.35
0.230409 1469.31
0.240575 2061.68
0.251189 1038.28
0.262271 1382.88
0.273842 1273.6
0.285924 1066.96
0.298538 1044.21
0.311709 1495.99
0.325462 1036.81
0.339821 996.962
0.354813 1356.26
0.370467 679.312
0.386812 1399.88
0.403878 2168.16
0.421697 857.979
0.440301 936.1
0.459727 1717.61
0.48001 1723.77
0.501187 812.485
0.523299 1500.79
0.546387 1358.47
0.570493 641.461
0.595662 884.435
0.621942 1127.67
0.649382 1171.3
0.678032 1852.61
0.707946 1039.09
0.73918 988.552
0.771792 1392.39
0.805842 1031.2
0.841395 1113.78
0.878517 830.661
0.917276 818.769
0.957745 586.117
1 598.938
1.04412 1009.14
1.09018 996.059
1.13828 633.963
1.1885 329.235
1.24094 585.906
1.29569 949.879
1.35285 691.412
1.41254 750.739
1.47486 590.726
1.53993 535.308
1.60787 723.943
1.6788 1000.3
1.75287 214.414
1.83021 283.7
1.91095 547.104
1.99526 227.073
2.08329 444.647
2.1752 210.267
2.27117 225.566
2.37137 360.766
2.476 324.584
2.58523 342.109
2.69929 403.348
2.81838 475.254
2.94273 264.084
3.07256 235.682
3.20812 153.094
3.34965 241.96
3.49744 473.414
3.65174 466.787
3.81285 107.4
3.98107 513.895
4.15671 380.869
4.3401 150.834
4.53158 417.25
4.73151 282.888
4.94026 330.027
5.15822 183.046
5.3858 0
5.62341 164.642
5.87151 308.572
6.13056 308.818
6.40103 270.375
6.68344 408.204
6.97831 74.5642
7.28618 102.779
7.60764 252.645
7.94328 47.1368
8.29373 158.586
8.65964 151.787
9.0417 59.5705
9.44061 0
9.85712 123.051
10.292 291.734
10.7461 303.203
11.2202 167.839
11.7152 254.22
12.2321 0
12.7717 216.612
13.3352 87.2879
13.9236 171.279
14.5378 52.4585
15.1792 256.383
15.8489 118.472
16.5482 197.491
17.2783 43.6618
18.0406 81.9463
18.8365 173.878
19.6675 103.426
20.5353 314.034
21.4412 0
22.3872 0
23.3749 0
24.4062 34.3998
25.483 222.919
26.6073 114.783
27.7811 188.201
29.0068 339.092
30.2866 52.1888
31.6228 0
33.0179 108.916
34.4747 261.793
35.9956 287.422
37.5837 141.66
39.2419 450.931
40.9732 76.6846
42.7809 429.774
44.6684 207.755
46.6391 265.89
48.6968 213.104
50.8452 158.125
53.0884 132.83
55.4307 458.101
57.8762 335.417
60.4296 338.605
63.0957 508.943
65.8795 151.504
68.786 486.717
71.8208 311.136
74.9894 397.234
78.2979 386.066
81.7523 487.575
85.3591 369.714
89.1251 548.51
93.0572 396.993
97.1628 640.357
101.45 426.373
105.925 656.556
110.599 883.783
115.478 306.492
120.573 437.312
125.893 632.099
131.447 575.808
137.246 729.062
143.301 485.457
149.624 927.835
156.225 704.203
163.117 264.923
170.314 343.565
177.828 829.694
185.674 366.407
193.865 309.04
202.418 166.334
211.349 61.3771
220.673 129.867
230.409 253.987
240.575 99.8176
251.189 216.34
262.271 0
273.842 0
285.924 191.05
298.538 102.012
311.709 0
325.462 0
339.821 74.8622
354.813 89.9071
370.467 0
386.812 0
403.878 0
421.697 53.5079
440.301 0
459.727 69.1161
480.01 0
501.187 0
523.299 0
546.387 0
570.493 0
595.662 0
621.942 0
649.382 0
678.032 0
707.946 0
739.18 0
771.792 0
805.842 0
841.395 0
878.517 0
917.276 0
957.745 0
1000 0
