# First line is two numbers 
#     First value is '2', it means 'histogram mode'
#     Second value is 'Emin' of the histogram
# Other lines : 2 columns. 1) energy 2) probability (nb divided by NbEvent)
# Number of bins = 480
# Content below the first bin: 0
# Content above the last  bin: 0
# Content above the last  bin: 0
# Number of events: 209000
2 1e-06
1.04412e-06 0
1.09018e-06 0
1.13828e-06 0
1.1885e-06 0
1.24094e-06 0
1.29569e-06 0
1.35285e-06 0
1.41254e-06 0
1.47486e-06 0
1.53993e-06 0
1.60787e-06 0
1.6788e-06 0
1.75287e-06 0
1.83021e-06 0
1.91095e-06 0
1.99526e-06 0
2.08329e-06 0
2.1752e-06 0
2.27117e-06 0
2.37137e-06 0
2.476e-06 0
2.58523e-06 0
2.69929e-06 0
2.81838e-06 0
2.94273e-06 0
3.07256e-06 0
3.20812e-06 0
3.34965e-06 0
3.49744e-06 0
3.65174e-06 0
3.81285e-06 0
3.98107e-06 0
4.15671e-06 0
4.3401e-06 0
4.53158e-06 0
4.73151e-06 0
4.94026e-06 0
5.15822e-06 0
5.3858e-06 0
5.62341e-06 0
5.87151e-06 0
6.13056e-06 0
6.40103e-06 0
6.68344e-06 0
6.97831e-06 0
7.28618e-06 0
7.60764e-06 0
7.94328e-06 0
8.29373e-06 0
8.65964e-06 0
9.0417e-06 0
9.44061e-06 0
9.85712e-06 0
1.0292e-05 0
1.07461e-05 0
1.12202e-05 0
1.17152e-05 0
1.22321e-05 0
1.27717e-05 0
1.33352e-05 0
1.39236e-05 0
1.45378e-05 0
1.51792e-05 0
1.58489e-05 0
1.65482e-05 0
1.72783e-05 0
1.80406e-05 0
1.88365e-05 0
1.96675e-05 0
2.05353e-05 0
2.14412e-05 0
2.23872e-05 0
2.33749e-05 0
2.44062e-05 0
2.5483e-05 0
2.66073e-05 0
2.77811e-05 0
2.90068e-05 0
3.02866e-05 0
3.16228e-05 0
3.30179e-05 0
3.44747e-05 0
3.59956e-05 0
3.75837e-05 0
3.92419e-05 0
4.09732e-05 0
4.27809e-05 0
4.46684e-05 0
4.66391e-05 0
4.86968e-05 0
5.08452e-05 0
5.30884e-05 0
5.54307e-05 0
5.78762e-05 0
6.04296e-05 0
6.30957e-05 0
6.58795e-05 0
6.8786e-05 0
7.18208e-05 0
7.49894e-05 0
7.82979e-05 0
8.17523e-05 0
8.53591e-05 0
8.91251e-05 0
9.30572e-05 0
9.71628e-05 0
0.00010145 0
0.000105925 0
0.000110599 0
0.000115478 0
0.000120573 0
0.000125893 0
0.000131447 0
0.000137246 0
0.000143301 0
0.000149624 0
0.000156225 0
0.000163117 0
0.000170314 0
0.000177828 0
0.000185674 0
0.000193865 0
0.000202418 0
0.000211349 0
0.000220673 0
0.000230409 0
0.000240575 0
0.000251189 0
0.000262271 0
0.000273842 1
0.000285924 0
0.000298538 0
0.000311709 0
0.000325462 0
0.000339821 0
0.000354813 0
0.000370467 0
0.000386812 0
0.000403878 0
0.000421697 0
0.000440301 0
0.000459727 0
0.00048001 0
0.000501187 0
0.000523299 0
0.000546387 0
0.000570493 0
0.000595662 0
0.000621942 0
0.000649382 0
0.000678032 0
0.000707946 0
0.00073918 0
0.000771792 0
0.000805842 0
0.000841395 0
0.000878517 0
0.000917276 0
0.000957745 0
0.001 0
0.00104412 0
0.00109018 0
0.00113828 0
0.0011885 0
0.00124094 0
0.00129569 0
0.00135285 0
0.00141254 0
0.00147486 0
0.00153993 0
0.00160787 1
0.0016788 0
0.00175287 0
0.00183021 0
0.00191095 0
0.00199526 0
0.00208329 1
0.0021752 1
0.00227117 0
0.00237137 0
0.002476 2
0.00258523 0
0.00269929 0
0.00281838 1
0.00294273 1
0.00307256 0
0.00320812 0
0.00334965 0
0.00349744 0
0.00365174 1
0.00381285 0
0.00398107 0
0.00415671 1
0.0043401 1
0.00453158 1
0.00473151 0
0.00494026 0
0.00515822 0
0.0053858 0
0.00562341 2
0.00587151 1
0.00613056 2
0.00640103 1
0.00668344 0
0.00697831 1
0.00728618 1
0.00760764 2
0.00794328 0
0.00829373 2
0.00865964 1
0.0090417 3
0.00944061 2
0.00985712 1
0.010292 2
0.0107461 1
0.0112202 4
0.0117152 3
0.0122321 4
0.0127717 5
0.0133352 0
0.0139236 4
0.0145378 8
0.0151792 5
0.0158489 5
0.0165482 9
0.0172783 6
0.0180406 6
0.0188365 14
0.0196675 11
0.0205353 10
0.0214412 8
0.0223872 12
0.0233749 15
0.0244062 6
0.025483 9
0.0266073 12
0.0277811 13
0.0290068 23
0.0302866 15
0.0316228 12
0.0330179 26
0.0344747 23
0.0359956 17
0.0375837 28
0.0392419 32
0.0409732 27
0.0427809 30
0.0446684 20
0.0466391 36
0.0486968 40
0.0508452 30
0.0530884 34
0.0554307 33
0.0578762 41
0.0604296 42
0.0630957 43
0.0658795 43
0.068786 54
0.0718208 45
0.0749894 46
0.0782979 66
0.0817523 57
0.0853591 69
0.0891251 62
0.0930572 53
0.0971628 76
0.10145 73
0.105925 76
0.110599 92
0.115478 86
0.120573 86
0.125893 95
0.131447 94
0.137246 86
0.143301 88
0.149624 90
0.156225 86
0.163117 103
0.170314 76
0.177828 98
0.185674 92
0.193865 103
0.202418 96
0.211349 95
0.220673 108
0.230409 105
0.240575 91
0.251189 92
0.262271 100
0.273842 113
0.285924 118
0.298538 86
0.311709 103
0.325462 106
0.339821 120
0.354813 131
0.370467 113
0.386812 128
0.403878 100
0.421697 104
0.440301 102
0.459727 116
0.48001 129
0.501187 102
0.523299 119
0.546387 129
0.570493 111
0.595662 97
0.621942 118
0.649382 104
0.678032 105
0.707946 111
0.73918 98
0.771792 90
0.805842 92
0.841395 67
0.878517 77
0.917276 76
0.957745 77
1 76
1.04412 67
1.09018 60
1.13828 51
1.1885 51
1.24094 60
1.29569 57
1.35285 58
1.41254 49
1.47486 51
1.53993 33
1.60787 43
1.6788 48
1.75287 34
1.83021 39
1.91095 26
1.99526 41
2.08329 34
2.1752 37
2.27117 29
2.37137 29
2.476 32
2.58523 32
2.69929 25
2.81838 32
2.94273 27
3.07256 24
3.20812 23
3.34965 21
3.49744 19
3.65174 22
3.81285 26
3.98107 22
4.15671 16
4.3401 24
4.53158 31
4.73151 22
4.94026 18
5.15822 21
5.3858 14
5.62341 15
5.87151 10
6.13056 17
6.40103 8
6.68344 12
6.97831 10
7.28618 13
7.60764 14
7.94328 14
8.29373 9
8.65964 10
9.0417 6
9.44061 19
9.85712 8
10.292 10
10.7461 14
11.2202 8
11.7152 14
12.2321 15
12.7717 10
13.3352 7
13.9236 14
14.5378 7
15.1792 13
15.8489 9
16.5482 8
17.2783 9
18.0406 9
18.8365 10
19.6675 10
20.5353 12
21.4412 9
22.3872 11
23.3749 14
24.4062 17
25.483 9
26.6073 10
27.7811 9
29.0068 10
30.2866 14
31.6228 10
33.0179 14
34.4747 18
35.9956 11
37.5837 14
39.2419 18
40.9732 16
42.7809 13
44.6684 12
46.6391 15
48.6968 17
50.8452 19
53.0884 26
55.4307 12
57.8762 17
60.4296 19
63.0957 18
65.8795 14
68.786 21
71.8208 14
74.9894 13
78.2979 19
81.7523 10
85.3591 13
89.1251 20
93.0572 20
97.1628 23
101.45 29
105.925 30
110.599 21
115.478 27
120.573 27
125.893 23
131.447 25
137.246 20
143.301 25
149.624 23
156.225 28
163.117 25
170.314 40
177.828 26
185.674 29
193.865 22
202.418 30
211.349 29
220.673 30
230.409 35
240.575 32
251.189 33
262.271 30
273.842 22
285.924 27
298.538 30
311.709 39
325.462 29
339.821 30
354.813 19
370.467 27
386.812 13
403.878 11
421.697 10
440.301 10
459.727 6
480.01 10
501.187 6
523.299 8
546.387 6
570.493 5
595.662 1
621.942 1
649.382 1
678.032 0
707.946 2
739.18 2
771.792 2
805.842 3
841.395 1
878.517 1
917.276 0
957.745 0
1000 0
