# First line is two numbers 
#     First value is '2', it means 'histogram mode'
#     Second value is 'Emin' of the histogram
# Other lines : 2 columns. 1) energy 2) probability (nb divided by NbEvent)
# Number of bins = 480
# Content below the first bin: 0
# Content above the last  bin: 0
# Content above the last  bin: 0
# Number of events: 209000
2 1e-06
1.04412e-06 0
1.09018e-06 0
1.13828e-06 0
1.1885e-06 0
1.24094e-06 0
1.29569e-06 0
1.35285e-06 0
1.41254e-06 0
1.47486e-06 0
1.53993e-06 0
1.60787e-06 0
1.6788e-06 0
1.75287e-06 0
1.83021e-06 0
1.91095e-06 0
1.99526e-06 0
2.08329e-06 0
2.1752e-06 0
2.27117e-06 0
2.37137e-06 0
2.476e-06 0
2.58523e-06 0
2.69929e-06 0
2.81838e-06 0
2.94273e-06 0
3.07256e-06 0
3.20812e-06 0
3.34965e-06 0
3.49744e-06 0
3.65174e-06 0
3.81285e-06 0
3.98107e-06 0
4.15671e-06 0
4.3401e-06 0
4.53158e-06 0
4.73151e-06 0
4.94026e-06 0
5.15822e-06 0
5.3858e-06 0
5.62341e-06 0
5.87151e-06 0
6.13056e-06 0
6.40103e-06 0
6.68344e-06 0
6.97831e-06 0
7.28618e-06 0
7.60764e-06 0
7.94328e-06 0
8.29373e-06 0
8.65964e-06 0
9.0417e-06 0
9.44061e-06 0
9.85712e-06 0
1.0292e-05 0
1.07461e-05 0
1.12202e-05 0
1.17152e-05 0
1.22321e-05 0
1.27717e-05 0
1.33352e-05 0
1.39236e-05 0
1.45378e-05 0
1.51792e-05 0
1.58489e-05 0
1.65482e-05 0
1.72783e-05 0
1.80406e-05 0
1.88365e-05 0
1.96675e-05 0
2.05353e-05 0
2.14412e-05 0
2.23872e-05 0
2.33749e-05 0
2.44062e-05 0
2.5483e-05 0
2.66073e-05 0
2.77811e-05 0
2.90068e-05 0
3.02866e-05 0
3.16228e-05 0
3.30179e-05 0
3.44747e-05 0
3.59956e-05 0
3.75837e-05 0
3.92419e-05 0
4.09732e-05 0
4.27809e-05 0
4.46684e-05 0
4.66391e-05 0
4.86968e-05 0
5.08452e-05 0
5.30884e-05 0
5.54307e-05 0
5.78762e-05 0
6.04296e-05 0
6.30957e-05 0
6.58795e-05 0
6.8786e-05 0
7.18208e-05 0
7.49894e-05 0
7.82979e-05 0
8.17523e-05 0
8.53591e-05 0
8.91251e-05 0
9.30572e-05 0
9.71628e-05 0
0.00010145 0
0.000105925 0
0.000110599 0
0.000115478 0
0.000120573 0
0.000125893 0
0.000131447 0
0.000137246 0
0.000143301 0
0.000149624 0
0.000156225 0
0.000163117 0
0.000170314 0
0.000177828 0
0.000185674 0
0.000193865 0
0.000202418 0
0.000211349 0
0.000220673 0
0.000230409 0
0.000240575 0
0.000251189 0
0.000262271 0
0.000273842 0
0.000285924 0
0.000298538 0
0.000311709 0
0.000325462 0
0.000339821 0
0.000354813 0
0.000370467 0
0.000386812 0
0.000403878 0
0.000421697 0
0.000440301 0
0.000459727 0
0.00048001 0
0.000501187 0
0.000523299 0
0.000546387 0
0.000570493 0
0.000595662 0
0.000621942 0
0.000649382 0
0.000678032 0
0.000707946 0
0.00073918 0
0.000771792 0
0.000805842 0
0.000841395 0
0.000878517 0
0.000917276 0
0.000957745 0
0.001 0
0.00104412 0
0.00109018 0
0.00113828 0
0.0011885 0
0.00124094 0
0.00129569 0
0.00135285 0
0.00141254 0
0.00147486 0
0.00153993 0
0.00160787 0
0.0016788 0
0.00175287 0
0.00183021 0
0.00191095 0
0.00199526 0
0.00208329 0
0.0021752 0
0.00227117 0
0.00237137 0
0.002476 0
0.00258523 0
0.00269929 0
0.00281838 0
0.00294273 118.715
0.00307256 0
0.00320812 0
0.00334965 0
0.00349744 104.191
0.00365174 119.022
0.00381285 0
0.00398107 0
0.00415671 0
0.0043401 0
0.00453158 171.775
0.00473151 102.042
0.00494026 0
0.00515822 0
0.0053858 0
0.00562341 159.631
0.00587151 0
0.00613056 189.368
0.00640103 0
0.00668344 68.3888
0.00697831 108.59
0.00728618 184.204
0.00760764 256.04
0.00794328 45.2029
0.00829373 185.507
0.00865964 216.166
0.0090417 0
0.00944061 204.949
0.00985712 407.668
0.010292 147.977
0.0107461 468.098
0.0112202 310.117
0.0117152 372.375
0.0122321 285.426
0.0127717 281.872
0.0133352 612.239
0.0139236 399.365
0.0145378 79.3401
0.0151792 156.429
0.0158489 427.361
0.0165482 468.945
0.0172783 619.836
0.0180406 547.797
0.0188365 531.867
0.0196675 404.693
0.0205353 1091.21
0.0214412 393.022
0.0223872 1110.02
0.0233749 1434.58
0.0244062 785.269
0.025483 350.853
0.0266073 1750.97
0.0277811 1055.56
0.0290068 1369.83
0.0302866 634.149
0.0316228 2112.69
0.0330179 1606.5
0.0344747 2181.61
0.0359956 1452.17
0.0375837 1364.69
0.0392419 1313.1
0.0409732 1174.34
0.0427809 2535.81
0.0446684 1964.6
0.0466391 2148.36
0.0486968 3264.66
0.0508452 2466.98
0.0530884 3351.05
0.0554307 3551.55
0.0578762 2493.09
0.0604296 2776.88
0.0630957 2904.72
0.0658795 4145.66
0.068786 4301.77
0.0718208 4569.65
0.0749894 4773.32
0.0782979 4002.81
0.0817523 4088.84
0.0853591 4807.35
0.0891251 4452.44
0.0930572 4979.39
0.0971628 5963.71
0.10145 6155.81
0.105925 5184.88
0.110599 6522.1
0.115478 6314.94
0.120573 6990.31
0.125893 6728.1
0.131447 8171.49
0.137246 6670.47
0.143301 6885.76
0.149624 7291.63
0.156225 7331.59
0.163117 7490.77
0.170314 8631.6
0.177828 6013.13
0.185674 7934.98
0.193865 6452.35
0.202418 6985.69
0.211349 8009.43
0.220673 8014.93
0.230409 10238.8
0.240575 7658.67
0.251189 7335.81
0.262271 8005.82
0.273842 8455.08
0.285924 8984.33
0.298538 8403.22
0.311709 6920.82
0.325462 9191.88
0.339821 8738.66
0.354813 7884.12
0.370467 8309.94
0.386812 9579.32
0.403878 8619.38
0.421697 9583.37
0.440301 8699.98
0.459727 9610.52
0.48001 8031.69
0.501187 10881.2
0.523299 8363.64
0.546387 7924.04
0.570493 10232.7
0.595662 8548.51
0.621942 9709.51
0.649382 10212.2
0.678032 10131.5
0.707946 7643.17
0.73918 7184.06
0.771792 6044.89
0.805842 7186.15
0.841395 6215.88
0.878517 6458.14
0.917276 6076.09
0.957745 6425.63
1 6309.09
1.04412 6405.91
1.09018 3657.46
1.13828 4766.19
1.1885 3071.73
1.24094 4352.05
1.29569 3870.02
1.35285 3808.2
1.41254 3439.94
1.47486 3669.4
1.53993 2332.08
1.60787 2385.96
1.6788 3330.61
1.75287 2960.69
1.83021 1979.81
1.91095 2468.8
1.99526 2676.31
2.08329 1982.37
2.1752 2500.22
2.27117 2239.08
2.37137 2767.47
2.476 1938.12
2.58523 2729.41
2.69929 2195.35
2.81838 2561.37
2.94273 1339.05
3.07256 2038.55
3.20812 2065.91
3.34965 1964.69
3.49744 1669.53
3.65174 2225.59
3.81285 1743.96
3.98107 1844.07
4.15671 1117.51
4.3401 1779.47
4.53158 1686.3
4.73151 1173.36
4.94026 1569.64
5.15822 1428.06
5.3858 1656.24
5.62341 1246.49
5.87151 1552.88
6.13056 1377.76
6.40103 897.714
6.68344 948.158
6.97831 1428.66
7.28618 1395.2
7.60764 1011.65
7.94328 968.442
8.29373 1140.72
8.65964 236.867
9.0417 2134.78
9.44061 723.372
9.85712 1259.72
10.292 1182.92
10.7461 239.728
11.2202 1163.84
11.7152 873.374
12.2321 497.003
12.7717 467.23
13.3352 922.486
13.9236 345.499
14.5378 487.618
15.1792 1074.98
15.8489 1376.57
16.5482 1032.04
17.2783 767.449
18.0406 1049.26
18.8365 750.443
19.6675 901.866
20.5353 463.893
21.4412 1277.83
22.3872 624.99
23.3749 507.026
24.4062 779.533
25.483 987.009
26.6073 609.333
27.7811 1277.49
29.0068 697.675
30.2866 1014.22
31.6228 779.195
33.0179 1502.25
34.4747 938.71
35.9956 1247.32
37.5837 1259.06
39.2419 1087.27
40.9732 1137.82
42.7809 1522.2
44.6684 764.03
46.6391 1676.69
48.6968 1547.51
50.8452 1077.09
53.0884 1226.87
55.4307 1430.4
57.8762 2031.88
60.4296 1223.66
63.0957 1546.69
65.8795 1629.04
68.786 1962.04
71.8208 1272.04
74.9894 2066.13
78.2979 1150.57
81.7523 1784.41
85.3591 1791.72
89.1251 1865.56
93.0572 1425.17
97.1628 1676.22
101.45 1382.79
105.925 1958.06
110.599 1706.67
115.478 1165.94
120.573 1785.33
125.893 1625.68
131.447 1749
137.246 2162.84
143.301 2275.16
149.624 1768.04
156.225 1976.16
163.117 2324.71
170.314 3166.26
177.828 2278.82
185.674 2389.99
193.865 2149.79
202.418 2257.55
211.349 2464.44
220.673 2211.04
230.409 3626.38
240.575 2293.28
251.189 2247.79
262.271 2811.38
273.842 1440.27
285.924 1830.85
298.538 2540.43
311.709 1973.5
325.462 2608.44
339.821 1521.99
354.813 2083.92
370.467 1508.49
386.812 1196.49
403.878 1615.5
421.697 1067.55
440.301 916.557
459.727 993.145
480.01 795.765
501.187 333.833
523.299 543.388
546.387 426.612
570.493 350.427
595.662 433.321
621.942 241.445
649.382 0
678.032 158.848
707.946 274.932
739.18 249.482
771.792 89.8748
805.842 96.383
841.395 0
878.517 110.116
917.276 0
957.745 0
1000 0
