# First line is two numbers 
#     First value is '2', it means 'histogram mode'
#     Second value is 'Emin' of the histogram
# Other lines : 2 columns. 1) energy 2) probability (nb divided by NbEvent)
# Number of bins = 480
# Content below the first bin: 0
# Content above the last  bin: 0
# Content above the last  bin: 0
# Number of events: 209000
2 1e-06
1.04412e-06 0
1.09018e-06 0
1.13828e-06 0
1.1885e-06 0
1.24094e-06 0
1.29569e-06 0
1.35285e-06 0
1.41254e-06 0
1.47486e-06 0
1.53993e-06 0
1.60787e-06 0
1.6788e-06 0
1.75287e-06 0
1.83021e-06 0
1.91095e-06 0
1.99526e-06 0
2.08329e-06 0
2.1752e-06 0
2.27117e-06 0
2.37137e-06 0
2.476e-06 0
2.58523e-06 0
2.69929e-06 0
2.81838e-06 0
2.94273e-06 0
3.07256e-06 0
3.20812e-06 0
3.34965e-06 0
3.49744e-06 0
3.65174e-06 0
3.81285e-06 0
3.98107e-06 0
4.15671e-06 0
4.3401e-06 0
4.53158e-06 0
4.73151e-06 0
4.94026e-06 0
5.15822e-06 0
5.3858e-06 0
5.62341e-06 0
5.87151e-06 0
6.13056e-06 0
6.40103e-06 0
6.68344e-06 0
6.97831e-06 0
7.28618e-06 0
7.60764e-06 0
7.94328e-06 0
8.29373e-06 0
8.65964e-06 0
9.0417e-06 0
9.44061e-06 0
9.85712e-06 0
1.0292e-05 0
1.07461e-05 0
1.12202e-05 0
1.17152e-05 0
1.22321e-05 0
1.27717e-05 0
1.33352e-05 0
1.39236e-05 0
1.45378e-05 0
1.51792e-05 0
1.58489e-05 0
1.65482e-05 0
1.72783e-05 0
1.80406e-05 0
1.88365e-05 0
1.96675e-05 0
2.05353e-05 0
2.14412e-05 0
2.23872e-05 0
2.33749e-05 0
2.44062e-05 0
2.5483e-05 0
2.66073e-05 0
2.77811e-05 0
2.90068e-05 0
3.02866e-05 0
3.16228e-05 0
3.30179e-05 0
3.44747e-05 0
3.59956e-05 0
3.75837e-05 0
3.92419e-05 0
4.09732e-05 0
4.27809e-05 0
4.46684e-05 0
4.66391e-05 0
4.86968e-05 0
5.08452e-05 0
5.30884e-05 0
5.54307e-05 0
5.78762e-05 0
6.04296e-05 0
6.30957e-05 0
6.58795e-05 0
6.8786e-05 0
7.18208e-05 0
7.49894e-05 0
7.82979e-05 0
8.17523e-05 0
8.53591e-05 0
8.91251e-05 0
9.30572e-05 0
9.71628e-05 0
0.00010145 0
0.000105925 0
0.000110599 0
0.000115478 0
0.000120573 0
0.000125893 0
0.000131447 0
0.000137246 0
0.000143301 0
0.000149624 0
0.000156225 0
0.000163117 0
0.000170314 0
0.000177828 0
0.000185674 0
0.000193865 0
0.000202418 0
0.000211349 0
0.000220673 0
0.000230409 0
0.000240575 0
0.000251189 0
0.000262271 0
0.000273842 0
0.000285924 0
0.000298538 0
0.000311709 0
0.000325462 0
0.000339821 0
0.000354813 0
0.000370467 0
0.000386812 0
0.000403878 0
0.000421697 0
0.000440301 96.7542
0.000459727 0
0.00048001 0
0.000501187 0
0.000523299 0
0.000546387 0
0.000570493 0
0.000595662 0
0.000621942 0
0.000649382 0
0.000678032 0
0.000707946 0
0.00073918 0
0.000771792 0
0.000805842 0
0.000841395 0
0.000878517 0
0.000917276 0
0.000957745 0
0.001 0
0.00104412 0
0.00109018 0
0.00113828 0
0.0011885 0
0.00124094 0
0.00129569 0
0.00135285 0
0.00141254 0
0.00147486 0
0.00153993 0
0.00160787 31.8625
0.0016788 0
0.00175287 0
0.00183021 0
0.00191095 0
0.00199526 0
0.00208329 0
0.0021752 0
0.00227117 0
0.00237137 108.555
0.002476 0
0.00258523 61.63
0.00269929 0
0.00281838 0
0.00294273 0
0.00307256 0
0.00320812 0
0.00334965 0
0.00349744 93.6527
0.00365174 18.5009
0.00381285 0
0.00398107 0
0.00415671 131.005
0.0043401 0
0.00453158 0
0.00473151 0
0.00494026 200.065
0.00515822 0
0.0053858 0
0.00562341 0
0.00587151 71.5611
0.00613056 101.124
0.00640103 0
0.00668344 264.75
0.00697831 68.889
0.00728618 0
0.00760764 130.848
0.00794328 0
0.00829373 159.993
0.00865964 37.414
0.0090417 258.251
0.00944061 324.678
0.00985712 283.156
0.010292 240.607
0.0107461 293.98
0.0112202 54.7096
0.0117152 101.801
0.0122321 359.636
0.0127717 393.004
0.0133352 274.326
0.0139236 508.483
0.0145378 226.607
0.0151792 553.787
0.0158489 867.236
0.0165482 112.787
0.0172783 794.634
0.0180406 289.229
0.0188365 383.701
0.0196675 735.363
0.0205353 974.721
0.0214412 1044.44
0.0223872 615.729
0.0233749 1109.59
0.0244062 846.922
0.025483 1210.9
0.0266073 1134.1
0.0277811 972.676
0.0290068 1468.8
0.0302866 1543.81
0.0316228 1992.36
0.0330179 2274.61
0.0344747 1643.51
0.0359956 1456.11
0.0375837 1516.59
0.0392419 2570.28
0.0409732 2188.18
0.0427809 1933.18
0.0446684 3383.05
0.0466391 2640.96
0.0486968 3256.17
0.0508452 2950.23
0.0530884 2761.42
0.0554307 2289.01
0.0578762 2788.1
0.0604296 3225.57
0.0630957 2883.51
0.0658795 3713.06
0.068786 4757.66
0.0718208 3911.31
0.0749894 4602.26
0.0782979 4460.56
0.0817523 4860.51
0.0853591 4827.07
0.0891251 6004.99
0.0930572 5522.88
0.0971628 6837.75
0.10145 5866.95
0.105925 5680.57
0.110599 4649.78
0.115478 5499.89
0.120573 6231.81
0.125893 7729.37
0.131447 7172.27
0.137246 7391.69
0.143301 9348.73
0.149624 6906.64
0.156225 6457.96
0.163117 6705.83
0.170314 6810.27
0.177828 7249.49
0.185674 7531.23
0.193865 8476.6
0.202418 7298.12
0.211349 7580.51
0.220673 7162.41
0.230409 8131.24
0.240575 9142.54
0.251189 8893.55
0.262271 7811.63
0.273842 8899.46
0.285924 7559.93
0.298538 9244.85
0.311709 8324.55
0.325462 8390.67
0.339821 9934.21
0.354813 8008.24
0.370467 9206.52
0.386812 8167.45
0.403878 9989.94
0.421697 10414
0.440301 10429.8
0.459727 9981.18
0.48001 9268.27
0.501187 9871.36
0.523299 9837.76
0.546387 9794.62
0.570493 8655.7
0.595662 9693.41
0.621942 8380.54
0.649382 9152.28
0.678032 7368.11
0.707946 7154.72
0.73918 8415.91
0.771792 6994.1
0.805842 7330.11
0.841395 6766.06
0.878517 6001.28
0.917276 6538.54
0.957745 6868.82
1 6009.6
1.04412 4860.05
1.09018 5092.85
1.13828 4241.04
1.1885 5031.69
1.24094 3046.66
1.29569 4809.8
1.35285 3523.53
1.41254 3010.7
1.47486 3445.55
1.53993 2957.61
1.60787 2740
1.6788 2881.89
1.75287 3191.87
1.83021 2703.86
1.91095 2510.51
1.99526 3356.03
2.08329 2468.75
2.1752 2242.77
2.27117 2521.57
2.37137 1945.46
2.476 2394.77
2.58523 2066.01
2.69929 1562.61
2.81838 2245.83
2.94273 1395.85
3.07256 1957.34
3.20812 2747.83
3.34965 2078.08
3.49744 2343.19
3.65174 2253.82
3.81285 2031.93
3.98107 1566.86
4.15671 1922.1
4.3401 1786.39
4.53158 1328.63
4.73151 1028.44
4.94026 1419.34
5.15822 821.483
5.3858 1531.79
5.62341 1609.64
5.87151 1174.88
6.13056 1118.44
6.40103 987.009
6.68344 926.275
6.97831 1588.79
7.28618 768.965
7.60764 1226.31
7.94328 847.457
8.29373 1425.67
8.65964 1002.33
9.0417 1129.2
9.44061 753.652
9.85712 977.228
10.292 1014.52
10.7461 392.73
11.2202 748.922
11.7152 904.363
12.2321 949.52
12.7717 620.867
13.3352 685.613
13.9236 705.86
14.5378 914.536
15.1792 927.965
15.8489 578.558
16.5482 194.177
17.2783 492.274
18.0406 363.579
18.8365 764.688
19.6675 925.289
20.5353 1320.87
21.4412 649.251
22.3872 912.948
23.3749 1183.59
24.4062 731.024
25.483 700.573
26.6073 1321.54
27.7811 1128.8
29.0068 935.162
30.2866 1321.04
31.6228 1419.9
33.0179 611.581
34.4747 949.292
35.9956 1196.93
37.5837 883.377
39.2419 1290.69
40.9732 1208.05
42.7809 1182.36
44.6684 1032.09
46.6391 1145.75
48.6968 1313.45
50.8452 1354.68
53.0884 898.427
55.4307 1984.51
57.8762 1615.1
60.4296 1378.8
63.0957 1152.75
65.8795 1503.86
68.786 1289.66
71.8208 1785.55
74.9894 1176.75
78.2979 1265.66
81.7523 1971.73
85.3591 1171.98
89.1251 1996.23
93.0572 1732.46
97.1628 1941.54
101.45 1206.23
105.925 1973.06
110.599 1319.55
115.478 1946.25
120.573 2236.21
125.893 1740.04
131.447 2329.51
137.246 1747.19
143.301 3283.46
149.624 2273.56
156.225 2007.99
163.117 1873.55
170.314 2276.41
177.828 1954.94
185.674 2086.74
193.865 2929.74
202.418 2729.94
211.349 1902.16
220.673 2205.54
230.409 2742.75
240.575 2890.32
251.189 1937.46
262.271 2528.34
273.842 1952.59
285.924 2339.53
298.538 1789.63
311.709 1563.7
325.462 3364.1
339.821 1738.1
354.813 1627.03
370.467 1264.33
386.812 1130.29
403.878 1536.21
421.697 1060.84
440.301 1408.03
459.727 551.938
480.01 475.217
501.187 565.671
523.299 298.486
546.387 195.103
570.493 97.0598
595.662 260.879
621.942 143.773
649.382 89.3157
678.032 296.624
707.946 0
739.18 0
771.792 0
805.842 108.491
841.395 110.972
878.517 0
917.276 0
957.745 0
1000 0
