# First line is two numbers 
#     First value is '2', it means 'histogram mode'
#     Second value is 'Emin' of the histogram
# Other lines : 2 columns. 1) energy 2) probability (nb divided by NbEvent)
# Number of bins = 480
# Content below the first bin: 0
# Content above the last  bin: 0
# Content above the last  bin: 0
# Number of events: 209000
2 1e-06
1.04412e-06 0
1.09018e-06 0
1.13828e-06 0
1.1885e-06 0
1.24094e-06 0
1.29569e-06 0
1.35285e-06 0
1.41254e-06 0
1.47486e-06 0
1.53993e-06 0
1.60787e-06 0
1.6788e-06 0
1.75287e-06 0
1.83021e-06 0
1.91095e-06 0
1.99526e-06 0
2.08329e-06 0
2.1752e-06 0
2.27117e-06 0
2.37137e-06 0
2.476e-06 0
2.58523e-06 0
2.69929e-06 0
2.81838e-06 0
2.94273e-06 0
3.07256e-06 0
3.20812e-06 0
3.34965e-06 0
3.49744e-06 0
3.65174e-06 0
3.81285e-06 0
3.98107e-06 0
4.15671e-06 0
4.3401e-06 0
4.53158e-06 0
4.73151e-06 0
4.94026e-06 0
5.15822e-06 0
5.3858e-06 0
5.62341e-06 0
5.87151e-06 0
6.13056e-06 0
6.40103e-06 0
6.68344e-06 0
6.97831e-06 0
7.28618e-06 0
7.60764e-06 0
7.94328e-06 0
8.29373e-06 0
8.65964e-06 0
9.0417e-06 0
9.44061e-06 0
9.85712e-06 0
1.0292e-05 0
1.07461e-05 0
1.12202e-05 0
1.17152e-05 0
1.22321e-05 0
1.27717e-05 0
1.33352e-05 0
1.39236e-05 0
1.45378e-05 0
1.51792e-05 0
1.58489e-05 0
1.65482e-05 0
1.72783e-05 0
1.80406e-05 0
1.88365e-05 0
1.96675e-05 0
2.05353e-05 0
2.14412e-05 0
2.23872e-05 0
2.33749e-05 0
2.44062e-05 0
2.5483e-05 0
2.66073e-05 0
2.77811e-05 0
2.90068e-05 0
3.02866e-05 0
3.16228e-05 0
3.30179e-05 0
3.44747e-05 0
3.59956e-05 0
3.75837e-05 0
3.92419e-05 0
4.09732e-05 0
4.27809e-05 0
4.46684e-05 0
4.66391e-05 0
4.86968e-05 0
5.08452e-05 0
5.30884e-05 0
5.54307e-05 0
5.78762e-05 0
6.04296e-05 0
6.30957e-05 0
6.58795e-05 0
6.8786e-05 0
7.18208e-05 0
7.49894e-05 0
7.82979e-05 0
8.17523e-05 0
8.53591e-05 0
8.91251e-05 0
9.30572e-05 0
9.71628e-05 0
0.00010145 0
0.000105925 0
0.000110599 0
0.000115478 0
0.000120573 0
0.000125893 0
0.000131447 0
0.000137246 0
0.000143301 0
0.000149624 0
0.000156225 0
0.000163117 0
0.000170314 0
0.000177828 0
0.000185674 0
0.000193865 0
0.000202418 0
0.000211349 0
0.000220673 0
0.000230409 0
0.000240575 0
0.000251189 0
0.000262271 0
0.000273842 0
0.000285924 0
0.000298538 0
0.000311709 0
0.000325462 0
0.000339821 0
0.000354813 0
0.000370467 0
0.000386812 0
0.000403878 0
0.000421697 0
0.000440301 1
0.000459727 0
0.00048001 0
0.000501187 0
0.000523299 0
0.000546387 0
0.000570493 0
0.000595662 0
0.000621942 0
0.000649382 0
0.000678032 0
0.000707946 0
0.00073918 0
0.000771792 0
0.000805842 0
0.000841395 0
0.000878517 0
0.000917276 0
0.000957745 0
0.001 0
0.00104412 0
0.00109018 0
0.00113828 0
0.0011885 0
0.00124094 0
0.00129569 0
0.00135285 0
0.00141254 0
0.00147486 0
0.00153993 0
0.00160787 1
0.0016788 0
0.00175287 0
0.00183021 0
0.00191095 0
0.00199526 0
0.00208329 0
0.0021752 0
0.00227117 0
0.00237137 1
0.002476 0
0.00258523 1
0.00269929 0
0.00281838 0
0.00294273 0
0.00307256 0
0.00320812 0
0.00334965 0
0.00349744 1
0.00365174 1
0.00381285 0
0.00398107 0
0.00415671 2
0.0043401 0
0.00453158 0
0.00473151 0
0.00494026 2
0.00515822 0
0.0053858 0
0.00562341 0
0.00587151 1
0.00613056 1
0.00640103 0
0.00668344 3
0.00697831 1
0.00728618 0
0.00760764 2
0.00794328 0
0.00829373 2
0.00865964 1
0.0090417 3
0.00944061 5
0.00985712 3
0.010292 3
0.0107461 5
0.0112202 1
0.0117152 1
0.0122321 4
0.0127717 5
0.0133352 3
0.0139236 7
0.0145378 2
0.0151792 6
0.0158489 10
0.0165482 1
0.0172783 9
0.0180406 4
0.0188365 6
0.0196675 9
0.0205353 14
0.0214412 13
0.0223872 9
0.0233749 13
0.0244062 11
0.025483 14
0.0266073 14
0.0277811 12
0.0290068 21
0.0302866 18
0.0316228 23
0.0330179 29
0.0344747 18
0.0359956 18
0.0375837 20
0.0392419 32
0.0409732 25
0.0427809 26
0.0446684 42
0.0466391 33
0.0486968 39
0.0508452 35
0.0530884 35
0.0554307 29
0.0578762 34
0.0604296 44
0.0630957 41
0.0658795 47
0.068786 58
0.0718208 50
0.0749894 60
0.0782979 54
0.0817523 59
0.0853591 58
0.0891251 73
0.0930572 65
0.0971628 84
0.10145 74
0.105925 73
0.110599 57
0.115478 73
0.120573 77
0.125893 98
0.131447 91
0.137246 87
0.143301 113
0.149624 84
0.156225 84
0.163117 87
0.170314 86
0.177828 96
0.185674 94
0.193865 104
0.202418 89
0.211349 101
0.220673 90
0.230409 97
0.240575 112
0.251189 106
0.262271 98
0.273842 113
0.285924 103
0.298538 114
0.311709 110
0.325462 110
0.339821 115
0.354813 104
0.370467 113
0.386812 102
0.403878 129
0.421697 125
0.440301 125
0.459727 123
0.48001 119
0.501187 125
0.523299 123
0.546387 125
0.570493 106
0.595662 123
0.621942 103
0.649382 121
0.678032 90
0.707946 90
0.73918 101
0.771792 87
0.805842 94
0.841395 84
0.878517 70
0.917276 80
0.957745 84
1 75
1.04412 61
1.09018 59
1.13828 51
1.1885 64
1.24094 41
1.29569 62
1.35285 48
1.41254 38
1.47486 42
1.53993 38
1.60787 35
1.6788 34
1.75287 42
1.83021 34
1.91095 33
1.99526 41
2.08329 34
2.1752 31
2.27117 34
2.37137 27
2.476 27
2.58523 27
2.69929 18
2.81838 28
2.94273 16
3.07256 24
3.20812 35
3.34965 25
3.49744 31
3.65174 27
3.81285 22
3.98107 20
4.15671 24
4.3401 22
4.53158 17
4.73151 12
4.94026 17
5.15822 14
5.3858 17
5.62341 19
5.87151 12
6.13056 14
6.40103 12
6.68344 14
6.97831 17
7.28618 9
7.60764 15
7.94328 11
8.29373 16
8.65964 14
9.0417 14
9.44061 9
9.85712 13
10.292 13
10.7461 6
11.2202 10
11.7152 9
12.2321 12
12.7717 9
13.3352 8
13.9236 9
14.5378 12
15.1792 11
15.8489 9
16.5482 4
17.2783 6
18.0406 6
18.8365 10
19.6675 11
20.5353 16
21.4412 8
22.3872 11
23.3749 16
24.4062 8
25.483 8
26.6073 16
27.7811 13
29.0068 11
30.2866 15
31.6228 18
33.0179 9
34.4747 12
35.9956 15
37.5837 12
39.2419 15
40.9732 14
42.7809 18
44.6684 15
46.6391 14
48.6968 18
50.8452 17
53.0884 12
55.4307 25
57.8762 23
60.4296 15
63.0957 16
65.8795 18
68.786 15
71.8208 20
74.9894 15
78.2979 16
81.7523 24
85.3591 15
89.1251 24
93.0572 24
97.1628 24
101.45 17
105.925 25
110.599 17
115.478 28
120.573 26
125.893 22
131.447 31
137.246 22
143.301 40
149.624 28
156.225 28
163.117 24
170.314 27
177.828 25
185.674 29
193.865 33
202.418 32
211.349 26
220.673 26
230.409 33
240.575 35
251.189 26
262.271 30
273.842 26
285.924 28
298.538 24
311.709 18
325.462 38
339.821 23
354.813 21
370.467 15
386.812 14
403.878 17
421.697 13
440.301 16
459.727 8
480.01 6
501.187 8
523.299 5
546.387 3
570.493 2
595.662 3
621.942 2
649.382 1
678.032 3
707.946 0
739.18 0
771.792 0
805.842 1
841.395 1
878.517 0
917.276 0
957.745 0
1000 0
