# First line is two numbers 
#     First value is '2', it means 'histogram mode'
#     Second value is 'Emin' of the histogram
# Other lines : 2 columns. 1) energy 2) probability (nb divided by NbEvent)
# Number of bins = 480
# Content below the first bin: 0
# Content above the last  bin: 0
# Content above the last  bin: 0
# Number of events: 209000
2 1e-06
1.04412e-06 0
1.09018e-06 0
1.13828e-06 0
1.1885e-06 0
1.24094e-06 0
1.29569e-06 0
1.35285e-06 0
1.41254e-06 0
1.47486e-06 0
1.53993e-06 0
1.60787e-06 0
1.6788e-06 0
1.75287e-06 0
1.83021e-06 0
1.91095e-06 0
1.99526e-06 0
2.08329e-06 0
2.1752e-06 0
2.27117e-06 0
2.37137e-06 0
2.476e-06 0
2.58523e-06 0
2.69929e-06 0
2.81838e-06 0
2.94273e-06 0
3.07256e-06 0
3.20812e-06 0
3.34965e-06 0
3.49744e-06 0
3.65174e-06 0
3.81285e-06 0
3.98107e-06 0
4.15671e-06 0
4.3401e-06 0
4.53158e-06 0
4.73151e-06 0
4.94026e-06 0
5.15822e-06 0
5.3858e-06 0
5.62341e-06 0
5.87151e-06 0
6.13056e-06 0
6.40103e-06 0
6.68344e-06 0
6.97831e-06 0
7.28618e-06 0
7.60764e-06 0
7.94328e-06 0
8.29373e-06 0
8.65964e-06 0
9.0417e-06 0
9.44061e-06 0
9.85712e-06 0
1.0292e-05 0
1.07461e-05 0
1.12202e-05 0
1.17152e-05 0
1.22321e-05 0
1.27717e-05 0
1.33352e-05 0
1.39236e-05 0
1.45378e-05 0
1.51792e-05 0
1.58489e-05 0
1.65482e-05 0
1.72783e-05 0
1.80406e-05 0
1.88365e-05 0
1.96675e-05 0
2.05353e-05 0
2.14412e-05 0
2.23872e-05 0
2.33749e-05 0
2.44062e-05 0
2.5483e-05 0
2.66073e-05 0
2.77811e-05 0
2.90068e-05 0
3.02866e-05 0
3.16228e-05 0
3.30179e-05 0
3.44747e-05 0
3.59956e-05 0
3.75837e-05 0
3.92419e-05 0
4.09732e-05 0
4.27809e-05 0
4.46684e-05 0
4.66391e-05 0
4.86968e-05 0
5.08452e-05 0
5.30884e-05 0
5.54307e-05 0
5.78762e-05 0
6.04296e-05 0
6.30957e-05 0
6.58795e-05 0
6.8786e-05 0
7.18208e-05 0
7.49894e-05 0
7.82979e-05 0
8.17523e-05 0
8.53591e-05 0
8.91251e-05 0
9.30572e-05 0
9.71628e-05 0
0.00010145 0
0.000105925 0
0.000110599 0
0.000115478 0
0.000120573 0
0.000125893 0
0.000131447 0
0.000137246 0
0.000143301 0
0.000149624 0
0.000156225 0
0.000163117 0
0.000170314 0
0.000177828 0
0.000185674 0
0.000193865 0
0.000202418 0
0.000211349 0
0.000220673 0
0.000230409 0
0.000240575 0
0.000251189 0
0.000262271 0
0.000273842 0
0.000285924 0
0.000298538 0
0.000311709 0
0.000325462 0
0.000339821 0
0.000354813 0
0.000370467 0
0.000386812 0
0.000403878 0
0.000421697 0
0.000440301 0
0.000459727 0
0.00048001 0
0.000501187 0
0.000523299 0
0.000546387 0
0.000570493 0
0.000595662 0
0.000621942 0
0.000649382 0
0.000678032 0
0.000707946 0
0.00073918 0
0.000771792 0
0.000805842 0
0.000841395 0
0.000878517 0
0.000917276 0
0.000957745 0
0.001 0
0.00104412 0
0.00109018 0
0.00113828 0
0.0011885 0
0.00124094 0
0.00129569 0
0.00135285 0
0.00141254 0
0.00147486 0
0.00153993 100.193
0.00160787 0
0.0016788 0
0.00175287 18.9882
0.00183021 0
0.00191095 0
0.00199526 0
0.00208329 0
0.0021752 0
0.00227117 46.4518
0.00237137 0
0.002476 0
0.00258523 0
0.00269929 0
0.00281838 0
0.00294273 0
0.00307256 0
0.00320812 0
0.00334965 0
0.00349744 0
0.00365174 0
0.00381285 0
0.00398107 29.5891
0.00415671 0
0.0043401 0
0.00453158 180.151
0.00473151 0
0.00494026 0
0.00515822 76.1369
0.0053858 12.2809
0.00562341 73.2478
0.00587151 66.6961
0.00613056 0
0.00640103 0
0.00668344 97.4016
0.00697831 0
0.00728618 70.3786
0.00760764 0
0.00794328 129.604
0.00829373 234.245
0.00865964 245.332
0.0090417 32.2826
0.00944061 0
0.00985712 188.611
0.010292 207.929
0.0107461 319.92
0.0112202 189.745
0.0117152 249.378
0.0122321 207.618
0.0127717 16.1103
0.0133352 98.8656
0.0139236 200.356
0.0145378 196.878
0.0151792 139.006
0.0158489 360.755
0.0165482 362.194
0.0172783 584.558
0.0180406 678.103
0.0188365 452.464
0.0196675 242.326
0.0205353 146.034
0.0214412 274.585
0.0223872 546.575
0.0233749 463.378
0.0244062 863.134
0.025483 609.858
0.0266073 576.485
0.0277811 908.993
0.0290068 598.699
0.0302866 1151.25
0.0316228 1552.06
0.0330179 749.871
0.0344747 1265.65
0.0359956 800.186
0.0375837 1358.49
0.0392419 1052.45
0.0409732 1580.47
0.0427809 1652.76
0.0446684 1930.45
0.0466391 1612.9
0.0486968 1440.62
0.0508452 1993.59
0.0530884 1739.31
0.0554307 1645.25
0.0578762 1763.09
0.0604296 2096.01
0.0630957 1944.7
0.0658795 1878.25
0.068786 2607.65
0.0718208 2201.36
0.0749894 3047.01
0.0782979 2235.36
0.0817523 2479.84
0.0853591 2477.6
0.0891251 2476.75
0.0930572 2947.54
0.0971628 3329.82
0.10145 3587.49
0.105925 4086.27
0.110599 3783.94
0.115478 4638.82
0.120573 2842.23
0.125893 4590.53
0.131447 3624.69
0.137246 4600.05
0.143301 4818
0.149624 2982.3
0.156225 4279.07
0.163117 3511.06
0.170314 3108.94
0.177828 4754.09
0.185674 5452.95
0.193865 4270.78
0.202418 4615.88
0.211349 3991.95
0.220673 4351.31
0.230409 5631.16
0.240575 3689.38
0.251189 4560.25
0.262271 4798.27
0.273842 4691.82
0.285924 6950.46
0.298538 4001.61
0.311709 5564.88
0.325462 5904.24
0.339821 5814.75
0.354813 5484.34
0.370467 5204.49
0.386812 5002.49
0.403878 4385.6
0.421697 5873.58
0.440301 4560.35
0.459727 5094.22
0.48001 6335.61
0.501187 4820.11
0.523299 4670.71
0.546387 4282.56
0.570493 5653.27
0.595662 3982.17
0.621942 4354.35
0.649382 4895.15
0.678032 4878.99
0.707946 5271.37
0.73918 5315.45
0.771792 4569.71
0.805842 4454.17
0.841395 4839.7
0.878517 4379.46
0.917276 4126.92
0.957745 3744.6
1 4701.06
1.04412 3931.21
1.09018 3001.71
1.13828 2770.27
1.1885 2634.22
1.24094 3030.93
1.29569 2787.97
1.35285 2083.17
1.41254 1882.2
1.47486 1946.51
1.53993 2772.4
1.60787 1335.16
1.6788 2281.24
1.75287 2272.88
1.83021 2262.15
1.91095 1896.6
1.99526 1292.82
2.08329 1186.76
2.1752 893.699
2.27117 1051.2
2.37137 933.583
2.476 1464.97
2.58523 1440.47
2.69929 1489.57
2.81838 1139.95
2.94273 667.822
3.07256 1007.94
3.20812 846.228
3.34965 907.422
3.49744 810.47
3.65174 1343.76
3.81285 655.269
3.98107 873.011
4.15671 636.232
4.3401 1710.59
4.53158 1026.6
4.73151 568.994
4.94026 1133.8
5.15822 995.243
5.3858 315.363
5.62341 475.383
5.87151 643.475
6.13056 848.435
6.40103 745.399
6.68344 1207.17
6.97831 391.104
7.28618 355.514
7.60764 551.712
7.94328 417.008
8.29373 462.287
8.65964 309.501
9.0417 485.118
9.44061 265.656
9.85712 624.706
10.292 290.344
10.7461 601.299
11.2202 516.866
11.7152 705.779
12.2321 812.438
12.7717 320.203
13.3352 584.085
13.9236 834.063
14.5378 601.391
15.1792 525.374
15.8489 663.107
16.5482 713.991
17.2783 427.835
18.0406 502.944
18.8365 479.654
19.6675 449.012
20.5353 463.323
21.4412 422.278
22.3872 101.959
23.3749 826.484
24.4062 289.642
25.483 755.833
26.6073 894.698
27.7811 335.933
29.0068 1035.62
30.2866 405.455
31.6228 467.818
33.0179 818.985
34.4747 567.498
35.9956 480.454
37.5837 683.346
39.2419 587.527
40.9732 1103.71
42.7809 321.819
44.6684 589.07
46.6391 845.98
48.6968 996.235
50.8452 586.202
53.0884 1054.5
55.4307 1054.89
57.8762 857.028
60.4296 1084.39
63.0957 704.761
65.8795 812.489
68.786 818.942
71.8208 1340.35
74.9894 1512.02
78.2979 1247.22
81.7523 677.657
85.3591 1620.38
89.1251 1228.62
93.0572 738.542
97.1628 1131.18
101.45 933.099
105.925 976.836
110.599 1259.83
115.478 2006.87
120.573 2684.92
125.893 1402.96
131.447 1896.16
137.246 1515.95
143.301 1983.19
149.624 1921.38
156.225 1806.98
163.117 2140.54
170.314 1779.21
177.828 1900.43
185.674 1671.34
193.865 2098.38
202.418 3216.7
211.349 2616.68
220.673 2440.19
230.409 2631.02
240.575 2812.88
251.189 2515.12
262.271 2942.47
273.842 2297.87
285.924 2763.47
298.538 2619.8
311.709 2968.84
325.462 2381.37
339.821 1563.86
354.813 1215.69
370.467 1383.45
386.812 1086.06
403.878 330.978
421.697 244.847
440.301 262.455
459.727 331.373
480.01 21.0018
501.187 386.148
523.299 96.1411
546.387 243.474
570.493 94.1352
595.662 0
621.942 78.7609
649.382 93.9784
678.032 101.348
707.946 57.4632
739.18 61.2228
771.792 102.26
805.842 0
841.395 48.2106
878.517 0
917.276 0
957.745 0
1000 0
