# First line is two numbers 
#     First value is '2', it means 'histogram mode'
#     Second value is 'Emin' of the histogram
# Other lines : 2 columns. 1) energy 2) probability (nb divided by NbEvent)
# Number of bins = 480
# Content below the first bin: 0
# Content above the last  bin: 0
# Content above the last  bin: 0
# Number of events: 209000
2 1e-06
1.04412e-06 0
1.09018e-06 0
1.13828e-06 0
1.1885e-06 0
1.24094e-06 0
1.29569e-06 0
1.35285e-06 0
1.41254e-06 0
1.47486e-06 0
1.53993e-06 0
1.60787e-06 0
1.6788e-06 0
1.75287e-06 0
1.83021e-06 0
1.91095e-06 0
1.99526e-06 0
2.08329e-06 0
2.1752e-06 0
2.27117e-06 0
2.37137e-06 0
2.476e-06 0
2.58523e-06 0
2.69929e-06 0
2.81838e-06 0
2.94273e-06 0
3.07256e-06 0
3.20812e-06 0
3.34965e-06 0
3.49744e-06 0
3.65174e-06 0
3.81285e-06 0
3.98107e-06 0
4.15671e-06 0
4.3401e-06 0
4.53158e-06 0
4.73151e-06 0
4.94026e-06 0
5.15822e-06 0
5.3858e-06 0
5.62341e-06 0
5.87151e-06 0
6.13056e-06 0
6.40103e-06 0
6.68344e-06 0
6.97831e-06 0
7.28618e-06 0
7.60764e-06 0
7.94328e-06 0
8.29373e-06 0
8.65964e-06 0
9.0417e-06 0
9.44061e-06 0
9.85712e-06 0
1.0292e-05 0
1.07461e-05 0
1.12202e-05 0
1.17152e-05 0
1.22321e-05 0
1.27717e-05 0
1.33352e-05 0
1.39236e-05 0
1.45378e-05 0
1.51792e-05 0
1.58489e-05 0
1.65482e-05 0
1.72783e-05 0
1.80406e-05 0
1.88365e-05 0
1.96675e-05 0
2.05353e-05 0
2.14412e-05 0
2.23872e-05 0
2.33749e-05 0
2.44062e-05 0
2.5483e-05 0
2.66073e-05 0
2.77811e-05 0
2.90068e-05 0
3.02866e-05 0
3.16228e-05 0
3.30179e-05 0
3.44747e-05 19.2038
3.59956e-05 0
3.75837e-05 0
3.92419e-05 0
4.09732e-05 0
4.27809e-05 0
4.46684e-05 0
4.66391e-05 0
4.86968e-05 0
5.08452e-05 0
5.30884e-05 0
5.54307e-05 0
5.78762e-05 0
6.04296e-05 0
6.30957e-05 0
6.58795e-05 0
6.8786e-05 0
7.18208e-05 0
7.49894e-05 0
7.82979e-05 0
8.17523e-05 0
8.53591e-05 0
8.91251e-05 0
9.30572e-05 0
9.71628e-05 0
0.00010145 0
0.000105925 0
0.000110599 0
0.000115478 0
0.000120573 0
0.000125893 0
0.000131447 0
0.000137246 0
0.000143301 0
0.000149624 0
0.000156225 0
0.000163117 0
0.000170314 0
0.000177828 0
0.000185674 0
0.000193865 0
0.000202418 0
0.000211349 0
0.000220673 0
0.000230409 0
0.000240575 0
0.000251189 0
0.000262271 0
0.000273842 0
0.000285924 0
0.000298538 0
0.000311709 0
0.000325462 0
0.000339821 0
0.000354813 0
0.000370467 0
0.000386812 0
0.000403878 0
0.000421697 0
0.000440301 0
0.000459727 0
0.00048001 0
0.000501187 0
0.000523299 0
0.000546387 0
0.000570493 0
0.000595662 0
0.000621942 112.069
0.000649382 0
0.000678032 0
0.000707946 0
0.00073918 0
0.000771792 0
0.000805842 0
0.000841395 0
0.000878517 0
0.000917276 0
0.000957745 0
0.001 0
0.00104412 0
0.00109018 0
0.00113828 0
0.0011885 0
0.00124094 0
0.00129569 0
0.00135285 0
0.00141254 0
0.00147486 0
0.00153993 0
0.00160787 0
0.0016788 0
0.00175287 0
0.00183021 0
0.00191095 67.0992
0.00199526 0
0.00208329 0
0.0021752 0
0.00227117 0
0.00237137 0
0.002476 0
0.00258523 0
0.00269929 0
0.00281838 0
0.00294273 0
0.00307256 0
0.00320812 0
0.00334965 0
0.00349744 0
0.00365174 57.3425
0.00381285 0
0.00398107 58.7159
0.00415671 0
0.0043401 0
0.00453158 0
0.00473151 116.201
0.00494026 0
0.00515822 233.078
0.0053858 0
0.00562341 0
0.00587151 0
0.00613056 0
0.00640103 0
0.00668344 0
0.00697831 263.146
0.00728618 0
0.00760764 0
0.00794328 0
0.00829373 94.3827
0.00865964 76.4199
0.0090417 0
0.00944061 0
0.00985712 347.828
0.010292 0
0.0107461 0
0.0112202 0
0.0117152 167.332
0.0122321 0
0.0127717 28.9049
0.0133352 147.584
0.0139236 105.65
0.0145378 72.7074
0.0151792 98.5812
0.0158489 212.651
0.0165482 110.351
0.0172783 371.218
0.0180406 498.202
0.0188365 88.5666
0.0196675 89.3337
0.0205353 495.689
0.0214412 588.965
0.0223872 235.504
0.0233749 624.855
0.0244062 108.728
0.025483 92.5586
0.0266073 320.454
0.0277811 504.565
0.0290068 47.038
0.0302866 404.439
0.0316228 565.817
0.0330179 569.448
0.0344747 681.502
0.0359956 870.33
0.0375837 298.519
0.0392419 654.728
0.0409732 328.76
0.0427809 496.89
0.0446684 745.394
0.0466391 964.352
0.0486968 669.335
0.0508452 691.15
0.0530884 616.645
0.0554307 1117.83
0.0578762 760.75
0.0604296 813.184
0.0630957 1235.1
0.0658795 1086.24
0.068786 1365.72
0.0718208 889.018
0.0749894 716.038
0.0782979 1111.54
0.0817523 1911.92
0.0853591 1323.04
0.0891251 1792.47
0.0930572 1323.66
0.0971628 1904.46
0.10145 1420.11
0.105925 1843.83
0.110599 2229.34
0.115478 2095.24
0.120573 1750.24
0.125893 1988.54
0.131447 1615.57
0.137246 1511.11
0.143301 2197.83
0.149624 1168
0.156225 1948.27
0.163117 2013.33
0.170314 1788.15
0.177828 2004.63
0.185674 2913.31
0.193865 2135.13
0.202418 2357.95
0.211349 2538.48
0.220673 2205.45
0.230409 1616.32
0.240575 2334.59
0.251189 2974.36
0.262271 1695.47
0.273842 2139.32
0.285924 1928.47
0.298538 2606.61
0.311709 2894.66
0.325462 3572.08
0.339821 2775.32
0.354813 2332.85
0.370467 2899.76
0.386812 2848.07
0.403878 2788.52
0.421697 3047.16
0.440301 2945.6
0.459727 2521.76
0.48001 1950.49
0.501187 2572.95
0.523299 2737.67
0.546387 1657.92
0.570493 2341.82
0.595662 2386.03
0.621942 2581.91
0.649382 2352.63
0.678032 2701.08
0.707946 2146.59
0.73918 2022.16
0.771792 2629.41
0.805842 1941.13
0.841395 2512.82
0.878517 2732.31
0.917276 2304.65
0.957745 1606.17
1 2243.38
1.04412 2538.55
1.09018 2302.02
1.13828 1417.08
1.1885 1124.01
1.24094 1327.76
1.29569 1927.32
1.35285 757.78
1.41254 1060.83
1.47486 1166.16
1.53993 1177.39
1.60787 1013.26
1.6788 594.842
1.75287 453.431
1.83021 358.572
1.91095 1053.04
1.99526 1082.81
2.08329 608.587
2.1752 625.099
2.27117 728.027
2.37137 739.892
2.476 855.614
2.58523 799.399
2.69929 828.741
2.81838 550.489
2.94273 671.88
3.07256 123.531
3.20812 1146.56
3.34965 280.801
3.49744 524.887
3.65174 440.256
3.81285 474.07
3.98107 688.045
4.15671 597.349
4.3401 685.441
4.53158 271.48
4.73151 150.174
4.94026 738.179
5.15822 209.414
5.3858 279.297
5.62341 185.197
5.87151 149.542
6.13056 342.253
6.40103 229.76
6.68344 240.869
6.97831 113.584
7.28618 335.749
7.60764 373.445
7.94328 205.53
8.29373 488.988
8.65964 201.773
9.0417 217.079
9.44061 400.335
9.85712 312.915
10.292 288.905
10.7461 70.787
11.2202 254.834
11.7152 352.744
12.2321 287.895
12.7717 195.397
13.3352 217.966
13.9236 249.643
14.5378 445.035
15.1792 103.472
15.8489 408.609
16.5482 533.458
17.2783 111.025
18.0406 186.173
18.8365 62.2732
19.6675 255.376
20.5353 471.308
21.4412 528.376
22.3872 215.352
23.3749 112.885
24.4062 227.197
25.483 224.645
26.6073 400.588
27.7811 273.075
29.0068 108.727
30.2866 305.023
31.6228 277.691
33.0179 68.5504
34.4747 65.3961
35.9956 254.262
37.5837 574.179
39.2419 256.421
40.9732 176.224
42.7809 42.8292
44.6684 264.784
46.6391 270.176
48.6968 322.491
50.8452 304.978
53.0884 599.975
55.4307 647.78
57.8762 621.544
60.4296 397.364
63.0957 321.284
65.8795 288.607
68.786 591.427
71.8208 631.379
74.9894 515.439
78.2979 722.899
81.7523 337.35
85.3591 666.815
89.1251 240.494
93.0572 742.232
97.1628 732.745
101.45 573.642
105.925 888.582
110.599 656.091
115.478 571.147
120.573 1076.17
125.893 665.875
131.447 543.742
137.246 521.997
143.301 589.143
149.624 360.08
156.225 614.586
163.117 495.937
170.314 659.087
177.828 474.889
185.674 329.918
193.865 1089.44
202.418 755.501
211.349 888.281
220.673 438.381
230.409 747.621
240.575 505.876
251.189 521.932
262.271 786.755
273.842 573.625
285.924 312.53
298.538 276.405
311.709 238.608
325.462 515.787
339.821 319.055
354.813 624.975
370.467 497.43
386.812 94.0049
403.878 82.9182
421.697 158.924
440.301 99.9749
459.727 439.026
480.01 0
501.187 266.419
523.299 0
546.387 0
570.493 0
595.662 0
621.942 0
649.382 0
678.032 55.7988
707.946 0
739.18 0
771.792 0
805.842 0
841.395 0
878.517 0
917.276 0
957.745 0
1000 0
