# First line is two numbers 
#     First value is '2', it means 'histogram mode'
#     Second value is 'Emin' of the histogram
# Other lines : 2 columns. 1) energy 2) probability (nb divided by NbEvent)
# Number of bins = 480
# Content below the first bin: 0
# Content above the last  bin: 0
# Content above the last  bin: 0
# Number of events: 209000
2 1e-06
1.04412e-06 0
1.09018e-06 0
1.13828e-06 0
1.1885e-06 0
1.24094e-06 0
1.29569e-06 0
1.35285e-06 0
1.41254e-06 0
1.47486e-06 0
1.53993e-06 0
1.60787e-06 0
1.6788e-06 0
1.75287e-06 0
1.83021e-06 0
1.91095e-06 0
1.99526e-06 0
2.08329e-06 0
2.1752e-06 0
2.27117e-06 0
2.37137e-06 0
2.476e-06 0
2.58523e-06 0
2.69929e-06 0
2.81838e-06 0
2.94273e-06 0
3.07256e-06 0
3.20812e-06 0
3.34965e-06 0
3.49744e-06 0
3.65174e-06 0
3.81285e-06 0
3.98107e-06 0
4.15671e-06 0
4.3401e-06 0
4.53158e-06 0
4.73151e-06 0
4.94026e-06 0
5.15822e-06 0
5.3858e-06 0
5.62341e-06 0
5.87151e-06 0
6.13056e-06 0
6.40103e-06 0
6.68344e-06 0
6.97831e-06 0
7.28618e-06 0
7.60764e-06 0
7.94328e-06 0
8.29373e-06 0
8.65964e-06 0
9.0417e-06 0
9.44061e-06 0
9.85712e-06 0
1.0292e-05 0
1.07461e-05 0
1.12202e-05 0
1.17152e-05 0
1.22321e-05 0
1.27717e-05 0
1.33352e-05 0
1.39236e-05 0
1.45378e-05 0
1.51792e-05 0
1.58489e-05 0
1.65482e-05 0
1.72783e-05 0
1.80406e-05 0
1.88365e-05 0
1.96675e-05 0
2.05353e-05 0
2.14412e-05 0
2.23872e-05 0
2.33749e-05 0
2.44062e-05 0
2.5483e-05 0
2.66073e-05 0
2.77811e-05 0
2.90068e-05 0
3.02866e-05 0
3.16228e-05 0
3.30179e-05 0
3.44747e-05 0
3.59956e-05 0
3.75837e-05 0
3.92419e-05 0
4.09732e-05 0
4.27809e-05 0
4.46684e-05 0
4.66391e-05 0
4.86968e-05 0
5.08452e-05 0
5.30884e-05 0
5.54307e-05 0
5.78762e-05 0
6.04296e-05 0
6.30957e-05 0
6.58795e-05 0
6.8786e-05 0
7.18208e-05 0
7.49894e-05 0
7.82979e-05 0
8.17523e-05 0
8.53591e-05 0
8.91251e-05 0
9.30572e-05 0
9.71628e-05 0
0.00010145 0
0.000105925 0
0.000110599 0
0.000115478 0
0.000120573 0
0.000125893 0
0.000131447 0
0.000137246 0
0.000143301 0
0.000149624 0
0.000156225 0
0.000163117 0
0.000170314 0
0.000177828 0
0.000185674 0
0.000193865 0
0.000202418 0
0.000211349 0
0.000220673 0
0.000230409 0
0.000240575 0
0.000251189 0
0.000262271 0
0.000273842 0
0.000285924 0
0.000298538 0
0.000311709 0
0.000325462 0
0.000339821 0
0.000354813 0
0.000370467 0
0.000386812 0
0.000403878 0
0.000421697 0
0.000440301 0
0.000459727 0
0.00048001 0
0.000501187 0
0.000523299 0
0.000546387 0
0.000570493 0
0.000595662 0
0.000621942 0
0.000649382 0
0.000678032 0
0.000707946 0
0.00073918 0
0.000771792 0
0.000805842 0
0.000841395 0
0.000878517 0
0.000917276 0
0.000957745 0
0.001 0
0.00104412 0
0.00109018 0
0.00113828 0
0.0011885 0
0.00124094 0
0.00129569 0
0.00135285 0
0.00141254 0
0.00147486 0
0.00153993 0
0.00160787 0
0.0016788 0
0.00175287 0
0.00183021 0
0.00191095 0
0.00199526 0
0.00208329 0
0.0021752 0
0.00227117 0
0.00237137 0
0.002476 0
0.00258523 0
0.00269929 0
0.00281838 115.841
0.00294273 0
0.00307256 0
0.00320812 0
0.00334965 0
0.00349744 0
0.00365174 0
0.00381285 0
0.00398107 0
0.00415671 0
0.0043401 0
0.00453158 0
0.00473151 0
0.00494026 0
0.00515822 0
0.0053858 0
0.00562341 0
0.00587151 0
0.00613056 0
0.00640103 0
0.00668344 0
0.00697831 0
0.00728618 0
0.00760764 0
0.00794328 0
0.00829373 0
0.00865964 0
0.0090417 0
0.00944061 41.1711
0.00985712 100.024
0.010292 0
0.0107461 0
0.0112202 299.262
0.0117152 0
0.0122321 368.647
0.0127717 87.6293
0.0133352 79.5624
0.0139236 0
0.0145378 326.377
0.0151792 160.03
0.0158489 141.174
0.0165482 0
0.0172783 0
0.0180406 119.559
0.0188365 215.417
0.0196675 499.012
0.0205353 116.094
0.0214412 286.227
0.0223872 657.209
0.0233749 217.981
0.0244062 558.286
0.025483 417.936
0.0266073 347.153
0.0277811 384.057
0.0290068 57.6635
0.0302866 438.464
0.0316228 369.527
0.0330179 680.704
0.0344747 251.205
0.0359956 879.298
0.0375837 928.245
0.0392419 241.304
0.0409732 484.826
0.0427809 961.619
0.0446684 622.637
0.0466391 1308.32
0.0486968 705.266
0.0508452 696.082
0.0530884 844.712
0.0554307 854.608
0.0578762 1747.65
0.0604296 1429.93
0.0630957 770.728
0.0658795 972.093
0.068786 1447.42
0.0718208 1429
0.0749894 1157.17
0.0782979 1021.72
0.0817523 1234.8
0.0853591 1482.44
0.0891251 1705.65
0.0930572 2109.87
0.0971628 1682.46
0.10145 1393.07
0.105925 1781.43
0.110599 2286.28
0.115478 1604.64
0.120573 1912.34
0.125893 2610.84
0.131447 2309.52
0.137246 2736.51
0.143301 2813.54
0.149624 2640.67
0.156225 2831.46
0.163117 1647.09
0.170314 1538.36
0.177828 2241.88
0.185674 2672.09
0.193865 3112.4
0.202418 2078.4
0.211349 2482.75
0.220673 1566.32
0.230409 2526
0.240575 2532.8
0.251189 3299.28
0.262271 2563.59
0.273842 3161.75
0.285924 2624.85
0.298538 3254.12
0.311709 2878.88
0.325462 2321.35
0.339821 2802.65
0.354813 3578.63
0.370467 2921.42
0.386812 3163.2
0.403878 1873.49
0.421697 2049.94
0.440301 2637.62
0.459727 2623.93
0.48001 3098.8
0.501187 2746.27
0.523299 3797.04
0.546387 2672
0.570493 3048.27
0.595662 2648.32
0.621942 2580.59
0.649382 2649.18
0.678032 2913.16
0.707946 1928.09
0.73918 2098.79
0.771792 2650.97
0.805842 1885.29
0.841395 1953.7
0.878517 2180.76
0.917276 1745.87
0.957745 1382.3
1 1671.67
1.04412 1522.92
1.09018 1937.29
1.13828 1814.32
1.1885 778.89
1.24094 1391.32
1.29569 1529.81
1.35285 751.155
1.41254 915.84
1.47486 1586.78
1.53993 1139.95
1.60787 857.806
1.6788 1231.49
1.75287 616.594
1.83021 1098.75
1.91095 680.684
1.99526 1816.92
2.08329 1049.8
2.1752 896.515
2.27117 1164.49
2.37137 501.727
2.476 575.57
2.58523 422.423
2.69929 656.588
2.81838 407.849
2.94273 326.599
3.07256 244.199
3.20812 596.629
3.34965 767.448
3.49744 391.125
3.65174 914.573
3.81285 504.736
3.98107 304.569
4.15671 1008.58
4.3401 192.436
4.53158 275.876
4.73151 659.697
4.94026 331.446
5.15822 323.721
5.3858 670.693
5.62341 187.447
5.87151 171.32
6.13056 158.321
6.40103 714.46
6.68344 424.208
6.97831 499.322
7.28618 287.346
7.60764 305.626
7.94328 333.663
8.29373 372.27
8.65964 161.996
9.0417 80.4313
9.44061 462.201
9.85712 615.833
10.292 370.465
10.7461 273.96
11.2202 403.998
11.7152 316.026
12.2321 0
12.7717 392.663
13.3352 343.689
13.9236 223.507
14.5378 279.956
15.1792 532.72
15.8489 57.0392
16.5482 476.584
17.2783 479.834
18.0406 587.222
18.8365 219.558
19.6675 131.822
20.5353 533.595
21.4412 331.48
22.3872 292.355
23.3749 23.8097
24.4062 264.106
25.483 237.987
26.6073 107.975
27.7811 270.791
29.0068 189.238
30.2866 495.426
31.6228 419.902
33.0179 344.56
34.4747 646.824
35.9956 715.554
37.5837 596.461
39.2419 494.012
40.9732 184.961
42.7809 184.364
44.6684 285.804
46.6391 167.972
48.6968 390.132
50.8452 467.423
53.0884 212.476
55.4307 408.167
57.8762 329.115
60.4296 312.248
63.0957 540.084
65.8795 590.115
68.786 291.501
71.8208 756.411
74.9894 666.728
78.2979 747.924
81.7523 818.836
85.3591 659.312
89.1251 672.345
93.0572 931.958
97.1628 349.496
101.45 1304.29
105.925 157.243
110.599 275.528
115.478 495.315
120.573 546.207
125.893 299.272
131.447 217.811
137.246 214.52
143.301 286.833
149.624 933.082
156.225 645.329
163.117 320.381
170.314 529.782
177.828 439.391
185.674 352.237
193.865 740.626
202.418 443.062
211.349 1018.58
220.673 516.973
230.409 540.833
240.575 604.926
251.189 698.061
262.271 540.946
273.842 586.399
285.924 263.04
298.538 443.136
311.709 103.858
325.462 372.798
339.821 516.034
354.813 224.122
370.467 293.664
386.812 175.491
403.878 174.482
421.697 128.861
440.301 0
459.727 46.4758
480.01 216.843
501.187 0
523.299 122.624
546.387 0
570.493 0
595.662 0
621.942 0
649.382 0
678.032 64.6711
707.946 0
739.18 0
771.792 0
805.842 0
841.395 88.401
878.517 0
917.276 0
957.745 0
1000 0
