# First line is two numbers 
#     First value is '2', it means 'histogram mode'
#     Second value is 'Emin' of the histogram
# Other lines : 2 columns. 1) energy 2) probability (nb divided by NbEvent)
# Number of bins = 480
# Content below the first bin: 0
# Content above the last  bin: 0
# Content above the last  bin: 0
# Number of events: 209000
2 1e-06
1.04412e-06 0
1.09018e-06 0
1.13828e-06 0
1.1885e-06 0
1.24094e-06 0
1.29569e-06 0
1.35285e-06 0
1.41254e-06 0
1.47486e-06 0
1.53993e-06 0
1.60787e-06 0
1.6788e-06 0
1.75287e-06 0
1.83021e-06 0
1.91095e-06 0
1.99526e-06 0
2.08329e-06 0
2.1752e-06 0
2.27117e-06 0
2.37137e-06 0
2.476e-06 0
2.58523e-06 0
2.69929e-06 0
2.81838e-06 0
2.94273e-06 0
3.07256e-06 0
3.20812e-06 0
3.34965e-06 0
3.49744e-06 0
3.65174e-06 0
3.81285e-06 0
3.98107e-06 0
4.15671e-06 0
4.3401e-06 0
4.53158e-06 0
4.73151e-06 0
4.94026e-06 0
5.15822e-06 0
5.3858e-06 0
5.62341e-06 0
5.87151e-06 0
6.13056e-06 0
6.40103e-06 0
6.68344e-06 0
6.97831e-06 0
7.28618e-06 0
7.60764e-06 0
7.94328e-06 0
8.29373e-06 0
8.65964e-06 0
9.0417e-06 0
9.44061e-06 0
9.85712e-06 0
1.0292e-05 0
1.07461e-05 0
1.12202e-05 0
1.17152e-05 0
1.22321e-05 0
1.27717e-05 0
1.33352e-05 0
1.39236e-05 0
1.45378e-05 0
1.51792e-05 0
1.58489e-05 0
1.65482e-05 0
1.72783e-05 0
1.80406e-05 0
1.88365e-05 0
1.96675e-05 0
2.05353e-05 0
2.14412e-05 0
2.23872e-05 0
2.33749e-05 0
2.44062e-05 0
2.5483e-05 0
2.66073e-05 0
2.77811e-05 0
2.90068e-05 0
3.02866e-05 0
3.16228e-05 0
3.30179e-05 0
3.44747e-05 0
3.59956e-05 0
3.75837e-05 0
3.92419e-05 0
4.09732e-05 0
4.27809e-05 0
4.46684e-05 0
4.66391e-05 0
4.86968e-05 0
5.08452e-05 0
5.30884e-05 0
5.54307e-05 0
5.78762e-05 0
6.04296e-05 0
6.30957e-05 0
6.58795e-05 0
6.8786e-05 0
7.18208e-05 0
7.49894e-05 0
7.82979e-05 0
8.17523e-05 0
8.53591e-05 0
8.91251e-05 0
9.30572e-05 0
9.71628e-05 0
0.00010145 0
0.000105925 0
0.000110599 0
0.000115478 0
0.000120573 0
0.000125893 0
0.000131447 0
0.000137246 0
0.000143301 0
0.000149624 0
0.000156225 0
0.000163117 0
0.000170314 0
0.000177828 0
0.000185674 0
0.000193865 0
0.000202418 0
0.000211349 0
0.000220673 0
0.000230409 0
0.000240575 0
0.000251189 0
0.000262271 0
0.000273842 0
0.000285924 0
0.000298538 0
0.000311709 0
0.000325462 0
0.000339821 0
0.000354813 0
0.000370467 0
0.000386812 0
0.000403878 0
0.000421697 0
0.000440301 0
0.000459727 0
0.00048001 0
0.000501187 0
0.000523299 0
0.000546387 0
0.000570493 0
0.000595662 0
0.000621942 0
0.000649382 0
0.000678032 0
0.000707946 0
0.00073918 0
0.000771792 0
0.000805842 0
0.000841395 0
0.000878517 0
0.000917276 0
0.000957745 0
0.001 0
0.00104412 0
0.00109018 0
0.00113828 0
0.0011885 0
0.00124094 0
0.00129569 0
0.00135285 0
0.00141254 0
0.00147486 90.5295
0.00153993 0
0.00160787 0
0.0016788 0
0.00175287 0
0.00183021 0
0.00191095 0
0.00199526 29.4047
0.00208329 0
0.0021752 0
0.00227117 108.38
0.00237137 0
0.002476 0
0.00258523 0
0.00269929 0
0.00281838 0
0.00294273 0
0.00307256 0
0.00320812 0
0.00334965 0
0.00349744 0
0.00365174 74.9926
0.00381285 0
0.00398107 61.2656
0.00415671 0
0.0043401 0
0.00453158 0
0.00473151 83.4254
0.00494026 0
0.00515822 0
0.0053858 0
0.00562341 0
0.00587151 0
0.00613056 110.365
0.00640103 175.538
0.00668344 0
0.00697831 110.108
0.00728618 0
0.00760764 0
0.00794328 0
0.00829373 0
0.00865964 0
0.0090417 0
0.00944061 0
0.00985712 141.114
0.010292 166.602
0.0107461 115.759
0.0112202 0
0.0117152 69.3047
0.0122321 196.456
0.0127717 57.7802
0.0133352 150.772
0.0139236 159.844
0.0145378 113.552
0.0151792 184.191
0.0158489 215.997
0.0165482 82.1881
0.0172783 370.049
0.0180406 382.607
0.0188365 605.398
0.0196675 246.984
0.0205353 212.824
0.0214412 45.5125
0.0223872 142.506
0.0233749 189.067
0.0244062 426.696
0.025483 105.269
0.0266073 317.493
0.0277811 427.576
0.0290068 747.927
0.0302866 143.446
0.0316228 346.258
0.0330179 476.132
0.0344747 264.734
0.0359956 721.132
0.0375837 799.5
0.0392419 649.648
0.0409732 328.727
0.0427809 409.974
0.0446684 774.923
0.0466391 656.68
0.0486968 517.509
0.0508452 801.075
0.0530884 1174.75
0.0554307 924.297
0.0578762 800.083
0.0604296 461.995
0.0630957 1160.55
0.0658795 1353.54
0.068786 1817.76
0.0718208 1850.72
0.0749894 1317.39
0.0782979 1829.02
0.0817523 1104.3
0.0853591 1327.79
0.0891251 1368.02
0.0930572 1384.63
0.0971628 1383.73
0.10145 1266.69
0.105925 1298.72
0.110599 1676.91
0.115478 1723.17
0.120573 1721.36
0.125893 1819.21
0.131447 2334.82
0.137246 1546.59
0.143301 1868.55
0.149624 2823.97
0.156225 2912.15
0.163117 1619.07
0.170314 2894.21
0.177828 2770.38
0.185674 3299.92
0.193865 2648.93
0.202418 2045.95
0.211349 2521.51
0.220673 3281.77
0.230409 3687.92
0.240575 2966.02
0.251189 2359.26
0.262271 2732.21
0.273842 2605.04
0.285924 3851.97
0.298538 3213.33
0.311709 2785.55
0.325462 2307.62
0.339821 2420.44
0.354813 2093.66
0.370467 2462.34
0.386812 3097.32
0.403878 3867.38
0.421697 1972.71
0.440301 3156.7
0.459727 3267.66
0.48001 2102.45
0.501187 2939.07
0.523299 2293.78
0.546387 3474.44
0.570493 2224.2
0.595662 2726.73
0.621942 2201.14
0.649382 2380.48
0.678032 2445.44
0.707946 2806.04
0.73918 2303.98
0.771792 1522.37
0.805842 2059.37
0.841395 2570.5
0.878517 2766.41
0.917276 2528.3
0.957745 2040.42
1 1620.26
1.04412 1307.42
1.09018 1343.76
1.13828 1293.68
1.1885 1447.13
1.24094 1642.38
1.29569 1090.64
1.35285 1377.58
1.41254 926.431
1.47486 1092.35
1.53993 1390.18
1.60787 776.403
1.6788 833.291
1.75287 847.827
1.83021 624.129
1.91095 608.326
1.99526 1217.34
2.08329 798.461
2.1752 549.052
2.27117 622.973
2.37137 649.187
2.476 569.95
2.58523 634.659
2.69929 710.924
2.81838 379.834
2.94273 390.705
3.07256 735.269
3.20812 474.252
3.34965 612.76
3.49744 713.791
3.65174 495.24
3.81285 431.083
3.98107 647.806
4.15671 673.273
4.3401 532.095
4.53158 484.014
4.73151 458.32
4.94026 306.534
5.15822 330.684
5.3858 335.71
5.62341 639.42
5.87151 490.263
6.13056 252.414
6.40103 322.82
6.68344 114.468
6.97831 474.462
7.28618 563.629
7.60764 288.903
7.94328 346.81
8.29373 71.1386
8.65964 379.901
9.0417 118.201
9.44061 572.325
9.85712 449.7
10.292 192.061
10.7461 464.753
11.2202 96.4866
11.7152 64.7011
12.2321 338.967
12.7717 111.699
13.3352 220.62
13.9236 218.132
14.5378 140.632
15.1792 266.124
15.8489 118.705
16.5482 207.996
17.2783 93.6631
18.0406 263.196
18.8365 345.319
19.6675 259.533
20.5353 0
21.4412 86.3696
22.3872 516.721
23.3749 499.818
24.4062 218.515
25.483 75.0875
26.6073 272.3
27.7811 101.607
29.0068 255.174
30.2866 434.396
31.6228 419.54
33.0179 397.639
34.4747 219.469
35.9956 216.397
37.5837 298.724
39.2419 199.938
40.9732 322.767
42.7809 322.278
44.6684 398.485
46.6391 694.41
48.6968 519.741
50.8452 463.415
53.0884 408.213
55.4307 365.122
57.8762 592.912
60.4296 204.637
63.0957 575.146
65.8795 494.028
68.786 837.941
71.8208 332.099
74.9894 265.123
78.2979 1185.72
81.7523 434.803
85.3591 710.168
89.1251 354.199
93.0572 445.903
97.1628 382.654
101.45 560.973
105.925 452.487
110.599 334.052
115.478 458.338
120.573 557.03
125.893 596.96
131.447 1209.37
137.246 523.635
143.301 720.064
149.624 356.694
156.225 520.449
163.117 301.404
170.314 349.413
177.828 413.6
185.674 553.676
193.865 636.089
202.418 544.186
211.349 289.696
220.673 731.877
230.409 452.556
240.575 220.127
251.189 408.215
262.271 422.901
273.842 463.94
285.924 327.619
298.538 565.013
311.709 160.588
325.462 196.396
339.821 135.294
354.813 318.413
370.467 591.065
386.812 99.1288
403.878 134.731
421.697 67.9281
440.301 66.5394
459.727 155.767
480.01 0
501.187 46.7153
523.299 94.1877
546.387 0
570.493 0
595.662 0
621.942 175.24
649.382 0
678.032 0
707.946 0
739.18 0
771.792 0
805.842 0
841.395 0
878.517 0
917.276 0
957.745 0
1000 0
