# First line is two numbers 
#     First value is '2', it means 'histogram mode'
#     Second value is 'Emin' of the histogram
# Other lines : 2 columns. 1) energy 2) probability (nb divided by NbEvent)
# Number of bins = 480
# Content below the first bin: 0
# Content above the last  bin: 0
# Content above the last  bin: 0
# Number of events: 209000
2 1e-06
1.04412e-06 0
1.09018e-06 0
1.13828e-06 0
1.1885e-06 0
1.24094e-06 0
1.29569e-06 0
1.35285e-06 0
1.41254e-06 0
1.47486e-06 0
1.53993e-06 0
1.60787e-06 0
1.6788e-06 0
1.75287e-06 0
1.83021e-06 0
1.91095e-06 0
1.99526e-06 0
2.08329e-06 0
2.1752e-06 0
2.27117e-06 0
2.37137e-06 0
2.476e-06 0
2.58523e-06 0
2.69929e-06 0
2.81838e-06 0
2.94273e-06 0
3.07256e-06 0
3.20812e-06 0
3.34965e-06 0
3.49744e-06 0
3.65174e-06 0
3.81285e-06 0
3.98107e-06 0
4.15671e-06 0
4.3401e-06 0
4.53158e-06 0
4.73151e-06 0
4.94026e-06 0
5.15822e-06 0
5.3858e-06 0
5.62341e-06 0
5.87151e-06 0
6.13056e-06 0
6.40103e-06 0
6.68344e-06 0
6.97831e-06 0
7.28618e-06 0
7.60764e-06 0
7.94328e-06 0
8.29373e-06 0
8.65964e-06 0
9.0417e-06 0
9.44061e-06 0
9.85712e-06 0
1.0292e-05 0
1.07461e-05 0
1.12202e-05 0
1.17152e-05 0
1.22321e-05 0
1.27717e-05 0
1.33352e-05 0
1.39236e-05 0
1.45378e-05 0
1.51792e-05 0
1.58489e-05 0
1.65482e-05 0
1.72783e-05 0
1.80406e-05 0
1.88365e-05 0
1.96675e-05 0
2.05353e-05 0
2.14412e-05 0
2.23872e-05 0
2.33749e-05 0
2.44062e-05 0
2.5483e-05 0
2.66073e-05 0
2.77811e-05 0
2.90068e-05 0
3.02866e-05 0
3.16228e-05 0
3.30179e-05 0
3.44747e-05 0
3.59956e-05 0
3.75837e-05 0
3.92419e-05 0
4.09732e-05 0
4.27809e-05 0
4.46684e-05 0
4.66391e-05 0
4.86968e-05 0
5.08452e-05 0
5.30884e-05 0
5.54307e-05 0
5.78762e-05 0
6.04296e-05 0
6.30957e-05 0
6.58795e-05 0
6.8786e-05 0
7.18208e-05 0
7.49894e-05 0
7.82979e-05 0
8.17523e-05 0
8.53591e-05 0
8.91251e-05 0
9.30572e-05 0
9.71628e-05 0
0.00010145 0
0.000105925 0
0.000110599 0
0.000115478 0
0.000120573 0
0.000125893 0
0.000131447 0
0.000137246 0
0.000143301 0
0.000149624 0
0.000156225 0
0.000163117 0
0.000170314 0
0.000177828 0
0.000185674 0
0.000193865 0
0.000202418 0
0.000211349 0
0.000220673 0
0.000230409 0
0.000240575 0
0.000251189 0
0.000262271 0
0.000273842 0
0.000285924 0
0.000298538 0
0.000311709 0
0.000325462 0
0.000339821 0
0.000354813 0
0.000370467 0
0.000386812 0
0.000403878 0
0.000421697 0
0.000440301 0
0.000459727 0
0.00048001 0
0.000501187 0
0.000523299 0
0.000546387 0
0.000570493 0
0.000595662 0
0.000621942 0
0.000649382 0
0.000678032 0
0.000707946 0
0.00073918 0
0.000771792 0
0.000805842 0
0.000841395 0
0.000878517 0
0.000917276 0
0.000957745 61.9913
0.001 0
0.00104412 0
0.00109018 0
0.00113828 0
0.0011885 0
0.00124094 0
0.00129569 0
0.00135285 101.61
0.00141254 0
0.00147486 0
0.00153993 0
0.00160787 0
0.0016788 0
0.00175287 0
0.00183021 0
0.00191095 0
0.00199526 0
0.00208329 0
0.0021752 0
0.00227117 0
0.00237137 0
0.002476 0
0.00258523 0
0.00269929 0
0.00281838 0
0.00294273 0
0.00307256 0
0.00320812 0
0.00334965 0
0.00349744 0
0.00365174 0
0.00381285 0
0.00398107 0
0.00415671 0
0.0043401 0
0.00453158 0
0.00473151 0
0.00494026 0
0.00515822 95.3819
0.0053858 0
0.00562341 0
0.00587151 0
0.00613056 0
0.00640103 0
0.00668344 89.5013
0.00697831 110.904
0.00728618 79.3281
0.00760764 0
0.00794328 65.5477
0.00829373 0
0.00865964 106.205
0.0090417 91.1081
0.00944061 89.3854
0.00985712 61.6432
0.010292 51.7825
0.0107461 137.982
0.0112202 82.5109
0.0117152 104.449
0.0122321 0
0.0127717 0
0.0133352 99.8151
0.0139236 206.439
0.0145378 0
0.0151792 0
0.0158489 187.565
0.0165482 314.81
0.0172783 11.2238
0.0180406 113.552
0.0188365 131.351
0.0196675 0
0.0205353 214.885
0.0214412 0
0.0223872 300.463
0.0233749 162.817
0.0244062 276.513
0.025483 259.328
0.0266073 141.186
0.0277811 93.4854
0.0290068 357.34
0.0302866 393.26
0.0316228 209.482
0.0330179 458.1
0.0344747 298.042
0.0359956 291.093
0.0375837 433.159
0.0392419 583.249
0.0409732 559.165
0.0427809 413.103
0.0446684 734.325
0.0466391 1039.16
0.0486968 507.386
0.0508452 1007.65
0.0530884 222.113
0.0554307 565.529
0.0578762 603.905
0.0604296 545.547
0.0630957 1214.65
0.0658795 882.251
0.068786 1079.01
0.0718208 883.056
0.0749894 765.012
0.0782979 1329.56
0.0817523 779.875
0.0853591 739.88
0.0891251 795.892
0.0930572 1484.43
0.0971628 1173.04
0.10145 1426
0.105925 1310.75
0.110599 1250.62
0.115478 1802.75
0.120573 2329.68
0.125893 1558.64
0.131447 1833.3
0.137246 2104.39
0.143301 1653.44
0.149624 1058.58
0.156225 1705.12
0.163117 1190.2
0.170314 2107.32
0.177828 2128.71
0.185674 1709.14
0.193865 1061.2
0.202418 2473.74
0.211349 892.572
0.220673 2004.17
0.230409 1961.18
0.240575 1665.56
0.251189 1666.14
0.262271 2829.6
0.273842 2215.28
0.285924 1978.86
0.298538 1994.02
0.311709 2024.04
0.325462 1950.34
0.339821 2867.95
0.354813 2912.14
0.370467 1663.11
0.386812 2559.14
0.403878 1614.21
0.421697 1473.1
0.440301 1879.71
0.459727 1935.72
0.48001 1416.8
0.501187 2669.37
0.523299 1917.9
0.546387 2118.84
0.570493 3152.59
0.595662 2254.77
0.621942 1481.71
0.649382 2140.4
0.678032 1484.8
0.707946 2683.17
0.73918 1991.06
0.771792 1434.5
0.805842 1821.1
0.841395 2312.9
0.878517 1033.2
0.917276 1415.07
0.957745 1327.24
1 1818.84
1.04412 1549.1
1.09018 1349.23
1.13828 1322.92
1.1885 305.013
1.24094 1414.63
1.29569 976.662
1.35285 772.507
1.41254 886.341
1.47486 578.67
1.53993 824.473
1.60787 617.521
1.6788 811.946
1.75287 935.564
1.83021 944.579
1.91095 738.88
1.99526 807.199
2.08329 491.432
2.1752 909.128
2.27117 624.786
2.37137 1094.19
2.476 504.622
2.58523 474.783
2.69929 679.972
2.81838 462.215
2.94273 985.179
3.07256 566.554
3.20812 537.534
3.34965 483.959
3.49744 283.808
3.65174 301.946
3.81285 123.309
3.98107 397.853
4.15671 197.357
4.3401 560.066
4.53158 575.83
4.73151 197.997
4.94026 396.628
5.15822 402.214
5.3858 127.823
5.62341 364.792
5.87151 227.155
6.13056 430.699
6.40103 401.104
6.68344 140.693
6.97831 351.944
7.28618 162.508
7.60764 622.426
7.94328 511.311
8.29373 277.419
8.65964 498.01
9.0417 553.335
9.44061 875.241
9.85712 379.253
10.292 136.143
10.7461 137.639
11.2202 205.451
11.7152 0
12.2321 264.691
12.7717 65.4512
13.3352 653.914
13.9236 108.83
14.5378 102.028
15.1792 172.179
15.8489 188.278
16.5482 102.669
17.2783 73.5213
18.0406 330.236
18.8365 63.8544
19.6675 170.041
20.5353 115.991
21.4412 87.6357
22.3872 145.445
23.3749 469.779
24.4062 0
25.483 194.549
26.6073 65.8925
27.7811 317.123
29.0068 358.71
30.2866 110.844
31.6228 146.131
33.0179 98.7263
34.4747 97.0291
35.9956 115.894
37.5837 420.957
39.2419 438.661
40.9732 188.536
42.7809 196.619
44.6684 330.781
46.6391 108.789
48.6968 481.546
50.8452 75.6842
53.0884 465.122
55.4307 262.474
57.8762 178.735
60.4296 496.38
63.0957 414.541
65.8795 399.179
68.786 434.926
71.8208 362.509
74.9894 743.275
78.2979 336.093
81.7523 177.694
85.3591 275.196
89.1251 807.69
93.0572 331.075
97.1628 680.724
101.45 293.9
105.925 634.202
110.599 574.769
115.478 427.558
120.573 513.444
125.893 171.691
131.447 458.611
137.246 232.383
143.301 40.8831
149.624 589.697
156.225 302.474
163.117 559.773
170.314 243.967
177.828 1111.89
185.674 425.903
193.865 337.799
202.418 590.26
211.349 293.854
220.673 295.084
230.409 251.266
240.575 262.401
251.189 358.072
262.271 595.784
273.842 0
285.924 545.706
298.538 547.321
311.709 338.216
325.462 190.316
339.821 167.621
354.813 102.893
370.467 0
386.812 0
403.878 110.782
421.697 0
440.301 0
459.727 0
480.01 100.862
501.187 115.365
523.299 100.208
546.387 0
570.493 11.2361
595.662 0
621.942 252.124
649.382 0
678.032 118.519
707.946 0
739.18 0
771.792 0
805.842 0
841.395 0
878.517 0
917.276 0
957.745 0
1000 0
