# First line is two numbers 
#     First value is '2', it means 'histogram mode'
#     Second value is 'Emin' of the histogram
# Other lines : 2 columns. 1) energy 2) probability (nb divided by NbEvent)
# Number of bins = 480
# Content below the first bin: 0
# Content above the last  bin: 0
# Content above the last  bin: 0
# Number of events: 209000
2 1e-06
1.04412e-06 0
1.09018e-06 0
1.13828e-06 0
1.1885e-06 0
1.24094e-06 0
1.29569e-06 0
1.35285e-06 0
1.41254e-06 0
1.47486e-06 0
1.53993e-06 0
1.60787e-06 0
1.6788e-06 0
1.75287e-06 0
1.83021e-06 0
1.91095e-06 0
1.99526e-06 0
2.08329e-06 0
2.1752e-06 0
2.27117e-06 0
2.37137e-06 0
2.476e-06 0
2.58523e-06 0
2.69929e-06 0
2.81838e-06 0
2.94273e-06 0
3.07256e-06 0
3.20812e-06 0
3.34965e-06 0
3.49744e-06 0
3.65174e-06 0
3.81285e-06 0
3.98107e-06 0
4.15671e-06 0
4.3401e-06 0
4.53158e-06 0
4.73151e-06 0
4.94026e-06 0
5.15822e-06 0
5.3858e-06 0
5.62341e-06 0
5.87151e-06 0
6.13056e-06 0
6.40103e-06 0
6.68344e-06 0
6.97831e-06 0
7.28618e-06 0
7.60764e-06 0
7.94328e-06 0
8.29373e-06 0
8.65964e-06 0
9.0417e-06 0
9.44061e-06 0
9.85712e-06 0
1.0292e-05 0
1.07461e-05 0
1.12202e-05 0
1.17152e-05 0
1.22321e-05 0
1.27717e-05 0
1.33352e-05 0
1.39236e-05 0
1.45378e-05 0
1.51792e-05 0
1.58489e-05 0
1.65482e-05 0
1.72783e-05 0
1.80406e-05 0
1.88365e-05 0
1.96675e-05 0
2.05353e-05 0
2.14412e-05 0
2.23872e-05 0
2.33749e-05 0
2.44062e-05 0
2.5483e-05 0
2.66073e-05 0
2.77811e-05 0
2.90068e-05 0
3.02866e-05 0
3.16228e-05 0
3.30179e-05 0
3.44747e-05 0
3.59956e-05 0
3.75837e-05 0
3.92419e-05 0
4.09732e-05 0
4.27809e-05 0
4.46684e-05 0
4.66391e-05 0
4.86968e-05 0
5.08452e-05 0
5.30884e-05 0
5.54307e-05 0
5.78762e-05 0
6.04296e-05 0
6.30957e-05 0
6.58795e-05 0
6.8786e-05 0
7.18208e-05 0
7.49894e-05 0
7.82979e-05 0
8.17523e-05 0
8.53591e-05 0
8.91251e-05 0
9.30572e-05 0
9.71628e-05 0
0.00010145 0
0.000105925 0
0.000110599 0
0.000115478 0
0.000120573 0
0.000125893 0
0.000131447 0
0.000137246 0
0.000143301 0
0.000149624 0
0.000156225 0
0.000163117 0
0.000170314 0
0.000177828 0
0.000185674 0
0.000193865 0
0.000202418 0
0.000211349 0
0.000220673 0
0.000230409 0
0.000240575 0
0.000251189 0
0.000262271 0
0.000273842 0
0.000285924 0
0.000298538 0
0.000311709 0
0.000325462 0
0.000339821 0
0.000354813 0
0.000370467 0
0.000386812 0
0.000403878 0
0.000421697 0
0.000440301 0
0.000459727 0
0.00048001 0
0.000501187 0
0.000523299 0
0.000546387 0
0.000570493 0
0.000595662 0
0.000621942 0
0.000649382 0
0.000678032 0
0.000707946 0
0.00073918 0
0.000771792 0
0.000805842 0
0.000841395 0
0.000878517 0
0.000917276 0
0.000957745 0
0.001 0
0.00104412 0
0.00109018 0
0.00113828 0
0.0011885 0
0.00124094 0
0.00129569 0
0.00135285 0
0.00141254 0
0.00147486 0
0.00153993 0
0.00160787 0
0.0016788 0
0.00175287 0
0.00183021 0
0.00191095 0
0.00199526 0
0.00208329 0
0.0021752 0
0.00227117 0
0.00237137 0
0.002476 0
0.00258523 0
0.00269929 0
0.00281838 0
0.00294273 0
0.00307256 0
0.00320812 68.0935
0.00334965 0
0.00349744 0
0.00365174 0
0.00381285 0
0.00398107 0
0.00415671 0
0.0043401 0
0.00453158 0
0.00473151 0
0.00494026 0
0.00515822 0
0.0053858 0
0.00562341 0
0.00587151 0
0.00613056 0
0.00640103 106.893
0.00668344 117.402
0.00697831 0
0.00728618 0
0.00760764 0
0.00794328 0
0.00829373 0
0.00865964 97.2553
0.0090417 92.7255
0.00944061 29.1351
0.00985712 0
0.010292 0
0.0107461 0
0.0112202 114.125
0.0117152 0
0.0122321 0
0.0127717 164.087
0.0133352 111.937
0.0139236 0
0.0145378 72.8919
0.0151792 0
0.0158489 76.2734
0.0165482 0
0.0172783 205.472
0.0180406 0
0.0188365 0
0.0196675 0
0.0205353 93.7476
0.0214412 0
0.0223872 106.254
0.0233749 79.2758
0.0244062 94.7506
0.025483 73.1501
0.0266073 235.265
0.0277811 164.495
0.0290068 100.169
0.0302866 195.439
0.0316228 627.031
0.0330179 94.7016
0.0344747 254.913
0.0359956 0
0.0375837 0
0.0392419 202.611
0.0409732 410.302
0.0427809 406.098
0.0446684 295.523
0.0466391 241.947
0.0486968 276.963
0.0508452 289.723
0.0530884 422.104
0.0554307 239.787
0.0578762 257.953
0.0604296 380.034
0.0630957 114.2
0.0658795 547.883
0.068786 1172.84
0.0718208 374.866
0.0749894 263.169
0.0782979 326.872
0.0817523 241.927
0.0853591 401.964
0.0891251 214.1
0.0930572 692.17
0.0971628 321.144
0.10145 732.066
0.105925 1218.15
0.110599 939.214
0.115478 575.318
0.120573 762.932
0.125893 439.064
0.131447 694.377
0.137246 754.46
0.143301 566.147
0.149624 809.763
0.156225 405.012
0.163117 835.025
0.170314 969.729
0.177828 575.998
0.185674 664.671
0.193865 1037.77
0.202418 653.236
0.211349 652.681
0.220673 805.977
0.230409 214.77
0.240575 567.372
0.251189 1011.16
0.262271 881.553
0.273842 385.383
0.285924 1050.45
0.298538 1318.8
0.311709 714.719
0.325462 1610.57
0.339821 1456.58
0.354813 1434.62
0.370467 1198.35
0.386812 940.503
0.403878 585.715
0.421697 603.633
0.440301 1123.78
0.459727 877.375
0.48001 980.853
0.501187 930.039
0.523299 1230.58
0.546387 1246.05
0.570493 1107.71
0.595662 445.78
0.621942 687.041
0.649382 741.121
0.678032 600.304
0.707946 557.227
0.73918 942.464
0.771792 947.196
0.805842 1082.53
0.841395 447.469
0.878517 1100.07
0.917276 579.72
0.957745 574.735
1 681.671
1.04412 928.27
1.09018 642.512
1.13828 589.649
1.1885 738.144
1.24094 549.833
1.29569 259.805
1.35285 375.581
1.41254 292.335
1.47486 226.177
1.53993 123.955
1.60787 225.171
1.6788 324.551
1.75287 229.372
1.83021 225.64
1.91095 95.1936
1.99526 192.271
2.08329 298.897
2.1752 160.991
2.27117 317.957
2.37137 249.436
2.476 279.794
2.58523 58.441
2.69929 193.519
2.81838 208.276
2.94273 180.804
3.07256 188.69
3.20812 181.918
3.34965 212.542
3.49744 107.839
3.65174 69.9334
3.81285 133.699
3.98107 136.096
4.15671 239.604
4.3401 59.2914
4.53158 81.9901
4.73151 82.7459
4.94026 208.441
5.15822 87.0308
5.3858 207.561
5.62341 86.5822
5.87151 83.4363
6.13056 333.936
6.40103 224.436
6.68344 26.3174
6.97831 0
7.28618 96.8048
7.60764 139.306
7.94328 174.422
8.29373 107.304
8.65964 51.0762
9.0417 0
9.44061 107.169
9.85712 77.9545
10.292 76.5525
10.7461 0
11.2202 170.528
11.7152 0
12.2321 61.5566
12.7717 113.12
13.3352 11.2349
13.9236 117.058
14.5378 166.575
15.1792 0
15.8489 61.4318
16.5482 276.624
17.2783 167.252
18.0406 326.542
18.8365 20.6534
19.6675 0
20.5353 435.586
21.4412 295.876
22.3872 0
23.3749 150.876
24.4062 140.902
25.483 134.88
26.6073 102.56
27.7811 177.34
29.0068 195.173
30.2866 171.193
31.6228 363.421
33.0179 224.578
34.4747 246.912
35.9956 122.955
37.5837 285.573
39.2419 185.948
40.9732 0
42.7809 0
44.6684 272.535
46.6391 177.047
48.6968 214.352
50.8452 0
53.0884 181.013
55.4307 258.356
57.8762 146.89
60.4296 405.898
63.0957 237.722
65.8795 193.235
68.786 282.583
71.8208 0
74.9894 300.768
78.2979 27.6194
81.7523 96.3578
85.3591 211.58
89.1251 235.891
93.0572 509.869
97.1628 319.973
101.45 326.598
105.925 372.376
110.599 473.284
115.478 293.378
120.573 424.862
125.893 404.425
131.447 241.29
137.246 124.476
143.301 594.264
149.624 227.352
156.225 92.8426
163.117 262.109
170.314 345.411
177.828 70.9368
185.674 336.709
193.865 231.058
202.418 254.548
211.349 378.735
220.673 342.186
230.409 172.123
240.575 73.6414
251.189 237.962
262.271 235.798
273.842 93.8773
285.924 117.35
298.538 274.664
311.709 59.56
325.462 0
339.821 109.994
354.813 48.2814
370.467 0
386.812 86.754
403.878 0
421.697 0
440.301 0
459.727 118.594
480.01 0
501.187 0
523.299 82.7214
546.387 0
570.493 0
595.662 0
621.942 0
649.382 0
678.032 0
707.946 0
739.18 0
771.792 0
805.842 0
841.395 0
878.517 0
917.276 0
957.745 0
1000 0
