# First line is two numbers 
#     First value is '2', it means 'histogram mode'
#     Second value is 'Emin' of the histogram
# Other lines : 2 columns. 1) energy 2) probability (nb divided by NbEvent)
# Number of bins = 480
# Content below the first bin: 0
# Content above the last  bin: 0
# Content above the last  bin: 0
# Number of events: 209000
2 1e-06
1.04412e-06 0
1.09018e-06 0
1.13828e-06 0
1.1885e-06 0
1.24094e-06 0
1.29569e-06 0
1.35285e-06 0
1.41254e-06 0
1.47486e-06 0
1.53993e-06 0
1.60787e-06 0
1.6788e-06 0
1.75287e-06 0
1.83021e-06 0
1.91095e-06 0
1.99526e-06 0
2.08329e-06 0
2.1752e-06 0
2.27117e-06 0
2.37137e-06 0
2.476e-06 0
2.58523e-06 0
2.69929e-06 0
2.81838e-06 0
2.94273e-06 0
3.07256e-06 0
3.20812e-06 0
3.34965e-06 0
3.49744e-06 0
3.65174e-06 0
3.81285e-06 0
3.98107e-06 0
4.15671e-06 0
4.3401e-06 0
4.53158e-06 0
4.73151e-06 0
4.94026e-06 0
5.15822e-06 0
5.3858e-06 0
5.62341e-06 0
5.87151e-06 0
6.13056e-06 0
6.40103e-06 0
6.68344e-06 0
6.97831e-06 0
7.28618e-06 0
7.60764e-06 0
7.94328e-06 0
8.29373e-06 0
8.65964e-06 0
9.0417e-06 0
9.44061e-06 0
9.85712e-06 0
1.0292e-05 0
1.07461e-05 0
1.12202e-05 0
1.17152e-05 0
1.22321e-05 0
1.27717e-05 0
1.33352e-05 0
1.39236e-05 0
1.45378e-05 0
1.51792e-05 0
1.58489e-05 0
1.65482e-05 0
1.72783e-05 0
1.80406e-05 0
1.88365e-05 0
1.96675e-05 0
2.05353e-05 0
2.14412e-05 0
2.23872e-05 0
2.33749e-05 0
2.44062e-05 0
2.5483e-05 0
2.66073e-05 0
2.77811e-05 0
2.90068e-05 0
3.02866e-05 0
3.16228e-05 0
3.30179e-05 0
3.44747e-05 0
3.59956e-05 0
3.75837e-05 0
3.92419e-05 0
4.09732e-05 0
4.27809e-05 0
4.46684e-05 0
4.66391e-05 0
4.86968e-05 0
5.08452e-05 0
5.30884e-05 0
5.54307e-05 0
5.78762e-05 0
6.04296e-05 0
6.30957e-05 0
6.58795e-05 0
6.8786e-05 0
7.18208e-05 0
7.49894e-05 0
7.82979e-05 0
8.17523e-05 0
8.53591e-05 0
8.91251e-05 0
9.30572e-05 0
9.71628e-05 0
0.00010145 0
0.000105925 0
0.000110599 0
0.000115478 0
0.000120573 0
0.000125893 0
0.000131447 0
0.000137246 0
0.000143301 0
0.000149624 0
0.000156225 0
0.000163117 0
0.000170314 0
0.000177828 0
0.000185674 0
0.000193865 0
0.000202418 0
0.000211349 0
0.000220673 0
0.000230409 0
0.000240575 0
0.000251189 0
0.000262271 0
0.000273842 0
0.000285924 0
0.000298538 0
0.000311709 0
0.000325462 0
0.000339821 0
0.000354813 0
0.000370467 0
0.000386812 0
0.000403878 0
0.000421697 0
0.000440301 0
0.000459727 0
0.00048001 0
0.000501187 0
0.000523299 0
0.000546387 0
0.000570493 0
0.000595662 0
0.000621942 0
0.000649382 0
0.000678032 0
0.000707946 0
0.00073918 0
0.000771792 0
0.000805842 0
0.000841395 0
0.000878517 0
0.000917276 0
0.000957745 0
0.001 0
0.00104412 0
0.00109018 0
0.00113828 0
0.0011885 0
0.00124094 0
0.00129569 0
0.00135285 0
0.00141254 0
0.00147486 0
0.00153993 0
0.00160787 0
0.0016788 0
0.00175287 0
0.00183021 0
0.00191095 0
0.00199526 0
0.00208329 0
0.0021752 0
0.00227117 0
0.00237137 0
0.002476 0
0.00258523 0
0.00269929 0
0.00281838 0
0.00294273 0
0.00307256 0
0.00320812 0
0.00334965 0
0.00349744 0
0.00365174 0
0.00381285 0
0.00398107 0
0.00415671 0
0.0043401 0
0.00453158 0
0.00473151 93.3655
0.00494026 0
0.00515822 0
0.0053858 0
0.00562341 0
0.00587151 0
0.00613056 0
0.00640103 0
0.00668344 0
0.00697831 0
0.00728618 76.6764
0.00760764 0
0.00794328 104.092
0.00829373 0
0.00865964 0
0.0090417 0
0.00944061 112.018
0.00985712 0
0.010292 0
0.0107461 70.5251
0.0112202 95.4557
0.0117152 0
0.0122321 0
0.0127717 60.7699
0.0133352 0
0.0139236 0
0.0145378 0
0.0151792 0
0.0158489 102.73
0.0165482 163.993
0.0172783 48.8096
0.0180406 0
0.0188365 214.536
0.0196675 0
0.0205353 69.5006
0.0214412 86.1648
0.0223872 111.741
0.0233749 0
0.0244062 0
0.025483 118.185
0.0266073 0
0.0277811 306.245
0.0290068 253.553
0.0302866 88.6574
0.0316228 309.973
0.0330179 156.264
0.0344747 20.2663
0.0359956 404.756
0.0375837 246.683
0.0392419 390.582
0.0409732 304.742
0.0427809 171.996
0.0446684 364.623
0.0466391 477.43
0.0486968 437.451
0.0508452 463.528
0.0530884 253.714
0.0554307 295.356
0.0578762 248.933
0.0604296 696.508
0.0630957 492.333
0.0658795 376.84
0.068786 390.139
0.0718208 596.32
0.0749894 611.554
0.0782979 493.925
0.0817523 373.159
0.0853591 359.434
0.0891251 787.497
0.0930572 520.482
0.0971628 1009.58
0.10145 454.735
0.105925 537.213
0.110599 718.041
0.115478 578.093
0.120573 442.637
0.125893 598.591
0.131447 741.559
0.137246 946.504
0.143301 593.647
0.149624 411.109
0.156225 506.834
0.163117 441.556
0.170314 512.674
0.177828 394.839
0.185674 936.692
0.193865 629.87
0.202418 1277.73
0.211349 1009.91
0.220673 987.819
0.230409 767.581
0.240575 543.302
0.251189 665.096
0.262271 758.786
0.273842 1013.55
0.285924 495.5
0.298538 379.727
0.311709 444.501
0.325462 1446.61
0.339821 638.946
0.354813 842.602
0.370467 886.561
0.386812 1442.23
0.403878 1099.53
0.421697 1318.85
0.440301 993.012
0.459727 1336.02
0.48001 967.35
0.501187 918.33
0.523299 951.347
0.546387 977.992
0.570493 902.814
0.595662 855.741
0.621942 810.115
0.649382 1159.39
0.678032 741.419
0.707946 846.487
0.73918 611.634
0.771792 316.86
0.805842 866.491
0.841395 817.397
0.878517 1044.46
0.917276 677.56
0.957745 911.961
1 416.774
1.04412 431.211
1.09018 727.307
1.13828 570.651
1.1885 145.54
1.24094 189.726
1.29569 515.12
1.35285 501.208
1.41254 807.099
1.47486 606.41
1.53993 546.493
1.60787 265.265
1.6788 88.3068
1.75287 122.724
1.83021 140.22
1.91095 352.546
1.99526 549.386
2.08329 170.551
2.1752 72.0573
2.27117 216.341
2.37137 105.144
2.476 182.65
2.58523 68.4168
2.69929 304.156
2.81838 206.269
2.94273 215.491
3.07256 309.42
3.20812 105.94
3.34965 148.01
3.49744 164.685
3.65174 42.4831
3.81285 423.695
3.98107 84.5333
4.15671 305.272
4.3401 255.132
4.53158 35.5828
4.73151 179.488
4.94026 119.135
5.15822 18.5126
5.3858 461.359
5.62341 243.217
5.87151 43.5033
6.13056 276.756
6.40103 105.355
6.68344 390.026
6.97831 40.6377
7.28618 272.539
7.60764 115.153
7.94328 59.6823
8.29373 61.19
8.65964 83.9988
9.0417 27.3766
9.44061 0
9.85712 166.221
10.292 259.393
10.7461 191.394
11.2202 202.186
11.7152 232.755
12.2321 235.37
12.7717 0
13.3352 193.061
13.9236 85.7217
14.5378 123.651
15.1792 63.9295
15.8489 0
16.5482 106.607
17.2783 0
18.0406 374.385
18.8365 109.461
19.6675 103.713
20.5353 0
21.4412 109.141
22.3872 161.924
23.3749 0
24.4062 102.892
25.483 35.2448
26.6073 73.7483
27.7811 0
29.0068 63.4266
30.2866 0
31.6228 366.868
33.0179 56.8576
34.4747 0
35.9956 311.051
37.5837 55.9695
39.2419 173.017
40.9732 371.627
42.7809 290.684
44.6684 187.031
46.6391 352.821
48.6968 288.682
50.8452 59.0244
53.0884 57.7377
55.4307 165.72
57.8762 113.995
60.4296 381.467
63.0957 553.588
65.8795 69.612
68.786 0
71.8208 100.981
74.9894 153.922
78.2979 259.479
81.7523 275.277
85.3591 392.184
89.1251 285.561
93.0572 218.977
97.1628 170.773
101.45 76.7119
105.925 109.843
110.599 0
115.478 313.496
120.573 336.123
125.893 438.618
131.447 88.9637
137.246 180.304
143.301 284.511
149.624 355.824
156.225 80.8089
163.117 396.751
170.314 118.103
177.828 81.2139
185.674 237.912
193.865 297.639
202.418 171.697
211.349 487.996
220.673 135.144
230.409 270.067
240.575 88.4541
251.189 394.247
262.271 106.718
273.842 207.304
285.924 86.3666
298.538 174.074
311.709 0
325.462 193.686
339.821 80.9322
354.813 110.862
370.467 235.377
386.812 0
403.878 0
421.697 0
440.301 0
459.727 0
480.01 0
501.187 0
523.299 0
546.387 0
570.493 0
595.662 0
621.942 0
649.382 0
678.032 0
707.946 0
739.18 0
771.792 0
805.842 0
841.395 0
878.517 0
917.276 0
957.745 0
1000 0
