# First line is two numbers 
#     First value is '2', it means 'histogram mode'
#     Second value is 'Emin' of the histogram
# Other lines : 2 columns. 1) energy 2) probability (nb divided by NbEvent)
# Number of bins = 480
# Content below the first bin: 0
# Content above the last  bin: 0
# Content above the last  bin: 0
# Number of events: 209000
2 1e-06
1.04412e-06 0
1.09018e-06 0
1.13828e-06 0
1.1885e-06 0
1.24094e-06 0
1.29569e-06 0
1.35285e-06 0
1.41254e-06 0
1.47486e-06 0
1.53993e-06 0
1.60787e-06 0
1.6788e-06 0
1.75287e-06 0
1.83021e-06 0
1.91095e-06 0
1.99526e-06 0
2.08329e-06 0
2.1752e-06 0
2.27117e-06 0
2.37137e-06 0
2.476e-06 0
2.58523e-06 0
2.69929e-06 0
2.81838e-06 0
2.94273e-06 0
3.07256e-06 0
3.20812e-06 0
3.34965e-06 0
3.49744e-06 0
3.65174e-06 0
3.81285e-06 0
3.98107e-06 0
4.15671e-06 0
4.3401e-06 0
4.53158e-06 0
4.73151e-06 0
4.94026e-06 0
5.15822e-06 0
5.3858e-06 0
5.62341e-06 0
5.87151e-06 0
6.13056e-06 0
6.40103e-06 0
6.68344e-06 0
6.97831e-06 0
7.28618e-06 0
7.60764e-06 0
7.94328e-06 0
8.29373e-06 0
8.65964e-06 0
9.0417e-06 0
9.44061e-06 0
9.85712e-06 0
1.0292e-05 0
1.07461e-05 0
1.12202e-05 0
1.17152e-05 0
1.22321e-05 0
1.27717e-05 0
1.33352e-05 0
1.39236e-05 0
1.45378e-05 0
1.51792e-05 0
1.58489e-05 0
1.65482e-05 0
1.72783e-05 0
1.80406e-05 0
1.88365e-05 0
1.96675e-05 0
2.05353e-05 0
2.14412e-05 0
2.23872e-05 0
2.33749e-05 0
2.44062e-05 0
2.5483e-05 0
2.66073e-05 0
2.77811e-05 0
2.90068e-05 0
3.02866e-05 0
3.16228e-05 0
3.30179e-05 0
3.44747e-05 0
3.59956e-05 0
3.75837e-05 0
3.92419e-05 0
4.09732e-05 0
4.27809e-05 0
4.46684e-05 0
4.66391e-05 0
4.86968e-05 0
5.08452e-05 0
5.30884e-05 0
5.54307e-05 0
5.78762e-05 0
6.04296e-05 0
6.30957e-05 0
6.58795e-05 0
6.8786e-05 0
7.18208e-05 0
7.49894e-05 0
7.82979e-05 0
8.17523e-05 0
8.53591e-05 0
8.91251e-05 0
9.30572e-05 0
9.71628e-05 0
0.00010145 0
0.000105925 0
0.000110599 0
0.000115478 0
0.000120573 0
0.000125893 0
0.000131447 0
0.000137246 0
0.000143301 0
0.000149624 0
0.000156225 0
0.000163117 0
0.000170314 0
0.000177828 0
0.000185674 0
0.000193865 0
0.000202418 0
0.000211349 0
0.000220673 0
0.000230409 0
0.000240575 0
0.000251189 0
0.000262271 0
0.000273842 0
0.000285924 0
0.000298538 0
0.000311709 0
0.000325462 0
0.000339821 0
0.000354813 0
0.000370467 0
0.000386812 0
0.000403878 0
0.000421697 0
0.000440301 0
0.000459727 0
0.00048001 0
0.000501187 0
0.000523299 0
0.000546387 0
0.000570493 0
0.000595662 0
0.000621942 0
0.000649382 0
0.000678032 0
0.000707946 0
0.00073918 0
0.000771792 0
0.000805842 0
0.000841395 0
0.000878517 0
0.000917276 0
0.000957745 0
0.001 0
0.00104412 0
0.00109018 0
0.00113828 0
0.0011885 0
0.00124094 0
0.00129569 0
0.00135285 0
0.00141254 0
0.00147486 0
0.00153993 0
0.00160787 0
0.0016788 0
0.00175287 0
0.00183021 0
0.00191095 0
0.00199526 0
0.00208329 0
0.0021752 0
0.00227117 0
0.00237137 0
0.002476 0
0.00258523 0
0.00269929 0
0.00281838 0
0.00294273 0
0.00307256 0
0.00320812 0
0.00334965 0
0.00349744 0
0.00365174 0
0.00381285 0
0.00398107 0
0.00415671 0
0.0043401 0
0.00453158 0
0.00473151 0
0.00494026 0
0.00515822 0
0.0053858 0
0.00562341 116.958
0.00587151 0
0.00613056 0
0.00640103 0
0.00668344 47.6761
0.00697831 0
0.00728618 106.978
0.00760764 0
0.00794328 0
0.00829373 0
0.00865964 116.781
0.0090417 62.2398
0.00944061 0
0.00985712 0
0.010292 111.343
0.0107461 0
0.0112202 0
0.0117152 0
0.0122321 0
0.0127717 81.2776
0.0133352 0
0.0139236 0
0.0145378 68.815
0.0151792 0
0.0158489 0
0.0165482 107.645
0.0172783 0
0.0180406 0
0.0188365 0
0.0196675 0
0.0205353 135.701
0.0214412 29.9788
0.0223872 314.752
0.0233749 193.196
0.0244062 0
0.025483 96.3694
0.0266073 87.2234
0.0277811 0
0.0290068 271.453
0.0302866 209.961
0.0316228 73.0564
0.0330179 129.204
0.0344747 0
0.0359956 0
0.0375837 63.1466
0.0392419 108.378
0.0409732 107.559
0.0427809 104.377
0.0446684 424.982
0.0466391 291.765
0.0486968 189.896
0.0508452 86.6059
0.0530884 191.493
0.0554307 249.462
0.0578762 591.875
0.0604296 339.051
0.0630957 854.6
0.0658795 596.83
0.068786 444.99
0.0718208 232.514
0.0749894 435.027
0.0782979 147.29
0.0817523 561.009
0.0853591 303.776
0.0891251 502.132
0.0930572 645.765
0.0971628 737.316
0.10145 515.088
0.105925 415.53
0.110599 1127.47
0.115478 632.819
0.120573 800.832
0.125893 890
0.131447 525.041
0.137246 991.288
0.143301 971.136
0.149624 544.534
0.156225 966.837
0.163117 1164.57
0.170314 1081.95
0.177828 638.05
0.185674 440.839
0.193865 729.371
0.202418 485.246
0.211349 833.94
0.220673 1521.49
0.230409 938.99
0.240575 1102.94
0.251189 639.34
0.262271 1159.86
0.273842 1024.34
0.285924 1348.94
0.298538 1134.6
0.311709 567.845
0.325462 522.59
0.339821 1151.83
0.354813 810.347
0.370467 1511.63
0.386812 853.224
0.403878 1078.53
0.421697 1043.04
0.440301 664.398
0.459727 1112.02
0.48001 896.562
0.501187 610.288
0.523299 581.003
0.546387 752.697
0.570493 622.166
0.595662 1329.14
0.621942 738.139
0.649382 768.528
0.678032 785.514
0.707946 1136.05
0.73918 1082.93
0.771792 639.273
0.805842 991.843
0.841395 461.933
0.878517 464.026
0.917276 672.954
0.957745 738.633
1 432.967
1.04412 573.158
1.09018 644.977
1.13828 550.039
1.1885 637.118
1.24094 643.939
1.29569 259.735
1.35285 617.682
1.41254 363.304
1.47486 125.34
1.53993 200.402
1.60787 257.754
1.6788 211.782
1.75287 454.585
1.83021 132.708
1.91095 321.323
1.99526 252.216
2.08329 126.941
2.1752 115.617
2.27117 210.328
2.37137 181.669
2.476 136.7
2.58523 264.539
2.69929 326.682
2.81838 111.755
2.94273 86.1071
3.07256 95.625
3.20812 358.872
3.34965 292.074
3.49744 84.9272
3.65174 38.2658
3.81285 144.061
3.98107 422.308
4.15671 40.0942
4.3401 183.11
4.53158 230.814
4.73151 0
4.94026 90.0887
5.15822 243.701
5.3858 97.1928
5.62341 44.0873
5.87151 104.474
6.13056 0
6.40103 186.309
6.68344 92.7669
6.97831 0
7.28618 100.978
7.60764 0
7.94328 0
8.29373 220.468
8.65964 0
9.0417 348.05
9.44061 87.3941
9.85712 0
10.292 0
10.7461 102.068
11.2202 143.152
11.7152 241.163
12.2321 104.72
12.7717 104.571
13.3352 0
13.9236 0
14.5378 20.9665
15.1792 0
15.8489 0
16.5482 0
17.2783 161.379
18.0406 0
18.8365 0
19.6675 83.705
20.5353 0
21.4412 0
22.3872 88.3381
23.3749 243.827
24.4062 0
25.483 0
26.6073 117.927
27.7811 78.1977
29.0068 102.222
30.2866 223.626
31.6228 27.1637
33.0179 144.384
34.4747 129.479
35.9956 286.113
37.5837 0
39.2419 159.795
40.9732 0
42.7809 0
44.6684 148.107
46.6391 326.994
48.6968 91.0258
50.8452 0
53.0884 252.618
55.4307 153.171
57.8762 397.92
60.4296 112.443
63.0957 184.354
65.8795 176.4
68.786 263.442
71.8208 114.235
74.9894 0
78.2979 280.052
81.7523 249.438
85.3591 415.149
89.1251 142.6
93.0572 337.785
97.1628 297.868
101.45 350.519
105.925 511.335
110.599 535.177
115.478 81.1044
120.573 443.756
125.893 345.713
131.447 77.3789
137.246 421.084
143.301 585.86
149.624 478.212
156.225 188.157
163.117 678.846
170.314 293.034
177.828 510.386
185.674 342.654
193.865 263.347
202.418 358.643
211.349 409.518
220.673 276.777
230.409 147.376
240.575 159.662
251.189 215.068
262.271 226.944
273.842 43.7211
285.924 431.519
298.538 70.3085
311.709 37.1529
325.462 259.784
339.821 85.865
354.813 35.3209
370.467 14.9375
386.812 191.607
403.878 64.0266
421.697 110.415
440.301 0
459.727 0
480.01 0
501.187 0
523.299 71.9429
546.387 0
570.493 98.7206
595.662 0
621.942 0
649.382 0
678.032 0
707.946 0
739.18 0
771.792 0
805.842 0
841.395 0
878.517 0
917.276 0
957.745 0
1000 0
