# First line is two numbers 
#     First value is '2', it means 'histogram mode'
#     Second value is 'Emin' of the histogram
# Other lines : 2 columns. 1) energy 2) probability (nb divided by NbEvent)
# Number of bins = 480
# Content below the first bin: 0
# Content above the last  bin: 0
# Content above the last  bin: 0
# Number of events: 209000
2 1e-06
1.04412e-06 0
1.09018e-06 0
1.13828e-06 0
1.1885e-06 0
1.24094e-06 0
1.29569e-06 0
1.35285e-06 0
1.41254e-06 0
1.47486e-06 0
1.53993e-06 0
1.60787e-06 0
1.6788e-06 0
1.75287e-06 0
1.83021e-06 0
1.91095e-06 0
1.99526e-06 0
2.08329e-06 0
2.1752e-06 0
2.27117e-06 0
2.37137e-06 0
2.476e-06 0
2.58523e-06 0
2.69929e-06 0
2.81838e-06 0
2.94273e-06 0
3.07256e-06 0
3.20812e-06 0
3.34965e-06 0
3.49744e-06 0
3.65174e-06 0
3.81285e-06 0
3.98107e-06 0
4.15671e-06 0
4.3401e-06 0
4.53158e-06 0
4.73151e-06 0
4.94026e-06 0
5.15822e-06 0
5.3858e-06 0
5.62341e-06 0
5.87151e-06 0
6.13056e-06 0
6.40103e-06 0
6.68344e-06 0
6.97831e-06 0
7.28618e-06 0
7.60764e-06 0
7.94328e-06 0
8.29373e-06 0
8.65964e-06 0
9.0417e-06 0
9.44061e-06 0
9.85712e-06 0
1.0292e-05 0
1.07461e-05 0
1.12202e-05 0
1.17152e-05 0
1.22321e-05 0
1.27717e-05 0
1.33352e-05 0
1.39236e-05 0
1.45378e-05 0
1.51792e-05 0
1.58489e-05 0
1.65482e-05 0
1.72783e-05 0
1.80406e-05 0
1.88365e-05 0
1.96675e-05 0
2.05353e-05 0
2.14412e-05 0
2.23872e-05 0
2.33749e-05 0
2.44062e-05 0
2.5483e-05 0
2.66073e-05 0
2.77811e-05 0
2.90068e-05 0
3.02866e-05 0
3.16228e-05 0
3.30179e-05 0
3.44747e-05 0
3.59956e-05 0
3.75837e-05 0
3.92419e-05 0
4.09732e-05 0
4.27809e-05 0
4.46684e-05 0
4.66391e-05 0
4.86968e-05 0
5.08452e-05 0
5.30884e-05 0
5.54307e-05 0
5.78762e-05 0
6.04296e-05 0
6.30957e-05 0
6.58795e-05 0
6.8786e-05 0
7.18208e-05 0
7.49894e-05 0
7.82979e-05 0
8.17523e-05 0
8.53591e-05 0
8.91251e-05 0
9.30572e-05 0
9.71628e-05 0
0.00010145 0
0.000105925 0
0.000110599 0
0.000115478 0
0.000120573 0
0.000125893 0
0.000131447 0
0.000137246 0
0.000143301 0
0.000149624 0
0.000156225 0
0.000163117 0
0.000170314 0
0.000177828 0
0.000185674 0
0.000193865 0
0.000202418 0
0.000211349 0
0.000220673 0
0.000230409 0
0.000240575 0
0.000251189 0
0.000262271 0
0.000273842 0
0.000285924 0
0.000298538 0
0.000311709 0
0.000325462 0
0.000339821 0
0.000354813 0
0.000370467 0
0.000386812 0
0.000403878 0
0.000421697 0
0.000440301 0
0.000459727 0
0.00048001 0
0.000501187 0
0.000523299 0
0.000546387 0
0.000570493 0
0.000595662 0
0.000621942 0
0.000649382 0
0.000678032 0
0.000707946 0
0.00073918 0
0.000771792 0
0.000805842 0
0.000841395 0
0.000878517 0
0.000917276 0
0.000957745 0
0.001 0
0.00104412 0
0.00109018 0
0.00113828 0
0.0011885 0
0.00124094 0
0.00129569 0
0.00135285 0
0.00141254 0
0.00147486 0
0.00153993 0
0.00160787 0
0.0016788 0
0.00175287 102.473
0.00183021 0
0.00191095 0
0.00199526 0
0.00208329 0
0.0021752 88.7901
0.00227117 0
0.00237137 0
0.002476 0
0.00258523 0
0.00269929 0
0.00281838 0
0.00294273 0
0.00307256 0
0.00320812 0
0.00334965 0
0.00349744 0
0.00365174 0
0.00381285 0
0.00398107 0
0.00415671 0
0.0043401 0
0.00453158 0
0.00473151 97.9457
0.00494026 111.75
0.00515822 0
0.0053858 0
0.00562341 0
0.00587151 0
0.00613056 39.3462
0.00640103 0
0.00668344 0
0.00697831 0
0.00728618 0
0.00760764 0
0.00794328 0
0.00829373 0
0.00865964 115.45
0.0090417 0
0.00944061 79.2428
0.00985712 0
0.010292 0
0.0107461 0
0.0112202 0
0.0117152 0
0.0122321 0
0.0127717 0
0.0133352 0
0.0139236 0
0.0145378 108.038
0.0151792 0
0.0158489 0
0.0165482 0
0.0172783 201.007
0.0180406 107.714
0.0188365 32.3834
0.0196675 138.451
0.0205353 113.517
0.0214412 185.897
0.0223872 70.6106
0.0233749 0
0.0244062 160.616
0.025483 85.4714
0.0266073 109.238
0.0277811 0
0.0290068 136.137
0.0302866 0
0.0316228 0
0.0330179 99.4781
0.0344747 160.437
0.0359956 253.695
0.0375837 211.669
0.0392419 183.487
0.0409732 178.406
0.0427809 338.37
0.0446684 611.142
0.0466391 329.483
0.0486968 235.449
0.0508452 184.679
0.0530884 432.923
0.0554307 225.037
0.0578762 498.265
0.0604296 243.845
0.0630957 428.144
0.0658795 456.328
0.068786 333.22
0.0718208 539.808
0.0749894 420.34
0.0782979 565.637
0.0817523 805.501
0.0853591 354.729
0.0891251 759.098
0.0930572 805.704
0.0971628 660.143
0.10145 409.033
0.105925 660.212
0.110599 570.506
0.115478 664.427
0.120573 542.432
0.125893 843.806
0.131447 515.879
0.137246 954.883
0.143301 374.367
0.149624 1036.68
0.156225 502.797
0.163117 627.08
0.170314 1164.96
0.177828 605.133
0.185674 1251.05
0.193865 967.889
0.202418 737.624
0.211349 954.596
0.220673 1348.62
0.230409 1180.25
0.240575 1241.94
0.251189 434.05
0.262271 835.382
0.273842 675.582
0.285924 1576.11
0.298538 1241.89
0.311709 534.452
0.325462 981.703
0.339821 1129.93
0.354813 1233.21
0.370467 1032.74
0.386812 1050.18
0.403878 797.029
0.421697 924.914
0.440301 1105.87
0.459727 971.654
0.48001 937.7
0.501187 1370.08
0.523299 1193.76
0.546387 1246.29
0.570493 747.917
0.595662 781.06
0.621942 725.765
0.649382 356.155
0.678032 927.722
0.707946 950.029
0.73918 856.198
0.771792 1050.68
0.805842 979.889
0.841395 831.629
0.878517 627.225
0.917276 917.807
0.957745 460.011
1 715.787
1.04412 319.187
1.09018 492.318
1.13828 410.746
1.1885 311.297
1.24094 515.962
1.29569 451.379
1.35285 200.38
1.41254 483.771
1.47486 81.9898
1.53993 443.462
1.60787 187.58
1.6788 211.775
1.75287 709.026
1.83021 127.009
1.91095 322.355
1.99526 88.7818
2.08329 27.5543
2.1752 1033.43
2.27117 295.991
2.37137 475.916
2.476 324.289
2.58523 267.231
2.69929 296.668
2.81838 232.652
2.94273 72.5027
3.07256 92.1693
3.20812 162.636
3.34965 338.496
3.49744 493.35
3.65174 105.566
3.81285 96.5831
3.98107 296.379
4.15671 66.8886
4.3401 113.185
4.53158 304.924
4.73151 206.59
4.94026 157.333
5.15822 92.7988
5.3858 228.549
5.62341 0
5.87151 107.999
6.13056 103.39
6.40103 0
6.68344 192.929
6.97831 168.914
7.28618 181.779
7.60764 84.6665
7.94328 91.218
8.29373 125.942
8.65964 48.9175
9.0417 226.738
9.44061 103.647
9.85712 11.8421
10.292 231.261
10.7461 114.121
11.2202 241.86
11.7152 291.165
12.2321 46.2154
12.7717 104.991
13.3352 67.3846
13.9236 190.002
14.5378 110.8
15.1792 25.1057
15.8489 0
16.5482 0
17.2783 0
18.0406 0
18.8365 140.148
19.6675 92.9008
20.5353 63.0089
21.4412 71.7117
22.3872 56.8359
23.3749 362.851
24.4062 0
25.483 40.6438
26.6073 109.063
27.7811 91.9606
29.0068 0
30.2866 100.906
31.6228 89.7483
33.0179 88.501
34.4747 109.541
35.9956 196.84
37.5837 388.447
39.2419 95.9069
40.9732 115.559
42.7809 92.4212
44.6684 0
46.6391 25.43
48.6968 22.3877
50.8452 0
53.0884 59.8299
55.4307 119.573
57.8762 405.911
60.4296 338.298
63.0957 377.968
65.8795 59.281
68.786 216.237
71.8208 191.098
74.9894 242.394
78.2979 107.128
81.7523 473.838
85.3591 51.9321
89.1251 198.905
93.0572 585.208
97.1628 143.886
101.45 235.262
105.925 21.1708
110.599 117.015
115.478 279.93
120.573 168.03
125.893 155.266
131.447 269.317
137.246 414.668
143.301 78.4491
149.624 692.523
156.225 334.28
163.117 463.871
170.314 491.246
177.828 345.66
185.674 58.0719
193.865 83.7127
202.418 69.6095
211.349 263.471
220.673 213.321
230.409 289.428
240.575 329.233
251.189 0
262.271 380.702
273.842 13.1273
285.924 236
298.538 0
311.709 293.996
325.462 83.4254
339.821 78.8163
354.813 109.166
370.467 105.432
386.812 0
403.878 0
421.697 0
440.301 0
459.727 0
480.01 0
501.187 116.779
523.299 0
546.387 0
570.493 0
595.662 108.17
621.942 0
649.382 0
678.032 100.203
707.946 116.263
739.18 0
771.792 0
805.842 0
841.395 0
878.517 0
917.276 0
957.745 0
1000 0
