# First line is two numbers 
#     First value is '2', it means 'histogram mode'
#     Second value is 'Emin' of the histogram
# Other lines : 2 columns. 1) energy 2) probability (nb divided by NbEvent)
# Number of bins = 480
# Content below the first bin: 0
# Content above the last  bin: 0
# Content above the last  bin: 0
# Number of events: 209000
2 1e-06
1.04412e-06 0
1.09018e-06 0
1.13828e-06 0
1.1885e-06 0
1.24094e-06 0
1.29569e-06 0
1.35285e-06 0
1.41254e-06 0
1.47486e-06 0
1.53993e-06 0
1.60787e-06 0
1.6788e-06 0
1.75287e-06 0
1.83021e-06 0
1.91095e-06 0
1.99526e-06 0
2.08329e-06 0
2.1752e-06 0
2.27117e-06 0
2.37137e-06 0
2.476e-06 0
2.58523e-06 0
2.69929e-06 0
2.81838e-06 0
2.94273e-06 0
3.07256e-06 0
3.20812e-06 0
3.34965e-06 0
3.49744e-06 0
3.65174e-06 0
3.81285e-06 0
3.98107e-06 0
4.15671e-06 0
4.3401e-06 0
4.53158e-06 0
4.73151e-06 0
4.94026e-06 0
5.15822e-06 0
5.3858e-06 0
5.62341e-06 0
5.87151e-06 0
6.13056e-06 0
6.40103e-06 0
6.68344e-06 0
6.97831e-06 0
7.28618e-06 0
7.60764e-06 0
7.94328e-06 0
8.29373e-06 0
8.65964e-06 0
9.0417e-06 0
9.44061e-06 0
9.85712e-06 0
1.0292e-05 0
1.07461e-05 0
1.12202e-05 0
1.17152e-05 0
1.22321e-05 0
1.27717e-05 0
1.33352e-05 0
1.39236e-05 0
1.45378e-05 0
1.51792e-05 0
1.58489e-05 0
1.65482e-05 0
1.72783e-05 0
1.80406e-05 0
1.88365e-05 0
1.96675e-05 0
2.05353e-05 0
2.14412e-05 0
2.23872e-05 0
2.33749e-05 0
2.44062e-05 0
2.5483e-05 0
2.66073e-05 0
2.77811e-05 0
2.90068e-05 0
3.02866e-05 0
3.16228e-05 0
3.30179e-05 0
3.44747e-05 0
3.59956e-05 0
3.75837e-05 0
3.92419e-05 0
4.09732e-05 0
4.27809e-05 0
4.46684e-05 0
4.66391e-05 0
4.86968e-05 0
5.08452e-05 0
5.30884e-05 0
5.54307e-05 0
5.78762e-05 0
6.04296e-05 0
6.30957e-05 0
6.58795e-05 0
6.8786e-05 0
7.18208e-05 0
7.49894e-05 0
7.82979e-05 0
8.17523e-05 0
8.53591e-05 0
8.91251e-05 0
9.30572e-05 0
9.71628e-05 0
0.00010145 0
0.000105925 0
0.000110599 0
0.000115478 0
0.000120573 0
0.000125893 0
0.000131447 0
0.000137246 0
0.000143301 0
0.000149624 0
0.000156225 0
0.000163117 0
0.000170314 0
0.000177828 0
0.000185674 0
0.000193865 0
0.000202418 0
0.000211349 0
0.000220673 0
0.000230409 0
0.000240575 0
0.000251189 0
0.000262271 0
0.000273842 0
0.000285924 0
0.000298538 0
0.000311709 0
0.000325462 0
0.000339821 0
0.000354813 0
0.000370467 0
0.000386812 0
0.000403878 0
0.000421697 0
0.000440301 0
0.000459727 0
0.00048001 0
0.000501187 0
0.000523299 0
0.000546387 0
0.000570493 0
0.000595662 0
0.000621942 0
0.000649382 0
0.000678032 0
0.000707946 0
0.00073918 0
0.000771792 0
0.000805842 0
0.000841395 0
0.000878517 0
0.000917276 0
0.000957745 0
0.001 0
0.00104412 0
0.00109018 105.82
0.00113828 0
0.0011885 0
0.00124094 0
0.00129569 0
0.00135285 0
0.00141254 89.6566
0.00147486 0
0.00153993 0
0.00160787 0
0.0016788 0
0.00175287 0
0.00183021 0
0.00191095 141.221
0.00199526 0
0.00208329 0
0.0021752 0
0.00227117 82.2592
0.00237137 0
0.002476 0
0.00258523 98.7315
0.00269929 0
0.00281838 32.1085
0.00294273 94.6016
0.00307256 0
0.00320812 108.681
0.00334965 76.4789
0.00349744 88.8803
0.00365174 109.642
0.00381285 0
0.00398107 0
0.00415671 0
0.0043401 209.535
0.00453158 65.1728
0.00473151 186.152
0.00494026 85.9557
0.00515822 0
0.0053858 0
0.00562341 0
0.00587151 61.1697
0.00613056 232.791
0.00640103 75.0629
0.00668344 0
0.00697831 320.505
0.00728618 89.6039
0.00760764 176.452
0.00794328 118.071
0.00829373 302.383
0.00865964 280.89
0.0090417 263.244
0.00944061 518.652
0.00985712 490.146
0.010292 232.753
0.0107461 495.802
0.0112202 746.03
0.0117152 834.326
0.0122321 443.121
0.0127717 461.604
0.0133352 335.9
0.0139236 201.702
0.0145378 905.288
0.0151792 977.813
0.0158489 647.193
0.0165482 1122.14
0.0172783 894.566
0.0180406 742.58
0.0188365 1491.24
0.0196675 1537.27
0.0205353 1068.91
0.0214412 1697.44
0.0223872 1169.87
0.0233749 2338.13
0.0244062 1389.28
0.025483 2263.24
0.0266073 2790.43
0.0277811 2404.72
0.0290068 2614.91
0.0302866 2638.27
0.0316228 3776.58
0.0330179 2664.45
0.0344747 2504.9
0.0359956 2607.84
0.0375837 3548.69
0.0392419 4350.55
0.0409732 3799.58
0.0427809 3509.1
0.0446684 4962.73
0.0466391 4396.4
0.0486968 6308.77
0.0508452 4998.23
0.0530884 5585.12
0.0554307 4600.25
0.0578762 5953.77
0.0604296 6167.37
0.0630957 7173.73
0.0658795 6480.66
0.068786 7308.75
0.0718208 7409.98
0.0749894 6301.55
0.0782979 6420.87
0.0817523 8366.75
0.0853591 8364.6
0.0891251 9663.25
0.0930572 10034
0.0971628 8902.91
0.10145 11960.3
0.105925 10372.4
0.110599 9005.36
0.115478 9089.2
0.120573 11543.1
0.125893 11904.5
0.131447 10210.3
0.137246 12584.5
0.143301 11909.2
0.149624 10728.7
0.156225 12738.6
0.163117 14460.3
0.170314 14498.6
0.177828 14761.3
0.185674 13288.5
0.193865 11469.3
0.202418 13195.8
0.211349 12353.3
0.220673 14580.7
0.230409 15053.6
0.240575 16462.8
0.251189 15961.5
0.262271 14895.3
0.273842 15810.8
0.285924 14555.9
0.298538 15911.9
0.311709 15855.4
0.325462 16084.8
0.339821 16576
0.354813 14390.6
0.370467 18010.9
0.386812 17227.2
0.403878 15376.9
0.421697 16033.4
0.440301 17382.1
0.459727 16207.6
0.48001 16070.8
0.501187 16606.4
0.523299 14771.5
0.546387 14600.7
0.570493 13818
0.595662 15289.1
0.621942 15010.3
0.649382 13684.4
0.678032 16070.4
0.707946 13354.8
0.73918 12785.3
0.771792 13793.5
0.805842 13101.1
0.841395 11054.8
0.878517 11652.1
0.917276 13334.1
0.957745 11266.7
1 10707.4
1.04412 9905.86
1.09018 8322.83
1.13828 7533.57
1.1885 6952.37
1.24094 8000.83
1.29569 8053.72
1.35285 6567.92
1.41254 8115.35
1.47486 6281.31
1.53993 5869.64
1.60787 4475.22
1.6788 5424.28
1.75287 6226.02
1.83021 5201.7
1.91095 6281.55
1.99526 4237.33
2.08329 5582.96
2.1752 4026.44
2.27117 4345.2
2.37137 4628.89
2.476 3003.88
2.58523 4039.04
2.69929 5323.83
2.81838 3160.07
2.94273 2445.79
3.07256 4326.85
3.20812 3316.23
3.34965 3450.04
3.49744 3297.32
3.65174 3085.16
3.81285 3031.08
3.98107 3872.24
4.15671 2584.76
4.3401 2325.96
4.53158 2272.36
4.73151 3157.68
4.94026 2249.71
5.15822 2934.87
5.3858 2481.5
5.62341 1439.78
5.87151 2646.16
6.13056 2639.31
6.40103 2432.08
6.68344 2267.37
6.97831 1549.15
7.28618 1270.66
7.60764 1641.51
7.94328 2066.35
8.29373 2370.46
8.65964 1893.46
9.0417 1858.23
9.44061 1753.59
9.85712 1048.29
10.292 1363.89
10.7461 2319.61
11.2202 2094.9
11.7152 1517.41
12.2321 1245.53
12.7717 1211.32
13.3352 1430.63
13.9236 1897.7
14.5378 1943.07
15.1792 1931.66
15.8489 1341.35
16.5482 1771.79
17.2783 1444.73
18.0406 1263.93
18.8365 1342.14
19.6675 1690.73
20.5353 1428.48
21.4412 2162.64
22.3872 922.449
23.3749 2211.47
24.4062 1432.48
25.483 2043.81
26.6073 1786.58
27.7811 2110.58
29.0068 1892.87
30.2866 1526.58
31.6228 2147.86
33.0179 1792.22
34.4747 2213.82
35.9956 1651.01
37.5837 1720.29
39.2419 1955.23
40.9732 2674.26
42.7809 1846.56
44.6684 2008.07
46.6391 2088.51
48.6968 2257.02
50.8452 2459.75
53.0884 2202.78
55.4307 2728.43
57.8762 2381.95
60.4296 2406.06
63.0957 2611.93
65.8795 2863.98
68.786 2640.61
71.8208 2962.96
74.9894 2799.8
78.2979 2709.47
81.7523 3297.43
85.3591 3783.5
89.1251 3302.2
93.0572 2884.62
97.1628 3232.54
101.45 3275.21
105.925 3382.26
110.599 2706.11
115.478 3056.16
120.573 2567.93
125.893 3049.58
131.447 3198.33
137.246 3952.96
143.301 4525.79
149.624 4451.65
156.225 3758.49
163.117 3046.31
170.314 3924.23
177.828 4670.04
185.674 4172.59
193.865 4259.85
202.418 3819.33
211.349 3106.49
220.673 4624.99
230.409 2649.45
240.575 4550.82
251.189 4431.97
262.271 4195.64
273.842 4094.08
285.924 3771.66
298.538 3947.48
311.709 4902.16
325.462 4649.25
339.821 4347.45
354.813 3377.82
370.467 3449.52
386.812 3619.94
403.878 2041.2
421.697 2132.63
440.301 2908.43
459.727 1373.63
480.01 1299.57
501.187 953.859
523.299 795.597
546.387 690.526
570.493 590.738
595.662 621.173
621.942 423.048
649.382 370.56
678.032 164.973
707.946 244.723
739.18 179.197
771.792 87.4145
805.842 108.461
841.395 112.157
878.517 107.692
917.276 0
957.745 0
1000 85.6458
