# First line is two numbers 
#     First value is '2', it means 'histogram mode'
#     Second value is 'Emin' of the histogram
# Other lines : 2 columns. 1) energy 2) probability (nb divided by NbEvent)
# Number of bins = 480
# Content below the first bin: 930.902
# Content above the last  bin: 0
# Content above the last  bin: 0
# Number of events: 209000
2 1e-06
1.04412e-06 0
1.09018e-06 0
1.13828e-06 0
1.1885e-06 0
1.24094e-06 0
1.29569e-06 0
1.35285e-06 0
1.41254e-06 0
1.47486e-06 0
1.53993e-06 0
1.60787e-06 0
1.6788e-06 0
1.75287e-06 0
1.83021e-06 0
1.91095e-06 0
1.99526e-06 0
2.08329e-06 0
2.1752e-06 0
2.27117e-06 0
2.37137e-06 0
2.476e-06 0
2.58523e-06 0
2.69929e-06 0
2.81838e-06 0
2.94273e-06 0
3.07256e-06 0
3.20812e-06 0
3.34965e-06 0
3.49744e-06 0
3.65174e-06 110.338
3.81285e-06 0
3.98107e-06 0
4.15671e-06 0
4.3401e-06 0
4.53158e-06 0
4.73151e-06 0
4.94026e-06 0
5.15822e-06 0
5.3858e-06 0
5.62341e-06 0
5.87151e-06 0
6.13056e-06 0
6.40103e-06 0
6.68344e-06 0
6.97831e-06 0
7.28618e-06 0
7.60764e-06 0
7.94328e-06 68.3729
8.29373e-06 0
8.65964e-06 0
9.0417e-06 0
9.44061e-06 0
9.85712e-06 0
1.0292e-05 0
1.07461e-05 0
1.12202e-05 0
1.17152e-05 0
1.22321e-05 0
1.27717e-05 0
1.33352e-05 0
1.39236e-05 0
1.45378e-05 0
1.51792e-05 0
1.58489e-05 0
1.65482e-05 0
1.72783e-05 0
1.80406e-05 0
1.88365e-05 0
1.96675e-05 0
2.05353e-05 0
2.14412e-05 0
2.23872e-05 0
2.33749e-05 0
2.44062e-05 0
2.5483e-05 0
2.66073e-05 0
2.77811e-05 0
2.90068e-05 0
3.02866e-05 0
3.16228e-05 0
3.30179e-05 0
3.44747e-05 0
3.59956e-05 0
3.75837e-05 0
3.92419e-05 0
4.09732e-05 0
4.27809e-05 70.0422
4.46684e-05 0
4.66391e-05 0
4.86968e-05 0
5.08452e-05 0
5.30884e-05 0
5.54307e-05 0
5.78762e-05 0
6.04296e-05 0
6.30957e-05 0
6.58795e-05 0
6.8786e-05 0
7.18208e-05 0
7.49894e-05 0
7.82979e-05 0
8.17523e-05 0
8.53591e-05 0
8.91251e-05 0
9.30572e-05 0
9.71628e-05 0
0.00010145 0
0.000105925 0
0.000110599 0
0.000115478 0
0.000120573 0
0.000125893 0
0.000131447 0
0.000137246 0
0.000143301 0
0.000149624 0
0.000156225 0
0.000163117 0
0.000170314 0
0.000177828 0
0.000185674 0
0.000193865 0
0.000202418 0
0.000211349 0
0.000220673 0
0.000230409 0
0.000240575 0
0.000251189 0
0.000262271 0
0.000273842 0
0.000285924 0
0.000298538 0
0.000311709 0
0.000325462 0
0.000339821 0
0.000354813 0
0.000370467 0
0.000386812 0
0.000403878 0
0.000421697 0
0.000440301 0
0.000459727 0
0.00048001 0
0.000501187 0
0.000523299 0
0.000546387 0
0.000570493 80.5347
0.000595662 0
0.000621942 0
0.000649382 0
0.000678032 0
0.000707946 0
0.00073918 0
0.000771792 0
0.000805842 0
0.000841395 0
0.000878517 0
0.000917276 113.029
0.000957745 0
0.001 0
0.00104412 0
0.00109018 0
0.00113828 0
0.0011885 0
0.00124094 0
0.00129569 0
0.00135285 0
0.00141254 0
0.00147486 0
0.00153993 103.176
0.00160787 0
0.0016788 0
0.00175287 0
0.00183021 0
0.00191095 0
0.00199526 0
0.00208329 0
0.0021752 0
0.00227117 0
0.00237137 0
0.002476 0
0.00258523 0
0.00269929 0
0.00281838 0
0.00294273 0
0.00307256 0
0.00320812 0
0.00334965 0
0.00349744 0
0.00365174 92.2501
0.00381285 0
0.00398107 0
0.00415671 0
0.0043401 0
0.00453158 0
0.00473151 0
0.00494026 0
0.00515822 0
0.0053858 0
0.00562341 0
0.00587151 0
0.00613056 0
0.00640103 34.4595
0.00668344 0
0.00697831 0
0.00728618 0
0.00760764 0
0.00794328 0
0.00829373 109.249
0.00865964 0
0.0090417 0
0.00944061 104.577
0.00985712 0
0.010292 0
0.0107461 83.0208
0.0112202 0
0.0117152 92.6392
0.0122321 0
0.0127717 79.5469
0.0133352 85.674
0.0139236 0
0.0145378 0
0.0151792 0
0.0158489 86.8999
0.0165482 89.3789
0.0172783 0
0.0180406 0
0.0188365 0
0.0196675 42.4055
0.0205353 0
0.0214412 83.0693
0.0223872 73.8705
0.0233749 98.2295
0.0244062 59.3786
0.025483 66.1697
0.0266073 110.898
0.0277811 92.3794
0.0290068 224.977
0.0302866 62.0562
0.0316228 166.964
0.0330179 0
0.0344747 0
0.0359956 0
0.0375837 91.2888
0.0392419 78.2292
0.0409732 192.796
0.0427809 0
0.0446684 0
0.0466391 0
0.0486968 346.174
0.0508452 91.2144
0.0530884 394.345
0.0554307 388.876
0.0578762 295.696
0.0604296 68.4801
0.0630957 283.998
0.0658795 503.873
0.068786 56.1528
0.0718208 398.42
0.0749894 116.792
0.0782979 0
0.0817523 309.639
0.0853591 236.995
0.0891251 62.3279
0.0930572 174.519
0.0971628 546.061
0.10145 588.567
0.105925 570.002
0.110599 404.092
0.115478 673.99
0.120573 587.46
0.125893 440.316
0.131447 496.457
0.137246 387.06
0.143301 895.763
0.149624 686.202
0.156225 691.107
0.163117 541.86
0.170314 622.019
0.177828 970.274
0.185674 564.17
0.193865 855.141
0.202418 742.6
0.211349 709.845
0.220673 907.896
0.230409 990.519
0.240575 660.519
0.251189 899.074
0.262271 313.694
0.273842 561.507
0.285924 263.355
0.298538 527.442
0.311709 884.663
0.325462 596.473
0.339821 913.377
0.354813 921.345
0.370467 867.032
0.386812 369.447
0.403878 935.803
0.421697 1089.3
0.440301 373.791
0.459727 901.618
0.48001 600.467
0.501187 1013.82
0.523299 671.58
0.546387 943.941
0.570493 1031.96
0.595662 625.481
0.621942 639.617
0.649382 1052.51
0.678032 645.92
0.707946 476.93
0.73918 902.705
0.771792 760.638
0.805842 572.016
0.841395 544.227
0.878517 634.166
0.917276 985.125
0.957745 643.488
1 935.069
1.04412 492.431
1.09018 521.05
1.13828 599.358
1.1885 437.755
1.24094 509.932
1.29569 466.439
1.35285 237.522
1.41254 391.93
1.47486 330.884
1.53993 420.549
1.60787 616.481
1.6788 493.505
1.75287 315.426
1.83021 106.606
1.91095 353.353
1.99526 191.652
2.08329 210.119
2.1752 490.762
2.27117 432.369
2.37137 378.31
2.476 205.498
2.58523 439.898
2.69929 368.127
2.81838 150.287
2.94273 359.065
3.07256 114.988
3.20812 307.016
3.34965 258.751
3.49744 413.069
3.65174 205.454
3.81285 345.35
3.98107 355.866
4.15671 377.917
4.3401 305.058
4.53158 540.082
4.73151 476.069
4.94026 217.265
5.15822 336.263
5.3858 248.053
5.62341 46.4599
5.87151 419.913
6.13056 346.703
6.40103 60.0389
6.68344 0
6.97831 62.7029
7.28618 50.0355
7.60764 0
7.94328 0
8.29373 81.7536
8.65964 464.539
9.0417 385.611
9.44061 540.848
9.85712 243.841
10.292 70.9572
10.7461 147.464
11.2202 201.837
11.7152 145.113
12.2321 408.499
12.7717 211.726
13.3352 197.723
13.9236 197.304
14.5378 72.8508
15.1792 530.124
15.8489 92.1665
16.5482 227.191
17.2783 84.5461
18.0406 717.686
18.8365 185.769
19.6675 137.52
20.5353 277.658
21.4412 325.771
22.3872 298.313
23.3749 193.703
24.4062 456.388
25.483 195.12
26.6073 524.334
27.7811 283.891
29.0068 532.799
30.2866 313.137
31.6228 0
33.0179 485.433
34.4747 407.409
35.9956 263.159
37.5837 465.314
39.2419 547.226
40.9732 500.538
42.7809 397.36
44.6684 470.865
46.6391 408.197
48.6968 497.028
50.8452 562.24
53.0884 425.768
55.4307 705.644
57.8762 355.618
60.4296 819.338
63.0957 329.598
65.8795 656.962
68.786 449.747
71.8208 166.682
74.9894 822.803
78.2979 452.377
81.7523 415.177
85.3591 435.823
89.1251 755.38
93.0572 724.372
97.1628 684.885
101.45 1325.08
105.925 538.496
110.599 367.847
115.478 1056.71
120.573 434.628
125.893 675.568
131.447 537.043
137.246 190.367
143.301 381.001
149.624 1313.53
156.225 368.606
163.117 371.082
170.314 398.332
177.828 80.5741
185.674 660.793
193.865 307.699
202.418 427.473
211.349 844.381
220.673 513.879
230.409 68.7281
240.575 262.382
251.189 478.653
262.271 295.652
273.842 496.733
285.924 312.974
298.538 55.5999
311.709 278.551
325.462 510.916
339.821 111.967
354.813 212.203
370.467 107.09
386.812 93.0814
403.878 13.1482
421.697 104.745
440.301 117.595
459.727 0
480.01 65.2651
501.187 0
523.299 0
546.387 0
570.493 0
595.662 0
621.942 0
649.382 0
678.032 0
707.946 0
739.18 0
771.792 0
805.842 0
841.395 0
878.517 0
917.276 0
957.745 0
1000 0
