# First line is two numbers 
#     First value is '2', it means 'histogram mode'
#     Second value is 'Emin' of the histogram
# Other lines : 2 columns. 1) energy 2) probability (nb divided by NbEvent)
# Number of bins = 480
# Content below the first bin: 1430.84
# Content above the last  bin: 0
# Content above the last  bin: 0
# Number of events: 209000
2 1e-06
1.04412e-06 0
1.09018e-06 0
1.13828e-06 0
1.1885e-06 0
1.24094e-06 0
1.29569e-06 0
1.35285e-06 0
1.41254e-06 0
1.47486e-06 0
1.53993e-06 0
1.60787e-06 0
1.6788e-06 0
1.75287e-06 0
1.83021e-06 0
1.91095e-06 0
1.99526e-06 0
2.08329e-06 0
2.1752e-06 0
2.27117e-06 0
2.37137e-06 0
2.476e-06 0
2.58523e-06 0
2.69929e-06 0
2.81838e-06 0
2.94273e-06 0
3.07256e-06 0
3.20812e-06 0
3.34965e-06 0
3.49744e-06 0
3.65174e-06 0
3.81285e-06 0
3.98107e-06 0
4.15671e-06 0
4.3401e-06 0
4.53158e-06 0
4.73151e-06 0
4.94026e-06 0
5.15822e-06 0
5.3858e-06 0
5.62341e-06 0
5.87151e-06 0
6.13056e-06 0
6.40103e-06 0
6.68344e-06 0
6.97831e-06 0
7.28618e-06 0
7.60764e-06 0
7.94328e-06 0
8.29373e-06 0
8.65964e-06 0
9.0417e-06 0
9.44061e-06 0
9.85712e-06 0
1.0292e-05 0
1.07461e-05 0
1.12202e-05 0
1.17152e-05 0
1.22321e-05 0
1.27717e-05 0
1.33352e-05 86.202
1.39236e-05 0
1.45378e-05 0
1.51792e-05 67.4864
1.58489e-05 0
1.65482e-05 0
1.72783e-05 0
1.80406e-05 0
1.88365e-05 0
1.96675e-05 0
2.05353e-05 0
2.14412e-05 0
2.23872e-05 0
2.33749e-05 0
2.44062e-05 0
2.5483e-05 0
2.66073e-05 0
2.77811e-05 0
2.90068e-05 0
3.02866e-05 0
3.16228e-05 0
3.30179e-05 0
3.44747e-05 0
3.59956e-05 0
3.75837e-05 0
3.92419e-05 0
4.09732e-05 0
4.27809e-05 0
4.46684e-05 0
4.66391e-05 0
4.86968e-05 0
5.08452e-05 0
5.30884e-05 0
5.54307e-05 0
5.78762e-05 0
6.04296e-05 0
6.30957e-05 0
6.58795e-05 0
6.8786e-05 0
7.18208e-05 0
7.49894e-05 0
7.82979e-05 0
8.17523e-05 0
8.53591e-05 0
8.91251e-05 0
9.30572e-05 0
9.71628e-05 59.0147
0.00010145 0
0.000105925 0
0.000110599 0
0.000115478 0
0.000120573 0
0.000125893 0
0.000131447 0
0.000137246 0
0.000143301 0
0.000149624 0
0.000156225 0
0.000163117 0
0.000170314 0
0.000177828 0
0.000185674 0
0.000193865 13.804
0.000202418 0
0.000211349 0
0.000220673 0
0.000230409 0
0.000240575 0
0.000251189 0
0.000262271 0
0.000273842 0
0.000285924 0
0.000298538 0
0.000311709 0
0.000325462 0
0.000339821 0
0.000354813 0
0.000370467 0
0.000386812 0
0.000403878 0
0.000421697 0
0.000440301 0
0.000459727 0
0.00048001 0
0.000501187 118.374
0.000523299 0
0.000546387 0
0.000570493 0
0.000595662 0
0.000621942 0
0.000649382 0
0.000678032 0
0.000707946 16.3631
0.00073918 0
0.000771792 0
0.000805842 0
0.000841395 0
0.000878517 0
0.000917276 0
0.000957745 0
0.001 0
0.00104412 0
0.00109018 0
0.00113828 0
0.0011885 0
0.00124094 0
0.00129569 0
0.00135285 0
0.00141254 0
0.00147486 0
0.00153993 0
0.00160787 0
0.0016788 0
0.00175287 0
0.00183021 0
0.00191095 0
0.00199526 34.6835
0.00208329 0
0.0021752 0
0.00227117 0
0.00237137 0
0.002476 0
0.00258523 0
0.00269929 0
0.00281838 0
0.00294273 0
0.00307256 0
0.00320812 0
0.00334965 93.844
0.00349744 0
0.00365174 0
0.00381285 0
0.00398107 0
0.00415671 0
0.0043401 0
0.00453158 0
0.00473151 0
0.00494026 0
0.00515822 0
0.0053858 0
0.00562341 0
0.00587151 0
0.00613056 104.489
0.00640103 0
0.00668344 0
0.00697831 0
0.00728618 86.4552
0.00760764 0
0.00794328 0
0.00829373 0
0.00865964 181.12
0.0090417 94.6279
0.00944061 0
0.00985712 0
0.010292 0
0.0107461 0
0.0112202 0
0.0117152 0
0.0122321 0
0.0127717 0
0.0133352 0
0.0139236 0
0.0145378 0
0.0151792 0
0.0158489 0
0.0165482 0
0.0172783 59.4489
0.0180406 0
0.0188365 62.4863
0.0196675 0
0.0205353 0
0.0214412 103.361
0.0223872 308.504
0.0233749 71.3219
0.0244062 19.3218
0.025483 67.0503
0.0266073 0
0.0277811 116.648
0.0290068 69.2857
0.0302866 0
0.0316228 112.083
0.0330179 0
0.0344747 0
0.0359956 106.293
0.0375837 0
0.0392419 172.591
0.0409732 0
0.0427809 189.871
0.0446684 210.235
0.0466391 65.3576
0.0486968 283.505
0.0508452 212.047
0.0530884 203.304
0.0554307 60.7825
0.0578762 405.252
0.0604296 92.9584
0.0630957 321.591
0.0658795 355.602
0.068786 104.231
0.0718208 98.8058
0.0749894 74.2224
0.0782979 573.039
0.0817523 199.05
0.0853591 317.993
0.0891251 376.167
0.0930572 88.4157
0.0971628 602.906
0.10145 403.827
0.105925 219.662
0.110599 547.47
0.115478 577.46
0.120573 498.197
0.125893 911.76
0.131447 401.624
0.137246 368.691
0.143301 300.378
0.149624 208.983
0.156225 496.11
0.163117 847.688
0.170314 474.145
0.177828 589.258
0.185674 420.399
0.193865 601.061
0.202418 292.638
0.211349 747.739
0.220673 825.423
0.230409 631.859
0.240575 947.79
0.251189 825.596
0.262271 186.805
0.273842 1013.62
0.285924 522.936
0.298538 436.292
0.311709 380.687
0.325462 943.745
0.339821 631.349
0.354813 898.571
0.370467 657.705
0.386812 886.705
0.403878 1308.06
0.421697 1055.5
0.440301 875.992
0.459727 842.058
0.48001 791.322
0.501187 548.207
0.523299 1080.33
0.546387 1016.35
0.570493 908.992
0.595662 864.556
0.621942 768.634
0.649382 854.58
0.678032 815.284
0.707946 1202.52
0.73918 508.363
0.771792 560.23
0.805842 480.387
0.841395 960.191
0.878517 678.537
0.917276 449.91
0.957745 652.81
1 639.334
1.04412 300.4
1.09018 483.561
1.13828 883.377
1.1885 316.844
1.24094 854.11
1.29569 764.921
1.35285 205.122
1.41254 502.978
1.47486 650.432
1.53993 198.82
1.60787 464.284
1.6788 588.11
1.75287 407.115
1.83021 249.897
1.91095 164.423
1.99526 546.526
2.08329 437.02
2.1752 429.436
2.27117 486.913
2.37137 347.66
2.476 193.167
2.58523 168.132
2.69929 465.187
2.81838 394.391
2.94273 0
3.07256 409.66
3.20812 377.627
3.34965 506.419
3.49744 680.697
3.65174 285.667
3.81285 290.045
3.98107 185.7
4.15671 196.53
4.3401 688.579
4.53158 477.094
4.73151 297.99
4.94026 193.059
5.15822 318.394
5.3858 366.566
5.62341 107.376
5.87151 525.36
6.13056 322.723
6.40103 298.267
6.68344 335.413
6.97831 335.58
7.28618 270.343
7.60764 49.7366
7.94328 97.4302
8.29373 253.148
8.65964 129.45
9.0417 83.9808
9.44061 45.8928
9.85712 0
10.292 206.529
10.7461 176.468
11.2202 314.93
11.7152 273.995
12.2321 308.046
12.7717 468.525
13.3352 261.913
13.9236 211.244
14.5378 204.162
15.1792 180.194
15.8489 139.638
16.5482 219.272
17.2783 321.78
18.0406 303.53
18.8365 426.157
19.6675 53.4153
20.5353 588.919
21.4412 278.381
22.3872 452.604
23.3749 703.642
24.4062 516.945
25.483 325.285
26.6073 444.319
27.7811 252.757
29.0068 263.116
30.2866 107.72
31.6228 343.037
33.0179 103.424
34.4747 269.842
35.9956 239.481
37.5837 281.674
39.2419 832.804
40.9732 312.273
42.7809 387.657
44.6684 218.787
46.6391 364.455
48.6968 438.032
50.8452 323.397
53.0884 545.159
55.4307 295.993
57.8762 323.414
60.4296 462.074
63.0957 294.62
65.8795 573.348
68.786 455.99
71.8208 631.156
74.9894 579.542
78.2979 591.591
81.7523 875.6
85.3591 696.592
89.1251 381.995
93.0572 957.888
97.1628 755.652
101.45 288.113
105.925 730.111
110.599 619.063
115.478 687.924
120.573 696.571
125.893 706.506
131.447 777.354
137.246 272.86
143.301 363.65
149.624 482.603
156.225 441.879
163.117 306.329
170.314 765.275
177.828 416.789
185.674 706.402
193.865 763.131
202.418 241.632
211.349 653.932
220.673 475.062
230.409 181.239
240.575 503.862
251.189 400.764
262.271 202.826
273.842 337.33
285.924 335.968
298.538 348.806
311.709 236.29
325.462 100.542
339.821 121.244
354.813 10.7675
370.467 154.019
386.812 96.755
403.878 104.174
421.697 0
440.301 100.831
459.727 0
480.01 215.191
501.187 0
523.299 0
546.387 0
570.493 0
595.662 0
621.942 0
649.382 100.988
678.032 0
707.946 0
739.18 0
771.792 0
805.842 0
841.395 0
878.517 0
917.276 0
957.745 0
1000 0
