# First line is two numbers 
#     First value is '2', it means 'histogram mode'
#     Second value is 'Emin' of the histogram
# Other lines : 2 columns. 1) energy 2) probability (nb divided by NbEvent)
# Number of bins = 480
# Content below the first bin: 0
# Content above the last  bin: 180.945
# Content above the last  bin: 180.945
# Number of events: 209000
2 1e-06
1.04412e-06 0
1.09018e-06 0
1.13828e-06 0
1.1885e-06 0
1.24094e-06 0
1.29569e-06 0
1.35285e-06 0
1.41254e-06 0
1.47486e-06 0
1.53993e-06 0
1.60787e-06 0
1.6788e-06 0
1.75287e-06 0
1.83021e-06 0
1.91095e-06 0
1.99526e-06 0
2.08329e-06 0
2.1752e-06 0
2.27117e-06 0
2.37137e-06 0
2.476e-06 0
2.58523e-06 0
2.69929e-06 0
2.81838e-06 0
2.94273e-06 0
3.07256e-06 0
3.20812e-06 0
3.34965e-06 0
3.49744e-06 0
3.65174e-06 0
3.81285e-06 0
3.98107e-06 0
4.15671e-06 0
4.3401e-06 0
4.53158e-06 0
4.73151e-06 0
4.94026e-06 0
5.15822e-06 0
5.3858e-06 0
5.62341e-06 0
5.87151e-06 0
6.13056e-06 0
6.40103e-06 0
6.68344e-06 0
6.97831e-06 0
7.28618e-06 0
7.60764e-06 0
7.94328e-06 0
8.29373e-06 0
8.65964e-06 0
9.0417e-06 0
9.44061e-06 0
9.85712e-06 0
1.0292e-05 0
1.07461e-05 0
1.12202e-05 0
1.17152e-05 0
1.22321e-05 0
1.27717e-05 0
1.33352e-05 0
1.39236e-05 0
1.45378e-05 0
1.51792e-05 0
1.58489e-05 0
1.65482e-05 0
1.72783e-05 0
1.80406e-05 0
1.88365e-05 0
1.96675e-05 0
2.05353e-05 0
2.14412e-05 0
2.23872e-05 0
2.33749e-05 0
2.44062e-05 0
2.5483e-05 0
2.66073e-05 0
2.77811e-05 0
2.90068e-05 0
3.02866e-05 0
3.16228e-05 0
3.30179e-05 0
3.44747e-05 0
3.59956e-05 0
3.75837e-05 0
3.92419e-05 0
4.09732e-05 0
4.27809e-05 0
4.46684e-05 0
4.66391e-05 0
4.86968e-05 0
5.08452e-05 0
5.30884e-05 0
5.54307e-05 0
5.78762e-05 0
6.04296e-05 0
6.30957e-05 0
6.58795e-05 0
6.8786e-05 0
7.18208e-05 0
7.49894e-05 0
7.82979e-05 0
8.17523e-05 0
8.53591e-05 0
8.91251e-05 0
9.30572e-05 0
9.71628e-05 0
0.00010145 0
0.000105925 0
0.000110599 0
0.000115478 0
0.000120573 0
0.000125893 0
0.000131447 0
0.000137246 0
0.000143301 0
0.000149624 0
0.000156225 0
0.000163117 0
0.000170314 0
0.000177828 0
0.000185674 0
0.000193865 0
0.000202418 0
0.000211349 0
0.000220673 0
0.000230409 0
0.000240575 0
0.000251189 0
0.000262271 0
0.000273842 0
0.000285924 0
0.000298538 0
0.000311709 0
0.000325462 0
0.000339821 0
0.000354813 0
0.000370467 0
0.000386812 0
0.000403878 0
0.000421697 0
0.000440301 0
0.000459727 0
0.00048001 0
0.000501187 0
0.000523299 0
0.000546387 0
0.000570493 0
0.000595662 0
0.000621942 0
0.000649382 0
0.000678032 0
0.000707946 0
0.00073918 84.4838
0.000771792 73.5225
0.000805842 0
0.000841395 0
0.000878517 0
0.000917276 0
0.000957745 0
0.001 0
0.00104412 0
0.00109018 0
0.00113828 0
0.0011885 0
0.00124094 0
0.00129569 0
0.00135285 0
0.00141254 0
0.00147486 0
0.00153993 0
0.00160787 0
0.0016788 56.7144
0.00175287 0
0.00183021 0
0.00191095 0
0.00199526 0
0.00208329 0
0.0021752 0
0.00227117 0
0.00237137 82.261
0.002476 84.0602
0.00258523 102.99
0.00269929 0
0.00281838 0
0.00294273 0
0.00307256 42.3591
0.00320812 20.4617
0.00334965 347.064
0.00349744 172.042
0.00365174 0
0.00381285 0
0.00398107 45.415
0.00415671 0
0.0043401 104.878
0.00453158 0
0.00473151 80.0434
0.00494026 0
0.00515822 37.1265
0.0053858 113.922
0.00562341 49.0225
0.00587151 157.87
0.00613056 141.054
0.00640103 202.706
0.00668344 107.64
0.00697831 195.676
0.00728618 498.718
0.00760764 193.367
0.00794328 186.747
0.00829373 116.776
0.00865964 317.326
0.0090417 232.553
0.00944061 151.186
0.00985712 314.756
0.010292 211.322
0.0107461 287.902
0.0112202 618.418
0.0117152 415.392
0.0122321 393.13
0.0127717 852.547
0.0133352 843.011
0.0139236 636.982
0.0145378 527.6
0.0151792 742.249
0.0158489 916.678
0.0165482 782.307
0.0172783 1149.63
0.0180406 1082.92
0.0188365 1064.37
0.0196675 1240.56
0.0205353 949.668
0.0214412 1226.97
0.0223872 1486.99
0.0233749 2795.44
0.0244062 1604.26
0.025483 1808.42
0.0266073 1180.13
0.0277811 2223.85
0.0290068 1948.74
0.0302866 2329.84
0.0316228 2722.38
0.0330179 2732.32
0.0344747 2940.96
0.0359956 2808.65
0.0375837 3797.13
0.0392419 4916.76
0.0409732 3941
0.0427809 3984.03
0.0446684 3834.96
0.0466391 5299.34
0.0486968 5325.05
0.0508452 5092.11
0.0530884 5279.55
0.0554307 4564.71
0.0578762 5445.93
0.0604296 7728.3
0.0630957 6259.79
0.0658795 8465.52
0.068786 8025
0.0718208 8825.17
0.0749894 6382.41
0.0782979 9310.02
0.0817523 8324.68
0.0853591 8455.58
0.0891251 9636.23
0.0930572 8387.91
0.0971628 10526.6
0.10145 10968.8
0.105925 9681.02
0.110599 9739.19
0.115478 13220.6
0.120573 11069.1
0.125893 13846.1
0.131447 12682.5
0.137246 12921.8
0.143301 11726.6
0.149624 13806.2
0.156225 13740.1
0.163117 14082.3
0.170314 14687.4
0.177828 13376.2
0.185674 15626.8
0.193865 15246.1
0.202418 14817.7
0.211349 13980.4
0.220673 14496.9
0.230409 14932.3
0.240575 15893.5
0.251189 17542.7
0.262271 16824.8
0.273842 14825.8
0.285924 14414.4
0.298538 15920.3
0.311709 16623.4
0.325462 15891.7
0.339821 17699
0.354813 15653.6
0.370467 16231.1
0.386812 16179.5
0.403878 18307.7
0.421697 18542.2
0.440301 16284.8
0.459727 18283.1
0.48001 17919.3
0.501187 14898.3
0.523299 16069.9
0.546387 17625.2
0.570493 17521.3
0.595662 19168.9
0.621942 15961.5
0.649382 17064.6
0.678032 15535.4
0.707946 14614.8
0.73918 14981.2
0.771792 14333.4
0.805842 12102.9
0.841395 12927
0.878517 14755.7
0.917276 11798.5
0.957745 10352.7
1 11148.1
1.04412 12516
1.09018 10313.9
1.13828 8007.33
1.1885 9953.25
1.24094 9113.54
1.29569 9068.39
1.35285 7184.03
1.41254 8666.92
1.47486 6342.93
1.53993 6986.59
1.60787 5063.89
1.6788 5306.76
1.75287 5519.92
1.83021 4791.33
1.91095 5483.56
1.99526 5656.42
2.08329 5084.17
2.1752 5185.11
2.27117 5022.12
2.37137 4076.44
2.476 4163.62
2.58523 4041.72
2.69929 3393.85
2.81838 4399.4
2.94273 3197.24
3.07256 3046.35
3.20812 3959.53
3.34965 3470.63
3.49744 3671.49
3.65174 3234.18
3.81285 3998.14
3.98107 2092.22
4.15671 3462.55
4.3401 2764.14
4.53158 2206.02
4.73151 2911.34
4.94026 2920.24
5.15822 2331.84
5.3858 2704.14
5.62341 2232.06
5.87151 2307.76
6.13056 1938.4
6.40103 1786.96
6.68344 2073.68
6.97831 1772.31
7.28618 2359.81
7.60764 2194
7.94328 1225.38
8.29373 863.512
8.65964 1905.64
9.0417 2606.77
9.44061 1970.7
9.85712 2006.34
10.292 2011.92
10.7461 2001.47
11.2202 2215.97
11.7152 1760.57
12.2321 1238.48
12.7717 1586.22
13.3352 1425.77
13.9236 1366.63
14.5378 1128.72
15.1792 1014.69
15.8489 1611.89
16.5482 1631.31
17.2783 1784.67
18.0406 1578.42
18.8365 1757.1
19.6675 1280.49
20.5353 1329.41
21.4412 2056.6
22.3872 1283.41
23.3749 1622.02
24.4062 1375.08
25.483 1846.66
26.6073 2150.61
27.7811 1827.14
29.0068 1532.82
30.2866 1883.86
31.6228 1997.33
33.0179 2174.32
34.4747 2013.55
35.9956 1789.74
37.5837 2287.96
39.2419 2340.27
40.9732 1364.86
42.7809 2219.05
44.6684 1963.08
46.6391 2107.45
48.6968 1993.48
50.8452 2524.15
53.0884 2018.28
55.4307 2329.31
57.8762 2304.95
60.4296 2796.03
63.0957 2968.3
65.8795 3171.77
68.786 2820.99
71.8208 3347.35
74.9894 2580.88
78.2979 3341.87
81.7523 2450.77
85.3591 3256.86
89.1251 3640.08
93.0572 1943.82
97.1628 3054.72
101.45 3510.65
105.925 3715.99
110.599 2910.97
115.478 3637.26
120.573 3947.7
125.893 3541.13
131.447 3782.28
137.246 3357.99
143.301 3228.74
149.624 3915.92
156.225 4915.43
163.117 3608.77
170.314 2692.74
177.828 4726.82
185.674 4989.12
193.865 4440.78
202.418 4397.88
211.349 3840.72
220.673 4214.17
230.409 3982.81
240.575 3817.9
251.189 4386.77
262.271 4563.23
273.842 4679.5
285.924 5125.83
298.538 3553.57
311.709 3595.25
325.462 3062.09
339.821 3554.07
354.813 3023.62
370.467 3541.37
386.812 3187.8
403.878 2591.03
421.697 3120.43
440.301 1883.03
459.727 1647.47
480.01 1119.01
501.187 954.463
523.299 1663.55
546.387 648.827
570.493 502.556
595.662 396.735
621.942 528.827
649.382 292.196
678.032 301.461
707.946 0
739.18 268.478
771.792 216.663
805.842 0
841.395 194.993
878.517 0
917.276 99.1623
957.745 0
1000 0
