# First line is two numbers 
#     First value is '2', it means 'histogram mode'
#     Second value is 'Emin' of the histogram
# Other lines : 2 columns. 1) energy 2) probability (nb divided by NbEvent)
# Number of bins = 480
# Content below the first bin: 0
# Content above the last  bin: 0
# Content above the last  bin: 0
# Number of events: 209000
2 1e-06
1.04412e-06 0
1.09018e-06 0
1.13828e-06 0
1.1885e-06 0
1.24094e-06 0
1.29569e-06 0
1.35285e-06 0
1.41254e-06 0
1.47486e-06 0
1.53993e-06 0
1.60787e-06 0
1.6788e-06 0
1.75287e-06 0
1.83021e-06 0
1.91095e-06 0
1.99526e-06 0
2.08329e-06 0
2.1752e-06 0
2.27117e-06 0
2.37137e-06 0
2.476e-06 0
2.58523e-06 0
2.69929e-06 0
2.81838e-06 0
2.94273e-06 0
3.07256e-06 0
3.20812e-06 0
3.34965e-06 0
3.49744e-06 0
3.65174e-06 0
3.81285e-06 0
3.98107e-06 0
4.15671e-06 0
4.3401e-06 0
4.53158e-06 0
4.73151e-06 0
4.94026e-06 0
5.15822e-06 0
5.3858e-06 0
5.62341e-06 0
5.87151e-06 0
6.13056e-06 0
6.40103e-06 0
6.68344e-06 0
6.97831e-06 0
7.28618e-06 0
7.60764e-06 0
7.94328e-06 0
8.29373e-06 0
8.65964e-06 0
9.0417e-06 0
9.44061e-06 0
9.85712e-06 0
1.0292e-05 0
1.07461e-05 0
1.12202e-05 0
1.17152e-05 0
1.22321e-05 0
1.27717e-05 0
1.33352e-05 0
1.39236e-05 0
1.45378e-05 0
1.51792e-05 0
1.58489e-05 0
1.65482e-05 0
1.72783e-05 0
1.80406e-05 0
1.88365e-05 0
1.96675e-05 0
2.05353e-05 0
2.14412e-05 0
2.23872e-05 0
2.33749e-05 0
2.44062e-05 0
2.5483e-05 0
2.66073e-05 0
2.77811e-05 0
2.90068e-05 0
3.02866e-05 0
3.16228e-05 0
3.30179e-05 0
3.44747e-05 0
3.59956e-05 0
3.75837e-05 0
3.92419e-05 0
4.09732e-05 0
4.27809e-05 0
4.46684e-05 0
4.66391e-05 0
4.86968e-05 0
5.08452e-05 0
5.30884e-05 0
5.54307e-05 0
5.78762e-05 0
6.04296e-05 0
6.30957e-05 0
6.58795e-05 0
6.8786e-05 0
7.18208e-05 0
7.49894e-05 0
7.82979e-05 0
8.17523e-05 0
8.53591e-05 0
8.91251e-05 0
9.30572e-05 0
9.71628e-05 0
0.00010145 0
0.000105925 0
0.000110599 0
0.000115478 0
0.000120573 0
0.000125893 0
0.000131447 0
0.000137246 0
0.000143301 0
0.000149624 0
0.000156225 0
0.000163117 0
0.000170314 0
0.000177828 0
0.000185674 0
0.000193865 0
0.000202418 0
0.000211349 0
0.000220673 0
0.000230409 0
0.000240575 0
0.000251189 0
0.000262271 0
0.000273842 0
0.000285924 0
0.000298538 0
0.000311709 0
0.000325462 0
0.000339821 0
0.000354813 0
0.000370467 0
0.000386812 0
0.000403878 0
0.000421697 0
0.000440301 0
0.000459727 0
0.00048001 0
0.000501187 0
0.000523299 0
0.000546387 0
0.000570493 0
0.000595662 0
0.000621942 0
0.000649382 0
0.000678032 0
0.000707946 0
0.00073918 0
0.000771792 0
0.000805842 0
0.000841395 0
0.000878517 0
0.000917276 0
0.000957745 0
0.001 0
0.00104412 0
0.00109018 0
0.00113828 0
0.0011885 0
0.00124094 0
0.00129569 101.776
0.00135285 0
0.00141254 0
0.00147486 0
0.00153993 0
0.00160787 0
0.0016788 0
0.00175287 0
0.00183021 0
0.00191095 0
0.00199526 0
0.00208329 0
0.0021752 0
0.00227117 46.2764
0.00237137 0
0.002476 0
0.00258523 0
0.00269929 0
0.00281838 0
0.00294273 0
0.00307256 0
0.00320812 0
0.00334965 0
0.00349744 0
0.00365174 0
0.00381285 51.2955
0.00398107 0
0.00415671 107.078
0.0043401 0
0.00453158 0
0.00473151 0
0.00494026 0
0.00515822 0
0.0053858 0
0.00562341 0
0.00587151 83.9006
0.00613056 118.364
0.00640103 0
0.00668344 76.9632
0.00697831 0
0.00728618 14.131
0.00760764 0
0.00794328 0
0.00829373 0
0.00865964 63.5918
0.0090417 0
0.00944061 0
0.00985712 0
0.010292 85.7337
0.0107461 50.5045
0.0112202 100.808
0.0117152 132.946
0.0122321 130.672
0.0127717 0
0.0133352 192.28
0.0139236 0
0.0145378 0
0.0151792 70.1205
0.0158489 251.834
0.0165482 177.91
0.0172783 0
0.0180406 218.603
0.0188365 0
0.0196675 118.632
0.0205353 133.866
0.0214412 175.249
0.0223872 200.455
0.0233749 378.664
0.0244062 0
0.025483 84.7005
0.0266073 179.172
0.0277811 530.33
0.0290068 291.755
0.0302866 216.319
0.0316228 155.717
0.0330179 110.435
0.0344747 382.596
0.0359956 335.829
0.0375837 334.753
0.0392419 428.748
0.0409732 435.588
0.0427809 100.52
0.0446684 264.688
0.0466391 327.024
0.0486968 294.458
0.0508452 734.689
0.0530884 247.049
0.0554307 795.959
0.0578762 439.616
0.0604296 682.97
0.0630957 435.073
0.0658795 675.491
0.068786 545.105
0.0718208 1090.07
0.0749894 524.5
0.0782979 1148.09
0.0817523 1103.57
0.0853591 1197.23
0.0891251 668.95
0.0930572 1110.62
0.0971628 1550.46
0.10145 1004.44
0.105925 1515.26
0.110599 1404.29
0.115478 675.774
0.120573 1157.61
0.125893 1990.53
0.131447 1883.52
0.137246 1214.89
0.143301 1599.59
0.149624 1569.78
0.156225 2012.53
0.163117 2049.64
0.170314 1394.71
0.177828 2308.13
0.185674 2306.38
0.193865 1865.28
0.202418 1596.86
0.211349 2335.19
0.220673 2139.21
0.230409 1889.13
0.240575 1883.07
0.251189 1885.72
0.262271 1833.9
0.273842 1974.1
0.285924 1843.25
0.298538 2010.18
0.311709 1878.18
0.325462 2099.88
0.339821 2400.93
0.354813 2340.8
0.370467 1571.38
0.386812 2151.65
0.403878 2288.91
0.421697 1489.06
0.440301 1444.78
0.459727 1752.22
0.48001 1790.61
0.501187 2082.49
0.523299 2040.64
0.546387 1555.7
0.570493 2386.85
0.595662 2316.98
0.621942 2351.28
0.649382 2279.16
0.678032 1126.71
0.707946 1784.85
0.73918 1961.3
0.771792 2191.3
0.805842 1944.07
0.841395 2040.59
0.878517 1294.2
0.917276 1103.33
0.957745 1159.77
1 843.837
1.04412 1282.03
1.09018 1350.39
1.13828 1265.6
1.1885 1117.92
1.24094 685.777
1.29569 772.398
1.35285 594.064
1.41254 1298.14
1.47486 710.043
1.53993 815.953
1.60787 859.44
1.6788 988.072
1.75287 709.289
1.83021 1058.86
1.91095 1063.13
1.99526 605.055
2.08329 633.834
2.1752 455.252
2.27117 540.865
2.37137 221.208
2.476 488.183
2.58523 712.531
2.69929 400.186
2.81838 359.634
2.94273 683.493
3.07256 491.773
3.20812 846.33
3.34965 774.849
3.49744 361.661
3.65174 548.124
3.81285 433.742
3.98107 376.367
4.15671 479.414
4.3401 213.342
4.53158 319.795
4.73151 783.563
4.94026 528.549
5.15822 99.7574
5.3858 396.455
5.62341 380.182
5.87151 121.016
6.13056 481.077
6.40103 312.567
6.68344 396.661
6.97831 266.72
7.28618 179.898
7.60764 148.638
7.94328 201.555
8.29373 255.269
8.65964 208.776
9.0417 327.406
9.44061 322.738
9.85712 255.153
10.292 257.443
10.7461 468.371
11.2202 200.492
11.7152 156.539
12.2321 194.793
12.7717 53.9972
13.3352 256.329
13.9236 211.481
14.5378 265.215
15.1792 185.95
15.8489 296.748
16.5482 77.9105
17.2783 533.59
18.0406 182.095
18.8365 91.43
19.6675 189.883
20.5353 302.04
21.4412 203.353
22.3872 234.383
23.3749 217.703
24.4062 378.904
25.483 88.4403
26.6073 117.635
27.7811 358.467
29.0068 142.104
30.2866 154.212
31.6228 102.552
33.0179 160.574
34.4747 268.26
35.9956 335.552
37.5837 113.95
39.2419 45.4804
40.9732 267.602
42.7809 116.652
44.6684 56.8779
46.6391 265.53
48.6968 221.271
50.8452 268.568
53.0884 234.959
55.4307 168.777
57.8762 529.751
60.4296 159.753
63.0957 502.052
65.8795 209.552
68.786 201.768
71.8208 436.815
74.9894 117.82
78.2979 526.435
81.7523 9.75518
85.3591 125.659
89.1251 393.242
93.0572 245.894
97.1628 95.5803
101.45 146.576
105.925 181.57
110.599 430.705
115.478 208.583
120.573 0
125.893 281.953
131.447 206.619
137.246 329.873
143.301 0
149.624 70.2766
156.225 112.12
163.117 241.478
170.314 210.682
177.828 289.916
185.674 148.874
193.865 165.874
202.418 0
211.349 0
220.673 100.929
230.409 107.863
240.575 95.5803
251.189 0
262.271 77.5343
273.842 65.5497
285.924 0
298.538 0
311.709 0
325.462 0
339.821 0
354.813 0
370.467 52.1211
386.812 39.1138
403.878 0
421.697 0
440.301 0
459.727 87.656
480.01 0
501.187 0
523.299 0
546.387 0
570.493 0
595.662 0
621.942 0
649.382 0
678.032 0
707.946 0
739.18 0
771.792 0
805.842 0
841.395 0
878.517 0
917.276 0
957.745 0
1000 0
