# First line is two numbers 
#     First value is '2', it means 'histogram mode'
#     Second value is 'Emin' of the histogram
# Other lines : 2 columns. 1) energy 2) probability (nb divided by NbEvent)
# Number of bins = 480
# Content below the first bin: 0
# Content above the last  bin: 0
# Content above the last  bin: 0
# Number of events: 209000
2 1e-06
1.04412e-06 0
1.09018e-06 0
1.13828e-06 0
1.1885e-06 0
1.24094e-06 0
1.29569e-06 0
1.35285e-06 0
1.41254e-06 0
1.47486e-06 0
1.53993e-06 0
1.60787e-06 0
1.6788e-06 0
1.75287e-06 0
1.83021e-06 0
1.91095e-06 0
1.99526e-06 0
2.08329e-06 0
2.1752e-06 0
2.27117e-06 0
2.37137e-06 0
2.476e-06 0
2.58523e-06 0
2.69929e-06 0
2.81838e-06 0
2.94273e-06 0
3.07256e-06 0
3.20812e-06 0
3.34965e-06 0
3.49744e-06 0
3.65174e-06 0
3.81285e-06 0
3.98107e-06 0
4.15671e-06 0
4.3401e-06 0
4.53158e-06 0
4.73151e-06 0
4.94026e-06 0
5.15822e-06 0
5.3858e-06 0
5.62341e-06 0
5.87151e-06 0
6.13056e-06 0
6.40103e-06 0
6.68344e-06 0
6.97831e-06 0
7.28618e-06 0
7.60764e-06 0
7.94328e-06 0
8.29373e-06 0
8.65964e-06 0
9.0417e-06 0
9.44061e-06 0
9.85712e-06 0
1.0292e-05 0
1.07461e-05 0
1.12202e-05 0
1.17152e-05 0
1.22321e-05 0
1.27717e-05 0
1.33352e-05 0
1.39236e-05 0
1.45378e-05 0
1.51792e-05 0
1.58489e-05 0
1.65482e-05 0
1.72783e-05 0
1.80406e-05 0
1.88365e-05 0
1.96675e-05 0
2.05353e-05 0
2.14412e-05 0
2.23872e-05 0
2.33749e-05 0
2.44062e-05 0
2.5483e-05 0
2.66073e-05 0
2.77811e-05 0
2.90068e-05 0
3.02866e-05 0
3.16228e-05 0
3.30179e-05 0
3.44747e-05 0
3.59956e-05 0
3.75837e-05 0
3.92419e-05 0
4.09732e-05 0
4.27809e-05 0
4.46684e-05 0
4.66391e-05 0
4.86968e-05 0
5.08452e-05 0
5.30884e-05 0
5.54307e-05 0
5.78762e-05 0
6.04296e-05 0
6.30957e-05 0
6.58795e-05 0
6.8786e-05 0
7.18208e-05 0
7.49894e-05 0
7.82979e-05 0
8.17523e-05 0
8.53591e-05 0
8.91251e-05 0
9.30572e-05 0
9.71628e-05 0
0.00010145 0
0.000105925 0
0.000110599 0
0.000115478 0
0.000120573 0
0.000125893 0
0.000131447 0
0.000137246 0
0.000143301 0
0.000149624 0
0.000156225 0
0.000163117 0
0.000170314 0
0.000177828 0
0.000185674 0
0.000193865 0
0.000202418 0
0.000211349 0
0.000220673 0
0.000230409 0
0.000240575 0
0.000251189 0
0.000262271 0
0.000273842 0
0.000285924 0
0.000298538 0
0.000311709 0
0.000325462 0
0.000339821 0
0.000354813 0
0.000370467 0
0.000386812 0
0.000403878 0
0.000421697 0
0.000440301 0
0.000459727 0
0.00048001 0
0.000501187 0
0.000523299 0
0.000546387 0
0.000570493 0
0.000595662 0
0.000621942 0
0.000649382 33.5585
0.000678032 0
0.000707946 0
0.00073918 0
0.000771792 0
0.000805842 0
0.000841395 0
0.000878517 0
0.000917276 0
0.000957745 0
0.001 0
0.00104412 0
0.00109018 0
0.00113828 0
0.0011885 0
0.00124094 0
0.00129569 0
0.00135285 0
0.00141254 0
0.00147486 0
0.00153993 0
0.00160787 0
0.0016788 0
0.00175287 0
0.00183021 0
0.00191095 0
0.00199526 0
0.00208329 0
0.0021752 0
0.00227117 0
0.00237137 0
0.002476 0
0.00258523 0
0.00269929 0
0.00281838 0
0.00294273 0
0.00307256 0
0.00320812 0
0.00334965 0
0.00349744 0
0.00365174 0
0.00381285 0
0.00398107 0
0.00415671 0
0.0043401 0
0.00453158 0
0.00473151 0
0.00494026 0
0.00515822 117.025
0.0053858 0
0.00562341 0
0.00587151 0
0.00613056 0
0.00640103 0
0.00668344 0
0.00697831 0
0.00728618 111.817
0.00760764 0
0.00794328 0
0.00829373 0
0.00865964 76.6861
0.0090417 0
0.00944061 0
0.00985712 0
0.010292 0
0.0107461 0
0.0112202 0
0.0117152 0
0.0122321 161.077
0.0127717 115.586
0.0133352 0
0.0139236 92.8635
0.0145378 84.2303
0.0151792 76.2932
0.0158489 100.475
0.0165482 193.822
0.0172783 62.4483
0.0180406 0
0.0188365 172.431
0.0196675 84.7406
0.0205353 353.696
0.0214412 128.762
0.0223872 146.473
0.0233749 39.1102
0.0244062 281.044
0.025483 0
0.0266073 334.293
0.0277811 280.739
0.0290068 396.276
0.0302866 651.556
0.0316228 216.47
0.0330179 552.68
0.0344747 316.886
0.0359956 306.807
0.0375837 250.26
0.0392419 528.701
0.0409732 336.172
0.0427809 529.028
0.0446684 593.7
0.0466391 839.68
0.0486968 592.892
0.0508452 756.618
0.0530884 849.458
0.0554307 574.752
0.0578762 286.387
0.0604296 804.408
0.0630957 332.861
0.0658795 850.03
0.068786 653.766
0.0718208 1105.41
0.0749894 450.758
0.0782979 826.679
0.0817523 621.146
0.0853591 1003.58
0.0891251 1569.78
0.0930572 1781.35
0.0971628 1522.3
0.10145 1620.39
0.105925 1461.15
0.110599 1416.08
0.115478 1732.62
0.120573 1152.52
0.125893 1409.15
0.131447 1330.63
0.137246 1329.26
0.143301 2063.23
0.149624 1554.44
0.156225 2204.93
0.163117 1408.81
0.170314 1495.27
0.177828 1968.65
0.185674 1248.52
0.193865 1831.6
0.202418 1904.44
0.211349 2252.97
0.220673 2162.89
0.230409 2162.94
0.240575 2178.65
0.251189 1753.69
0.262271 1357.61
0.273842 2106.25
0.285924 1737.97
0.298538 1707.02
0.311709 1834.88
0.325462 1385.41
0.339821 2020.6
0.354813 1526.71
0.370467 1790.09
0.386812 1834.92
0.403878 2269.03
0.421697 1839.04
0.440301 1667.89
0.459727 2193.5
0.48001 2715.08
0.501187 2131.05
0.523299 2111.95
0.546387 1707.19
0.570493 2158.63
0.595662 2405.56
0.621942 1550.03
0.649382 2626.95
0.678032 1669.05
0.707946 2558.38
0.73918 1708.45
0.771792 2544.79
0.805842 1232.22
0.841395 1965.15
0.878517 956.048
0.917276 1416.15
0.957745 999.817
1 1767.3
1.04412 956.642
1.09018 930.101
1.13828 1268
1.1885 1150.05
1.24094 759.367
1.29569 603.646
1.35285 450.853
1.41254 983.104
1.47486 501.918
1.53993 633.524
1.60787 867.726
1.6788 499.987
1.75287 613.971
1.83021 484.459
1.91095 530.288
1.99526 676.395
2.08329 497.117
2.1752 544.44
2.27117 879.826
2.37137 308.827
2.476 786.19
2.58523 174.749
2.69929 323.75
2.81838 464.652
2.94273 369.906
3.07256 198.941
3.20812 477.284
3.34965 348.83
3.49744 843.021
3.65174 661.468
3.81285 328.119
3.98107 322.418
4.15671 373.806
4.3401 412.983
4.53158 178.635
4.73151 288.746
4.94026 199.998
5.15822 361.53
5.3858 525.038
5.62341 351.821
5.87151 322.443
6.13056 267.178
6.40103 203.875
6.68344 132.532
6.97831 334.811
7.28618 146.429
7.60764 260.26
7.94328 0
8.29373 225.077
8.65964 307.01
9.0417 241.197
9.44061 17.7603
9.85712 115.686
10.292 131.091
10.7461 408.433
11.2202 166.153
11.7152 154.806
12.2321 179.262
12.7717 203.67
13.3352 525.493
13.9236 224.736
14.5378 188.772
15.1792 144.304
15.8489 187.953
16.5482 73.6573
17.2783 177.098
18.0406 77.2094
18.8365 36.4929
19.6675 195.42
20.5353 119.512
21.4412 78.5171
22.3872 311.691
23.3749 0
24.4062 152.316
25.483 310.191
26.6073 109.496
27.7811 59.8429
29.0068 103.639
30.2866 217.609
31.6228 70.8494
33.0179 152.749
34.4747 77.4797
35.9956 449.648
37.5837 367.28
39.2419 62.2915
40.9732 206.335
42.7809 91.9975
44.6684 175.13
46.6391 62.1024
48.6968 434.712
50.8452 117.395
53.0884 104.645
55.4307 281.094
57.8762 146.61
60.4296 198.727
63.0957 388.707
65.8795 113.181
68.786 114.685
71.8208 593.648
74.9894 300.483
78.2979 79.2598
81.7523 300.175
85.3591 291.642
89.1251 343.243
93.0572 195.61
97.1628 87.3883
101.45 483.645
105.925 194.888
110.599 207.335
115.478 206.779
120.573 110.427
125.893 42.3253
131.447 102.428
137.246 169.41
143.301 233.553
149.624 292.874
156.225 205.483
163.117 106.288
170.314 606.785
177.828 0
185.674 86.261
193.865 0
202.418 117.314
211.349 0
220.673 204.794
230.409 0
240.575 138.519
251.189 80.3564
262.271 0
273.842 89.1154
285.924 97.406
298.538 120.829
311.709 0
325.462 0
339.821 0
354.813 0
370.467 0
386.812 0
403.878 0
421.697 0
440.301 0
459.727 0
480.01 0
501.187 0
523.299 0
546.387 0
570.493 0
595.662 0
621.942 0
649.382 0
678.032 0
707.946 0
739.18 0
771.792 0
805.842 0
841.395 0
878.517 0
917.276 0
957.745 0
1000 0
