# First line is two numbers 
#     First value is '2', it means 'histogram mode'
#     Second value is 'Emin' of the histogram
# Other lines : 2 columns. 1) energy 2) probability (nb divided by NbEvent)
# Number of bins = 480
# Content below the first bin: 0
# Content above the last  bin: 0
# Content above the last  bin: 0
# Number of events: 209000
2 1e-06
1.04412e-06 0
1.09018e-06 0
1.13828e-06 0
1.1885e-06 0
1.24094e-06 0
1.29569e-06 0
1.35285e-06 0
1.41254e-06 0
1.47486e-06 0
1.53993e-06 0
1.60787e-06 0
1.6788e-06 0
1.75287e-06 0
1.83021e-06 0
1.91095e-06 0
1.99526e-06 0
2.08329e-06 0
2.1752e-06 0
2.27117e-06 0
2.37137e-06 0
2.476e-06 0
2.58523e-06 0
2.69929e-06 0
2.81838e-06 0
2.94273e-06 0
3.07256e-06 0
3.20812e-06 0
3.34965e-06 0
3.49744e-06 0
3.65174e-06 0
3.81285e-06 0
3.98107e-06 0
4.15671e-06 0
4.3401e-06 0
4.53158e-06 0
4.73151e-06 0
4.94026e-06 0
5.15822e-06 0
5.3858e-06 0
5.62341e-06 0
5.87151e-06 0
6.13056e-06 0
6.40103e-06 0
6.68344e-06 0
6.97831e-06 0
7.28618e-06 0
7.60764e-06 0
7.94328e-06 0
8.29373e-06 0
8.65964e-06 0
9.0417e-06 0
9.44061e-06 0
9.85712e-06 0
1.0292e-05 0
1.07461e-05 0
1.12202e-05 0
1.17152e-05 0
1.22321e-05 0
1.27717e-05 0
1.33352e-05 0
1.39236e-05 0
1.45378e-05 0
1.51792e-05 0
1.58489e-05 0
1.65482e-05 0
1.72783e-05 0
1.80406e-05 0
1.88365e-05 0
1.96675e-05 0
2.05353e-05 0
2.14412e-05 0
2.23872e-05 0
2.33749e-05 0
2.44062e-05 0
2.5483e-05 0
2.66073e-05 0
2.77811e-05 0
2.90068e-05 0
3.02866e-05 0
3.16228e-05 0
3.30179e-05 0
3.44747e-05 0
3.59956e-05 0
3.75837e-05 0
3.92419e-05 0
4.09732e-05 0
4.27809e-05 0
4.46684e-05 0
4.66391e-05 0
4.86968e-05 0
5.08452e-05 0
5.30884e-05 0
5.54307e-05 0
5.78762e-05 0
6.04296e-05 0
6.30957e-05 0
6.58795e-05 0
6.8786e-05 0
7.18208e-05 0
7.49894e-05 0
7.82979e-05 0
8.17523e-05 0
8.53591e-05 0
8.91251e-05 0
9.30572e-05 0
9.71628e-05 0
0.00010145 0
0.000105925 0
0.000110599 0
0.000115478 0
0.000120573 0
0.000125893 0
0.000131447 0
0.000137246 0
0.000143301 0
0.000149624 0
0.000156225 0
0.000163117 0
0.000170314 0
0.000177828 0
0.000185674 0
0.000193865 0
0.000202418 0
0.000211349 0
0.000220673 0
0.000230409 0
0.000240575 0
0.000251189 0
0.000262271 0
0.000273842 0
0.000285924 0
0.000298538 0
0.000311709 0
0.000325462 0
0.000339821 0
0.000354813 0
0.000370467 0
0.000386812 0
0.000403878 0
0.000421697 0
0.000440301 0
0.000459727 0
0.00048001 0
0.000501187 0
0.000523299 0
0.000546387 0
0.000570493 0
0.000595662 0
0.000621942 0
0.000649382 0
0.000678032 0
0.000707946 0
0.00073918 0
0.000771792 0
0.000805842 0
0.000841395 0
0.000878517 0
0.000917276 0
0.000957745 0
0.001 0
0.00104412 0
0.00109018 0
0.00113828 0
0.0011885 0
0.00124094 0
0.00129569 0
0.00135285 0
0.00141254 0
0.00147486 0
0.00153993 0
0.00160787 0
0.0016788 100.342
0.00175287 0
0.00183021 0
0.00191095 0
0.00199526 0
0.00208329 0
0.0021752 0
0.00227117 0
0.00237137 0
0.002476 0
0.00258523 0
0.00269929 0
0.00281838 0
0.00294273 119.269
0.00307256 0
0.00320812 0
0.00334965 0
0.00349744 0
0.00365174 0
0.00381285 0
0.00398107 0
0.00415671 0
0.0043401 0
0.00453158 71.1356
0.00473151 0
0.00494026 69.5148
0.00515822 0
0.0053858 0
0.00562341 0
0.00587151 0
0.00613056 0
0.00640103 0
0.00668344 39.0141
0.00697831 0
0.00728618 0
0.00760764 0
0.00794328 0
0.00829373 0
0.00865964 0
0.0090417 205.04
0.00944061 0
0.00985712 114.676
0.010292 0
0.0107461 84.1451
0.0112202 0
0.0117152 0
0.0122321 81.238
0.0127717 0
0.0133352 0
0.0139236 0
0.0145378 0
0.0151792 330.801
0.0158489 0
0.0165482 277.267
0.0172783 108.721
0.0180406 92.0375
0.0188365 86.1958
0.0196675 143.762
0.0205353 90.1584
0.0214412 249.886
0.0223872 77.0505
0.0233749 0
0.0244062 201.888
0.025483 0
0.0266073 125.239
0.0277811 344.296
0.0290068 268.678
0.0302866 97.6896
0.0316228 216.191
0.0330179 376.469
0.0344747 528.797
0.0359956 151.308
0.0375837 543.711
0.0392419 393.903
0.0409732 57.8021
0.0427809 545.729
0.0446684 577.123
0.0466391 688.782
0.0486968 328.774
0.0508452 221.862
0.0530884 177.311
0.0554307 368.654
0.0578762 209.957
0.0604296 757.243
0.0630957 482.294
0.0658795 121.033
0.068786 987.269
0.0718208 436.895
0.0749894 281.208
0.0782979 800.037
0.0817523 1078.97
0.0853591 455.92
0.0891251 478.548
0.0930572 860.344
0.0971628 1474.44
0.10145 978.228
0.105925 1041.79
0.110599 878.538
0.115478 442.754
0.120573 848.777
0.125893 1519.38
0.131447 497.631
0.137246 1690.32
0.143301 1090.27
0.149624 1447.61
0.156225 1335.04
0.163117 878.262
0.170314 1033.26
0.177828 1200.57
0.185674 1389.05
0.193865 1130.64
0.202418 1100.45
0.211349 1214.03
0.220673 858.263
0.230409 840.02
0.240575 965.927
0.251189 1640.3
0.262271 1341.53
0.273842 1723.08
0.285924 1483.5
0.298538 700.873
0.311709 1481.45
0.325462 1224.2
0.339821 1067.57
0.354813 1934.36
0.370467 1884.65
0.386812 1493.03
0.403878 978.715
0.421697 1273.72
0.440301 1554.04
0.459727 1256.36
0.48001 1100.72
0.501187 1356.11
0.523299 1378.08
0.546387 982.938
0.570493 1579.53
0.595662 1461.19
0.621942 1468.04
0.649382 1379.4
0.678032 1275.56
0.707946 902.26
0.73918 1779.29
0.771792 1166.86
0.805842 739.94
0.841395 1435.43
0.878517 888.815
0.917276 1024.94
0.957745 756.637
1 547.504
1.04412 768.167
1.09018 684.147
1.13828 641.335
1.1885 554.489
1.24094 891.492
1.29569 487.742
1.35285 795.491
1.41254 830.993
1.47486 606.312
1.53993 688.335
1.60787 516.74
1.6788 345.011
1.75287 668.454
1.83021 118.516
1.91095 371.315
1.99526 735.16
2.08329 627.716
2.1752 642.765
2.27117 457.636
2.37137 113.271
2.476 464.478
2.58523 148.698
2.69929 461.649
2.81838 212.589
2.94273 297.777
3.07256 283.6
3.20812 255.06
3.34965 313.072
3.49744 0
3.65174 341.655
3.81285 192.161
3.98107 0
4.15671 283.91
4.3401 225.64
4.53158 73.0246
4.73151 130.252
4.94026 64.8228
5.15822 293.711
5.3858 89.8173
5.62341 0
5.87151 291.66
6.13056 250.543
6.40103 114.814
6.68344 41.7446
6.97831 309.17
7.28618 196.344
7.60764 119.06
7.94328 102.216
8.29373 111.791
8.65964 78.2655
9.0417 343.661
9.44061 111.028
9.85712 100.615
10.292 0
10.7461 125.323
11.2202 0
11.7152 253.435
12.2321 269.458
12.7717 0
13.3352 62.8565
13.9236 75.641
14.5378 88.956
15.1792 11.9776
15.8489 65.6644
16.5482 118.718
17.2783 283.529
18.0406 318.592
18.8365 0
19.6675 0
20.5353 117.381
21.4412 131.669
22.3872 186.248
23.3749 0
24.4062 195.119
25.483 216.362
26.6073 73.2741
27.7811 232.03
29.0068 74.7277
30.2866 0
31.6228 172.914
33.0179 155.68
34.4747 168.593
35.9956 710.435
37.5837 111.621
39.2419 387.744
40.9732 60.1229
42.7809 107.745
44.6684 58.946
46.6391 149.201
48.6968 113.546
50.8452 178.874
53.0884 273.302
55.4307 354.733
57.8762 151.409
60.4296 227.602
63.0957 0
65.8795 458.026
68.786 291.454
71.8208 98.5656
74.9894 274.205
78.2979 309.182
81.7523 374.328
85.3591 268.747
89.1251 249.493
93.0572 644.793
97.1628 220.985
101.45 199.134
105.925 260.301
110.599 579.427
115.478 470.848
120.573 0
125.893 104.359
131.447 273.837
137.246 600.242
143.301 99.6959
149.624 325.574
156.225 507.801
163.117 326.959
170.314 214.569
177.828 278.648
185.674 674.146
193.865 578.173
202.418 537.652
211.349 730.382
220.673 642.835
230.409 450.46
240.575 854.54
251.189 470.544
262.271 761.362
273.842 791.553
285.924 761.811
298.538 1308.41
311.709 443.711
325.462 731.43
339.821 728.807
354.813 1121.28
370.467 566.736
386.812 295.548
403.878 308.409
421.697 496.174
440.301 166.402
459.727 129.693
480.01 102.941
501.187 250.98
523.299 0
546.387 123.208
570.493 112.461
595.662 0
621.942 0
649.382 97.6054
678.032 110.972
707.946 0
739.18 0
771.792 0
805.842 91.7068
841.395 0
878.517 0
917.276 0
957.745 0
1000 0
