# First line is two numbers 
#     First value is '2', it means 'histogram mode'
#     Second value is 'Emin' of the histogram
# Other lines : 2 columns. 1) energy 2) probability (nb divided by NbEvent)
# Number of bins = 480
# Content below the first bin: 0
# Content above the last  bin: 0
# Content above the last  bin: 0
# Number of events: 209000
2 1e-06
1.04412e-06 0
1.09018e-06 0
1.13828e-06 0
1.1885e-06 0
1.24094e-06 0
1.29569e-06 0
1.35285e-06 0
1.41254e-06 0
1.47486e-06 0
1.53993e-06 0
1.60787e-06 0
1.6788e-06 0
1.75287e-06 0
1.83021e-06 0
1.91095e-06 0
1.99526e-06 0
2.08329e-06 0
2.1752e-06 0
2.27117e-06 0
2.37137e-06 0
2.476e-06 0
2.58523e-06 0
2.69929e-06 0
2.81838e-06 0
2.94273e-06 0
3.07256e-06 0
3.20812e-06 0
3.34965e-06 0
3.49744e-06 0
3.65174e-06 0
3.81285e-06 0
3.98107e-06 0
4.15671e-06 0
4.3401e-06 0
4.53158e-06 0
4.73151e-06 0
4.94026e-06 0
5.15822e-06 0
5.3858e-06 0
5.62341e-06 0
5.87151e-06 0
6.13056e-06 0
6.40103e-06 0
6.68344e-06 0
6.97831e-06 0
7.28618e-06 0
7.60764e-06 0
7.94328e-06 0
8.29373e-06 0
8.65964e-06 0
9.0417e-06 0
9.44061e-06 0
9.85712e-06 0
1.0292e-05 0
1.07461e-05 0
1.12202e-05 0
1.17152e-05 0
1.22321e-05 0
1.27717e-05 0
1.33352e-05 0
1.39236e-05 0
1.45378e-05 0
1.51792e-05 0
1.58489e-05 0
1.65482e-05 0
1.72783e-05 0
1.80406e-05 0
1.88365e-05 0
1.96675e-05 0
2.05353e-05 0
2.14412e-05 0
2.23872e-05 0
2.33749e-05 0
2.44062e-05 0
2.5483e-05 0
2.66073e-05 0
2.77811e-05 0
2.90068e-05 0
3.02866e-05 0
3.16228e-05 0
3.30179e-05 0
3.44747e-05 0
3.59956e-05 0
3.75837e-05 0
3.92419e-05 0
4.09732e-05 0
4.27809e-05 0
4.46684e-05 0
4.66391e-05 0
4.86968e-05 0
5.08452e-05 0
5.30884e-05 0
5.54307e-05 0
5.78762e-05 0
6.04296e-05 0
6.30957e-05 0
6.58795e-05 0
6.8786e-05 0
7.18208e-05 0
7.49894e-05 0
7.82979e-05 0
8.17523e-05 0
8.53591e-05 0
8.91251e-05 0
9.30572e-05 0
9.71628e-05 0
0.00010145 0
0.000105925 0
0.000110599 0
0.000115478 0
0.000120573 0
0.000125893 0
0.000131447 0
0.000137246 0
0.000143301 0
0.000149624 0
0.000156225 0
0.000163117 0
0.000170314 0
0.000177828 0
0.000185674 0
0.000193865 0
0.000202418 0
0.000211349 0
0.000220673 0
0.000230409 0
0.000240575 0
0.000251189 0
0.000262271 0
0.000273842 0
0.000285924 0
0.000298538 0
0.000311709 0
0.000325462 0
0.000339821 0
0.000354813 0
0.000370467 0
0.000386812 0
0.000403878 0
0.000421697 0
0.000440301 0
0.000459727 0
0.00048001 0
0.000501187 0
0.000523299 0
0.000546387 0
0.000570493 0
0.000595662 0
0.000621942 0
0.000649382 0
0.000678032 0
0.000707946 0
0.00073918 0
0.000771792 0
0.000805842 0
0.000841395 0
0.000878517 0
0.000917276 0
0.000957745 0
0.001 0
0.00104412 0
0.00109018 0
0.00113828 0
0.0011885 0
0.00124094 0
0.00129569 0
0.00135285 0
0.00141254 0
0.00147486 0
0.00153993 0
0.00160787 0
0.0016788 0
0.00175287 0
0.00183021 0
0.00191095 0
0.00199526 0
0.00208329 0
0.0021752 0
0.00227117 0
0.00237137 0
0.002476 0
0.00258523 0
0.00269929 0
0.00281838 0
0.00294273 0
0.00307256 110.45
0.00320812 0
0.00334965 0
0.00349744 0
0.00365174 0
0.00381285 0
0.00398107 0
0.00415671 0
0.0043401 0
0.00453158 0
0.00473151 0
0.00494026 0
0.00515822 0
0.0053858 0
0.00562341 0
0.00587151 0
0.00613056 0
0.00640103 0
0.00668344 0
0.00697831 0
0.00728618 0
0.00760764 0
0.00794328 81.7062
0.00829373 69.4358
0.00865964 0
0.0090417 87.9675
0.00944061 0
0.00985712 0
0.010292 0
0.0107461 81.1659
0.0112202 0
0.0117152 0
0.0122321 0
0.0127717 60.6114
0.0133352 72.4726
0.0139236 0
0.0145378 0
0.0151792 0
0.0158489 0
0.0165482 169.695
0.0172783 0
0.0180406 0
0.0188365 100.959
0.0196675 0
0.0205353 34.3909
0.0214412 231.365
0.0223872 17.8813
0.0233749 55.8704
0.0244062 0
0.025483 0
0.0266073 0
0.0277811 97.4661
0.0290068 0
0.0302866 114.639
0.0316228 195.544
0.0330179 0
0.0344747 9.05701
0.0359956 193.251
0.0375837 457.327
0.0392419 90.591
0.0409732 0
0.0427809 44.6993
0.0446684 195.015
0.0466391 415.545
0.0486968 207.277
0.0508452 190.637
0.0530884 251.732
0.0554307 341.322
0.0578762 76.9401
0.0604296 306.609
0.0630957 119.069
0.0658795 109.153
0.068786 0
0.0718208 474.609
0.0749894 138.751
0.0782979 206.732
0.0817523 163.513
0.0853591 338.934
0.0891251 326.155
0.0930572 376.719
0.0971628 356.161
0.10145 215.282
0.105925 6.63316
0.110599 185.246
0.115478 206.844
0.120573 0
0.125893 427.247
0.131447 319.656
0.137246 164.963
0.143301 719.259
0.149624 86.8535
0.156225 637.593
0.163117 694.512
0.170314 115.6
0.177828 174.371
0.185674 627.378
0.193865 605.538
0.202418 454.113
0.211349 307.879
0.220673 395.981
0.230409 471.562
0.240575 393.092
0.251189 523.749
0.262271 736.139
0.273842 290.652
0.285924 110.91
0.298538 406.328
0.311709 920.584
0.325462 371.716
0.339821 966.179
0.354813 1036.6
0.370467 203.04
0.386812 472.476
0.403878 518.538
0.421697 527.902
0.440301 427.179
0.459727 510.154
0.48001 523.286
0.501187 948.763
0.523299 413.689
0.546387 702.561
0.570493 84.5918
0.595662 676.89
0.621942 252.454
0.649382 191.003
0.678032 487.502
0.707946 842.562
0.73918 544.374
0.771792 435.084
0.805842 197.154
0.841395 376.58
0.878517 408.665
0.917276 428.962
0.957745 285.536
1 297.757
1.04412 186.017
1.09018 261.408
1.13828 136.234
1.1885 229.891
1.24094 370.273
1.29569 198.695
1.35285 442.83
1.41254 56.8539
1.47486 221.285
1.53993 178.331
1.60787 0
1.6788 412.438
1.75287 121.965
1.83021 249.124
1.91095 257.491
1.99526 354.132
2.08329 0
2.1752 428.324
2.27117 256.886
2.37137 290.693
2.476 0
2.58523 113.283
2.69929 160.878
2.81838 133.77
2.94273 0
3.07256 0
3.20812 203.5
3.34965 0
3.49744 134.996
3.65174 92.9652
3.81285 108.725
3.98107 0
4.15671 243.27
4.3401 0
4.53158 145.939
4.73151 203.627
4.94026 179.694
5.15822 72.5811
5.3858 187.244
5.62341 0
5.87151 235.784
6.13056 0
6.40103 8.96296
6.68344 107.689
6.97831 0
7.28618 0
7.60764 251.379
7.94328 240.955
8.29373 0
8.65964 0
9.0417 271.66
9.44061 0
9.85712 100.785
10.292 151.129
10.7461 111.796
11.2202 169.441
11.7152 153.699
12.2321 0
12.7717 152.266
13.3352 0
13.9236 57.7121
14.5378 119.018
15.1792 111.437
15.8489 0
16.5482 0
17.2783 29.4956
18.0406 0
18.8365 0
19.6675 78.0148
20.5353 44.4508
21.4412 306.627
22.3872 0
23.3749 73.3894
24.4062 57.4083
25.483 68.0015
26.6073 82.6532
27.7811 56.8893
29.0068 170.951
30.2866 119.438
31.6228 0
33.0179 22.6482
34.4747 247.754
35.9956 88.7994
37.5837 46.2472
39.2419 201.515
40.9732 0
42.7809 153.505
44.6684 173.354
46.6391 87.9793
48.6968 248.749
50.8452 357.273
53.0884 224.712
55.4307 0
57.8762 129.63
60.4296 379.64
63.0957 172.765
65.8795 74.4021
68.786 0
71.8208 192.311
74.9894 46.4201
78.2979 129.849
81.7523 336.173
85.3591 0
89.1251 359.715
93.0572 62.0309
97.1628 581.175
101.45 173.852
105.925 68.276
110.599 360.065
115.478 322.242
120.573 487.398
125.893 217.64
131.447 328.992
137.246 192.107
143.301 283.406
149.624 144.401
156.225 175.873
163.117 430.562
170.314 212.922
177.828 521.678
185.674 347.215
193.865 522.326
202.418 454.232
211.349 1402.66
220.673 696.352
230.409 361.302
240.575 520.09
251.189 856.475
262.271 600.566
273.842 776.125
285.924 998.542
298.538 892.978
311.709 697.832
325.462 105.064
339.821 312.583
354.813 615.322
370.467 229.944
386.812 416.172
403.878 330.432
421.697 99.0669
440.301 128.422
459.727 0
480.01 0
501.187 0
523.299 79.747
546.387 87.2198
570.493 46.4675
595.662 0
621.942 0
649.382 0
678.032 31.616
707.946 0
739.18 0
771.792 0
805.842 0
841.395 0
878.517 0
917.276 0
957.745 0
1000 0
