# First line is two numbers 
#     First value is '2', it means 'histogram mode'
#     Second value is 'Emin' of the histogram
# Other lines : 2 columns. 1) energy 2) probability (nb divided by NbEvent)
# Number of bins = 480
# Content below the first bin: 0
# Content above the last  bin: 0
# Content above the last  bin: 0
# Number of events: 209000
2 1e-06
1.04412e-06 0
1.09018e-06 0
1.13828e-06 0
1.1885e-06 0
1.24094e-06 0
1.29569e-06 0
1.35285e-06 0
1.41254e-06 0
1.47486e-06 0
1.53993e-06 0
1.60787e-06 0
1.6788e-06 0
1.75287e-06 0
1.83021e-06 0
1.91095e-06 0
1.99526e-06 0
2.08329e-06 0
2.1752e-06 0
2.27117e-06 0
2.37137e-06 0
2.476e-06 0
2.58523e-06 0
2.69929e-06 0
2.81838e-06 0
2.94273e-06 0
3.07256e-06 0
3.20812e-06 0
3.34965e-06 0
3.49744e-06 0
3.65174e-06 0
3.81285e-06 0
3.98107e-06 0
4.15671e-06 0
4.3401e-06 0
4.53158e-06 0
4.73151e-06 0
4.94026e-06 0
5.15822e-06 0
5.3858e-06 0
5.62341e-06 0
5.87151e-06 0
6.13056e-06 0
6.40103e-06 0
6.68344e-06 0
6.97831e-06 0
7.28618e-06 0
7.60764e-06 0
7.94328e-06 0
8.29373e-06 0
8.65964e-06 0
9.0417e-06 0
9.44061e-06 0
9.85712e-06 0
1.0292e-05 0
1.07461e-05 0
1.12202e-05 0
1.17152e-05 0
1.22321e-05 0
1.27717e-05 0
1.33352e-05 0
1.39236e-05 0
1.45378e-05 0
1.51792e-05 0
1.58489e-05 0
1.65482e-05 0
1.72783e-05 0
1.80406e-05 0
1.88365e-05 0
1.96675e-05 0
2.05353e-05 0
2.14412e-05 0
2.23872e-05 0
2.33749e-05 0
2.44062e-05 0
2.5483e-05 0
2.66073e-05 0
2.77811e-05 0
2.90068e-05 0
3.02866e-05 0
3.16228e-05 0
3.30179e-05 0
3.44747e-05 0
3.59956e-05 0
3.75837e-05 0
3.92419e-05 0
4.09732e-05 0
4.27809e-05 0
4.46684e-05 0
4.66391e-05 0
4.86968e-05 0
5.08452e-05 0
5.30884e-05 0
5.54307e-05 0
5.78762e-05 0
6.04296e-05 0
6.30957e-05 0
6.58795e-05 0
6.8786e-05 0
7.18208e-05 0
7.49894e-05 0
7.82979e-05 0
8.17523e-05 0
8.53591e-05 0
8.91251e-05 0
9.30572e-05 0
9.71628e-05 0
0.00010145 0
0.000105925 0
0.000110599 0
0.000115478 0
0.000120573 0
0.000125893 0
0.000131447 0
0.000137246 0
0.000143301 0
0.000149624 0
0.000156225 0
0.000163117 0
0.000170314 0
0.000177828 0
0.000185674 0
0.000193865 0
0.000202418 0
0.000211349 0
0.000220673 0
0.000230409 0
0.000240575 0
0.000251189 0
0.000262271 0
0.000273842 0
0.000285924 0
0.000298538 0
0.000311709 0
0.000325462 0
0.000339821 0
0.000354813 0
0.000370467 0
0.000386812 0
0.000403878 0
0.000421697 0
0.000440301 0
0.000459727 0
0.00048001 0
0.000501187 0
0.000523299 0
0.000546387 0
0.000570493 0
0.000595662 0
0.000621942 0
0.000649382 0
0.000678032 0
0.000707946 0
0.00073918 0
0.000771792 0
0.000805842 0
0.000841395 0
0.000878517 0
0.000917276 0
0.000957745 0
0.001 0
0.00104412 0
0.00109018 0
0.00113828 0
0.0011885 0
0.00124094 0
0.00129569 0
0.00135285 0
0.00141254 0
0.00147486 0
0.00153993 0
0.00160787 0
0.0016788 0
0.00175287 0
0.00183021 0
0.00191095 0
0.00199526 0
0.00208329 0
0.0021752 0
0.00227117 0
0.00237137 0
0.002476 0
0.00258523 0
0.00269929 0
0.00281838 0
0.00294273 0
0.00307256 0
0.00320812 57.7721
0.00334965 0
0.00349744 0
0.00365174 0
0.00381285 0
0.00398107 0
0.00415671 0
0.0043401 0
0.00453158 0
0.00473151 0
0.00494026 0
0.00515822 0
0.0053858 0
0.00562341 0
0.00587151 0
0.00613056 0
0.00640103 0
0.00668344 0
0.00697831 0
0.00728618 0
0.00760764 82.0862
0.00794328 0
0.00829373 0
0.00865964 0
0.0090417 0
0.00944061 0
0.00985712 0
0.010292 0
0.0107461 0
0.0112202 0
0.0117152 39.847
0.0122321 24.2141
0.0127717 40.7645
0.0133352 0
0.0139236 0
0.0145378 0
0.0151792 0
0.0158489 0
0.0165482 0
0.0172783 0
0.0180406 0
0.0188365 0
0.0196675 0
0.0205353 0
0.0214412 0
0.0223872 0
0.0233749 40.9379
0.0244062 0
0.025483 0
0.0266073 0
0.0277811 72.7829
0.0290068 179.402
0.0302866 81.9079
0.0316228 0
0.0330179 136.102
0.0344747 193.186
0.0359956 82.4819
0.0375837 158.465
0.0392419 34.7741
0.0409732 155.456
0.0427809 117.284
0.0446684 116.868
0.0466391 74.2988
0.0486968 304.222
0.0508452 468.307
0.0530884 0
0.0554307 314.209
0.0578762 176.778
0.0604296 96.0662
0.0630957 118.926
0.0658795 152.26
0.068786 0
0.0718208 93.5114
0.0749894 190.799
0.0782979 347.057
0.0817523 168.457
0.0853591 211.384
0.0891251 103.003
0.0930572 327.105
0.0971628 421.236
0.10145 280.122
0.105925 438.479
0.110599 451.997
0.115478 93.6707
0.120573 339.211
0.125893 824.803
0.131447 457.747
0.137246 72.054
0.143301 175.025
0.149624 340.782
0.156225 336.067
0.163117 480.658
0.170314 469.086
0.177828 417.946
0.185674 892.968
0.193865 184.352
0.202418 325.359
0.211349 510.499
0.220673 463.19
0.230409 244.598
0.240575 328.294
0.251189 832.635
0.262271 1057.34
0.273842 636.787
0.285924 671.221
0.298538 362.549
0.311709 573.31
0.325462 793.136
0.339821 568.316
0.354813 598.515
0.370467 795.142
0.386812 563.186
0.403878 909.2
0.421697 154.1
0.440301 666.102
0.459727 496.017
0.48001 639.745
0.501187 245.584
0.523299 404.582
0.546387 370.709
0.570493 710.37
0.595662 353.849
0.621942 972.34
0.649382 321.276
0.678032 247.982
0.707946 145.79
0.73918 441.811
0.771792 437.702
0.805842 616.052
0.841395 391.276
0.878517 352.682
0.917276 271.73
0.957745 468.57
1 180.598
1.04412 256.857
1.09018 152.434
1.13828 864.221
1.1885 173.695
1.24094 332.665
1.29569 164.219
1.35285 219.55
1.41254 468.885
1.47486 77.358
1.53993 103.042
1.60787 92.3114
1.6788 0
1.75287 302.908
1.83021 172.692
1.91095 0
1.99526 291.901
2.08329 53.7954
2.1752 0
2.27117 342.629
2.37137 157.076
2.476 159.623
2.58523 0
2.69929 206.205
2.81838 209.663
2.94273 0
3.07256 61.5138
3.20812 0
3.34965 215.992
3.49744 412.497
3.65174 110.64
3.81285 0
3.98107 0
4.15671 126.305
4.3401 0
4.53158 85.2806
4.73151 23.5936
4.94026 0
5.15822 0
5.3858 225.473
5.62341 87.9959
5.87151 0
6.13056 0
6.40103 243.692
6.68344 112.268
6.97831 208.414
7.28618 137.015
7.60764 25.8944
7.94328 70.9488
8.29373 111.77
8.65964 77.6942
9.0417 0
9.44061 0
9.85712 64.3998
10.292 0
10.7461 0
11.2202 42.7805
11.7152 0
12.2321 14.3205
12.7717 183.548
13.3352 0
13.9236 151.02
14.5378 0
15.1792 0
15.8489 0
16.5482 0
17.2783 93.0973
18.0406 117.809
18.8365 179.388
19.6675 117.267
20.5353 143.705
21.4412 98.1281
22.3872 0
23.3749 81.7237
24.4062 120.525
25.483 280.542
26.6073 0
27.7811 59.2842
29.0068 46.5013
30.2866 253.179
31.6228 90.3481
33.0179 71.4361
34.4747 0
35.9956 99.1063
37.5837 58.2535
39.2419 247.084
40.9732 0
42.7809 146.683
44.6684 0
46.6391 0
48.6968 134.403
50.8452 67.2517
53.0884 238.082
55.4307 169.468
57.8762 282.819
60.4296 54.2838
63.0957 179.401
65.8795 140.97
68.786 183.363
71.8208 367.977
74.9894 111.818
78.2979 157.864
81.7523 154.121
85.3591 314.379
89.1251 102.889
93.0572 550.143
97.1628 50.5193
101.45 0
105.925 195.81
110.599 102.22
115.478 118.163
120.573 553.821
125.893 363.792
131.447 236.275
137.246 51.2374
143.301 140.862
149.624 382.411
156.225 169.136
163.117 375.823
170.314 559.545
177.828 397.421
185.674 395.535
193.865 333.006
202.418 552.778
211.349 433.887
220.673 880.325
230.409 787.451
240.575 734.706
251.189 716.233
262.271 605.689
273.842 472.613
285.924 970.918
298.538 965.56
311.709 636.154
325.462 776.364
339.821 373.267
354.813 275.25
370.467 379.355
386.812 0
403.878 0
421.697 91.2652
440.301 0
459.727 105.382
480.01 0
501.187 35.5225
523.299 0
546.387 0
570.493 0
595.662 0
621.942 21.6629
649.382 0
678.032 0
707.946 0
739.18 0
771.792 0
805.842 0
841.395 0
878.517 0
917.276 0
957.745 0
1000 0
