# First line is two numbers 
#     First value is '2', it means 'histogram mode'
#     Second value is 'Emin' of the histogram
# Other lines : 2 columns. 1) energy 2) probability (nb divided by NbEvent)
# Number of bins = 480
# Content below the first bin: 0
# Content above the last  bin: 0
# Content above the last  bin: 0
# Number of events: 209000
2 1e-06
1.04412e-06 0
1.09018e-06 0
1.13828e-06 0
1.1885e-06 0
1.24094e-06 0
1.29569e-06 0
1.35285e-06 0
1.41254e-06 0
1.47486e-06 0
1.53993e-06 0
1.60787e-06 0
1.6788e-06 0
1.75287e-06 0
1.83021e-06 0
1.91095e-06 0
1.99526e-06 0
2.08329e-06 0
2.1752e-06 0
2.27117e-06 0
2.37137e-06 0
2.476e-06 0
2.58523e-06 0
2.69929e-06 0
2.81838e-06 0
2.94273e-06 0
3.07256e-06 0
3.20812e-06 0
3.34965e-06 0
3.49744e-06 0
3.65174e-06 0
3.81285e-06 0
3.98107e-06 0
4.15671e-06 0
4.3401e-06 0
4.53158e-06 0
4.73151e-06 0
4.94026e-06 0
5.15822e-06 0
5.3858e-06 0
5.62341e-06 0
5.87151e-06 0
6.13056e-06 0
6.40103e-06 0
6.68344e-06 0
6.97831e-06 0
7.28618e-06 0
7.60764e-06 0
7.94328e-06 0
8.29373e-06 0
8.65964e-06 0
9.0417e-06 0
9.44061e-06 0
9.85712e-06 0
1.0292e-05 0
1.07461e-05 0
1.12202e-05 0
1.17152e-05 0
1.22321e-05 0
1.27717e-05 0
1.33352e-05 0
1.39236e-05 0
1.45378e-05 0
1.51792e-05 0
1.58489e-05 0
1.65482e-05 0
1.72783e-05 0
1.80406e-05 0
1.88365e-05 0
1.96675e-05 0
2.05353e-05 0
2.14412e-05 0
2.23872e-05 0
2.33749e-05 0
2.44062e-05 0
2.5483e-05 0
2.66073e-05 0
2.77811e-05 0
2.90068e-05 0
3.02866e-05 0
3.16228e-05 0
3.30179e-05 0
3.44747e-05 0
3.59956e-05 0
3.75837e-05 0
3.92419e-05 0
4.09732e-05 0
4.27809e-05 0
4.46684e-05 0
4.66391e-05 0
4.86968e-05 0
5.08452e-05 0
5.30884e-05 0
5.54307e-05 0
5.78762e-05 0
6.04296e-05 0
6.30957e-05 0
6.58795e-05 0
6.8786e-05 0
7.18208e-05 0
7.49894e-05 0
7.82979e-05 0
8.17523e-05 0
8.53591e-05 0
8.91251e-05 0
9.30572e-05 0
9.71628e-05 0
0.00010145 0
0.000105925 0
0.000110599 0
0.000115478 0
0.000120573 0
0.000125893 0
0.000131447 0
0.000137246 0
0.000143301 0
0.000149624 0
0.000156225 0
0.000163117 0
0.000170314 0
0.000177828 0
0.000185674 0
0.000193865 0
0.000202418 0
0.000211349 0
0.000220673 0
0.000230409 0
0.000240575 0
0.000251189 0
0.000262271 0
0.000273842 0
0.000285924 0
0.000298538 0
0.000311709 0
0.000325462 0
0.000339821 0
0.000354813 0
0.000370467 0
0.000386812 0
0.000403878 0
0.000421697 0
0.000440301 0
0.000459727 0
0.00048001 0
0.000501187 0
0.000523299 0
0.000546387 0
0.000570493 0
0.000595662 0
0.000621942 0
0.000649382 0
0.000678032 0
0.000707946 0
0.00073918 0
0.000771792 0
0.000805842 0
0.000841395 0
0.000878517 0
0.000917276 0
0.000957745 0
0.001 0
0.00104412 0
0.00109018 0
0.00113828 0
0.0011885 0
0.00124094 0
0.00129569 0
0.00135285 0
0.00141254 0
0.00147486 0
0.00153993 0
0.00160787 0
0.0016788 0
0.00175287 0
0.00183021 0
0.00191095 0
0.00199526 0
0.00208329 0
0.0021752 0
0.00227117 0
0.00237137 0
0.002476 0
0.00258523 0
0.00269929 0
0.00281838 0
0.00294273 0
0.00307256 80.5231
0.00320812 0
0.00334965 0
0.00349744 0
0.00365174 0
0.00381285 0
0.00398107 0
0.00415671 0
0.0043401 0
0.00453158 0
0.00473151 0
0.00494026 0
0.00515822 0
0.0053858 0
0.00562341 0
0.00587151 0
0.00613056 0
0.00640103 0
0.00668344 0
0.00697831 0
0.00728618 0
0.00760764 0
0.00794328 0
0.00829373 0
0.00865964 0
0.0090417 0
0.00944061 0
0.00985712 0
0.010292 0
0.0107461 0
0.0112202 0
0.0117152 0
0.0122321 0
0.0127717 117.846
0.0133352 0
0.0139236 0
0.0145378 108.378
0.0151792 0
0.0158489 0
0.0165482 0
0.0172783 42.0474
0.0180406 0
0.0188365 0
0.0196675 0
0.0205353 0
0.0214412 0
0.0223872 0
0.0233749 78.6349
0.0244062 0
0.025483 0
0.0266073 0
0.0277811 330.123
0.0290068 117.22
0.0302866 0
0.0316228 68.7335
0.0330179 106.702
0.0344747 0
0.0359956 91.4984
0.0375837 0
0.0392419 0
0.0409732 166.922
0.0427809 187.409
0.0446684 81.9383
0.0466391 373.837
0.0486968 202.12
0.0508452 60.268
0.0530884 103.911
0.0554307 264.667
0.0578762 64.9213
0.0604296 120.102
0.0630957 269.496
0.0658795 304.046
0.068786 152.775
0.0718208 73.8296
0.0749894 205.3
0.0782979 264.005
0.0817523 287.519
0.0853591 261.302
0.0891251 190.606
0.0930572 456.263
0.0971628 177.051
0.10145 102.593
0.105925 324.369
0.110599 308.334
0.115478 438.971
0.120573 269.997
0.125893 194.145
0.131447 595.164
0.137246 0
0.143301 324.129
0.149624 294.563
0.156225 456.48
0.163117 107.812
0.170314 358.328
0.177828 536.015
0.185674 163.275
0.193865 292.33
0.202418 688.254
0.211349 567.737
0.220673 589.171
0.230409 692.591
0.240575 868.114
0.251189 488.138
0.262271 388.179
0.273842 127.246
0.285924 679.594
0.298538 547.075
0.311709 454.045
0.325462 867.864
0.339821 585.416
0.354813 438.386
0.370467 571.122
0.386812 132.382
0.403878 229.436
0.421697 726.989
0.440301 391.471
0.459727 598.825
0.48001 270.573
0.501187 661.8
0.523299 221.015
0.546387 312.447
0.570493 448.885
0.595662 658.434
0.621942 540.303
0.649382 432.74
0.678032 874.025
0.707946 767.351
0.73918 369.658
0.771792 430.728
0.805842 479.481
0.841395 334.403
0.878517 303.111
0.917276 233.269
0.957745 377.415
1 576.143
1.04412 221.322
1.09018 327.007
1.13828 225.844
1.1885 364.095
1.24094 83.7012
1.29569 365.38
1.35285 254.475
1.41254 155.257
1.47486 234.039
1.53993 312.369
1.60787 162.847
1.6788 148.27
1.75287 270.298
1.83021 95.1765
1.91095 212.972
1.99526 0
2.08329 63.5469
2.1752 102.404
2.27117 0
2.37137 82.894
2.476 153.023
2.58523 0
2.69929 315.072
2.81838 0
2.94273 333.77
3.07256 142.47
3.20812 68.5479
3.34965 232.567
3.49744 195.647
3.65174 105.808
3.81285 16.8366
3.98107 99.8023
4.15671 0
4.3401 376.592
4.53158 171.491
4.73151 94.0521
4.94026 87.777
5.15822 142.965
5.3858 221.657
5.62341 106.45
5.87151 0
6.13056 0
6.40103 157.939
6.68344 76.4045
6.97831 219.976
7.28618 125.95
7.60764 69.8656
7.94328 89.8655
8.29373 0
8.65964 96.2658
9.0417 0
9.44061 403.086
9.85712 66.6861
10.292 0
10.7461 0
11.2202 245.598
11.7152 211.935
12.2321 0
12.7717 61.9669
13.3352 72.0056
13.9236 0
14.5378 103.488
15.1792 0
15.8489 174.865
16.5482 9.55361
17.2783 69.5544
18.0406 0
18.8365 0
19.6675 112.341
20.5353 0
21.4412 88.1078
22.3872 117.863
23.3749 181.651
24.4062 0
25.483 141.67
26.6073 41.6344
27.7811 0
29.0068 0
30.2866 0
31.6228 36.5429
33.0179 0
34.4747 89.5436
35.9956 274.087
37.5837 173.136
39.2419 80.4985
40.9732 109.52
42.7809 148.646
44.6684 60.3727
46.6391 91.4852
48.6968 118.081
50.8452 118.555
53.0884 0
55.4307 204.212
57.8762 208.507
60.4296 26.4391
63.0957 442.984
65.8795 108.695
68.786 188.097
71.8208 152.285
74.9894 59.8662
78.2979 177.508
81.7523 448.094
85.3591 0
89.1251 147.263
93.0572 266.114
97.1628 209.115
101.45 228.285
105.925 136.686
110.599 221.471
115.478 124.949
120.573 275.823
125.893 551.904
131.447 503.563
137.246 194.571
143.301 199.404
149.624 112.294
156.225 270.066
163.117 165.544
170.314 196.696
177.828 627.624
185.674 739.317
193.865 282.703
202.418 925.558
211.349 225.614
220.673 787.497
230.409 363.351
240.575 809.296
251.189 557.243
262.271 766.145
273.842 923.39
285.924 561.153
298.538 719.11
311.709 632.17
325.462 293.418
339.821 679.629
354.813 0
370.467 117.715
386.812 0
403.878 125.144
421.697 80.0154
440.301 77.6065
459.727 328.1
480.01 0
501.187 92.407
523.299 22.5704
546.387 0
570.493 0
595.662 0
621.942 0
649.382 101.227
678.032 0
707.946 0
739.18 0
771.792 0
805.842 0
841.395 0
878.517 0
917.276 0
957.745 0
1000 0
