# First line is two numbers 
#     First value is '2', it means 'histogram mode'
#     Second value is 'Emin' of the histogram
# Other lines : 2 columns. 1) energy 2) probability (nb divided by NbEvent)
# Number of bins = 480
# Content below the first bin: 0
# Content above the last  bin: 0
# Content above the last  bin: 0
# Number of events: 209000
2 1e-06
1.04412e-06 0
1.09018e-06 0
1.13828e-06 0
1.1885e-06 0
1.24094e-06 0
1.29569e-06 0
1.35285e-06 0
1.41254e-06 0
1.47486e-06 0
1.53993e-06 0
1.60787e-06 0
1.6788e-06 0
1.75287e-06 0
1.83021e-06 0
1.91095e-06 0
1.99526e-06 0
2.08329e-06 0
2.1752e-06 0
2.27117e-06 0
2.37137e-06 0
2.476e-06 0
2.58523e-06 0
2.69929e-06 0
2.81838e-06 0
2.94273e-06 0
3.07256e-06 0
3.20812e-06 0
3.34965e-06 0
3.49744e-06 0
3.65174e-06 0
3.81285e-06 0
3.98107e-06 0
4.15671e-06 0
4.3401e-06 0
4.53158e-06 0
4.73151e-06 0
4.94026e-06 0
5.15822e-06 0
5.3858e-06 0
5.62341e-06 0
5.87151e-06 0
6.13056e-06 0
6.40103e-06 0
6.68344e-06 0
6.97831e-06 0
7.28618e-06 0
7.60764e-06 0
7.94328e-06 0
8.29373e-06 0
8.65964e-06 0
9.0417e-06 0
9.44061e-06 0
9.85712e-06 0
1.0292e-05 0
1.07461e-05 0
1.12202e-05 0
1.17152e-05 0
1.22321e-05 0
1.27717e-05 0
1.33352e-05 0
1.39236e-05 0
1.45378e-05 0
1.51792e-05 0
1.58489e-05 0
1.65482e-05 0
1.72783e-05 0
1.80406e-05 0
1.88365e-05 0
1.96675e-05 0
2.05353e-05 0
2.14412e-05 0
2.23872e-05 0
2.33749e-05 0
2.44062e-05 0
2.5483e-05 0
2.66073e-05 0
2.77811e-05 0
2.90068e-05 0
3.02866e-05 0
3.16228e-05 0
3.30179e-05 0
3.44747e-05 0
3.59956e-05 0
3.75837e-05 0
3.92419e-05 0
4.09732e-05 0
4.27809e-05 0
4.46684e-05 0
4.66391e-05 0
4.86968e-05 0
5.08452e-05 0
5.30884e-05 0
5.54307e-05 0
5.78762e-05 0
6.04296e-05 0
6.30957e-05 0
6.58795e-05 0
6.8786e-05 0
7.18208e-05 0
7.49894e-05 0
7.82979e-05 0
8.17523e-05 0
8.53591e-05 0
8.91251e-05 0
9.30572e-05 0
9.71628e-05 0
0.00010145 0
0.000105925 0
0.000110599 0
0.000115478 0
0.000120573 0
0.000125893 0
0.000131447 0
0.000137246 0
0.000143301 0
0.000149624 0
0.000156225 0
0.000163117 0
0.000170314 0
0.000177828 0
0.000185674 0
0.000193865 0
0.000202418 0
0.000211349 0
0.000220673 0
0.000230409 0
0.000240575 0
0.000251189 0
0.000262271 0
0.000273842 0
0.000285924 0
0.000298538 0
0.000311709 0
0.000325462 0
0.000339821 0
0.000354813 0
0.000370467 0
0.000386812 0
0.000403878 0
0.000421697 0
0.000440301 0
0.000459727 0
0.00048001 0
0.000501187 0
0.000523299 0
0.000546387 0
0.000570493 0
0.000595662 0
0.000621942 0
0.000649382 0
0.000678032 0
0.000707946 0
0.00073918 0
0.000771792 0
0.000805842 0
0.000841395 0
0.000878517 0
0.000917276 0
0.000957745 0
0.001 0
0.00104412 0
0.00109018 0
0.00113828 0
0.0011885 0
0.00124094 0
0.00129569 0
0.00135285 0
0.00141254 0
0.00147486 0
0.00153993 0
0.00160787 0
0.0016788 0
0.00175287 0
0.00183021 0
0.00191095 0
0.00199526 0
0.00208329 0
0.0021752 0
0.00227117 0
0.00237137 0
0.002476 0
0.00258523 0
0.00269929 0
0.00281838 100.889
0.00294273 0
0.00307256 0
0.00320812 0
0.00334965 0
0.00349744 0
0.00365174 0
0.00381285 0
0.00398107 0
0.00415671 0
0.0043401 0
0.00453158 0
0.00473151 0
0.00494026 0
0.00515822 0
0.0053858 0
0.00562341 0
0.00587151 95.2742
0.00613056 0
0.00640103 0
0.00668344 0
0.00697831 0
0.00728618 0
0.00760764 0
0.00794328 0
0.00829373 0
0.00865964 0
0.0090417 0
0.00944061 0
0.00985712 0
0.010292 0
0.0107461 0
0.0112202 0
0.0117152 0
0.0122321 0
0.0127717 0
0.0133352 208.835
0.0139236 0
0.0145378 0
0.0151792 0
0.0158489 0
0.0165482 0
0.0172783 80.7158
0.0180406 139.754
0.0188365 101.977
0.0196675 0
0.0205353 0
0.0214412 0
0.0223872 147.455
0.0233749 0
0.0244062 0
0.025483 113.304
0.0266073 0
0.0277811 82.3652
0.0290068 92.6098
0.0302866 0
0.0316228 0
0.0330179 0
0.0344747 187.877
0.0359956 140.57
0.0375837 0
0.0392419 159.691
0.0409732 133.109
0.0427809 40.8513
0.0446684 115.442
0.0466391 94.4998
0.0486968 228.127
0.0508452 200.734
0.0530884 151.69
0.0554307 0
0.0578762 175.534
0.0604296 80.1167
0.0630957 85.1858
0.0658795 244.45
0.068786 0
0.0718208 245.97
0.0749894 399.1
0.0782979 355.933
0.0817523 102.845
0.0853591 183.343
0.0891251 277.923
0.0930572 270.548
0.0971628 352.331
0.10145 143.04
0.105925 324.212
0.110599 64.4401
0.115478 276.085
0.120573 648.692
0.125893 454.965
0.131447 307.715
0.137246 170.098
0.143301 264.933
0.149624 509.279
0.156225 856.133
0.163117 439.427
0.170314 538.622
0.177828 526.037
0.185674 232.63
0.193865 411.691
0.202418 175.445
0.211349 296.274
0.220673 421.875
0.230409 662.831
0.240575 712.376
0.251189 683.494
0.262271 402.245
0.273842 563.722
0.285924 507.654
0.298538 383.711
0.311709 833.17
0.325462 234.225
0.339821 597.093
0.354813 526.027
0.370467 555.933
0.386812 694.108
0.403878 412.131
0.421697 655.992
0.440301 514.732
0.459727 749.839
0.48001 125.056
0.501187 486.162
0.523299 716.455
0.546387 363.388
0.570493 571.998
0.595662 272.016
0.621942 374.214
0.649382 515.602
0.678032 735.563
0.707946 200.33
0.73918 591.249
0.771792 201.705
0.805842 758.811
0.841395 536.274
0.878517 377.249
0.917276 734.359
0.957745 250.063
1 220.632
1.04412 677.808
1.09018 0
1.13828 274.451
1.1885 191.285
1.24094 355.795
1.29569 365.314
1.35285 168.558
1.41254 109.053
1.47486 295.089
1.53993 243.915
1.60787 432.761
1.6788 0
1.75287 37.7405
1.83021 161.387
1.91095 0
1.99526 292.031
2.08329 60.8656
2.1752 109.114
2.27117 169.336
2.37137 0
2.476 318.604
2.58523 76.8631
2.69929 0
2.81838 0
2.94273 177.234
3.07256 0
3.20812 74.7411
3.34965 69.2754
3.49744 112.257
3.65174 112.895
3.81285 288.918
3.98107 82.3337
4.15671 111.32
4.3401 188.266
4.53158 0
4.73151 0
4.94026 86.8542
5.15822 59.2004
5.3858 97.4581
5.62341 112.185
5.87151 0
6.13056 74.2935
6.40103 75.0475
6.68344 106.991
6.97831 0
7.28618 73.8321
7.60764 0
7.94328 111.031
8.29373 106.552
8.65964 0
9.0417 64.9314
9.44061 0
9.85712 146.596
10.292 0
10.7461 0
11.2202 150.765
11.7152 99.317
12.2321 53.6207
12.7717 0
13.3352 110.642
13.9236 53.0686
14.5378 0
15.1792 85.4827
15.8489 0
16.5482 127.621
17.2783 104.922
18.0406 53.8818
18.8365 139.179
19.6675 0
20.5353 93.4098
21.4412 42.4888
22.3872 0
23.3749 150.406
24.4062 167.481
25.483 90.0278
26.6073 0
27.7811 79.5607
29.0068 11.1327
30.2866 74.5595
31.6228 82.1762
33.0179 0
34.4747 191.847
35.9956 371.791
37.5837 265.924
39.2419 65.3865
40.9732 0
42.7809 182.123
44.6684 75.8981
46.6391 158.002
48.6968 296.621
50.8452 89.9413
53.0884 169.6
55.4307 151.339
57.8762 0
60.4296 178.603
63.0957 0
65.8795 256.77
68.786 0
71.8208 232.601
74.9894 221.135
78.2979 150.047
81.7523 52.3982
85.3591 309.455
89.1251 0
93.0572 262.366
97.1628 91.2754
101.45 283.344
105.925 214.321
110.599 116.532
115.478 149.047
120.573 83.7677
125.893 264.057
131.447 152.481
137.246 178.125
143.301 142.766
149.624 425.888
156.225 646.791
163.117 549.264
170.314 321.362
177.828 538.308
185.674 339.744
193.865 629.139
202.418 562.833
211.349 320.801
220.673 574.179
230.409 271.59
240.575 856.023
251.189 590.956
262.271 702.899
273.842 720.199
285.924 532.641
298.538 616.096
311.709 274.549
325.462 731.998
339.821 436.426
354.813 406.763
370.467 180.224
386.812 100.292
403.878 103.797
421.697 264.674
440.301 0
459.727 54.2724
480.01 0
501.187 0
523.299 0
546.387 0
570.493 0
595.662 0
621.942 0
649.382 0
678.032 0
707.946 0
739.18 0
771.792 0
805.842 0
841.395 0
878.517 0
917.276 0
957.745 0
1000 0
