# First line is two numbers 
#     First value is '2', it means 'histogram mode'
#     Second value is 'Emin' of the histogram
# Other lines : 2 columns. 1) energy 2) probability (nb divided by NbEvent)
# Number of bins = 480
# Content below the first bin: 0
# Content above the last  bin: 0
# Content above the last  bin: 0
# Number of events: 209000
2 1e-06
1.04412e-06 0
1.09018e-06 0
1.13828e-06 0
1.1885e-06 0
1.24094e-06 0
1.29569e-06 0
1.35285e-06 0
1.41254e-06 0
1.47486e-06 0
1.53993e-06 0
1.60787e-06 0
1.6788e-06 0
1.75287e-06 0
1.83021e-06 0
1.91095e-06 0
1.99526e-06 0
2.08329e-06 0
2.1752e-06 0
2.27117e-06 0
2.37137e-06 0
2.476e-06 0
2.58523e-06 0
2.69929e-06 0
2.81838e-06 0
2.94273e-06 0
3.07256e-06 0
3.20812e-06 0
3.34965e-06 0
3.49744e-06 0
3.65174e-06 0
3.81285e-06 0
3.98107e-06 0
4.15671e-06 0
4.3401e-06 0
4.53158e-06 0
4.73151e-06 0
4.94026e-06 0
5.15822e-06 0
5.3858e-06 0
5.62341e-06 0
5.87151e-06 0
6.13056e-06 0
6.40103e-06 0
6.68344e-06 0
6.97831e-06 0
7.28618e-06 0
7.60764e-06 0
7.94328e-06 0
8.29373e-06 0
8.65964e-06 0
9.0417e-06 0
9.44061e-06 0
9.85712e-06 0
1.0292e-05 0
1.07461e-05 0
1.12202e-05 0
1.17152e-05 0
1.22321e-05 0
1.27717e-05 0
1.33352e-05 0
1.39236e-05 0
1.45378e-05 0
1.51792e-05 0
1.58489e-05 0
1.65482e-05 0
1.72783e-05 0
1.80406e-05 0
1.88365e-05 0
1.96675e-05 0
2.05353e-05 0
2.14412e-05 0
2.23872e-05 0
2.33749e-05 0
2.44062e-05 0
2.5483e-05 0
2.66073e-05 0
2.77811e-05 0
2.90068e-05 0
3.02866e-05 0
3.16228e-05 0
3.30179e-05 0
3.44747e-05 0
3.59956e-05 0
3.75837e-05 0
3.92419e-05 0
4.09732e-05 0
4.27809e-05 0
4.46684e-05 0
4.66391e-05 0
4.86968e-05 0
5.08452e-05 0
5.30884e-05 0
5.54307e-05 0
5.78762e-05 0
6.04296e-05 0
6.30957e-05 0
6.58795e-05 0
6.8786e-05 0
7.18208e-05 0
7.49894e-05 0
7.82979e-05 0
8.17523e-05 0
8.53591e-05 0
8.91251e-05 0
9.30572e-05 0
9.71628e-05 0
0.00010145 0
0.000105925 0
0.000110599 0
0.000115478 0
0.000120573 0
0.000125893 0
0.000131447 0
0.000137246 0
0.000143301 0
0.000149624 0
0.000156225 0
0.000163117 0
0.000170314 0
0.000177828 0
0.000185674 0
0.000193865 0
0.000202418 0
0.000211349 0
0.000220673 0
0.000230409 0
0.000240575 0
0.000251189 0
0.000262271 0
0.000273842 0
0.000285924 0
0.000298538 0
0.000311709 0
0.000325462 0
0.000339821 0
0.000354813 0
0.000370467 0
0.000386812 0
0.000403878 0
0.000421697 0
0.000440301 0
0.000459727 0
0.00048001 0
0.000501187 0
0.000523299 0
0.000546387 0
0.000570493 0
0.000595662 0
0.000621942 0
0.000649382 0
0.000678032 0
0.000707946 0
0.00073918 0
0.000771792 0
0.000805842 0
0.000841395 0
0.000878517 0
0.000917276 0
0.000957745 0
0.001 0
0.00104412 0
0.00109018 0
0.00113828 0
0.0011885 0
0.00124094 0
0.00129569 0
0.00135285 0
0.00141254 0
0.00147486 0
0.00153993 0
0.00160787 0
0.0016788 0
0.00175287 0
0.00183021 0
0.00191095 0
0.00199526 0
0.00208329 0
0.0021752 0
0.00227117 0
0.00237137 0
0.002476 0
0.00258523 0
0.00269929 0
0.00281838 0
0.00294273 0
0.00307256 0
0.00320812 0
0.00334965 0
0.00349744 0
0.00365174 0
0.00381285 0
0.00398107 0
0.00415671 0
0.0043401 0
0.00453158 0
0.00473151 0
0.00494026 0
0.00515822 0
0.0053858 0
0.00562341 0
0.00587151 0
0.00613056 0
0.00640103 0
0.00668344 0
0.00697831 52.9493
0.00728618 0
0.00760764 0
0.00794328 0
0.00829373 0
0.00865964 0
0.0090417 0
0.00944061 97.7183
0.00985712 109.001
0.010292 0
0.0107461 0
0.0112202 157.593
0.0117152 0
0.0122321 0
0.0127717 63.8458
0.0133352 86.7891
0.0139236 0
0.0145378 0
0.0151792 24.844
0.0158489 180.523
0.0165482 117.914
0.0172783 46.4042
0.0180406 0
0.0188365 189.386
0.0196675 101.074
0.0205353 116.513
0.0214412 0
0.0223872 0
0.0233749 54.2949
0.0244062 0
0.025483 59.5689
0.0266073 118.058
0.0277811 0
0.0290068 88.4076
0.0302866 86.951
0.0316228 95.0981
0.0330179 250.98
0.0344747 273.014
0.0359956 216.983
0.0375837 176.179
0.0392419 392.564
0.0409732 327.289
0.0427809 153.777
0.0446684 227.492
0.0466391 0
0.0486968 139.48
0.0508452 222.02
0.0530884 464.938
0.0554307 67.8538
0.0578762 254.612
0.0604296 266.226
0.0630957 326.532
0.0658795 393.066
0.068786 488.519
0.0718208 220.281
0.0749894 533.273
0.0782979 500.798
0.0817523 599.591
0.0853591 387.828
0.0891251 996.696
0.0930572 491.485
0.0971628 569.901
0.10145 464.05
0.105925 735.758
0.110599 554.892
0.115478 852.364
0.120573 660.045
0.125893 661.855
0.131447 400.892
0.137246 472.819
0.143301 469.366
0.149624 399.214
0.156225 731.315
0.163117 793.227
0.170314 740.528
0.177828 662.368
0.185674 430.392
0.193865 452.31
0.202418 472.655
0.211349 1198.67
0.220673 933.132
0.230409 450.406
0.240575 755.243
0.251189 1114.09
0.262271 1331.27
0.273842 680.597
0.285924 1009.85
0.298538 800.551
0.311709 1042.84
0.325462 1253.34
0.339821 736.103
0.354813 936.179
0.370467 318.594
0.386812 683.871
0.403878 861.549
0.421697 778.38
0.440301 773.979
0.459727 1268.42
0.48001 541.193
0.501187 997.69
0.523299 599.171
0.546387 672.73
0.570493 585.176
0.595662 636.004
0.621942 823.915
0.649382 1133.51
0.678032 676.535
0.707946 490.72
0.73918 317.768
0.771792 949.888
0.805842 899.895
0.841395 499.66
0.878517 550.23
0.917276 942.794
0.957745 544.406
1 878.125
1.04412 773.245
1.09018 734.262
1.13828 285.096
1.1885 492.624
1.24094 302.319
1.29569 260.521
1.35285 104.041
1.41254 324.695
1.47486 478.719
1.53993 0
1.60787 216.684
1.6788 391.877
1.75287 480.531
1.83021 135.053
1.91095 299.425
1.99526 179.587
2.08329 228.954
2.1752 135.023
2.27117 380.469
2.37137 263.505
2.476 285.49
2.58523 243.597
2.69929 494.868
2.81838 273.745
2.94273 0
3.07256 177.429
3.20812 51.7614
3.34965 559.005
3.49744 296.492
3.65174 73.4363
3.81285 288.403
3.98107 0
4.15671 59.7724
4.3401 261.297
4.53158 157.319
4.73151 44.8925
4.94026 118.781
5.15822 0
5.3858 118.488
5.62341 115.583
5.87151 251.5
6.13056 86.0505
6.40103 0
6.68344 52.5786
6.97831 151.573
7.28618 305.666
7.60764 121.695
7.94328 127.223
8.29373 88.7154
8.65964 40.1466
9.0417 141.835
9.44061 189.163
9.85712 74.3074
10.292 63.7468
10.7461 246.66
11.2202 47.7042
11.7152 0
12.2321 0
12.7717 189.089
13.3352 89.3524
13.9236 69.8207
14.5378 74.4539
15.1792 97.6664
15.8489 136.808
16.5482 65.4744
17.2783 100.368
18.0406 0
18.8365 35.4304
19.6675 113.236
20.5353 125.046
21.4412 212.025
22.3872 128.232
23.3749 89.9234
24.4062 110.262
25.483 11.4438
26.6073 339.028
27.7811 221.54
29.0068 210.368
30.2866 111.491
31.6228 0
33.0179 140.546
34.4747 245.654
35.9956 191.177
37.5837 113.924
39.2419 0
40.9732 263.666
42.7809 49.9591
44.6684 91.487
46.6391 287.611
48.6968 0
50.8452 114.238
53.0884 114.564
55.4307 124.747
57.8762 239.24
60.4296 26.7575
63.0957 239.176
65.8795 474.919
68.786 344.443
71.8208 176.78
74.9894 409.839
78.2979 259.315
81.7523 74.9065
85.3591 278.341
89.1251 212.497
93.0572 302.148
97.1628 479.16
101.45 324.559
105.925 503.374
110.599 609.174
115.478 289.02
120.573 367.242
125.893 435.457
131.447 654.869
137.246 560.945
143.301 1074.86
149.624 572.052
156.225 1153.29
163.117 685.771
170.314 558.364
177.828 926.168
185.674 618.332
193.865 404.156
202.418 250.382
211.349 136.365
220.673 103.952
230.409 297.341
240.575 407.992
251.189 89.5457
262.271 175.673
273.842 88.9709
285.924 0
298.538 115.542
311.709 96.4605
325.462 89.9922
339.821 0
354.813 0
370.467 0
386.812 0
403.878 0
421.697 0
440.301 0
459.727 0
480.01 95.8716
501.187 0
523.299 0
546.387 0
570.493 0
595.662 0
621.942 0
649.382 0
678.032 0
707.946 0
739.18 0
771.792 0
805.842 0
841.395 0
878.517 0
917.276 0
957.745 0
1000 0
