# First line is two numbers 
#     First value is '2', it means 'histogram mode'
#     Second value is 'Emin' of the histogram
# Other lines : 2 columns. 1) energy 2) probability (nb divided by NbEvent)
# Number of bins = 480
# Content below the first bin: 0
# Content above the last  bin: 0
# Content above the last  bin: 0
# Number of events: 209000
2 1e-06
1.04412e-06 0
1.09018e-06 0
1.13828e-06 0
1.1885e-06 0
1.24094e-06 0
1.29569e-06 0
1.35285e-06 0
1.41254e-06 0
1.47486e-06 0
1.53993e-06 0
1.60787e-06 0
1.6788e-06 0
1.75287e-06 0
1.83021e-06 0
1.91095e-06 0
1.99526e-06 0
2.08329e-06 0
2.1752e-06 0
2.27117e-06 0
2.37137e-06 0
2.476e-06 0
2.58523e-06 0
2.69929e-06 0
2.81838e-06 0
2.94273e-06 0
3.07256e-06 0
3.20812e-06 0
3.34965e-06 0
3.49744e-06 0
3.65174e-06 0
3.81285e-06 0
3.98107e-06 0
4.15671e-06 0
4.3401e-06 0
4.53158e-06 0
4.73151e-06 0
4.94026e-06 0
5.15822e-06 0
5.3858e-06 0
5.62341e-06 0
5.87151e-06 0
6.13056e-06 0
6.40103e-06 0
6.68344e-06 0
6.97831e-06 0
7.28618e-06 0
7.60764e-06 0
7.94328e-06 0
8.29373e-06 0
8.65964e-06 0
9.0417e-06 0
9.44061e-06 0
9.85712e-06 0
1.0292e-05 0
1.07461e-05 0
1.12202e-05 0
1.17152e-05 0
1.22321e-05 0
1.27717e-05 0
1.33352e-05 0
1.39236e-05 0
1.45378e-05 0
1.51792e-05 0
1.58489e-05 0
1.65482e-05 0
1.72783e-05 0
1.80406e-05 0
1.88365e-05 0
1.96675e-05 0
2.05353e-05 0
2.14412e-05 0
2.23872e-05 0
2.33749e-05 0
2.44062e-05 0
2.5483e-05 0
2.66073e-05 0
2.77811e-05 0
2.90068e-05 0
3.02866e-05 0
3.16228e-05 0
3.30179e-05 0
3.44747e-05 0
3.59956e-05 0
3.75837e-05 0
3.92419e-05 0
4.09732e-05 0
4.27809e-05 0
4.46684e-05 0
4.66391e-05 0
4.86968e-05 0
5.08452e-05 0
5.30884e-05 0
5.54307e-05 0
5.78762e-05 0
6.04296e-05 0
6.30957e-05 0
6.58795e-05 0
6.8786e-05 0
7.18208e-05 0
7.49894e-05 0
7.82979e-05 0
8.17523e-05 0
8.53591e-05 0
8.91251e-05 0
9.30572e-05 0
9.71628e-05 0
0.00010145 0
0.000105925 0
0.000110599 0
0.000115478 0
0.000120573 0
0.000125893 0
0.000131447 0
0.000137246 0
0.000143301 0
0.000149624 0
0.000156225 0
0.000163117 0
0.000170314 0
0.000177828 0
0.000185674 0
0.000193865 0
0.000202418 0
0.000211349 0
0.000220673 0
0.000230409 0
0.000240575 0
0.000251189 0
0.000262271 0
0.000273842 0
0.000285924 0
0.000298538 0
0.000311709 0
0.000325462 0
0.000339821 0
0.000354813 0
0.000370467 0
0.000386812 0
0.000403878 0
0.000421697 0
0.000440301 0
0.000459727 0
0.00048001 0
0.000501187 0
0.000523299 0
0.000546387 0
0.000570493 0
0.000595662 0
0.000621942 0
0.000649382 0
0.000678032 0
0.000707946 0
0.00073918 0
0.000771792 0
0.000805842 0
0.000841395 0
0.000878517 0
0.000917276 0
0.000957745 0
0.001 0
0.00104412 0
0.00109018 0
0.00113828 0
0.0011885 0
0.00124094 0
0.00129569 0
0.00135285 0
0.00141254 0
0.00147486 0
0.00153993 0
0.00160787 0
0.0016788 0
0.00175287 0
0.00183021 0
0.00191095 0
0.00199526 0
0.00208329 0
0.0021752 0
0.00227117 0
0.00237137 0
0.002476 0
0.00258523 0
0.00269929 0
0.00281838 0
0.00294273 0
0.00307256 0
0.00320812 0
0.00334965 0
0.00349744 0
0.00365174 0
0.00381285 0
0.00398107 0
0.00415671 0
0.0043401 0
0.00453158 0
0.00473151 0
0.00494026 0
0.00515822 0
0.0053858 0
0.00562341 0
0.00587151 0
0.00613056 0
0.00640103 0
0.00668344 0
0.00697831 102.123
0.00728618 0
0.00760764 28.5711
0.00794328 0
0.00829373 0
0.00865964 0
0.0090417 66.2866
0.00944061 0
0.00985712 0
0.010292 0
0.0107461 97.4311
0.0112202 110.974
0.0117152 156.44
0.0122321 54.7551
0.0127717 0
0.0133352 0
0.0139236 106.274
0.0145378 0
0.0151792 174.364
0.0158489 0
0.0165482 189.908
0.0172783 0
0.0180406 230.298
0.0188365 255.691
0.0196675 78.3648
0.0205353 44.4314
0.0214412 87.9265
0.0223872 61.9744
0.0233749 0
0.0244062 211.931
0.025483 0
0.0266073 0
0.0277811 0
0.0290068 0
0.0302866 0
0.0316228 104.348
0.0330179 143.654
0.0344747 45.2562
0.0359956 0
0.0375837 418.896
0.0392419 250.871
0.0409732 0
0.0427809 224.143
0.0446684 275.982
0.0466391 559.26
0.0486968 201.987
0.0508452 199.821
0.0530884 473.272
0.0554307 227.508
0.0578762 505.822
0.0604296 804.238
0.0630957 358.46
0.0658795 700.554
0.068786 194.67
0.0718208 143.613
0.0749894 443.11
0.0782979 276.21
0.0817523 130.636
0.0853591 258.375
0.0891251 727.141
0.0930572 611.209
0.0971628 563.677
0.10145 614.329
0.105925 440.369
0.110599 433.084
0.115478 1142.79
0.120573 671.772
0.125893 300.246
0.131447 373.349
0.137246 938.123
0.143301 862.537
0.149624 724.32
0.156225 787.763
0.163117 815.562
0.170314 941.514
0.177828 1163.49
0.185674 510.819
0.193865 1070.96
0.202418 381.016
0.211349 992.13
0.220673 640.388
0.230409 795.518
0.240575 986.396
0.251189 1131.63
0.262271 1501.59
0.273842 754.908
0.285924 1243.09
0.298538 509.018
0.311709 960.629
0.325462 1608.9
0.339821 341.657
0.354813 493.322
0.370467 1212.7
0.386812 928.42
0.403878 509.793
0.421697 741.259
0.440301 335.593
0.459727 708.427
0.48001 1094.19
0.501187 972.958
0.523299 756.573
0.546387 1067.78
0.570493 1091.5
0.595662 251.161
0.621942 1270.95
0.649382 755.072
0.678032 1273.73
0.707946 1095.1
0.73918 989.077
0.771792 378.959
0.805842 627.431
0.841395 1187.16
0.878517 789.045
0.917276 385.662
0.957745 857.782
1 646.005
1.04412 518.303
1.09018 702.389
1.13828 415.114
1.1885 377.32
1.24094 485.824
1.29569 647.448
1.35285 607.819
1.41254 353.033
1.47486 574.968
1.53993 163.114
1.60787 205.797
1.6788 86.9349
1.75287 252.094
1.83021 685.985
1.91095 86.0143
1.99526 248.718
2.08329 188.269
2.1752 234.192
2.27117 61.2218
2.37137 280.425
2.476 313.665
2.58523 190.434
2.69929 28.4493
2.81838 172.82
2.94273 391.003
3.07256 435.395
3.20812 220.06
3.34965 422.696
3.49744 414.08
3.65174 87.4065
3.81285 168.265
3.98107 244.33
4.15671 187.69
4.3401 85.2476
4.53158 68.2597
4.73151 0
4.94026 302.806
5.15822 60.359
5.3858 122.327
5.62341 92.2774
5.87151 235.767
6.13056 295.489
6.40103 99.4171
6.68344 57.9666
6.97831 64.8466
7.28618 293.227
7.60764 0
7.94328 93.0781
8.29373 93.7603
8.65964 0
9.0417 0
9.44061 25.8756
9.85712 103.211
10.292 83.2874
10.7461 101.739
11.2202 140.099
11.7152 206.782
12.2321 52.2664
12.7717 70.9665
13.3352 190.681
13.9236 78.8242
14.5378 40.0248
15.1792 107.724
15.8489 0
16.5482 209.555
17.2783 4.85553
18.0406 178.938
18.8365 102.751
19.6675 45.9482
20.5353 326.5
21.4412 93.4515
22.3872 103.771
23.3749 112.47
24.4062 224.025
25.483 210.501
26.6073 0
27.7811 34.0207
29.0068 114.846
30.2866 258.119
31.6228 183.124
33.0179 173.589
34.4747 98.3425
35.9956 115.016
37.5837 0
39.2419 220.755
40.9732 407.545
42.7809 94.2583
44.6684 277.181
46.6391 60.7642
48.6968 159.018
50.8452 202.795
53.0884 148.793
55.4307 396.423
57.8762 105.091
60.4296 427.127
63.0957 381.106
65.8795 563.798
68.786 350.391
71.8208 155.296
74.9894 174.361
78.2979 323.791
81.7523 602.202
85.3591 417.791
89.1251 96.4161
93.0572 359.144
97.1628 406.666
101.45 269.676
105.925 549.204
110.599 516.005
115.478 602.78
120.573 559.118
125.893 315.53
131.447 544.658
137.246 728.152
143.301 695.758
149.624 612.985
156.225 790.184
163.117 133.692
170.314 1060.46
177.828 701.431
185.674 428.267
193.865 459.729
202.418 619.245
211.349 420.394
220.673 365.149
230.409 507.333
240.575 113.117
251.189 89.2704
262.271 214.806
273.842 0
285.924 31.9285
298.538 155.258
311.709 83.0631
325.462 0
339.821 0
354.813 0
370.467 0
386.812 84.0048
403.878 0
421.697 0
440.301 0
459.727 0
480.01 65.9289
501.187 0
523.299 0
546.387 0
570.493 0
595.662 0
621.942 0
649.382 0
678.032 0
707.946 0
739.18 0
771.792 0
805.842 0
841.395 0
878.517 0
917.276 0
957.745 0
1000 0
