# First line is two numbers 
#     First value is '2', it means 'histogram mode'
#     Second value is 'Emin' of the histogram
# Other lines : 2 columns. 1) energy 2) probability (nb divided by NbEvent)
# Number of bins = 480
# Content below the first bin: 0
# Content above the last  bin: 0
# Content above the last  bin: 0
# Number of events: 209000
2 1e-06
1.04412e-06 0
1.09018e-06 0
1.13828e-06 0
1.1885e-06 0
1.24094e-06 0
1.29569e-06 0
1.35285e-06 0
1.41254e-06 0
1.47486e-06 0
1.53993e-06 0
1.60787e-06 0
1.6788e-06 0
1.75287e-06 0
1.83021e-06 0
1.91095e-06 0
1.99526e-06 0
2.08329e-06 0
2.1752e-06 0
2.27117e-06 0
2.37137e-06 0
2.476e-06 0
2.58523e-06 0
2.69929e-06 0
2.81838e-06 0
2.94273e-06 0
3.07256e-06 0
3.20812e-06 0
3.34965e-06 0
3.49744e-06 0
3.65174e-06 0
3.81285e-06 0
3.98107e-06 0
4.15671e-06 0
4.3401e-06 0
4.53158e-06 0
4.73151e-06 0
4.94026e-06 0
5.15822e-06 0
5.3858e-06 0
5.62341e-06 0
5.87151e-06 0
6.13056e-06 0
6.40103e-06 0
6.68344e-06 0
6.97831e-06 0
7.28618e-06 0
7.60764e-06 0
7.94328e-06 0
8.29373e-06 0
8.65964e-06 0
9.0417e-06 0
9.44061e-06 0
9.85712e-06 0
1.0292e-05 0
1.07461e-05 0
1.12202e-05 0
1.17152e-05 0
1.22321e-05 0
1.27717e-05 0
1.33352e-05 0
1.39236e-05 0
1.45378e-05 0
1.51792e-05 0
1.58489e-05 0
1.65482e-05 0
1.72783e-05 0
1.80406e-05 0
1.88365e-05 0
1.96675e-05 0
2.05353e-05 0
2.14412e-05 0
2.23872e-05 0
2.33749e-05 0
2.44062e-05 0
2.5483e-05 0
2.66073e-05 0
2.77811e-05 0
2.90068e-05 0
3.02866e-05 0
3.16228e-05 0
3.30179e-05 0
3.44747e-05 0
3.59956e-05 0
3.75837e-05 0
3.92419e-05 0
4.09732e-05 0
4.27809e-05 0
4.46684e-05 0
4.66391e-05 0
4.86968e-05 0
5.08452e-05 0
5.30884e-05 0
5.54307e-05 0
5.78762e-05 0
6.04296e-05 0
6.30957e-05 0
6.58795e-05 0
6.8786e-05 0
7.18208e-05 0
7.49894e-05 0
7.82979e-05 0
8.17523e-05 0
8.53591e-05 0
8.91251e-05 0
9.30572e-05 0
9.71628e-05 0
0.00010145 0
0.000105925 0
0.000110599 0
0.000115478 0
0.000120573 0
0.000125893 0
0.000131447 0
0.000137246 0
0.000143301 0
0.000149624 0
0.000156225 0
0.000163117 0
0.000170314 0
0.000177828 0
0.000185674 0
0.000193865 0
0.000202418 0
0.000211349 0
0.000220673 0
0.000230409 0
0.000240575 0
0.000251189 0
0.000262271 0
0.000273842 0
0.000285924 0
0.000298538 0
0.000311709 0
0.000325462 0
0.000339821 0
0.000354813 0
0.000370467 0
0.000386812 0
0.000403878 0
0.000421697 0
0.000440301 0
0.000459727 0
0.00048001 0
0.000501187 0
0.000523299 0
0.000546387 0
0.000570493 0
0.000595662 0
0.000621942 0
0.000649382 0
0.000678032 0
0.000707946 0
0.00073918 0
0.000771792 0
0.000805842 0
0.000841395 0
0.000878517 0
0.000917276 0
0.000957745 0
0.001 0
0.00104412 0
0.00109018 0
0.00113828 0
0.0011885 0
0.00124094 0
0.00129569 0
0.00135285 0
0.00141254 0
0.00147486 0
0.00153993 0
0.00160787 0
0.0016788 0
0.00175287 0
0.00183021 0
0.00191095 0
0.00199526 0
0.00208329 0
0.0021752 0
0.00227117 0
0.00237137 0
0.002476 0
0.00258523 0
0.00269929 0
0.00281838 0
0.00294273 0
0.00307256 0
0.00320812 0
0.00334965 0
0.00349744 0
0.00365174 0
0.00381285 0
0.00398107 0
0.00415671 0
0.0043401 0
0.00453158 0
0.00473151 0
0.00494026 0
0.00515822 0
0.0053858 0
0.00562341 0
0.00587151 0
0.00613056 0
0.00640103 0
0.00668344 0
0.00697831 0
0.00728618 0
0.00760764 115.298
0.00794328 0
0.00829373 0
0.00865964 0
0.0090417 0
0.00944061 0
0.00985712 0
0.010292 83.5944
0.0107461 0
0.0112202 0
0.0117152 95.2245
0.0122321 0
0.0127717 173.137
0.0133352 151.54
0.0139236 92.5568
0.0145378 0
0.0151792 0
0.0158489 79.3557
0.0165482 80.3946
0.0172783 0
0.0180406 84.959
0.0188365 205.814
0.0196675 84.5796
0.0205353 109.706
0.0214412 0
0.0223872 87.8586
0.0233749 225.18
0.0244062 0
0.025483 90.3801
0.0266073 0
0.0277811 223.546
0.0290068 231.118
0.0302866 78.6608
0.0316228 321.903
0.0330179 65.3717
0.0344747 662.345
0.0359956 20.7737
0.0375837 301.701
0.0392419 265.141
0.0409732 99.1955
0.0427809 154.178
0.0446684 266.854
0.0466391 333.909
0.0486968 126.942
0.0508452 85.6206
0.0530884 346.946
0.0554307 153.356
0.0578762 178.485
0.0604296 288.652
0.0630957 99.1408
0.0658795 348.317
0.068786 371.947
0.0718208 314.836
0.0749894 480.184
0.0782979 212.981
0.0817523 522.599
0.0853591 552.407
0.0891251 533.279
0.0930572 1154.65
0.0971628 915.647
0.10145 924.161
0.105925 401.144
0.110599 496.707
0.115478 624.061
0.120573 413.217
0.125893 814.812
0.131447 615.826
0.137246 814.184
0.143301 673.237
0.149624 1246.63
0.156225 821.16
0.163117 815.451
0.170314 887.343
0.177828 552.24
0.185674 784.406
0.193865 926.694
0.202418 701.666
0.211349 909.559
0.220673 1069.54
0.230409 577.834
0.240575 882.053
0.251189 731.978
0.262271 788.281
0.273842 766.496
0.285924 1034.22
0.298538 716.531
0.311709 1012.59
0.325462 1353.16
0.339821 528.141
0.354813 687.507
0.370467 1311.65
0.386812 869.942
0.403878 745.723
0.421697 668.453
0.440301 703.715
0.459727 781.486
0.48001 678.08
0.501187 1017.41
0.523299 898.855
0.546387 378.981
0.570493 1034.53
0.595662 1360.11
0.621942 1283.99
0.649382 809.544
0.678032 638.029
0.707946 274.136
0.73918 473.44
0.771792 450.29
0.805842 790.558
0.841395 385.56
0.878517 959.3
0.917276 820.966
0.957745 414.589
1 153.484
1.04412 283.051
1.09018 191.342
1.13828 375.791
1.1885 195.744
1.24094 559.142
1.29569 103.913
1.35285 299.361
1.41254 157.109
1.47486 289.96
1.53993 151.946
1.60787 0
1.6788 274.302
1.75287 241.364
1.83021 172.424
1.91095 269.839
1.99526 288.362
2.08329 81.5292
2.1752 166.575
2.27117 115.083
2.37137 244.279
2.476 249.087
2.58523 485.568
2.69929 307.785
2.81838 0
2.94273 106.189
3.07256 399.251
3.20812 93.6666
3.34965 193.258
3.49744 568.258
3.65174 175.669
3.81285 458.634
3.98107 21.708
4.15671 97.6972
4.3401 117.34
4.53158 220.965
4.73151 36.7992
4.94026 408.035
5.15822 43.9985
5.3858 100.275
5.62341 44.2759
5.87151 174.688
6.13056 0
6.40103 95.4311
6.68344 200.039
6.97831 0
7.28618 221.336
7.60764 55.8281
7.94328 184.218
8.29373 0
8.65964 229.823
9.0417 222.399
9.44061 285.4
9.85712 70.3022
10.292 296.192
10.7461 90.4326
11.2202 0
11.7152 35.5254
12.2321 0
12.7717 264.256
13.3352 140.731
13.9236 80.5757
14.5378 127.347
15.1792 141.906
15.8489 121.121
16.5482 26.7488
17.2783 111.645
18.0406 98.3373
18.8365 71.2889
19.6675 175.703
20.5353 182.239
21.4412 181.012
22.3872 53.7819
23.3749 0
24.4062 259.73
25.483 257.71
26.6073 0
27.7811 176.096
29.0068 292.263
30.2866 174.25
31.6228 412.08
33.0179 182.705
34.4747 103.358
35.9956 193.439
37.5837 35.1783
39.2419 322.352
40.9732 0
42.7809 73.6765
44.6684 0
46.6391 345.208
48.6968 149.8
50.8452 175.614
53.0884 320.451
55.4307 174.603
57.8762 95.4059
60.4296 350.378
63.0957 309.768
65.8795 98.4063
68.786 427.6
71.8208 175.391
74.9894 286.137
78.2979 520.72
81.7523 345.457
85.3591 372.607
89.1251 119.735
93.0572 234.1
97.1628 623.406
101.45 315.602
105.925 398.938
110.599 502.616
115.478 537.626
120.573 548.26
125.893 505.648
131.447 271.257
137.246 638.949
143.301 526.83
149.624 444.799
156.225 447.652
163.117 364.656
170.314 181.043
177.828 462.541
185.674 986.177
193.865 825.563
202.418 90.8187
211.349 557.003
220.673 313.536
230.409 105.38
240.575 86.4265
251.189 153.307
262.271 0
273.842 47.4546
285.924 0
298.538 0
311.709 91.0724
325.462 0
339.821 0
354.813 0
370.467 0
386.812 0
403.878 0
421.697 0
440.301 0
459.727 98.9601
480.01 0
501.187 45.1617
523.299 113.297
546.387 0
570.493 0
595.662 0
621.942 0
649.382 0
678.032 0
707.946 0
739.18 0
771.792 0
805.842 0
841.395 0
878.517 0
917.276 0
957.745 0
1000 0
