# First line is two numbers 
#     First value is '2', it means 'histogram mode'
#     Second value is 'Emin' of the histogram
# Other lines : 2 columns. 1) energy 2) probability (nb divided by NbEvent)
# Number of bins = 480
# Content below the first bin: 0
# Content above the last  bin: 0
# Content above the last  bin: 0
# Number of events: 209000
2 1e-06
1.04412e-06 0
1.09018e-06 0
1.13828e-06 0
1.1885e-06 0
1.24094e-06 0
1.29569e-06 0
1.35285e-06 0
1.41254e-06 0
1.47486e-06 0
1.53993e-06 0
1.60787e-06 0
1.6788e-06 0
1.75287e-06 0
1.83021e-06 0
1.91095e-06 0
1.99526e-06 0
2.08329e-06 0
2.1752e-06 0
2.27117e-06 0
2.37137e-06 0
2.476e-06 0
2.58523e-06 0
2.69929e-06 0
2.81838e-06 0
2.94273e-06 0
3.07256e-06 0
3.20812e-06 0
3.34965e-06 0
3.49744e-06 0
3.65174e-06 0
3.81285e-06 0
3.98107e-06 0
4.15671e-06 0
4.3401e-06 0
4.53158e-06 0
4.73151e-06 0
4.94026e-06 0
5.15822e-06 0
5.3858e-06 0
5.62341e-06 0
5.87151e-06 0
6.13056e-06 0
6.40103e-06 0
6.68344e-06 0
6.97831e-06 0
7.28618e-06 0
7.60764e-06 0
7.94328e-06 0
8.29373e-06 0
8.65964e-06 0
9.0417e-06 0
9.44061e-06 0
9.85712e-06 0
1.0292e-05 0
1.07461e-05 0
1.12202e-05 0
1.17152e-05 0
1.22321e-05 0
1.27717e-05 0
1.33352e-05 0
1.39236e-05 0
1.45378e-05 0
1.51792e-05 0
1.58489e-05 0
1.65482e-05 0
1.72783e-05 0
1.80406e-05 0
1.88365e-05 0
1.96675e-05 0
2.05353e-05 0
2.14412e-05 0
2.23872e-05 0
2.33749e-05 0
2.44062e-05 0
2.5483e-05 0
2.66073e-05 0
2.77811e-05 0
2.90068e-05 0
3.02866e-05 0
3.16228e-05 0
3.30179e-05 0
3.44747e-05 0
3.59956e-05 0
3.75837e-05 0
3.92419e-05 0
4.09732e-05 0
4.27809e-05 0
4.46684e-05 0
4.66391e-05 0
4.86968e-05 0
5.08452e-05 0
5.30884e-05 0
5.54307e-05 0
5.78762e-05 0
6.04296e-05 0
6.30957e-05 0
6.58795e-05 0
6.8786e-05 0
7.18208e-05 0
7.49894e-05 0
7.82979e-05 0
8.17523e-05 0
8.53591e-05 0
8.91251e-05 0
9.30572e-05 0
9.71628e-05 0
0.00010145 0
0.000105925 0
0.000110599 0
0.000115478 0
0.000120573 0
0.000125893 0
0.000131447 0
0.000137246 0
0.000143301 0
0.000149624 0
0.000156225 0
0.000163117 0
0.000170314 0
0.000177828 0
0.000185674 0
0.000193865 0
0.000202418 0
0.000211349 0
0.000220673 0
0.000230409 0
0.000240575 0
0.000251189 0
0.000262271 0
0.000273842 0
0.000285924 0
0.000298538 0
0.000311709 0
0.000325462 0
0.000339821 0
0.000354813 0
0.000370467 0
0.000386812 0
0.000403878 0
0.000421697 0
0.000440301 0
0.000459727 0
0.00048001 0
0.000501187 0
0.000523299 0
0.000546387 0
0.000570493 0
0.000595662 0
0.000621942 0
0.000649382 0
0.000678032 0
0.000707946 0
0.00073918 0
0.000771792 0
0.000805842 0
0.000841395 0
0.000878517 0
0.000917276 0
0.000957745 0
0.001 0
0.00104412 0
0.00109018 0
0.00113828 0
0.0011885 0
0.00124094 0
0.00129569 0
0.00135285 0
0.00141254 0
0.00147486 0
0.00153993 0
0.00160787 0
0.0016788 0
0.00175287 76.5647
0.00183021 0
0.00191095 0
0.00199526 0
0.00208329 0
0.0021752 0
0.00227117 0
0.00237137 0
0.002476 0
0.00258523 0
0.00269929 96.9416
0.00281838 0
0.00294273 0
0.00307256 0
0.00320812 0
0.00334965 0
0.00349744 0
0.00365174 0
0.00381285 0
0.00398107 36.5788
0.00415671 0
0.0043401 0
0.00453158 0
0.00473151 0
0.00494026 0
0.00515822 97.2191
0.0053858 0
0.00562341 0
0.00587151 0
0.00613056 0
0.00640103 0
0.00668344 0
0.00697831 0
0.00728618 0
0.00760764 0
0.00794328 0
0.00829373 0
0.00865964 0
0.0090417 99.8202
0.00944061 0
0.00985712 0
0.010292 84.3943
0.0107461 0
0.0112202 273.139
0.0117152 174.578
0.0122321 0
0.0127717 0
0.0133352 99.4698
0.0139236 0
0.0145378 88.5967
0.0151792 143.389
0.0158489 0
0.0165482 219.734
0.0172783 180.676
0.0180406 186.247
0.0188365 38.7068
0.0196675 0
0.0205353 0
0.0214412 135.162
0.0223872 0
0.0233749 178
0.0244062 194.065
0.025483 127.664
0.0266073 72.7268
0.0277811 38.8552
0.0290068 275
0.0302866 84.4482
0.0316228 402.398
0.0330179 257.708
0.0344747 0
0.0359956 328.781
0.0375837 488.811
0.0392419 614.976
0.0409732 548.552
0.0427809 318.674
0.0446684 313.375
0.0466391 290.201
0.0486968 630.051
0.0508452 524.249
0.0530884 550.36
0.0554307 541.536
0.0578762 314.749
0.0604296 539.82
0.0630957 493.463
0.0658795 452.789
0.068786 597.185
0.0718208 391.901
0.0749894 649.478
0.0782979 1234.09
0.0817523 527.77
0.0853591 1296.72
0.0891251 982.414
0.0930572 908.368
0.0971628 1234.79
0.10145 1301.52
0.105925 786.74
0.110599 734.279
0.115478 778.481
0.120573 674.705
0.125893 1234.57
0.131447 1259.75
0.137246 947.773
0.143301 706.646
0.149624 1349.94
0.156225 1180.03
0.163117 1236.4
0.170314 827.178
0.177828 991.869
0.185674 1478.58
0.193865 1556.09
0.202418 843.255
0.211349 995.252
0.220673 1191.67
0.230409 1556.39
0.240575 1189.22
0.251189 1882
0.262271 1012.48
0.273842 1853.46
0.285924 1103.89
0.298538 1305.39
0.311709 1521.35
0.325462 1560.43
0.339821 1602.36
0.354813 1763.07
0.370467 1436.01
0.386812 1381.72
0.403878 2046.6
0.421697 1906.47
0.440301 1304.8
0.459727 1842.44
0.48001 1437.05
0.501187 1434.73
0.523299 1198.52
0.546387 1309.81
0.570493 1686.53
0.595662 1625.77
0.621942 1606.86
0.649382 1738.84
0.678032 2416.88
0.707946 859.719
0.73918 1068.98
0.771792 1167.38
0.805842 1232.56
0.841395 1365.45
0.878517 1103.24
0.917276 1332.07
0.957745 590.779
1 686.428
1.04412 860.059
1.09018 1296.83
1.13828 1019.33
1.1885 819.465
1.24094 489.181
1.29569 563.237
1.35285 784.722
1.41254 1069.54
1.47486 747.245
1.53993 758.21
1.60787 534.61
1.6788 554.257
1.75287 304.121
1.83021 413.877
1.91095 613.573
1.99526 884.851
2.08329 664.835
2.1752 361.988
2.27117 901.686
2.37137 693.754
2.476 296.23
2.58523 716.794
2.69929 438.544
2.81838 265.032
2.94273 113.705
3.07256 333.638
3.20812 459.808
3.34965 244.2
3.49744 429.085
3.65174 348.965
3.81285 87.4303
3.98107 126.564
4.15671 0
4.3401 392.9
4.53158 212.379
4.73151 601.776
4.94026 140.226
5.15822 182.305
5.3858 342.316
5.62341 87.3699
5.87151 352.5
6.13056 198.901
6.40103 95.8493
6.68344 245.919
6.97831 255.392
7.28618 182.092
7.60764 222.79
7.94328 118.01
8.29373 104.139
8.65964 260.046
9.0417 118.319
9.44061 0
9.85712 397.077
10.292 413.635
10.7461 109.249
11.2202 48.6217
11.7152 381.032
12.2321 47.2233
12.7717 315.32
13.3352 0
13.9236 59.9168
14.5378 111.327
15.1792 88.1156
15.8489 180.434
16.5482 206.213
17.2783 108.416
18.0406 111.784
18.8365 70.6279
19.6675 82.3915
20.5353 258.849
21.4412 174.534
22.3872 242.905
23.3749 284.081
24.4062 314.13
25.483 305.656
26.6073 0
27.7811 243.1
29.0068 335.369
30.2866 117.11
31.6228 0
33.0179 320.142
34.4747 37.3148
35.9956 165.041
37.5837 169.005
39.2419 218.879
40.9732 390.763
42.7809 189.16
44.6684 274.417
46.6391 235.272
48.6968 341.261
50.8452 345.394
53.0884 173.843
55.4307 161.823
57.8762 95.2136
60.4296 488.427
63.0957 397.086
65.8795 216.334
68.786 178.351
71.8208 526.812
74.9894 257.942
78.2979 498.675
81.7523 611.415
85.3591 185.643
89.1251 283.03
93.0572 545.559
97.1628 563.355
101.45 518.061
105.925 389.757
110.599 196.717
115.478 553.851
120.573 436.689
125.893 342.237
131.447 337.201
137.246 429.453
143.301 829.076
149.624 731.812
156.225 305.164
163.117 156.979
170.314 1019.47
177.828 380.287
185.674 127.634
193.865 573.887
202.418 592.041
211.349 118.017
220.673 586.238
230.409 363.358
240.575 483.066
251.189 61.1036
262.271 250.103
273.842 577.326
285.924 152.439
298.538 777.577
311.709 105.494
325.462 115.025
339.821 135.228
354.813 276.964
370.467 72.2792
386.812 213.74
403.878 111.115
421.697 0
440.301 0
459.727 0
480.01 0
501.187 0
523.299 0
546.387 67.1688
570.493 0
595.662 0
621.942 0
649.382 0
678.032 0
707.946 0
739.18 94.1335
771.792 0
805.842 0
841.395 0
878.517 0
917.276 0
957.745 0
1000 0
