# First line is two numbers 
#     First value is '2', it means 'histogram mode'
#     Second value is 'Emin' of the histogram
# Other lines : 2 columns. 1) energy 2) probability (nb divided by NbEvent)
# Number of bins = 480
# Content below the first bin: 0
# Content above the last  bin: 0
# Content above the last  bin: 0
# Number of events: 209000
2 1e-06
1.04412e-06 0
1.09018e-06 0
1.13828e-06 0
1.1885e-06 0
1.24094e-06 0
1.29569e-06 0
1.35285e-06 0
1.41254e-06 0
1.47486e-06 0
1.53993e-06 0
1.60787e-06 0
1.6788e-06 0
1.75287e-06 0
1.83021e-06 0
1.91095e-06 0
1.99526e-06 0
2.08329e-06 0
2.1752e-06 0
2.27117e-06 0
2.37137e-06 0
2.476e-06 0
2.58523e-06 0
2.69929e-06 0
2.81838e-06 0
2.94273e-06 0
3.07256e-06 0
3.20812e-06 0
3.34965e-06 0
3.49744e-06 0
3.65174e-06 0
3.81285e-06 0
3.98107e-06 0
4.15671e-06 0
4.3401e-06 0
4.53158e-06 0
4.73151e-06 0
4.94026e-06 0
5.15822e-06 0
5.3858e-06 0
5.62341e-06 0
5.87151e-06 0
6.13056e-06 0
6.40103e-06 0
6.68344e-06 0
6.97831e-06 0
7.28618e-06 0
7.60764e-06 0
7.94328e-06 0
8.29373e-06 0
8.65964e-06 0
9.0417e-06 0
9.44061e-06 0
9.85712e-06 0
1.0292e-05 0
1.07461e-05 0
1.12202e-05 0
1.17152e-05 0
1.22321e-05 0
1.27717e-05 0
1.33352e-05 0
1.39236e-05 0
1.45378e-05 0
1.51792e-05 0
1.58489e-05 0
1.65482e-05 0
1.72783e-05 0
1.80406e-05 0
1.88365e-05 0
1.96675e-05 0
2.05353e-05 0
2.14412e-05 0
2.23872e-05 0
2.33749e-05 0
2.44062e-05 0
2.5483e-05 0
2.66073e-05 0
2.77811e-05 0
2.90068e-05 0
3.02866e-05 0
3.16228e-05 0
3.30179e-05 0
3.44747e-05 0
3.59956e-05 0
3.75837e-05 0
3.92419e-05 0
4.09732e-05 0
4.27809e-05 0
4.46684e-05 0
4.66391e-05 0
4.86968e-05 0
5.08452e-05 0
5.30884e-05 0
5.54307e-05 0
5.78762e-05 0
6.04296e-05 0
6.30957e-05 0
6.58795e-05 0
6.8786e-05 0
7.18208e-05 0
7.49894e-05 0
7.82979e-05 0
8.17523e-05 0
8.53591e-05 0
8.91251e-05 0
9.30572e-05 0
9.71628e-05 0
0.00010145 0
0.000105925 0
0.000110599 0
0.000115478 0
0.000120573 0
0.000125893 0
0.000131447 0
0.000137246 0
0.000143301 0
0.000149624 0
0.000156225 0
0.000163117 0
0.000170314 0
0.000177828 0
0.000185674 0
0.000193865 0
0.000202418 0
0.000211349 0
0.000220673 0
0.000230409 0
0.000240575 0
0.000251189 0
0.000262271 0
0.000273842 0
0.000285924 0
0.000298538 0
0.000311709 0
0.000325462 0
0.000339821 0
0.000354813 0
0.000370467 0
0.000386812 0
0.000403878 0
0.000421697 0
0.000440301 0
0.000459727 0
0.00048001 0
0.000501187 0
0.000523299 0
0.000546387 0
0.000570493 0
0.000595662 0
0.000621942 0
0.000649382 0
0.000678032 0
0.000707946 0
0.00073918 0
0.000771792 0
0.000805842 0
0.000841395 0
0.000878517 0
0.000917276 0
0.000957745 0
0.001 0
0.00104412 0
0.00109018 0
0.00113828 0
0.0011885 0
0.00124094 0
0.00129569 0
0.00135285 0
0.00141254 0
0.00147486 0
0.00153993 0
0.00160787 0
0.0016788 0
0.00175287 0
0.00183021 0
0.00191095 0
0.00199526 0
0.00208329 0
0.0021752 0
0.00227117 0
0.00237137 0
0.002476 0
0.00258523 0
0.00269929 0
0.00281838 0
0.00294273 0
0.00307256 0
0.00320812 0
0.00334965 0
0.00349744 0
0.00365174 0
0.00381285 0
0.00398107 0
0.00415671 0
0.0043401 0
0.00453158 0
0.00473151 0
0.00494026 0
0.00515822 70.1069
0.0053858 0
0.00562341 0
0.00587151 0
0.00613056 0
0.00640103 0
0.00668344 0
0.00697831 0
0.00728618 0
0.00760764 0
0.00794328 0
0.00829373 0
0.00865964 0
0.0090417 0
0.00944061 0
0.00985712 0
0.010292 0
0.0107461 0
0.0112202 0
0.0117152 0
0.0122321 0
0.0127717 0
0.0133352 0
0.0139236 0
0.0145378 0
0.0151792 0
0.0158489 98.5492
0.0165482 0
0.0172783 0
0.0180406 0
0.0188365 0
0.0196675 111.307
0.0205353 0
0.0214412 0
0.0223872 0
0.0233749 0
0.0244062 0
0.025483 0
0.0266073 58.8926
0.0277811 117.3
0.0290068 0
0.0302866 0
0.0316228 0
0.0330179 0
0.0344747 0
0.0359956 0
0.0375837 45.9683
0.0392419 63.909
0.0409732 0
0.0427809 0
0.0446684 176.082
0.0466391 125.731
0.0486968 0
0.0508452 0
0.0530884 42.8725
0.0554307 80.8525
0.0578762 47.4094
0.0604296 0
0.0630957 0
0.0658795 0
0.068786 0
0.0718208 0
0.0749894 214.819
0.0782979 65.6656
0.0817523 117.293
0.0853591 148.766
0.0891251 284.347
0.0930572 268.271
0.0971628 0
0.10145 245.326
0.105925 0
0.110599 195.734
0.115478 160.925
0.120573 422.394
0.125893 251.305
0.131447 182.853
0.137246 105.207
0.143301 239.639
0.149624 423.245
0.156225 267.767
0.163117 275.053
0.170314 136.921
0.177828 0
0.185674 192.212
0.193865 338.224
0.202418 196.007
0.211349 84.0438
0.220673 238.048
0.230409 53.2572
0.240575 271.714
0.251189 223.801
0.262271 306.988
0.273842 187.73
0.285924 270.781
0.298538 320.167
0.311709 248.867
0.325462 168.406
0.339821 121.149
0.354813 102.469
0.370467 158.653
0.386812 63.2145
0.403878 326.233
0.421697 650.993
0.440301 82.5371
0.459727 283.816
0.48001 29.5924
0.501187 84.5397
0.523299 206.616
0.546387 325.758
0.570493 116.6
0.595662 83.7848
0.621942 109.328
0.649382 147.241
0.678032 163.338
0.707946 101.595
0.73918 0
0.771792 117.519
0.805842 115.728
0.841395 102.198
0.878517 219.684
0.917276 158.604
0.957745 291.997
1 66.3003
1.04412 138.705
1.09018 134.432
1.13828 139.167
1.1885 0
1.24094 221.081
1.29569 90.71
1.35285 0
1.41254 156.549
1.47486 34.0535
1.53993 0
1.60787 221.537
1.6788 33.7807
1.75287 181.661
1.83021 0
1.91095 65.0275
1.99526 63.6668
2.08329 141.75
2.1752 0
2.27117 160.724
2.37137 0
2.476 0
2.58523 272.55
2.69929 0
2.81838 0
2.94273 103.656
3.07256 0
3.20812 0
3.34965 0
3.49744 155.169
3.65174 0
3.81285 0
3.98107 181.496
4.15671 109.065
4.3401 225.349
4.53158 195.363
4.73151 0
4.94026 0
5.15822 0
5.3858 85.5728
5.62341 0
5.87151 0
6.13056 0
6.40103 0
6.68344 74.8328
6.97831 81.7371
7.28618 187.172
7.60764 274.751
7.94328 79.8578
8.29373 0
8.65964 22.0447
9.0417 45.1632
9.44061 0
9.85712 107.869
10.292 0
10.7461 0
11.2202 112.934
11.7152 66.988
12.2321 0
12.7717 0
13.3352 0
13.9236 83.5197
14.5378 0
15.1792 104.516
15.8489 15.9106
16.5482 0
17.2783 0
18.0406 0
18.8365 0
19.6675 0
20.5353 0
21.4412 116.412
22.3872 0
23.3749 0
24.4062 46.6889
25.483 181.133
26.6073 107.565
27.7811 0
29.0068 149.394
30.2866 0
31.6228 0
33.0179 206.416
34.4747 66.6956
35.9956 84.4313
37.5837 100.484
39.2419 119.167
40.9732 93.2454
42.7809 100.974
44.6684 0
46.6391 0
48.6968 85.0563
50.8452 215.203
53.0884 116.432
55.4307 74.7227
57.8762 108.931
60.4296 246.823
63.0957 116.218
65.8795 251.169
68.786 164.707
71.8208 110.354
74.9894 426.031
78.2979 0
81.7523 0
85.3591 69.9595
89.1251 33.5076
93.0572 73.0403
97.1628 123.285
101.45 172.643
105.925 77.2866
110.599 413.673
115.478 280.972
120.573 89.5487
125.893 115.655
131.447 104.782
137.246 102.649
143.301 153.164
149.624 94.2738
156.225 0
163.117 92.1214
170.314 0
177.828 210.707
185.674 37.2625
193.865 108.837
202.418 0
211.349 0
220.673 114.931
230.409 0
240.575 0
251.189 0
262.271 0
273.842 0
285.924 0
298.538 0
311.709 0
325.462 0
339.821 0
354.813 0
370.467 0
386.812 0
403.878 0
421.697 0
440.301 0
459.727 0
480.01 0
501.187 0
523.299 0
546.387 0
570.493 0
595.662 0
621.942 0
649.382 0
678.032 0
707.946 0
739.18 0
771.792 0
805.842 0
841.395 0
878.517 0
917.276 0
957.745 0
1000 0
