# First line is two numbers 
#     First value is '2', it means 'histogram mode'
#     Second value is 'Emin' of the histogram
# Other lines : 2 columns. 1) energy 2) probability (nb divided by NbEvent)
# Number of bins = 480
# Content below the first bin: 0
# Content above the last  bin: 0
# Content above the last  bin: 0
# Number of events: 209000
2 1e-06
1.04412e-06 0
1.09018e-06 0
1.13828e-06 0
1.1885e-06 0
1.24094e-06 0
1.29569e-06 0
1.35285e-06 0
1.41254e-06 0
1.47486e-06 0
1.53993e-06 0
1.60787e-06 0
1.6788e-06 0
1.75287e-06 0
1.83021e-06 0
1.91095e-06 0
1.99526e-06 0
2.08329e-06 0
2.1752e-06 0
2.27117e-06 0
2.37137e-06 0
2.476e-06 0
2.58523e-06 0
2.69929e-06 0
2.81838e-06 0
2.94273e-06 0
3.07256e-06 0
3.20812e-06 0
3.34965e-06 0
3.49744e-06 0
3.65174e-06 0
3.81285e-06 0
3.98107e-06 0
4.15671e-06 0
4.3401e-06 0
4.53158e-06 0
4.73151e-06 0
4.94026e-06 0
5.15822e-06 0
5.3858e-06 0
5.62341e-06 0
5.87151e-06 0
6.13056e-06 0
6.40103e-06 0
6.68344e-06 0
6.97831e-06 0
7.28618e-06 0
7.60764e-06 0
7.94328e-06 0
8.29373e-06 0
8.65964e-06 0
9.0417e-06 0
9.44061e-06 0
9.85712e-06 0
1.0292e-05 0
1.07461e-05 0
1.12202e-05 0
1.17152e-05 0
1.22321e-05 0
1.27717e-05 0
1.33352e-05 0
1.39236e-05 0
1.45378e-05 0
1.51792e-05 0
1.58489e-05 0
1.65482e-05 0
1.72783e-05 0
1.80406e-05 0
1.88365e-05 0
1.96675e-05 0
2.05353e-05 0
2.14412e-05 0
2.23872e-05 0
2.33749e-05 0
2.44062e-05 0
2.5483e-05 0
2.66073e-05 0
2.77811e-05 0
2.90068e-05 0
3.02866e-05 0
3.16228e-05 0
3.30179e-05 0
3.44747e-05 0
3.59956e-05 0
3.75837e-05 0
3.92419e-05 0
4.09732e-05 0
4.27809e-05 0
4.46684e-05 0
4.66391e-05 0
4.86968e-05 0
5.08452e-05 0
5.30884e-05 0
5.54307e-05 0
5.78762e-05 0
6.04296e-05 0
6.30957e-05 0
6.58795e-05 0
6.8786e-05 0
7.18208e-05 0
7.49894e-05 0
7.82979e-05 0
8.17523e-05 0
8.53591e-05 0
8.91251e-05 0
9.30572e-05 0
9.71628e-05 0
0.00010145 0
0.000105925 0
0.000110599 0
0.000115478 0
0.000120573 0
0.000125893 0
0.000131447 0
0.000137246 0
0.000143301 0
0.000149624 0
0.000156225 0
0.000163117 0
0.000170314 0
0.000177828 0
0.000185674 0
0.000193865 0
0.000202418 0
0.000211349 0
0.000220673 0
0.000230409 0
0.000240575 0
0.000251189 0
0.000262271 0
0.000273842 0
0.000285924 0
0.000298538 0
0.000311709 0
0.000325462 0
0.000339821 0
0.000354813 0
0.000370467 0
0.000386812 0
0.000403878 0
0.000421697 0
0.000440301 0
0.000459727 0
0.00048001 0
0.000501187 0
0.000523299 0
0.000546387 0
0.000570493 0
0.000595662 0
0.000621942 0
0.000649382 0
0.000678032 0
0.000707946 0
0.00073918 0
0.000771792 0
0.000805842 0
0.000841395 0
0.000878517 0
0.000917276 0
0.000957745 0
0.001 0
0.00104412 0
0.00109018 0
0.00113828 0
0.0011885 0
0.00124094 0
0.00129569 0
0.00135285 0
0.00141254 0
0.00147486 0
0.00153993 0
0.00160787 0
0.0016788 0
0.00175287 0
0.00183021 0
0.00191095 0
0.00199526 0
0.00208329 0
0.0021752 0
0.00227117 0
0.00237137 0
0.002476 0
0.00258523 0
0.00269929 0
0.00281838 0
0.00294273 0
0.00307256 0
0.00320812 0
0.00334965 0
0.00349744 0
0.00365174 0
0.00381285 0
0.00398107 0
0.00415671 0
0.0043401 0
0.00453158 0
0.00473151 0
0.00494026 0
0.00515822 0
0.0053858 0
0.00562341 0
0.00587151 0
0.00613056 0
0.00640103 0
0.00668344 0
0.00697831 0
0.00728618 0
0.00760764 0
0.00794328 0
0.00829373 0
0.00865964 0
0.0090417 0
0.00944061 0
0.00985712 0
0.010292 0
0.0107461 0
0.0112202 0
0.0117152 0
0.0122321 0
0.0127717 0
0.0133352 0
0.0139236 0
0.0145378 0
0.0151792 20.9159
0.0158489 0
0.0165482 88.7468
0.0172783 0
0.0180406 0
0.0188365 0
0.0196675 0
0.0205353 111.125
0.0214412 0
0.0223872 0
0.0233749 0
0.0244062 0
0.025483 0
0.0266073 103.123
0.0277811 66.2546
0.0290068 0
0.0302866 150.272
0.0316228 0
0.0330179 118.48
0.0344747 0
0.0359956 0
0.0375837 0
0.0392419 110.668
0.0409732 0
0.0427809 0
0.0446684 0
0.0466391 0
0.0486968 88.0869
0.0508452 0
0.0530884 118.517
0.0554307 0
0.0578762 94.7885
0.0604296 0
0.0630957 77.8943
0.0658795 350.137
0.068786 104.088
0.0718208 0
0.0749894 126.649
0.0782979 117.763
0.0817523 230.932
0.0853591 193.878
0.0891251 250.415
0.0930572 67.4825
0.0971628 298.042
0.10145 183.219
0.105925 159.026
0.110599 125.029
0.115478 206.952
0.120573 241.623
0.125893 113.606
0.131447 0
0.137246 43.2554
0.143301 156.778
0.149624 247.975
0.156225 0
0.163117 401.56
0.170314 305.761
0.177828 36.1741
0.185674 121.058
0.193865 268.506
0.202418 128.355
0.211349 94.7152
0.220673 419.965
0.230409 173.781
0.240575 108.005
0.251189 296.026
0.262271 128.999
0.273842 208.128
0.285924 338.383
0.298538 237.975
0.311709 126.122
0.325462 225.535
0.339821 497.351
0.354813 0
0.370467 284.866
0.386812 273.715
0.403878 230.077
0.421697 284.667
0.440301 98.6766
0.459727 118.645
0.48001 96.8643
0.501187 252.714
0.523299 100.282
0.546387 98.3238
0.570493 255.776
0.595662 295.62
0.621942 343.255
0.649382 157.293
0.678032 312.729
0.707946 159.615
0.73918 170.14
0.771792 638.363
0.805842 189.993
0.841395 0
0.878517 178.611
0.917276 181.346
0.957745 96.8302
1 137.004
1.04412 231.44
1.09018 0
1.13828 0
1.1885 98.488
1.24094 0
1.29569 244.809
1.35285 212.192
1.41254 176.857
1.47486 211.618
1.53993 36.5896
1.60787 0
1.6788 0
1.75287 109.352
1.83021 221.687
1.91095 0
1.99526 63.4595
2.08329 0
2.1752 108.28
2.27117 0
2.37137 23.4504
2.476 0
2.58523 0
2.69929 0
2.81838 45.9376
2.94273 38.285
3.07256 111.051
3.20812 0
3.34965 0
3.49744 0
3.65174 0
3.81285 0
3.98107 43.6762
4.15671 0
4.3401 70.7983
4.53158 193.528
4.73151 0
4.94026 0
5.15822 88.2725
5.3858 0
5.62341 0
5.87151 0
6.13056 0
6.40103 100.376
6.68344 94.0372
6.97831 0
7.28618 285.057
7.60764 88.0675
7.94328 58.9549
8.29373 325.903
8.65964 152.55
9.0417 94.2614
9.44061 114.974
9.85712 0
10.292 0
10.7461 0
11.2202 1.95572
11.7152 0
12.2321 0
12.7717 95.3657
13.3352 0
13.9236 116.907
14.5378 109.197
15.1792 97.9156
15.8489 0
16.5482 45.4028
17.2783 39.2903
18.0406 273.498
18.8365 8.97992
19.6675 0
20.5353 115.331
21.4412 91.0778
22.3872 57.9893
23.3749 0
24.4062 0
25.483 191.415
26.6073 0
27.7811 47.312
29.0068 69.363
30.2866 49.2873
31.6228 0
33.0179 194.2
34.4747 51.0148
35.9956 116.448
37.5837 18.0808
39.2419 149.268
40.9732 11.3394
42.7809 90.4468
44.6684 101.332
46.6391 266.779
48.6968 0
50.8452 109.387
53.0884 52.7899
55.4307 0
57.8762 166.739
60.4296 0
63.0957 213.787
65.8795 223.961
68.786 107.417
71.8208 0
74.9894 0
78.2979 69.148
81.7523 98.1898
85.3591 0
89.1251 101.942
93.0572 221.796
97.1628 91.4966
101.45 179.083
105.925 202.266
110.599 198.857
115.478 107.669
120.573 66.7335
125.893 0
131.447 89.6619
137.246 273.966
143.301 119.898
149.624 76.1893
156.225 28.0421
163.117 0
170.314 119.521
177.828 0
185.674 0
193.865 59.3489
202.418 202.26
211.349 0
220.673 0
230.409 0
240.575 67.3054
251.189 0
262.271 107.784
273.842 0
285.924 0
298.538 0
311.709 0
325.462 0
339.821 0
354.813 0
370.467 0
386.812 0
403.878 0
421.697 0
440.301 0
459.727 0
480.01 0
501.187 0
523.299 0
546.387 0
570.493 0
595.662 0
621.942 0
649.382 0
678.032 0
707.946 0
739.18 0
771.792 0
805.842 0
841.395 0
878.517 0
917.276 0
957.745 0
1000 0
