# First line is two numbers 
#     First value is '2', it means 'histogram mode'
#     Second value is 'Emin' of the histogram
# Other lines : 2 columns. 1) energy 2) probability (nb divided by NbEvent)
# Number of bins = 480
# Content below the first bin: 2977.06
# Content above the last  bin: 0
# Content above the last  bin: 0
# Number of events: 209000
2 1e-06
1.04412e-06 0
1.09018e-06 0
1.13828e-06 0
1.1885e-06 0
1.24094e-06 0
1.29569e-06 0
1.35285e-06 0
1.41254e-06 0
1.47486e-06 0
1.53993e-06 0
1.60787e-06 0
1.6788e-06 0
1.75287e-06 106.746
1.83021e-06 0
1.91095e-06 0
1.99526e-06 0
2.08329e-06 0
2.1752e-06 0
2.27117e-06 0
2.37137e-06 0
2.476e-06 0
2.58523e-06 0
2.69929e-06 0
2.81838e-06 0
2.94273e-06 0
3.07256e-06 0
3.20812e-06 0
3.34965e-06 0
3.49744e-06 0
3.65174e-06 0
3.81285e-06 0
3.98107e-06 0
4.15671e-06 0
4.3401e-06 0
4.53158e-06 0
4.73151e-06 0
4.94026e-06 0
5.15822e-06 0
5.3858e-06 0
5.62341e-06 0
5.87151e-06 0
6.13056e-06 0
6.40103e-06 0
6.68344e-06 0
6.97831e-06 0
7.28618e-06 0
7.60764e-06 0
7.94328e-06 0
8.29373e-06 0
8.65964e-06 0
9.0417e-06 0
9.44061e-06 0
9.85712e-06 0
1.0292e-05 0
1.07461e-05 0
1.12202e-05 0
1.17152e-05 0
1.22321e-05 0
1.27717e-05 0
1.33352e-05 0
1.39236e-05 115.117
1.45378e-05 0
1.51792e-05 0
1.58489e-05 0
1.65482e-05 0
1.72783e-05 0
1.80406e-05 0
1.88365e-05 0
1.96675e-05 0
2.05353e-05 0
2.14412e-05 0
2.23872e-05 0
2.33749e-05 0
2.44062e-05 0
2.5483e-05 0
2.66073e-05 0
2.77811e-05 0
2.90068e-05 0
3.02866e-05 0
3.16228e-05 0
3.30179e-05 0
3.44747e-05 0
3.59956e-05 60.5353
3.75837e-05 0
3.92419e-05 0
4.09732e-05 0
4.27809e-05 0
4.46684e-05 0
4.66391e-05 0
4.86968e-05 0
5.08452e-05 0
5.30884e-05 0
5.54307e-05 0
5.78762e-05 0
6.04296e-05 0
6.30957e-05 0
6.58795e-05 0
6.8786e-05 0
7.18208e-05 0
7.49894e-05 0
7.82979e-05 0
8.17523e-05 0
8.53591e-05 0
8.91251e-05 0
9.30572e-05 0
9.71628e-05 0
0.00010145 0
0.000105925 0
0.000110599 0
0.000115478 0
0.000120573 0
0.000125893 0
0.000131447 0
0.000137246 0
0.000143301 0
0.000149624 61.8829
0.000156225 0
0.000163117 0
0.000170314 0
0.000177828 0
0.000185674 0
0.000193865 115.728
0.000202418 0
0.000211349 0
0.000220673 0
0.000230409 0
0.000240575 0
0.000251189 0
0.000262271 0
0.000273842 0
0.000285924 0
0.000298538 0
0.000311709 0
0.000325462 0
0.000339821 0
0.000354813 0
0.000370467 0
0.000386812 0
0.000403878 0
0.000421697 95.0476
0.000440301 0
0.000459727 0
0.00048001 104.226
0.000501187 0
0.000523299 0
0.000546387 0
0.000570493 0
0.000595662 0
0.000621942 0
0.000649382 0
0.000678032 0
0.000707946 0
0.00073918 0
0.000771792 0
0.000805842 0
0.000841395 0
0.000878517 0
0.000917276 0
0.000957745 0
0.001 0
0.00104412 0
0.00109018 0
0.00113828 0
0.0011885 0
0.00124094 0
0.00129569 0
0.00135285 115.82
0.00141254 0
0.00147486 0
0.00153993 0
0.00160787 0
0.0016788 0
0.00175287 0
0.00183021 71.4449
0.00191095 0
0.00199526 0
0.00208329 0
0.0021752 0
0.00227117 0
0.00237137 0
0.002476 0
0.00258523 0
0.00269929 0
0.00281838 0
0.00294273 0
0.00307256 0
0.00320812 0
0.00334965 0
0.00349744 0
0.00365174 0
0.00381285 0
0.00398107 0
0.00415671 0
0.0043401 0
0.00453158 0
0.00473151 0
0.00494026 0
0.00515822 0
0.0053858 0
0.00562341 0
0.00587151 0
0.00613056 0
0.00640103 0
0.00668344 0
0.00697831 0
0.00728618 0
0.00760764 0
0.00794328 0
0.00829373 0
0.00865964 0
0.0090417 0
0.00944061 0
0.00985712 93.2196
0.010292 0
0.0107461 0
0.0112202 0
0.0117152 0
0.0122321 0
0.0127717 109.359
0.0133352 0
0.0139236 0
0.0145378 0
0.0151792 0
0.0158489 0
0.0165482 0
0.0172783 0
0.0180406 0
0.0188365 0
0.0196675 0
0.0205353 0
0.0214412 101.681
0.0223872 0
0.0233749 0
0.0244062 0
0.025483 0
0.0266073 102.037
0.0277811 0
0.0290068 0
0.0302866 0
0.0316228 0
0.0330179 0
0.0344747 0
0.0359956 0
0.0375837 0
0.0392419 61.1243
0.0409732 0
0.0427809 93.1168
0.0446684 0
0.0466391 0
0.0486968 0
0.0508452 0
0.0530884 0
0.0554307 115.084
0.0578762 0
0.0604296 119.233
0.0630957 171.319
0.0658795 0
0.068786 116.021
0.0718208 0
0.0749894 0
0.0782979 91.8049
0.0817523 240.67
0.0853591 0
0.0891251 0
0.0930572 0
0.0971628 0
0.10145 0
0.105925 0
0.110599 33.5745
0.115478 116.836
0.120573 54.7029
0.125893 99.8819
0.131447 117.48
0.137246 499.155
0.143301 0
0.149624 103.683
0.156225 114.415
0.163117 124.751
0.170314 200.163
0.177828 164.543
0.185674 332.447
0.193865 0
0.202418 197.261
0.211349 202.535
0.220673 245.435
0.230409 228.434
0.240575 453.791
0.251189 301.91
0.262271 0
0.273842 475.754
0.285924 19.4792
0.298538 718.138
0.311709 719.489
0.325462 305.587
0.339821 225.455
0.354813 442.739
0.370467 406.078
0.386812 270.003
0.403878 319.786
0.421697 134.001
0.440301 590.631
0.459727 721.778
0.48001 633.923
0.501187 404.668
0.523299 386.802
0.546387 649.229
0.570493 107.87
0.595662 409.323
0.621942 866.289
0.649382 956.205
0.678032 1028.93
0.707946 965.653
0.73918 351.472
0.771792 781.701
0.805842 398.743
0.841395 569.446
0.878517 378.621
0.917276 910.382
0.957745 1631.96
1 523.397
1.04412 765.697
1.09018 546.158
1.13828 848.324
1.1885 627.269
1.24094 1297.07
1.29569 532.725
1.35285 891.818
1.41254 1103.66
1.47486 432.019
1.53993 273.591
1.60787 495.177
1.6788 851.853
1.75287 1180.99
1.83021 1096.68
1.91095 790.289
1.99526 352.084
2.08329 260.995
2.1752 847.309
2.27117 343.358
2.37137 489.784
2.476 685.709
2.58523 468.015
2.69929 485.822
2.81838 748.11
2.94273 576.488
3.07256 575.676
3.20812 290.099
3.34965 576.088
3.49744 724.327
3.65174 573.178
3.81285 628.099
3.98107 84.2149
4.15671 593.601
4.3401 403.328
4.53158 461.217
4.73151 495.893
4.94026 599.494
5.15822 352.838
5.3858 211.235
5.62341 189.959
5.87151 391.734
6.13056 550.655
6.40103 456.529
6.68344 302.882
6.97831 380.294
7.28618 880.862
7.60764 309.205
7.94328 145.18
8.29373 164.713
8.65964 439.557
9.0417 756.287
9.44061 206.51
9.85712 245.619
10.292 262.754
10.7461 431.48
11.2202 214.383
11.7152 858.667
12.2321 586.545
12.7717 400.374
13.3352 172.324
13.9236 613.222
14.5378 371.692
15.1792 490.168
15.8489 324.209
16.5482 250.169
17.2783 352.457
18.0406 1007.48
18.8365 628.597
19.6675 502.825
20.5353 489.564
21.4412 522.948
22.3872 324.468
23.3749 904.318
24.4062 519.505
25.483 574.757
26.6073 798.086
27.7811 351.446
29.0068 493.215
30.2866 928.55
31.6228 351.357
33.0179 66.048
34.4747 586.468
35.9956 350.516
37.5837 1271.05
39.2419 777.07
40.9732 661.01
42.7809 524.081
44.6684 773.329
46.6391 1012.89
48.6968 687.807
50.8452 1109.91
53.0884 689.874
55.4307 858.001
57.8762 669.286
60.4296 740.87
63.0957 1292.4
65.8795 863.927
68.786 811.36
71.8208 1226.03
74.9894 1189.41
78.2979 1401.02
81.7523 707.938
85.3591 1183.48
89.1251 577.802
93.0572 1094.44
97.1628 898.838
101.45 1169.04
105.925 1172.7
110.599 834.894
115.478 1227.53
120.573 1292.98
125.893 1327.61
131.447 1092.48
137.246 1162.46
143.301 989.116
149.624 1485.27
156.225 1204.08
163.117 1108.1
170.314 1011.97
177.828 1110.79
185.674 1099.09
193.865 687.027
202.418 571.576
211.349 945.671
220.673 956.951
230.409 546.601
240.575 663.628
251.189 647.965
262.271 876.921
273.842 563.324
285.924 187.67
298.538 482.252
311.709 412.767
325.462 452.333
339.821 405.848
354.813 433.581
370.467 156.341
386.812 112.307
403.878 207.546
421.697 309.998
440.301 141.878
459.727 75.5268
480.01 72.1611
501.187 0
523.299 63.9107
546.387 63.6778
570.493 0
595.662 111.836
621.942 0
649.382 58.8992
678.032 0
707.946 0
739.18 0
771.792 0
805.842 0
841.395 0
878.517 0
917.276 0
957.745 0
1000 0
