# First line is two numbers 
#     First value is '2', it means 'histogram mode'
#     Second value is 'Emin' of the histogram
# Other lines : 2 columns. 1) energy 2) probability (nb divided by NbEvent)
# Number of bins = 480
# Content below the first bin: 2342.36
# Content above the last  bin: 0
# Content above the last  bin: 0
# Number of events: 209000
2 1e-06
1.04412e-06 0
1.09018e-06 0
1.13828e-06 0
1.1885e-06 35.3956
1.24094e-06 0
1.29569e-06 0
1.35285e-06 0
1.41254e-06 0
1.47486e-06 0
1.53993e-06 0
1.60787e-06 0
1.6788e-06 0
1.75287e-06 0
1.83021e-06 0
1.91095e-06 0
1.99526e-06 0
2.08329e-06 0
2.1752e-06 0
2.27117e-06 0
2.37137e-06 0
2.476e-06 0
2.58523e-06 0
2.69929e-06 0
2.81838e-06 0
2.94273e-06 0
3.07256e-06 0
3.20812e-06 0
3.34965e-06 0
3.49744e-06 0
3.65174e-06 0
3.81285e-06 0
3.98107e-06 11.075
4.15671e-06 0
4.3401e-06 0
4.53158e-06 0
4.73151e-06 0
4.94026e-06 0
5.15822e-06 0
5.3858e-06 0
5.62341e-06 0
5.87151e-06 0
6.13056e-06 0
6.40103e-06 0
6.68344e-06 0
6.97831e-06 0
7.28618e-06 0
7.60764e-06 0
7.94328e-06 0
8.29373e-06 0
8.65964e-06 0
9.0417e-06 0
9.44061e-06 0
9.85712e-06 0
1.0292e-05 0
1.07461e-05 0
1.12202e-05 0
1.17152e-05 0
1.22321e-05 0
1.27717e-05 0
1.33352e-05 0
1.39236e-05 0
1.45378e-05 0
1.51792e-05 0
1.58489e-05 0
1.65482e-05 0
1.72783e-05 0
1.80406e-05 0
1.88365e-05 0
1.96675e-05 0
2.05353e-05 0
2.14412e-05 0
2.23872e-05 0
2.33749e-05 0
2.44062e-05 0
2.5483e-05 0
2.66073e-05 0
2.77811e-05 0
2.90068e-05 0
3.02866e-05 0
3.16228e-05 0
3.30179e-05 0
3.44747e-05 0
3.59956e-05 110.587
3.75837e-05 0
3.92419e-05 0
4.09732e-05 0
4.27809e-05 0
4.46684e-05 0
4.66391e-05 0
4.86968e-05 0
5.08452e-05 0
5.30884e-05 0
5.54307e-05 0
5.78762e-05 0
6.04296e-05 0
6.30957e-05 0
6.58795e-05 0
6.8786e-05 0
7.18208e-05 30.0487
7.49894e-05 0
7.82979e-05 0
8.17523e-05 0
8.53591e-05 0
8.91251e-05 0
9.30572e-05 0
9.71628e-05 0
0.00010145 0
0.000105925 0
0.000110599 0
0.000115478 0
0.000120573 0
0.000125893 0
0.000131447 0
0.000137246 0
0.000143301 0
0.000149624 0
0.000156225 0
0.000163117 0
0.000170314 0
0.000177828 0
0.000185674 0
0.000193865 0
0.000202418 0
0.000211349 57.9509
0.000220673 117.446
0.000230409 0
0.000240575 0
0.000251189 0
0.000262271 0
0.000273842 0
0.000285924 0
0.000298538 88.3961
0.000311709 0
0.000325462 0
0.000339821 0
0.000354813 0
0.000370467 0
0.000386812 0
0.000403878 0
0.000421697 0
0.000440301 82.1835
0.000459727 0
0.00048001 92.6568
0.000501187 0
0.000523299 0
0.000546387 0
0.000570493 0
0.000595662 0
0.000621942 104.136
0.000649382 0
0.000678032 0
0.000707946 0
0.00073918 0
0.000771792 0
0.000805842 0
0.000841395 0
0.000878517 0
0.000917276 0
0.000957745 0
0.001 0
0.00104412 107.894
0.00109018 0
0.00113828 0
0.0011885 0
0.00124094 26.8491
0.00129569 0
0.00135285 0
0.00141254 0
0.00147486 0
0.00153993 0
0.00160787 0
0.0016788 0
0.00175287 0
0.00183021 0
0.00191095 0
0.00199526 0
0.00208329 0
0.0021752 85.5334
0.00227117 0
0.00237137 0
0.002476 0
0.00258523 0
0.00269929 0
0.00281838 80.2914
0.00294273 0
0.00307256 0
0.00320812 0
0.00334965 0
0.00349744 0
0.00365174 0
0.00381285 0
0.00398107 0
0.00415671 0
0.0043401 0
0.00453158 0
0.00473151 0
0.00494026 0
0.00515822 15.6716
0.0053858 0
0.00562341 0
0.00587151 0
0.00613056 0
0.00640103 0
0.00668344 0
0.00697831 0
0.00728618 0
0.00760764 105.301
0.00794328 0
0.00829373 0
0.00865964 0
0.0090417 97.6498
0.00944061 0
0.00985712 0
0.010292 0
0.0107461 0
0.0112202 0
0.0117152 0
0.0122321 0
0.0127717 0
0.0133352 0
0.0139236 0
0.0145378 0
0.0151792 0
0.0158489 0
0.0165482 0
0.0172783 0
0.0180406 0
0.0188365 102.987
0.0196675 0
0.0205353 0
0.0214412 0
0.0223872 0
0.0233749 0
0.0244062 0
0.025483 0
0.0266073 0
0.0277811 21.3643
0.0290068 0
0.0302866 0
0.0316228 0
0.0330179 90.985
0.0344747 61.5977
0.0359956 0
0.0375837 0
0.0392419 36.6877
0.0409732 0
0.0427809 93.7847
0.0446684 100.015
0.0466391 105.738
0.0486968 0
0.0508452 106.719
0.0530884 0
0.0554307 52.9406
0.0578762 0
0.0604296 0
0.0630957 159.91
0.0658795 92.2421
0.068786 0
0.0718208 34.4582
0.0749894 33.5349
0.0782979 0
0.0817523 75.0491
0.0853591 0
0.0891251 0
0.0930572 98.887
0.0971628 0
0.10145 106.499
0.105925 152.74
0.110599 211.485
0.115478 110.354
0.120573 193.115
0.125893 0
0.131447 94.0799
0.137246 420.653
0.143301 110.859
0.149624 98.5032
0.156225 136.877
0.163117 69.6645
0.170314 125.913
0.177828 67.6317
0.185674 447.116
0.193865 106.343
0.202418 105.492
0.211349 311.541
0.220673 141.379
0.230409 314.364
0.240575 191.59
0.251189 81.9708
0.262271 96.1576
0.273842 277.842
0.285924 589.867
0.298538 148.326
0.311709 627.78
0.325462 318.751
0.339821 423.289
0.354813 518.006
0.370467 104.197
0.386812 465.932
0.403878 174.464
0.421697 98.4935
0.440301 339.868
0.459727 451.269
0.48001 596.356
0.501187 358.452
0.523299 447.692
0.546387 637.339
0.570493 381.471
0.595662 527.023
0.621942 642.807
0.649382 1263.22
0.678032 705.929
0.707946 831.078
0.73918 519.941
0.771792 1156.87
0.805842 689.402
0.841395 1010.34
0.878517 446.695
0.917276 694.18
0.957745 1004.66
1 571.839
1.04412 1151.32
1.09018 346.677
1.13828 971.999
1.1885 858.595
1.24094 794.116
1.29569 766.412
1.35285 569.313
1.41254 691.108
1.47486 449.643
1.53993 912.381
1.60787 680.145
1.6788 831.391
1.75287 622.642
1.83021 447.188
1.91095 702.945
1.99526 1423.92
2.08329 739.023
2.1752 878.989
2.27117 706.522
2.37137 908.879
2.476 859.78
2.58523 431.997
2.69929 510.297
2.81838 431.924
2.94273 622.67
3.07256 1060.09
3.20812 453.048
3.34965 339.16
3.49744 471.161
3.65174 865.529
3.81285 588.161
3.98107 95.9562
4.15671 755.419
4.3401 456.954
4.53158 307.279
4.73151 541.093
4.94026 436.46
5.15822 450.787
5.3858 315.386
5.62341 461.512
5.87151 514.752
6.13056 421.326
6.40103 543.619
6.68344 384.665
6.97831 412.592
7.28618 352.778
7.60764 244.188
7.94328 134.173
8.29373 568.951
8.65964 207.865
9.0417 491.428
9.44061 415.809
9.85712 310.393
10.292 275.128
10.7461 207.759
11.2202 270.606
11.7152 231.651
12.2321 661.459
12.7717 388.514
13.3352 222.321
13.9236 691.187
14.5378 733.633
15.1792 464.107
15.8489 302.801
16.5482 557.129
17.2783 594.617
18.0406 342.538
18.8365 292.495
19.6675 399.761
20.5353 421.275
21.4412 481.372
22.3872 503.928
23.3749 614.075
24.4062 607.719
25.483 595.334
26.6073 521.001
27.7811 327.899
29.0068 489.321
30.2866 665.845
31.6228 584.578
33.0179 340.675
34.4747 599.82
35.9956 481.538
37.5837 697.28
39.2419 559.857
40.9732 481.001
42.7809 407.179
44.6684 889.881
46.6391 665.008
48.6968 674.148
50.8452 1200.86
53.0884 1166.74
55.4307 1401.74
57.8762 742.466
60.4296 953.531
63.0957 731.698
65.8795 868.213
68.786 987.78
71.8208 1232.72
74.9894 1534.93
78.2979 1146.45
81.7523 806.391
85.3591 995.179
89.1251 868.173
93.0572 1093.49
97.1628 820.06
101.45 1146.41
105.925 1361.74
110.599 672.658
115.478 1143.17
120.573 1957.18
125.893 983.054
131.447 1443.9
137.246 1028.6
143.301 922.689
149.624 926.267
156.225 1246.92
163.117 411.37
170.314 976.074
177.828 691.279
185.674 904.97
193.865 1137.57
202.418 973.725
211.349 510.546
220.673 850.002
230.409 904.624
240.575 764.797
251.189 503.391
262.271 898.594
273.842 168.634
285.924 461.077
298.538 730.561
311.709 25.4806
325.462 524.474
339.821 508.531
354.813 302.144
370.467 360.539
386.812 343.576
403.878 0
421.697 0
440.301 211.937
459.727 151.475
480.01 41.1741
501.187 0
523.299 7.90791
546.387 0
570.493 0
595.662 0
621.942 73.154
649.382 0
678.032 0
707.946 0
739.18 0
771.792 0
805.842 0
841.395 0
878.517 0
917.276 0
957.745 0
1000 0
