# First line is two numbers 
#     First value is '2', it means 'histogram mode'
#     Second value is 'Emin' of the histogram
# Other lines : 2 columns. 1) energy 2) probability (nb divided by NbEvent)
# Number of bins = 480
# Content below the first bin: 2844.07
# Content above the last  bin: 0
# Content above the last  bin: 0
# Number of events: 209000
2 1e-06
1.04412e-06 99.2105
1.09018e-06 0
1.13828e-06 0
1.1885e-06 0
1.24094e-06 0
1.29569e-06 0
1.35285e-06 0
1.41254e-06 0
1.47486e-06 0
1.53993e-06 0
1.60787e-06 0
1.6788e-06 0
1.75287e-06 0
1.83021e-06 0
1.91095e-06 0
1.99526e-06 0
2.08329e-06 0
2.1752e-06 0
2.27117e-06 0
2.37137e-06 0
2.476e-06 0
2.58523e-06 0
2.69929e-06 0
2.81838e-06 0
2.94273e-06 0
3.07256e-06 0
3.20812e-06 0
3.34965e-06 0
3.49744e-06 0
3.65174e-06 0
3.81285e-06 0
3.98107e-06 0
4.15671e-06 0
4.3401e-06 0
4.53158e-06 0
4.73151e-06 0
4.94026e-06 0
5.15822e-06 0
5.3858e-06 0
5.62341e-06 0
5.87151e-06 0
6.13056e-06 0
6.40103e-06 0
6.68344e-06 0
6.97831e-06 0
7.28618e-06 0
7.60764e-06 0
7.94328e-06 0
8.29373e-06 0
8.65964e-06 0
9.0417e-06 0
9.44061e-06 0
9.85712e-06 0
1.0292e-05 0
1.07461e-05 0
1.12202e-05 0
1.17152e-05 0
1.22321e-05 0
1.27717e-05 0
1.33352e-05 0
1.39236e-05 0
1.45378e-05 0
1.51792e-05 0
1.58489e-05 0
1.65482e-05 0
1.72783e-05 0
1.80406e-05 0
1.88365e-05 0
1.96675e-05 0
2.05353e-05 0
2.14412e-05 0
2.23872e-05 0
2.33749e-05 0
2.44062e-05 0
2.5483e-05 0
2.66073e-05 0
2.77811e-05 0
2.90068e-05 0
3.02866e-05 0
3.16228e-05 0
3.30179e-05 0
3.44747e-05 65.3751
3.59956e-05 0
3.75837e-05 0
3.92419e-05 0
4.09732e-05 0
4.27809e-05 0
4.46684e-05 0
4.66391e-05 0
4.86968e-05 0
5.08452e-05 0
5.30884e-05 0
5.54307e-05 0
5.78762e-05 0
6.04296e-05 0
6.30957e-05 0
6.58795e-05 0
6.8786e-05 0
7.18208e-05 0
7.49894e-05 0
7.82979e-05 0
8.17523e-05 0
8.53591e-05 0
8.91251e-05 0
9.30572e-05 0
9.71628e-05 0
0.00010145 0
0.000105925 0
0.000110599 0
0.000115478 0
0.000120573 0
0.000125893 0
0.000131447 0
0.000137246 0
0.000143301 0
0.000149624 0
0.000156225 102.029
0.000163117 0
0.000170314 20.3731
0.000177828 0
0.000185674 0
0.000193865 0
0.000202418 0
0.000211349 0
0.000220673 0
0.000230409 0
0.000240575 0
0.000251189 0
0.000262271 0
0.000273842 0
0.000285924 0
0.000298538 0
0.000311709 0
0.000325462 0
0.000339821 0
0.000354813 0
0.000370467 0
0.000386812 0
0.000403878 0
0.000421697 0
0.000440301 0
0.000459727 0
0.00048001 0
0.000501187 0
0.000523299 0
0.000546387 0
0.000570493 0
0.000595662 0
0.000621942 0
0.000649382 0
0.000678032 0
0.000707946 0
0.00073918 0
0.000771792 0
0.000805842 0
0.000841395 0
0.000878517 0
0.000917276 0
0.000957745 0
0.001 32.8696
0.00104412 0
0.00109018 0
0.00113828 0
0.0011885 0
0.00124094 0
0.00129569 0
0.00135285 0
0.00141254 85.5148
0.00147486 0
0.00153993 0
0.00160787 0
0.0016788 0
0.00175287 0
0.00183021 0
0.00191095 0
0.00199526 0
0.00208329 71.8431
0.0021752 0
0.00227117 0
0.00237137 0
0.002476 0
0.00258523 0
0.00269929 0
0.00281838 0
0.00294273 0
0.00307256 0
0.00320812 0
0.00334965 0
0.00349744 56.1581
0.00365174 0
0.00381285 0
0.00398107 0
0.00415671 0
0.0043401 0
0.00453158 0
0.00473151 34.1618
0.00494026 0
0.00515822 0
0.0053858 0
0.00562341 0
0.00587151 0
0.00613056 0
0.00640103 0
0.00668344 0
0.00697831 0
0.00728618 0
0.00760764 0
0.00794328 0
0.00829373 0
0.00865964 0
0.0090417 0
0.00944061 0
0.00985712 0
0.010292 0
0.0107461 0
0.0112202 0
0.0117152 0
0.0122321 0
0.0127717 0
0.0133352 18.4252
0.0139236 0
0.0145378 88.2666
0.0151792 0
0.0158489 0
0.0165482 0
0.0172783 0
0.0180406 0
0.0188365 0
0.0196675 0
0.0205353 0
0.0214412 0
0.0223872 0
0.0233749 61.9646
0.0244062 0
0.025483 110.739
0.0266073 0
0.0277811 182.193
0.0290068 0
0.0302866 0
0.0316228 0
0.0330179 40.8821
0.0344747 0
0.0359956 0
0.0375837 0
0.0392419 0
0.0409732 0
0.0427809 0
0.0446684 0
0.0466391 92.1318
0.0486968 0
0.0508452 0
0.0530884 0
0.0554307 0
0.0578762 0
0.0604296 0
0.0630957 0
0.0658795 0
0.068786 0
0.0718208 208.598
0.0749894 104.519
0.0782979 0
0.0817523 78.5917
0.0853591 37.8909
0.0891251 0
0.0930572 0
0.0971628 93.3688
0.10145 66.5787
0.105925 0
0.110599 228.846
0.115478 0
0.120573 0
0.125893 141.165
0.131447 161.542
0.137246 161.072
0.143301 0
0.149624 29.9212
0.156225 79.9191
0.163117 74.1247
0.170314 19.228
0.177828 90.7822
0.185674 395.657
0.193865 90.9808
0.202418 126.633
0.211349 17.2691
0.220673 671.302
0.230409 0
0.240575 202.262
0.251189 125.633
0.262271 429.46
0.273842 370.869
0.285924 116.936
0.298538 289.352
0.311709 316.649
0.325462 305.903
0.339821 295.325
0.354813 439.543
0.370467 304.544
0.386812 658.927
0.403878 390.941
0.421697 290.312
0.440301 540.931
0.459727 0
0.48001 685.999
0.501187 445.775
0.523299 431.76
0.546387 257.059
0.570493 83.1666
0.595662 791.336
0.621942 392.663
0.649382 1216.03
0.678032 710.102
0.707946 1365.47
0.73918 313.022
0.771792 747.232
0.805842 136.41
0.841395 990.731
0.878517 451.015
0.917276 1287.58
0.957745 819.355
1 975.432
1.04412 660.777
1.09018 1024.81
1.13828 386.105
1.1885 826.37
1.24094 935.051
1.29569 240.259
1.35285 765.702
1.41254 1522.43
1.47486 740.318
1.53993 758.991
1.60787 454.22
1.6788 745.394
1.75287 576.469
1.83021 508.347
1.91095 1050
1.99526 740.037
2.08329 463.967
2.1752 790.284
2.27117 588.504
2.37137 1132.58
2.476 717.537
2.58523 849.116
2.69929 810.171
2.81838 492.538
2.94273 786.777
3.07256 926.409
3.20812 612.117
3.34965 347.174
3.49744 382.484
3.65174 483.077
3.81285 217.555
3.98107 432.668
4.15671 741.241
4.3401 524.189
4.53158 398.828
4.73151 161.632
4.94026 444.483
5.15822 283.353
5.3858 460.909
5.62341 698.784
5.87151 280.8
6.13056 245.338
6.40103 729.831
6.68344 348.42
6.97831 625.463
7.28618 440.852
7.60764 448.719
7.94328 451.418
8.29373 237.948
8.65964 77.7202
9.0417 553.346
9.44061 484.414
9.85712 217.499
10.292 695.735
10.7461 278.805
11.2202 245.892
11.7152 757.405
12.2321 148.373
12.7717 296.755
13.3352 415.058
13.9236 500.669
14.5378 321.687
15.1792 517.865
15.8489 494.445
16.5482 114.375
17.2783 208.186
18.0406 478.295
18.8365 510.373
19.6675 294.222
20.5353 730.331
21.4412 565.13
22.3872 215.851
23.3749 326.897
24.4062 773.819
25.483 480.562
26.6073 984.406
27.7811 351.955
29.0068 322.597
30.2866 510.636
31.6228 586.4
33.0179 674.472
34.4747 463.428
35.9956 896.747
37.5837 574.327
39.2419 546.738
40.9732 1613.04
42.7809 458.785
44.6684 915.182
46.6391 809.066
48.6968 1344.88
50.8452 620.664
53.0884 785.825
55.4307 676.929
57.8762 902.19
60.4296 747.216
63.0957 1202.44
65.8795 849.57
68.786 928.041
71.8208 1377.97
74.9894 455.069
78.2979 1070.32
81.7523 1346.63
85.3591 973.811
89.1251 1040.05
93.0572 799.912
97.1628 733.684
101.45 1049.91
105.925 926.695
110.599 999.469
115.478 1579.31
120.573 1457.1
125.893 1594.53
131.447 821.009
137.246 1143.91
143.301 1550.97
149.624 273.991
156.225 1346.73
163.117 1304.56
170.314 1240.8
177.828 446.22
185.674 424.86
193.865 1207.02
202.418 352.552
211.349 620.43
220.673 928.455
230.409 463.486
240.575 289.59
251.189 784.161
262.271 613.598
273.842 494.343
285.924 491.411
298.538 503.225
311.709 329.405
325.462 409.458
339.821 430.862
354.813 0
370.467 314.802
386.812 204.183
403.878 0
421.697 178.599
440.301 0
459.727 78.8256
480.01 0
501.187 75.4456
523.299 50.6944
546.387 0
570.493 0
595.662 207.604
621.942 0
649.382 115.942
678.032 0
707.946 78.0518
739.18 0
771.792 0
805.842 0
841.395 0
878.517 0
917.276 0
957.745 0
1000 0
