# First line is two numbers 
#     First value is '2', it means 'histogram mode'
#     Second value is 'Emin' of the histogram
# Other lines : 2 columns. 1) energy 2) probability (nb divided by NbEvent)
# Number of bins = 480
# Content below the first bin: 0
# Content above the last  bin: 0
# Content above the last  bin: 0
# Number of events: 209000
2 1e-06
1.04412e-06 0
1.09018e-06 0
1.13828e-06 0
1.1885e-06 0
1.24094e-06 0
1.29569e-06 0
1.35285e-06 0
1.41254e-06 0
1.47486e-06 0
1.53993e-06 0
1.60787e-06 0
1.6788e-06 0
1.75287e-06 0
1.83021e-06 0
1.91095e-06 0
1.99526e-06 0
2.08329e-06 0
2.1752e-06 0
2.27117e-06 0
2.37137e-06 0
2.476e-06 0
2.58523e-06 0
2.69929e-06 0
2.81838e-06 0
2.94273e-06 0
3.07256e-06 0
3.20812e-06 0
3.34965e-06 0
3.49744e-06 0
3.65174e-06 0
3.81285e-06 0
3.98107e-06 0
4.15671e-06 0
4.3401e-06 0
4.53158e-06 0
4.73151e-06 0
4.94026e-06 0
5.15822e-06 0
5.3858e-06 0
5.62341e-06 0
5.87151e-06 0
6.13056e-06 0
6.40103e-06 0
6.68344e-06 0
6.97831e-06 0
7.28618e-06 0
7.60764e-06 0
7.94328e-06 0
8.29373e-06 0
8.65964e-06 0
9.0417e-06 0
9.44061e-06 0
9.85712e-06 0
1.0292e-05 0
1.07461e-05 0
1.12202e-05 0
1.17152e-05 0
1.22321e-05 0
1.27717e-05 0
1.33352e-05 0
1.39236e-05 0
1.45378e-05 0
1.51792e-05 0
1.58489e-05 0
1.65482e-05 0
1.72783e-05 0
1.80406e-05 0
1.88365e-05 0
1.96675e-05 0
2.05353e-05 0
2.14412e-05 0
2.23872e-05 0
2.33749e-05 0
2.44062e-05 0
2.5483e-05 0
2.66073e-05 0
2.77811e-05 0
2.90068e-05 0
3.02866e-05 0
3.16228e-05 0
3.30179e-05 0
3.44747e-05 0
3.59956e-05 0
3.75837e-05 0
3.92419e-05 0
4.09732e-05 0
4.27809e-05 0
4.46684e-05 0
4.66391e-05 0
4.86968e-05 0
5.08452e-05 0
5.30884e-05 0
5.54307e-05 0
5.78762e-05 0
6.04296e-05 0
6.30957e-05 0
6.58795e-05 0
6.8786e-05 0
7.18208e-05 0
7.49894e-05 0
7.82979e-05 0
8.17523e-05 0
8.53591e-05 0
8.91251e-05 0
9.30572e-05 0
9.71628e-05 0
0.00010145 0
0.000105925 0
0.000110599 0
0.000115478 0
0.000120573 0
0.000125893 0
0.000131447 0
0.000137246 0
0.000143301 0
0.000149624 0
0.000156225 0
0.000163117 0
0.000170314 0
0.000177828 0
0.000185674 0
0.000193865 0
0.000202418 0
0.000211349 0
0.000220673 0
0.000230409 0
0.000240575 0
0.000251189 0
0.000262271 0
0.000273842 0
0.000285924 0
0.000298538 0
0.000311709 0
0.000325462 0
0.000339821 0
0.000354813 0
0.000370467 0
0.000386812 0
0.000403878 0
0.000421697 0
0.000440301 0
0.000459727 0
0.00048001 0
0.000501187 0
0.000523299 0
0.000546387 0
0.000570493 0
0.000595662 0
0.000621942 0
0.000649382 0
0.000678032 0
0.000707946 0
0.00073918 0
0.000771792 0
0.000805842 0
0.000841395 0
0.000878517 0
0.000917276 0
0.000957745 0
0.001 0
0.00104412 0
0.00109018 0
0.00113828 0
0.0011885 0
0.00124094 0
0.00129569 0
0.00135285 0
0.00141254 0
0.00147486 0
0.00153993 0
0.00160787 0
0.0016788 47.1532
0.00175287 0
0.00183021 0
0.00191095 0
0.00199526 0
0.00208329 0
0.0021752 0
0.00227117 0
0.00237137 102.175
0.002476 0
0.00258523 0
0.00269929 0
0.00281838 0
0.00294273 114.131
0.00307256 0
0.00320812 0
0.00334965 0
0.00349744 0
0.00365174 118.818
0.00381285 0
0.00398107 0
0.00415671 0
0.0043401 0
0.00453158 0
0.00473151 75.1734
0.00494026 0
0.00515822 0
0.0053858 0
0.00562341 0
0.00587151 0
0.00613056 0
0.00640103 0
0.00668344 0
0.00697831 0
0.00728618 0
0.00760764 0
0.00794328 0
0.00829373 84.1637
0.00865964 45.0372
0.0090417 109.267
0.00944061 0
0.00985712 0
0.010292 68.5687
0.0107461 0
0.0112202 23.0887
0.0117152 94.96
0.0122321 141.241
0.0127717 273.792
0.0133352 72.6934
0.0139236 0
0.0145378 29.4997
0.0151792 245.073
0.0158489 0
0.0165482 187.413
0.0172783 310.058
0.0180406 22.9737
0.0188365 0
0.0196675 81.8897
0.0205353 57.6864
0.0214412 191.413
0.0223872 314.605
0.0233749 0
0.0244062 276.476
0.025483 110.28
0.0266073 44.129
0.0277811 621.085
0.0290068 363.828
0.0302866 319.334
0.0316228 316.691
0.0330179 1029.96
0.0344747 712.352
0.0359956 277.602
0.0375837 728.781
0.0392419 684.844
0.0409732 876.055
0.0427809 500.321
0.0446684 800.645
0.0466391 762.03
0.0486968 166.938
0.0508452 581.147
0.0530884 426.267
0.0554307 595.566
0.0578762 386.537
0.0604296 757.644
0.0630957 1085.14
0.0658795 1167.05
0.068786 631.867
0.0718208 1024.91
0.0749894 863.929
0.0782979 995.905
0.0817523 901.518
0.0853591 1452.89
0.0891251 1164.5
0.0930572 1132.11
0.0971628 1818.55
0.10145 1101.74
0.105925 1303.48
0.110599 1699.95
0.115478 1697.35
0.120573 1713.98
0.125893 1811.89
0.131447 1596.34
0.137246 2017.69
0.143301 870.619
0.149624 1685.15
0.156225 1312.85
0.163117 1847.65
0.170314 1712.65
0.177828 2287.73
0.185674 1979.68
0.193865 1649.49
0.202418 2320.61
0.211349 1962.95
0.220673 2193.93
0.230409 1518.89
0.240575 2157.11
0.251189 2103.03
0.262271 1898.53
0.273842 1994.17
0.285924 1664.91
0.298538 1974.8
0.311709 1783.57
0.325462 1904.59
0.339821 2209.99
0.354813 2265.35
0.370467 2182.38
0.386812 1690.23
0.403878 2329.2
0.421697 2179.96
0.440301 2038.54
0.459727 1207.33
0.48001 1848.75
0.501187 1844.85
0.523299 1861.02
0.546387 1844.25
0.570493 2116.34
0.595662 1402.91
0.621942 2490.5
0.649382 2340.48
0.678032 1682.02
0.707946 1711.8
0.73918 2172.05
0.771792 1591.35
0.805842 1096.49
0.841395 1635.91
0.878517 1006.49
0.917276 1431.03
0.957745 1305.36
1 1405.97
1.04412 1164.43
1.09018 536.369
1.13828 1268.27
1.1885 1160.01
1.24094 1021.08
1.29569 708.579
1.35285 1011.09
1.41254 1122.07
1.47486 754.114
1.53993 729.005
1.60787 680.481
1.6788 588.574
1.75287 697.719
1.83021 426.182
1.91095 446.648
1.99526 1164.34
2.08329 682.094
2.1752 366.596
2.27117 180.689
2.37137 640.354
2.476 304.275
2.58523 149.705
2.69929 154.88
2.81838 750.438
2.94273 174.435
3.07256 242.176
3.20812 397.487
3.34965 87.9143
3.49744 160.298
3.65174 390.504
3.81285 353.321
3.98107 536.359
4.15671 627.009
4.3401 191.36
4.53158 241.267
4.73151 170.935
4.94026 328.621
5.15822 316.105
5.3858 488.286
5.62341 112.089
5.87151 372.448
6.13056 160.894
6.40103 284.93
6.68344 38.1033
6.97831 0
7.28618 39.5291
7.60764 285.118
7.94328 308.076
8.29373 123.86
8.65964 305.318
9.0417 467.249
9.44061 268.048
9.85712 139.327
10.292 318.002
10.7461 279.676
11.2202 240.839
11.7152 385.322
12.2321 96.1258
12.7717 625.928
13.3352 84.5481
13.9236 178.201
14.5378 303.048
15.1792 574.053
15.8489 120.578
16.5482 492.928
17.2783 182.903
18.0406 102.899
18.8365 566.506
19.6675 161.37
20.5353 342.892
21.4412 129.991
22.3872 184.834
23.3749 216.413
24.4062 29.216
25.483 0
26.6073 663.314
27.7811 282.646
29.0068 65.9721
30.2866 353.213
31.6228 340.787
33.0179 157.267
34.4747 413.919
35.9956 0
37.5837 311.021
39.2419 136.692
40.9732 286.644
42.7809 561.422
44.6684 827.414
46.6391 503.347
48.6968 370.714
50.8452 215.149
53.0884 276.116
55.4307 501.962
57.8762 235.184
60.4296 651.606
63.0957 399.026
65.8795 425.513
68.786 322.621
71.8208 375.866
74.9894 230.137
78.2979 1059.89
81.7523 606.238
85.3591 353.459
89.1251 1223.08
93.0572 287.7
97.1628 500.313
101.45 529.37
105.925 1036.71
110.599 1542.3
115.478 467.261
120.573 803.394
125.893 1094.43
131.447 979.038
137.246 668.433
143.301 1075.97
149.624 860.118
156.225 654.686
163.117 1193.91
170.314 687.164
177.828 927.377
185.674 1193.81
193.865 499.374
202.418 844.823
211.349 655.097
220.673 119.166
230.409 471.998
240.575 280.84
251.189 294.31
262.271 191.152
273.842 191.118
285.924 266.164
298.538 81.9622
311.709 130.297
325.462 203.324
339.821 105.749
354.813 0
370.467 114.084
386.812 0
403.878 0
421.697 0
440.301 119.278
459.727 0
480.01 0
501.187 114.428
523.299 0
546.387 0
570.493 0
595.662 116.961
621.942 0
649.382 0
678.032 0
707.946 0
739.18 0
771.792 0
805.842 0
841.395 0
878.517 0
917.276 0
957.745 0
1000 0
