# First line is two numbers 
#     First value is '2', it means 'histogram mode'
#     Second value is 'Emin' of the histogram
# Other lines : 2 columns. 1) energy 2) probability (nb divided by NbEvent)
# Number of bins = 480
# Content below the first bin: 0
# Content above the last  bin: 0
# Content above the last  bin: 0
# Number of events: 209000
2 1e-06
1.04412e-06 0
1.09018e-06 0
1.13828e-06 0
1.1885e-06 0
1.24094e-06 0
1.29569e-06 0
1.35285e-06 0
1.41254e-06 0
1.47486e-06 0
1.53993e-06 0
1.60787e-06 0
1.6788e-06 0
1.75287e-06 0
1.83021e-06 0
1.91095e-06 0
1.99526e-06 0
2.08329e-06 0
2.1752e-06 0
2.27117e-06 0
2.37137e-06 0
2.476e-06 0
2.58523e-06 0
2.69929e-06 0
2.81838e-06 0
2.94273e-06 0
3.07256e-06 0
3.20812e-06 0
3.34965e-06 0
3.49744e-06 0
3.65174e-06 0
3.81285e-06 0
3.98107e-06 0
4.15671e-06 0
4.3401e-06 0
4.53158e-06 0
4.73151e-06 0
4.94026e-06 0
5.15822e-06 0
5.3858e-06 0
5.62341e-06 0
5.87151e-06 0
6.13056e-06 0
6.40103e-06 0
6.68344e-06 0
6.97831e-06 0
7.28618e-06 0
7.60764e-06 0
7.94328e-06 0
8.29373e-06 0
8.65964e-06 0
9.0417e-06 0
9.44061e-06 0
9.85712e-06 0
1.0292e-05 0
1.07461e-05 0
1.12202e-05 0
1.17152e-05 0
1.22321e-05 0
1.27717e-05 0
1.33352e-05 0
1.39236e-05 0
1.45378e-05 0
1.51792e-05 0
1.58489e-05 0
1.65482e-05 0
1.72783e-05 0
1.80406e-05 0
1.88365e-05 0
1.96675e-05 0
2.05353e-05 0
2.14412e-05 0
2.23872e-05 0
2.33749e-05 0
2.44062e-05 0
2.5483e-05 0
2.66073e-05 0
2.77811e-05 0
2.90068e-05 0
3.02866e-05 0
3.16228e-05 0
3.30179e-05 0
3.44747e-05 0
3.59956e-05 0
3.75837e-05 0
3.92419e-05 0
4.09732e-05 0
4.27809e-05 0
4.46684e-05 0
4.66391e-05 0
4.86968e-05 0
5.08452e-05 0
5.30884e-05 0
5.54307e-05 0
5.78762e-05 0
6.04296e-05 0
6.30957e-05 0
6.58795e-05 0
6.8786e-05 0
7.18208e-05 0
7.49894e-05 0
7.82979e-05 0
8.17523e-05 0
8.53591e-05 0
8.91251e-05 0
9.30572e-05 0
9.71628e-05 0
0.00010145 0
0.000105925 0
0.000110599 0
0.000115478 0
0.000120573 0
0.000125893 0
0.000131447 0
0.000137246 0
0.000143301 0
0.000149624 0
0.000156225 0
0.000163117 0
0.000170314 0
0.000177828 0
0.000185674 0
0.000193865 0
0.000202418 0
0.000211349 0
0.000220673 0
0.000230409 0
0.000240575 0
0.000251189 0
0.000262271 0
0.000273842 0
0.000285924 0
0.000298538 0
0.000311709 0
0.000325462 0
0.000339821 0
0.000354813 0
0.000370467 0
0.000386812 0
0.000403878 0
0.000421697 0
0.000440301 0
0.000459727 0
0.00048001 0
0.000501187 0
0.000523299 0
0.000546387 0
0.000570493 0
0.000595662 0
0.000621942 0
0.000649382 0
0.000678032 0
0.000707946 0
0.00073918 0
0.000771792 0
0.000805842 0
0.000841395 0
0.000878517 0
0.000917276 0
0.000957745 0
0.001 0
0.00104412 0
0.00109018 0
0.00113828 0
0.0011885 0
0.00124094 0
0.00129569 0
0.00135285 0
0.00141254 0
0.00147486 0
0.00153993 0
0.00160787 0
0.0016788 0
0.00175287 0
0.00183021 0
0.00191095 0
0.00199526 0
0.00208329 0
0.0021752 0
0.00227117 0
0.00237137 0
0.002476 0
0.00258523 0
0.00269929 0
0.00281838 4.97683
0.00294273 80.8922
0.00307256 0
0.00320812 0
0.00334965 0
0.00349744 65.3059
0.00365174 0
0.00381285 0
0.00398107 0
0.00415671 99.0107
0.0043401 0
0.00453158 207.198
0.00473151 0
0.00494026 0
0.00515822 81.7628
0.0053858 104.579
0.00562341 0
0.00587151 0
0.00613056 0
0.00640103 86.3985
0.00668344 103.203
0.00697831 32.9272
0.00728618 177.764
0.00760764 151.209
0.00794328 109.488
0.00829373 113.309
0.00865964 84.4189
0.0090417 476.666
0.00944061 136.58
0.00985712 209.405
0.010292 272.565
0.0107461 345.299
0.0112202 287.187
0.0117152 487.306
0.0122321 226.656
0.0127717 426.621
0.0133352 298.165
0.0139236 278.825
0.0145378 192.395
0.0151792 315.909
0.0158489 563.36
0.0165482 335.711
0.0172783 1123.98
0.0180406 439.348
0.0188365 724.194
0.0196675 856.808
0.0205353 304.578
0.0214412 453.477
0.0223872 1061.83
0.0233749 1297.82
0.0244062 862.658
0.025483 606.809
0.0266073 1560.96
0.0277811 1113.68
0.0290068 1510.03
0.0302866 1020.02
0.0316228 1078.37
0.0330179 1025.71
0.0344747 1278.69
0.0359956 1350.8
0.0375837 1850.17
0.0392419 1901.5
0.0409732 1889.83
0.0427809 2267.82
0.0446684 2599.6
0.0466391 1712.03
0.0486968 1380.38
0.0508452 2079.89
0.0530884 2699.41
0.0554307 2545.98
0.0578762 3041.69
0.0604296 3994.9
0.0630957 3544.47
0.0658795 3403.65
0.068786 3976.3
0.0718208 4249.5
0.0749894 3047.91
0.0782979 4656.96
0.0817523 4209.92
0.0853591 3802.73
0.0891251 4668.32
0.0930572 5087.81
0.0971628 4935.54
0.10145 3752.47
0.105925 5104.77
0.110599 5414.47
0.115478 4550.87
0.120573 5681.91
0.125893 6360.59
0.131447 5439.49
0.137246 6736.74
0.143301 5937.15
0.149624 6558.17
0.156225 7010.81
0.163117 6932.49
0.170314 6906.88
0.177828 7538.81
0.185674 7176.31
0.193865 6062.52
0.202418 6592.87
0.211349 8545.89
0.220673 7834.17
0.230409 7889.92
0.240575 6359.57
0.251189 8783.52
0.262271 10362.5
0.273842 9411.41
0.285924 7518.39
0.298538 8724.79
0.311709 5728.37
0.325462 7571.51
0.339821 7811.38
0.354813 8646.34
0.370467 8153.58
0.386812 7525.18
0.403878 9924.62
0.421697 11633.3
0.440301 7767.34
0.459727 8058.84
0.48001 8081.12
0.501187 7820.1
0.523299 8406.56
0.546387 6420.32
0.570493 8377.51
0.595662 8888.17
0.621942 7871.87
0.649382 7669.06
0.678032 7816.52
0.707946 7820.25
0.73918 6598.78
0.771792 7517.77
0.805842 6712.08
0.841395 6927.99
0.878517 7535.71
0.917276 4726.51
0.957745 5675.21
1 4464.9
1.04412 6544.17
1.09018 4984.73
1.13828 3547.88
1.1885 4224.47
1.24094 3513.65
1.29569 2823.78
1.35285 2210.86
1.41254 2766.37
1.47486 3641.85
1.53993 4410.1
1.60787 3827.54
1.6788 2695.22
1.75287 2307.57
1.83021 2247.65
1.91095 3383.93
1.99526 2875.72
2.08329 2410.29
2.1752 2075.99
2.27117 2547.38
2.37137 1681.49
2.476 2116.45
2.58523 1950.75
2.69929 1624.13
2.81838 2253.17
2.94273 1574.08
3.07256 1900.83
3.20812 1607.26
3.34965 1230.74
3.49744 2434.67
3.65174 1895.81
3.81285 1594.4
3.98107 1149.14
4.15671 1621.13
4.3401 1335.87
4.53158 1297.94
4.73151 812.389
4.94026 1063.38
5.15822 942.321
5.3858 1148.19
5.62341 840.95
5.87151 912.759
6.13056 1334.66
6.40103 1496.4
6.68344 906.646
6.97831 1301.02
7.28618 639.501
7.60764 1374.47
7.94328 524.622
8.29373 611.924
8.65964 787.501
9.0417 893.135
9.44061 1163.47
9.85712 1020.89
10.292 414.96
10.7461 686.797
11.2202 580.579
11.7152 528.029
12.2321 582.575
12.7717 549.802
13.3352 1226.71
13.9236 606.436
14.5378 913.693
15.1792 673.163
15.8489 658.146
16.5482 977.836
17.2783 609.012
18.0406 469.016
18.8365 561.57
19.6675 960.203
20.5353 282.46
21.4412 1204.61
22.3872 999.03
23.3749 887.244
24.4062 1230.15
25.483 888.625
26.6073 480.362
27.7811 920.553
29.0068 770.765
30.2866 1010.67
31.6228 1107.45
33.0179 794.884
34.4747 968.982
35.9956 871.229
37.5837 1690.15
39.2419 897.251
40.9732 1077.07
42.7809 1505.96
44.6684 1220.33
46.6391 1198.03
48.6968 1348.59
50.8452 1849.07
53.0884 1111.72
55.4307 871.224
57.8762 1104.43
60.4296 904.231
63.0957 1469.76
65.8795 1027.7
68.786 1640.26
71.8208 1243.12
74.9894 1584.93
78.2979 1009.6
81.7523 2259.11
85.3591 1366.56
89.1251 1579.64
93.0572 1230.31
97.1628 1302.62
101.45 1753.99
105.925 1379.25
110.599 1707.25
115.478 2047.65
120.573 1771.16
125.893 1391.85
131.447 2025.53
137.246 2110.63
143.301 1443.97
149.624 2022.44
156.225 1212.86
163.117 1746.05
170.314 1970.79
177.828 2515.92
185.674 1521.9
193.865 2041.23
202.418 1100.52
211.349 1351.81
220.673 1869.02
230.409 2172.19
240.575 2031.83
251.189 1246.56
262.271 2079.9
273.842 2152.86
285.924 1878.68
298.538 1892.6
311.709 1596.07
325.462 2063.2
339.821 2531.43
354.813 2366.78
370.467 1637.89
386.812 1722.24
403.878 1485.81
421.697 489.415
440.301 1106.94
459.727 726.741
480.01 777.761
501.187 647.058
523.299 704.484
546.387 0
570.493 475.965
595.662 243.897
621.942 0
649.382 95.7286
678.032 0
707.946 119.791
739.18 166.946
771.792 0
805.842 146.739
841.395 114.472
878.517 0
917.276 0
957.745 0
1000 0
