# First line is two numbers 
#     First value is '2', it means 'histogram mode'
#     Second value is 'Emin' of the histogram
# Other lines : 2 columns. 1) energy 2) probability (nb divided by NbEvent)
# Number of bins = 480
# Content below the first bin: 0
# Content above the last  bin: 0
# Content above the last  bin: 0
# Number of events: 209000
2 1e-06
1.04412e-06 0
1.09018e-06 0
1.13828e-06 0
1.1885e-06 0
1.24094e-06 0
1.29569e-06 0
1.35285e-06 0
1.41254e-06 0
1.47486e-06 0
1.53993e-06 0
1.60787e-06 0
1.6788e-06 0
1.75287e-06 0
1.83021e-06 0
1.91095e-06 0
1.99526e-06 0
2.08329e-06 0
2.1752e-06 0
2.27117e-06 0
2.37137e-06 0
2.476e-06 0
2.58523e-06 0
2.69929e-06 0
2.81838e-06 0
2.94273e-06 0
3.07256e-06 0
3.20812e-06 0
3.34965e-06 0
3.49744e-06 0
3.65174e-06 0
3.81285e-06 0
3.98107e-06 0
4.15671e-06 0
4.3401e-06 0
4.53158e-06 0
4.73151e-06 0
4.94026e-06 0
5.15822e-06 0
5.3858e-06 0
5.62341e-06 0
5.87151e-06 0
6.13056e-06 0
6.40103e-06 0
6.68344e-06 0
6.97831e-06 0
7.28618e-06 0
7.60764e-06 0
7.94328e-06 0
8.29373e-06 0
8.65964e-06 0
9.0417e-06 0
9.44061e-06 0
9.85712e-06 0
1.0292e-05 0
1.07461e-05 0
1.12202e-05 0
1.17152e-05 0
1.22321e-05 0
1.27717e-05 0
1.33352e-05 0
1.39236e-05 0
1.45378e-05 0
1.51792e-05 0
1.58489e-05 0
1.65482e-05 0
1.72783e-05 0
1.80406e-05 0
1.88365e-05 0
1.96675e-05 0
2.05353e-05 0
2.14412e-05 0
2.23872e-05 0
2.33749e-05 0
2.44062e-05 0
2.5483e-05 0
2.66073e-05 0
2.77811e-05 0
2.90068e-05 0
3.02866e-05 0
3.16228e-05 0
3.30179e-05 0
3.44747e-05 0
3.59956e-05 0
3.75837e-05 0
3.92419e-05 0
4.09732e-05 0
4.27809e-05 0
4.46684e-05 0
4.66391e-05 0
4.86968e-05 0
5.08452e-05 0
5.30884e-05 0
5.54307e-05 0
5.78762e-05 0
6.04296e-05 0
6.30957e-05 0
6.58795e-05 0
6.8786e-05 0
7.18208e-05 0
7.49894e-05 0
7.82979e-05 0
8.17523e-05 0
8.53591e-05 0
8.91251e-05 0
9.30572e-05 113.095
9.71628e-05 0
0.00010145 0
0.000105925 0
0.000110599 0
0.000115478 0
0.000120573 0
0.000125893 0
0.000131447 0
0.000137246 0
0.000143301 0
0.000149624 0
0.000156225 0
0.000163117 0
0.000170314 0
0.000177828 0
0.000185674 0
0.000193865 0
0.000202418 0
0.000211349 0
0.000220673 0
0.000230409 0
0.000240575 0
0.000251189 0
0.000262271 0
0.000273842 0
0.000285924 0
0.000298538 0
0.000311709 0
0.000325462 0
0.000339821 0
0.000354813 0
0.000370467 0
0.000386812 0
0.000403878 0
0.000421697 0
0.000440301 0
0.000459727 0
0.00048001 0
0.000501187 0
0.000523299 106.521
0.000546387 0
0.000570493 0
0.000595662 0
0.000621942 0
0.000649382 0
0.000678032 0
0.000707946 0
0.00073918 0
0.000771792 0
0.000805842 0
0.000841395 0
0.000878517 0
0.000917276 0
0.000957745 0
0.001 0
0.00104412 0
0.00109018 0
0.00113828 0
0.0011885 0
0.00124094 0
0.00129569 0
0.00135285 0
0.00141254 0
0.00147486 0
0.00153993 0
0.00160787 0
0.0016788 0
0.00175287 0
0.00183021 0
0.00191095 75.305
0.00199526 0
0.00208329 0
0.0021752 0
0.00227117 117.459
0.00237137 75.7097
0.002476 0
0.00258523 113.404
0.00269929 0
0.00281838 0
0.00294273 0
0.00307256 0
0.00320812 89.1213
0.00334965 69.6271
0.00349744 113.154
0.00365174 0
0.00381285 0
0.00398107 0
0.00415671 101.332
0.0043401 0
0.00453158 0
0.00473151 0
0.00494026 0
0.00515822 0
0.0053858 90.8995
0.00562341 0
0.00587151 92.4105
0.00613056 292.537
0.00640103 0
0.00668344 0
0.00697831 0
0.00728618 202.123
0.00760764 0
0.00794328 105.665
0.00829373 110.032
0.00865964 102.285
0.0090417 229.494
0.00944061 110.897
0.00985712 81.2415
0.010292 45.6277
0.0107461 167.073
0.0112202 173.402
0.0117152 357.244
0.0122321 307.669
0.0127717 330.398
0.0133352 534.781
0.0139236 162.166
0.0145378 724.454
0.0151792 478.921
0.0158489 546.58
0.0165482 706.271
0.0172783 489.645
0.0180406 860.977
0.0188365 540.672
0.0196675 663.439
0.0205353 815.258
0.0214412 529.451
0.0223872 448.834
0.0233749 1069.67
0.0244062 294.274
0.025483 1005.08
0.0266073 947.682
0.0277811 575.169
0.0290068 1303.16
0.0302866 519.796
0.0316228 1127.04
0.0330179 962.673
0.0344747 1067.52
0.0359956 1492.94
0.0375837 1403.88
0.0392419 2240.3
0.0409732 2236.22
0.0427809 2298.91
0.0446684 1729.21
0.0466391 2233.86
0.0486968 2086.5
0.0508452 2302.44
0.0530884 2023.3
0.0554307 2396.41
0.0578762 1802.03
0.0604296 1989.5
0.0630957 3990.55
0.0658795 3438.78
0.068786 3218.84
0.0718208 3101.74
0.0749894 3847.48
0.0782979 3982.97
0.0817523 4201.01
0.0853591 4706.53
0.0891251 3986.7
0.0930572 4748.07
0.0971628 5736.99
0.10145 4938.87
0.105925 5726.24
0.110599 5003.62
0.115478 5074.78
0.120573 7158.01
0.125893 5203.93
0.131447 6321.52
0.137246 6450.95
0.143301 6278.02
0.149624 5704.62
0.156225 5845.96
0.163117 6246.1
0.170314 7437.09
0.177828 6878.89
0.185674 8174.51
0.193865 7462.37
0.202418 6120.26
0.211349 6713.91
0.220673 8070.39
0.230409 7771.53
0.240575 6619.74
0.251189 8547.96
0.262271 8196.95
0.273842 6468.87
0.285924 8325.17
0.298538 8001.09
0.311709 8087.67
0.325462 7335.69
0.339821 8512.69
0.354813 6626.12
0.370467 8551.95
0.386812 8049.08
0.403878 7436.86
0.421697 7404.13
0.440301 7316.98
0.459727 9208.74
0.48001 7378.32
0.501187 7679.53
0.523299 7902.24
0.546387 9100.89
0.570493 7753.29
0.595662 6721.39
0.621942 9096.05
0.649382 8742.25
0.678032 6486.36
0.707946 7427.58
0.73918 7047.14
0.771792 6231.15
0.805842 5055.95
0.841395 5179.55
0.878517 5780.32
0.917276 5666.45
0.957745 5283.52
1 4873.54
1.04412 3923.1
1.09018 4593.1
1.13828 4059.12
1.1885 4127.45
1.24094 3445.73
1.29569 3291.33
1.35285 3828.01
1.41254 3606.5
1.47486 2699.31
1.53993 2906.86
1.60787 2925.1
1.6788 3295.82
1.75287 3007.77
1.83021 2205.69
1.91095 2421.66
1.99526 1913.15
2.08329 2526.44
2.1752 3296.48
2.27117 1940.06
2.37137 2410.44
2.476 1195.59
2.58523 2061.9
2.69929 1794.57
2.81838 2402.22
2.94273 2520.04
3.07256 2055.73
3.20812 1810.96
3.34965 2466.29
3.49744 1586.13
3.65174 1012.2
3.81285 1042.57
3.98107 1367.81
4.15671 1213.73
4.3401 1150.03
4.53158 1368.98
4.73151 1234.76
4.94026 1223.64
5.15822 1116.21
5.3858 1493.04
5.62341 1644.72
5.87151 1413.73
6.13056 963.61
6.40103 987.606
6.68344 885.896
6.97831 1048.09
7.28618 1143.25
7.60764 411.879
7.94328 1253.88
8.29373 1048.19
8.65964 521.597
9.0417 584.791
9.44061 840.453
9.85712 615.109
10.292 998.04
10.7461 1131.2
11.2202 431.547
11.7152 547.711
12.2321 788.595
12.7717 883.638
13.3352 365.332
13.9236 533.339
14.5378 893.906
15.1792 1078.28
15.8489 463.911
16.5482 1189.75
17.2783 659.443
18.0406 504.707
18.8365 1008.29
19.6675 821.16
20.5353 573.202
21.4412 620.077
22.3872 1122
23.3749 700.943
24.4062 816.357
25.483 662.392
26.6073 947.127
27.7811 318.773
29.0068 644.267
30.2866 786.151
31.6228 948.223
33.0179 996.38
34.4747 1496.39
35.9956 1003.52
37.5837 695.577
39.2419 1135.92
40.9732 1473.17
42.7809 1203.98
44.6684 1124.56
46.6391 1238.38
48.6968 1154.14
50.8452 793.936
53.0884 1222.8
55.4307 1106.18
57.8762 703.558
60.4296 1342.07
63.0957 1256.2
65.8795 1293.87
68.786 1710.02
71.8208 2389.38
74.9894 1750.43
78.2979 1037.27
81.7523 1975.41
85.3591 1143.06
89.1251 2199.25
93.0572 1193.95
97.1628 2394.33
101.45 1826.36
105.925 1885.65
110.599 2067.46
115.478 1768.96
120.573 1608.41
125.893 1698.32
131.447 1461.52
137.246 1519.93
143.301 1768.15
149.624 1392.8
156.225 1862.11
163.117 2341.76
170.314 1966.53
177.828 1482.28
185.674 2451.43
193.865 2616.54
202.418 1795.55
211.349 1902.03
220.673 2108.1
230.409 2171.57
240.575 2408.28
251.189 1095.78
262.271 2127.04
273.842 2013.23
285.924 2728.21
298.538 2264.61
311.709 1835.07
325.462 1814.74
339.821 1829.95
354.813 1963.11
370.467 2147.33
386.812 1538.92
403.878 985.946
421.697 1536.3
440.301 599.736
459.727 481.771
480.01 602.957
501.187 574.861
523.299 639.126
546.387 279.19
570.493 409.952
595.662 15.7093
621.942 181.483
649.382 103.565
678.032 0
707.946 344.828
739.18 0
771.792 0
805.842 47.5529
841.395 0
878.517 36.0682
917.276 0
957.745 56.7939
1000 0
