# First line is two numbers 
#     First value is '2', it means 'histogram mode'
#     Second value is 'Emin' of the histogram
# Other lines : 2 columns. 1) energy 2) probability (nb divided by NbEvent)
# Number of bins = 480
# Content below the first bin: 0
# Content above the last  bin: 0
# Content above the last  bin: 0
# Number of events: 209000
2 1e-06
1.04412e-06 0
1.09018e-06 0
1.13828e-06 0
1.1885e-06 0
1.24094e-06 0
1.29569e-06 0
1.35285e-06 0
1.41254e-06 0
1.47486e-06 0
1.53993e-06 0
1.60787e-06 0
1.6788e-06 0
1.75287e-06 0
1.83021e-06 0
1.91095e-06 0
1.99526e-06 0
2.08329e-06 0
2.1752e-06 0
2.27117e-06 0
2.37137e-06 0
2.476e-06 0
2.58523e-06 0
2.69929e-06 0
2.81838e-06 0
2.94273e-06 0
3.07256e-06 0
3.20812e-06 0
3.34965e-06 0
3.49744e-06 0
3.65174e-06 0
3.81285e-06 0
3.98107e-06 0
4.15671e-06 0
4.3401e-06 0
4.53158e-06 0
4.73151e-06 0
4.94026e-06 0
5.15822e-06 0
5.3858e-06 0
5.62341e-06 0
5.87151e-06 0
6.13056e-06 0
6.40103e-06 0
6.68344e-06 0
6.97831e-06 0
7.28618e-06 0
7.60764e-06 0
7.94328e-06 0
8.29373e-06 0
8.65964e-06 0
9.0417e-06 0
9.44061e-06 0
9.85712e-06 0
1.0292e-05 0
1.07461e-05 0
1.12202e-05 0
1.17152e-05 0
1.22321e-05 0
1.27717e-05 0
1.33352e-05 0
1.39236e-05 0
1.45378e-05 0
1.51792e-05 0
1.58489e-05 0
1.65482e-05 0
1.72783e-05 0
1.80406e-05 0
1.88365e-05 0
1.96675e-05 0
2.05353e-05 0
2.14412e-05 0
2.23872e-05 0
2.33749e-05 0
2.44062e-05 0
2.5483e-05 0
2.66073e-05 0
2.77811e-05 0
2.90068e-05 0
3.02866e-05 0
3.16228e-05 0
3.30179e-05 0
3.44747e-05 0
3.59956e-05 0
3.75837e-05 0
3.92419e-05 0
4.09732e-05 0
4.27809e-05 0
4.46684e-05 0
4.66391e-05 0
4.86968e-05 0
5.08452e-05 0
5.30884e-05 0
5.54307e-05 0
5.78762e-05 0
6.04296e-05 0
6.30957e-05 0
6.58795e-05 0
6.8786e-05 0
7.18208e-05 0
7.49894e-05 0
7.82979e-05 0
8.17523e-05 0
8.53591e-05 0
8.91251e-05 0
9.30572e-05 0
9.71628e-05 0
0.00010145 0
0.000105925 0
0.000110599 0
0.000115478 0
0.000120573 0
0.000125893 0
0.000131447 0
0.000137246 0
0.000143301 0
0.000149624 0
0.000156225 0
0.000163117 0
0.000170314 0
0.000177828 0
0.000185674 0
0.000193865 0
0.000202418 0
0.000211349 0
0.000220673 0
0.000230409 0
0.000240575 0
0.000251189 0
0.000262271 0
0.000273842 0
0.000285924 0
0.000298538 0
0.000311709 0
0.000325462 0
0.000339821 0
0.000354813 0
0.000370467 0
0.000386812 0
0.000403878 0
0.000421697 0
0.000440301 0
0.000459727 0
0.00048001 0
0.000501187 0
0.000523299 0
0.000546387 0
0.000570493 0
0.000595662 0
0.000621942 0
0.000649382 1
0.000678032 0
0.000707946 0
0.00073918 0
0.000771792 0
0.000805842 0
0.000841395 0
0.000878517 0
0.000917276 0
0.000957745 0
0.001 0
0.00104412 0
0.00109018 0
0.00113828 0
0.0011885 1
0.00124094 0
0.00129569 0
0.00135285 0
0.00141254 0
0.00147486 0
0.00153993 1
0.00160787 0
0.0016788 0
0.00175287 1
0.00183021 0
0.00191095 0
0.00199526 0
0.00208329 0
0.0021752 0
0.00227117 0
0.00237137 0
0.002476 1
0.00258523 0
0.00269929 0
0.00281838 0
0.00294273 1
0.00307256 0
0.00320812 1
0.00334965 0
0.00349744 0
0.00365174 0
0.00381285 0
0.00398107 0
0.00415671 0
0.0043401 0
0.00453158 0
0.00473151 0
0.00494026 0
0.00515822 1
0.0053858 1
0.00562341 0
0.00587151 1
0.00613056 0
0.00640103 1
0.00668344 4
0.00697831 2
0.00728618 4
0.00760764 2
0.00794328 0
0.00829373 2
0.00865964 0
0.0090417 2
0.00944061 2
0.00985712 4
0.010292 2
0.0107461 4
0.0112202 4
0.0117152 2
0.0122321 3
0.0127717 3
0.0133352 2
0.0139236 5
0.0145378 7
0.0151792 6
0.0158489 9
0.0165482 10
0.0172783 9
0.0180406 5
0.0188365 12
0.0196675 5
0.0205353 3
0.0214412 6
0.0223872 7
0.0233749 12
0.0244062 13
0.025483 9
0.0266073 15
0.0277811 13
0.0290068 16
0.0302866 13
0.0316228 14
0.0330179 20
0.0344747 8
0.0359956 16
0.0375837 15
0.0392419 17
0.0409732 26
0.0427809 28
0.0446684 26
0.0466391 34
0.0486968 23
0.0508452 35
0.0530884 42
0.0554307 35
0.0578762 23
0.0604296 37
0.0630957 40
0.0658795 34
0.068786 55
0.0718208 39
0.0749894 41
0.0782979 44
0.0817523 48
0.0853591 59
0.0891251 63
0.0930572 50
0.0971628 65
0.10145 65
0.105925 56
0.110599 62
0.115478 67
0.120573 74
0.125893 69
0.131447 70
0.137246 80
0.143301 62
0.149624 80
0.156225 77
0.163117 100
0.170314 74
0.177828 79
0.185674 76
0.193865 94
0.202418 84
0.211349 74
0.220673 88
0.230409 99
0.240575 98
0.251189 92
0.262271 98
0.273842 94
0.285924 96
0.298538 102
0.311709 84
0.325462 93
0.339821 108
0.354813 111
0.370467 103
0.386812 108
0.403878 95
0.421697 113
0.440301 105
0.459727 83
0.48001 106
0.501187 91
0.523299 92
0.546387 105
0.570493 100
0.595662 102
0.621942 100
0.649382 101
0.678032 89
0.707946 74
0.73918 96
0.771792 68
0.805842 70
0.841395 73
0.878517 76
0.917276 63
0.957745 72
1 76
1.04412 52
1.09018 67
1.13828 64
1.1885 54
1.24094 48
1.29569 47
1.35285 41
1.41254 45
1.47486 46
1.53993 37
1.60787 36
1.6788 33
1.75287 31
1.83021 28
1.91095 27
1.99526 27
2.08329 32
2.1752 29
2.27117 28
2.37137 17
2.476 21
2.58523 29
2.69929 35
2.81838 29
2.94273 25
3.07256 25
3.20812 21
3.34965 23
3.49744 17
3.65174 30
3.81285 18
3.98107 16
4.15671 18
4.3401 15
4.53158 12
4.73151 10
4.94026 18
5.15822 18
5.3858 17
5.62341 13
5.87151 16
6.13056 15
6.40103 15
6.68344 4
6.97831 15
7.28618 8
7.60764 10
7.94328 18
8.29373 8
8.65964 14
9.0417 10
9.44061 15
9.85712 10
10.292 12
10.7461 9
11.2202 12
11.7152 18
12.2321 7
12.7717 12
13.3352 11
13.9236 12
14.5378 8
15.1792 10
15.8489 8
16.5482 9
17.2783 6
18.0406 12
18.8365 12
19.6675 11
20.5353 13
21.4412 11
22.3872 9
23.3749 10
24.4062 9
25.483 9
26.6073 14
27.7811 10
29.0068 8
30.2866 14
31.6228 18
33.0179 15
34.4747 9
35.9956 15
37.5837 16
39.2419 8
40.9732 16
42.7809 16
44.6684 13
46.6391 10
48.6968 23
50.8452 10
53.0884 16
55.4307 17
57.8762 18
60.4296 10
63.0957 20
65.8795 16
68.786 23
71.8208 23
74.9894 18
78.2979 20
81.7523 21
85.3591 14
89.1251 14
93.0572 12
97.1628 17
101.45 19
105.925 17
110.599 16
115.478 21
120.573 18
125.893 10
131.447 18
137.246 22
143.301 18
149.624 16
156.225 23
163.117 17
170.314 24
177.828 32
185.674 23
193.865 26
202.418 38
211.349 24
220.673 23
230.409 22
240.575 28
251.189 29
262.271 34
273.842 23
285.924 14
298.538 21
311.709 27
325.462 26
339.821 35
354.813 26
370.467 29
386.812 17
403.878 17
421.697 14
440.301 16
459.727 10
480.01 10
501.187 8
523.299 6
546.387 5
570.493 1
595.662 5
621.942 6
649.382 2
678.032 1
707.946 2
739.18 0
771.792 0
805.842 1
841.395 2
878.517 1
917.276 0
957.745 0
1000 1
