# First line is two numbers 
#     First value is '2', it means 'histogram mode'
#     Second value is 'Emin' of the histogram
# Other lines : 2 columns. 1) energy 2) probability (nb divided by NbEvent)
# Number of bins = 480
# Content below the first bin: 0
# Content above the last  bin: 0
# Content above the last  bin: 0
# Number of events: 400000
2 1e-06
1.04412e-06 0
1.09018e-06 0
1.13828e-06 0
1.1885e-06 0
1.24094e-06 0
1.29569e-06 0
1.35285e-06 0
1.41254e-06 0
1.47486e-06 0
1.53993e-06 0
1.60787e-06 0
1.6788e-06 0
1.75287e-06 0
1.83021e-06 0
1.91095e-06 0
1.99526e-06 0
2.08329e-06 0
2.1752e-06 0
2.27117e-06 0
2.37137e-06 0
2.476e-06 0
2.58523e-06 0
2.69929e-06 0
2.81838e-06 0
2.94273e-06 0
3.07256e-06 0
3.20812e-06 0
3.34965e-06 0
3.49744e-06 0
3.65174e-06 0
3.81285e-06 0
3.98107e-06 0
4.15671e-06 0
4.3401e-06 0
4.53158e-06 0
4.73151e-06 0
4.94026e-06 0
5.15822e-06 0
5.3858e-06 0
5.62341e-06 0
5.87151e-06 0
6.13056e-06 0
6.40103e-06 0
6.68344e-06 0
6.97831e-06 0
7.28618e-06 0
7.60764e-06 0
7.94328e-06 0
8.29373e-06 0
8.65964e-06 0
9.0417e-06 0
9.44061e-06 0
9.85712e-06 0
1.0292e-05 0
1.07461e-05 0
1.12202e-05 0
1.17152e-05 0
1.22321e-05 0
1.27717e-05 0
1.33352e-05 0
1.39236e-05 0
1.45378e-05 0
1.51792e-05 0
1.58489e-05 0
1.65482e-05 0
1.72783e-05 0
1.80406e-05 0
1.88365e-05 0
1.96675e-05 0
2.05353e-05 0
2.14412e-05 0
2.23872e-05 0
2.33749e-05 0
2.44062e-05 0
2.5483e-05 0
2.66073e-05 0
2.77811e-05 0
2.90068e-05 0
3.02866e-05 0
3.16228e-05 0
3.30179e-05 0
3.44747e-05 0
3.59956e-05 0
3.75837e-05 0
3.92419e-05 0
4.09732e-05 0
4.27809e-05 0
4.46684e-05 0
4.66391e-05 0
4.86968e-05 0
5.08452e-05 0
5.30884e-05 0
5.54307e-05 0
5.78762e-05 0
6.04296e-05 0
6.30957e-05 0
6.58795e-05 0
6.8786e-05 0
7.18208e-05 0
7.49894e-05 0
7.82979e-05 0
8.17523e-05 0
8.53591e-05 0
8.91251e-05 0
9.30572e-05 0
9.71628e-05 0
0.00010145 0
0.000105925 0
0.000110599 0
0.000115478 0
0.000120573 0
0.000125893 0
0.000131447 0
0.000137246 0
0.000143301 0
0.000149624 0
0.000156225 0
0.000163117 0
0.000170314 0
0.000177828 0
0.000185674 0
0.000193865 0
0.000202418 0
0.000211349 0
0.000220673 0
0.000230409 0
0.000240575 0
0.000251189 0
0.000262271 0
0.000273842 0
0.000285924 0
0.000298538 0
0.000311709 0
0.000325462 0
0.000339821 0
0.000354813 0
0.000370467 0
0.000386812 0
0.000403878 0
0.000421697 0
0.000440301 0
0.000459727 0
0.00048001 0
0.000501187 0
0.000523299 0
0.000546387 0
0.000570493 0
0.000595662 0
0.000621942 0
0.000649382 0
0.000678032 0
0.000707946 0
0.00073918 0
0.000771792 0
0.000805842 0
0.000841395 0
0.000878517 0
0.000917276 0
0.000957745 0
0.001 0
0.00104412 0
0.00109018 0
0.00113828 0
0.0011885 0
0.00124094 0
0.00129569 0
0.00135285 0
0.00141254 0
0.00147486 0
0.00153993 0
0.00160787 0
0.0016788 0
0.00175287 0
0.00183021 0
0.00191095 0
0.00199526 0
0.00208329 0
0.0021752 0
0.00227117 0
0.00237137 0
0.002476 0
0.00258523 0
0.00269929 0
0.00281838 0
0.00294273 0
0.00307256 0
0.00320812 0
0.00334965 0
0.00349744 0
0.00365174 0
0.00381285 0
0.00398107 0
0.00415671 0
0.0043401 0
0.00453158 0
0.00473151 0
0.00494026 0
0.00515822 0
0.0053858 0
0.00562341 0
0.00587151 0
0.00613056 0
0.00640103 0
0.00668344 0
0.00697831 0
0.00728618 0
0.00760764 0
0.00794328 0
0.00829373 0
0.00865964 0
0.0090417 0
0.00944061 0
0.00985712 0
0.010292 0
0.0107461 0
0.0112202 0
0.0117152 0
0.0122321 0
0.0127717 0
0.0133352 0
0.0139236 0
0.0145378 0
0.0151792 0
0.0158489 0
0.0165482 0
0.0172783 0
0.0180406 93.4977
0.0188365 0
0.0196675 0
0.0205353 0
0.0214412 0
0.0223872 0
0.0233749 0
0.0244062 0
0.025483 0
0.0266073 0
0.0277811 0
0.0290068 0
0.0302866 0
0.0316228 0
0.0330179 0
0.0344747 0
0.0359956 0
0.0375837 0
0.0392419 0
0.0409732 0
0.0427809 0
0.0446684 0
0.0466391 0
0.0486968 0
0.0508452 0
0.0530884 0
0.0554307 0
0.0578762 0
0.0604296 0
0.0630957 0
0.0658795 0
0.068786 0
0.0718208 73.5779
0.0749894 0
0.0782979 0
0.0817523 97.2475
0.0853591 0
0.0891251 56.1612
0.0930572 119.237
0.0971628 58.5005
0.10145 98.1975
0.105925 0
0.110599 187.365
0.115478 0
0.120573 0
0.125893 152.516
0.131447 105.868
0.137246 0
0.143301 0
0.149624 0
0.156225 0
0.163117 117.217
0.170314 94.5509
0.177828 0
0.185674 299.4
0.193865 0
0.202418 0
0.211349 0
0.220673 106.242
0.230409 0
0.240575 130.932
0.251189 180.661
0.262271 0
0.273842 166.702
0.285924 0
0.298538 0
0.311709 440.55
0.325462 67.3005
0.339821 243.123
0.354813 201.145
0.370467 15.0257
0.386812 6.25322
0.403878 0
0.421697 0
0.440301 67.9725
0.459727 0
0.48001 221.176
0.501187 0
0.523299 86.7858
0.546387 212.527
0.570493 219.866
0.595662 323.256
0.621942 524.997
0.649382 289.831
0.678032 243.59
0.707946 119.352
0.73918 294.161
0.771792 0
0.805842 106.531
0.841395 179.327
0.878517 170.169
0.917276 238.331
0.957745 210.343
1 76.5442
1.04412 38.1947
1.09018 135.209
1.13828 0
1.1885 259.452
1.24094 111.206
1.29569 377.155
1.35285 153.745
1.41254 221.321
1.47486 236.52
1.53993 220.768
1.60787 0
1.6788 76.8867
1.75287 442.688
1.83021 237.756
1.91095 260.698
1.99526 191.784
2.08329 191.405
2.1752 0
2.27117 119.718
2.37137 267.506
2.476 153.299
2.58523 0
2.69929 43.3625
2.81838 61.431
2.94273 24.2973
3.07256 145.455
3.20812 0
3.34965 0
3.49744 176.652
3.65174 64.3254
3.81285 0
3.98107 94.8073
4.15671 0
4.3401 36.2936
4.53158 72.129
4.73151 0
4.94026 85.7296
5.15822 0
5.3858 0
5.62341 154.388
5.87151 0
6.13056 0
6.40103 0
6.68344 0
6.97831 26.5615
7.28618 0
7.60764 134.465
7.94328 0
8.29373 0
8.65964 152.813
9.0417 171.275
9.44061 148.889
9.85712 0
10.292 38.8042
10.7461 6.17119
11.2202 5.12837
11.7152 110.454
12.2321 0
12.7717 43.627
13.3352 61.0817
13.9236 163.503
14.5378 100.053
15.1792 147.611
15.8489 132.435
16.5482 158.536
17.2783 365.067
18.0406 229.227
18.8365 178.333
19.6675 151.824
20.5353 213.063
21.4412 63.543
22.3872 75.1374
23.3749 78.4971
24.4062 188.509
25.483 25.7286
26.6073 0
27.7811 165.39
29.0068 75.1714
30.2866 246.471
31.6228 353.989
33.0179 88.2698
34.4747 213.29
35.9956 140.102
37.5837 52.9134
39.2419 127.9
40.9732 166.813
42.7809 285.205
44.6684 170.581
46.6391 277.432
48.6968 311.163
50.8452 47.8161
53.0884 51.4974
55.4307 84.0305
57.8762 61.3677
60.4296 103.932
63.0957 213.719
65.8795 262.982
68.786 41.3289
71.8208 204.444
74.9894 176.58
78.2979 323.724
81.7523 292.025
85.3591 381.87
89.1251 308.778
93.0572 330.357
97.1628 402.833
101.45 295.489
105.925 376.079
110.599 571.033
115.478 386.704
120.573 286.664
125.893 724.505
131.447 621.254
137.246 476.493
143.301 372.414
149.624 713.49
156.225 832.514
163.117 387.476
170.314 382.192
177.828 479.958
185.674 1414.65
193.865 679.679
202.418 911.266
211.349 876.343
220.673 1123.21
230.409 866.984
240.575 1851.04
251.189 1530.12
262.271 986.009
273.842 868.567
285.924 2275.19
298.538 804.932
311.709 1011.66
325.462 1372.45
339.821 615.169
354.813 719.81
370.467 194.627
386.812 348.103
403.878 174.614
421.697 212.937
440.301 531.592
459.727 133.718
480.01 0
501.187 0
523.299 116.344
546.387 0
570.493 0
595.662 0
621.942 0
649.382 0
678.032 0
707.946 96.4197
739.18 0
771.792 0
805.842 0
841.395 0
878.517 0
917.276 0
957.745 0
1000 0
