# First line is two numbers 
#     First value is '2', it means 'histogram mode'
#     Second value is 'Emin' of the histogram
# Other lines : 2 columns. 1) energy 2) probability (nb divided by NbEvent)
# Number of bins = 480
# Content below the first bin: 0
# Content above the last  bin: 0
# Content above the last  bin: 0
# Number of events: 209000
2 1e-06
1.04412e-06 0
1.09018e-06 0
1.13828e-06 0
1.1885e-06 0
1.24094e-06 0
1.29569e-06 0
1.35285e-06 0
1.41254e-06 0
1.47486e-06 0
1.53993e-06 0
1.60787e-06 0
1.6788e-06 0
1.75287e-06 0
1.83021e-06 0
1.91095e-06 0
1.99526e-06 0
2.08329e-06 0
2.1752e-06 0
2.27117e-06 0
2.37137e-06 0
2.476e-06 0
2.58523e-06 0
2.69929e-06 0
2.81838e-06 0
2.94273e-06 0
3.07256e-06 0
3.20812e-06 0
3.34965e-06 0
3.49744e-06 0
3.65174e-06 0
3.81285e-06 0
3.98107e-06 0
4.15671e-06 0
4.3401e-06 0
4.53158e-06 0
4.73151e-06 0
4.94026e-06 0
5.15822e-06 0
5.3858e-06 0
5.62341e-06 0
5.87151e-06 0
6.13056e-06 0
6.40103e-06 0
6.68344e-06 0
6.97831e-06 0
7.28618e-06 0
7.60764e-06 0
7.94328e-06 0
8.29373e-06 0
8.65964e-06 0
9.0417e-06 0
9.44061e-06 0
9.85712e-06 0
1.0292e-05 0
1.07461e-05 0
1.12202e-05 0
1.17152e-05 0
1.22321e-05 0
1.27717e-05 0
1.33352e-05 0
1.39236e-05 0
1.45378e-05 0
1.51792e-05 0
1.58489e-05 0
1.65482e-05 0
1.72783e-05 0
1.80406e-05 0
1.88365e-05 0
1.96675e-05 0
2.05353e-05 0
2.14412e-05 0
2.23872e-05 0
2.33749e-05 0
2.44062e-05 0
2.5483e-05 0
2.66073e-05 0
2.77811e-05 0
2.90068e-05 0
3.02866e-05 0
3.16228e-05 0
3.30179e-05 0
3.44747e-05 0
3.59956e-05 0
3.75837e-05 0
3.92419e-05 0
4.09732e-05 0
4.27809e-05 0
4.46684e-05 0
4.66391e-05 0
4.86968e-05 0
5.08452e-05 0
5.30884e-05 0
5.54307e-05 0
5.78762e-05 0
6.04296e-05 0
6.30957e-05 0
6.58795e-05 0
6.8786e-05 0
7.18208e-05 0
7.49894e-05 0
7.82979e-05 0
8.17523e-05 0
8.53591e-05 0
8.91251e-05 0
9.30572e-05 0
9.71628e-05 0
0.00010145 0
0.000105925 0
0.000110599 0
0.000115478 0
0.000120573 0
0.000125893 0
0.000131447 0
0.000137246 0
0.000143301 0
0.000149624 0
0.000156225 0
0.000163117 0
0.000170314 0
0.000177828 0
0.000185674 0
0.000193865 0
0.000202418 0
0.000211349 0
0.000220673 0
0.000230409 0
0.000240575 0
0.000251189 0
0.000262271 0
0.000273842 0
0.000285924 0
0.000298538 0
0.000311709 0
0.000325462 0
0.000339821 0
0.000354813 0
0.000370467 0
0.000386812 0
0.000403878 0
0.000421697 0
0.000440301 0
0.000459727 0
0.00048001 0
0.000501187 0
0.000523299 0
0.000546387 0
0.000570493 0
0.000595662 0
0.000621942 0
0.000649382 0
0.000678032 0
0.000707946 0
0.00073918 0
0.000771792 0
0.000805842 0
0.000841395 0
0.000878517 0
0.000917276 0
0.000957745 0
0.001 0
0.00104412 0
0.00109018 0
0.00113828 0
0.0011885 0
0.00124094 0
0.00129569 0
0.00135285 0
0.00141254 0
0.00147486 0
0.00153993 0
0.00160787 0
0.0016788 0
0.00175287 0
0.00183021 0
0.00191095 0
0.00199526 0
0.00208329 0
0.0021752 0
0.00227117 0
0.00237137 0
0.002476 0
0.00258523 0
0.00269929 0
0.00281838 0
0.00294273 0
0.00307256 0
0.00320812 0
0.00334965 0
0.00349744 0
0.00365174 0
0.00381285 0
0.00398107 0
0.00415671 0
0.0043401 86.9027
0.00453158 0
0.00473151 0
0.00494026 0
0.00515822 0
0.0053858 0
0.00562341 0
0.00587151 0
0.00613056 0
0.00640103 0
0.00668344 0
0.00697831 0
0.00728618 0
0.00760764 0
0.00794328 0
0.00829373 0
0.00865964 0
0.0090417 0
0.00944061 0
0.00985712 0
0.010292 0
0.0107461 0
0.0112202 0
0.0117152 118.83
0.0122321 0
0.0127717 109.646
0.0133352 208.001
0.0139236 0
0.0145378 0
0.0151792 204.732
0.0158489 0
0.0165482 0
0.0172783 0
0.0180406 0
0.0188365 119.32
0.0196675 81.5303
0.0205353 0
0.0214412 127.09
0.0223872 0
0.0233749 0
0.0244062 0
0.025483 0
0.0266073 39.4576
0.0277811 146.755
0.0290068 0
0.0302866 0
0.0316228 0
0.0330179 82.2873
0.0344747 80.4507
0.0359956 189.991
0.0375837 0
0.0392419 253.982
0.0409732 85.2884
0.0427809 266.628
0.0446684 116.74
0.0466391 280.537
0.0486968 0
0.0508452 103.38
0.0530884 175.669
0.0554307 156.87
0.0578762 0
0.0604296 341.372
0.0630957 107.718
0.0658795 317.03
0.068786 58.4494
0.0718208 446.256
0.0749894 358.528
0.0782979 262.18
0.0817523 309.016
0.0853591 308.142
0.0891251 320.711
0.0930572 404.33
0.0971628 690.76
0.10145 378.63
0.105925 629.413
0.110599 486.551
0.115478 519.905
0.120573 526.704
0.125893 473.811
0.131447 525.419
0.137246 498.457
0.143301 908.608
0.149624 801.074
0.156225 327.528
0.163117 571.598
0.170314 533.413
0.177828 170.489
0.185674 364.459
0.193865 725.036
0.202418 122.487
0.211349 675.323
0.220673 847.503
0.230409 396.776
0.240575 568.374
0.251189 882.366
0.262271 275.565
0.273842 1028.31
0.285924 702.243
0.298538 1381.55
0.311709 835.746
0.325462 931.954
0.339821 1315.81
0.354813 471.002
0.370467 360.063
0.386812 825.967
0.403878 192.04
0.421697 142.114
0.440301 878.889
0.459727 372.067
0.48001 860.283
0.501187 431.355
0.523299 999.318
0.546387 625.847
0.570493 706.382
0.595662 882.813
0.621942 519.265
0.649382 766.353
0.678032 815.774
0.707946 584.04
0.73918 413.362
0.771792 486.018
0.805842 895.549
0.841395 580.313
0.878517 453
0.917276 769.114
0.957745 283.706
1 519.676
1.04412 545.295
1.09018 788.323
1.13828 498.188
1.1885 865.193
1.24094 558.887
1.29569 544.622
1.35285 620.201
1.41254 124.296
1.47486 617.242
1.53993 483.645
1.60787 362.976
1.6788 201.598
1.75287 244.682
1.83021 350.607
1.91095 320.695
1.99526 267.277
2.08329 100.087
2.1752 131.34
2.27117 77.6609
2.37137 129.354
2.476 431.17
2.58523 263.613
2.69929 569.343
2.81838 115.858
2.94273 157.926
3.07256 286.896
3.20812 334.265
3.34965 211.237
3.49744 184.822
3.65174 261.959
3.81285 142.744
3.98107 340.099
4.15671 95.5779
4.3401 0
4.53158 281.175
4.73151 108.013
4.94026 88.5205
5.15822 110.121
5.3858 180.931
5.62341 0
5.87151 219.737
6.13056 207.908
6.40103 0
6.68344 306.997
6.97831 0
7.28618 189.036
7.60764 90.6821
7.94328 0
8.29373 136.172
8.65964 227.191
9.0417 0
9.44061 244.024
9.85712 0
10.292 416.879
10.7461 110.005
11.2202 467.541
11.7152 145.393
12.2321 105.025
12.7717 168.941
13.3352 148.368
13.9236 108.599
14.5378 99.7064
15.1792 41.3036
15.8489 78.6961
16.5482 98.8169
17.2783 375.69
18.0406 73.5355
18.8365 32.9353
19.6675 118.897
20.5353 0
21.4412 144.701
22.3872 211.473
23.3749 0
24.4062 0
25.483 0
26.6073 0
27.7811 64.3187
29.0068 0
30.2866 85.3429
31.6228 80.401
33.0179 300.237
34.4747 0
35.9956 191.868
37.5837 246.619
39.2419 0
40.9732 0
42.7809 99.3962
44.6684 100.129
46.6391 189.776
48.6968 115.596
50.8452 0
53.0884 126.301
55.4307 101.918
57.8762 0
60.4296 68.5651
63.0957 98.9385
65.8795 0
68.786 169.427
71.8208 135.725
74.9894 158.31
78.2979 119.107
81.7523 71.0154
85.3591 0
89.1251 149.525
93.0572 305.864
97.1628 29.3598
101.45 94.3433
105.925 0
110.599 110.223
115.478 0
120.573 108.697
125.893 0
131.447 93.2524
137.246 119.212
143.301 99.8074
149.624 161.473
156.225 34.2265
163.117 169.928
170.314 142.205
177.828 82.7271
185.674 115.257
193.865 0
202.418 99.2996
211.349 107.595
220.673 0
230.409 85.0731
240.575 0
251.189 0
262.271 0
273.842 0
285.924 0
298.538 0
311.709 0
325.462 0
339.821 0
354.813 0
370.467 0
386.812 0
403.878 0
421.697 0
440.301 0
459.727 0
480.01 0
501.187 0
523.299 0
546.387 0
570.493 0
595.662 0
621.942 0
649.382 0
678.032 0
707.946 0
739.18 0
771.792 0
805.842 0
841.395 0
878.517 0
917.276 0
957.745 0
1000 0
