# First line is two numbers 
#     First value is '2', it means 'histogram mode'
#     Second value is 'Emin' of the histogram
# Other lines : 2 columns. 1) energy 2) probability (nb divided by NbEvent)
# Number of bins = 480
# Content below the first bin: 0
# Content above the last  bin: 0
# Content above the last  bin: 0
# Number of events: 209000
2 1e-06
1.04412e-06 0
1.09018e-06 0
1.13828e-06 0
1.1885e-06 0
1.24094e-06 0
1.29569e-06 0
1.35285e-06 0
1.41254e-06 0
1.47486e-06 0
1.53993e-06 0
1.60787e-06 0
1.6788e-06 0
1.75287e-06 0
1.83021e-06 0
1.91095e-06 0
1.99526e-06 0
2.08329e-06 0
2.1752e-06 0
2.27117e-06 0
2.37137e-06 0
2.476e-06 0
2.58523e-06 0
2.69929e-06 0
2.81838e-06 0
2.94273e-06 0
3.07256e-06 0
3.20812e-06 0
3.34965e-06 0
3.49744e-06 0
3.65174e-06 0
3.81285e-06 0
3.98107e-06 0
4.15671e-06 0
4.3401e-06 0
4.53158e-06 0
4.73151e-06 0
4.94026e-06 0
5.15822e-06 0
5.3858e-06 0
5.62341e-06 0
5.87151e-06 0
6.13056e-06 0
6.40103e-06 0
6.68344e-06 0
6.97831e-06 0
7.28618e-06 0
7.60764e-06 0
7.94328e-06 0
8.29373e-06 0
8.65964e-06 0
9.0417e-06 0
9.44061e-06 0
9.85712e-06 0
1.0292e-05 0
1.07461e-05 0
1.12202e-05 0
1.17152e-05 0
1.22321e-05 0
1.27717e-05 0
1.33352e-05 0
1.39236e-05 0
1.45378e-05 0
1.51792e-05 0
1.58489e-05 0
1.65482e-05 0
1.72783e-05 0
1.80406e-05 0
1.88365e-05 0
1.96675e-05 0
2.05353e-05 0
2.14412e-05 0
2.23872e-05 0
2.33749e-05 0
2.44062e-05 0
2.5483e-05 0
2.66073e-05 0
2.77811e-05 0
2.90068e-05 0
3.02866e-05 0
3.16228e-05 0
3.30179e-05 0
3.44747e-05 0
3.59956e-05 0
3.75837e-05 0
3.92419e-05 0
4.09732e-05 0
4.27809e-05 0
4.46684e-05 0
4.66391e-05 0
4.86968e-05 0
5.08452e-05 0
5.30884e-05 0
5.54307e-05 0
5.78762e-05 0
6.04296e-05 0
6.30957e-05 0
6.58795e-05 0
6.8786e-05 0
7.18208e-05 0
7.49894e-05 0
7.82979e-05 0
8.17523e-05 0
8.53591e-05 0
8.91251e-05 0
9.30572e-05 0
9.71628e-05 0
0.00010145 0
0.000105925 0
0.000110599 0
0.000115478 0
0.000120573 0
0.000125893 0
0.000131447 0
0.000137246 0
0.000143301 0
0.000149624 0
0.000156225 0
0.000163117 0
0.000170314 0
0.000177828 0
0.000185674 0
0.000193865 0
0.000202418 0
0.000211349 0
0.000220673 0
0.000230409 0
0.000240575 0
0.000251189 0
0.000262271 0
0.000273842 0
0.000285924 0
0.000298538 0
0.000311709 0
0.000325462 0
0.000339821 0
0.000354813 0
0.000370467 0
0.000386812 0
0.000403878 0
0.000421697 0
0.000440301 0
0.000459727 0
0.00048001 0
0.000501187 0
0.000523299 0
0.000546387 0
0.000570493 0
0.000595662 0
0.000621942 0
0.000649382 0
0.000678032 0
0.000707946 0
0.00073918 0
0.000771792 0
0.000805842 0
0.000841395 0
0.000878517 0
0.000917276 0
0.000957745 0
0.001 0
0.00104412 0
0.00109018 0
0.00113828 0
0.0011885 0
0.00124094 0
0.00129569 0
0.00135285 0
0.00141254 0
0.00147486 0
0.00153993 0
0.00160787 0
0.0016788 0
0.00175287 76.8453
0.00183021 0
0.00191095 0
0.00199526 0
0.00208329 0
0.0021752 0
0.00227117 0
0.00237137 0
0.002476 0
0.00258523 116.117
0.00269929 116.713
0.00281838 0
0.00294273 0
0.00307256 0
0.00320812 0
0.00334965 0
0.00349744 29.3876
0.00365174 0
0.00381285 0
0.00398107 81.5203
0.00415671 0
0.0043401 28.5695
0.00453158 0
0.00473151 0
0.00494026 0
0.00515822 89.286
0.0053858 0
0.00562341 40.6725
0.00587151 103.147
0.00613056 0
0.00640103 137.158
0.00668344 36.2575
0.00697831 0
0.00728618 0
0.00760764 134.39
0.00794328 43.0737
0.00829373 116.513
0.00865964 27.9491
0.0090417 101.549
0.00944061 0
0.00985712 0
0.010292 114.41
0.0107461 114.311
0.0112202 0
0.0117152 198.183
0.0122321 148.449
0.0127717 322.999
0.0133352 50.12
0.0139236 485.376
0.0145378 65.3983
0.0151792 228.182
0.0158489 0
0.0165482 143.064
0.0172783 390.096
0.0180406 372.13
0.0188365 602.623
0.0196675 294.356
0.0205353 136.414
0.0214412 540.616
0.0223872 525.241
0.0233749 489.656
0.0244062 522.104
0.025483 647.067
0.0266073 999.027
0.0277811 514.468
0.0290068 599.477
0.0302866 212.631
0.0316228 752.1
0.0330179 295.159
0.0344747 227.239
0.0359956 908.269
0.0375837 902.35
0.0392419 1314.76
0.0409732 1617.96
0.0427809 1063.62
0.0446684 916.503
0.0466391 1493.74
0.0486968 1331.22
0.0508452 887.99
0.0530884 1524.86
0.0554307 1129.82
0.0578762 763.967
0.0604296 900.853
0.0630957 1889
0.0658795 1585.57
0.068786 1331.98
0.0718208 1995.32
0.0749894 2214.76
0.0782979 1763.39
0.0817523 3254.33
0.0853591 2495.05
0.0891251 2183.34
0.0930572 2523.47
0.0971628 2240.55
0.10145 2739.12
0.105925 2950.78
0.110599 2451.89
0.115478 2731.36
0.120573 3294.6
0.125893 3582.7
0.131447 3072.16
0.137246 3234.74
0.143301 2913.34
0.149624 2994.73
0.156225 3154.46
0.163117 3142.92
0.170314 4022.3
0.177828 3082.25
0.185674 3862.35
0.193865 4207.42
0.202418 4311.64
0.211349 3717.5
0.220673 3557.79
0.230409 4746.92
0.240575 3326.04
0.251189 3346.92
0.262271 3722.82
0.273842 5186.96
0.285924 3080.08
0.298538 4530.26
0.311709 4176.62
0.325462 3492.72
0.339821 4037.22
0.354813 4133.17
0.370467 5082.63
0.386812 4189.66
0.403878 4003.77
0.421697 4558.8
0.440301 5258.48
0.459727 4766.21
0.48001 4372.56
0.501187 4494.43
0.523299 4303.27
0.546387 4826.19
0.570493 4318.38
0.595662 3219.68
0.621942 3863.72
0.649382 4001.96
0.678032 4171.65
0.707946 3393.61
0.73918 3664.28
0.771792 3911.6
0.805842 3833.75
0.841395 3252.98
0.878517 3695.68
0.917276 3005.28
0.957745 2871.94
1 2442.11
1.04412 2920.67
1.09018 2614.31
1.13828 2592.64
1.1885 2444.76
1.24094 2443.91
1.29569 1623.28
1.35285 1553.39
1.41254 2195.81
1.47486 1801.52
1.53993 1266.32
1.60787 794.862
1.6788 1296.64
1.75287 1398.11
1.83021 1663.1
1.91095 1323.89
1.99526 727.669
2.08329 1422.55
2.1752 1008.91
2.27117 1483.4
2.37137 1365.51
2.476 1014.5
2.58523 1160.18
2.69929 1168.94
2.81838 1071.74
2.94273 1114.05
3.07256 1150.32
3.20812 1067.39
3.34965 709.044
3.49744 1401.31
3.65174 544.128
3.81285 769.973
3.98107 942.428
4.15671 1212.46
4.3401 708.897
4.53158 1153.3
4.73151 898.609
4.94026 780.189
5.15822 1181.65
5.3858 408.153
5.62341 943.381
5.87151 296.075
6.13056 588.711
6.40103 400.075
6.68344 753.618
6.97831 622.503
7.28618 277.222
7.60764 451.277
7.94328 521.735
8.29373 414.891
8.65964 336.641
9.0417 221.651
9.44061 715.151
9.85712 399.079
10.292 382.2
10.7461 282.008
11.2202 393.782
11.7152 588.165
12.2321 384.072
12.7717 239.207
13.3352 680.2
13.9236 82.7802
14.5378 221.641
15.1792 464.38
15.8489 375.251
16.5482 316.237
17.2783 226.127
18.0406 424.624
18.8365 384.107
19.6675 775.745
20.5353 241.052
21.4412 321.935
22.3872 318.264
23.3749 551.865
24.4062 662.102
25.483 265.698
26.6073 322.261
27.7811 520.79
29.0068 378.113
30.2866 781.776
31.6228 410.673
33.0179 314.856
34.4747 288.073
35.9956 381.687
37.5837 535.469
39.2419 770.607
40.9732 401.244
42.7809 922.11
44.6684 367.451
46.6391 359.189
48.6968 315.031
50.8452 406.596
53.0884 397.016
55.4307 384.646
57.8762 559.926
60.4296 355.603
63.0957 847.373
65.8795 321.353
68.786 485.159
71.8208 849.208
74.9894 320.705
78.2979 716.107
81.7523 544.838
85.3591 273.814
89.1251 521.623
93.0572 756.562
97.1628 573.626
101.45 661.987
105.925 315.779
110.599 595.76
115.478 391.864
120.573 207.461
125.893 580.993
131.447 477.905
137.246 485
143.301 499.448
149.624 574.64
156.225 101.824
163.117 358.828
170.314 77.1716
177.828 456.106
185.674 262.803
193.865 304.718
202.418 381.52
211.349 366.064
220.673 279.523
230.409 236.283
240.575 194.157
251.189 215.056
262.271 106.774
273.842 98.1979
285.924 158.565
298.538 527.257
311.709 453.287
325.462 119.659
339.821 43.5605
354.813 261.29
370.467 30.6551
386.812 0
403.878 0
421.697 93.9924
440.301 0
459.727 0
480.01 0
501.187 0
523.299 73.1564
546.387 5.98091
570.493 0
595.662 0
621.942 0
649.382 0
678.032 0
707.946 0
739.18 0
771.792 0
805.842 0
841.395 43.5488
878.517 0
917.276 0
957.745 0
1000 0
