# First line is two numbers 
#     First value is '2', it means 'histogram mode'
#     Second value is 'Emin' of the histogram
# Other lines : 2 columns. 1) energy 2) probability (nb divided by NbEvent)
# Number of bins = 480
# Content below the first bin: 0
# Content above the last  bin: 0
# Content above the last  bin: 0
# Number of events: 209000
2 1e-06
1.04412e-06 0
1.09018e-06 0
1.13828e-06 0
1.1885e-06 0
1.24094e-06 0
1.29569e-06 0
1.35285e-06 0
1.41254e-06 0
1.47486e-06 0
1.53993e-06 0
1.60787e-06 0
1.6788e-06 0
1.75287e-06 0
1.83021e-06 0
1.91095e-06 0
1.99526e-06 0
2.08329e-06 0
2.1752e-06 0
2.27117e-06 0
2.37137e-06 0
2.476e-06 0
2.58523e-06 0
2.69929e-06 0
2.81838e-06 0
2.94273e-06 0
3.07256e-06 0
3.20812e-06 0
3.34965e-06 0
3.49744e-06 0
3.65174e-06 0
3.81285e-06 0
3.98107e-06 0
4.15671e-06 0
4.3401e-06 0
4.53158e-06 0
4.73151e-06 0
4.94026e-06 0
5.15822e-06 0
5.3858e-06 0
5.62341e-06 0
5.87151e-06 0
6.13056e-06 0
6.40103e-06 0
6.68344e-06 0
6.97831e-06 0
7.28618e-06 0
7.60764e-06 0
7.94328e-06 0
8.29373e-06 0
8.65964e-06 0
9.0417e-06 0
9.44061e-06 0
9.85712e-06 0
1.0292e-05 0
1.07461e-05 0
1.12202e-05 0
1.17152e-05 0
1.22321e-05 0
1.27717e-05 0
1.33352e-05 0
1.39236e-05 0
1.45378e-05 0
1.51792e-05 0
1.58489e-05 0
1.65482e-05 0
1.72783e-05 0
1.80406e-05 0
1.88365e-05 0
1.96675e-05 0
2.05353e-05 0
2.14412e-05 0
2.23872e-05 0
2.33749e-05 0
2.44062e-05 0
2.5483e-05 0
2.66073e-05 0
2.77811e-05 0
2.90068e-05 0
3.02866e-05 0
3.16228e-05 0
3.30179e-05 0
3.44747e-05 0
3.59956e-05 0
3.75837e-05 0
3.92419e-05 0
4.09732e-05 0
4.27809e-05 0
4.46684e-05 0
4.66391e-05 0
4.86968e-05 0
5.08452e-05 0
5.30884e-05 0
5.54307e-05 0
5.78762e-05 0
6.04296e-05 0
6.30957e-05 0
6.58795e-05 0
6.8786e-05 0
7.18208e-05 0
7.49894e-05 0
7.82979e-05 0
8.17523e-05 0
8.53591e-05 0
8.91251e-05 0
9.30572e-05 0
9.71628e-05 0
0.00010145 0
0.000105925 0
0.000110599 0
0.000115478 0
0.000120573 0
0.000125893 0
0.000131447 0
0.000137246 0
0.000143301 0
0.000149624 0
0.000156225 0
0.000163117 0
0.000170314 0
0.000177828 0
0.000185674 0
0.000193865 0
0.000202418 0
0.000211349 0
0.000220673 0
0.000230409 0
0.000240575 0
0.000251189 0
0.000262271 0
0.000273842 0
0.000285924 0
0.000298538 0
0.000311709 0
0.000325462 0
0.000339821 0
0.000354813 0
0.000370467 0
0.000386812 0
0.000403878 0
0.000421697 0
0.000440301 0
0.000459727 0
0.00048001 0
0.000501187 0
0.000523299 0
0.000546387 0
0.000570493 0
0.000595662 0
0.000621942 0
0.000649382 0
0.000678032 0
0.000707946 0
0.00073918 0
0.000771792 0
0.000805842 0
0.000841395 0
0.000878517 0
0.000917276 0
0.000957745 0
0.001 0
0.00104412 0
0.00109018 0
0.00113828 0
0.0011885 0
0.00124094 0
0.00129569 0
0.00135285 0
0.00141254 0
0.00147486 0
0.00153993 0
0.00160787 0
0.0016788 0
0.00175287 0
0.00183021 0
0.00191095 0
0.00199526 0
0.00208329 0
0.0021752 0
0.00227117 0
0.00237137 0
0.002476 0
0.00258523 0
0.00269929 0
0.00281838 0
0.00294273 0
0.00307256 0
0.00320812 0
0.00334965 0
0.00349744 0
0.00365174 0
0.00381285 0
0.00398107 0
0.00415671 0
0.0043401 0
0.00453158 0
0.00473151 0
0.00494026 0
0.00515822 0
0.0053858 0
0.00562341 0
0.00587151 0
0.00613056 0
0.00640103 0
0.00668344 0
0.00697831 0
0.00728618 0
0.00760764 0
0.00794328 0
0.00829373 0
0.00865964 0
0.0090417 0
0.00944061 29.9795
0.00985712 0
0.010292 0
0.0107461 0
0.0112202 0
0.0117152 0
0.0122321 0
0.0127717 94.0881
0.0133352 0
0.0139236 0
0.0145378 0
0.0151792 0
0.0158489 0
0.0165482 0
0.0172783 0
0.0180406 0
0.0188365 0
0.0196675 0
0.0205353 0
0.0214412 0
0.0223872 0
0.0233749 0
0.0244062 51.9616
0.025483 74.1787
0.0266073 0
0.0277811 83.1747
0.0290068 0
0.0302866 0
0.0316228 0
0.0330179 0
0.0344747 0
0.0359956 0
0.0375837 0
0.0392419 0
0.0409732 116.552
0.0427809 121.139
0.0446684 102.393
0.0466391 0
0.0486968 18.657
0.0508452 117.421
0.0530884 18.2093
0.0554307 174.353
0.0578762 0
0.0604296 75.3186
0.0630957 0
0.0658795 212.788
0.068786 31.0225
0.0718208 0
0.0749894 400.035
0.0782979 0
0.0817523 109.067
0.0853591 163.172
0.0891251 0
0.0930572 18.6144
0.0971628 89.1652
0.10145 155.344
0.105925 66.3221
0.110599 0
0.115478 106.037
0.120573 103.794
0.125893 0
0.131447 69.0727
0.137246 104.22
0.143301 127.76
0.149624 143.304
0.156225 55.0091
0.163117 208.116
0.170314 305.248
0.177828 357.125
0.185674 512.751
0.193865 116.846
0.202418 123.814
0.211349 81.7418
0.220673 224.774
0.230409 249.406
0.240575 97.4801
0.251189 239.828
0.262271 224.301
0.273842 15.0342
0.285924 266.51
0.298538 195.964
0.311709 0
0.325462 54.9081
0.339821 370.76
0.354813 0
0.370467 263.627
0.386812 88.6317
0.403878 293.214
0.421697 179.168
0.440301 289.549
0.459727 207.221
0.48001 290.847
0.501187 105.95
0.523299 456.698
0.546387 17.287
0.570493 0
0.595662 141.328
0.621942 228.19
0.649382 223.559
0.678032 273.893
0.707946 119.536
0.73918 271.084
0.771792 147.969
0.805842 168.481
0.841395 113.099
0.878517 20.5804
0.917276 379.208
0.957745 294.401
1 389.284
1.04412 102.176
1.09018 232.625
1.13828 180.43
1.1885 294.235
1.24094 0
1.29569 0
1.35285 46.1329
1.41254 0
1.47486 135.068
1.53993 230.928
1.60787 106.801
1.6788 0
1.75287 98.6865
1.83021 0
1.91095 0
1.99526 113.649
2.08329 92.915
2.1752 0
2.27117 104.357
2.37137 0
2.476 0
2.58523 0
2.69929 0
2.81838 0
2.94273 0
3.07256 0
3.20812 134.171
3.34965 99.0172
3.49744 0
3.65174 106.099
3.81285 0
3.98107 0
4.15671 0
4.3401 105.503
4.53158 47.0441
4.73151 0
4.94026 53.4542
5.15822 0
5.3858 174.811
5.62341 110.431
5.87151 0
6.13056 0
6.40103 0
6.68344 0
6.97831 0
7.28618 116.304
7.60764 84.9034
7.94328 116.396
8.29373 118.238
8.65964 100.918
9.0417 75.9625
9.44061 228.773
9.85712 47.8703
10.292 67.6714
10.7461 0
11.2202 112.61
11.7152 0
12.2321 0
12.7717 75.4141
13.3352 0
13.9236 0
14.5378 87.8917
15.1792 48.6183
15.8489 58.0177
16.5482 103.312
17.2783 0
18.0406 146.451
18.8365 0
19.6675 77.4294
20.5353 0
21.4412 0
22.3872 102.394
23.3749 0
24.4062 217.501
25.483 177.443
26.6073 0
27.7811 78.4943
29.0068 69.557
30.2866 114.689
31.6228 74.3169
33.0179 275.574
34.4747 0
35.9956 0
37.5837 104.5
39.2419 0
40.9732 145.474
42.7809 110.149
44.6684 33.4015
46.6391 177.759
48.6968 0
50.8452 101.107
53.0884 0
55.4307 0
57.8762 209.154
60.4296 0
63.0957 41.8811
65.8795 195.432
68.786 210.739
71.8208 108.561
74.9894 0
78.2979 76.1594
81.7523 81.2444
85.3591 240.457
89.1251 171.566
93.0572 112.987
97.1628 135.414
101.45 0
105.925 109.473
110.599 487.264
115.478 153.19
120.573 161.655
125.893 344.755
131.447 73.0879
137.246 395.588
143.301 150.903
149.624 0
156.225 0
163.117 92.3849
170.314 92.5469
177.828 0
185.674 310.256
193.865 169.645
202.418 93.9436
211.349 105.651
220.673 0
230.409 0
240.575 0
251.189 90.3628
262.271 0
273.842 0
285.924 0
298.538 0
311.709 0
325.462 0
339.821 0
354.813 0
370.467 0
386.812 0
403.878 0
421.697 0
440.301 0
459.727 0
480.01 0
501.187 0
523.299 0
546.387 0
570.493 0
595.662 0
621.942 0
649.382 0
678.032 0
707.946 0
739.18 0
771.792 0
805.842 0
841.395 0
878.517 0
917.276 0
957.745 0
1000 0
