# First line is two numbers 
#     First value is '2', it means 'histogram mode'
#     Second value is 'Emin' of the histogram
# Other lines : 2 columns. 1) energy 2) probability (nb divided by NbEvent)
# Number of bins = 480
# Content below the first bin: 0
# Content above the last  bin: 0
# Content above the last  bin: 0
# Number of events: 209000
2 1e-06
1.04412e-06 0
1.09018e-06 0
1.13828e-06 0
1.1885e-06 0
1.24094e-06 0
1.29569e-06 0
1.35285e-06 0
1.41254e-06 0
1.47486e-06 0
1.53993e-06 0
1.60787e-06 0
1.6788e-06 0
1.75287e-06 0
1.83021e-06 0
1.91095e-06 0
1.99526e-06 0
2.08329e-06 0
2.1752e-06 0
2.27117e-06 0
2.37137e-06 0
2.476e-06 0
2.58523e-06 0
2.69929e-06 0
2.81838e-06 0
2.94273e-06 0
3.07256e-06 0
3.20812e-06 0
3.34965e-06 0
3.49744e-06 0
3.65174e-06 0
3.81285e-06 0
3.98107e-06 0
4.15671e-06 0
4.3401e-06 0
4.53158e-06 0
4.73151e-06 0
4.94026e-06 0
5.15822e-06 0
5.3858e-06 0
5.62341e-06 0
5.87151e-06 0
6.13056e-06 0
6.40103e-06 0
6.68344e-06 0
6.97831e-06 0
7.28618e-06 0
7.60764e-06 0
7.94328e-06 0
8.29373e-06 0
8.65964e-06 0
9.0417e-06 0
9.44061e-06 0
9.85712e-06 0
1.0292e-05 0
1.07461e-05 0
1.12202e-05 0
1.17152e-05 0
1.22321e-05 0
1.27717e-05 0
1.33352e-05 0
1.39236e-05 0
1.45378e-05 0
1.51792e-05 0
1.58489e-05 0
1.65482e-05 0
1.72783e-05 0
1.80406e-05 0
1.88365e-05 0
1.96675e-05 0
2.05353e-05 0
2.14412e-05 0
2.23872e-05 0
2.33749e-05 0
2.44062e-05 0
2.5483e-05 0
2.66073e-05 0
2.77811e-05 0
2.90068e-05 0
3.02866e-05 0
3.16228e-05 0
3.30179e-05 0
3.44747e-05 0
3.59956e-05 0
3.75837e-05 0
3.92419e-05 0
4.09732e-05 0
4.27809e-05 0
4.46684e-05 0
4.66391e-05 0
4.86968e-05 0
5.08452e-05 0
5.30884e-05 0
5.54307e-05 0
5.78762e-05 0
6.04296e-05 0
6.30957e-05 0
6.58795e-05 0
6.8786e-05 0
7.18208e-05 0
7.49894e-05 0
7.82979e-05 0
8.17523e-05 0
8.53591e-05 0
8.91251e-05 0
9.30572e-05 0
9.71628e-05 0
0.00010145 0
0.000105925 0
0.000110599 0
0.000115478 0
0.000120573 0
0.000125893 0
0.000131447 0
0.000137246 0
0.000143301 0
0.000149624 0
0.000156225 0
0.000163117 0
0.000170314 0
0.000177828 0
0.000185674 0
0.000193865 0
0.000202418 0
0.000211349 0
0.000220673 0
0.000230409 0
0.000240575 0
0.000251189 0
0.000262271 0
0.000273842 0
0.000285924 0
0.000298538 0
0.000311709 0
0.000325462 0
0.000339821 0
0.000354813 0
0.000370467 0
0.000386812 0
0.000403878 0
0.000421697 0
0.000440301 0
0.000459727 0
0.00048001 0
0.000501187 0
0.000523299 0
0.000546387 0
0.000570493 0
0.000595662 0
0.000621942 0
0.000649382 0
0.000678032 0
0.000707946 0
0.00073918 0
0.000771792 0
0.000805842 0
0.000841395 0
0.000878517 0
0.000917276 0
0.000957745 115.894
0.001 0
0.00104412 0
0.00109018 0
0.00113828 0
0.0011885 0
0.00124094 0
0.00129569 0
0.00135285 0
0.00141254 0
0.00147486 0
0.00153993 0
0.00160787 0
0.0016788 0
0.00175287 0
0.00183021 0
0.00191095 215.511
0.00199526 0
0.00208329 0
0.0021752 0
0.00227117 0
0.00237137 107.733
0.002476 0
0.00258523 0
0.00269929 0
0.00281838 112.794
0.00294273 0
0.00307256 0
0.00320812 0
0.00334965 0
0.00349744 0
0.00365174 49.5465
0.00381285 0
0.00398107 0
0.00415671 0
0.0043401 0
0.00453158 0
0.00473151 0
0.00494026 0
0.00515822 0
0.0053858 0
0.00562341 94.6651
0.00587151 0
0.00613056 0
0.00640103 0
0.00668344 0
0.00697831 0
0.00728618 98.0808
0.00760764 0
0.00794328 0
0.00829373 118.239
0.00865964 0
0.0090417 80.0637
0.00944061 118.012
0.00985712 0
0.010292 186.096
0.0107461 226.515
0.0112202 60.2352
0.0117152 67.9307
0.0122321 0
0.0127717 77.268
0.0133352 70.2955
0.0139236 0
0.0145378 64.7178
0.0151792 222.785
0.0158489 217.009
0.0165482 398.096
0.0172783 521.609
0.0180406 241.174
0.0188365 411.621
0.0196675 684.369
0.0205353 400.288
0.0214412 355.216
0.0223872 738.902
0.0233749 362.909
0.0244062 579.711
0.025483 548.718
0.0266073 341.802
0.0277811 492.471
0.0290068 174.681
0.0302866 384.132
0.0316228 447.087
0.0330179 1003.2
0.0344747 279.861
0.0359956 488.753
0.0375837 823.662
0.0392419 643.293
0.0409732 730.575
0.0427809 709.995
0.0446684 927.303
0.0466391 1482.61
0.0486968 1332.25
0.0508452 532.546
0.0530884 929.716
0.0554307 1637.85
0.0578762 1059.07
0.0604296 1565.5
0.0630957 1900.35
0.0658795 2067.15
0.068786 1570.21
0.0718208 1413.84
0.0749894 1629.55
0.0782979 1901.45
0.0817523 2027.75
0.0853591 2136.92
0.0891251 1615.83
0.0930572 1894.2
0.0971628 2710.8
0.10145 2948.98
0.105925 2236.94
0.110599 3277.1
0.115478 3422.77
0.120573 3364.6
0.125893 3585.9
0.131447 3717.27
0.137246 3001.45
0.143301 3063.49
0.149624 2649.1
0.156225 3110.15
0.163117 3457.72
0.170314 2574.67
0.177828 3490.86
0.185674 3037.7
0.193865 3469.88
0.202418 2124.36
0.211349 2728.64
0.220673 3076.63
0.230409 2463.54
0.240575 3872.11
0.251189 4351.76
0.262271 3796.84
0.273842 3930.98
0.285924 4618.99
0.298538 3999.96
0.311709 4986.1
0.325462 3997.95
0.339821 3325.04
0.354813 5550.71
0.370467 5324.68
0.386812 5117.69
0.403878 4213.3
0.421697 2532.01
0.440301 3413.17
0.459727 4688.18
0.48001 3027.88
0.501187 4625.5
0.523299 3299.69
0.546387 4075.29
0.570493 4460.04
0.595662 3441.95
0.621942 4370.6
0.649382 4190.51
0.678032 3258.99
0.707946 3429.84
0.73918 3474.96
0.771792 3533.58
0.805842 3338.06
0.841395 3399.36
0.878517 2395.21
0.917276 3055.16
0.957745 2459.23
1 2852.96
1.04412 3403.29
1.09018 2601.92
1.13828 2444.66
1.1885 2055.64
1.24094 1121.07
1.29569 1682.67
1.35285 1820.23
1.41254 1791.9
1.47486 1269.79
1.53993 1270.42
1.60787 1953.16
1.6788 1055.66
1.75287 1139.59
1.83021 1495.86
1.91095 1217.35
1.99526 751.737
2.08329 1038.03
2.1752 1163.9
2.27117 970.663
2.37137 1106.5
2.476 596.03
2.58523 960.078
2.69929 1188.94
2.81838 945.75
2.94273 797.192
3.07256 673.132
3.20812 743.282
3.34965 584.163
3.49744 1050.95
3.65174 826.639
3.81285 438.358
3.98107 1093.37
4.15671 566.49
4.3401 503.895
4.53158 1020.36
4.73151 491.382
4.94026 539.572
5.15822 421.822
5.3858 456.254
5.62341 320.253
5.87151 1060.07
6.13056 360.765
6.40103 175.155
6.68344 400.093
6.97831 637.104
7.28618 379.213
7.60764 402.89
7.94328 169.42
8.29373 107.979
8.65964 641.621
9.0417 466.232
9.44061 279.331
9.85712 424.378
10.292 456.64
10.7461 582.097
11.2202 211.747
11.7152 655.882
12.2321 765.593
12.7717 408.701
13.3352 103.111
13.9236 267.911
14.5378 507.444
15.1792 184.405
15.8489 436.398
16.5482 439.814
17.2783 288.656
18.0406 343.735
18.8365 238.407
19.6675 491.431
20.5353 386.797
21.4412 274.848
22.3872 159.152
23.3749 603.702
24.4062 480.421
25.483 205.116
26.6073 1046.76
27.7811 309.107
29.0068 361.474
30.2866 321.865
31.6228 572.383
33.0179 449.151
34.4747 532.652
35.9956 543.834
37.5837 212.145
39.2419 322.878
40.9732 814.972
42.7809 250.488
44.6684 430.644
46.6391 392.891
48.6968 614.806
50.8452 375.557
53.0884 537.26
55.4307 496.384
57.8762 849.76
60.4296 511.409
63.0957 309.255
65.8795 695.961
68.786 736.149
71.8208 897.736
74.9894 716.055
78.2979 830.399
81.7523 507.201
85.3591 427.844
89.1251 981.442
93.0572 1045.77
97.1628 846.325
101.45 1008.69
105.925 302.792
110.599 1035.58
115.478 746.538
120.573 784.244
125.893 509.527
131.447 589.774
137.246 949.762
143.301 1035.36
149.624 489.005
156.225 939.983
163.117 341.036
170.314 796.28
177.828 1188.58
185.674 948.203
193.865 974.901
202.418 919.373
211.349 637.055
220.673 1057.32
230.409 744.361
240.575 739.803
251.189 587.17
262.271 1164.86
273.842 464.551
285.924 466.862
298.538 638.951
311.709 408.507
325.462 376.946
339.821 306.963
354.813 507.004
370.467 148.155
386.812 98.7681
403.878 319.808
421.697 0
440.301 172.527
459.727 126.994
480.01 0
501.187 55.7995
523.299 10.4465
546.387 0
570.493 0
595.662 27.7747
621.942 0
649.382 0
678.032 0
707.946 0
739.18 59.5205
771.792 101.515
805.842 0
841.395 0
878.517 0
917.276 0
957.745 0
1000 0
