# First line is two numbers 
#     First value is '2', it means 'histogram mode'
#     Second value is 'Emin' of the histogram
# Other lines : 2 columns. 1) energy 2) probability (nb divided by NbEvent)
# Number of bins = 480
# Content below the first bin: 0
# Content above the last  bin: 0
# Content above the last  bin: 0
# Number of events: 209000
2 1e-06
1.04412e-06 0
1.09018e-06 0
1.13828e-06 0
1.1885e-06 0
1.24094e-06 0
1.29569e-06 0
1.35285e-06 0
1.41254e-06 0
1.47486e-06 0
1.53993e-06 0
1.60787e-06 0
1.6788e-06 0
1.75287e-06 0
1.83021e-06 0
1.91095e-06 0
1.99526e-06 0
2.08329e-06 0
2.1752e-06 0
2.27117e-06 0
2.37137e-06 0
2.476e-06 0
2.58523e-06 0
2.69929e-06 0
2.81838e-06 0
2.94273e-06 0
3.07256e-06 0
3.20812e-06 0
3.34965e-06 0
3.49744e-06 0
3.65174e-06 0
3.81285e-06 0
3.98107e-06 0
4.15671e-06 0
4.3401e-06 0
4.53158e-06 0
4.73151e-06 0
4.94026e-06 0
5.15822e-06 0
5.3858e-06 0
5.62341e-06 0
5.87151e-06 0
6.13056e-06 0
6.40103e-06 0
6.68344e-06 0
6.97831e-06 0
7.28618e-06 0
7.60764e-06 0
7.94328e-06 0
8.29373e-06 0
8.65964e-06 0
9.0417e-06 0
9.44061e-06 0
9.85712e-06 0
1.0292e-05 0
1.07461e-05 0
1.12202e-05 0
1.17152e-05 0
1.22321e-05 0
1.27717e-05 0
1.33352e-05 0
1.39236e-05 0
1.45378e-05 0
1.51792e-05 0
1.58489e-05 0
1.65482e-05 0
1.72783e-05 0
1.80406e-05 0
1.88365e-05 0
1.96675e-05 0
2.05353e-05 0
2.14412e-05 0
2.23872e-05 0
2.33749e-05 0
2.44062e-05 0
2.5483e-05 0
2.66073e-05 0
2.77811e-05 0
2.90068e-05 0
3.02866e-05 0
3.16228e-05 0
3.30179e-05 0
3.44747e-05 0
3.59956e-05 0
3.75837e-05 0
3.92419e-05 0
4.09732e-05 0
4.27809e-05 0
4.46684e-05 0
4.66391e-05 0
4.86968e-05 0
5.08452e-05 0
5.30884e-05 0
5.54307e-05 0
5.78762e-05 0
6.04296e-05 0
6.30957e-05 0
6.58795e-05 0
6.8786e-05 0
7.18208e-05 0
7.49894e-05 0
7.82979e-05 0
8.17523e-05 0
8.53591e-05 0
8.91251e-05 0
9.30572e-05 0
9.71628e-05 0
0.00010145 0
0.000105925 0
0.000110599 0
0.000115478 0
0.000120573 0
0.000125893 0
0.000131447 0
0.000137246 0
0.000143301 0
0.000149624 0
0.000156225 0
0.000163117 0
0.000170314 0
0.000177828 0
0.000185674 0
0.000193865 0
0.000202418 0
0.000211349 0
0.000220673 0
0.000230409 0
0.000240575 0
0.000251189 0
0.000262271 0
0.000273842 0
0.000285924 0
0.000298538 0
0.000311709 0
0.000325462 0
0.000339821 0
0.000354813 0
0.000370467 0
0.000386812 0
0.000403878 0
0.000421697 0
0.000440301 0
0.000459727 0
0.00048001 0
0.000501187 0
0.000523299 0
0.000546387 0
0.000570493 0
0.000595662 0
0.000621942 0
0.000649382 0
0.000678032 0
0.000707946 0
0.00073918 0
0.000771792 0
0.000805842 0
0.000841395 0
0.000878517 0
0.000917276 0
0.000957745 0
0.001 0
0.00104412 0
0.00109018 0
0.00113828 0
0.0011885 0
0.00124094 0
0.00129569 0
0.00135285 0
0.00141254 0
0.00147486 0
0.00153993 0
0.00160787 0
0.0016788 0
0.00175287 0
0.00183021 0
0.00191095 0
0.00199526 0
0.00208329 0
0.0021752 71.3851
0.00227117 0
0.00237137 0
0.002476 0
0.00258523 0
0.00269929 116.073
0.00281838 0
0.00294273 58.0709
0.00307256 0
0.00320812 0
0.00334965 115.469
0.00349744 0
0.00365174 0
0.00381285 106.727
0.00398107 0
0.00415671 0
0.0043401 114.57
0.00453158 0
0.00473151 49.5707
0.00494026 53.3739
0.00515822 351.186
0.0053858 0
0.00562341 115.847
0.00587151 0
0.00613056 115.923
0.00640103 186.956
0.00668344 0
0.00697831 68.5738
0.00728618 139.379
0.00760764 96.5244
0.00794328 0
0.00829373 219.74
0.00865964 98.1477
0.0090417 48.1689
0.00944061 38.7483
0.00985712 104.686
0.010292 32.3643
0.0107461 94.8033
0.0112202 312.373
0.0117152 351.291
0.0122321 173.776
0.0127717 447.675
0.0133352 65.4128
0.0139236 0
0.0145378 416.603
0.0151792 789.093
0.0158489 551.919
0.0165482 214.622
0.0172783 356.879
0.0180406 579.848
0.0188365 351.952
0.0196675 240.012
0.0205353 972.356
0.0214412 860.879
0.0223872 803.988
0.0233749 806.722
0.0244062 1042.48
0.025483 1214.59
0.0266073 1440.42
0.0277811 1508.8
0.0290068 2089.6
0.0302866 794.523
0.0316228 1594.81
0.0330179 1425.91
0.0344747 2347.42
0.0359956 1584.88
0.0375837 1475.04
0.0392419 1093.15
0.0409732 1896.16
0.0427809 1860.99
0.0446684 1393.32
0.0466391 2309.33
0.0486968 1855.03
0.0508452 2209
0.0530884 2013.39
0.0554307 1796.98
0.0578762 2011.61
0.0604296 4257.63
0.0630957 3107.39
0.0658795 3207.02
0.068786 3759.01
0.0718208 3587.19
0.0749894 3954.1
0.0782979 4224.65
0.0817523 4576.61
0.0853591 3847.25
0.0891251 5702.94
0.0930572 5993.12
0.0971628 5961.27
0.10145 4607.89
0.105925 6125.13
0.110599 5950.04
0.115478 5921.84
0.120573 5827.27
0.125893 7054.55
0.131447 5390.9
0.137246 7282.55
0.143301 6043.18
0.149624 7100.76
0.156225 6369.37
0.163117 6343.04
0.170314 7733.91
0.177828 7760.6
0.185674 6387.61
0.193865 8481.58
0.202418 7834.47
0.211349 7621.38
0.220673 7339.51
0.230409 8440.74
0.240575 7439.54
0.251189 7173.94
0.262271 7202.36
0.273842 8832.88
0.285924 8138.02
0.298538 9565.55
0.311709 7929.5
0.325462 8721.02
0.339821 8323.48
0.354813 9168.57
0.370467 8020.76
0.386812 7025.42
0.403878 9038
0.421697 7496.16
0.440301 9104.46
0.459727 8473.52
0.48001 9777.4
0.501187 8984.95
0.523299 9272.36
0.546387 8842.87
0.570493 8308.99
0.595662 8312.76
0.621942 7570.76
0.649382 8048.15
0.678032 9980.89
0.707946 9463.82
0.73918 7873.55
0.771792 7216.89
0.805842 6372.91
0.841395 7232.61
0.878517 4892.97
0.917276 6244.1
0.957745 6711.83
1 6374.21
1.04412 5402.81
1.09018 4996.99
1.13828 4259.78
1.1885 4998.55
1.24094 3418.88
1.29569 3740.8
1.35285 3774.35
1.41254 3521.25
1.47486 3106.62
1.53993 3609.31
1.60787 2998.81
1.6788 2538.39
1.75287 2135.84
1.83021 2662.92
1.91095 3068.44
1.99526 2208.82
2.08329 1705.05
2.1752 2589.1
2.27117 2586
2.37137 3368.78
2.476 1455.68
2.58523 1701.89
2.69929 1808.81
2.81838 2020.37
2.94273 1368.33
3.07256 1639.25
3.20812 2204.76
3.34965 1525.29
3.49744 1885.41
3.65174 1725.51
3.81285 1961.63
3.98107 1248.31
4.15671 1840.93
4.3401 1480.01
4.53158 1095.4
4.73151 1496.9
4.94026 1625.18
5.15822 1428.03
5.3858 903.641
5.62341 1211.67
5.87151 607.157
6.13056 695.883
6.40103 897.369
6.68344 1190.98
6.97831 518.069
7.28618 1547.69
7.60764 1033.22
7.94328 864.031
8.29373 1132.77
8.65964 1136.27
9.0417 701.594
9.44061 1323.67
9.85712 1048.15
10.292 937.242
10.7461 792.109
11.2202 1117.91
11.7152 831.837
12.2321 1167.21
12.7717 756.615
13.3352 1008.87
13.9236 774.126
14.5378 745.957
15.1792 1078.92
15.8489 978.178
16.5482 666.629
17.2783 1072.01
18.0406 797.232
18.8365 473.925
19.6675 832.744
20.5353 741.938
21.4412 1099.89
22.3872 778.211
23.3749 1062.9
24.4062 819.127
25.483 326.526
26.6073 925.185
27.7811 975.738
29.0068 1321.35
30.2866 1319.13
31.6228 697.135
33.0179 1132.46
34.4747 983.579
35.9956 634.577
37.5837 1207.77
39.2419 581.47
40.9732 1575.53
42.7809 696.879
44.6684 1181.05
46.6391 1387.76
48.6968 1306.17
50.8452 1125.74
53.0884 2043.34
55.4307 1812.34
57.8762 1746.09
60.4296 896.401
63.0957 1520.59
65.8795 1123.94
68.786 1325.71
71.8208 1537.51
74.9894 1417.76
78.2979 1404.74
81.7523 2070.09
85.3591 1342.6
89.1251 1716.56
93.0572 2013.16
97.1628 1721.74
101.45 1433.6
105.925 3067.31
110.599 1149.29
115.478 1448.35
120.573 1616.18
125.893 1450.51
131.447 1267.08
137.246 1479.47
143.301 2302.77
149.624 2170.57
156.225 1829.54
163.117 1649.89
170.314 2127.36
177.828 2580.29
185.674 2456.77
193.865 2733.82
202.418 1903.06
211.349 2161.74
220.673 1853.45
230.409 1893.35
240.575 2741.66
251.189 2997.65
262.271 2320.74
273.842 1758.8
285.924 2795.68
298.538 2281.59
311.709 2888.83
325.462 2256.85
339.821 1479.29
354.813 1999.78
370.467 1813.97
386.812 1283.55
403.878 1372.96
421.697 991.105
440.301 620.994
459.727 256.917
480.01 701.634
501.187 891.043
523.299 625.973
546.387 251.655
570.493 369.979
595.662 90.5525
621.942 160.524
649.382 195.124
678.032 83.2595
707.946 110.072
739.18 84.5939
771.792 83.4278
805.842 117.229
841.395 0
878.517 0
917.276 0
957.745 0
1000 0
