# First line is two numbers 
#     First value is '2', it means 'histogram mode'
#     Second value is 'Emin' of the histogram
# Other lines : 2 columns. 1) energy 2) probability (nb divided by NbEvent)
# Number of bins = 480
# Content below the first bin: 0
# Content above the last  bin: 0
# Content above the last  bin: 0
# Number of events: 209000
2 1e-06
1.04412e-06 0
1.09018e-06 0
1.13828e-06 0
1.1885e-06 0
1.24094e-06 0
1.29569e-06 0
1.35285e-06 0
1.41254e-06 0
1.47486e-06 0
1.53993e-06 0
1.60787e-06 0
1.6788e-06 0
1.75287e-06 0
1.83021e-06 0
1.91095e-06 0
1.99526e-06 0
2.08329e-06 0
2.1752e-06 0
2.27117e-06 0
2.37137e-06 0
2.476e-06 0
2.58523e-06 0
2.69929e-06 0
2.81838e-06 0
2.94273e-06 0
3.07256e-06 0
3.20812e-06 0
3.34965e-06 0
3.49744e-06 0
3.65174e-06 0
3.81285e-06 0
3.98107e-06 0
4.15671e-06 0
4.3401e-06 0
4.53158e-06 0
4.73151e-06 0
4.94026e-06 0
5.15822e-06 0
5.3858e-06 0
5.62341e-06 0
5.87151e-06 0
6.13056e-06 0
6.40103e-06 0
6.68344e-06 0
6.97831e-06 0
7.28618e-06 0
7.60764e-06 0
7.94328e-06 0
8.29373e-06 0
8.65964e-06 0
9.0417e-06 0
9.44061e-06 0
9.85712e-06 0
1.0292e-05 0
1.07461e-05 0
1.12202e-05 0
1.17152e-05 0
1.22321e-05 0
1.27717e-05 0
1.33352e-05 0
1.39236e-05 0
1.45378e-05 0
1.51792e-05 0
1.58489e-05 0
1.65482e-05 0
1.72783e-05 0
1.80406e-05 0
1.88365e-05 0
1.96675e-05 0
2.05353e-05 0
2.14412e-05 0
2.23872e-05 0
2.33749e-05 0
2.44062e-05 0
2.5483e-05 0
2.66073e-05 0
2.77811e-05 0
2.90068e-05 0
3.02866e-05 0
3.16228e-05 0
3.30179e-05 0
3.44747e-05 0
3.59956e-05 0
3.75837e-05 0
3.92419e-05 0
4.09732e-05 0
4.27809e-05 0
4.46684e-05 0
4.66391e-05 0
4.86968e-05 0
5.08452e-05 0
5.30884e-05 0
5.54307e-05 0
5.78762e-05 0
6.04296e-05 0
6.30957e-05 0
6.58795e-05 0
6.8786e-05 0
7.18208e-05 0
7.49894e-05 0
7.82979e-05 0
8.17523e-05 0
8.53591e-05 0
8.91251e-05 0
9.30572e-05 0
9.71628e-05 0
0.00010145 0
0.000105925 0
0.000110599 0
0.000115478 0
0.000120573 0
0.000125893 0
0.000131447 0
0.000137246 0
0.000143301 0
0.000149624 0
0.000156225 0
0.000163117 0
0.000170314 0
0.000177828 0
0.000185674 0
0.000193865 0
0.000202418 0
0.000211349 0
0.000220673 0
0.000230409 0
0.000240575 0
0.000251189 0
0.000262271 0
0.000273842 0
0.000285924 0
0.000298538 0
0.000311709 0
0.000325462 0
0.000339821 0
0.000354813 0
0.000370467 0
0.000386812 0
0.000403878 0
0.000421697 0
0.000440301 0
0.000459727 0
0.00048001 0
0.000501187 0
0.000523299 0
0.000546387 0
0.000570493 0
0.000595662 0
0.000621942 0
0.000649382 0
0.000678032 0
0.000707946 0
0.00073918 0
0.000771792 0
0.000805842 0
0.000841395 0
0.000878517 0
0.000917276 0
0.000957745 0
0.001 0
0.00104412 0
0.00109018 0
0.00113828 0
0.0011885 0
0.00124094 0
0.00129569 0
0.00135285 0
0.00141254 43.3652
0.00147486 0
0.00153993 0
0.00160787 0
0.0016788 0
0.00175287 0
0.00183021 0
0.00191095 19.5828
0.00199526 0
0.00208329 0
0.0021752 0
0.00227117 0
0.00237137 0
0.002476 0
0.00258523 0
0.00269929 0
0.00281838 0
0.00294273 0
0.00307256 0
0.00320812 0
0.00334965 0
0.00349744 0
0.00365174 0
0.00381285 0
0.00398107 0
0.00415671 0
0.0043401 0
0.00453158 0
0.00473151 0
0.00494026 0
0.00515822 0
0.0053858 0
0.00562341 0
0.00587151 0
0.00613056 0
0.00640103 0
0.00668344 0
0.00697831 0
0.00728618 0
0.00760764 80.7196
0.00794328 0
0.00829373 197.701
0.00865964 0
0.0090417 156.948
0.00944061 0
0.00985712 0
0.010292 95.7927
0.0107461 113.748
0.0112202 125.228
0.0117152 110.735
0.0122321 0
0.0127717 0
0.0133352 69.765
0.0139236 0
0.0145378 0
0.0151792 159.766
0.0158489 18.1665
0.0165482 0
0.0172783 174.807
0.0180406 301.335
0.0188365 64.6263
0.0196675 72.1668
0.0205353 117.703
0.0214412 27.2456
0.0223872 70.7849
0.0233749 0
0.0244062 192.572
0.025483 339.388
0.0266073 83.0966
0.0277811 219.174
0.0290068 317.875
0.0302866 262.861
0.0316228 107.742
0.0330179 248.762
0.0344747 38.7372
0.0359956 430.677
0.0375837 163.421
0.0392419 520.432
0.0409732 379.267
0.0427809 229.805
0.0446684 528.986
0.0466391 528.806
0.0486968 350.897
0.0508452 190.373
0.0530884 493.789
0.0554307 394.378
0.0578762 550.051
0.0604296 482.822
0.0630957 788.834
0.0658795 450.98
0.068786 691.665
0.0718208 401.495
0.0749894 258.497
0.0782979 931.913
0.0817523 1413.82
0.0853591 750.918
0.0891251 1077.67
0.0930572 1133.68
0.0971628 744.962
0.10145 727.505
0.105925 1228.98
0.110599 1312.82
0.115478 1460.97
0.120573 2382.08
0.125893 991.73
0.131447 1574.09
0.137246 1635.35
0.143301 1140.85
0.149624 944.404
0.156225 1087.8
0.163117 1776.19
0.170314 1465.14
0.177828 1139.52
0.185674 1038.87
0.193865 1244.26
0.202418 1263.56
0.211349 886.573
0.220673 1738.31
0.230409 1271.02
0.240575 1571.7
0.251189 1812.21
0.262271 1254.34
0.273842 1364.41
0.285924 1193.91
0.298538 1706.05
0.311709 1105.7
0.325462 819.365
0.339821 1442.77
0.354813 1638.51
0.370467 1730.14
0.386812 1789.2
0.403878 1530.73
0.421697 1862.91
0.440301 1769.21
0.459727 1908.09
0.48001 1432.39
0.501187 1677.6
0.523299 1349.06
0.546387 1376.78
0.570493 2416.04
0.595662 1460.69
0.621942 1123.85
0.649382 1229.02
0.678032 1777.1
0.707946 1408
0.73918 1633.84
0.771792 1944.07
0.805842 1212.07
0.841395 1485.87
0.878517 1031.43
0.917276 1729.44
0.957745 1075.55
1 1284.54
1.04412 853.262
1.09018 798.495
1.13828 466.863
1.1885 525.352
1.24094 525.687
1.29569 1032.43
1.35285 191.949
1.41254 942.164
1.47486 449.593
1.53993 467.104
1.60787 374.255
1.6788 731.501
1.75287 600.571
1.83021 330.508
1.91095 486.133
1.99526 616.615
2.08329 309.457
2.1752 568.125
2.27117 351.23
2.37137 159.19
2.476 336.391
2.58523 584.7
2.69929 314.953
2.81838 168.041
2.94273 278.995
3.07256 352.952
3.20812 121.566
3.34965 506.288
3.49744 76.0534
3.65174 401.149
3.81285 434.37
3.98107 360.972
4.15671 337.344
4.3401 414.452
4.53158 590.194
4.73151 67.7969
4.94026 358.965
5.15822 0
5.3858 85.896
5.62341 347.775
5.87151 285.441
6.13056 7.72065
6.40103 0
6.68344 0
6.97831 532.124
7.28618 247.82
7.60764 174.066
7.94328 86.8838
8.29373 320.915
8.65964 205.918
9.0417 205.893
9.44061 300.859
9.85712 317.984
10.292 200.914
10.7461 232.017
11.2202 387.846
11.7152 70.8863
12.2321 316.646
12.7717 466.88
13.3352 47.0052
13.9236 82.697
14.5378 249.204
15.1792 0
15.8489 133.809
16.5482 105.703
17.2783 380.712
18.0406 116.708
18.8365 114.986
19.6675 110.889
20.5353 210.425
21.4412 79.3136
22.3872 385.1
23.3749 0
24.4062 81.7055
25.483 140.623
26.6073 88.192
27.7811 232.319
29.0068 176.448
30.2866 247.04
31.6228 98.0474
33.0179 179.608
34.4747 100.893
35.9956 296.357
37.5837 377.827
39.2419 254.89
40.9732 122.032
42.7809 291.695
44.6684 250.055
46.6391 356.895
48.6968 181.509
50.8452 209.411
53.0884 290.86
55.4307 71.7792
57.8762 652.928
60.4296 220.416
63.0957 867.336
65.8795 233.612
68.786 27.0892
71.8208 609.189
74.9894 390.031
78.2979 655.022
81.7523 611.112
85.3591 550.163
89.1251 217.638
93.0572 145.651
97.1628 747.622
101.45 308.225
105.925 215.159
110.599 214.472
115.478 110.412
120.573 291.11
125.893 464.354
131.447 490.075
137.246 532.134
143.301 775.061
149.624 327.204
156.225 651.285
163.117 815.853
170.314 814.587
177.828 303.752
185.674 518.918
193.865 435.959
202.418 641.47
211.349 1010.01
220.673 553.005
230.409 1124.4
240.575 424.944
251.189 825.813
262.271 879.058
273.842 1190.05
285.924 880.131
298.538 1399.09
311.709 1426.1
325.462 745.891
339.821 350.138
354.813 459.663
370.467 378.585
386.812 0
403.878 550.826
421.697 135.734
440.301 77.8387
459.727 61.5939
480.01 145.52
501.187 0
523.299 0
546.387 0
570.493 133.187
595.662 0
621.942 0
649.382 114.059
678.032 0
707.946 88.4657
739.18 0
771.792 0
805.842 0
841.395 0
878.517 0
917.276 0
957.745 0
1000 0
