# First line is two numbers 
#     First value is '2', it means 'histogram mode'
#     Second value is 'Emin' of the histogram
# Other lines : 2 columns. 1) energy 2) probability (nb divided by NbEvent)
# Number of bins = 480
# Content below the first bin: 683.149
# Content above the last  bin: 0
# Content above the last  bin: 0
# Number of events: 209000
2 1e-06
1.04412e-06 0
1.09018e-06 0
1.13828e-06 0
1.1885e-06 0
1.24094e-06 0
1.29569e-06 0
1.35285e-06 0
1.41254e-06 0
1.47486e-06 0
1.53993e-06 0
1.60787e-06 0
1.6788e-06 0
1.75287e-06 0
1.83021e-06 0
1.91095e-06 0
1.99526e-06 0
2.08329e-06 0
2.1752e-06 0
2.27117e-06 0
2.37137e-06 0
2.476e-06 0
2.58523e-06 0
2.69929e-06 0
2.81838e-06 0
2.94273e-06 0
3.07256e-06 0
3.20812e-06 0
3.34965e-06 0
3.49744e-06 0
3.65174e-06 0
3.81285e-06 0
3.98107e-06 0
4.15671e-06 0
4.3401e-06 0
4.53158e-06 0
4.73151e-06 0
4.94026e-06 0
5.15822e-06 0
5.3858e-06 0
5.62341e-06 0
5.87151e-06 0
6.13056e-06 0
6.40103e-06 0
6.68344e-06 0
6.97831e-06 0
7.28618e-06 0
7.60764e-06 0
7.94328e-06 0
8.29373e-06 0
8.65964e-06 0
9.0417e-06 0
9.44061e-06 0
9.85712e-06 0
1.0292e-05 0
1.07461e-05 0
1.12202e-05 0
1.17152e-05 0
1.22321e-05 0
1.27717e-05 0
1.33352e-05 0
1.39236e-05 0
1.45378e-05 0
1.51792e-05 0
1.58489e-05 0
1.65482e-05 0
1.72783e-05 0
1.80406e-05 0
1.88365e-05 0
1.96675e-05 0
2.05353e-05 0
2.14412e-05 0
2.23872e-05 0
2.33749e-05 0
2.44062e-05 0
2.5483e-05 0
2.66073e-05 0
2.77811e-05 0
2.90068e-05 0
3.02866e-05 0
3.16228e-05 0
3.30179e-05 0
3.44747e-05 0
3.59956e-05 0
3.75837e-05 0
3.92419e-05 0
4.09732e-05 0
4.27809e-05 0
4.46684e-05 0
4.66391e-05 0
4.86968e-05 0
5.08452e-05 0
5.30884e-05 0
5.54307e-05 0
5.78762e-05 0
6.04296e-05 0
6.30957e-05 0
6.58795e-05 0
6.8786e-05 0
7.18208e-05 0
7.49894e-05 0
7.82979e-05 0
8.17523e-05 0
8.53591e-05 0
8.91251e-05 0
9.30572e-05 0
9.71628e-05 0
0.00010145 0
0.000105925 0
0.000110599 0
0.000115478 0
0.000120573 0
0.000125893 0
0.000131447 0
0.000137246 0
0.000143301 0
0.000149624 0
0.000156225 39.6203
0.000163117 0
0.000170314 0
0.000177828 0
0.000185674 0
0.000193865 0
0.000202418 0
0.000211349 0
0.000220673 0
0.000230409 0
0.000240575 0
0.000251189 0
0.000262271 0
0.000273842 0
0.000285924 0
0.000298538 0
0.000311709 0
0.000325462 0
0.000339821 0
0.000354813 0
0.000370467 0
0.000386812 0
0.000403878 0
0.000421697 0
0.000440301 0
0.000459727 0
0.00048001 0
0.000501187 0
0.000523299 0
0.000546387 0
0.000570493 0
0.000595662 0
0.000621942 0
0.000649382 0
0.000678032 0
0.000707946 0
0.00073918 0
0.000771792 0
0.000805842 0
0.000841395 0
0.000878517 0
0.000917276 0
0.000957745 0
0.001 0
0.00104412 0
0.00109018 0
0.00113828 0
0.0011885 0
0.00124094 0
0.00129569 0
0.00135285 0
0.00141254 0
0.00147486 0
0.00153993 106.605
0.00160787 0
0.0016788 0
0.00175287 0
0.00183021 0
0.00191095 0
0.00199526 0
0.00208329 0
0.0021752 0
0.00227117 0
0.00237137 0
0.002476 0
0.00258523 0
0.00269929 0
0.00281838 0
0.00294273 0
0.00307256 0
0.00320812 0
0.00334965 0
0.00349744 0
0.00365174 0
0.00381285 0
0.00398107 0
0.00415671 0
0.0043401 0
0.00453158 0
0.00473151 0
0.00494026 0
0.00515822 0
0.0053858 0
0.00562341 0
0.00587151 0
0.00613056 0
0.00640103 0
0.00668344 0
0.00697831 0
0.00728618 0
0.00760764 0
0.00794328 0
0.00829373 0
0.00865964 0
0.0090417 0
0.00944061 0
0.00985712 0
0.010292 0
0.0107461 0
0.0112202 0
0.0117152 0
0.0122321 0
0.0127717 0
0.0133352 0
0.0139236 0
0.0145378 0
0.0151792 0
0.0158489 0
0.0165482 0
0.0172783 0
0.0180406 0
0.0188365 0
0.0196675 0
0.0205353 0
0.0214412 0
0.0223872 0
0.0233749 0
0.0244062 0
0.025483 0
0.0266073 0
0.0277811 0
0.0290068 0
0.0302866 0
0.0316228 0
0.0330179 0
0.0344747 0
0.0359956 0
0.0375837 102.582
0.0392419 0
0.0409732 0
0.0427809 0
0.0446684 0
0.0466391 0
0.0486968 0
0.0508452 0
0.0530884 0
0.0554307 0
0.0578762 0
0.0604296 108.645
0.0630957 0
0.0658795 0
0.068786 122.175
0.0718208 0
0.0749894 0
0.0782979 0
0.0817523 114.787
0.0853591 46.1723
0.0891251 0
0.0930572 111.845
0.0971628 0
0.10145 0
0.105925 0
0.110599 0
0.115478 143.1
0.120573 0
0.125893 0
0.131447 0
0.137246 0
0.143301 0
0.149624 0
0.156225 31.671
0.163117 0
0.170314 109.363
0.177828 0
0.185674 0
0.193865 0
0.202418 0
0.211349 0
0.220673 0
0.230409 0
0.240575 106.792
0.251189 0
0.262271 0
0.273842 0
0.285924 0
0.298538 0
0.311709 0
0.325462 0
0.339821 80.7982
0.354813 0
0.370467 0
0.386812 0
0.403878 0
0.421697 0
0.440301 0
0.459727 184.341
0.48001 0
0.501187 0
0.523299 0
0.546387 164.587
0.570493 0
0.595662 0
0.621942 0
0.649382 0
0.678032 0
0.707946 0
0.73918 0
0.771792 0
0.805842 0
0.841395 0
0.878517 0
0.917276 0
0.957745 0
1 0
1.04412 0
1.09018 0
1.13828 0
1.1885 0
1.24094 0
1.29569 0
1.35285 65.495
1.41254 0
1.47486 0
1.53993 0
1.60787 0
1.6788 0
1.75287 0
1.83021 118.787
1.91095 0
1.99526 196.639
2.08329 52.2007
2.1752 0
2.27117 0
2.37137 0
2.476 194.222
2.58523 0
2.69929 111.509
2.81838 0
2.94273 18.9004
3.07256 160.719
3.20812 0
3.34965 0
3.49744 93.1001
3.65174 0
3.81285 114.603
3.98107 0
4.15671 0
4.3401 0
4.53158 0
4.73151 0
4.94026 75.8853
5.15822 0
5.3858 82.4843
5.62341 0
5.87151 0
6.13056 0
6.40103 0
6.68344 149.558
6.97831 0
7.28618 0
7.60764 52.2006
7.94328 209.055
8.29373 0
8.65964 0
9.0417 93.8609
9.44061 31.7287
9.85712 0
10.292 0
10.7461 0
11.2202 0
11.7152 0
12.2321 0
12.7717 38.1812
13.3352 331.582
13.9236 225.187
14.5378 0
15.1792 0
15.8489 96.4162
16.5482 60.9142
17.2783 260.642
18.0406 203.576
18.8365 101.705
19.6675 145.624
20.5353 0
21.4412 174.84
22.3872 0
23.3749 501.317
24.4062 258.345
25.483 45.9909
26.6073 271.027
27.7811 23.8526
29.0068 75.5291
30.2866 236.093
31.6228 75.6395
33.0179 0
34.4747 134.078
35.9956 307.665
37.5837 258.059
39.2419 142.813
40.9732 316.25
42.7809 370.538
44.6684 144.021
46.6391 372.987
48.6968 236.909
50.8452 331.674
53.0884 501.073
55.4307 685.751
57.8762 523.01
60.4296 438.89
63.0957 331.421
65.8795 255.235
68.786 660.716
71.8208 319.688
74.9894 1087.01
78.2979 864.945
81.7523 845.089
85.3591 956.456
89.1251 716.922
93.0572 1066.21
97.1628 846.331
101.45 713.799
105.925 904.322
110.599 1716.94
115.478 1833.45
120.573 1226.31
125.893 1614.7
131.447 2739.25
137.246 1996.8
143.301 2047.15
149.624 2618.62
156.225 1581.85
163.117 2979.62
170.314 3278.67
177.828 3860.64
185.674 3026.4
193.865 4040.32
202.418 3307.56
211.349 5887
220.673 3844.12
230.409 4796.85
240.575 5082.23
251.189 3826.75
262.271 3279.78
273.842 3976.49
285.924 3566.53
298.538 3024.85
311.709 1702.69
325.462 1621.97
339.821 1949.11
354.813 963.617
370.467 1144.05
386.812 496.708
403.878 415.314
421.697 212.077
440.301 0
459.727 0
480.01 0
501.187 142.084
523.299 95.1762
546.387 58.3444
570.493 0
595.662 41.9667
621.942 0
649.382 0
678.032 0
707.946 0
739.18 0
771.792 0
805.842 0
841.395 0
878.517 0
917.276 0
957.745 0
1000 0
