# First line is two numbers 
#     First value is '2', it means 'histogram mode'
#     Second value is 'Emin' of the histogram
# Other lines : 2 columns. 1) energy 2) probability (nb divided by NbEvent)
# Number of bins = 480
# Content below the first bin: 0
# Content above the last  bin: 0
# Content above the last  bin: 0
# Number of events: 209000
2 1e-06
1.04412e-06 0
1.09018e-06 0
1.13828e-06 0
1.1885e-06 0
1.24094e-06 0
1.29569e-06 0
1.35285e-06 0
1.41254e-06 0
1.47486e-06 0
1.53993e-06 0
1.60787e-06 0
1.6788e-06 0
1.75287e-06 0
1.83021e-06 0
1.91095e-06 0
1.99526e-06 0
2.08329e-06 0
2.1752e-06 0
2.27117e-06 0
2.37137e-06 0
2.476e-06 0
2.58523e-06 0
2.69929e-06 0
2.81838e-06 0
2.94273e-06 0
3.07256e-06 0
3.20812e-06 0
3.34965e-06 0
3.49744e-06 0
3.65174e-06 0
3.81285e-06 0
3.98107e-06 0
4.15671e-06 0
4.3401e-06 0
4.53158e-06 0
4.73151e-06 0
4.94026e-06 0
5.15822e-06 0
5.3858e-06 0
5.62341e-06 0
5.87151e-06 0
6.13056e-06 0
6.40103e-06 0
6.68344e-06 0
6.97831e-06 0
7.28618e-06 0
7.60764e-06 0
7.94328e-06 0
8.29373e-06 0
8.65964e-06 0
9.0417e-06 0
9.44061e-06 0
9.85712e-06 0
1.0292e-05 0
1.07461e-05 0
1.12202e-05 0
1.17152e-05 0
1.22321e-05 0
1.27717e-05 0
1.33352e-05 0
1.39236e-05 0
1.45378e-05 0
1.51792e-05 0
1.58489e-05 0
1.65482e-05 0
1.72783e-05 0
1.80406e-05 0
1.88365e-05 0
1.96675e-05 0
2.05353e-05 0
2.14412e-05 0
2.23872e-05 0
2.33749e-05 0
2.44062e-05 0
2.5483e-05 0
2.66073e-05 0
2.77811e-05 0
2.90068e-05 0
3.02866e-05 0
3.16228e-05 0
3.30179e-05 0
3.44747e-05 0
3.59956e-05 0
3.75837e-05 0
3.92419e-05 0
4.09732e-05 0
4.27809e-05 0
4.46684e-05 0
4.66391e-05 0
4.86968e-05 0
5.08452e-05 0
5.30884e-05 0
5.54307e-05 0
5.78762e-05 0
6.04296e-05 0
6.30957e-05 0
6.58795e-05 0
6.8786e-05 0
7.18208e-05 0
7.49894e-05 0
7.82979e-05 0
8.17523e-05 0
8.53591e-05 0
8.91251e-05 0
9.30572e-05 0
9.71628e-05 0
0.00010145 0
0.000105925 0
0.000110599 0
0.000115478 0
0.000120573 0
0.000125893 0
0.000131447 0
0.000137246 0
0.000143301 0
0.000149624 35.2078
0.000156225 0
0.000163117 0
0.000170314 0
0.000177828 0
0.000185674 0
0.000193865 0
0.000202418 0
0.000211349 0
0.000220673 0
0.000230409 0
0.000240575 0
0.000251189 0
0.000262271 0
0.000273842 0
0.000285924 0
0.000298538 0
0.000311709 0
0.000325462 0
0.000339821 0
0.000354813 0
0.000370467 0
0.000386812 0
0.000403878 0
0.000421697 0
0.000440301 0
0.000459727 0
0.00048001 0
0.000501187 0
0.000523299 0
0.000546387 0
0.000570493 0
0.000595662 113.153
0.000621942 0
0.000649382 0
0.000678032 0
0.000707946 0
0.00073918 0
0.000771792 0
0.000805842 0
0.000841395 0
0.000878517 0
0.000917276 0
0.000957745 0
0.001 0
0.00104412 0
0.00109018 0
0.00113828 0
0.0011885 26.444
0.00124094 0
0.00129569 0
0.00135285 0
0.00141254 0
0.00147486 0
0.00153993 0
0.00160787 94.2463
0.0016788 0
0.00175287 0
0.00183021 0
0.00191095 0
0.00199526 0
0.00208329 0
0.0021752 0
0.00227117 0
0.00237137 0
0.002476 0
0.00258523 0
0.00269929 0
0.00281838 0
0.00294273 0
0.00307256 119.92
0.00320812 0
0.00334965 0
0.00349744 110
0.00365174 0
0.00381285 80.2678
0.00398107 0
0.00415671 0
0.0043401 0
0.00453158 0
0.00473151 0
0.00494026 0
0.00515822 0
0.0053858 203.758
0.00562341 0
0.00587151 0
0.00613056 56.0474
0.00640103 0
0.00668344 68.1059
0.00697831 79.4893
0.00728618 0
0.00760764 201.032
0.00794328 224.337
0.00829373 66.6401
0.00865964 112.272
0.0090417 333.6
0.00944061 0
0.00985712 198.127
0.010292 97.3003
0.0107461 110.75
0.0112202 0
0.0117152 403.167
0.0122321 520.547
0.0127717 176.521
0.0133352 476.283
0.0139236 466.636
0.0145378 106.778
0.0151792 468.15
0.0158489 394.12
0.0165482 375.282
0.0172783 693.011
0.0180406 538.466
0.0188365 289.234
0.0196675 655.974
0.0205353 550.736
0.0214412 1057.86
0.0223872 433.142
0.0233749 1408.43
0.0244062 629.404
0.025483 1013.14
0.0266073 784.411
0.0277811 1117.09
0.0290068 954.483
0.0302866 1136.21
0.0316228 1238.59
0.0330179 1705.54
0.0344747 1839.52
0.0359956 1198.91
0.0375837 1281.85
0.0392419 1474.11
0.0409732 1938.69
0.0427809 1401.86
0.0446684 2029.77
0.0466391 1922.89
0.0486968 3045.93
0.0508452 2174.92
0.0530884 2104.12
0.0554307 1981.14
0.0578762 3541.69
0.0604296 3147.22
0.0630957 2600.68
0.0658795 3746.68
0.068786 2635.62
0.0718208 3284.24
0.0749894 3676.84
0.0782979 4318.5
0.0817523 3594.31
0.0853591 4172.72
0.0891251 4101.49
0.0930572 4688.61
0.0971628 4693.71
0.10145 5949.74
0.105925 5717.36
0.110599 5623.6
0.115478 4387.82
0.120573 4545.63
0.125893 5778.75
0.131447 5073.96
0.137246 4309.63
0.143301 5553.28
0.149624 6073.03
0.156225 6714.82
0.163117 6284.5
0.170314 6059.44
0.177828 6886.06
0.185674 6222.76
0.193865 6231.11
0.202418 7903.47
0.211349 8153.4
0.220673 6138.48
0.230409 7479.95
0.240575 7368.42
0.251189 6390.28
0.262271 6178.29
0.273842 7433.38
0.285924 6376.32
0.298538 6614.29
0.311709 7293.25
0.325462 7360.94
0.339821 6002.73
0.354813 8002.14
0.370467 7774.95
0.386812 6964.04
0.403878 8104.7
0.421697 7946.63
0.440301 7144.98
0.459727 7440.22
0.48001 9275.65
0.501187 6523.28
0.523299 8977.31
0.546387 7550.9
0.570493 7868.1
0.595662 6663.73
0.621942 7493.7
0.649382 6649.75
0.678032 6810.14
0.707946 5218.02
0.73918 6723.25
0.771792 5981.84
0.805842 5774.49
0.841395 6039.36
0.878517 5959.18
0.917276 4846.16
0.957745 5323.44
1 5780.59
1.04412 3822.57
1.09018 5077.72
1.13828 4294.26
1.1885 3015.51
1.24094 3084.26
1.29569 2884.2
1.35285 3460.25
1.41254 2703.35
1.47486 3613.97
1.53993 2078.68
1.60787 2242.27
1.6788 2621.52
1.75287 1880.06
1.83021 2241.03
1.91095 2125.09
1.99526 2273.05
2.08329 2248.58
2.1752 2202.66
2.27117 2339.52
2.37137 2408.36
2.476 2053.62
2.58523 1658.7
2.69929 1166.68
2.81838 1439.43
2.94273 3269.6
3.07256 2053.97
3.20812 1869.57
3.34965 1770.69
3.49744 1756.43
3.65174 1673.24
3.81285 1628.09
3.98107 1519.18
4.15671 1694.57
4.3401 1152.67
4.53158 1587.88
4.73151 1683.47
4.94026 1034.33
5.15822 705.209
5.3858 1398.79
5.62341 1209.97
5.87151 1122.99
6.13056 1098.48
6.40103 1155.65
6.68344 1433.45
6.97831 1932.17
7.28618 722.198
7.60764 261.092
7.94328 965.016
8.29373 1112.78
8.65964 573.32
9.0417 1035.61
9.44061 756.911
9.85712 677.923
10.292 988.958
10.7461 574.156
11.2202 890.726
11.7152 686.404
12.2321 959.611
12.7717 1171.45
13.3352 525.954
13.9236 702.306
14.5378 395.033
15.1792 679.53
15.8489 870.155
16.5482 753.772
17.2783 356.476
18.0406 1368.15
18.8365 553.611
19.6675 1016.73
20.5353 978.476
21.4412 543.414
22.3872 1060.1
23.3749 619.892
24.4062 489.47
25.483 846.66
26.6073 667.161
27.7811 680.064
29.0068 930.451
30.2866 966.36
31.6228 1119.33
33.0179 445.096
34.4747 1326.81
35.9956 1449.67
37.5837 810.755
39.2419 772.487
40.9732 679.281
42.7809 934.128
44.6684 787.695
46.6391 1111.97
48.6968 1194.11
50.8452 948.102
53.0884 1302.03
55.4307 1480.7
57.8762 1158.54
60.4296 1040.8
63.0957 1474.61
65.8795 965.508
68.786 1652.19
71.8208 660.922
74.9894 1464.75
78.2979 1271.41
81.7523 1303.34
85.3591 1636.95
89.1251 1333.49
93.0572 1234.83
97.1628 1262.24
101.45 857.316
105.925 2130.65
110.599 1500.53
115.478 1844.97
120.573 2604.8
125.893 1196.07
131.447 1704.34
137.246 1231.45
143.301 2055.82
149.624 1650.63
156.225 2115.29
163.117 2508.75
170.314 1388.74
177.828 2750.53
185.674 1343.71
193.865 2186.85
202.418 1940.43
211.349 3875.34
220.673 2842.85
230.409 3144.7
240.575 4083.37
251.189 3137.78
262.271 3364.05
273.842 4078.88
285.924 4108.04
298.538 3787.03
311.709 5188.26
325.462 4028.26
339.821 4750.58
354.813 2606.97
370.467 4072.35
386.812 2376.59
403.878 1745.65
421.697 1092.54
440.301 1247.44
459.727 959.827
480.01 735.037
501.187 327.406
523.299 323.437
546.387 285.42
570.493 146.477
595.662 161.712
621.942 113.87
649.382 0
678.032 67.1696
707.946 249.991
739.18 200.614
771.792 0
805.842 227.887
841.395 177.54
878.517 0
917.276 0
957.745 0
1000 0
