# First line is two numbers 
#     First value is '2', it means 'histogram mode'
#     Second value is 'Emin' of the histogram
# Other lines : 2 columns. 1) energy 2) probability (nb divided by NbEvent)
# Number of bins = 480
# Content below the first bin: 0
# Content above the last  bin: 0
# Content above the last  bin: 0
# Number of events: 209000
2 1e-06
1.04412e-06 0
1.09018e-06 0
1.13828e-06 0
1.1885e-06 0
1.24094e-06 0
1.29569e-06 0
1.35285e-06 0
1.41254e-06 0
1.47486e-06 0
1.53993e-06 0
1.60787e-06 0
1.6788e-06 0
1.75287e-06 0
1.83021e-06 0
1.91095e-06 0
1.99526e-06 0
2.08329e-06 0
2.1752e-06 0
2.27117e-06 0
2.37137e-06 0
2.476e-06 0
2.58523e-06 0
2.69929e-06 0
2.81838e-06 0
2.94273e-06 0
3.07256e-06 0
3.20812e-06 0
3.34965e-06 0
3.49744e-06 0
3.65174e-06 0
3.81285e-06 0
3.98107e-06 0
4.15671e-06 0
4.3401e-06 0
4.53158e-06 0
4.73151e-06 0
4.94026e-06 0
5.15822e-06 0
5.3858e-06 0
5.62341e-06 0
5.87151e-06 0
6.13056e-06 0
6.40103e-06 0
6.68344e-06 0
6.97831e-06 0
7.28618e-06 0
7.60764e-06 0
7.94328e-06 0
8.29373e-06 0
8.65964e-06 0
9.0417e-06 0
9.44061e-06 0
9.85712e-06 0
1.0292e-05 0
1.07461e-05 0
1.12202e-05 0
1.17152e-05 0
1.22321e-05 0
1.27717e-05 0
1.33352e-05 0
1.39236e-05 0
1.45378e-05 0
1.51792e-05 0
1.58489e-05 0
1.65482e-05 0
1.72783e-05 0
1.80406e-05 0
1.88365e-05 0
1.96675e-05 0
2.05353e-05 0
2.14412e-05 0
2.23872e-05 0
2.33749e-05 0
2.44062e-05 0
2.5483e-05 0
2.66073e-05 0
2.77811e-05 0
2.90068e-05 0
3.02866e-05 0
3.16228e-05 0
3.30179e-05 0
3.44747e-05 0
3.59956e-05 0
3.75837e-05 0
3.92419e-05 0
4.09732e-05 0
4.27809e-05 0
4.46684e-05 0
4.66391e-05 0
4.86968e-05 0
5.08452e-05 0
5.30884e-05 0
5.54307e-05 0
5.78762e-05 0
6.04296e-05 0
6.30957e-05 0
6.58795e-05 0
6.8786e-05 0
7.18208e-05 0
7.49894e-05 0
7.82979e-05 0
8.17523e-05 0
8.53591e-05 0
8.91251e-05 0
9.30572e-05 0
9.71628e-05 0
0.00010145 0
0.000105925 0
0.000110599 0
0.000115478 0
0.000120573 0
0.000125893 0
0.000131447 0
0.000137246 0
0.000143301 0
0.000149624 0
0.000156225 0
0.000163117 0
0.000170314 0
0.000177828 0
0.000185674 0
0.000193865 0
0.000202418 0
0.000211349 0
0.000220673 0
0.000230409 0
0.000240575 0
0.000251189 0
0.000262271 0
0.000273842 0
0.000285924 0
0.000298538 0
0.000311709 0
0.000325462 0
0.000339821 0
0.000354813 0
0.000370467 0
0.000386812 0
0.000403878 0
0.000421697 0
0.000440301 0
0.000459727 0
0.00048001 0
0.000501187 0
0.000523299 0
0.000546387 0
0.000570493 0
0.000595662 0
0.000621942 0
0.000649382 0
0.000678032 0
0.000707946 0
0.00073918 0
0.000771792 0
0.000805842 0
0.000841395 0
0.000878517 0
0.000917276 0
0.000957745 0
0.001 0
0.00104412 0
0.00109018 0
0.00113828 0
0.0011885 0
0.00124094 0
0.00129569 0
0.00135285 0
0.00141254 0
0.00147486 0
0.00153993 0
0.00160787 0
0.0016788 0
0.00175287 0
0.00183021 0
0.00191095 0
0.00199526 0
0.00208329 0
0.0021752 0
0.00227117 0
0.00237137 0
0.002476 0
0.00258523 0
0.00269929 0
0.00281838 0
0.00294273 0
0.00307256 0
0.00320812 0
0.00334965 0
0.00349744 0
0.00365174 0
0.00381285 0
0.00398107 0
0.00415671 0
0.0043401 0
0.00453158 0
0.00473151 0
0.00494026 0
0.00515822 0
0.0053858 0
0.00562341 0
0.00587151 0
0.00613056 0
0.00640103 0
0.00668344 0
0.00697831 0
0.00728618 0
0.00760764 0
0.00794328 0
0.00829373 0
0.00865964 0
0.0090417 0
0.00944061 0
0.00985712 0
0.010292 0
0.0107461 0
0.0112202 0
0.0117152 0
0.0122321 0
0.0127717 0
0.0133352 0
0.0139236 0
0.0145378 0
0.0151792 0
0.0158489 0
0.0165482 0
0.0172783 0
0.0180406 0
0.0188365 0
0.0196675 0
0.0205353 0
0.0214412 0
0.0223872 0
0.0233749 0
0.0244062 0
0.025483 0
0.0266073 86.7476
0.0277811 0
0.0290068 0
0.0302866 0
0.0316228 0
0.0330179 0
0.0344747 0
0.0359956 0
0.0375837 0
0.0392419 0
0.0409732 0
0.0427809 0
0.0446684 0
0.0466391 0
0.0486968 0
0.0508452 0
0.0530884 112.609
0.0554307 0
0.0578762 0
0.0604296 0
0.0630957 193.81
0.0658795 0
0.068786 87.6642
0.0718208 0
0.0749894 0
0.0782979 0
0.0817523 0
0.0853591 0
0.0891251 0
0.0930572 113.856
0.0971628 0
0.10145 0
0.105925 0
0.110599 0
0.115478 0
0.120573 84.9429
0.125893 88.0673
0.131447 68.6486
0.137246 111.45
0.143301 0
0.149624 0
0.156225 76.6002
0.163117 82.8888
0.170314 0
0.177828 0
0.185674 78.2295
0.193865 63.8119
0.202418 85.8276
0.211349 155.113
0.220673 85.2562
0.230409 88.7839
0.240575 187.068
0.251189 0
0.262271 0
0.273842 179.446
0.285924 0
0.298538 165.425
0.311709 661.738
0.325462 352.749
0.339821 72.8416
0.354813 315.279
0.370467 169.529
0.386812 277.053
0.403878 356.729
0.421697 0
0.440301 334.654
0.459727 62.0491
0.48001 111.275
0.501187 163.988
0.523299 101.356
0.546387 265.489
0.570493 252.605
0.595662 467.823
0.621942 509.396
0.649382 186.596
0.678032 345.29
0.707946 799.824
0.73918 302.524
0.771792 11.5604
0.805842 569.707
0.841395 561.28
0.878517 252.138
0.917276 418.49
0.957745 377.759
1 181.009
1.04412 189.734
1.09018 510.844
1.13828 377.601
1.1885 511.869
1.24094 395.362
1.29569 501.432
1.35285 760.056
1.41254 358.786
1.47486 217.802
1.53993 175.557
1.60787 172.569
1.6788 206.232
1.75287 376.418
1.83021 550.211
1.91095 187.277
1.99526 293.352
2.08329 319.732
2.1752 478.408
2.27117 441.495
2.37137 236.13
2.476 81.9695
2.58523 222.081
2.69929 468.699
2.81838 397.737
2.94273 618.32
3.07256 268.948
3.20812 95.0521
3.34965 451.432
3.49744 251.101
3.65174 108.737
3.81285 338.264
3.98107 221.644
4.15671 96.2458
4.3401 197.939
4.53158 273.534
4.73151 0
4.94026 431.187
5.15822 174.586
5.3858 173.709
5.62341 95.0283
5.87151 174.97
6.13056 244.094
6.40103 161.055
6.68344 221.487
6.97831 47.9548
7.28618 57.8352
7.60764 75.4689
7.94328 0
8.29373 21.2638
8.65964 166.694
9.0417 331.649
9.44061 316.04
9.85712 87.9631
10.292 110.751
10.7461 92.573
11.2202 212.763
11.7152 257.968
12.2321 173.338
12.7717 210.391
13.3352 301.845
13.9236 141.373
14.5378 165.19
15.1792 71.8249
15.8489 186.869
16.5482 228.563
17.2783 187.709
18.0406 227.221
18.8365 258.377
19.6675 383.88
20.5353 217.907
21.4412 271.494
22.3872 25.2574
23.3749 129.153
24.4062 0
25.483 225.945
26.6073 203.723
27.7811 476.055
29.0068 25.2878
30.2866 291.5
31.6228 438.589
33.0179 137.142
34.4747 304.858
35.9956 206.116
37.5837 52.7966
39.2419 858.303
40.9732 490.106
42.7809 446.93
44.6684 356.755
46.6391 440.429
48.6968 289.655
50.8452 496.531
53.0884 122.016
55.4307 488.451
57.8762 926.508
60.4296 620.793
63.0957 260.956
65.8795 712.211
68.786 598.978
71.8208 297.392
74.9894 443.615
78.2979 580.975
81.7523 771.658
85.3591 976.792
89.1251 879.787
93.0572 1001.9
97.1628 649.116
101.45 1101.15
105.925 1139.15
110.599 1099.05
115.478 1349.79
120.573 1367.91
125.893 1469.01
131.447 1681.96
137.246 1125.94
143.301 1374.29
149.624 1378.41
156.225 1846.81
163.117 1310.84
170.314 2564.58
177.828 1802.83
185.674 1702.42
193.865 2239.97
202.418 2341.11
211.349 3559.37
220.673 2433.09
230.409 3540.44
240.575 2766.58
251.189 2164.81
262.271 3464.76
273.842 2481.91
285.924 3821.39
298.538 2247.93
311.709 2349.23
325.462 1546.45
339.821 1426.03
354.813 855.464
370.467 733.686
386.812 640.179
403.878 622.314
421.697 451.281
440.301 229.288
459.727 438.438
480.01 22.9979
501.187 154.187
523.299 0
546.387 58.8215
570.493 108.74
595.662 0
621.942 290.45
649.382 0
678.032 0
707.946 0
739.18 0
771.792 0
805.842 0
841.395 0
878.517 0
917.276 0
957.745 0
1000 0
