# First line is two numbers 
#     First value is '2', it means 'histogram mode'
#     Second value is 'Emin' of the histogram
# Other lines : 2 columns. 1) energy 2) probability (nb divided by NbEvent)
# Number of bins = 480
# Content below the first bin: 0
# Content above the last  bin: 0
# Content above the last  bin: 0
# Number of events: 209000
2 1e-06
1.04412e-06 0
1.09018e-06 0
1.13828e-06 0
1.1885e-06 0
1.24094e-06 0
1.29569e-06 0
1.35285e-06 0
1.41254e-06 0
1.47486e-06 0
1.53993e-06 0
1.60787e-06 0
1.6788e-06 0
1.75287e-06 0
1.83021e-06 0
1.91095e-06 0
1.99526e-06 0
2.08329e-06 0
2.1752e-06 0
2.27117e-06 0
2.37137e-06 0
2.476e-06 0
2.58523e-06 0
2.69929e-06 0
2.81838e-06 0
2.94273e-06 0
3.07256e-06 0
3.20812e-06 0
3.34965e-06 0
3.49744e-06 0
3.65174e-06 0
3.81285e-06 0
3.98107e-06 0
4.15671e-06 0
4.3401e-06 0
4.53158e-06 0
4.73151e-06 0
4.94026e-06 0
5.15822e-06 0
5.3858e-06 0
5.62341e-06 0
5.87151e-06 0
6.13056e-06 0
6.40103e-06 0
6.68344e-06 0
6.97831e-06 0
7.28618e-06 0
7.60764e-06 0
7.94328e-06 0
8.29373e-06 0
8.65964e-06 0
9.0417e-06 0
9.44061e-06 0
9.85712e-06 0
1.0292e-05 0
1.07461e-05 0
1.12202e-05 0
1.17152e-05 0
1.22321e-05 0
1.27717e-05 0
1.33352e-05 0
1.39236e-05 0
1.45378e-05 0
1.51792e-05 0
1.58489e-05 0
1.65482e-05 0
1.72783e-05 0
1.80406e-05 0
1.88365e-05 0
1.96675e-05 0
2.05353e-05 0
2.14412e-05 0
2.23872e-05 0
2.33749e-05 0
2.44062e-05 0
2.5483e-05 0
2.66073e-05 0
2.77811e-05 0
2.90068e-05 0
3.02866e-05 0
3.16228e-05 0
3.30179e-05 0
3.44747e-05 0
3.59956e-05 0
3.75837e-05 0
3.92419e-05 0
4.09732e-05 0
4.27809e-05 0
4.46684e-05 0
4.66391e-05 0
4.86968e-05 0
5.08452e-05 0
5.30884e-05 0
5.54307e-05 0
5.78762e-05 0
6.04296e-05 0
6.30957e-05 0
6.58795e-05 0
6.8786e-05 0
7.18208e-05 0
7.49894e-05 0
7.82979e-05 0
8.17523e-05 0
8.53591e-05 0
8.91251e-05 0
9.30572e-05 0
9.71628e-05 0
0.00010145 0
0.000105925 0
0.000110599 0
0.000115478 0
0.000120573 0
0.000125893 0
0.000131447 0
0.000137246 0
0.000143301 0
0.000149624 0
0.000156225 0
0.000163117 0
0.000170314 0
0.000177828 0
0.000185674 0
0.000193865 0
0.000202418 0
0.000211349 0
0.000220673 0
0.000230409 0
0.000240575 0
0.000251189 0
0.000262271 0
0.000273842 0
0.000285924 0
0.000298538 0
0.000311709 0
0.000325462 0
0.000339821 0
0.000354813 0
0.000370467 0
0.000386812 0
0.000403878 0
0.000421697 0
0.000440301 0
0.000459727 0
0.00048001 0
0.000501187 0
0.000523299 0
0.000546387 0
0.000570493 0
0.000595662 0
0.000621942 0
0.000649382 0
0.000678032 0
0.000707946 0
0.00073918 0
0.000771792 0
0.000805842 0
0.000841395 0
0.000878517 0
0.000917276 0
0.000957745 0
0.001 0
0.00104412 0
0.00109018 0
0.00113828 0
0.0011885 0
0.00124094 0
0.00129569 0
0.00135285 0
0.00141254 0
0.00147486 0
0.00153993 0
0.00160787 0
0.0016788 0
0.00175287 82.4101
0.00183021 0
0.00191095 0
0.00199526 0
0.00208329 102.876
0.0021752 0
0.00227117 0
0.00237137 0
0.002476 0
0.00258523 0
0.00269929 92.1047
0.00281838 0
0.00294273 0
0.00307256 0
0.00320812 0
0.00334965 76.1592
0.00349744 0
0.00365174 0
0.00381285 0
0.00398107 0
0.00415671 0
0.0043401 0
0.00453158 89.7068
0.00473151 0
0.00494026 0
0.00515822 96.2653
0.0053858 0
0.00562341 0
0.00587151 0
0.00613056 0
0.00640103 0
0.00668344 0
0.00697831 0
0.00728618 109.359
0.00760764 0
0.00794328 0
0.00829373 0
0.00865964 130.58
0.0090417 0
0.00944061 157.835
0.00985712 0
0.010292 80.4525
0.0107461 0
0.0112202 61.7699
0.0117152 0
0.0122321 111.502
0.0127717 118.04
0.0133352 90.037
0.0139236 184.968
0.0145378 0
0.0151792 78.3158
0.0158489 0
0.0165482 158.614
0.0172783 91.0443
0.0180406 31.8629
0.0188365 214.673
0.0196675 92.6016
0.0205353 197.335
0.0214412 88.9351
0.0223872 108.841
0.0233749 377.176
0.0244062 211.027
0.025483 295.264
0.0266073 423.053
0.0277811 592.918
0.0290068 169.039
0.0302866 446.517
0.0316228 89.6511
0.0330179 299.572
0.0344747 272.661
0.0359956 444.817
0.0375837 679.521
0.0392419 324.641
0.0409732 488.942
0.0427809 734.779
0.0446684 399.659
0.0466391 431.26
0.0486968 647.476
0.0508452 496.529
0.0530884 503.385
0.0554307 655.199
0.0578762 402.677
0.0604296 725.372
0.0630957 792.771
0.0658795 744.006
0.068786 1135.12
0.0718208 1240.65
0.0749894 1083.65
0.0782979 532.124
0.0817523 1406.4
0.0853591 1288.92
0.0891251 886.8
0.0930572 1188.76
0.0971628 1336.24
0.10145 1553.95
0.105925 1501.76
0.110599 1197.22
0.115478 1437.56
0.120573 2109.3
0.125893 1421.13
0.131447 1404.6
0.137246 1632.06
0.143301 1601.69
0.149624 1548.85
0.156225 1013.53
0.163117 2056.39
0.170314 986.43
0.177828 1665.93
0.185674 1937.08
0.193865 1333.33
0.202418 2005.59
0.211349 1083.32
0.220673 1114.97
0.230409 1845.01
0.240575 1733.79
0.251189 2021.21
0.262271 1164.47
0.273842 2374.21
0.285924 2068.46
0.298538 1872.37
0.311709 1770.35
0.325462 1507.5
0.339821 2041.51
0.354813 2464.87
0.370467 2627.74
0.386812 1641.87
0.403878 2260.03
0.421697 1927.17
0.440301 1492.55
0.459727 1952.74
0.48001 1808.58
0.501187 2436.62
0.523299 1589.59
0.546387 1584.51
0.570493 1452.63
0.595662 1891.81
0.621942 2449.52
0.649382 1991.57
0.678032 2285.1
0.707946 1948.22
0.73918 1637.29
0.771792 947.314
0.805842 834.31
0.841395 1181.63
0.878517 1103.57
0.917276 1513.51
0.957745 1006.83
1 1296.7
1.04412 682.945
1.09018 894.437
1.13828 1224.14
1.1885 885.157
1.24094 665.061
1.29569 659.493
1.35285 859.063
1.41254 925.806
1.47486 930.731
1.53993 1273.72
1.60787 604.475
1.6788 799.814
1.75287 386.896
1.83021 673.294
1.91095 1180.7
1.99526 367.722
2.08329 719.57
2.1752 437.688
2.27117 499.912
2.37137 641.168
2.476 454.72
2.58523 186.257
2.69929 502.444
2.81838 496.36
2.94273 183.68
3.07256 643.256
3.20812 633.202
3.34965 102.939
3.49744 533.032
3.65174 581.394
3.81285 593.303
3.98107 325.785
4.15671 148.737
4.3401 373.295
4.53158 430.551
4.73151 79.7586
4.94026 247.226
5.15822 70.4459
5.3858 272.424
5.62341 244.136
5.87151 192.319
6.13056 283.023
6.40103 178.672
6.68344 327.803
6.97831 93.8392
7.28618 65.3022
7.60764 245.643
7.94328 214.786
8.29373 236.966
8.65964 227.153
9.0417 81.0826
9.44061 176.527
9.85712 364.716
10.292 361.986
10.7461 223.112
11.2202 401.42
11.7152 188.46
12.2321 0
12.7717 218.711
13.3352 43.3631
13.9236 200.917
14.5378 255.211
15.1792 597.002
15.8489 94.1107
16.5482 94.1335
17.2783 314.258
18.0406 209.858
18.8365 0
19.6675 220.524
20.5353 145.886
21.4412 0
22.3872 311.279
23.3749 295.804
24.4062 166.515
25.483 216.01
26.6073 135.662
27.7811 351.676
29.0068 202.32
30.2866 166.132
31.6228 122.903
33.0179 473.94
34.4747 89.868
35.9956 309.543
37.5837 216.908
39.2419 334.847
40.9732 120.759
42.7809 153.994
44.6684 86.035
46.6391 229.993
48.6968 573.422
50.8452 213.561
53.0884 0
55.4307 329.605
57.8762 202.142
60.4296 149.547
63.0957 510.508
65.8795 279.894
68.786 462.174
71.8208 75.6586
74.9894 479.876
78.2979 102.424
81.7523 341.115
85.3591 72.3871
89.1251 84.0507
93.0572 267.883
97.1628 67.475
101.45 342.155
105.925 299.764
110.599 93.0198
115.478 475.733
120.573 320.795
125.893 93.2029
131.447 524.302
137.246 265.711
143.301 102.152
149.624 403.311
156.225 243.749
163.117 317.451
170.314 129.913
177.828 97.1101
185.674 474.512
193.865 342.591
202.418 583.593
211.349 902.663
220.673 305.324
230.409 314.283
240.575 313.311
251.189 309.092
262.271 119.068
273.842 539.79
285.924 196.212
298.538 191.856
311.709 445.536
325.462 227.005
339.821 223.192
354.813 0
370.467 75.1939
386.812 110.65
403.878 0
421.697 92.3448
440.301 140.293
459.727 0
480.01 90.9176
501.187 0
523.299 85.3068
546.387 0
570.493 0
595.662 0
621.942 0
649.382 0
678.032 0
707.946 0
739.18 94.6313
771.792 0
805.842 0
841.395 0
878.517 0
917.276 0
957.745 0
1000 0
