# First line is two numbers 
#     First value is '2', it means 'histogram mode'
#     Second value is 'Emin' of the histogram
# Other lines : 2 columns. 1) energy 2) probability (nb divided by NbEvent)
# Number of bins = 480
# Content below the first bin: 0
# Content above the last  bin: 0
# Content above the last  bin: 0
# Number of events: 209000
2 1e-06
1.04412e-06 0
1.09018e-06 0
1.13828e-06 0
1.1885e-06 0
1.24094e-06 0
1.29569e-06 0
1.35285e-06 0
1.41254e-06 0
1.47486e-06 0
1.53993e-06 0
1.60787e-06 0
1.6788e-06 0
1.75287e-06 0
1.83021e-06 0
1.91095e-06 0
1.99526e-06 0
2.08329e-06 0
2.1752e-06 0
2.27117e-06 0
2.37137e-06 0
2.476e-06 0
2.58523e-06 0
2.69929e-06 0
2.81838e-06 0
2.94273e-06 0
3.07256e-06 0
3.20812e-06 0
3.34965e-06 0
3.49744e-06 0
3.65174e-06 0
3.81285e-06 0
3.98107e-06 0
4.15671e-06 0
4.3401e-06 0
4.53158e-06 0
4.73151e-06 0
4.94026e-06 0
5.15822e-06 0
5.3858e-06 0
5.62341e-06 0
5.87151e-06 0
6.13056e-06 0
6.40103e-06 0
6.68344e-06 0
6.97831e-06 0
7.28618e-06 0
7.60764e-06 0
7.94328e-06 0
8.29373e-06 0
8.65964e-06 0
9.0417e-06 0
9.44061e-06 0
9.85712e-06 0
1.0292e-05 0
1.07461e-05 0
1.12202e-05 0
1.17152e-05 0
1.22321e-05 0
1.27717e-05 0
1.33352e-05 0
1.39236e-05 0
1.45378e-05 0
1.51792e-05 0
1.58489e-05 0
1.65482e-05 0
1.72783e-05 0
1.80406e-05 0
1.88365e-05 0
1.96675e-05 0
2.05353e-05 0
2.14412e-05 0
2.23872e-05 0
2.33749e-05 0
2.44062e-05 0
2.5483e-05 0
2.66073e-05 0
2.77811e-05 0
2.90068e-05 0
3.02866e-05 0
3.16228e-05 0
3.30179e-05 0
3.44747e-05 0
3.59956e-05 0
3.75837e-05 0
3.92419e-05 0
4.09732e-05 0
4.27809e-05 0
4.46684e-05 0
4.66391e-05 0
4.86968e-05 0
5.08452e-05 0
5.30884e-05 0
5.54307e-05 0
5.78762e-05 0
6.04296e-05 0
6.30957e-05 0
6.58795e-05 0
6.8786e-05 0
7.18208e-05 0
7.49894e-05 0
7.82979e-05 0
8.17523e-05 0
8.53591e-05 0
8.91251e-05 0
9.30572e-05 0
9.71628e-05 0
0.00010145 0
0.000105925 0
0.000110599 0
0.000115478 0
0.000120573 0
0.000125893 0
0.000131447 0
0.000137246 0
0.000143301 0
0.000149624 0
0.000156225 0
0.000163117 0
0.000170314 0
0.000177828 0
0.000185674 0
0.000193865 0
0.000202418 0
0.000211349 0
0.000220673 0
0.000230409 0
0.000240575 0
0.000251189 0
0.000262271 0
0.000273842 0
0.000285924 0
0.000298538 0
0.000311709 0
0.000325462 0
0.000339821 0
0.000354813 0
0.000370467 0
0.000386812 0
0.000403878 0
0.000421697 0
0.000440301 0
0.000459727 0
0.00048001 0
0.000501187 0
0.000523299 0
0.000546387 0
0.000570493 0
0.000595662 0
0.000621942 0
0.000649382 0
0.000678032 0
0.000707946 0
0.00073918 0
0.000771792 0
0.000805842 0
0.000841395 0
0.000878517 0
0.000917276 0
0.000957745 0
0.001 0
0.00104412 0
0.00109018 0
0.00113828 0
0.0011885 0
0.00124094 0
0.00129569 0
0.00135285 0
0.00141254 0
0.00147486 0
0.00153993 0
0.00160787 0
0.0016788 0
0.00175287 0
0.00183021 0
0.00191095 0
0.00199526 0
0.00208329 0
0.0021752 0
0.00227117 0
0.00237137 0
0.002476 0
0.00258523 0
0.00269929 0
0.00281838 0
0.00294273 69.4922
0.00307256 0
0.00320812 0
0.00334965 0
0.00349744 0
0.00365174 0
0.00381285 0
0.00398107 0
0.00415671 0
0.0043401 0
0.00453158 0
0.00473151 0
0.00494026 0
0.00515822 0
0.0053858 0
0.00562341 0
0.00587151 0
0.00613056 86.9273
0.00640103 0
0.00668344 0
0.00697831 79.3062
0.00728618 0
0.00760764 85.0143
0.00794328 99.3239
0.00829373 0
0.00865964 0
0.0090417 0
0.00944061 58.1685
0.00985712 0
0.010292 0
0.0107461 33.1064
0.0112202 0
0.0117152 138.624
0.0122321 88.7274
0.0127717 0
0.0133352 74.4555
0.0139236 0
0.0145378 409.427
0.0151792 85.7758
0.0158489 205.125
0.0165482 291.207
0.0172783 217.843
0.0180406 89.7022
0.0188365 187.627
0.0196675 0
0.0205353 172.045
0.0214412 216.597
0.0223872 211.034
0.0233749 444.244
0.0244062 154.07
0.025483 107.797
0.0266073 75.3792
0.0277811 418.435
0.0290068 221.445
0.0302866 398.021
0.0316228 575.604
0.0330179 487.935
0.0344747 488.257
0.0359956 349.428
0.0375837 409.681
0.0392419 375.979
0.0409732 481.387
0.0427809 613.156
0.0446684 545.977
0.0466391 431.901
0.0486968 490.306
0.0508452 945.113
0.0530884 70.057
0.0554307 472.005
0.0578762 857.213
0.0604296 635.374
0.0630957 874.677
0.0658795 476.678
0.068786 1005.75
0.0718208 912.582
0.0749894 1481.33
0.0782979 1334.23
0.0817523 821.084
0.0853591 863.152
0.0891251 1365.88
0.0930572 928.425
0.0971628 866.662
0.10145 1321.91
0.105925 994.757
0.110599 1184.88
0.115478 1370
0.120573 1065.37
0.125893 1230.41
0.131447 1589.17
0.137246 1607.79
0.143301 756.552
0.149624 1874.41
0.156225 1425
0.163117 1617.03
0.170314 1383.79
0.177828 1159.01
0.185674 1577.48
0.193865 1865.1
0.202418 1905.16
0.211349 1571.74
0.220673 1994.23
0.230409 1947.53
0.240575 1569.32
0.251189 1837.36
0.262271 1878.51
0.273842 2015.3
0.285924 2659.78
0.298538 1525.64
0.311709 1950.4
0.325462 2144.52
0.339821 2737
0.354813 1185.68
0.370467 2119.62
0.386812 1931.17
0.403878 2008.34
0.421697 1927.38
0.440301 2176.8
0.459727 2387.45
0.48001 1984.98
0.501187 1460.88
0.523299 1974.37
0.546387 1931.18
0.570493 1813.46
0.595662 2195.17
0.621942 1737.55
0.649382 2655.23
0.678032 1202.14
0.707946 1811.51
0.73918 1617.43
0.771792 1655.2
0.805842 1431.95
0.841395 1674.54
0.878517 1413.09
0.917276 1292.87
0.957745 1067.92
1 984.108
1.04412 709.014
1.09018 1457.68
1.13828 910.537
1.1885 970.431
1.24094 774.315
1.29569 1043.93
1.35285 796.384
1.41254 864.298
1.47486 956.495
1.53993 682.249
1.60787 804.162
1.6788 677.58
1.75287 513.36
1.83021 445.012
1.91095 720.437
1.99526 915.412
2.08329 495.725
2.1752 706.049
2.27117 307.039
2.37137 273.647
2.476 430.227
2.58523 456.681
2.69929 470.359
2.81838 860.334
2.94273 282.28
3.07256 253.425
3.20812 408.483
3.34965 633.142
3.49744 305.269
3.65174 700.894
3.81285 360.935
3.98107 94.9629
4.15671 86.0992
4.3401 196.885
4.53158 616.42
4.73151 506.629
4.94026 344.868
5.15822 136.067
5.3858 130.702
5.62341 312.658
5.87151 152.979
6.13056 217.114
6.40103 177.908
6.68344 118
6.97831 142.567
7.28618 312.505
7.60764 191.547
7.94328 39.0907
8.29373 452.557
8.65964 303.558
9.0417 166.734
9.44061 179.202
9.85712 125.474
10.292 43.0622
10.7461 140.593
11.2202 460.751
11.7152 305.967
12.2321 85.2631
12.7717 103.949
13.3352 290.074
13.9236 353.556
14.5378 215.321
15.1792 510.61
15.8489 229.361
16.5482 252.532
17.2783 0
18.0406 266.663
18.8365 180.14
19.6675 234.832
20.5353 206.53
21.4412 108.638
22.3872 148.792
23.3749 264.076
24.4062 229.261
25.483 237.949
26.6073 158.242
27.7811 164.878
29.0068 282.088
30.2866 114.977
31.6228 38.3697
33.0179 231.922
34.4747 60.7325
35.9956 363.868
37.5837 294.191
39.2419 428.283
40.9732 359.978
42.7809 264.598
44.6684 169.494
46.6391 95.4551
48.6968 154.464
50.8452 222.316
53.0884 195.112
55.4307 538.685
57.8762 295.355
60.4296 309.388
63.0957 474.733
65.8795 546.563
68.786 488.199
71.8208 336.221
74.9894 267.074
78.2979 556.6
81.7523 351.382
85.3591 475.511
89.1251 548.375
93.0572 325.775
97.1628 480.679
101.45 472.578
105.925 482.431
110.599 239.485
115.478 200.267
120.573 0
125.893 635.481
131.447 260.849
137.246 259.45
143.301 115.576
149.624 263.893
156.225 491.389
163.117 440.831
170.314 319.243
177.828 220.724
185.674 557.934
193.865 576.897
202.418 274.636
211.349 122.918
220.673 243.915
230.409 409.061
240.575 208.394
251.189 158.904
262.271 571.754
273.842 34.6752
285.924 242.89
298.538 350.76
311.709 913.186
325.462 138.155
339.821 147.543
354.813 408.42
370.467 46.0058
386.812 165.947
403.878 108.712
421.697 0
440.301 0
459.727 0
480.01 0
501.187 267.368
523.299 0
546.387 37.8427
570.493 0
595.662 0
621.942 0
649.382 0
678.032 0
707.946 0
739.18 99.8148
771.792 0
805.842 0
841.395 0
878.517 0
917.276 0
957.745 0
1000 0
