# First line is two numbers 
#     First value is '2', it means 'histogram mode'
#     Second value is 'Emin' of the histogram
# Other lines : 2 columns. 1) energy 2) probability (nb divided by NbEvent)
# Number of bins = 480
# Content below the first bin: 0
# Content above the last  bin: 0
# Content above the last  bin: 0
# Number of events: 209000
2 1e-06
1.04412e-06 0
1.09018e-06 0
1.13828e-06 0
1.1885e-06 0
1.24094e-06 0
1.29569e-06 0
1.35285e-06 0
1.41254e-06 0
1.47486e-06 0
1.53993e-06 0
1.60787e-06 0
1.6788e-06 0
1.75287e-06 0
1.83021e-06 0
1.91095e-06 0
1.99526e-06 0
2.08329e-06 0
2.1752e-06 0
2.27117e-06 0
2.37137e-06 0
2.476e-06 0
2.58523e-06 0
2.69929e-06 0
2.81838e-06 0
2.94273e-06 0
3.07256e-06 0
3.20812e-06 0
3.34965e-06 0
3.49744e-06 0
3.65174e-06 0
3.81285e-06 0
3.98107e-06 0
4.15671e-06 0
4.3401e-06 0
4.53158e-06 0
4.73151e-06 0
4.94026e-06 0
5.15822e-06 0
5.3858e-06 0
5.62341e-06 0
5.87151e-06 0
6.13056e-06 0
6.40103e-06 0
6.68344e-06 0
6.97831e-06 0
7.28618e-06 0
7.60764e-06 0
7.94328e-06 0
8.29373e-06 0
8.65964e-06 0
9.0417e-06 0
9.44061e-06 0
9.85712e-06 0
1.0292e-05 0
1.07461e-05 0
1.12202e-05 0
1.17152e-05 0
1.22321e-05 0
1.27717e-05 0
1.33352e-05 0
1.39236e-05 0
1.45378e-05 0
1.51792e-05 0
1.58489e-05 0
1.65482e-05 0
1.72783e-05 0
1.80406e-05 0
1.88365e-05 0
1.96675e-05 0
2.05353e-05 0
2.14412e-05 0
2.23872e-05 0
2.33749e-05 0
2.44062e-05 0
2.5483e-05 0
2.66073e-05 0
2.77811e-05 0
2.90068e-05 0
3.02866e-05 0
3.16228e-05 0
3.30179e-05 0
3.44747e-05 0
3.59956e-05 0
3.75837e-05 0
3.92419e-05 0
4.09732e-05 0
4.27809e-05 0
4.46684e-05 0
4.66391e-05 0
4.86968e-05 0
5.08452e-05 0
5.30884e-05 0
5.54307e-05 0
5.78762e-05 0
6.04296e-05 0
6.30957e-05 0
6.58795e-05 0
6.8786e-05 0
7.18208e-05 0
7.49894e-05 0
7.82979e-05 0
8.17523e-05 0
8.53591e-05 0
8.91251e-05 0
9.30572e-05 0
9.71628e-05 0
0.00010145 0
0.000105925 0
0.000110599 0
0.000115478 0
0.000120573 0
0.000125893 0
0.000131447 0
0.000137246 0
0.000143301 0
0.000149624 0
0.000156225 0
0.000163117 0
0.000170314 0
0.000177828 0
0.000185674 0
0.000193865 0
0.000202418 0
0.000211349 0
0.000220673 0
0.000230409 0
0.000240575 0
0.000251189 0
0.000262271 0
0.000273842 0
0.000285924 0
0.000298538 0
0.000311709 0
0.000325462 0
0.000339821 0
0.000354813 0
0.000370467 0
0.000386812 0
0.000403878 0
0.000421697 0
0.000440301 0
0.000459727 0
0.00048001 0
0.000501187 0
0.000523299 0
0.000546387 0
0.000570493 0
0.000595662 0
0.000621942 0
0.000649382 0
0.000678032 0
0.000707946 0
0.00073918 0
0.000771792 0
0.000805842 0
0.000841395 0
0.000878517 0
0.000917276 0
0.000957745 0
0.001 0
0.00104412 0
0.00109018 0
0.00113828 0
0.0011885 0
0.00124094 0
0.00129569 0
0.00135285 0
0.00141254 0
0.00147486 0
0.00153993 0
0.00160787 0
0.0016788 0
0.00175287 0
0.00183021 0
0.00191095 0
0.00199526 0
0.00208329 0
0.0021752 0
0.00227117 0
0.00237137 0
0.002476 0
0.00258523 0
0.00269929 0
0.00281838 0
0.00294273 0
0.00307256 0
0.00320812 0
0.00334965 0
0.00349744 0
0.00365174 0
0.00381285 0
0.00398107 0
0.00415671 0
0.0043401 0
0.00453158 0
0.00473151 0
0.00494026 0
0.00515822 0
0.0053858 0
0.00562341 0
0.00587151 0
0.00613056 0
0.00640103 0
0.00668344 0
0.00697831 0
0.00728618 0
0.00760764 0
0.00794328 0
0.00829373 0
0.00865964 0
0.0090417 0
0.00944061 0
0.00985712 0
0.010292 0
0.0107461 0
0.0112202 0
0.0117152 0
0.0122321 0
0.0127717 0
0.0133352 0
0.0139236 0
0.0145378 0
0.0151792 0
0.0158489 0
0.0165482 0
0.0172783 0
0.0180406 0
0.0188365 0
0.0196675 0
0.0205353 0
0.0214412 0
0.0223872 0
0.0233749 0
0.0244062 0
0.025483 0
0.0266073 0
0.0277811 0
0.0290068 0
0.0302866 0
0.0316228 0
0.0330179 0
0.0344747 0
0.0359956 0
0.0375837 0
0.0392419 0
0.0409732 0
0.0427809 0
0.0446684 0
0.0466391 0
0.0486968 0
0.0508452 0
0.0530884 0
0.0554307 0
0.0578762 0
0.0604296 0
0.0630957 0
0.0658795 0
0.068786 0
0.0718208 0
0.0749894 0
0.0782979 0
0.0817523 0
0.0853591 0
0.0891251 0
0.0930572 47.6204
0.0971628 0
0.10145 0
0.105925 0
0.110599 0
0.115478 0
0.120573 0
0.125893 0
0.131447 0
0.137246 60.4926
0.143301 0
0.149624 0
0.156225 0
0.163117 0
0.170314 58.073
0.177828 174.646
0.185674 0
0.193865 0
0.202418 0
0.211349 35.2365
0.220673 0
0.230409 0
0.240575 0
0.251189 0
0.262271 0
0.273842 0
0.285924 0
0.298538 112.253
0.311709 0
0.325462 105.391
0.339821 0
0.354813 0
0.370467 0
0.386812 0
0.403878 113.924
0.421697 0
0.440301 85.6238
0.459727 182.791
0.48001 33.933
0.501187 0
0.523299 0
0.546387 0
0.570493 0
0.595662 0
0.621942 72.7251
0.649382 94.631
0.678032 95.73
0.707946 0
0.73918 0
0.771792 0
0.805842 0
0.841395 80.9095
0.878517 137.835
0.917276 0
0.957745 110.843
1 107.901
1.04412 0
1.09018 59.2625
1.13828 86.5036
1.1885 116.59
1.24094 211.799
1.29569 0
1.35285 0
1.41254 0
1.47486 96.3876
1.53993 0
1.60787 40.0778
1.6788 0
1.75287 0
1.83021 113.527
1.91095 0
1.99526 0
2.08329 0
2.1752 193.58
2.27117 0
2.37137 232.313
2.476 0
2.58523 0
2.69929 0
2.81838 43.4442
2.94273 0
3.07256 0
3.20812 0
3.34965 164.225
3.49744 0
3.65174 0
3.81285 0
3.98107 0
4.15671 0
4.3401 106.742
4.53158 183.221
4.73151 115.826
4.94026 0
5.15822 0
5.3858 230.58
5.62341 20.5794
5.87151 0
6.13056 112.966
6.40103 235.604
6.68344 76.1725
6.97831 0
7.28618 0
7.60764 109.935
7.94328 0
8.29373 119.899
8.65964 0
9.0417 395.369
9.44061 33.2863
9.85712 47.566
10.292 122.369
10.7461 96.07
11.2202 80.7154
11.7152 0
12.2321 67.8023
12.7717 162.05
13.3352 27.4834
13.9236 74.6829
14.5378 161.607
15.1792 0
15.8489 0
16.5482 218.793
17.2783 170.6
18.0406 0
18.8365 0
19.6675 62.7026
20.5353 16.4319
21.4412 70.5117
22.3872 72.9692
23.3749 4.53546
24.4062 113.113
25.483 164.718
26.6073 188.057
27.7811 4.16921
29.0068 0
30.2866 67.7144
31.6228 28.483
33.0179 28.0416
34.4747 0
35.9956 60.1645
37.5837 237.414
39.2419 177.882
40.9732 0
42.7809 196.554
44.6684 134.389
46.6391 147.304
48.6968 109.943
50.8452 0
53.0884 63.0545
55.4307 0
57.8762 142.037
60.4296 82.4408
63.0957 77.0074
65.8795 95.7922
68.786 0
71.8208 285.038
74.9894 281.609
78.2979 0
81.7523 0
85.3591 149.217
89.1251 134.428
93.0572 221.771
97.1628 236.703
101.45 468.941
105.925 195.37
110.599 93.708
115.478 67.6519
120.573 89.2324
125.893 217.611
131.447 4.50898
137.246 164.138
143.301 144.855
149.624 317.959
156.225 122.726
163.117 86.7015
170.314 0
177.828 135.815
185.674 583.329
193.865 414.631
202.418 311.949
211.349 215.271
220.673 427.244
230.409 436.294
240.575 654.067
251.189 1226.87
262.271 1148.5
273.842 997.339
285.924 557.501
298.538 1833.42
311.709 2378.02
325.462 2103.17
339.821 3565.42
354.813 2364.67
370.467 2244.42
386.812 4176.05
403.878 2854.88
421.697 2913.36
440.301 1302.48
459.727 1434.94
480.01 1312.91
501.187 673.236
523.299 580.304
546.387 333.577
570.493 250.124
595.662 162.425
621.942 0
649.382 146.224
678.032 0
707.946 0
739.18 0
771.792 0
805.842 0
841.395 0
878.517 0
917.276 0
957.745 0
1000 0
