# First line is two numbers 
#     First value is '2', it means 'histogram mode'
#     Second value is 'Emin' of the histogram
# Other lines : 2 columns. 1) energy 2) probability (nb divided by NbEvent)
# Number of bins = 480
# Content below the first bin: 0
# Content above the last  bin: 0
# Content above the last  bin: 0
# Number of events: 209000
2 1e-06
1.04412e-06 0
1.09018e-06 0
1.13828e-06 0
1.1885e-06 0
1.24094e-06 0
1.29569e-06 0
1.35285e-06 0
1.41254e-06 0
1.47486e-06 0
1.53993e-06 0
1.60787e-06 0
1.6788e-06 0
1.75287e-06 0
1.83021e-06 0
1.91095e-06 0
1.99526e-06 0
2.08329e-06 0
2.1752e-06 0
2.27117e-06 0
2.37137e-06 0
2.476e-06 0
2.58523e-06 0
2.69929e-06 0
2.81838e-06 0
2.94273e-06 0
3.07256e-06 0
3.20812e-06 0
3.34965e-06 0
3.49744e-06 0
3.65174e-06 0
3.81285e-06 0
3.98107e-06 0
4.15671e-06 0
4.3401e-06 0
4.53158e-06 0
4.73151e-06 0
4.94026e-06 0
5.15822e-06 0
5.3858e-06 0
5.62341e-06 0
5.87151e-06 0
6.13056e-06 0
6.40103e-06 0
6.68344e-06 0
6.97831e-06 0
7.28618e-06 0
7.60764e-06 0
7.94328e-06 0
8.29373e-06 0
8.65964e-06 0
9.0417e-06 0
9.44061e-06 0
9.85712e-06 0
1.0292e-05 0
1.07461e-05 0
1.12202e-05 0
1.17152e-05 0
1.22321e-05 0
1.27717e-05 0
1.33352e-05 0
1.39236e-05 0
1.45378e-05 0
1.51792e-05 0
1.58489e-05 0
1.65482e-05 0
1.72783e-05 0
1.80406e-05 0
1.88365e-05 0
1.96675e-05 0
2.05353e-05 0
2.14412e-05 0
2.23872e-05 0
2.33749e-05 0
2.44062e-05 0
2.5483e-05 0
2.66073e-05 0
2.77811e-05 0
2.90068e-05 0
3.02866e-05 0
3.16228e-05 0
3.30179e-05 0
3.44747e-05 0
3.59956e-05 0
3.75837e-05 0
3.92419e-05 0
4.09732e-05 0
4.27809e-05 0
4.46684e-05 0
4.66391e-05 0
4.86968e-05 0
5.08452e-05 0
5.30884e-05 0
5.54307e-05 77.6227
5.78762e-05 0
6.04296e-05 0
6.30957e-05 0
6.58795e-05 0
6.8786e-05 0
7.18208e-05 0
7.49894e-05 0
7.82979e-05 0
8.17523e-05 0
8.53591e-05 0
8.91251e-05 0
9.30572e-05 0
9.71628e-05 0
0.00010145 0
0.000105925 0
0.000110599 0
0.000115478 0
0.000120573 0
0.000125893 0
0.000131447 0
0.000137246 0
0.000143301 0
0.000149624 0
0.000156225 0
0.000163117 0
0.000170314 0
0.000177828 0
0.000185674 0
0.000193865 0
0.000202418 0
0.000211349 0
0.000220673 0
0.000230409 0
0.000240575 0
0.000251189 0
0.000262271 0
0.000273842 0
0.000285924 0
0.000298538 0
0.000311709 0
0.000325462 0
0.000339821 0
0.000354813 0
0.000370467 0
0.000386812 0
0.000403878 0
0.000421697 0
0.000440301 0
0.000459727 0
0.00048001 0
0.000501187 0
0.000523299 0
0.000546387 0
0.000570493 0
0.000595662 0
0.000621942 0
0.000649382 0
0.000678032 0
0.000707946 0
0.00073918 0
0.000771792 0
0.000805842 0
0.000841395 0
0.000878517 0
0.000917276 0
0.000957745 0
0.001 0
0.00104412 0
0.00109018 0
0.00113828 0
0.0011885 0
0.00124094 0
0.00129569 0
0.00135285 0
0.00141254 0
0.00147486 0
0.00153993 0
0.00160787 0
0.0016788 0
0.00175287 0
0.00183021 0
0.00191095 0
0.00199526 0
0.00208329 0
0.0021752 0
0.00227117 0
0.00237137 106.189
0.002476 0
0.00258523 0
0.00269929 0
0.00281838 0
0.00294273 0
0.00307256 0
0.00320812 0
0.00334965 0
0.00349744 0
0.00365174 0
0.00381285 0
0.00398107 0
0.00415671 0
0.0043401 0
0.00453158 0
0.00473151 0
0.00494026 0
0.00515822 0
0.0053858 0
0.00562341 0
0.00587151 0
0.00613056 0
0.00640103 0
0.00668344 0
0.00697831 61.5839
0.00728618 131.454
0.00760764 0
0.00794328 106.701
0.00829373 218.611
0.00865964 0
0.0090417 0
0.00944061 0
0.00985712 0
0.010292 88.3015
0.0107461 0
0.0112202 95.4854
0.0117152 0
0.0122321 0
0.0127717 0
0.0133352 0
0.0139236 195.429
0.0145378 187.574
0.0151792 100.618
0.0158489 112.557
0.0165482 105.805
0.0172783 19.492
0.0180406 0
0.0188365 0
0.0196675 135.964
0.0205353 0
0.0214412 48.8247
0.0223872 110.231
0.0233749 427.905
0.0244062 0
0.025483 86.8243
0.0266073 290.188
0.0277811 74.6802
0.0290068 115.729
0.0302866 109.308
0.0316228 0
0.0330179 198.62
0.0344747 274.79
0.0359956 118.252
0.0375837 225.934
0.0392419 226.01
0.0409732 267.684
0.0427809 288.503
0.0446684 537.362
0.0466391 464.921
0.0486968 314.766
0.0508452 438.741
0.0530884 494.862
0.0554307 189.776
0.0578762 719.209
0.0604296 597.095
0.0630957 351.047
0.0658795 477.854
0.068786 243.992
0.0718208 177.551
0.0749894 669.167
0.0782979 356.631
0.0817523 351.283
0.0853591 504.979
0.0891251 1072.39
0.0930572 980.931
0.0971628 314.221
0.10145 506.248
0.105925 1022.78
0.110599 866.332
0.115478 1160.07
0.120573 764.111
0.125893 946.691
0.131447 859.29
0.137246 829.343
0.143301 916.92
0.149624 702.862
0.156225 1209.61
0.163117 1839.79
0.170314 1998.35
0.177828 980.057
0.185674 713.116
0.193865 1048.63
0.202418 1574.39
0.211349 1488.58
0.220673 1403.78
0.230409 1484.09
0.240575 951.051
0.251189 1652.24
0.262271 1326.16
0.273842 1279.36
0.285924 1230.97
0.298538 1624.1
0.311709 1670.96
0.325462 2022.48
0.339821 1531.03
0.354813 1592.28
0.370467 1044.39
0.386812 2844.83
0.403878 1335.3
0.421697 2231.06
0.440301 2037.58
0.459727 2403.04
0.48001 1635.18
0.501187 2057.73
0.523299 1981.03
0.546387 2335.39
0.570493 2118.2
0.595662 1829.19
0.621942 2262.23
0.649382 1778.55
0.678032 1740.33
0.707946 1882.74
0.73918 1473.86
0.771792 1501.69
0.805842 1741.72
0.841395 1965.65
0.878517 1171.8
0.917276 1349.53
0.957745 1694.19
1 1370.66
1.04412 1303.01
1.09018 1661.99
1.13828 1040.25
1.1885 1059.76
1.24094 495.737
1.29569 1021.08
1.35285 966.608
1.41254 1175.62
1.47486 614.521
1.53993 878.472
1.60787 728.249
1.6788 522.329
1.75287 775.384
1.83021 1332.91
1.91095 446.929
1.99526 506.817
2.08329 591.959
2.1752 676.652
2.27117 457.92
2.37137 681.595
2.476 590.755
2.58523 297.331
2.69929 383.954
2.81838 607.277
2.94273 602.287
3.07256 379.194
3.20812 713.248
3.34965 478.626
3.49744 430.67
3.65174 965.063
3.81285 676.436
3.98107 340.961
4.15671 487.684
4.3401 227.766
4.53158 184.311
4.73151 210.221
4.94026 263.905
5.15822 361.047
5.3858 298.918
5.62341 312.492
5.87151 231.215
6.13056 184.568
6.40103 436.864
6.68344 238.071
6.97831 185.308
7.28618 152.86
7.60764 110.698
7.94328 460.323
8.29373 186.107
8.65964 0
9.0417 292.919
9.44061 267.571
9.85712 238.869
10.292 148.997
10.7461 406.467
11.2202 219.826
11.7152 395.367
12.2321 131.472
12.7717 297.643
13.3352 333.702
13.9236 0
14.5378 84.7946
15.1792 107.271
15.8489 403.108
16.5482 0
17.2783 73.8247
18.0406 466.398
18.8365 259.746
19.6675 397.536
20.5353 210.184
21.4412 221.198
22.3872 159.196
23.3749 428.197
24.4062 70.8341
25.483 393.248
26.6073 672.749
27.7811 239.843
29.0068 260.188
30.2866 158.995
31.6228 98.3023
33.0179 172.703
34.4747 302.756
35.9956 434.305
37.5837 674.514
39.2419 362.31
40.9732 103.487
42.7809 291.94
44.6684 621.541
46.6391 133.637
48.6968 545.599
50.8452 335.135
53.0884 251.94
55.4307 253.404
57.8762 313.303
60.4296 530.429
63.0957 161.458
65.8795 389.846
68.786 262.818
71.8208 259.409
74.9894 226.393
78.2979 537.302
81.7523 331.658
85.3591 499.682
89.1251 622.299
93.0572 673.495
97.1628 149.445
101.45 793.586
105.925 363.049
110.599 398.701
115.478 744.475
120.573 903.964
125.893 638.642
131.447 883.807
137.246 900.506
143.301 633.462
149.624 420.508
156.225 539.035
163.117 883.564
170.314 797.252
177.828 1073.18
185.674 839.646
193.865 1094.94
202.418 1005.2
211.349 1439.72
220.673 1212.07
230.409 1184.88
240.575 1221.01
251.189 1540.69
262.271 1271.8
273.842 1617.44
285.924 2591.18
298.538 2441.33
311.709 2857.96
325.462 2434.88
339.821 3549.68
354.813 3642.94
370.467 4632.46
386.812 3998.87
403.878 3060.39
421.697 3362.68
440.301 2413.06
459.727 1410.63
480.01 1641.79
501.187 1150.5
523.299 481.067
546.387 337.915
570.493 710.627
595.662 380.637
621.942 109.456
649.382 293.839
678.032 76.033
707.946 45.0688
739.18 336.66
771.792 0
805.842 317.249
841.395 203.925
878.517 52.7989
917.276 0
957.745 0
1000 0
