# First line is two numbers 
#     First value is '2', it means 'histogram mode'
#     Second value is 'Emin' of the histogram
# Other lines : 2 columns. 1) energy 2) probability (nb divided by NbEvent)
# Number of bins = 480
# Content below the first bin: 0
# Content above the last  bin: 0
# Content above the last  bin: 0
# Number of events: 209000
2 1e-06
1.04412e-06 0
1.09018e-06 0
1.13828e-06 0
1.1885e-06 0
1.24094e-06 0
1.29569e-06 0
1.35285e-06 0
1.41254e-06 0
1.47486e-06 0
1.53993e-06 0
1.60787e-06 0
1.6788e-06 0
1.75287e-06 0
1.83021e-06 0
1.91095e-06 0
1.99526e-06 0
2.08329e-06 0
2.1752e-06 0
2.27117e-06 0
2.37137e-06 0
2.476e-06 0
2.58523e-06 0
2.69929e-06 0
2.81838e-06 0
2.94273e-06 0
3.07256e-06 0
3.20812e-06 0
3.34965e-06 0
3.49744e-06 0
3.65174e-06 0
3.81285e-06 0
3.98107e-06 0
4.15671e-06 0
4.3401e-06 0
4.53158e-06 0
4.73151e-06 0
4.94026e-06 0
5.15822e-06 0
5.3858e-06 0
5.62341e-06 0
5.87151e-06 0
6.13056e-06 0
6.40103e-06 0
6.68344e-06 0
6.97831e-06 0
7.28618e-06 0
7.60764e-06 0
7.94328e-06 0
8.29373e-06 0
8.65964e-06 0
9.0417e-06 0
9.44061e-06 0
9.85712e-06 0
1.0292e-05 0
1.07461e-05 0
1.12202e-05 0
1.17152e-05 0
1.22321e-05 0
1.27717e-05 0
1.33352e-05 0
1.39236e-05 0
1.45378e-05 0
1.51792e-05 0
1.58489e-05 0
1.65482e-05 0
1.72783e-05 0
1.80406e-05 0
1.88365e-05 0
1.96675e-05 0
2.05353e-05 0
2.14412e-05 0
2.23872e-05 0
2.33749e-05 0
2.44062e-05 0
2.5483e-05 0
2.66073e-05 0
2.77811e-05 0
2.90068e-05 0
3.02866e-05 0
3.16228e-05 0
3.30179e-05 0
3.44747e-05 0
3.59956e-05 0
3.75837e-05 0
3.92419e-05 0
4.09732e-05 0
4.27809e-05 0
4.46684e-05 0
4.66391e-05 0
4.86968e-05 0
5.08452e-05 0
5.30884e-05 0
5.54307e-05 0
5.78762e-05 0
6.04296e-05 0
6.30957e-05 0
6.58795e-05 0
6.8786e-05 0
7.18208e-05 0
7.49894e-05 0
7.82979e-05 0
8.17523e-05 0
8.53591e-05 0
8.91251e-05 0
9.30572e-05 0
9.71628e-05 0
0.00010145 0
0.000105925 0
0.000110599 0
0.000115478 0
0.000120573 0
0.000125893 0
0.000131447 0
0.000137246 0
0.000143301 0
0.000149624 0
0.000156225 0
0.000163117 0
0.000170314 0
0.000177828 0
0.000185674 0
0.000193865 0
0.000202418 0
0.000211349 57.219
0.000220673 0
0.000230409 0
0.000240575 0
0.000251189 0
0.000262271 0
0.000273842 0
0.000285924 0
0.000298538 0
0.000311709 0
0.000325462 0
0.000339821 0
0.000354813 0
0.000370467 0
0.000386812 0
0.000403878 0
0.000421697 0
0.000440301 0
0.000459727 0
0.00048001 0
0.000501187 0
0.000523299 0
0.000546387 0
0.000570493 0
0.000595662 0
0.000621942 0
0.000649382 0
0.000678032 0
0.000707946 0
0.00073918 0
0.000771792 0
0.000805842 0
0.000841395 29.6237
0.000878517 0
0.000917276 0
0.000957745 0
0.001 0
0.00104412 118.012
0.00109018 0
0.00113828 0
0.0011885 0
0.00124094 0
0.00129569 0
0.00135285 0
0.00141254 116.083
0.00147486 0
0.00153993 38.0875
0.00160787 38.9988
0.0016788 0
0.00175287 44.1606
0.00183021 98.9285
0.00191095 62.6968
0.00199526 0
0.00208329 0
0.0021752 0
0.00227117 0
0.00237137 0
0.002476 185.639
0.00258523 223.325
0.00269929 0
0.00281838 75.7912
0.00294273 0
0.00307256 116.029
0.00320812 0
0.00334965 0
0.00349744 53.3388
0.00365174 70.4008
0.00381285 78.2722
0.00398107 79.4592
0.00415671 0
0.0043401 0
0.00453158 197.79
0.00473151 112.069
0.00494026 0
0.00515822 117.026
0.0053858 171.389
0.00562341 161.561
0.00587151 161.796
0.00613056 181.515
0.00640103 423.801
0.00668344 184.618
0.00697831 354.296
0.00728618 263.121
0.00760764 306.087
0.00794328 87.3303
0.00829373 483.224
0.00865964 204.367
0.0090417 422.179
0.00944061 427.021
0.00985712 575.311
0.010292 327.79
0.0107461 688.973
0.0112202 376.232
0.0117152 869.21
0.0122321 768.436
0.0127717 446.652
0.0133352 1433.02
0.0139236 816.648
0.0145378 803.15
0.0151792 1103.89
0.0158489 979.173
0.0165482 1056.33
0.0172783 927.403
0.0180406 987.565
0.0188365 1112.66
0.0196675 1355.35
0.0205353 2456.7
0.0214412 1686.26
0.0223872 1733.24
0.0233749 2454.32
0.0244062 2184.28
0.025483 3107.16
0.0266073 2304.45
0.0277811 2245.78
0.0290068 1851.21
0.0302866 2900.47
0.0316228 3621.97
0.0330179 4124
0.0344747 3440.64
0.0359956 3552.93
0.0375837 3567.63
0.0392419 3839.75
0.0409732 3926.81
0.0427809 4630.97
0.0446684 5461.73
0.0466391 5547.16
0.0486968 6010.41
0.0508452 5357.32
0.0530884 6388.91
0.0554307 5476.53
0.0578762 7556.89
0.0604296 5927.05
0.0630957 6411.53
0.0658795 7433.48
0.068786 8651.08
0.0718208 8846.13
0.0749894 7647.7
0.0782979 9730.24
0.0817523 10513.5
0.0853591 11055.4
0.0891251 12402.4
0.0930572 11610.3
0.0971628 11413.1
0.10145 12750.9
0.105925 12298
0.110599 11292.8
0.115478 14729.3
0.120573 15599.3
0.125893 14494.6
0.131447 15854.3
0.137246 13094.6
0.143301 14674.5
0.149624 13827.5
0.156225 15794.3
0.163117 14195.9
0.170314 16811.8
0.177828 14645.4
0.185674 16532.3
0.193865 17732.3
0.202418 15416.2
0.211349 17001.6
0.220673 16372.3
0.230409 17699.1
0.240575 19807.4
0.251189 19637
0.262271 16419.5
0.273842 21257.3
0.285924 19365.1
0.298538 17302.6
0.311709 18568.4
0.325462 21043.2
0.339821 18778.3
0.354813 20244.4
0.370467 19937
0.386812 22997.9
0.403878 21904.3
0.421697 19448
0.440301 19067.6
0.459727 22361.2
0.48001 18979.1
0.501187 18632.1
0.523299 21183.4
0.546387 21264.7
0.570493 19799
0.595662 18934.3
0.621942 17489.4
0.649382 18128.4
0.678032 16465.7
0.707946 16573.2
0.73918 16559.1
0.771792 17556.8
0.805842 15860.5
0.841395 17033.3
0.878517 16373
0.917276 14165
0.957745 13754.5
1 12160.5
1.04412 11728
1.09018 13210.8
1.13828 11764
1.1885 11264.2
1.24094 7696.8
1.29569 8002.9
1.35285 8493.65
1.41254 7809.13
1.47486 8393.27
1.53993 7028.14
1.60787 7175.83
1.6788 7351.48
1.75287 6833.66
1.83021 6568.37
1.91095 7559.55
1.99526 4738.72
2.08329 5121.29
2.1752 5038.71
2.27117 4909.89
2.37137 5698.09
2.476 5598.64
2.58523 5473.22
2.69929 5870.24
2.81838 4306.28
2.94273 4838.74
3.07256 3853.21
3.20812 3486.61
3.34965 4194.95
3.49744 3853.22
3.65174 3774.44
3.81285 3718.09
3.98107 3250.95
4.15671 4169.73
4.3401 3375.39
4.53158 2673.05
4.73151 3450.61
4.94026 3633.26
5.15822 3397.5
5.3858 3268.02
5.62341 3835.14
5.87151 2147.12
6.13056 2379.76
6.40103 2426.49
6.68344 1700.02
6.97831 1916.84
7.28618 1674
7.60764 1710.65
7.94328 2260.18
8.29373 2386.83
8.65964 2700.73
9.0417 2690.66
9.44061 1223.04
9.85712 1693.17
10.292 2171.57
10.7461 1482.02
11.2202 2009
11.7152 1626.59
12.2321 2452.77
12.7717 1720.03
13.3352 2764.16
13.9236 2611.73
14.5378 2311.5
15.1792 1839.79
15.8489 2269.7
16.5482 2175.12
17.2783 1359.07
18.0406 1796.82
18.8365 2322.46
19.6675 1840.16
20.5353 1508.05
21.4412 1350.93
22.3872 2354.48
23.3749 1920.98
24.4062 1843.07
25.483 2687.54
26.6073 1790.52
27.7811 1986.33
29.0068 1810.2
30.2866 2788.9
31.6228 3046.01
33.0179 2902.15
34.4747 2186.35
35.9956 1826.48
37.5837 1577.98
39.2419 1854.24
40.9732 3383.78
42.7809 2168.71
44.6684 2703.16
46.6391 3032.08
48.6968 1733.1
50.8452 2049.17
53.0884 3400.6
55.4307 2376.99
57.8762 3466.74
60.4296 3255.77
63.0957 2386.96
65.8795 3293.38
68.786 2606.56
71.8208 3920.51
74.9894 2455.89
78.2979 3481.97
81.7523 2652.64
85.3591 3795.1
89.1251 3723.88
93.0572 3150.51
97.1628 3845.18
101.45 4239.18
105.925 4407.65
110.599 3991.01
115.478 3900.65
120.573 3312.71
125.893 3605.84
131.447 5028.89
137.246 3792.77
143.301 4021.64
149.624 4450.21
156.225 4954.16
163.117 4292.44
170.314 4602.77
177.828 5038.23
185.674 5826.18
193.865 4037.59
202.418 5343.69
211.349 4568.52
220.673 5543.08
230.409 4940.27
240.575 4955.84
251.189 4852.18
262.271 4209.8
273.842 4970.96
285.924 4421.18
298.538 3822.45
311.709 4639.23
325.462 3981.7
339.821 3220.86
354.813 2686.73
370.467 2711.13
386.812 3140.4
403.878 2673.3
421.697 2283.05
440.301 1927.47
459.727 1502.71
480.01 1211.61
501.187 726.556
523.299 920.786
546.387 561.362
570.493 574.885
595.662 752.495
621.942 329.745
649.382 412.472
678.032 242.951
707.946 309.274
739.18 89.9117
771.792 332.303
805.842 0
841.395 143.719
878.517 0
917.276 0
957.745 0
1000 27.1745
