# First line is two numbers 
#     First value is '2', it means 'histogram mode'
#     Second value is 'Emin' of the histogram
# Other lines : 2 columns. 1) energy 2) probability (nb divided by NbEvent)
# Number of bins = 480
# Content below the first bin: 0
# Content above the last  bin: 0
# Content above the last  bin: 0
# Number of events: 209000
2 1e-06
1.04412e-06 0
1.09018e-06 0
1.13828e-06 0
1.1885e-06 0
1.24094e-06 0
1.29569e-06 0
1.35285e-06 0
1.41254e-06 0
1.47486e-06 0
1.53993e-06 0
1.60787e-06 0
1.6788e-06 0
1.75287e-06 0
1.83021e-06 0
1.91095e-06 0
1.99526e-06 0
2.08329e-06 0
2.1752e-06 0
2.27117e-06 0
2.37137e-06 0
2.476e-06 0
2.58523e-06 0
2.69929e-06 0
2.81838e-06 0
2.94273e-06 0
3.07256e-06 0
3.20812e-06 0
3.34965e-06 0
3.49744e-06 0
3.65174e-06 0
3.81285e-06 0
3.98107e-06 0
4.15671e-06 0
4.3401e-06 0
4.53158e-06 0
4.73151e-06 0
4.94026e-06 0
5.15822e-06 0
5.3858e-06 0
5.62341e-06 0
5.87151e-06 0
6.13056e-06 0
6.40103e-06 0
6.68344e-06 0
6.97831e-06 0
7.28618e-06 0
7.60764e-06 0
7.94328e-06 0
8.29373e-06 0
8.65964e-06 0
9.0417e-06 0
9.44061e-06 0
9.85712e-06 0
1.0292e-05 0
1.07461e-05 0
1.12202e-05 0
1.17152e-05 0
1.22321e-05 0
1.27717e-05 0
1.33352e-05 0
1.39236e-05 0
1.45378e-05 0
1.51792e-05 0
1.58489e-05 0
1.65482e-05 0
1.72783e-05 0
1.80406e-05 0
1.88365e-05 0
1.96675e-05 0
2.05353e-05 0
2.14412e-05 0
2.23872e-05 0
2.33749e-05 0
2.44062e-05 0
2.5483e-05 0
2.66073e-05 0
2.77811e-05 0
2.90068e-05 0
3.02866e-05 0
3.16228e-05 0
3.30179e-05 0
3.44747e-05 0
3.59956e-05 0
3.75837e-05 0
3.92419e-05 0
4.09732e-05 0
4.27809e-05 0
4.46684e-05 0
4.66391e-05 0
4.86968e-05 0
5.08452e-05 0
5.30884e-05 0
5.54307e-05 0
5.78762e-05 0
6.04296e-05 0
6.30957e-05 0
6.58795e-05 0
6.8786e-05 0
7.18208e-05 0
7.49894e-05 0
7.82979e-05 0
8.17523e-05 0
8.53591e-05 0
8.91251e-05 0
9.30572e-05 0
9.71628e-05 0
0.00010145 0
0.000105925 0
0.000110599 0
0.000115478 0
0.000120573 0
0.000125893 0
0.000131447 0
0.000137246 0
0.000143301 0
0.000149624 119.674
0.000156225 0
0.000163117 0
0.000170314 0
0.000177828 0
0.000185674 0
0.000193865 0
0.000202418 0
0.000211349 0
0.000220673 0
0.000230409 0
0.000240575 0
0.000251189 0
0.000262271 0
0.000273842 0
0.000285924 0
0.000298538 0
0.000311709 0
0.000325462 0
0.000339821 0
0.000354813 0
0.000370467 0
0.000386812 0
0.000403878 0
0.000421697 0
0.000440301 79.6422
0.000459727 0
0.00048001 0
0.000501187 0
0.000523299 0
0.000546387 175.951
0.000570493 0
0.000595662 0
0.000621942 92.5728
0.000649382 0
0.000678032 0
0.000707946 0
0.00073918 29.337
0.000771792 0
0.000805842 0
0.000841395 0
0.000878517 0
0.000917276 0
0.000957745 0
0.001 0
0.00104412 0
0.00109018 0
0.00113828 0
0.0011885 0
0.00124094 0
0.00129569 0
0.00135285 93.9431
0.00141254 0
0.00147486 0
0.00153993 0
0.00160787 0
0.0016788 0
0.00175287 124.56
0.00183021 61.3619
0.00191095 0
0.00199526 0
0.00208329 0
0.0021752 0
0.00227117 0
0.00237137 0
0.002476 132.047
0.00258523 103.088
0.00269929 0
0.00281838 0
0.00294273 0
0.00307256 0
0.00320812 217.042
0.00334965 0
0.00349744 0
0.00365174 0
0.00381285 88.1074
0.00398107 93.8708
0.00415671 0
0.0043401 0
0.00453158 64.7505
0.00473151 243.105
0.00494026 218.628
0.00515822 186.197
0.0053858 259.898
0.00562341 205.795
0.00587151 118.03
0.00613056 66.4562
0.00640103 101.302
0.00668344 313.715
0.00697831 106.086
0.00728618 0
0.00760764 159.551
0.00794328 42.6568
0.00829373 325.757
0.00865964 374.136
0.0090417 259.208
0.00944061 563.013
0.00985712 441.41
0.010292 344.56
0.0107461 808.427
0.0112202 719.026
0.0117152 835.318
0.0122321 1015.43
0.0127717 895.244
0.0133352 790.65
0.0139236 806.665
0.0145378 1080.49
0.0151792 1411.49
0.0158489 1710.66
0.0165482 1223.27
0.0172783 2090.89
0.0180406 1077.81
0.0188365 1124.2
0.0196675 1117.53
0.0205353 2375.21
0.0214412 1462.18
0.0223872 2414.94
0.0233749 1944.9
0.0244062 3107.85
0.025483 1777.88
0.0266073 2056.53
0.0277811 3022.9
0.0290068 2882.48
0.0302866 3282.4
0.0316228 3117.48
0.0330179 4565.24
0.0344747 4779.82
0.0359956 3465.58
0.0375837 3425.57
0.0392419 3314.27
0.0409732 4824.23
0.0427809 4890.93
0.0446684 4575.44
0.0466391 5303.83
0.0486968 6240.55
0.0508452 6353.04
0.0530884 7009.98
0.0554307 5634.98
0.0578762 7521.42
0.0604296 7868.16
0.0630957 8294.4
0.0658795 8793.1
0.068786 8618.6
0.0718208 9783.26
0.0749894 8813.47
0.0782979 9478.25
0.0817523 10366.9
0.0853591 10736.9
0.0891251 10555.1
0.0930572 11914.3
0.0971628 13796.3
0.10145 14133.4
0.105925 12702.7
0.110599 11944.7
0.115478 13947.8
0.120573 15716.3
0.125893 13186.4
0.131447 13524.9
0.137246 13321.7
0.143301 16347.9
0.149624 13743.7
0.156225 17142.9
0.163117 15451.2
0.170314 17058.6
0.177828 15134.7
0.185674 17576.6
0.193865 15675.6
0.202418 19763
0.211349 16977.6
0.220673 15474.7
0.230409 19583.7
0.240575 19648.6
0.251189 17285.3
0.262271 16627.3
0.273842 19315.2
0.285924 20433.4
0.298538 18402.1
0.311709 19373.6
0.325462 20676.4
0.339821 22474.3
0.354813 18940.6
0.370467 20001.8
0.386812 17323
0.403878 19787.5
0.421697 18772.9
0.440301 19511.1
0.459727 18738.5
0.48001 20575.9
0.501187 19490.7
0.523299 18046.6
0.546387 17412.5
0.570493 19321
0.595662 18927.8
0.621942 18207
0.649382 20698.8
0.678032 16648.5
0.707946 16776.2
0.73918 16400.2
0.771792 15724.7
0.805842 15062.6
0.841395 16629.4
0.878517 14559.9
0.917276 15478.7
0.957745 13676.6
1 11832
1.04412 10265.5
1.09018 12465.6
1.13828 9196.36
1.1885 11751.9
1.24094 8626.17
1.29569 8802.53
1.35285 8564.5
1.41254 8598.35
1.47486 8021.33
1.53993 6798.97
1.60787 8787.35
1.6788 7030.43
1.75287 6309.28
1.83021 5230.05
1.91095 5943.09
1.99526 5580.84
2.08329 6354.54
2.1752 5830.47
2.27117 4564.32
2.37137 5207.89
2.476 5614.43
2.58523 5664.3
2.69929 4220.48
2.81838 5313.57
2.94273 5335.25
3.07256 3681.65
3.20812 5921.82
3.34965 4613.96
3.49744 4184.13
3.65174 4285.67
3.81285 4644.51
3.98107 3700.26
4.15671 3785.94
4.3401 4467.17
4.53158 3194.09
4.73151 3529.64
4.94026 2691.83
5.15822 2909.77
5.3858 2908.39
5.62341 2088.19
5.87151 2706.35
6.13056 3217.72
6.40103 1966.95
6.68344 2192.06
6.97831 2555.39
7.28618 2896.41
7.60764 2246.05
7.94328 2822.3
8.29373 1509.33
8.65964 1828.2
9.0417 1460.49
9.44061 2971.09
9.85712 1795.35
10.292 1235
10.7461 2173.67
11.2202 1421.86
11.7152 2089.15
12.2321 1780.72
12.7717 1584.01
13.3352 2311.65
13.9236 1276.97
14.5378 832.248
15.1792 2092.25
15.8489 1909.24
16.5482 1042.27
17.2783 1912.94
18.0406 1275.97
18.8365 1177.32
19.6675 1914.54
20.5353 1100.44
21.4412 1816.32
22.3872 2038.83
23.3749 2089
24.4062 2258.73
25.483 1510.11
26.6073 1350.22
27.7811 2369.05
29.0068 1373.09
30.2866 2555.53
31.6228 1967.5
33.0179 2713.04
34.4747 2342.17
35.9956 2509.72
37.5837 2236.35
39.2419 3214.26
40.9732 2333.06
42.7809 3166.09
44.6684 2253.38
46.6391 2826.38
48.6968 2535.6
50.8452 3105.96
53.0884 2954.26
55.4307 2991.44
57.8762 2888.75
60.4296 3735.4
63.0957 3448.74
65.8795 2999.04
68.786 3255.07
71.8208 3469.5
74.9894 4095.79
78.2979 3871.42
81.7523 3711.63
85.3591 3118.78
89.1251 3477.68
93.0572 3943.92
97.1628 3416.28
101.45 3804.01
105.925 3467.72
110.599 3359.63
115.478 4245.34
120.573 3786.47
125.893 3404
131.447 4431.33
137.246 3765.9
143.301 3372.53
149.624 4721.46
156.225 4603.6
163.117 4589.64
170.314 4666.09
177.828 4228.29
185.674 4975.26
193.865 4816.57
202.418 4383.75
211.349 4569.14
220.673 4895.57
230.409 4567.38
240.575 5334
251.189 4087.77
262.271 4592.65
273.842 3319.72
285.924 5211.53
298.538 3487.95
311.709 4537.32
325.462 3107.65
339.821 2892.13
354.813 3057.31
370.467 2572.13
386.812 2619.41
403.878 2282.45
421.697 1996.28
440.301 1609.52
459.727 1305.82
480.01 1446.54
501.187 762.451
523.299 423.752
546.387 494.822
570.493 295.026
595.662 471.612
621.942 144.397
649.382 326.404
678.032 334.095
707.946 148.152
739.18 106.313
771.792 204.022
805.842 0
841.395 0
878.517 100.225
917.276 0
957.745 80.6673
1000 0
