# First line is two numbers 
#     First value is '2', it means 'histogram mode'
#     Second value is 'Emin' of the histogram
# Other lines : 2 columns. 1) energy 2) probability (nb divided by NbEvent)
# Number of bins = 480
# Content below the first bin: 0
# Content above the last  bin: 1
# Content above the last  bin: 1
# Number of events: 209000
2 1e-06
1.04412e-06 0
1.09018e-06 0
1.13828e-06 0
1.1885e-06 0
1.24094e-06 0
1.29569e-06 0
1.35285e-06 0
1.41254e-06 0
1.47486e-06 0
1.53993e-06 0
1.60787e-06 0
1.6788e-06 0
1.75287e-06 0
1.83021e-06 0
1.91095e-06 0
1.99526e-06 0
2.08329e-06 0
2.1752e-06 0
2.27117e-06 0
2.37137e-06 0
2.476e-06 0
2.58523e-06 0
2.69929e-06 0
2.81838e-06 0
2.94273e-06 0
3.07256e-06 0
3.20812e-06 0
3.34965e-06 0
3.49744e-06 0
3.65174e-06 0
3.81285e-06 0
3.98107e-06 0
4.15671e-06 0
4.3401e-06 0
4.53158e-06 0
4.73151e-06 0
4.94026e-06 0
5.15822e-06 0
5.3858e-06 0
5.62341e-06 0
5.87151e-06 0
6.13056e-06 0
6.40103e-06 0
6.68344e-06 0
6.97831e-06 0
7.28618e-06 0
7.60764e-06 0
7.94328e-06 0
8.29373e-06 0
8.65964e-06 0
9.0417e-06 0
9.44061e-06 0
9.85712e-06 0
1.0292e-05 0
1.07461e-05 0
1.12202e-05 0
1.17152e-05 0
1.22321e-05 0
1.27717e-05 0
1.33352e-05 0
1.39236e-05 0
1.45378e-05 0
1.51792e-05 0
1.58489e-05 0
1.65482e-05 0
1.72783e-05 0
1.80406e-05 0
1.88365e-05 0
1.96675e-05 0
2.05353e-05 0
2.14412e-05 0
2.23872e-05 0
2.33749e-05 0
2.44062e-05 0
2.5483e-05 0
2.66073e-05 0
2.77811e-05 0
2.90068e-05 0
3.02866e-05 0
3.16228e-05 0
3.30179e-05 0
3.44747e-05 0
3.59956e-05 0
3.75837e-05 0
3.92419e-05 0
4.09732e-05 0
4.27809e-05 0
4.46684e-05 0
4.66391e-05 0
4.86968e-05 0
5.08452e-05 0
5.30884e-05 0
5.54307e-05 0
5.78762e-05 0
6.04296e-05 0
6.30957e-05 0
6.58795e-05 0
6.8786e-05 0
7.18208e-05 0
7.49894e-05 0
7.82979e-05 0
8.17523e-05 0
8.53591e-05 0
8.91251e-05 0
9.30572e-05 0
9.71628e-05 0
0.00010145 0
0.000105925 0
0.000110599 0
0.000115478 0
0.000120573 0
0.000125893 1
0.000131447 0
0.000137246 0
0.000143301 0
0.000149624 0
0.000156225 0
0.000163117 0
0.000170314 0
0.000177828 0
0.000185674 0
0.000193865 0
0.000202418 0
0.000211349 0
0.000220673 0
0.000230409 0
0.000240575 0
0.000251189 0
0.000262271 0
0.000273842 0
0.000285924 0
0.000298538 0
0.000311709 0
0.000325462 0
0.000339821 0
0.000354813 0
0.000370467 0
0.000386812 0
0.000403878 0
0.000421697 0
0.000440301 0
0.000459727 0
0.00048001 0
0.000501187 0
0.000523299 0
0.000546387 0
0.000570493 0
0.000595662 0
0.000621942 0
0.000649382 0
0.000678032 0
0.000707946 0
0.00073918 0
0.000771792 0
0.000805842 0
0.000841395 0
0.000878517 0
0.000917276 0
0.000957745 0
0.001 1
0.00104412 1
0.00109018 0
0.00113828 0
0.0011885 0
0.00124094 1
0.00129569 1
0.00135285 0
0.00141254 0
0.00147486 0
0.00153993 0
0.00160787 1
0.0016788 0
0.00175287 2
0.00183021 0
0.00191095 0
0.00199526 0
0.00208329 0
0.0021752 0
0.00227117 0
0.00237137 0
0.002476 1
0.00258523 0
0.00269929 0
0.00281838 0
0.00294273 1
0.00307256 0
0.00320812 0
0.00334965 1
0.00349744 1
0.00365174 1
0.00381285 3
0.00398107 2
0.00415671 3
0.0043401 1
0.00453158 0
0.00473151 0
0.00494026 2
0.00515822 4
0.0053858 0
0.00562341 2
0.00587151 1
0.00613056 5
0.00640103 5
0.00668344 1
0.00697831 3
0.00728618 7
0.00760764 3
0.00794328 1
0.00829373 2
0.00865964 7
0.0090417 9
0.00944061 4
0.00985712 9
0.010292 7
0.0107461 8
0.0112202 7
0.0117152 7
0.0122321 9
0.0127717 9
0.0133352 10
0.0139236 15
0.0145378 13
0.0151792 11
0.0158489 15
0.0165482 11
0.0172783 13
0.0180406 9
0.0188365 20
0.0196675 11
0.0205353 17
0.0214412 15
0.0223872 20
0.0233749 23
0.0244062 31
0.025483 34
0.0266073 19
0.0277811 32
0.0290068 38
0.0302866 31
0.0316228 44
0.0330179 38
0.0344747 41
0.0359956 57
0.0375837 53
0.0392419 47
0.0409732 73
0.0427809 59
0.0446684 70
0.0466391 70
0.0486968 84
0.0508452 78
0.0530884 68
0.0554307 88
0.0578762 85
0.0604296 99
0.0630957 97
0.0658795 124
0.068786 115
0.0718208 112
0.0749894 113
0.0782979 131
0.0817523 133
0.0853591 140
0.0891251 148
0.0930572 148
0.0971628 128
0.10145 144
0.105925 168
0.110599 158
0.115478 173
0.120573 191
0.125893 180
0.131447 179
0.137246 227
0.143301 161
0.149624 193
0.156225 187
0.163117 213
0.170314 181
0.177828 201
0.185674 228
0.193865 201
0.202418 196
0.211349 205
0.220673 245
0.230409 232
0.240575 234
0.251189 252
0.262271 227
0.273842 225
0.285924 222
0.298538 259
0.311709 219
0.325462 251
0.339821 237
0.354813 222
0.370467 249
0.386812 276
0.403878 222
0.421697 246
0.440301 241
0.459727 221
0.48001 248
0.501187 273
0.523299 262
0.546387 243
0.570493 237
0.595662 257
0.621942 221
0.649382 267
0.678032 247
0.707946 234
0.73918 208
0.771792 230
0.805842 201
0.841395 204
0.878517 194
0.917276 179
0.957745 172
1 151
1.04412 142
1.09018 139
1.13828 153
1.1885 123
1.24094 126
1.29569 90
1.35285 127
1.41254 107
1.47486 90
1.53993 93
1.60787 98
1.6788 78
1.75287 77
1.83021 74
1.91095 78
1.99526 64
2.08329 81
2.1752 76
2.27117 64
2.37137 68
2.476 73
2.58523 52
2.69929 60
2.81838 61
2.94273 45
3.07256 52
3.20812 47
3.34965 57
3.49744 55
3.65174 55
3.81285 45
3.98107 42
4.15671 58
4.3401 44
4.53158 49
4.73151 41
4.94026 40
5.15822 26
5.3858 35
5.62341 33
5.87151 37
6.13056 18
6.40103 29
6.68344 30
6.97831 35
7.28618 30
7.60764 26
7.94328 41
8.29373 35
8.65964 31
9.0417 34
9.44061 27
9.85712 23
10.292 23
10.7461 20
11.2202 19
11.7152 17
12.2321 16
12.7717 27
13.3352 27
13.9236 20
14.5378 13
15.1792 23
15.8489 24
16.5482 34
17.2783 17
18.0406 25
18.8365 26
19.6675 20
20.5353 28
21.4412 23
22.3872 19
23.3749 24
24.4062 28
25.483 26
26.6073 27
27.7811 31
29.0068 31
30.2866 34
31.6228 25
33.0179 28
34.4747 32
35.9956 24
37.5837 28
39.2419 35
40.9732 34
42.7809 34
44.6684 30
46.6391 33
48.6968 26
50.8452 33
53.0884 40
55.4307 38
57.8762 38
60.4296 40
63.0957 37
65.8795 45
68.786 40
71.8208 34
74.9894 43
78.2979 47
81.7523 42
85.3591 54
89.1251 51
93.0572 42
97.1628 50
101.45 54
105.925 55
110.599 44
115.478 48
120.573 52
125.893 56
131.447 62
137.246 64
143.301 44
149.624 41
156.225 64
163.117 53
170.314 58
177.828 58
185.674 55
193.865 63
202.418 56
211.349 59
220.673 56
230.409 63
240.575 56
251.189 49
262.271 51
273.842 55
285.924 54
298.538 56
311.709 59
325.462 51
339.821 50
354.813 54
370.467 31
386.812 32
403.878 38
421.697 32
440.301 22
459.727 19
480.01 20
501.187 15
523.299 7
546.387 6
570.493 9
595.662 3
621.942 0
649.382 2
678.032 6
707.946 3
739.18 4
771.792 1
805.842 2
841.395 2
878.517 1
917.276 0
957.745 0
1000 1
