# First line is two numbers 
#     First value is '2', it means 'histogram mode'
#     Second value is 'Emin' of the histogram
# Other lines : 2 columns. 1) energy 2) probability (nb divided by NbEvent)
# Number of bins = 480
# Content below the first bin: 0
# Content above the last  bin: 0
# Content above the last  bin: 0
# Number of events: 209000
2 1e-06
1.04412e-06 0
1.09018e-06 0
1.13828e-06 0
1.1885e-06 0
1.24094e-06 0
1.29569e-06 0
1.35285e-06 0
1.41254e-06 0
1.47486e-06 0
1.53993e-06 0
1.60787e-06 0
1.6788e-06 0
1.75287e-06 0
1.83021e-06 0
1.91095e-06 0
1.99526e-06 0
2.08329e-06 0
2.1752e-06 0
2.27117e-06 0
2.37137e-06 0
2.476e-06 0
2.58523e-06 0
2.69929e-06 0
2.81838e-06 0
2.94273e-06 0
3.07256e-06 0
3.20812e-06 0
3.34965e-06 0
3.49744e-06 0
3.65174e-06 0
3.81285e-06 0
3.98107e-06 0
4.15671e-06 0
4.3401e-06 0
4.53158e-06 0
4.73151e-06 0
4.94026e-06 0
5.15822e-06 0
5.3858e-06 0
5.62341e-06 0
5.87151e-06 0
6.13056e-06 0
6.40103e-06 0
6.68344e-06 0
6.97831e-06 0
7.28618e-06 0
7.60764e-06 0
7.94328e-06 0
8.29373e-06 0
8.65964e-06 0
9.0417e-06 0
9.44061e-06 0
9.85712e-06 0
1.0292e-05 0
1.07461e-05 0
1.12202e-05 0
1.17152e-05 0
1.22321e-05 0
1.27717e-05 0
1.33352e-05 0
1.39236e-05 0
1.45378e-05 0
1.51792e-05 0
1.58489e-05 0
1.65482e-05 0
1.72783e-05 0
1.80406e-05 0
1.88365e-05 0
1.96675e-05 0
2.05353e-05 0
2.14412e-05 0
2.23872e-05 0
2.33749e-05 0
2.44062e-05 0
2.5483e-05 0
2.66073e-05 0
2.77811e-05 0
2.90068e-05 0
3.02866e-05 0
3.16228e-05 0
3.30179e-05 0
3.44747e-05 0
3.59956e-05 0
3.75837e-05 0
3.92419e-05 0
4.09732e-05 0
4.27809e-05 0
4.46684e-05 0
4.66391e-05 0
4.86968e-05 0
5.08452e-05 0
5.30884e-05 0
5.54307e-05 0
5.78762e-05 0
6.04296e-05 0
6.30957e-05 0
6.58795e-05 0
6.8786e-05 0
7.18208e-05 0
7.49894e-05 0
7.82979e-05 0
8.17523e-05 0
8.53591e-05 0
8.91251e-05 0
9.30572e-05 0
9.71628e-05 0
0.00010145 0
0.000105925 0
0.000110599 0
0.000115478 0
0.000120573 0
0.000125893 0
0.000131447 0
0.000137246 0
0.000143301 0
0.000149624 0
0.000156225 0
0.000163117 0
0.000170314 0
0.000177828 0
0.000185674 0
0.000193865 0
0.000202418 0
0.000211349 0
0.000220673 0
0.000230409 0
0.000240575 0
0.000251189 0
0.000262271 0
0.000273842 100.166
0.000285924 0
0.000298538 0
0.000311709 0
0.000325462 0
0.000339821 0
0.000354813 0
0.000370467 0
0.000386812 0
0.000403878 0
0.000421697 0
0.000440301 0
0.000459727 0
0.00048001 0
0.000501187 0
0.000523299 0
0.000546387 0
0.000570493 0
0.000595662 0
0.000621942 0
0.000649382 0
0.000678032 0
0.000707946 0
0.00073918 0
0.000771792 0
0.000805842 0
0.000841395 0
0.000878517 0
0.000917276 0
0.000957745 48.0489
0.001 0
0.00104412 0
0.00109018 0
0.00113828 0
0.0011885 0
0.00124094 0
0.00129569 51.3072
0.00135285 0
0.00141254 0
0.00147486 0
0.00153993 0
0.00160787 0
0.0016788 49.9608
0.00175287 0
0.00183021 0
0.00191095 0
0.00199526 0
0.00208329 0
0.0021752 0
0.00227117 0
0.00237137 0
0.002476 0
0.00258523 0
0.00269929 0
0.00281838 0
0.00294273 0
0.00307256 0
0.00320812 0
0.00334965 119.506
0.00349744 101.101
0.00365174 0
0.00381285 0
0.00398107 0
0.00415671 0
0.0043401 0
0.00453158 0
0.00473151 142.277
0.00494026 118.413
0.00515822 0
0.0053858 96.7524
0.00562341 0
0.00587151 0
0.00613056 164.29
0.00640103 46.3043
0.00668344 89.1467
0.00697831 0
0.00728618 135.008
0.00760764 234.801
0.00794328 377.134
0.00829373 100.42
0.00865964 396.61
0.0090417 439.112
0.00944061 210.531
0.00985712 0
0.010292 74.4461
0.0107461 180.587
0.0112202 105.096
0.0117152 150.728
0.0122321 0
0.0127717 248.324
0.0133352 75.0221
0.0139236 443.205
0.0145378 124.904
0.0151792 318.676
0.0158489 376.494
0.0165482 179.969
0.0172783 744.025
0.0180406 580.822
0.0188365 829.863
0.0196675 513.731
0.0205353 563.321
0.0214412 625.58
0.0223872 255.315
0.0233749 699.398
0.0244062 402.909
0.025483 805.214
0.0266073 663.83
0.0277811 880.366
0.0290068 692.98
0.0302866 1516.67
0.0316228 423.787
0.0330179 1123.87
0.0344747 1457.97
0.0359956 1459.35
0.0375837 1416.59
0.0392419 1737.55
0.0409732 1984.7
0.0427809 1446.73
0.0446684 1742.99
0.0466391 1677.47
0.0486968 2283.47
0.0508452 911.078
0.0530884 1645.38
0.0554307 1771.91
0.0578762 2744.35
0.0604296 1543.31
0.0630957 2483.35
0.0658795 2755.56
0.068786 3680.75
0.0718208 3513.96
0.0749894 3692.12
0.0782979 3586.84
0.0817523 4063.2
0.0853591 3282.49
0.0891251 3801.25
0.0930572 3535.28
0.0971628 3934.04
0.10145 3807.8
0.105925 3284.09
0.110599 5400.37
0.115478 4386.82
0.120573 4910.83
0.125893 4689.13
0.131447 5804.44
0.137246 4404.53
0.143301 5069.04
0.149624 5130.66
0.156225 5170.43
0.163117 5498.47
0.170314 5201.17
0.177828 6884.19
0.185674 5949.21
0.193865 6901.28
0.202418 6618.3
0.211349 5925.79
0.220673 5804.41
0.230409 6456.14
0.240575 6221.07
0.251189 5834.62
0.262271 6380.87
0.273842 7640.94
0.285924 6280.78
0.298538 8729.88
0.311709 5753.69
0.325462 6982.65
0.339821 7242.59
0.354813 5535.26
0.370467 7478.93
0.386812 7277
0.403878 6247.26
0.421697 7040.43
0.440301 6485.95
0.459727 6212.62
0.48001 5577.1
0.501187 6829.81
0.523299 6873.18
0.546387 5764.19
0.570493 7272.7
0.595662 5791.19
0.621942 5568.37
0.649382 5978.77
0.678032 5475.41
0.707946 4976.71
0.73918 5520.29
0.771792 6085.32
0.805842 5499.44
0.841395 4445.17
0.878517 5970.84
0.917276 4991.19
0.957745 3941.51
1 4972.31
1.04412 4497
1.09018 3863.59
1.13828 3498.83
1.1885 2383.99
1.24094 2959.2
1.29569 3211.23
1.35285 2257.76
1.41254 2578.12
1.47486 2895.71
1.53993 1866.37
1.60787 3371.17
1.6788 3139.5
1.75287 2120.1
1.83021 2368.8
1.91095 1449.81
1.99526 2380.37
2.08329 1324.49
2.1752 916.353
2.27117 1726.29
2.37137 1746.04
2.476 1223.13
2.58523 1481.28
2.69929 2297.68
2.81838 1825.58
2.94273 1555.85
3.07256 1139.7
3.20812 1319.81
3.34965 780.543
3.49744 1330.94
3.65174 1297.19
3.81285 982.18
3.98107 1025.84
4.15671 978.036
4.3401 713.967
4.53158 1088.35
4.73151 599.914
4.94026 715.048
5.15822 1272.62
5.3858 827.79
5.62341 1054.89
5.87151 1225.13
6.13056 1583.74
6.40103 936.333
6.68344 415.396
6.97831 662.871
7.28618 615.116
7.60764 567.005
7.94328 540.973
8.29373 619.558
8.65964 388.521
9.0417 700.637
9.44061 398.089
9.85712 651.308
10.292 521.132
10.7461 682.804
11.2202 468.931
11.7152 737.748
12.2321 513.169
12.7717 450.724
13.3352 352.722
13.9236 702.667
14.5378 916.03
15.1792 470.192
15.8489 62.5882
16.5482 809.289
17.2783 651.812
18.0406 472.356
18.8365 815.237
19.6675 535.208
20.5353 603.543
21.4412 688.182
22.3872 467.243
23.3749 749.566
24.4062 523.919
25.483 101.129
26.6073 626.389
27.7811 1064.96
29.0068 549.928
30.2866 363.163
31.6228 734.283
33.0179 1529.53
34.4747 1025.36
35.9956 841.06
37.5837 464.668
39.2419 904.934
40.9732 732.822
42.7809 1163.48
44.6684 911.895
46.6391 643.25
48.6968 804.249
50.8452 729.937
53.0884 697.51
55.4307 1547.01
57.8762 1243.59
60.4296 1254.84
63.0957 885.99
65.8795 980.678
68.786 973.237
71.8208 1147.73
74.9894 1526.45
78.2979 1957.69
81.7523 1135.32
85.3591 1268.04
89.1251 1457.78
93.0572 1532.37
97.1628 1698.43
101.45 1047.25
105.925 1557.55
110.599 1333.98
115.478 1563.17
120.573 1673.85
125.893 1286.58
131.447 2158.77
137.246 1934.53
143.301 1140.68
149.624 1415.51
156.225 1536.61
163.117 2818.9
170.314 2431.1
177.828 2056.33
185.674 2140.85
193.865 2552.98
202.418 2381.55
211.349 2960.9
220.673 2521.31
230.409 3041.83
240.575 2881.96
251.189 3851.77
262.271 3207.74
273.842 2724.07
285.924 4220.16
298.538 3623.3
311.709 3092.68
325.462 3900.01
339.821 3849.02
354.813 4141.06
370.467 3409.29
386.812 2819.84
403.878 2244.97
421.697 1427.13
440.301 1279
459.727 336.197
480.01 925.09
501.187 272.633
523.299 431.866
546.387 618.587
570.493 202.729
595.662 0
621.942 30.8593
649.382 374.946
678.032 103.393
707.946 188.359
739.18 141.095
771.792 101.883
805.842 0
841.395 176.835
878.517 0
917.276 97.3711
957.745 0
1000 0
