# First line is two numbers 
#     First value is '2', it means 'histogram mode'
#     Second value is 'Emin' of the histogram
# Other lines : 2 columns. 1) energy 2) probability (nb divided by NbEvent)
# Number of bins = 480
# Content below the first bin: 0
# Content above the last  bin: 181.147
# Content above the last  bin: 181.147
# Number of events: 209000
2 1e-06
1.04412e-06 0
1.09018e-06 0
1.13828e-06 0
1.1885e-06 0
1.24094e-06 0
1.29569e-06 0
1.35285e-06 0
1.41254e-06 0
1.47486e-06 0
1.53993e-06 0
1.60787e-06 0
1.6788e-06 0
1.75287e-06 0
1.83021e-06 0
1.91095e-06 0
1.99526e-06 0
2.08329e-06 0
2.1752e-06 0
2.27117e-06 0
2.37137e-06 0
2.476e-06 0
2.58523e-06 0
2.69929e-06 0
2.81838e-06 0
2.94273e-06 0
3.07256e-06 0
3.20812e-06 0
3.34965e-06 0
3.49744e-06 0
3.65174e-06 0
3.81285e-06 0
3.98107e-06 0
4.15671e-06 0
4.3401e-06 0
4.53158e-06 0
4.73151e-06 0
4.94026e-06 0
5.15822e-06 0
5.3858e-06 0
5.62341e-06 0
5.87151e-06 0
6.13056e-06 0
6.40103e-06 0
6.68344e-06 0
6.97831e-06 0
7.28618e-06 0
7.60764e-06 0
7.94328e-06 0
8.29373e-06 0
8.65964e-06 0
9.0417e-06 0
9.44061e-06 0
9.85712e-06 0
1.0292e-05 0
1.07461e-05 0
1.12202e-05 0
1.17152e-05 0
1.22321e-05 0
1.27717e-05 0
1.33352e-05 0
1.39236e-05 0
1.45378e-05 0
1.51792e-05 0
1.58489e-05 0
1.65482e-05 0
1.72783e-05 0
1.80406e-05 0
1.88365e-05 0
1.96675e-05 0
2.05353e-05 0
2.14412e-05 0
2.23872e-05 0
2.33749e-05 0
2.44062e-05 0
2.5483e-05 0
2.66073e-05 0
2.77811e-05 0
2.90068e-05 0
3.02866e-05 0
3.16228e-05 0
3.30179e-05 0
3.44747e-05 0
3.59956e-05 0
3.75837e-05 0
3.92419e-05 0
4.09732e-05 0
4.27809e-05 0
4.46684e-05 0
4.66391e-05 0
4.86968e-05 0
5.08452e-05 0
5.30884e-05 0
5.54307e-05 0
5.78762e-05 0
6.04296e-05 0
6.30957e-05 0
6.58795e-05 0
6.8786e-05 0
7.18208e-05 0
7.49894e-05 0
7.82979e-05 0
8.17523e-05 0
8.53591e-05 0
8.91251e-05 0
9.30572e-05 0
9.71628e-05 0
0.00010145 0
0.000105925 0
0.000110599 0
0.000115478 0
0.000120573 0
0.000125893 0
0.000131447 0
0.000137246 0
0.000143301 0
0.000149624 0
0.000156225 0
0.000163117 0
0.000170314 0
0.000177828 0
0.000185674 0
0.000193865 0
0.000202418 0
0.000211349 0
0.000220673 0
0.000230409 0
0.000240575 0
0.000251189 0
0.000262271 0
0.000273842 0
0.000285924 0
0.000298538 0
0.000311709 0
0.000325462 0
0.000339821 0
0.000354813 0
0.000370467 0
0.000386812 0
0.000403878 0
0.000421697 0
0.000440301 0
0.000459727 0
0.00048001 0
0.000501187 0
0.000523299 0
0.000546387 0
0.000570493 0
0.000595662 0
0.000621942 0
0.000649382 0
0.000678032 0
0.000707946 0
0.00073918 0
0.000771792 0
0.000805842 0
0.000841395 0
0.000878517 0
0.000917276 0
0.000957745 0
0.001 0
0.00104412 0
0.00109018 0
0.00113828 0
0.0011885 0
0.00124094 0
0.00129569 0
0.00135285 0
0.00141254 0
0.00147486 0
0.00153993 0
0.00160787 0
0.0016788 0
0.00175287 0
0.00183021 0
0.00191095 0
0.00199526 111.794
0.00208329 0
0.0021752 0
0.00227117 0
0.00237137 0
0.002476 100.125
0.00258523 0
0.00269929 0
0.00281838 0
0.00294273 108.721
0.00307256 113.774
0.00320812 0
0.00334965 85.9502
0.00349744 35.1602
0.00365174 114.492
0.00381285 0
0.00398107 0
0.00415671 0
0.0043401 68.9506
0.00453158 0
0.00473151 0
0.00494026 0
0.00515822 0
0.0053858 0
0.00562341 54.9506
0.00587151 81.1522
0.00613056 0
0.00640103 0
0.00668344 74.8818
0.00697831 79.0264
0.00728618 115.541
0.00760764 167.658
0.00794328 110.581
0.00829373 0
0.00865964 279.433
0.0090417 98.9102
0.00944061 180.617
0.00985712 165.644
0.010292 366.967
0.0107461 114.564
0.0112202 77.4955
0.0117152 400.813
0.0122321 194.859
0.0127717 284.31
0.0133352 153.839
0.0139236 155.358
0.0145378 362.319
0.0151792 123.03
0.0158489 377.351
0.0165482 53.9869
0.0172783 664.316
0.0180406 150.904
0.0188365 100.813
0.0196675 538.544
0.0205353 290.298
0.0214412 685.9
0.0223872 439.873
0.0233749 1110.72
0.0244062 882.229
0.025483 693.486
0.0266073 905.145
0.0277811 1027.72
0.0290068 1211.63
0.0302866 586.542
0.0316228 834.535
0.0330179 724.239
0.0344747 1338.05
0.0359956 1560.81
0.0375837 1188.55
0.0392419 682.808
0.0409732 1511.14
0.0427809 1836.96
0.0446684 1871.88
0.0466391 1714.94
0.0486968 1652.92
0.0508452 2574.93
0.0530884 1588.94
0.0554307 2360.91
0.0578762 1848.99
0.0604296 1924.35
0.0630957 2396.73
0.0658795 2745.21
0.068786 3472.45
0.0718208 2646.67
0.0749894 2910.68
0.0782979 2830.37
0.0817523 3257.18
0.0853591 3958.02
0.0891251 2920.09
0.0930572 5169.03
0.0971628 3934.73
0.10145 4286.9
0.105925 4160.07
0.110599 4356.84
0.115478 4635.88
0.120573 4340.5
0.125893 6275.32
0.131447 5293.73
0.137246 4898.72
0.143301 5361.93
0.149624 4431.32
0.156225 3871.68
0.163117 5091.75
0.170314 5010.84
0.177828 6575.34
0.185674 6335.15
0.193865 4722.91
0.202418 5655.31
0.211349 6263.44
0.220673 5951.97
0.230409 6368.55
0.240575 6814.39
0.251189 5497.45
0.262271 7064.88
0.273842 7000.8
0.285924 6524.82
0.298538 6035.49
0.311709 6849.85
0.325462 6078.69
0.339821 7282.17
0.354813 6449.13
0.370467 7998.79
0.386812 6496.59
0.403878 6639.45
0.421697 6445.78
0.440301 6325.71
0.459727 5548.22
0.48001 6715.05
0.501187 6869.13
0.523299 6709.6
0.546387 6315.16
0.570493 7178.87
0.595662 6833.74
0.621942 7426.44
0.649382 4875.8
0.678032 6473.83
0.707946 4848.12
0.73918 5334.41
0.771792 5876.93
0.805842 6924.13
0.841395 3946.99
0.878517 5568.18
0.917276 3309.6
0.957745 4673.02
1 3943.3
1.04412 4029.06
1.09018 4670.76
1.13828 3955.4
1.1885 3923.49
1.24094 2895.82
1.29569 2858.01
1.35285 2651.15
1.41254 3553.09
1.47486 2486.48
1.53993 2928.62
1.60787 2581.79
1.6788 2104.31
1.75287 2237.73
1.83021 1922.89
1.91095 1499.78
1.99526 1486.58
2.08329 1958.21
2.1752 1570.36
2.27117 1749.37
2.37137 1335.56
2.476 1198.69
2.58523 1151.37
2.69929 1672.69
2.81838 941.177
2.94273 1254.9
3.07256 1358.72
3.20812 1501.91
3.34965 1396.5
3.49744 916.238
3.65174 754.291
3.81285 1715.21
3.98107 1252.9
4.15671 1518.9
4.3401 1426.3
4.53158 1878.67
4.73151 1358.65
4.94026 917.287
5.15822 1060.71
5.3858 529.469
5.62341 1250.45
5.87151 826.386
6.13056 707.571
6.40103 1494.26
6.68344 542.577
6.97831 866.85
7.28618 595.899
7.60764 544.521
7.94328 548.087
8.29373 1003.04
8.65964 708.399
9.0417 519.519
9.44061 786.169
9.85712 798.027
10.292 358.444
10.7461 502.205
11.2202 448.55
11.7152 321.347
12.2321 909.755
12.7717 517.972
13.3352 424.732
13.9236 548.392
14.5378 727.419
15.1792 478.175
15.8489 535.279
16.5482 370.006
17.2783 526.088
18.0406 1147.99
18.8365 815.123
19.6675 1025.62
20.5353 333.442
21.4412 374.753
22.3872 791.724
23.3749 782.653
24.4062 933.87
25.483 899.455
26.6073 653.667
27.7811 286.43
29.0068 903.58
30.2866 766.087
31.6228 873.961
33.0179 700.515
34.4747 625.109
35.9956 825.322
37.5837 1559.88
39.2419 775.88
40.9732 642.413
42.7809 1051.1
44.6684 1096.25
46.6391 1122.19
48.6968 1052.5
50.8452 1255.12
53.0884 1083.59
55.4307 1103.03
57.8762 859.56
60.4296 681.409
63.0957 1743.67
65.8795 1169.6
68.786 1248.42
71.8208 1082.49
74.9894 648.959
78.2979 1272.39
81.7523 1282.5
85.3591 739.022
89.1251 1738.05
93.0572 1130.33
97.1628 1302.88
101.45 1319.66
105.925 1857.43
110.599 1709.89
115.478 1128.9
120.573 1382.84
125.893 1405.56
131.447 1391.62
137.246 1708.08
143.301 2087.62
149.624 1444.12
156.225 2458.72
163.117 1848.31
170.314 2509.08
177.828 2032.49
185.674 1547.46
193.865 1798.67
202.418 2227.08
211.349 2934.15
220.673 2598.91
230.409 2109.06
240.575 3560.63
251.189 2954.58
262.271 3619.04
273.842 3285.83
285.924 3666.13
298.538 3192.36
311.709 4113.84
325.462 3943.7
339.821 3716.8
354.813 4870.17
370.467 3385.38
386.812 2621.85
403.878 2112.14
421.697 1060.55
440.301 1287.09
459.727 1012.15
480.01 446.059
501.187 317.54
523.299 302.065
546.387 127.659
570.493 220.674
595.662 140.621
621.942 230.195
649.382 204.584
678.032 130.852
707.946 219.277
739.18 0
771.792 95.3034
805.842 0
841.395 0
878.517 0
917.276 0
957.745 0
1000 0
