# First line is two numbers 
#     First value is '2', it means 'histogram mode'
#     Second value is 'Emin' of the histogram
# Other lines : 2 columns. 1) energy 2) probability (nb divided by NbEvent)
# Number of bins = 480
# Content below the first bin: 0
# Content above the last  bin: 0
# Content above the last  bin: 0
# Number of events: 209000
2 1e-06
1.04412e-06 0
1.09018e-06 0
1.13828e-06 0
1.1885e-06 0
1.24094e-06 0
1.29569e-06 0
1.35285e-06 0
1.41254e-06 0
1.47486e-06 0
1.53993e-06 0
1.60787e-06 0
1.6788e-06 0
1.75287e-06 0
1.83021e-06 0
1.91095e-06 0
1.99526e-06 0
2.08329e-06 0
2.1752e-06 0
2.27117e-06 0
2.37137e-06 0
2.476e-06 0
2.58523e-06 0
2.69929e-06 0
2.81838e-06 0
2.94273e-06 0
3.07256e-06 0
3.20812e-06 0
3.34965e-06 0
3.49744e-06 0
3.65174e-06 0
3.81285e-06 0
3.98107e-06 0
4.15671e-06 0
4.3401e-06 0
4.53158e-06 0
4.73151e-06 0
4.94026e-06 0
5.15822e-06 0
5.3858e-06 0
5.62341e-06 0
5.87151e-06 0
6.13056e-06 0
6.40103e-06 0
6.68344e-06 0
6.97831e-06 0
7.28618e-06 0
7.60764e-06 0
7.94328e-06 0
8.29373e-06 0
8.65964e-06 0
9.0417e-06 0
9.44061e-06 0
9.85712e-06 0
1.0292e-05 0
1.07461e-05 0
1.12202e-05 0
1.17152e-05 0
1.22321e-05 0
1.27717e-05 0
1.33352e-05 0
1.39236e-05 0
1.45378e-05 0
1.51792e-05 0
1.58489e-05 0
1.65482e-05 0
1.72783e-05 0
1.80406e-05 0
1.88365e-05 0
1.96675e-05 0
2.05353e-05 0
2.14412e-05 0
2.23872e-05 0
2.33749e-05 0
2.44062e-05 0
2.5483e-05 0
2.66073e-05 0
2.77811e-05 0
2.90068e-05 0
3.02866e-05 0
3.16228e-05 0
3.30179e-05 0
3.44747e-05 0
3.59956e-05 0
3.75837e-05 0
3.92419e-05 0
4.09732e-05 0
4.27809e-05 0
4.46684e-05 0
4.66391e-05 0
4.86968e-05 0
5.08452e-05 0
5.30884e-05 0
5.54307e-05 0
5.78762e-05 0
6.04296e-05 0
6.30957e-05 0
6.58795e-05 0
6.8786e-05 0
7.18208e-05 0
7.49894e-05 0
7.82979e-05 0
8.17523e-05 0
8.53591e-05 0
8.91251e-05 0
9.30572e-05 0
9.71628e-05 0
0.00010145 0
0.000105925 0
0.000110599 0
0.000115478 0
0.000120573 0
0.000125893 0
0.000131447 0
0.000137246 0
0.000143301 0
0.000149624 0
0.000156225 0
0.000163117 0
0.000170314 0
0.000177828 0
0.000185674 0
0.000193865 0
0.000202418 0
0.000211349 0
0.000220673 0
0.000230409 0
0.000240575 0
0.000251189 0
0.000262271 0
0.000273842 0
0.000285924 0
0.000298538 0
0.000311709 0
0.000325462 0
0.000339821 0
0.000354813 0
0.000370467 0
0.000386812 0
0.000403878 0
0.000421697 0
0.000440301 0
0.000459727 94.8688
0.00048001 0
0.000501187 0
0.000523299 0
0.000546387 0
0.000570493 0
0.000595662 0
0.000621942 0
0.000649382 0
0.000678032 0
0.000707946 0
0.00073918 0
0.000771792 0
0.000805842 0
0.000841395 0
0.000878517 0
0.000917276 0
0.000957745 118.586
0.001 0
0.00104412 0
0.00109018 0
0.00113828 0
0.0011885 0
0.00124094 0
0.00129569 0
0.00135285 0
0.00141254 0
0.00147486 0
0.00153993 74.221
0.00160787 32.0284
0.0016788 0
0.00175287 77.2196
0.00183021 0
0.00191095 0
0.00199526 0
0.00208329 0
0.0021752 0
0.00227117 0
0.00237137 0
0.002476 102.375
0.00258523 52.8805
0.00269929 0
0.00281838 0
0.00294273 135.722
0.00307256 0
0.00320812 116.049
0.00334965 0
0.00349744 0
0.00365174 37.8301
0.00381285 72.4563
0.00398107 83.2865
0.00415671 0
0.0043401 142.986
0.00453158 0
0.00473151 0
0.00494026 112.245
0.00515822 0
0.0053858 0
0.00562341 0
0.00587151 149.014
0.00613056 0
0.00640103 158.961
0.00668344 9.84044
0.00697831 42.999
0.00728618 353.87
0.00760764 232.776
0.00794328 227.763
0.00829373 49.2688
0.00865964 409.59
0.0090417 119.545
0.00944061 97.2238
0.00985712 298.376
0.010292 126.454
0.0107461 152.534
0.0112202 379.659
0.0117152 289.673
0.0122321 500.441
0.0127717 380.868
0.0133352 327.021
0.0139236 596.204
0.0145378 408.644
0.0151792 666.933
0.0158489 410.3
0.0165482 1120.43
0.0172783 334.888
0.0180406 438.82
0.0188365 481.358
0.0196675 985.786
0.0205353 1166.62
0.0214412 450.568
0.0223872 1085.95
0.0233749 866.585
0.0244062 813.285
0.025483 1176.6
0.0266073 961.98
0.0277811 1119.9
0.0290068 1120.28
0.0302866 1373.92
0.0316228 1808.38
0.0330179 2136.99
0.0344747 1930.72
0.0359956 2305.85
0.0375837 2209.58
0.0392419 2644.11
0.0409732 1649.81
0.0427809 2146.09
0.0446684 1825.4
0.0466391 2483.04
0.0486968 2324.93
0.0508452 2639.34
0.0530884 3380.13
0.0554307 3395.36
0.0578762 4153.72
0.0604296 3548.46
0.0630957 4972.68
0.0658795 3748.21
0.068786 5023.08
0.0718208 4152.59
0.0749894 4761.07
0.0782979 4894.83
0.0817523 5180.46
0.0853591 4094.21
0.0891251 3966.98
0.0930572 5488.77
0.0971628 5436.28
0.10145 5863.21
0.105925 5368.08
0.110599 5975.28
0.115478 6483.66
0.120573 8166.63
0.125893 6588.6
0.131447 7420.86
0.137246 6650.14
0.143301 7219.18
0.149624 7874.2
0.156225 9081.05
0.163117 6324.31
0.170314 6958.99
0.177828 7670.74
0.185674 8145.85
0.193865 8184.96
0.202418 6859.85
0.211349 8257.96
0.220673 8969.68
0.230409 9027.98
0.240575 9153.73
0.251189 9957.04
0.262271 7846.84
0.273842 9981.89
0.285924 7807.6
0.298538 9454.37
0.311709 7598.64
0.325462 7567.98
0.339821 9827.77
0.354813 9356.21
0.370467 11094.1
0.386812 8984.66
0.403878 8490.54
0.421697 8602.68
0.440301 9622.1
0.459727 9456.61
0.48001 10340.9
0.501187 9794.97
0.523299 7834.67
0.546387 8583.82
0.570493 8847.66
0.595662 8522.9
0.621942 8788
0.649382 9942.96
0.678032 7588.65
0.707946 7799.11
0.73918 7193.97
0.771792 7966.26
0.805842 8588.23
0.841395 6858.11
0.878517 6692.31
0.917276 7514.04
0.957745 6908.53
1 6620.49
1.04412 5969.05
1.09018 5945.34
1.13828 4459.05
1.1885 4069.28
1.24094 4559.75
1.29569 3820.25
1.35285 4937.17
1.41254 3919.26
1.47486 3056.62
1.53993 2774.98
1.60787 3600.88
1.6788 3148.19
1.75287 3150.15
1.83021 2736.07
1.91095 3106.42
1.99526 1828.23
2.08329 2752.84
2.1752 2776.14
2.27117 2447.17
2.37137 1859.3
2.476 2382.46
2.58523 1501.45
2.69929 1646.99
2.81838 2252.2
2.94273 1800.99
3.07256 2236.6
3.20812 1775.2
3.34965 2646.82
3.49744 1597.68
3.65174 1726.91
3.81285 983.945
3.98107 2534.42
4.15671 1616.54
4.3401 1373.16
4.53158 780.853
4.73151 1607.91
4.94026 1235.32
5.15822 2196.93
5.3858 827.029
5.62341 1454.48
5.87151 1342.05
6.13056 915.597
6.40103 886.408
6.68344 1232.34
6.97831 1440.87
7.28618 1229.87
7.60764 679.543
7.94328 1233.08
8.29373 967.528
8.65964 753.415
9.0417 1138.57
9.44061 1441.12
9.85712 763.194
10.292 1066.35
10.7461 1128.44
11.2202 927.892
11.7152 1126.25
12.2321 1003.54
12.7717 978.367
13.3352 1038.35
13.9236 1294.01
14.5378 607.961
15.1792 689.726
15.8489 741.098
16.5482 1344.13
17.2783 1353.83
18.0406 1054.14
18.8365 807.118
19.6675 806.062
20.5353 401.72
21.4412 796.888
22.3872 1005
23.3749 1233.09
24.4062 1050.71
25.483 1599.51
26.6073 699.881
27.7811 901.696
29.0068 930.68
30.2866 1003.78
31.6228 759.17
33.0179 692.706
34.4747 1030.28
35.9956 1055.48
37.5837 982.837
39.2419 1152.35
40.9732 867.715
42.7809 1120.29
44.6684 553.654
46.6391 1057.82
48.6968 1990.81
50.8452 1427.9
53.0884 1365.67
55.4307 1686.19
57.8762 1665.18
60.4296 1407.26
63.0957 1895.93
65.8795 1365.8
68.786 2051.95
71.8208 1729.37
74.9894 1874.3
78.2979 2085.63
81.7523 2293.76
85.3591 1989.4
89.1251 2003.43
93.0572 2099
97.1628 1965.12
101.45 2221.65
105.925 2405.25
110.599 2488.9
115.478 2633.61
120.573 3229.41
125.893 1932.58
131.447 2825.87
137.246 2996.86
143.301 2741.35
149.624 2511.49
156.225 2902.77
163.117 2655.15
170.314 2762.94
177.828 2085.26
185.674 3055.96
193.865 3520
202.418 3261.32
211.349 3748.36
220.673 3615.2
230.409 3123.55
240.575 4153.06
251.189 3165.06
262.271 3225.97
273.842 4272.27
285.924 3425.4
298.538 3940.62
311.709 3568.08
325.462 3394.24
339.821 2751.2
354.813 1953.22
370.467 2750.49
386.812 2071.5
403.878 1622.15
421.697 1182.13
440.301 991.174
459.727 987.536
480.01 479.392
501.187 881.915
523.299 419.665
546.387 430.488
570.493 376.558
595.662 154.093
621.942 111.739
649.382 212.305
678.032 302.042
707.946 11.5418
739.18 0
771.792 170.884
805.842 0
841.395 0
878.517 0
917.276 0
957.745 0
1000 0
