# First line is two numbers 
#     First value is '2', it means 'histogram mode'
#     Second value is 'Emin' of the histogram
# Other lines : 2 columns. 1) energy 2) probability (nb divided by NbEvent)
# Number of bins = 480
# Content below the first bin: 0
# Content above the last  bin: 0
# Content above the last  bin: 0
# Number of events: 209000
2 1e-06
1.04412e-06 0
1.09018e-06 0
1.13828e-06 0
1.1885e-06 0
1.24094e-06 0
1.29569e-06 0
1.35285e-06 0
1.41254e-06 0
1.47486e-06 0
1.53993e-06 0
1.60787e-06 0
1.6788e-06 0
1.75287e-06 0
1.83021e-06 0
1.91095e-06 0
1.99526e-06 0
2.08329e-06 0
2.1752e-06 0
2.27117e-06 0
2.37137e-06 0
2.476e-06 0
2.58523e-06 0
2.69929e-06 0
2.81838e-06 0
2.94273e-06 0
3.07256e-06 0
3.20812e-06 0
3.34965e-06 0
3.49744e-06 0
3.65174e-06 0
3.81285e-06 0
3.98107e-06 0
4.15671e-06 0
4.3401e-06 0
4.53158e-06 0
4.73151e-06 0
4.94026e-06 0
5.15822e-06 0
5.3858e-06 0
5.62341e-06 0
5.87151e-06 0
6.13056e-06 0
6.40103e-06 0
6.68344e-06 0
6.97831e-06 0
7.28618e-06 0
7.60764e-06 0
7.94328e-06 0
8.29373e-06 0
8.65964e-06 0
9.0417e-06 0
9.44061e-06 0
9.85712e-06 0
1.0292e-05 0
1.07461e-05 0
1.12202e-05 0
1.17152e-05 0
1.22321e-05 0
1.27717e-05 0
1.33352e-05 0
1.39236e-05 0
1.45378e-05 0
1.51792e-05 0
1.58489e-05 0
1.65482e-05 0
1.72783e-05 0
1.80406e-05 0
1.88365e-05 0
1.96675e-05 0
2.05353e-05 0
2.14412e-05 0
2.23872e-05 0
2.33749e-05 0
2.44062e-05 0
2.5483e-05 0
2.66073e-05 0
2.77811e-05 0
2.90068e-05 0
3.02866e-05 0
3.16228e-05 0
3.30179e-05 0
3.44747e-05 0
3.59956e-05 0
3.75837e-05 0
3.92419e-05 0
4.09732e-05 0
4.27809e-05 0
4.46684e-05 0
4.66391e-05 0
4.86968e-05 0
5.08452e-05 0
5.30884e-05 0
5.54307e-05 0
5.78762e-05 0
6.04296e-05 0
6.30957e-05 0
6.58795e-05 0
6.8786e-05 0
7.18208e-05 0
7.49894e-05 0
7.82979e-05 0
8.17523e-05 0
8.53591e-05 0
8.91251e-05 0
9.30572e-05 0
9.71628e-05 0
0.00010145 0
0.000105925 0
0.000110599 0
0.000115478 0
0.000120573 0
0.000125893 0
0.000131447 0
0.000137246 116.996
0.000143301 0
0.000149624 0
0.000156225 0
0.000163117 0
0.000170314 0
0.000177828 0
0.000185674 0
0.000193865 0
0.000202418 0
0.000211349 0
0.000220673 0
0.000230409 0
0.000240575 0
0.000251189 0
0.000262271 0
0.000273842 0
0.000285924 0
0.000298538 0
0.000311709 0
0.000325462 0
0.000339821 0
0.000354813 0
0.000370467 0
0.000386812 0
0.000403878 0
0.000421697 0
0.000440301 0
0.000459727 0
0.00048001 0
0.000501187 0
0.000523299 0
0.000546387 0
0.000570493 0
0.000595662 0
0.000621942 0
0.000649382 0
0.000678032 0
0.000707946 0
0.00073918 0
0.000771792 0
0.000805842 0
0.000841395 0
0.000878517 0
0.000917276 0
0.000957745 0
0.001 0
0.00104412 0
0.00109018 0
0.00113828 0
0.0011885 0
0.00124094 0
0.00129569 0
0.00135285 0
0.00141254 0
0.00147486 0
0.00153993 0
0.00160787 85.527
0.0016788 0
0.00175287 0
0.00183021 0
0.00191095 0
0.00199526 0
0.00208329 0
0.0021752 0
0.00227117 0
0.00237137 0
0.002476 80.4493
0.00258523 0
0.00269929 0
0.00281838 0
0.00294273 109.501
0.00307256 0
0.00320812 0
0.00334965 0
0.00349744 190.226
0.00365174 102.542
0.00381285 0
0.00398107 0
0.00415671 102.541
0.0043401 0
0.00453158 0
0.00473151 0
0.00494026 126.199
0.00515822 118.1
0.0053858 119.71
0.00562341 56.1308
0.00587151 153.326
0.00613056 53.2011
0.00640103 237.037
0.00668344 167.553
0.00697831 0
0.00728618 87.8221
0.00760764 33.9775
0.00794328 96.8695
0.00829373 92.019
0.00865964 82.3329
0.0090417 128.214
0.00944061 132.607
0.00985712 270.623
0.010292 166.974
0.0107461 229.051
0.0112202 12.4977
0.0117152 0
0.0122321 210.518
0.0127717 260.792
0.0133352 221.012
0.0139236 341.744
0.0145378 380.051
0.0151792 250.302
0.0158489 230.173
0.0165482 308.269
0.0172783 389.92
0.0180406 586.111
0.0188365 866.874
0.0196675 901.107
0.0205353 1286.11
0.0214412 977.18
0.0223872 1091.96
0.0233749 864.551
0.0244062 565.193
0.025483 899.361
0.0266073 1546.38
0.0277811 1031.88
0.0290068 1622.62
0.0302866 1845.22
0.0316228 1459.58
0.0330179 1861.97
0.0344747 1116.46
0.0359956 1356.95
0.0375837 1648.83
0.0392419 1901.87
0.0409732 1926.64
0.0427809 1956.88
0.0446684 2529.39
0.0466391 2535.45
0.0486968 2796.57
0.0508452 3086.6
0.0530884 3439.68
0.0554307 3041.21
0.0578762 3566.65
0.0604296 3555.08
0.0630957 3296.71
0.0658795 2794.22
0.068786 4633.33
0.0718208 4970.71
0.0749894 4182.9
0.0782979 5360.96
0.0817523 5772.03
0.0853591 4611.73
0.0891251 5168.49
0.0930572 6752.76
0.0971628 4915.63
0.10145 6577.35
0.105925 6280.03
0.110599 6083.4
0.115478 7939.15
0.120573 6381.88
0.125893 7323.66
0.131447 7698.72
0.137246 7597.54
0.143301 6820.31
0.149624 7458.49
0.156225 6670.6
0.163117 7079.29
0.170314 7313.73
0.177828 6426.2
0.185674 8865.7
0.193865 7460.05
0.202418 8583.61
0.211349 7831.68
0.220673 9766.89
0.230409 8139.98
0.240575 7570.34
0.251189 8892.26
0.262271 8041.88
0.273842 8630.77
0.285924 8359.42
0.298538 8967.5
0.311709 8277.59
0.325462 8814.68
0.339821 9327.95
0.354813 9894.36
0.370467 8817.4
0.386812 9783.37
0.403878 10638
0.421697 10056
0.440301 8056.01
0.459727 8858.46
0.48001 9197.27
0.501187 8291.22
0.523299 10420.2
0.546387 7957.29
0.570493 9433.25
0.595662 8535.03
0.621942 8408.8
0.649382 8000.06
0.678032 9105.7
0.707946 8333.31
0.73918 7972.57
0.771792 7560.97
0.805842 8488.07
0.841395 6767.83
0.878517 6944.39
0.917276 6524.05
0.957745 5709.67
1 6162.44
1.04412 5174.98
1.09018 6027.84
1.13828 3604.29
1.1885 3910.34
1.24094 5622.36
1.29569 4455.96
1.35285 2937.6
1.41254 4147.28
1.47486 3474.32
1.53993 3504.68
1.60787 3068.1
1.6788 3039.58
1.75287 2822.01
1.83021 3617.27
1.91095 2222.93
1.99526 1801.98
2.08329 2888.86
2.1752 1690.6
2.27117 1997.84
2.37137 2608.41
2.476 2297.18
2.58523 1771.14
2.69929 1461.76
2.81838 1984.28
2.94273 2443.63
3.07256 1462.07
3.20812 2098.66
3.34965 2575.86
3.49744 2001.58
3.65174 1422.99
3.81285 1737.39
3.98107 1765.57
4.15671 2486.87
4.3401 1431.68
4.53158 1374.24
4.73151 799.619
4.94026 1159.96
5.15822 1574.7
5.3858 854.015
5.62341 1837.26
5.87151 1010.01
6.13056 1149.36
6.40103 1391.02
6.68344 1143.76
6.97831 1653.71
7.28618 1702.69
7.60764 1027.16
7.94328 734.927
8.29373 1276.48
8.65964 701.389
9.0417 820.291
9.44061 964.49
9.85712 1173.82
10.292 1147.62
10.7461 669.291
11.2202 1085.12
11.7152 791.752
12.2321 959.505
12.7717 460.621
13.3352 595.241
13.9236 561.914
14.5378 919.108
15.1792 1496.7
15.8489 660.068
16.5482 557.137
17.2783 1034.27
18.0406 727.582
18.8365 430.292
19.6675 822.633
20.5353 1494.78
21.4412 750.184
22.3872 1120.16
23.3749 714.578
24.4062 1025.12
25.483 906.836
26.6073 694.094
27.7811 875.483
29.0068 1053.55
30.2866 1622.04
31.6228 916.022
33.0179 1107.66
34.4747 1294.29
35.9956 1026.71
37.5837 1065.4
39.2419 1904.95
40.9732 1417.04
42.7809 1626.33
44.6684 1645.33
46.6391 1329.11
48.6968 1185.54
50.8452 1953.91
53.0884 1263.84
55.4307 1828.61
57.8762 1752.03
60.4296 1165.84
63.0957 2022.73
65.8795 1635.55
68.786 1916.02
71.8208 1839.11
74.9894 1555.22
78.2979 2064.91
81.7523 1957.19
85.3591 2209.34
89.1251 1968.7
93.0572 2066.41
97.1628 2147.48
101.45 2212.51
105.925 2129.33
110.599 1917.05
115.478 2383.87
120.573 2645.83
125.893 1821.5
131.447 2227.57
137.246 1859.2
143.301 2383.05
149.624 1657.44
156.225 2521.48
163.117 2382.59
170.314 1913.43
177.828 3108.81
185.674 3045.93
193.865 3291.17
202.418 3673.24
211.349 3215.13
220.673 3503.28
230.409 2936.42
240.575 3223.4
251.189 3056.48
262.271 4313.81
273.842 4008.56
285.924 3389.32
298.538 3105.12
311.709 2944.85
325.462 2712.46
339.821 3262.17
354.813 2729.59
370.467 1417.82
386.812 1189.02
403.878 1162.21
421.697 826.872
440.301 1115.91
459.727 495.158
480.01 439.546
501.187 266.642
523.299 189.399
546.387 422.011
570.493 259.196
595.662 176.438
621.942 100.494
649.382 281.973
678.032 82.2197
707.946 302.846
739.18 0
771.792 0
805.842 0
841.395 0
878.517 0
917.276 0
957.745 0
1000 0
