# First line is two numbers 
#     First value is '2', it means 'histogram mode'
#     Second value is 'Emin' of the histogram
# Other lines : 2 columns. 1) energy 2) probability (nb divided by NbEvent)
# Number of bins = 480
# Content below the first bin: 0
# Content above the last  bin: 0
# Content above the last  bin: 0
# Number of events: 209000
2 1e-06
1.04412e-06 0
1.09018e-06 0
1.13828e-06 0
1.1885e-06 0
1.24094e-06 0
1.29569e-06 0
1.35285e-06 0
1.41254e-06 0
1.47486e-06 0
1.53993e-06 0
1.60787e-06 0
1.6788e-06 0
1.75287e-06 0
1.83021e-06 0
1.91095e-06 0
1.99526e-06 0
2.08329e-06 0
2.1752e-06 0
2.27117e-06 0
2.37137e-06 0
2.476e-06 0
2.58523e-06 0
2.69929e-06 0
2.81838e-06 0
2.94273e-06 0
3.07256e-06 0
3.20812e-06 0
3.34965e-06 0
3.49744e-06 0
3.65174e-06 0
3.81285e-06 0
3.98107e-06 0
4.15671e-06 0
4.3401e-06 0
4.53158e-06 0
4.73151e-06 0
4.94026e-06 0
5.15822e-06 0
5.3858e-06 0
5.62341e-06 0
5.87151e-06 0
6.13056e-06 0
6.40103e-06 0
6.68344e-06 0
6.97831e-06 0
7.28618e-06 0
7.60764e-06 0
7.94328e-06 0
8.29373e-06 0
8.65964e-06 0
9.0417e-06 0
9.44061e-06 0
9.85712e-06 0
1.0292e-05 0
1.07461e-05 0
1.12202e-05 0
1.17152e-05 0
1.22321e-05 0
1.27717e-05 0
1.33352e-05 0
1.39236e-05 0
1.45378e-05 0
1.51792e-05 0
1.58489e-05 0
1.65482e-05 0
1.72783e-05 0
1.80406e-05 0
1.88365e-05 0
1.96675e-05 0
2.05353e-05 0
2.14412e-05 0
2.23872e-05 0
2.33749e-05 0
2.44062e-05 0
2.5483e-05 0
2.66073e-05 0
2.77811e-05 0
2.90068e-05 0
3.02866e-05 0
3.16228e-05 0
3.30179e-05 0
3.44747e-05 0
3.59956e-05 0
3.75837e-05 0
3.92419e-05 0
4.09732e-05 0
4.27809e-05 0
4.46684e-05 0
4.66391e-05 0
4.86968e-05 0
5.08452e-05 0
5.30884e-05 0
5.54307e-05 0
5.78762e-05 0
6.04296e-05 0
6.30957e-05 0
6.58795e-05 0
6.8786e-05 0
7.18208e-05 0
7.49894e-05 0
7.82979e-05 0
8.17523e-05 0
8.53591e-05 0
8.91251e-05 0
9.30572e-05 0
9.71628e-05 0
0.00010145 0
0.000105925 0
0.000110599 0
0.000115478 0
0.000120573 0
0.000125893 0
0.000131447 0
0.000137246 0
0.000143301 0
0.000149624 0
0.000156225 0
0.000163117 0
0.000170314 0
0.000177828 0
0.000185674 0
0.000193865 0
0.000202418 0
0.000211349 0
0.000220673 0
0.000230409 0
0.000240575 0
0.000251189 0
0.000262271 0
0.000273842 0
0.000285924 0
0.000298538 0
0.000311709 0
0.000325462 0
0.000339821 0
0.000354813 0
0.000370467 0
0.000386812 0
0.000403878 0
0.000421697 0
0.000440301 0
0.000459727 0
0.00048001 0
0.000501187 0
0.000523299 0
0.000546387 0
0.000570493 0
0.000595662 0
0.000621942 0
0.000649382 0
0.000678032 0
0.000707946 0
0.00073918 0
0.000771792 0
0.000805842 0
0.000841395 0
0.000878517 0
0.000917276 0
0.000957745 0
0.001 0
0.00104412 0
0.00109018 0
0.00113828 0
0.0011885 0
0.00124094 0
0.00129569 0
0.00135285 0
0.00141254 0
0.00147486 0
0.00153993 0
0.00160787 0
0.0016788 0
0.00175287 0
0.00183021 0
0.00191095 0
0.00199526 0
0.00208329 0
0.0021752 0
0.00227117 0
0.00237137 0
0.002476 43.7447
0.00258523 0
0.00269929 0
0.00281838 0
0.00294273 0
0.00307256 0
0.00320812 0
0.00334965 0
0.00349744 0
0.00365174 0
0.00381285 0
0.00398107 56.0938
0.00415671 0
0.0043401 0
0.00453158 0
0.00473151 0
0.00494026 0
0.00515822 77.3884
0.0053858 0
0.00562341 0
0.00587151 0
0.00613056 0
0.00640103 0
0.00668344 0
0.00697831 0
0.00728618 0
0.00760764 0
0.00794328 0
0.00829373 0
0.00865964 0
0.0090417 0
0.00944061 192.287
0.00985712 0
0.010292 0
0.0107461 94.3584
0.0112202 0
0.0117152 0
0.0122321 182.99
0.0127717 90.4284
0.0133352 74.5682
0.0139236 0
0.0145378 469.43
0.0151792 55.9869
0.0158489 86.195
0.0165482 0
0.0172783 0
0.0180406 0
0.0188365 316.976
0.0196675 158.627
0.0205353 90.4207
0.0214412 0
0.0223872 257.671
0.0233749 118.867
0.0244062 75.3696
0.025483 101.109
0.0266073 0
0.0277811 84.3645
0.0290068 113.05
0.0302866 124.415
0.0316228 0
0.0330179 40.9699
0.0344747 97.6586
0.0359956 312.23
0.0375837 300.272
0.0392419 59.8606
0.0409732 352.411
0.0427809 253.849
0.0446684 342.236
0.0466391 108.48
0.0486968 535.283
0.0508452 405.297
0.0530884 0
0.0554307 155.499
0.0578762 178.147
0.0604296 289.107
0.0630957 315.165
0.0658795 550.622
0.068786 514.299
0.0718208 199.143
0.0749894 775.986
0.0782979 553.16
0.0817523 972.05
0.0853591 526.668
0.0891251 491.695
0.0930572 577.364
0.0971628 781.966
0.10145 461.568
0.105925 970.161
0.110599 355.491
0.115478 630.988
0.120573 895.456
0.125893 1288.88
0.131447 638.516
0.137246 726.363
0.143301 625.28
0.149624 1285.43
0.156225 936.817
0.163117 849.524
0.170314 825.52
0.177828 653.814
0.185674 734.321
0.193865 661.014
0.202418 796.865
0.211349 393.486
0.220673 910.177
0.230409 933.594
0.240575 648.048
0.251189 768.379
0.262271 965.768
0.273842 1044.16
0.285924 1174.34
0.298538 1523.53
0.311709 1190.22
0.325462 1268.84
0.339821 1499.9
0.354813 1416.41
0.370467 707.016
0.386812 834.085
0.403878 790.54
0.421697 988.824
0.440301 1359.3
0.459727 784.208
0.48001 1233.89
0.501187 1170.58
0.523299 674.627
0.546387 650.276
0.570493 814.419
0.595662 1482.07
0.621942 940.008
0.649382 1134.75
0.678032 624.107
0.707946 993.317
0.73918 877.281
0.771792 870.666
0.805842 1075.08
0.841395 988.638
0.878517 576.661
0.917276 1086.83
0.957745 539.551
1 478.625
1.04412 493.805
1.09018 1115.47
1.13828 777.796
1.1885 652.876
1.24094 1144.89
1.29569 339.957
1.35285 371.507
1.41254 188.686
1.47486 394.6
1.53993 252.095
1.60787 376.8
1.6788 194.45
1.75287 300.868
1.83021 134.223
1.91095 329.156
1.99526 418.713
2.08329 18.2469
2.1752 280.109
2.27117 58.2789
2.37137 140.894
2.476 162.224
2.58523 44.7364
2.69929 145.544
2.81838 108.214
2.94273 456.656
3.07256 206.512
3.20812 84.3503
3.34965 45.4643
3.49744 337.324
3.65174 291.76
3.81285 177.368
3.98107 162.026
4.15671 66.2691
4.3401 95.5223
4.53158 205.948
4.73151 228.778
4.94026 0
5.15822 249.907
5.3858 0
5.62341 156.241
5.87151 104.649
6.13056 77.2211
6.40103 222.679
6.68344 0
6.97831 194.868
7.28618 111.805
7.60764 117.901
7.94328 118.712
8.29373 346.809
8.65964 0
9.0417 98.3808
9.44061 0
9.85712 75.8536
10.292 228.295
10.7461 173.676
11.2202 230.56
11.7152 88.6652
12.2321 117.296
12.7717 316.592
13.3352 140.928
13.9236 75.4321
14.5378 0
15.1792 0
15.8489 93.6736
16.5482 103.154
17.2783 0
18.0406 0
18.8365 111.077
19.6675 97.362
20.5353 64.892
21.4412 265.195
22.3872 142.859
23.3749 104.038
24.4062 21.0632
25.483 48.5278
26.6073 92.0393
27.7811 300.288
29.0068 301.238
30.2866 92.6222
31.6228 88.6523
33.0179 0
34.4747 113.341
35.9956 295.129
37.5837 97.8862
39.2419 114.277
40.9732 105.721
42.7809 111.895
44.6684 160.667
46.6391 0
48.6968 440.18
50.8452 244.453
53.0884 239.59
55.4307 149.102
57.8762 407.665
60.4296 231.665
63.0957 40.9577
65.8795 352.829
68.786 201.019
71.8208 114.479
74.9894 400.587
78.2979 142.097
81.7523 363.1
85.3591 88.0146
89.1251 434.92
93.0572 304.545
97.1628 305.337
101.45 547.038
105.925 104.454
110.599 213.824
115.478 103.679
120.573 412.329
125.893 469.419
131.447 521.178
137.246 257.137
143.301 676.668
149.624 711.811
156.225 376.991
163.117 175.597
170.314 946.074
177.828 812.988
185.674 466.245
193.865 441.37
202.418 438.695
211.349 563.247
220.673 676.986
230.409 595.048
240.575 834.73
251.189 833.192
262.271 610.454
273.842 471.315
285.924 337.204
298.538 450.4
311.709 185.552
325.462 88.8037
339.821 305.943
354.813 8.39857
370.467 127.53
386.812 86.023
403.878 102.911
421.697 105.118
440.301 256.555
459.727 0
480.01 0
501.187 95.2174
523.299 0
546.387 0
570.493 0
595.662 0
621.942 0
649.382 113.276
678.032 0
707.946 0
739.18 0
771.792 0
805.842 0
841.395 0
878.517 0
917.276 0
957.745 0
1000 0
