# First line is two numbers 
#     First value is '2', it means 'histogram mode'
#     Second value is 'Emin' of the histogram
# Other lines : 2 columns. 1) energy 2) probability (nb divided by NbEvent)
# Number of bins = 480
# Content below the first bin: 0
# Content above the last  bin: 0
# Content above the last  bin: 0
# Number of events: 400000
2 1e-06
1.04412e-06 0
1.09018e-06 0
1.13828e-06 0
1.1885e-06 0
1.24094e-06 0
1.29569e-06 0
1.35285e-06 0
1.41254e-06 0
1.47486e-06 0
1.53993e-06 0
1.60787e-06 0
1.6788e-06 0
1.75287e-06 0
1.83021e-06 0
1.91095e-06 0
1.99526e-06 0
2.08329e-06 0
2.1752e-06 0
2.27117e-06 0
2.37137e-06 0
2.476e-06 0
2.58523e-06 0
2.69929e-06 0
2.81838e-06 0
2.94273e-06 0
3.07256e-06 0
3.20812e-06 0
3.34965e-06 0
3.49744e-06 0
3.65174e-06 0
3.81285e-06 0
3.98107e-06 0
4.15671e-06 0
4.3401e-06 0
4.53158e-06 0
4.73151e-06 0
4.94026e-06 0
5.15822e-06 0
5.3858e-06 0
5.62341e-06 0
5.87151e-06 0
6.13056e-06 0
6.40103e-06 0
6.68344e-06 0
6.97831e-06 0
7.28618e-06 0
7.60764e-06 0
7.94328e-06 0
8.29373e-06 0
8.65964e-06 0
9.0417e-06 0
9.44061e-06 0
9.85712e-06 0
1.0292e-05 0
1.07461e-05 0
1.12202e-05 0
1.17152e-05 0
1.22321e-05 0
1.27717e-05 0
1.33352e-05 0
1.39236e-05 0
1.45378e-05 0
1.51792e-05 0
1.58489e-05 0
1.65482e-05 0
1.72783e-05 0
1.80406e-05 0
1.88365e-05 0
1.96675e-05 0
2.05353e-05 0
2.14412e-05 0
2.23872e-05 0
2.33749e-05 0
2.44062e-05 0
2.5483e-05 0
2.66073e-05 0
2.77811e-05 0
2.90068e-05 0
3.02866e-05 0
3.16228e-05 0
3.30179e-05 0
3.44747e-05 0
3.59956e-05 0
3.75837e-05 0
3.92419e-05 0
4.09732e-05 0
4.27809e-05 0
4.46684e-05 0
4.66391e-05 0
4.86968e-05 0
5.08452e-05 0
5.30884e-05 0
5.54307e-05 0
5.78762e-05 0
6.04296e-05 0
6.30957e-05 0
6.58795e-05 0
6.8786e-05 0
7.18208e-05 0
7.49894e-05 0
7.82979e-05 0
8.17523e-05 0
8.53591e-05 0
8.91251e-05 0
9.30572e-05 0
9.71628e-05 0
0.00010145 0
0.000105925 0
0.000110599 0
0.000115478 0
0.000120573 0
0.000125893 0
0.000131447 0
0.000137246 0
0.000143301 0
0.000149624 0
0.000156225 0
0.000163117 0
0.000170314 0
0.000177828 0
0.000185674 0
0.000193865 0
0.000202418 0
0.000211349 0
0.000220673 0
0.000230409 0
0.000240575 0
0.000251189 0
0.000262271 0
0.000273842 0
0.000285924 0
0.000298538 0
0.000311709 0
0.000325462 0
0.000339821 0
0.000354813 0
0.000370467 0
0.000386812 0
0.000403878 0
0.000421697 0
0.000440301 0
0.000459727 0
0.00048001 0
0.000501187 0
0.000523299 0
0.000546387 0
0.000570493 0
0.000595662 0
0.000621942 0
0.000649382 0
0.000678032 0
0.000707946 0
0.00073918 0
0.000771792 0
0.000805842 0
0.000841395 0
0.000878517 0
0.000917276 0
0.000957745 0
0.001 0
0.00104412 0
0.00109018 0
0.00113828 0
0.0011885 0
0.00124094 0
0.00129569 0
0.00135285 0
0.00141254 0
0.00147486 0
0.00153993 0
0.00160787 0
0.0016788 0
0.00175287 0
0.00183021 0
0.00191095 0
0.00199526 0
0.00208329 0
0.0021752 0
0.00227117 0
0.00237137 19.8787
0.002476 0
0.00258523 0
0.00269929 0
0.00281838 0
0.00294273 0
0.00307256 0
0.00320812 0
0.00334965 0
0.00349744 0
0.00365174 0
0.00381285 0
0.00398107 0
0.00415671 0
0.0043401 0
0.00453158 0
0.00473151 0
0.00494026 0
0.00515822 0
0.0053858 0
0.00562341 0
0.00587151 0
0.00613056 0
0.00640103 0
0.00668344 0
0.00697831 0
0.00728618 0
0.00760764 0
0.00794328 0
0.00829373 0
0.00865964 0
0.0090417 0
0.00944061 0
0.00985712 0
0.010292 0
0.0107461 0
0.0112202 0
0.0117152 0
0.0122321 0
0.0127717 0
0.0133352 0
0.0139236 0
0.0145378 0
0.0151792 0
0.0158489 112.858
0.0165482 0
0.0172783 96.2626
0.0180406 0
0.0188365 0
0.0196675 0
0.0205353 0
0.0214412 81.5503
0.0223872 0
0.0233749 0
0.0244062 0
0.025483 113.279
0.0266073 0
0.0277811 0
0.0290068 0
0.0302866 0
0.0316228 0
0.0330179 0
0.0344747 0
0.0359956 0
0.0375837 0
0.0392419 111.336
0.0409732 0
0.0427809 94.5118
0.0446684 0
0.0466391 0
0.0486968 0
0.0508452 0
0.0530884 0
0.0554307 0
0.0578762 113.699
0.0604296 0
0.0630957 90.2853
0.0658795 0
0.068786 64.432
0.0718208 199.854
0.0749894 0
0.0782979 0
0.0817523 0
0.0853591 67.1706
0.0891251 0
0.0930572 75.8838
0.0971628 0
0.10145 0
0.105925 169.887
0.110599 0
0.115478 0
0.120573 100.07
0.125893 223.347
0.131447 118.065
0.137246 86.1719
0.143301 107.039
0.149624 0
0.156225 65.9578
0.163117 204.539
0.170314 243.925
0.177828 108.383
0.185674 130.326
0.193865 240.985
0.202418 355.32
0.211349 208.426
0.220673 411.992
0.230409 195.321
0.240575 129.613
0.251189 98.5203
0.262271 221.471
0.273842 296.791
0.285924 331.68
0.298538 330.366
0.311709 609.394
0.325462 458.163
0.339821 291.06
0.354813 1036.92
0.370467 30.5743
0.386812 280.974
0.403878 0
0.421697 113.709
0.440301 268.996
0.459727 503.831
0.48001 811.678
0.501187 318.911
0.523299 383.376
0.546387 297.305
0.570493 632.872
0.595662 473.155
0.621942 1029.09
0.649382 558.455
0.678032 633.867
0.707946 946.796
0.73918 517.718
0.771792 566.103
0.805842 518.336
0.841395 570.973
0.878517 598.15
0.917276 306.897
0.957745 928.301
1 398.263
1.04412 205.139
1.09018 221.735
1.13828 416.694
1.1885 673.493
1.24094 350.959
1.29569 238.356
1.35285 382.943
1.41254 522.346
1.47486 217.489
1.53993 504.587
1.60787 495.919
1.6788 0
1.75287 543.483
1.83021 397.766
1.91095 312.297
1.99526 434.025
2.08329 350.526
2.1752 584.524
2.27117 473.533
2.37137 189.401
2.476 73.4932
2.58523 107.555
2.69929 323.391
2.81838 107.643
2.94273 109.648
3.07256 140.791
3.20812 166.948
3.34965 246.687
3.49744 334.733
3.65174 365.538
3.81285 65.6683
3.98107 200.88
4.15671 71.7461
4.3401 74.4385
4.53158 30.5847
4.73151 0
4.94026 76.7715
5.15822 450.761
5.3858 135.882
5.62341 71.2839
5.87151 0
6.13056 255.484
6.40103 299.849
6.68344 37.4987
6.97831 43.8635
7.28618 110.951
7.60764 0
7.94328 189.701
8.29373 49.8373
8.65964 453.327
9.0417 0
9.44061 117.948
9.85712 0
10.292 340.38
10.7461 109.569
11.2202 0
11.7152 166.152
12.2321 57.8053
12.7717 266.935
13.3352 112.65
13.9236 307.476
14.5378 0
15.1792 0
15.8489 177.444
16.5482 302.969
17.2783 176.036
18.0406 131.743
18.8365 85.426
19.6675 0
20.5353 28.533
21.4412 81.1221
22.3872 485.937
23.3749 91.0349
24.4062 199.503
25.483 99.1886
26.6073 175.624
27.7811 308.422
29.0068 339.643
30.2866 566.133
31.6228 399.517
33.0179 276.793
34.4747 328.841
35.9956 211.259
37.5837 0
39.2419 295.883
40.9732 123.72
42.7809 467.885
44.6684 502.194
46.6391 367.358
48.6968 165.466
50.8452 171.153
53.0884 278.378
55.4307 775.017
57.8762 692.563
60.4296 661.94
63.0957 346.663
65.8795 362.642
68.786 249.156
71.8208 333.96
74.9894 299.67
78.2979 519.741
81.7523 182.151
85.3591 705.377
89.1251 565.805
93.0572 659.72
97.1628 620.37
101.45 591.865
105.925 763.272
110.599 1058.6
115.478 284.567
120.573 870.917
125.893 1189.68
131.447 883.784
137.246 748.031
143.301 867.95
149.624 1016.49
156.225 1364.06
163.117 2103.16
170.314 1396.43
177.828 1833.44
185.674 1532.04
193.865 1415.66
202.418 1971.42
211.349 2347.77
220.673 2635.55
230.409 2432.42
240.575 2720.49
251.189 2604
262.271 2850.92
273.842 2699.3
285.924 3327.6
298.538 2559.23
311.709 2237.29
325.462 1638.04
339.821 1788.2
354.813 1038.93
370.467 1219.26
386.812 642.848
403.878 471.243
421.697 530.306
440.301 413.36
459.727 308.473
480.01 94.6652
501.187 197.832
523.299 0
546.387 0
570.493 0
595.662 113.014
621.942 164.932
649.382 0
678.032 192.743
707.946 0
739.18 0
771.792 0
805.842 0
841.395 0
878.517 0
917.276 0
957.745 0
1000 0
