# First line is two numbers 
#     First value is '2', it means 'histogram mode'
#     Second value is 'Emin' of the histogram
# Other lines : 2 columns. 1) energy 2) probability (nb divided by NbEvent)
# Number of bins = 480
# Content below the first bin: 0
# Content above the last  bin: 0
# Content above the last  bin: 0
# Number of events: 400000
2 1e-06
1.04412e-06 0
1.09018e-06 0
1.13828e-06 0
1.1885e-06 0
1.24094e-06 0
1.29569e-06 0
1.35285e-06 0
1.41254e-06 0
1.47486e-06 0
1.53993e-06 0
1.60787e-06 0
1.6788e-06 0
1.75287e-06 0
1.83021e-06 0
1.91095e-06 0
1.99526e-06 0
2.08329e-06 0
2.1752e-06 0
2.27117e-06 0
2.37137e-06 0
2.476e-06 0
2.58523e-06 0
2.69929e-06 0
2.81838e-06 0
2.94273e-06 0
3.07256e-06 0
3.20812e-06 0
3.34965e-06 0
3.49744e-06 0
3.65174e-06 0
3.81285e-06 0
3.98107e-06 0
4.15671e-06 0
4.3401e-06 0
4.53158e-06 0
4.73151e-06 0
4.94026e-06 0
5.15822e-06 0
5.3858e-06 0
5.62341e-06 0
5.87151e-06 0
6.13056e-06 0
6.40103e-06 0
6.68344e-06 0
6.97831e-06 0
7.28618e-06 0
7.60764e-06 0
7.94328e-06 0
8.29373e-06 0
8.65964e-06 0
9.0417e-06 0
9.44061e-06 0
9.85712e-06 0
1.0292e-05 0
1.07461e-05 0
1.12202e-05 0
1.17152e-05 0
1.22321e-05 0
1.27717e-05 0
1.33352e-05 0
1.39236e-05 0
1.45378e-05 0
1.51792e-05 0
1.58489e-05 0
1.65482e-05 0
1.72783e-05 0
1.80406e-05 0
1.88365e-05 0
1.96675e-05 0
2.05353e-05 0
2.14412e-05 0
2.23872e-05 0
2.33749e-05 0
2.44062e-05 0
2.5483e-05 0
2.66073e-05 0
2.77811e-05 0
2.90068e-05 0
3.02866e-05 0
3.16228e-05 0
3.30179e-05 0
3.44747e-05 0
3.59956e-05 0
3.75837e-05 0
3.92419e-05 0
4.09732e-05 0
4.27809e-05 0
4.46684e-05 0
4.66391e-05 0
4.86968e-05 0
5.08452e-05 0
5.30884e-05 0
5.54307e-05 0
5.78762e-05 0
6.04296e-05 0
6.30957e-05 0
6.58795e-05 0
6.8786e-05 0
7.18208e-05 0
7.49894e-05 0
7.82979e-05 0
8.17523e-05 0
8.53591e-05 0
8.91251e-05 0
9.30572e-05 0
9.71628e-05 0
0.00010145 0
0.000105925 0
0.000110599 0
0.000115478 0
0.000120573 0
0.000125893 0
0.000131447 0
0.000137246 0
0.000143301 0
0.000149624 0
0.000156225 0
0.000163117 0
0.000170314 0
0.000177828 0
0.000185674 0
0.000193865 0
0.000202418 0
0.000211349 0
0.000220673 0
0.000230409 0
0.000240575 0
0.000251189 0
0.000262271 0
0.000273842 0
0.000285924 0
0.000298538 0
0.000311709 0
0.000325462 0
0.000339821 0
0.000354813 0
0.000370467 0
0.000386812 0
0.000403878 0
0.000421697 0
0.000440301 0
0.000459727 0
0.00048001 0
0.000501187 0
0.000523299 0
0.000546387 0
0.000570493 0
0.000595662 0
0.000621942 0
0.000649382 0
0.000678032 0
0.000707946 0
0.00073918 0
0.000771792 0
0.000805842 0
0.000841395 0
0.000878517 0
0.000917276 0
0.000957745 0
0.001 0
0.00104412 0
0.00109018 0
0.00113828 0
0.0011885 0
0.00124094 0
0.00129569 0
0.00135285 0
0.00141254 0
0.00147486 0
0.00153993 0
0.00160787 0
0.0016788 0
0.00175287 0
0.00183021 0
0.00191095 0
0.00199526 0
0.00208329 0
0.0021752 0
0.00227117 0
0.00237137 0
0.002476 0
0.00258523 0
0.00269929 0
0.00281838 0
0.00294273 0
0.00307256 0
0.00320812 0
0.00334965 0
0.00349744 0
0.00365174 0
0.00381285 0
0.00398107 0
0.00415671 91.1261
0.0043401 0
0.00453158 0
0.00473151 0
0.00494026 0
0.00515822 0
0.0053858 0
0.00562341 0
0.00587151 0
0.00613056 0
0.00640103 0
0.00668344 0
0.00697831 0
0.00728618 0
0.00760764 0
0.00794328 0
0.00829373 0
0.00865964 0
0.0090417 0
0.00944061 0
0.00985712 0
0.010292 0
0.0107461 0
0.0112202 0
0.0117152 0
0.0122321 0
0.0127717 0
0.0133352 0
0.0139236 0
0.0145378 0
0.0151792 0
0.0158489 0
0.0165482 0
0.0172783 0
0.0180406 0
0.0188365 0
0.0196675 0
0.0205353 151.42
0.0214412 0
0.0223872 0
0.0233749 0
0.0244062 150.045
0.025483 9.86581
0.0266073 54.5756
0.0277811 0
0.0290068 0
0.0302866 0
0.0316228 0
0.0330179 0
0.0344747 0
0.0359956 0
0.0375837 0
0.0392419 0
0.0409732 0
0.0427809 0
0.0446684 0
0.0466391 0
0.0486968 108.647
0.0508452 0
0.0530884 73.7281
0.0554307 0
0.0578762 0
0.0604296 0
0.0630957 0
0.0658795 0
0.068786 0
0.0718208 56.6957
0.0749894 119.413
0.0782979 0
0.0817523 352.849
0.0853591 114.237
0.0891251 0
0.0930572 0
0.0971628 0
0.10145 0
0.105925 63.9625
0.110599 0
0.115478 36.8768
0.120573 106.85
0.125893 224.07
0.131447 83.4008
0.137246 446.629
0.143301 291.895
0.149624 0
0.156225 137.986
0.163117 320.174
0.170314 213.857
0.177828 225.894
0.185674 409.049
0.193865 23.1656
0.202418 0
0.211349 59.6754
0.220673 397.384
0.230409 91.0541
0.240575 306.153
0.251189 456.031
0.262271 267.184
0.273842 224.374
0.285924 481.592
0.298538 293.224
0.311709 891.112
0.325462 184.587
0.339821 357.045
0.354813 711.913
0.370467 602.98
0.386812 926.777
0.403878 0
0.421697 247.417
0.440301 238.068
0.459727 93.265
0.48001 477.98
0.501187 226.777
0.523299 447.071
0.546387 316.363
0.570493 410.958
0.595662 361.395
0.621942 754.67
0.649382 1711.78
0.678032 830.174
0.707946 1205.14
0.73918 658.307
0.771792 277.95
0.805842 158.023
0.841395 353.072
0.878517 438.073
0.917276 488.193
0.957745 748.155
1 466.653
1.04412 379.183
1.09018 406.023
1.13828 394.661
1.1885 671.168
1.24094 417.157
1.29569 210.888
1.35285 466.305
1.41254 116.429
1.47486 0
1.53993 649.423
1.60787 76.775
1.6788 391.015
1.75287 191.323
1.83021 274.491
1.91095 343.527
1.99526 252.757
2.08329 519.846
2.1752 0
2.27117 140.859
2.37137 377.82
2.476 216.911
2.58523 142.228
2.69929 83.1515
2.81838 583.057
2.94273 168.053
3.07256 595.452
3.20812 0
3.34965 125.026
3.49744 301.98
3.65174 282.798
3.81285 149.81
3.98107 90.0616
4.15671 192.796
4.3401 65.0638
4.53158 0
4.73151 108.529
4.94026 375.187
5.15822 142.776
5.3858 181.999
5.62341 108.313
5.87151 157.506
6.13056 335.779
6.40103 243.254
6.68344 0
6.97831 210.082
7.28618 0
7.60764 133.671
7.94328 99.0775
8.29373 153.244
8.65964 92.4018
9.0417 93.2975
9.44061 39.6301
9.85712 372.433
10.292 157.097
10.7461 0
11.2202 215.022
11.7152 336.412
12.2321 217.832
12.7717 216.402
13.3352 178.543
13.9236 114.009
14.5378 0
15.1792 178.971
15.8489 101.252
16.5482 147.965
17.2783 160.244
18.0406 358.557
18.8365 293.427
19.6675 49.3691
20.5353 277.94
21.4412 263.677
22.3872 0
23.3749 291.069
24.4062 284.093
25.483 197.139
26.6073 245.412
27.7811 319.03
29.0068 344.313
30.2866 449.875
31.6228 394.102
33.0179 540.127
34.4747 399.587
35.9956 135.026
37.5837 342.343
39.2419 235.279
40.9732 272.286
42.7809 0
44.6684 351.113
46.6391 106.82
48.6968 396.47
50.8452 165.568
53.0884 246.245
55.4307 373.471
57.8762 580.061
60.4296 440.713
63.0957 250.409
65.8795 494.172
68.786 764.564
71.8208 478.293
74.9894 486.224
78.2979 388.213
81.7523 535.799
85.3591 508.241
89.1251 565.427
93.0572 924.48
97.1628 815.299
101.45 619.747
105.925 489.706
110.599 1331.69
115.478 1002.83
120.573 1038.96
125.893 516.112
131.447 902.109
137.246 914.515
143.301 522.04
149.624 1230.52
156.225 1247.17
163.117 1110.04
170.314 1679.87
177.828 1351.21
185.674 1469.03
193.865 2093.48
202.418 2548.11
211.349 3280.27
220.673 2841.29
230.409 2554.15
240.575 2708.46
251.189 2599.34
262.271 2774.12
273.842 3702.33
285.924 3147.47
298.538 2497.31
311.709 2258.98
325.462 1665.06
339.821 1257.18
354.813 1409.85
370.467 620.975
386.812 612.587
403.878 667.047
421.697 418.602
440.301 110.124
459.727 213.126
480.01 108.996
501.187 0
523.299 36.0436
546.387 0
570.493 24.8529
595.662 0
621.942 82.51
649.382 119.548
678.032 0
707.946 0
739.18 41.4711
771.792 0
805.842 0
841.395 0
878.517 0
917.276 0
957.745 0
1000 0
