# First line is two numbers 
#     First value is '2', it means 'histogram mode'
#     Second value is 'Emin' of the histogram
# Other lines : 2 columns. 1) energy 2) probability (nb divided by NbEvent)
# Number of bins = 480
# Content below the first bin: 0
# Content above the last  bin: 0
# Content above the last  bin: 0
# Number of events: 400000
2 1e-06
1.04412e-06 0
1.09018e-06 0
1.13828e-06 0
1.1885e-06 0
1.24094e-06 0
1.29569e-06 0
1.35285e-06 0
1.41254e-06 0
1.47486e-06 0
1.53993e-06 0
1.60787e-06 0
1.6788e-06 0
1.75287e-06 0
1.83021e-06 0
1.91095e-06 0
1.99526e-06 0
2.08329e-06 0
2.1752e-06 0
2.27117e-06 0
2.37137e-06 0
2.476e-06 0
2.58523e-06 0
2.69929e-06 0
2.81838e-06 0
2.94273e-06 0
3.07256e-06 0
3.20812e-06 0
3.34965e-06 0
3.49744e-06 0
3.65174e-06 0
3.81285e-06 0
3.98107e-06 0
4.15671e-06 0
4.3401e-06 0
4.53158e-06 0
4.73151e-06 0
4.94026e-06 0
5.15822e-06 0
5.3858e-06 0
5.62341e-06 0
5.87151e-06 0
6.13056e-06 0
6.40103e-06 0
6.68344e-06 0
6.97831e-06 0
7.28618e-06 0
7.60764e-06 0
7.94328e-06 0
8.29373e-06 0
8.65964e-06 0
9.0417e-06 0
9.44061e-06 0
9.85712e-06 0
1.0292e-05 0
1.07461e-05 0
1.12202e-05 0
1.17152e-05 0
1.22321e-05 0
1.27717e-05 0
1.33352e-05 0
1.39236e-05 0
1.45378e-05 0
1.51792e-05 0
1.58489e-05 0
1.65482e-05 0
1.72783e-05 0
1.80406e-05 0
1.88365e-05 0
1.96675e-05 0
2.05353e-05 0
2.14412e-05 0
2.23872e-05 0
2.33749e-05 0
2.44062e-05 0
2.5483e-05 0
2.66073e-05 0
2.77811e-05 0
2.90068e-05 0
3.02866e-05 0
3.16228e-05 0
3.30179e-05 0
3.44747e-05 0
3.59956e-05 0
3.75837e-05 0
3.92419e-05 0
4.09732e-05 0
4.27809e-05 0
4.46684e-05 0
4.66391e-05 0
4.86968e-05 0
5.08452e-05 0
5.30884e-05 0
5.54307e-05 0
5.78762e-05 0
6.04296e-05 0
6.30957e-05 0
6.58795e-05 0
6.8786e-05 0
7.18208e-05 0
7.49894e-05 0
7.82979e-05 0
8.17523e-05 0
8.53591e-05 0
8.91251e-05 0
9.30572e-05 0
9.71628e-05 0
0.00010145 0
0.000105925 0
0.000110599 0
0.000115478 0
0.000120573 0
0.000125893 0
0.000131447 0
0.000137246 0
0.000143301 0
0.000149624 0
0.000156225 0
0.000163117 0
0.000170314 0
0.000177828 0
0.000185674 0
0.000193865 0
0.000202418 0
0.000211349 0
0.000220673 0
0.000230409 0
0.000240575 0
0.000251189 0
0.000262271 0
0.000273842 0
0.000285924 0
0.000298538 0
0.000311709 0
0.000325462 0
0.000339821 0
0.000354813 0
0.000370467 0
0.000386812 0
0.000403878 0
0.000421697 0
0.000440301 0
0.000459727 0
0.00048001 0
0.000501187 0
0.000523299 0
0.000546387 0
0.000570493 0
0.000595662 0
0.000621942 0
0.000649382 0
0.000678032 0
0.000707946 0
0.00073918 0
0.000771792 0
0.000805842 0
0.000841395 0
0.000878517 0
0.000917276 0
0.000957745 0
0.001 108.28
0.00104412 0
0.00109018 0
0.00113828 0
0.0011885 0
0.00124094 0
0.00129569 0
0.00135285 0
0.00141254 0
0.00147486 0
0.00153993 0
0.00160787 0
0.0016788 0
0.00175287 0
0.00183021 0
0.00191095 0
0.00199526 0
0.00208329 0
0.0021752 0
0.00227117 0
0.00237137 0
0.002476 0
0.00258523 0
0.00269929 0
0.00281838 0
0.00294273 0
0.00307256 0
0.00320812 0
0.00334965 0
0.00349744 0
0.00365174 0
0.00381285 0
0.00398107 0
0.00415671 0
0.0043401 0
0.00453158 0
0.00473151 0
0.00494026 0
0.00515822 0
0.0053858 0
0.00562341 0
0.00587151 0
0.00613056 0
0.00640103 0
0.00668344 0
0.00697831 0
0.00728618 0
0.00760764 0
0.00794328 0
0.00829373 0
0.00865964 0
0.0090417 0
0.00944061 104.212
0.00985712 0
0.010292 0
0.0107461 0
0.0112202 0
0.0117152 0
0.0122321 0
0.0127717 0
0.0133352 0
0.0139236 0
0.0145378 0
0.0151792 0
0.0158489 0
0.0165482 0
0.0172783 0
0.0180406 0
0.0188365 0
0.0196675 0
0.0205353 0
0.0214412 0
0.0223872 0
0.0233749 45.5352
0.0244062 71.0125
0.025483 286.793
0.0266073 0
0.0277811 0
0.0290068 0
0.0302866 0
0.0316228 0
0.0330179 0
0.0344747 0
0.0359956 0
0.0375837 0
0.0392419 0
0.0409732 105.284
0.0427809 0
0.0446684 0
0.0466391 0
0.0486968 0
0.0508452 0
0.0530884 103.375
0.0554307 0
0.0578762 0
0.0604296 0
0.0630957 111.387
0.0658795 0
0.068786 155.237
0.0718208 248.128
0.0749894 0
0.0782979 112.189
0.0817523 39.4081
0.0853591 195.393
0.0891251 109.515
0.0930572 62.1603
0.0971628 113.329
0.10145 0
0.105925 118.76
0.110599 121.14
0.115478 38.0799
0.120573 106.14
0.125893 0
0.131447 387.771
0.137246 572.916
0.143301 0
0.149624 87.9388
0.156225 0
0.163117 242.798
0.170314 147.253
0.177828 178.658
0.185674 629.556
0.193865 0
0.202418 197.061
0.211349 0
0.220673 470.794
0.230409 0
0.240575 658.14
0.251189 391.986
0.262271 186.819
0.273842 411.822
0.285924 373.071
0.298538 361.089
0.311709 1177.23
0.325462 692.435
0.339821 169.036
0.354813 969.431
0.370467 568.365
0.386812 598.907
0.403878 332.703
0.421697 330.276
0.440301 491.37
0.459727 73.3873
0.48001 566.31
0.501187 393.66
0.523299 613.569
0.546387 188.874
0.570493 572.348
0.595662 973.095
0.621942 1217.53
0.649382 1144.93
0.678032 1062.61
0.707946 809.461
0.73918 573.69
0.771792 856.357
0.805842 437.579
0.841395 464.289
0.878517 538.908
0.917276 985.673
0.957745 869.96
1 552.765
1.04412 663.419
1.09018 1176.61
1.13828 934.263
1.1885 599.336
1.24094 479.592
1.29569 397.97
1.35285 587.868
1.41254 499.994
1.47486 774.663
1.53993 169.933
1.60787 647.174
1.6788 523.696
1.75287 665.142
1.83021 330.288
1.91095 547.988
1.99526 269.35
2.08329 249.595
2.1752 193.178
2.27117 506.009
2.37137 544.707
2.476 377.229
2.58523 499.177
2.69929 296.162
2.81838 396.771
2.94273 217.55
3.07256 202.132
3.20812 78.8541
3.34965 76.3311
3.49744 224.768
3.65174 444.558
3.81285 113.481
3.98107 617.267
4.15671 158.983
4.3401 329.585
4.53158 155.296
4.73151 670.978
4.94026 85.9464
5.15822 61.4077
5.3858 688.288
5.62341 0
5.87151 188.382
6.13056 172.528
6.40103 80.4046
6.68344 192.31
6.97831 247.662
7.28618 247.509
7.60764 0
7.94328 113.434
8.29373 163.681
8.65964 46.6712
9.0417 235.36
9.44061 96.9698
9.85712 252.47
10.292 88.0776
10.7461 215.623
11.2202 151.608
11.7152 0
12.2321 0
12.7717 271.642
13.3352 235.915
13.9236 97.1672
14.5378 33.3714
15.1792 92.28
15.8489 26.8929
16.5482 213.589
17.2783 232.381
18.0406 311.723
18.8365 209.348
19.6675 233.618
20.5353 260.133
21.4412 290.441
22.3872 86.2724
23.3749 189.132
24.4062 92.3434
25.483 240.528
26.6073 258.234
27.7811 135.778
29.0068 185.033
30.2866 41.2249
31.6228 492.29
33.0179 170.49
34.4747 233.215
35.9956 160.456
37.5837 118.166
39.2419 566.181
40.9732 439.438
42.7809 547.389
44.6684 433.476
46.6391 453.614
48.6968 345.225
50.8452 347.596
53.0884 444.21
55.4307 428.758
57.8762 459.958
60.4296 429.141
63.0957 486.973
65.8795 616.938
68.786 680.773
71.8208 777.271
74.9894 566.604
78.2979 763.45
81.7523 529.866
85.3591 517.454
89.1251 709.862
93.0572 701.006
97.1628 695.288
101.45 796.162
105.925 770.937
110.599 976.142
115.478 639.844
120.573 495.897
125.893 1218.53
131.447 1203.83
137.246 1000.78
143.301 975.869
149.624 987.042
156.225 842.116
163.117 938.102
170.314 670.178
177.828 1384.08
185.674 1117.22
193.865 1191.26
202.418 1761.82
211.349 1904.44
220.673 1818.54
230.409 1120.89
240.575 2137.61
251.189 1569.27
262.271 2226.25
273.842 1443.09
285.924 1870.93
298.538 684.808
311.709 851.765
325.462 1167.42
339.821 780.323
354.813 748.98
370.467 591.448
386.812 132.908
403.878 497.252
421.697 251.638
440.301 261.958
459.727 288.116
480.01 183.355
501.187 91.0923
523.299 266.79
546.387 0
570.493 0
595.662 274.674
621.942 0
649.382 76.8486
678.032 0
707.946 82.0856
739.18 0
771.792 0
805.842 96.5514
841.395 0
878.517 0
917.276 0
957.745 0
1000 0
