# First line is two numbers 
#     First value is '2', it means 'histogram mode'
#     Second value is 'Emin' of the histogram
# Other lines : 2 columns. 1) energy 2) probability (nb divided by NbEvent)
# Number of bins = 480
# Content below the first bin: 0
# Content above the last  bin: 0
# Content above the last  bin: 0
# Number of events: 209000
2 1e-06
1.04412e-06 0
1.09018e-06 0
1.13828e-06 0
1.1885e-06 0
1.24094e-06 0
1.29569e-06 0
1.35285e-06 0
1.41254e-06 0
1.47486e-06 0
1.53993e-06 0
1.60787e-06 0
1.6788e-06 0
1.75287e-06 0
1.83021e-06 0
1.91095e-06 0
1.99526e-06 0
2.08329e-06 0
2.1752e-06 0
2.27117e-06 0
2.37137e-06 0
2.476e-06 0
2.58523e-06 0
2.69929e-06 0
2.81838e-06 0
2.94273e-06 0
3.07256e-06 0
3.20812e-06 0
3.34965e-06 0
3.49744e-06 0
3.65174e-06 0
3.81285e-06 0
3.98107e-06 0
4.15671e-06 0
4.3401e-06 0
4.53158e-06 0
4.73151e-06 0
4.94026e-06 0
5.15822e-06 0
5.3858e-06 0
5.62341e-06 0
5.87151e-06 0
6.13056e-06 0
6.40103e-06 0
6.68344e-06 0
6.97831e-06 0
7.28618e-06 0
7.60764e-06 0
7.94328e-06 0
8.29373e-06 0
8.65964e-06 0
9.0417e-06 0
9.44061e-06 0
9.85712e-06 0
1.0292e-05 0
1.07461e-05 0
1.12202e-05 0
1.17152e-05 0
1.22321e-05 0
1.27717e-05 0
1.33352e-05 0
1.39236e-05 0
1.45378e-05 0
1.51792e-05 0
1.58489e-05 0
1.65482e-05 0
1.72783e-05 0
1.80406e-05 0
1.88365e-05 0
1.96675e-05 0
2.05353e-05 0
2.14412e-05 0
2.23872e-05 0
2.33749e-05 0
2.44062e-05 0
2.5483e-05 0
2.66073e-05 0
2.77811e-05 0
2.90068e-05 0
3.02866e-05 0
3.16228e-05 0
3.30179e-05 0
3.44747e-05 0
3.59956e-05 0
3.75837e-05 0
3.92419e-05 0
4.09732e-05 0
4.27809e-05 0
4.46684e-05 0
4.66391e-05 0
4.86968e-05 0
5.08452e-05 0
5.30884e-05 0
5.54307e-05 0
5.78762e-05 0
6.04296e-05 0
6.30957e-05 0
6.58795e-05 0
6.8786e-05 0
7.18208e-05 0
7.49894e-05 0
7.82979e-05 0
8.17523e-05 0
8.53591e-05 0
8.91251e-05 0
9.30572e-05 0
9.71628e-05 0
0.00010145 0
0.000105925 0
0.000110599 0
0.000115478 0
0.000120573 0
0.000125893 0
0.000131447 0
0.000137246 0
0.000143301 0
0.000149624 0
0.000156225 0
0.000163117 0
0.000170314 0
0.000177828 0
0.000185674 0
0.000193865 0
0.000202418 0
0.000211349 0
0.000220673 0
0.000230409 0
0.000240575 0
0.000251189 0
0.000262271 0
0.000273842 0
0.000285924 0
0.000298538 0
0.000311709 0
0.000325462 0
0.000339821 0
0.000354813 0
0.000370467 0
0.000386812 0
0.000403878 0
0.000421697 0
0.000440301 0
0.000459727 0
0.00048001 0
0.000501187 0
0.000523299 0
0.000546387 0
0.000570493 0
0.000595662 0
0.000621942 0
0.000649382 0
0.000678032 0
0.000707946 0
0.00073918 0
0.000771792 0
0.000805842 0
0.000841395 0
0.000878517 0
0.000917276 0
0.000957745 0
0.001 0
0.00104412 0
0.00109018 0
0.00113828 0
0.0011885 0
0.00124094 0
0.00129569 0
0.00135285 0
0.00141254 0
0.00147486 0
0.00153993 0
0.00160787 0
0.0016788 0
0.00175287 0
0.00183021 0
0.00191095 0
0.00199526 0
0.00208329 0
0.0021752 0
0.00227117 0
0.00237137 0
0.002476 0
0.00258523 0
0.00269929 0
0.00281838 0
0.00294273 0
0.00307256 0
0.00320812 0
0.00334965 0
0.00349744 0
0.00365174 0
0.00381285 0
0.00398107 0
0.00415671 0
0.0043401 0
0.00453158 0
0.00473151 0
0.00494026 0
0.00515822 0
0.0053858 0
0.00562341 0
0.00587151 0
0.00613056 0
0.00640103 0
0.00668344 0
0.00697831 0
0.00728618 0
0.00760764 0
0.00794328 0
0.00829373 0
0.00865964 0
0.0090417 0
0.00944061 9.57083
0.00985712 0
0.010292 0
0.0107461 0
0.0112202 55.162
0.0117152 0
0.0122321 0
0.0127717 0
0.0133352 0
0.0139236 0
0.0145378 0
0.0151792 0
0.0158489 0
0.0165482 0
0.0172783 0
0.0180406 0
0.0188365 0
0.0196675 0
0.0205353 0
0.0214412 0
0.0223872 0
0.0233749 0
0.0244062 0
0.025483 0
0.0266073 0
0.0277811 0
0.0290068 0
0.0302866 153.365
0.0316228 0
0.0330179 0
0.0344747 0
0.0359956 0
0.0375837 44.352
0.0392419 63.882
0.0409732 0
0.0427809 109.864
0.0446684 62.8195
0.0466391 12.0181
0.0486968 34.1247
0.0508452 93.6
0.0530884 0
0.0554307 0
0.0578762 112.885
0.0604296 14.4785
0.0630957 0
0.0658795 0
0.068786 89.91
0.0718208 304.833
0.0749894 0
0.0782979 84.1436
0.0817523 47.9454
0.0853591 0
0.0891251 0
0.0930572 0
0.0971628 107.554
0.10145 222.2
0.105925 238.979
0.110599 115.61
0.115478 0
0.120573 30.7626
0.125893 115.093
0.131447 83.1718
0.137246 84.9023
0.143301 101.85
0.149624 236.624
0.156225 170.784
0.163117 0
0.170314 195.022
0.177828 155.624
0.185674 0
0.193865 185.498
0.202418 117.633
0.211349 34.9911
0.220673 254.568
0.230409 96.3997
0.240575 0
0.251189 379.452
0.262271 152.645
0.273842 384.836
0.285924 111.47
0.298538 140.705
0.311709 21.4871
0.325462 247.82
0.339821 266.348
0.354813 336.137
0.370467 354.471
0.386812 308.009
0.403878 598.012
0.421697 201.934
0.440301 152.657
0.459727 324.735
0.48001 354.503
0.501187 274.453
0.523299 350.765
0.546387 96.6013
0.570493 234.101
0.595662 258.689
0.621942 701.305
0.649382 88.6516
0.678032 140.055
0.707946 520.162
0.73918 442.479
0.771792 488.406
0.805842 397.231
0.841395 206.52
0.878517 358.302
0.917276 160.898
0.957745 94.0092
1 152.86
1.04412 241.248
1.09018 213.934
1.13828 151.954
1.1885 191.422
1.24094 401.577
1.29569 43.5202
1.35285 135.446
1.41254 92.674
1.47486 280.555
1.53993 410.903
1.60787 103.345
1.6788 225.991
1.75287 134.463
1.83021 215.622
1.91095 264.061
1.99526 0
2.08329 70.2255
2.1752 89.5891
2.27117 427.232
2.37137 322.585
2.476 258.37
2.58523 360.544
2.69929 205.878
2.81838 88.3687
2.94273 217.439
3.07256 115.82
3.20812 267.705
3.34965 104.099
3.49744 55.8097
3.65174 50.8544
3.81285 223.973
3.98107 434.689
4.15671 347.523
4.3401 266.423
4.53158 0
4.73151 67.948
4.94026 0
5.15822 172.18
5.3858 98.6615
5.62341 179.677
5.87151 0
6.13056 178.39
6.40103 59.0414
6.68344 0
6.97831 106.511
7.28618 153.796
7.60764 103.296
7.94328 74.9924
8.29373 290.76
8.65964 110.209
9.0417 78.1267
9.44061 0
9.85712 68.4965
10.292 148.192
10.7461 407.031
11.2202 58.8336
11.7152 0
12.2321 119.828
12.7717 0
13.3352 101.755
13.9236 93.3935
14.5378 110.384
15.1792 0
15.8489 0
16.5482 169.347
17.2783 311.006
18.0406 115.138
18.8365 173.16
19.6675 165.952
20.5353 0
21.4412 106.371
22.3872 75.5602
23.3749 99.1077
24.4062 0
25.483 106.054
26.6073 34.9375
27.7811 0
29.0068 42.4993
30.2866 52.7727
31.6228 0
33.0179 116.329
34.4747 0
35.9956 119.144
37.5837 218.889
39.2419 0
40.9732 94.1401
42.7809 144.622
44.6684 0
46.6391 89.1963
48.6968 100.677
50.8452 93.4487
53.0884 128.495
55.4307 80.1022
57.8762 174.479
60.4296 125.469
63.0957 0
65.8795 27.0289
68.786 72.8926
71.8208 94.1858
74.9894 48.3622
78.2979 106.731
81.7523 89.1467
85.3591 83.8311
89.1251 99.7133
93.0572 223.073
97.1628 0
101.45 0
105.925 144.891
110.599 214.574
115.478 302.837
120.573 0
125.893 78.5027
131.447 86.6862
137.246 76.407
143.301 0
149.624 62.8039
156.225 72.3697
163.117 161.76
170.314 172.544
177.828 111.354
185.674 0
193.865 15.8327
202.418 45.2545
211.349 135.869
220.673 0
230.409 0
240.575 92.7206
251.189 525.226
262.271 146.437
273.842 112.612
285.924 180.52
298.538 253.758
311.709 237.326
325.462 88.1371
339.821 0
354.813 68.6489
370.467 82.229
386.812 98.475
403.878 0
421.697 0
440.301 0
459.727 0
480.01 0
501.187 0
523.299 0
546.387 0
570.493 0
595.662 0
621.942 0
649.382 0
678.032 0
707.946 0
739.18 0
771.792 0
805.842 0
841.395 0
878.517 0
917.276 0
957.745 0
1000 0
