# First line is two numbers 
#     First value is '2', it means 'histogram mode'
#     Second value is 'Emin' of the histogram
# Other lines : 2 columns. 1) energy 2) probability (nb divided by NbEvent)
# Number of bins = 480
# Content below the first bin: 0
# Content above the last  bin: 0
# Content above the last  bin: 0
# Number of events: 209000
2 1e-06
1.04412e-06 0
1.09018e-06 0
1.13828e-06 0
1.1885e-06 0
1.24094e-06 0
1.29569e-06 0
1.35285e-06 0
1.41254e-06 0
1.47486e-06 0
1.53993e-06 0
1.60787e-06 0
1.6788e-06 0
1.75287e-06 0
1.83021e-06 0
1.91095e-06 0
1.99526e-06 0
2.08329e-06 0
2.1752e-06 0
2.27117e-06 0
2.37137e-06 0
2.476e-06 0
2.58523e-06 0
2.69929e-06 0
2.81838e-06 0
2.94273e-06 0
3.07256e-06 0
3.20812e-06 0
3.34965e-06 0
3.49744e-06 0
3.65174e-06 0
3.81285e-06 0
3.98107e-06 0
4.15671e-06 0
4.3401e-06 0
4.53158e-06 0
4.73151e-06 0
4.94026e-06 0
5.15822e-06 0
5.3858e-06 0
5.62341e-06 0
5.87151e-06 0
6.13056e-06 0
6.40103e-06 0
6.68344e-06 0
6.97831e-06 0
7.28618e-06 0
7.60764e-06 0
7.94328e-06 0
8.29373e-06 0
8.65964e-06 0
9.0417e-06 0
9.44061e-06 0
9.85712e-06 0
1.0292e-05 0
1.07461e-05 0
1.12202e-05 0
1.17152e-05 0
1.22321e-05 0
1.27717e-05 0
1.33352e-05 0
1.39236e-05 0
1.45378e-05 0
1.51792e-05 0
1.58489e-05 0
1.65482e-05 0
1.72783e-05 0
1.80406e-05 0
1.88365e-05 0
1.96675e-05 0
2.05353e-05 0
2.14412e-05 0
2.23872e-05 0
2.33749e-05 0
2.44062e-05 0
2.5483e-05 0
2.66073e-05 0
2.77811e-05 0
2.90068e-05 0
3.02866e-05 0
3.16228e-05 0
3.30179e-05 0
3.44747e-05 0
3.59956e-05 0
3.75837e-05 0
3.92419e-05 0
4.09732e-05 0
4.27809e-05 0
4.46684e-05 0
4.66391e-05 0
4.86968e-05 0
5.08452e-05 0
5.30884e-05 0
5.54307e-05 0
5.78762e-05 0
6.04296e-05 0
6.30957e-05 0
6.58795e-05 0
6.8786e-05 0
7.18208e-05 0
7.49894e-05 0
7.82979e-05 0
8.17523e-05 0
8.53591e-05 0
8.91251e-05 0
9.30572e-05 0
9.71628e-05 0
0.00010145 0
0.000105925 0
0.000110599 0
0.000115478 0
0.000120573 0
0.000125893 0
0.000131447 0
0.000137246 0
0.000143301 0
0.000149624 0
0.000156225 0
0.000163117 0
0.000170314 0
0.000177828 0
0.000185674 0
0.000193865 0
0.000202418 0
0.000211349 0
0.000220673 0
0.000230409 0
0.000240575 0
0.000251189 0
0.000262271 0
0.000273842 0
0.000285924 0
0.000298538 0
0.000311709 0
0.000325462 0
0.000339821 0
0.000354813 0
0.000370467 0
0.000386812 0
0.000403878 0
0.000421697 0
0.000440301 0
0.000459727 0
0.00048001 0
0.000501187 0
0.000523299 0
0.000546387 0
0.000570493 0
0.000595662 0
0.000621942 0
0.000649382 0
0.000678032 0
0.000707946 0
0.00073918 0
0.000771792 0
0.000805842 0
0.000841395 0
0.000878517 0
0.000917276 0
0.000957745 0
0.001 0
0.00104412 0
0.00109018 0
0.00113828 0
0.0011885 0
0.00124094 0
0.00129569 0
0.00135285 0
0.00141254 0
0.00147486 0
0.00153993 0
0.00160787 0
0.0016788 0
0.00175287 0
0.00183021 0
0.00191095 0
0.00199526 0
0.00208329 0
0.0021752 0
0.00227117 0
0.00237137 0
0.002476 0
0.00258523 0
0.00269929 0
0.00281838 0
0.00294273 0
0.00307256 0
0.00320812 0
0.00334965 0
0.00349744 0
0.00365174 0
0.00381285 0
0.00398107 0
0.00415671 0
0.0043401 0
0.00453158 0
0.00473151 0
0.00494026 53.5296
0.00515822 0
0.0053858 0
0.00562341 0
0.00587151 0
0.00613056 0
0.00640103 0
0.00668344 0
0.00697831 0
0.00728618 0
0.00760764 66.4468
0.00794328 0
0.00829373 0
0.00865964 0
0.0090417 0
0.00944061 0
0.00985712 0
0.010292 0
0.0107461 0
0.0112202 0
0.0117152 0
0.0122321 0
0.0127717 0
0.0133352 0
0.0139236 0
0.0145378 0
0.0151792 0
0.0158489 0
0.0165482 0
0.0172783 0
0.0180406 0
0.0188365 0
0.0196675 0
0.0205353 0
0.0214412 0
0.0223872 106.118
0.0233749 0
0.0244062 0
0.025483 0
0.0266073 0
0.0277811 0
0.0290068 103.498
0.0302866 0
0.0316228 0
0.0330179 103.55
0.0344747 0
0.0359956 109.522
0.0375837 64.4305
0.0392419 0
0.0409732 0
0.0427809 0
0.0446684 0
0.0466391 0
0.0486968 0
0.0508452 61.2354
0.0530884 72.3398
0.0554307 104.753
0.0578762 110.298
0.0604296 87.0471
0.0630957 0
0.0658795 171.327
0.068786 0
0.0718208 0
0.0749894 202.798
0.0782979 71.6107
0.0817523 0
0.0853591 0
0.0891251 101.867
0.0930572 206.438
0.0971628 0
0.10145 65.4308
0.105925 66.2216
0.110599 44.6783
0.115478 46.6101
0.120573 0
0.125893 80.1078
0.131447 96.7252
0.137246 74.5599
0.143301 85.119
0.149624 183.579
0.156225 224.752
0.163117 0
0.170314 203.648
0.177828 213.417
0.185674 361.768
0.193865 346.899
0.202418 366.846
0.211349 45.9598
0.220673 93.195
0.230409 110.842
0.240575 87.1485
0.251189 22.8317
0.262271 279.549
0.273842 370.213
0.285924 30.9186
0.298538 187.392
0.311709 256.08
0.325462 117.599
0.339821 152.915
0.354813 65.9949
0.370467 268.568
0.386812 143.919
0.403878 0
0.421697 253.948
0.440301 369.02
0.459727 0
0.48001 277.873
0.501187 607.92
0.523299 180.061
0.546387 342.561
0.570493 178.282
0.595662 541.105
0.621942 198.049
0.649382 384.642
0.678032 155.627
0.707946 347.046
0.73918 178.718
0.771792 145.405
0.805842 158.045
0.841395 291.955
0.878517 90.6201
0.917276 264.266
0.957745 219.017
1 300.655
1.04412 301.183
1.09018 154.837
1.13828 167.723
1.1885 0
1.24094 285.443
1.29569 295.985
1.35285 40.8453
1.41254 311.955
1.47486 180.897
1.53993 440.141
1.60787 54.2312
1.6788 364.32
1.75287 116.048
1.83021 169.143
1.91095 101.928
1.99526 193.537
2.08329 79.7457
2.1752 357.576
2.27117 177.957
2.37137 175.291
2.476 0
2.58523 221.529
2.69929 260.852
2.81838 174.521
2.94273 193.268
3.07256 85.7005
3.20812 172.688
3.34965 0
3.49744 0
3.65174 259.242
3.81285 476.057
3.98107 50.3935
4.15671 173.165
4.3401 118.873
4.53158 73.4603
4.73151 88.7333
4.94026 0
5.15822 0
5.3858 0
5.62341 286.9
5.87151 0
6.13056 0
6.40103 247.902
6.68344 0
6.97831 0
7.28618 372.302
7.60764 0
7.94328 0
8.29373 269.486
8.65964 63.6999
9.0417 0
9.44061 350.299
9.85712 0
10.292 0
10.7461 55.2806
11.2202 100.777
11.7152 0
12.2321 79.5849
12.7717 34.7525
13.3352 0
13.9236 0
14.5378 0
15.1792 66.8277
15.8489 196.719
16.5482 0
17.2783 0
18.0406 0
18.8365 0
19.6675 0
20.5353 161.015
21.4412 0
22.3872 111.187
23.3749 116.477
24.4062 139.474
25.483 140.799
26.6073 96.8166
27.7811 334.827
29.0068 0
30.2866 93.5733
31.6228 142.342
33.0179 0
34.4747 0
35.9956 0
37.5837 108.743
39.2419 156.063
40.9732 77.7348
42.7809 0
44.6684 0
46.6391 0
48.6968 178.769
50.8452 0
53.0884 207.764
55.4307 0
57.8762 0
60.4296 0
63.0957 110.461
65.8795 71.2044
68.786 135.583
71.8208 108.891
74.9894 0
78.2979 168.314
81.7523 31.7241
85.3591 234.558
89.1251 53.9097
93.0572 248.707
97.1628 214.815
101.45 96.6415
105.925 32.9086
110.599 0
115.478 0
120.573 68.385
125.893 0
131.447 98.8343
137.246 0
143.301 198.588
149.624 105.296
156.225 138.866
163.117 0
170.314 0
177.828 114.112
185.674 166.687
193.865 0
202.418 90.4452
211.349 277.468
220.673 104.482
230.409 0
240.575 438.17
251.189 76.0318
262.271 193.909
273.842 373.711
285.924 0
298.538 31.4097
311.709 312.6
325.462 235.302
339.821 154.525
354.813 0
370.467 0
386.812 0
403.878 0
421.697 0
440.301 85.9557
459.727 0
480.01 0
501.187 0
523.299 63.3892
546.387 0
570.493 0
595.662 0
621.942 0
649.382 0
678.032 0
707.946 0
739.18 0
771.792 0
805.842 0
841.395 0
878.517 0
917.276 0
957.745 0
1000 0
