# First line is two numbers 
#     First value is '2', it means 'histogram mode'
#     Second value is 'Emin' of the histogram
# Other lines : 2 columns. 1) energy 2) probability (nb divided by NbEvent)
# Number of bins = 480
# Content below the first bin: 0
# Content above the last  bin: 0
# Content above the last  bin: 0
# Number of events: 209000
2 1e-06
1.04412e-06 0
1.09018e-06 0
1.13828e-06 0
1.1885e-06 0
1.24094e-06 0
1.29569e-06 0
1.35285e-06 0
1.41254e-06 0
1.47486e-06 0
1.53993e-06 0
1.60787e-06 0
1.6788e-06 0
1.75287e-06 0
1.83021e-06 0
1.91095e-06 0
1.99526e-06 0
2.08329e-06 0
2.1752e-06 0
2.27117e-06 0
2.37137e-06 0
2.476e-06 0
2.58523e-06 0
2.69929e-06 0
2.81838e-06 0
2.94273e-06 0
3.07256e-06 0
3.20812e-06 0
3.34965e-06 0
3.49744e-06 0
3.65174e-06 0
3.81285e-06 0
3.98107e-06 0
4.15671e-06 0
4.3401e-06 0
4.53158e-06 0
4.73151e-06 0
4.94026e-06 0
5.15822e-06 0
5.3858e-06 0
5.62341e-06 0
5.87151e-06 0
6.13056e-06 0
6.40103e-06 0
6.68344e-06 0
6.97831e-06 0
7.28618e-06 0
7.60764e-06 0
7.94328e-06 0
8.29373e-06 0
8.65964e-06 0
9.0417e-06 0
9.44061e-06 0
9.85712e-06 0
1.0292e-05 0
1.07461e-05 0
1.12202e-05 0
1.17152e-05 0
1.22321e-05 0
1.27717e-05 0
1.33352e-05 0
1.39236e-05 0
1.45378e-05 0
1.51792e-05 0
1.58489e-05 0
1.65482e-05 0
1.72783e-05 0
1.80406e-05 0
1.88365e-05 0
1.96675e-05 0
2.05353e-05 0
2.14412e-05 0
2.23872e-05 0
2.33749e-05 0
2.44062e-05 0
2.5483e-05 0
2.66073e-05 0
2.77811e-05 0
2.90068e-05 0
3.02866e-05 0
3.16228e-05 0
3.30179e-05 0
3.44747e-05 0
3.59956e-05 0
3.75837e-05 0
3.92419e-05 0
4.09732e-05 0
4.27809e-05 0
4.46684e-05 0
4.66391e-05 0
4.86968e-05 0
5.08452e-05 0
5.30884e-05 0
5.54307e-05 0
5.78762e-05 0
6.04296e-05 0
6.30957e-05 0
6.58795e-05 0
6.8786e-05 0
7.18208e-05 0
7.49894e-05 0
7.82979e-05 0
8.17523e-05 0
8.53591e-05 0
8.91251e-05 0
9.30572e-05 0
9.71628e-05 0
0.00010145 0
0.000105925 0
0.000110599 0
0.000115478 0
0.000120573 0
0.000125893 0
0.000131447 0
0.000137246 0
0.000143301 0
0.000149624 0
0.000156225 0
0.000163117 0
0.000170314 0
0.000177828 0
0.000185674 0
0.000193865 0
0.000202418 0
0.000211349 0
0.000220673 0
0.000230409 0
0.000240575 0
0.000251189 0
0.000262271 0
0.000273842 0
0.000285924 0
0.000298538 0
0.000311709 0
0.000325462 0
0.000339821 0
0.000354813 0
0.000370467 0
0.000386812 0
0.000403878 0
0.000421697 0
0.000440301 0
0.000459727 0
0.00048001 0
0.000501187 0
0.000523299 0
0.000546387 0
0.000570493 0
0.000595662 0
0.000621942 0
0.000649382 0
0.000678032 0
0.000707946 0
0.00073918 0
0.000771792 0
0.000805842 0
0.000841395 0
0.000878517 0
0.000917276 0
0.000957745 0
0.001 0
0.00104412 0
0.00109018 0
0.00113828 0
0.0011885 0
0.00124094 0
0.00129569 0
0.00135285 0
0.00141254 0
0.00147486 0
0.00153993 0
0.00160787 0
0.0016788 0
0.00175287 0
0.00183021 0
0.00191095 0
0.00199526 0
0.00208329 0
0.0021752 0
0.00227117 0
0.00237137 0
0.002476 0
0.00258523 0
0.00269929 0
0.00281838 0
0.00294273 0
0.00307256 0
0.00320812 0
0.00334965 0
0.00349744 0
0.00365174 0
0.00381285 0
0.00398107 0
0.00415671 0
0.0043401 0
0.00453158 0
0.00473151 0
0.00494026 0
0.00515822 0
0.0053858 0
0.00562341 0
0.00587151 0
0.00613056 0
0.00640103 0
0.00668344 0
0.00697831 0
0.00728618 0
0.00760764 0
0.00794328 0
0.00829373 0
0.00865964 0
0.0090417 0
0.00944061 0
0.00985712 0
0.010292 0
0.0107461 0
0.0112202 0
0.0117152 0
0.0122321 0
0.0127717 0
0.0133352 0
0.0139236 0
0.0145378 0
0.0151792 0
0.0158489 0
0.0165482 0
0.0172783 0
0.0180406 0
0.0188365 0
0.0196675 0
0.0205353 0
0.0214412 0
0.0223872 0
0.0233749 0
0.0244062 78.4739
0.025483 124.883
0.0266073 430.39
0.0277811 0
0.0290068 0
0.0302866 0
0.0316228 0
0.0330179 0
0.0344747 71.2544
0.0359956 0
0.0375837 0
0.0392419 0
0.0409732 0
0.0427809 0
0.0446684 0
0.0466391 62.6342
0.0486968 42.6314
0.0508452 109.485
0.0530884 0
0.0554307 0
0.0578762 113.457
0.0604296 0
0.0630957 0
0.0658795 0
0.068786 172.529
0.0718208 227.002
0.0749894 149.051
0.0782979 0
0.0817523 81.1388
0.0853591 74.2305
0.0891251 0
0.0930572 0
0.0971628 0
0.10145 0
0.105925 0
0.110599 55.8291
0.115478 83.3696
0.120573 238.339
0.125893 42.0589
0.131447 0
0.137246 191.824
0.143301 36.8385
0.149624 0
0.156225 235.248
0.163117 125.008
0.170314 422.819
0.177828 0
0.185674 293.499
0.193865 53.3963
0.202418 0
0.211349 192.507
0.220673 286.505
0.230409 0
0.240575 357.177
0.251189 0
0.262271 216.162
0.273842 154.736
0.285924 97.4319
0.298538 415.612
0.311709 500.097
0.325462 690.607
0.339821 258.682
0.354813 427.679
0.370467 495.213
0.386812 428.511
0.403878 38.4308
0.421697 438.411
0.440301 510.453
0.459727 226.403
0.48001 525.865
0.501187 508.78
0.523299 259.738
0.546387 823.628
0.570493 404.713
0.595662 580.664
0.621942 696.317
0.649382 1409.41
0.678032 1007.23
0.707946 990.906
0.73918 625.829
0.771792 500.645
0.805842 651.33
0.841395 903.129
0.878517 794.141
0.917276 1213.05
0.957745 996.454
1 1016.34
1.04412 522.49
1.09018 1030.08
1.13828 774.345
1.1885 1000.85
1.24094 780.601
1.29569 543.217
1.35285 712.462
1.41254 287.087
1.47486 516.344
1.53993 1024.95
1.60787 529.057
1.6788 591.684
1.75287 680.94
1.83021 429.585
1.91095 609.939
1.99526 533.388
2.08329 528.716
2.1752 293.066
2.27117 778.767
2.37137 379.713
2.476 518.152
2.58523 303.946
2.69929 653.408
2.81838 577.164
2.94273 425.986
3.07256 454.503
3.20812 866.333
3.34965 395.179
3.49744 809.337
3.65174 457.191
3.81285 247.139
3.98107 583.275
4.15671 576.633
4.3401 298.86
4.53158 133.399
4.73151 605.499
4.94026 233.354
5.15822 305.831
5.3858 267.602
5.62341 384.254
5.87151 203.383
6.13056 659.169
6.40103 531.251
6.68344 304.484
6.97831 332.734
7.28618 279.502
7.60764 181.735
7.94328 34.7603
8.29373 273.84
8.65964 332.305
9.0417 411.392
9.44061 155.694
9.85712 338.935
10.292 106.31
10.7461 737.137
11.2202 584.385
11.7152 124.886
12.2321 158.779
12.7717 394.51
13.3352 181.395
13.9236 67.7933
14.5378 255.149
15.1792 620.231
15.8489 74.808
16.5482 363.9
17.2783 380.378
18.0406 299.246
18.8365 1381.73
19.6675 344.917
20.5353 195.489
21.4412 537.278
22.3872 655.196
23.3749 387.34
24.4062 528.636
25.483 396.913
26.6073 504.167
27.7811 556.665
29.0068 566.986
30.2866 573.804
31.6228 757.411
33.0179 93.3791
34.4747 1005.68
35.9956 863.637
37.5837 220.05
39.2419 941.941
40.9732 599.89
42.7809 676.062
44.6684 955.358
46.6391 398.871
48.6968 586.879
50.8452 814.205
53.0884 1011.03
55.4307 858.323
57.8762 160.361
60.4296 1007.7
63.0957 546.68
65.8795 393.668
68.786 850.204
71.8208 996.21
74.9894 1266.49
78.2979 760.837
81.7523 893.283
85.3591 1046.36
89.1251 1158.62
93.0572 978.419
97.1628 1018.96
101.45 1625.16
105.925 1513.96
110.599 806.875
115.478 1699.73
120.573 1168.82
125.893 893.594
131.447 1071.03
137.246 796.07
143.301 467.168
149.624 737.264
156.225 863.03
163.117 523.404
170.314 907.388
177.828 1334.78
185.674 867.952
193.865 698.106
202.418 1108.6
211.349 1205.3
220.673 1516.18
230.409 910.325
240.575 825.136
251.189 858.357
262.271 433.311
273.842 473.711
285.924 414.769
298.538 84.5222
311.709 638.789
325.462 536.33
339.821 448.929
354.813 180.218
370.467 84.1442
386.812 174.965
403.878 0
421.697 166.197
440.301 363.481
459.727 67.0941
480.01 52.0435
501.187 0
523.299 110.938
546.387 0
570.493 0
595.662 0
621.942 97.6545
649.382 0
678.032 0
707.946 0
739.18 0
771.792 0
805.842 0
841.395 0
878.517 0
917.276 0
957.745 0
1000 0
