# First line is two numbers 
#     First value is '2', it means 'histogram mode'
#     Second value is 'Emin' of the histogram
# Other lines : 2 columns. 1) energy 2) probability (nb divided by NbEvent)
# Number of bins = 480
# Content below the first bin: 0
# Content above the last  bin: 0
# Content above the last  bin: 0
# Number of events: 209000
2 1e-06
1.04412e-06 0
1.09018e-06 0
1.13828e-06 0
1.1885e-06 0
1.24094e-06 0
1.29569e-06 0
1.35285e-06 0
1.41254e-06 0
1.47486e-06 0
1.53993e-06 0
1.60787e-06 0
1.6788e-06 0
1.75287e-06 0
1.83021e-06 0
1.91095e-06 0
1.99526e-06 0
2.08329e-06 0
2.1752e-06 0
2.27117e-06 0
2.37137e-06 0
2.476e-06 0
2.58523e-06 0
2.69929e-06 0
2.81838e-06 0
2.94273e-06 0
3.07256e-06 0
3.20812e-06 0
3.34965e-06 0
3.49744e-06 0
3.65174e-06 0
3.81285e-06 0
3.98107e-06 0
4.15671e-06 0
4.3401e-06 0
4.53158e-06 0
4.73151e-06 0
4.94026e-06 0
5.15822e-06 0
5.3858e-06 0
5.62341e-06 0
5.87151e-06 0
6.13056e-06 0
6.40103e-06 0
6.68344e-06 0
6.97831e-06 0
7.28618e-06 0
7.60764e-06 0
7.94328e-06 0
8.29373e-06 0
8.65964e-06 0
9.0417e-06 0
9.44061e-06 0
9.85712e-06 0
1.0292e-05 0
1.07461e-05 0
1.12202e-05 0
1.17152e-05 0
1.22321e-05 0
1.27717e-05 0
1.33352e-05 0
1.39236e-05 0
1.45378e-05 0
1.51792e-05 0
1.58489e-05 0
1.65482e-05 0
1.72783e-05 0
1.80406e-05 0
1.88365e-05 0
1.96675e-05 0
2.05353e-05 0
2.14412e-05 0
2.23872e-05 0
2.33749e-05 0
2.44062e-05 0
2.5483e-05 0
2.66073e-05 0
2.77811e-05 0
2.90068e-05 0
3.02866e-05 0
3.16228e-05 0
3.30179e-05 0
3.44747e-05 0
3.59956e-05 0
3.75837e-05 0
3.92419e-05 0
4.09732e-05 0
4.27809e-05 0
4.46684e-05 0
4.66391e-05 0
4.86968e-05 0
5.08452e-05 0
5.30884e-05 0
5.54307e-05 0
5.78762e-05 0
6.04296e-05 0
6.30957e-05 0
6.58795e-05 0
6.8786e-05 0
7.18208e-05 0
7.49894e-05 0
7.82979e-05 0
8.17523e-05 0
8.53591e-05 0
8.91251e-05 0
9.30572e-05 0
9.71628e-05 0
0.00010145 0
0.000105925 0
0.000110599 0
0.000115478 0
0.000120573 0
0.000125893 0
0.000131447 0
0.000137246 0
0.000143301 0
0.000149624 0
0.000156225 0
0.000163117 0
0.000170314 0
0.000177828 0
0.000185674 0
0.000193865 0
0.000202418 0
0.000211349 0
0.000220673 0
0.000230409 0
0.000240575 0
0.000251189 0
0.000262271 0
0.000273842 0
0.000285924 0
0.000298538 0
0.000311709 0
0.000325462 0
0.000339821 0
0.000354813 0
0.000370467 0
0.000386812 0
0.000403878 0
0.000421697 0
0.000440301 0
0.000459727 0
0.00048001 0
0.000501187 0
0.000523299 0
0.000546387 0
0.000570493 0
0.000595662 0
0.000621942 0
0.000649382 0
0.000678032 0
0.000707946 0
0.00073918 0
0.000771792 0
0.000805842 0
0.000841395 0
0.000878517 0
0.000917276 0
0.000957745 0
0.001 0
0.00104412 0
0.00109018 0
0.00113828 0
0.0011885 0
0.00124094 0
0.00129569 0
0.00135285 0
0.00141254 0
0.00147486 0
0.00153993 99.1246
0.00160787 0
0.0016788 0
0.00175287 0
0.00183021 0
0.00191095 0
0.00199526 0
0.00208329 0
0.0021752 91.5373
0.00227117 56.1406
0.00237137 0
0.002476 0
0.00258523 133.948
0.00269929 0
0.00281838 196.732
0.00294273 105.799
0.00307256 0
0.00320812 0
0.00334965 0
0.00349744 76.793
0.00365174 0
0.00381285 0
0.00398107 0
0.00415671 0
0.0043401 0
0.00453158 68.8631
0.00473151 0
0.00494026 0
0.00515822 262.67
0.0053858 103.713
0.00562341 71.9152
0.00587151 119.445
0.00613056 140.432
0.00640103 176.67
0.00668344 295.472
0.00697831 0
0.00728618 0
0.00760764 176.972
0.00794328 263.4
0.00829373 121.092
0.00865964 186.27
0.0090417 290.288
0.00944061 380.944
0.00985712 402.28
0.010292 343.38
0.0107461 494.128
0.0112202 201.593
0.0117152 563.669
0.0122321 415.836
0.0127717 467.742
0.0133352 480.478
0.0139236 270.836
0.0145378 962.381
0.0151792 773.07
0.0158489 880.885
0.0165482 794.948
0.0172783 1204.27
0.0180406 882.611
0.0188365 641.885
0.0196675 1342.64
0.0205353 1554.08
0.0214412 741.806
0.0223872 887.416
0.0233749 1211.06
0.0244062 1505.55
0.025483 1863.75
0.0266073 1501.6
0.0277811 1907.03
0.0290068 2361.03
0.0302866 3029.86
0.0316228 2128.76
0.0330179 2604.69
0.0344747 3192.27
0.0359956 2929.47
0.0375837 3710.87
0.0392419 3487.19
0.0409732 3294.53
0.0427809 2873.69
0.0446684 3824.82
0.0466391 5034.59
0.0486968 3502.96
0.0508452 5217.55
0.0530884 4638.78
0.0554307 3487.05
0.0578762 3982.81
0.0604296 5549.61
0.0630957 5939.78
0.0658795 4401.16
0.068786 5778.76
0.0718208 6772.92
0.0749894 6157.66
0.0782979 7570.97
0.0817523 7107.81
0.0853591 7730.68
0.0891251 8623.89
0.0930572 9050.62
0.0971628 9367.91
0.10145 8691.64
0.105925 9158.38
0.110599 10783.6
0.115478 11349.9
0.120573 11729.1
0.125893 11319.4
0.131447 11208.6
0.137246 10038.2
0.143301 10213.4
0.149624 11033.8
0.156225 9776.9
0.163117 13884.7
0.170314 12269
0.177828 13577.2
0.185674 12366.6
0.193865 10204.7
0.202418 13934.7
0.211349 11875.8
0.220673 12515
0.230409 13614.2
0.240575 11619.6
0.251189 12210.8
0.262271 12102.1
0.273842 15351.6
0.285924 15601.3
0.298538 13460.5
0.311709 14878.4
0.325462 14591.6
0.339821 14220.5
0.354813 15338.6
0.370467 14419.8
0.386812 13971
0.403878 14219.2
0.421697 15126.5
0.440301 13575.1
0.459727 13816.9
0.48001 15359.7
0.501187 14946.5
0.523299 12941
0.546387 14312.8
0.570493 12470.2
0.595662 15348.4
0.621942 13626.5
0.649382 11453
0.678032 12826.1
0.707946 12872.6
0.73918 11550.7
0.771792 12117.5
0.805842 11383.2
0.841395 10307.9
0.878517 10133.7
0.917276 10071.3
0.957745 9763.12
1 9501.81
1.04412 9684.54
1.09018 8290.96
1.13828 7377.16
1.1885 5818.78
1.24094 7034.92
1.29569 6134.19
1.35285 6012.08
1.41254 5751.13
1.47486 5539.95
1.53993 4692.88
1.60787 4428.17
1.6788 6135.81
1.75287 4433.99
1.83021 5032.55
1.91095 4718.29
1.99526 5576.29
2.08329 4459.3
2.1752 3154.75
2.27117 3752.63
2.37137 4139.39
2.476 4352.76
2.58523 3075.76
2.69929 4007.85
2.81838 3655.71
2.94273 3466.94
3.07256 2448
3.20812 2720.45
3.34965 2102.87
3.49744 3257.95
3.65174 3225.31
3.81285 2774.9
3.98107 2489.47
4.15671 2232.63
4.3401 2248.15
4.53158 2805.64
4.73151 1942.77
4.94026 1661.27
5.15822 2111.78
5.3858 2048.43
5.62341 2112.89
5.87151 2078.86
6.13056 1693.22
6.40103 1755.08
6.68344 2528.46
6.97831 1527.31
7.28618 2211.15
7.60764 1786.29
7.94328 2351.37
8.29373 2277.61
8.65964 1730.08
9.0417 1899.43
9.44061 1109.27
9.85712 1422.58
10.292 1253.42
10.7461 1864.7
11.2202 920.99
11.7152 1544.76
12.2321 1054.39
12.7717 1122.42
13.3352 1291.25
13.9236 1331.36
14.5378 1612.48
15.1792 983.531
15.8489 1161.29
16.5482 1139.86
17.2783 1523.36
18.0406 1399.63
18.8365 1758.24
19.6675 1223.35
20.5353 1604.95
21.4412 1512.84
22.3872 787.804
23.3749 1685.2
24.4062 1502.76
25.483 1314.41
26.6073 1689.87
27.7811 1365.6
29.0068 1793.93
30.2866 1644.69
31.6228 2173.08
33.0179 2536.62
34.4747 1250.32
35.9956 1374.12
37.5837 1905.68
39.2419 1637.47
40.9732 1529.89
42.7809 1876.66
44.6684 2032.21
46.6391 1258.99
48.6968 2021.09
50.8452 1903.64
53.0884 2926.46
55.4307 1552.71
57.8762 1216.01
60.4296 2716.7
63.0957 2457.45
65.8795 2283.41
68.786 2588.89
71.8208 2665.68
74.9894 3498.27
78.2979 2739.6
81.7523 2282.81
85.3591 2848.43
89.1251 2604.34
93.0572 2812.6
97.1628 3048.19
101.45 2337.45
105.925 3265.8
110.599 2419.52
115.478 2879.3
120.573 2712.55
125.893 3281.97
131.447 3733.75
137.246 3017.14
143.301 2748.2
149.624 3241.88
156.225 3360.14
163.117 4518.84
170.314 3698.24
177.828 4001.23
185.674 4691.44
193.865 3330.56
202.418 4957.81
211.349 4176.95
220.673 4282.38
230.409 4023.47
240.575 4054.59
251.189 4252.28
262.271 4987.58
273.842 4240.84
285.924 5265.72
298.538 4900.99
311.709 5125.94
325.462 6322.44
339.821 4762.63
354.813 3902.14
370.467 4291.97
386.812 3942.71
403.878 2936.73
421.697 1893.82
440.301 2502.41
459.727 1417.85
480.01 1183.64
501.187 1115.75
523.299 866.369
546.387 902.301
570.493 602.489
595.662 471.688
621.942 853.224
649.382 420.576
678.032 484.653
707.946 198.721
739.18 313.644
771.792 202.401
805.842 323.872
841.395 45.76
878.517 0
917.276 0
957.745 80.807
1000 59.2838
