# First line is two numbers 
#     First value is '2', it means 'histogram mode'
#     Second value is 'Emin' of the histogram
# Other lines : 2 columns. 1) energy 2) probability (nb divided by NbEvent)
# Number of bins = 480
# Content below the first bin: 0
# Content above the last  bin: 1
# Content above the last  bin: 1
# Number of events: 209000
2 1e-06
1.04412e-06 0
1.09018e-06 0
1.13828e-06 0
1.1885e-06 0
1.24094e-06 0
1.29569e-06 0
1.35285e-06 0
1.41254e-06 0
1.47486e-06 0
1.53993e-06 0
1.60787e-06 0
1.6788e-06 0
1.75287e-06 0
1.83021e-06 0
1.91095e-06 0
1.99526e-06 0
2.08329e-06 0
2.1752e-06 0
2.27117e-06 0
2.37137e-06 0
2.476e-06 0
2.58523e-06 0
2.69929e-06 0
2.81838e-06 0
2.94273e-06 0
3.07256e-06 0
3.20812e-06 0
3.34965e-06 0
3.49744e-06 0
3.65174e-06 0
3.81285e-06 0
3.98107e-06 0
4.15671e-06 0
4.3401e-06 0
4.53158e-06 0
4.73151e-06 0
4.94026e-06 0
5.15822e-06 0
5.3858e-06 0
5.62341e-06 0
5.87151e-06 0
6.13056e-06 0
6.40103e-06 0
6.68344e-06 0
6.97831e-06 0
7.28618e-06 0
7.60764e-06 0
7.94328e-06 0
8.29373e-06 0
8.65964e-06 0
9.0417e-06 0
9.44061e-06 0
9.85712e-06 0
1.0292e-05 0
1.07461e-05 0
1.12202e-05 0
1.17152e-05 0
1.22321e-05 0
1.27717e-05 0
1.33352e-05 0
1.39236e-05 0
1.45378e-05 0
1.51792e-05 0
1.58489e-05 0
1.65482e-05 0
1.72783e-05 0
1.80406e-05 0
1.88365e-05 0
1.96675e-05 0
2.05353e-05 0
2.14412e-05 0
2.23872e-05 0
2.33749e-05 0
2.44062e-05 0
2.5483e-05 0
2.66073e-05 0
2.77811e-05 0
2.90068e-05 0
3.02866e-05 0
3.16228e-05 0
3.30179e-05 0
3.44747e-05 0
3.59956e-05 0
3.75837e-05 0
3.92419e-05 0
4.09732e-05 0
4.27809e-05 0
4.46684e-05 0
4.66391e-05 0
4.86968e-05 0
5.08452e-05 0
5.30884e-05 0
5.54307e-05 0
5.78762e-05 0
6.04296e-05 0
6.30957e-05 0
6.58795e-05 0
6.8786e-05 0
7.18208e-05 0
7.49894e-05 0
7.82979e-05 0
8.17523e-05 0
8.53591e-05 0
8.91251e-05 0
9.30572e-05 0
9.71628e-05 0
0.00010145 0
0.000105925 0
0.000110599 0
0.000115478 0
0.000120573 0
0.000125893 0
0.000131447 0
0.000137246 0
0.000143301 0
0.000149624 0
0.000156225 0
0.000163117 0
0.000170314 0
0.000177828 0
0.000185674 0
0.000193865 0
0.000202418 0
0.000211349 0
0.000220673 0
0.000230409 0
0.000240575 0
0.000251189 0
0.000262271 0
0.000273842 0
0.000285924 0
0.000298538 0
0.000311709 0
0.000325462 0
0.000339821 0
0.000354813 1
0.000370467 0
0.000386812 0
0.000403878 0
0.000421697 0
0.000440301 0
0.000459727 0
0.00048001 0
0.000501187 1
0.000523299 0
0.000546387 0
0.000570493 0
0.000595662 0
0.000621942 0
0.000649382 0
0.000678032 0
0.000707946 0
0.00073918 0
0.000771792 0
0.000805842 0
0.000841395 0
0.000878517 0
0.000917276 0
0.000957745 0
0.001 0
0.00104412 0
0.00109018 0
0.00113828 0
0.0011885 0
0.00124094 0
0.00129569 0
0.00135285 0
0.00141254 0
0.00147486 0
0.00153993 0
0.00160787 1
0.0016788 0
0.00175287 0
0.00183021 0
0.00191095 0
0.00199526 0
0.00208329 0
0.0021752 0
0.00227117 0
0.00237137 0
0.002476 1
0.00258523 1
0.00269929 0
0.00281838 1
0.00294273 0
0.00307256 2
0.00320812 1
0.00334965 1
0.00349744 0
0.00365174 1
0.00381285 1
0.00398107 0
0.00415671 3
0.0043401 1
0.00453158 0
0.00473151 0
0.00494026 2
0.00515822 1
0.0053858 2
0.00562341 3
0.00587151 0
0.00613056 1
0.00640103 1
0.00668344 2
0.00697831 2
0.00728618 2
0.00760764 2
0.00794328 0
0.00829373 4
0.00865964 11
0.0090417 3
0.00944061 3
0.00985712 2
0.010292 4
0.0107461 5
0.0112202 3
0.0117152 7
0.0122321 6
0.0127717 6
0.0133352 12
0.0139236 5
0.0145378 11
0.0151792 7
0.0158489 5
0.0165482 12
0.0172783 20
0.0180406 10
0.0188365 16
0.0196675 19
0.0205353 14
0.0214412 8
0.0223872 18
0.0233749 26
0.0244062 13
0.025483 17
0.0266073 16
0.0277811 26
0.0290068 37
0.0302866 27
0.0316228 30
0.0330179 32
0.0344747 35
0.0359956 33
0.0375837 56
0.0392419 43
0.0409732 41
0.0427809 40
0.0446684 45
0.0466391 49
0.0486968 59
0.0508452 57
0.0530884 66
0.0554307 40
0.0578762 56
0.0604296 75
0.0630957 64
0.0658795 88
0.068786 74
0.0718208 81
0.0749894 94
0.0782979 87
0.0817523 97
0.0853591 99
0.0891251 104
0.0930572 98
0.0971628 114
0.10145 113
0.105925 109
0.110599 133
0.115478 135
0.120573 118
0.125893 139
0.131447 122
0.137246 140
0.143301 140
0.149624 179
0.156225 123
0.163117 156
0.170314 155
0.177828 153
0.185674 146
0.193865 150
0.202418 151
0.211349 153
0.220673 164
0.230409 161
0.240575 144
0.251189 152
0.262271 171
0.273842 147
0.285924 176
0.298538 183
0.311709 166
0.325462 172
0.339821 174
0.354813 179
0.370467 168
0.386812 185
0.403878 194
0.421697 178
0.440301 202
0.459727 170
0.48001 178
0.501187 185
0.523299 184
0.546387 175
0.570493 188
0.595662 155
0.621942 157
0.649382 152
0.678032 166
0.707946 160
0.73918 159
0.771792 139
0.805842 153
0.841395 120
0.878517 119
0.917276 122
0.957745 125
1 99
1.04412 110
1.09018 117
1.13828 89
1.1885 94
1.24094 119
1.29569 76
1.35285 81
1.41254 86
1.47486 50
1.53993 68
1.60787 64
1.6788 59
1.75287 48
1.83021 57
1.91095 62
1.99526 55
2.08329 57
2.1752 41
2.27117 61
2.37137 39
2.476 53
2.58523 46
2.69929 40
2.81838 43
2.94273 45
3.07256 41
3.20812 45
3.34965 44
3.49744 51
3.65174 26
3.81285 26
3.98107 36
4.15671 28
4.3401 35
4.53158 37
4.73151 30
4.94026 26
5.15822 34
5.3858 33
5.62341 27
5.87151 26
6.13056 24
6.40103 18
6.68344 25
6.97831 19
7.28618 20
7.60764 20
7.94328 14
8.29373 28
8.65964 18
9.0417 13
9.44061 16
9.85712 12
10.292 27
10.7461 23
11.2202 18
11.7152 12
12.2321 18
12.7717 14
13.3352 18
13.9236 15
14.5378 16
15.1792 13
15.8489 14
16.5482 16
17.2783 18
18.0406 18
18.8365 27
19.6675 20
20.5353 18
21.4412 18
22.3872 15
23.3749 16
24.4062 15
25.483 11
26.6073 20
27.7811 23
29.0068 20
30.2866 18
31.6228 18
33.0179 19
34.4747 18
35.9956 22
37.5837 15
39.2419 17
40.9732 22
42.7809 26
44.6684 28
46.6391 18
48.6968 18
50.8452 26
53.0884 25
55.4307 36
57.8762 35
60.4296 34
63.0957 38
65.8795 31
68.786 41
71.8208 40
74.9894 27
78.2979 36
81.7523 37
85.3591 39
89.1251 25
93.0572 40
97.1628 34
101.45 39
105.925 45
110.599 41
115.478 39
120.573 55
125.893 31
131.447 45
137.246 45
143.301 33
149.624 46
156.225 41
163.117 39
170.314 39
177.828 60
185.674 49
193.865 50
202.418 60
211.349 51
220.673 47
230.409 49
240.575 44
251.189 61
262.271 65
273.842 66
285.924 63
298.538 70
311.709 55
325.462 62
339.821 55
354.813 47
370.467 63
386.812 43
403.878 42
421.697 35
440.301 31
459.727 12
480.01 15
501.187 10
523.299 13
546.387 7
570.493 12
595.662 3
621.942 3
649.382 5
678.032 1
707.946 2
739.18 3
771.792 0
805.842 3
841.395 1
878.517 0
917.276 1
957.745 0
1000 0
