# First line is two numbers 
#     First value is '2', it means 'histogram mode'
#     Second value is 'Emin' of the histogram
# Other lines : 2 columns. 1) energy 2) probability (nb divided by NbEvent)
# Number of bins = 480
# Content below the first bin: 0
# Content above the last  bin: 0
# Content above the last  bin: 0
# Number of events: 209000
2 1e-06
1.04412e-06 0
1.09018e-06 0
1.13828e-06 0
1.1885e-06 0
1.24094e-06 0
1.29569e-06 0
1.35285e-06 0
1.41254e-06 0
1.47486e-06 0
1.53993e-06 0
1.60787e-06 0
1.6788e-06 0
1.75287e-06 0
1.83021e-06 0
1.91095e-06 0
1.99526e-06 0
2.08329e-06 0
2.1752e-06 0
2.27117e-06 0
2.37137e-06 0
2.476e-06 0
2.58523e-06 0
2.69929e-06 0
2.81838e-06 0
2.94273e-06 0
3.07256e-06 0
3.20812e-06 0
3.34965e-06 0
3.49744e-06 0
3.65174e-06 0
3.81285e-06 0
3.98107e-06 0
4.15671e-06 0
4.3401e-06 0
4.53158e-06 0
4.73151e-06 0
4.94026e-06 0
5.15822e-06 0
5.3858e-06 0
5.62341e-06 0
5.87151e-06 0
6.13056e-06 0
6.40103e-06 0
6.68344e-06 0
6.97831e-06 0
7.28618e-06 0
7.60764e-06 0
7.94328e-06 0
8.29373e-06 0
8.65964e-06 0
9.0417e-06 0
9.44061e-06 0
9.85712e-06 0
1.0292e-05 0
1.07461e-05 0
1.12202e-05 0
1.17152e-05 0
1.22321e-05 0
1.27717e-05 0
1.33352e-05 0
1.39236e-05 0
1.45378e-05 0
1.51792e-05 0
1.58489e-05 0
1.65482e-05 0
1.72783e-05 0
1.80406e-05 0
1.88365e-05 0
1.96675e-05 0
2.05353e-05 0
2.14412e-05 0
2.23872e-05 0
2.33749e-05 0
2.44062e-05 0
2.5483e-05 0
2.66073e-05 0
2.77811e-05 0
2.90068e-05 0
3.02866e-05 0
3.16228e-05 0
3.30179e-05 0
3.44747e-05 0
3.59956e-05 0
3.75837e-05 0
3.92419e-05 0
4.09732e-05 0
4.27809e-05 0
4.46684e-05 0
4.66391e-05 0
4.86968e-05 0
5.08452e-05 0
5.30884e-05 0
5.54307e-05 0
5.78762e-05 0
6.04296e-05 0
6.30957e-05 0
6.58795e-05 0
6.8786e-05 0
7.18208e-05 0
7.49894e-05 0
7.82979e-05 0
8.17523e-05 0
8.53591e-05 0
8.91251e-05 0
9.30572e-05 0
9.71628e-05 0
0.00010145 0
0.000105925 0
0.000110599 0
0.000115478 0
0.000120573 0
0.000125893 0
0.000131447 0
0.000137246 0
0.000143301 0
0.000149624 0
0.000156225 0
0.000163117 0
0.000170314 0
0.000177828 0
0.000185674 0
0.000193865 0
0.000202418 0
0.000211349 0
0.000220673 0
0.000230409 0
0.000240575 0
0.000251189 0
0.000262271 0
0.000273842 0
0.000285924 0
0.000298538 0
0.000311709 0
0.000325462 0
0.000339821 0
0.000354813 0
0.000370467 0
0.000386812 0
0.000403878 0
0.000421697 0
0.000440301 0
0.000459727 0
0.00048001 0
0.000501187 0
0.000523299 0
0.000546387 0
0.000570493 0
0.000595662 103.368
0.000621942 0
0.000649382 0
0.000678032 0
0.000707946 99.8997
0.00073918 0
0.000771792 0
0.000805842 0
0.000841395 0
0.000878517 0
0.000917276 0
0.000957745 0
0.001 0
0.00104412 0
0.00109018 114.822
0.00113828 0
0.0011885 0
0.00124094 0
0.00129569 0
0.00135285 53.1445
0.00141254 0
0.00147486 0
0.00153993 0
0.00160787 0
0.0016788 0
0.00175287 0
0.00183021 0
0.00191095 73.161
0.00199526 0
0.00208329 0
0.0021752 0
0.00227117 0
0.00237137 40.4029
0.002476 0
0.00258523 0
0.00269929 89.951
0.00281838 73.4322
0.00294273 0
0.00307256 0
0.00320812 0
0.00334965 84.0149
0.00349744 0
0.00365174 0
0.00381285 165.309
0.00398107 0
0.00415671 164.573
0.0043401 0
0.00453158 0
0.00473151 220.448
0.00494026 145.305
0.00515822 0
0.0053858 66.5992
0.00562341 0
0.00587151 171.237
0.00613056 47.8499
0.00640103 163.125
0.00668344 93.9881
0.00697831 0
0.00728618 199.481
0.00760764 267.621
0.00794328 283.911
0.00829373 94.5788
0.00865964 153.386
0.0090417 111.375
0.00944061 713.384
0.00985712 366.507
0.010292 116.945
0.0107461 405.631
0.0112202 365.388
0.0117152 237.176
0.0122321 772.24
0.0127717 687.565
0.0133352 653.179
0.0139236 377.192
0.0145378 581.908
0.0151792 892.418
0.0158489 790.372
0.0165482 732.612
0.0172783 945.081
0.0180406 1050.79
0.0188365 1683.58
0.0196675 1491.57
0.0205353 1093.36
0.0214412 939.318
0.0223872 1192.07
0.0233749 1167.19
0.0244062 1707.26
0.025483 2024.35
0.0266073 1217.2
0.0277811 2407.36
0.0290068 2422.84
0.0302866 2565.76
0.0316228 3102.67
0.0330179 2797.01
0.0344747 2239.42
0.0359956 1673.83
0.0375837 3121.88
0.0392419 3180.12
0.0409732 3323.61
0.0427809 4024.62
0.0446684 4527.57
0.0466391 3780.75
0.0486968 4433.89
0.0508452 4385.94
0.0530884 5222.72
0.0554307 3052.58
0.0578762 4348.95
0.0604296 5043.26
0.0630957 6589.34
0.0658795 4663.05
0.068786 5176.4
0.0718208 6749.28
0.0749894 6210.78
0.0782979 6551.25
0.0817523 6738.36
0.0853591 6397.61
0.0891251 9230.96
0.0930572 9046.77
0.0971628 8500.34
0.10145 9396.92
0.105925 9010.61
0.110599 10529.5
0.115478 10746.7
0.120573 11302.3
0.125893 10711.7
0.131447 11656.2
0.137246 10309.1
0.143301 11140.7
0.149624 11272.1
0.156225 11891.8
0.163117 13820.4
0.170314 13214.4
0.177828 11078.1
0.185674 12758.7
0.193865 11437.1
0.202418 11760.5
0.211349 10671.8
0.220673 12470.9
0.230409 13718.7
0.240575 13970
0.251189 12539.3
0.262271 13431.2
0.273842 14994.8
0.285924 14694.4
0.298538 17275.6
0.311709 16041
0.325462 13076.2
0.339821 14299.8
0.354813 12759.5
0.370467 12949.1
0.386812 13601.8
0.403878 12914.5
0.421697 16242.7
0.440301 14170.4
0.459727 13250.4
0.48001 12869.5
0.501187 14430.6
0.523299 13680
0.546387 13398.5
0.570493 14190.9
0.595662 13221.7
0.621942 14407.5
0.649382 14148.1
0.678032 13522.2
0.707946 12902.7
0.73918 14230.3
0.771792 9805.48
0.805842 14728.5
0.841395 12335.1
0.878517 11758.3
0.917276 10653.4
0.957745 12069
1 7866.06
1.04412 8333.73
1.09018 10029.9
1.13828 8897.89
1.1885 8852.9
1.24094 7324.66
1.29569 6025.24
1.35285 5236.02
1.41254 5229.38
1.47486 5238.92
1.53993 6836.06
1.60787 4556.67
1.6788 4143.31
1.75287 5169.38
1.83021 4832.45
1.91095 3693.84
1.99526 5293.48
2.08329 3524.36
2.1752 3511.59
2.27117 4063.84
2.37137 4169.28
2.476 3787
2.58523 2942.03
2.69929 3543.66
2.81838 3638.67
2.94273 2861.87
3.07256 3989.29
3.20812 2796.56
3.34965 3107.19
3.49744 3247.04
3.65174 2422.46
3.81285 1992.74
3.98107 3204.98
4.15671 1716.93
4.3401 2223
4.53158 2920.03
4.73151 2661.66
4.94026 2193.83
5.15822 1488.53
5.3858 1440.42
5.62341 2308.63
5.87151 1325.53
6.13056 2220.21
6.40103 1245.56
6.68344 1441.87
6.97831 1484.54
7.28618 1281.32
7.60764 1329.15
7.94328 1850.68
8.29373 1556.27
8.65964 2188.24
9.0417 763.866
9.44061 1900.74
9.85712 1090.04
10.292 1585.92
10.7461 1177.65
11.2202 1008.42
11.7152 1393.97
12.2321 1177.82
12.7717 1551.67
13.3352 911.148
13.9236 1711.22
14.5378 1039.56
15.1792 1626.22
15.8489 1334.94
16.5482 824.597
17.2783 1359.5
18.0406 845.88
18.8365 1257.63
19.6675 982.11
20.5353 1639.31
21.4412 1209.36
22.3872 2010.23
23.3749 1297.42
24.4062 1344.89
25.483 1353.1
26.6073 1719.56
27.7811 1432.83
29.0068 1519.93
30.2866 1193.58
31.6228 1756.71
33.0179 2270.51
34.4747 1598.33
35.9956 1272.77
37.5837 1788.97
39.2419 1134.63
40.9732 1796.71
42.7809 1907.93
44.6684 2075.2
46.6391 2226.32
48.6968 2012.01
50.8452 2225.25
53.0884 3341.68
55.4307 2896.97
57.8762 2297.62
60.4296 2947.55
63.0957 2729.59
65.8795 2514.69
68.786 2306.64
71.8208 3040.05
74.9894 2551.74
78.2979 1902.54
81.7523 2479.6
85.3591 2753.47
89.1251 2991.8
93.0572 2360.22
97.1628 2736.48
101.45 3107.14
105.925 3238.66
110.599 3676.75
115.478 3176.42
120.573 2158.16
125.893 3955.53
131.447 3606.42
137.246 3895.31
143.301 3700.71
149.624 3168.4
156.225 3385.98
163.117 3458.14
170.314 3325.21
177.828 4151.06
185.674 4588.7
193.865 4124.49
202.418 3247.37
211.349 4301.53
220.673 4671.88
230.409 3990.35
240.575 4650.86
251.189 4617.43
262.271 4057.94
273.842 4286.5
285.924 4117.14
298.538 6596.78
311.709 5192.04
325.462 5060.36
339.821 4671.57
354.813 4572.04
370.467 4030.75
386.812 3483.99
403.878 3018.57
421.697 1954.58
440.301 2747.83
459.727 920.666
480.01 1594.02
501.187 1011.43
523.299 626.09
546.387 563.597
570.493 96.9582
595.662 395.933
621.942 434.654
649.382 0
678.032 69.1788
707.946 0
739.18 234.156
771.792 358.283
805.842 231.044
841.395 197.449
878.517 0
917.276 95.776
957.745 0
1000 273.483
