# First line is two numbers 
#     First value is '2', it means 'histogram mode'
#     Second value is 'Emin' of the histogram
# Other lines : 2 columns. 1) energy 2) probability (nb divided by NbEvent)
# Number of bins = 480
# Content below the first bin: 0
# Content above the last  bin: 8.7808
# Content above the last  bin: 8.7808
# Number of events: 209000
2 1e-06
1.04412e-06 0
1.09018e-06 0
1.13828e-06 0
1.1885e-06 0
1.24094e-06 0
1.29569e-06 0
1.35285e-06 0
1.41254e-06 0
1.47486e-06 0
1.53993e-06 0
1.60787e-06 0
1.6788e-06 0
1.75287e-06 0
1.83021e-06 0
1.91095e-06 0
1.99526e-06 0
2.08329e-06 0
2.1752e-06 0
2.27117e-06 0
2.37137e-06 0
2.476e-06 0
2.58523e-06 0
2.69929e-06 0
2.81838e-06 0
2.94273e-06 0
3.07256e-06 0
3.20812e-06 0
3.34965e-06 0
3.49744e-06 0
3.65174e-06 0
3.81285e-06 0
3.98107e-06 0
4.15671e-06 0
4.3401e-06 0
4.53158e-06 0
4.73151e-06 0
4.94026e-06 0
5.15822e-06 0
5.3858e-06 0
5.62341e-06 0
5.87151e-06 0
6.13056e-06 0
6.40103e-06 0
6.68344e-06 0
6.97831e-06 0
7.28618e-06 0
7.60764e-06 0
7.94328e-06 0
8.29373e-06 0
8.65964e-06 0
9.0417e-06 0
9.44061e-06 0
9.85712e-06 0
1.0292e-05 0
1.07461e-05 0
1.12202e-05 0
1.17152e-05 0
1.22321e-05 0
1.27717e-05 0
1.33352e-05 0
1.39236e-05 0
1.45378e-05 0
1.51792e-05 0
1.58489e-05 0
1.65482e-05 0
1.72783e-05 0
1.80406e-05 0
1.88365e-05 0
1.96675e-05 0
2.05353e-05 0
2.14412e-05 0
2.23872e-05 0
2.33749e-05 0
2.44062e-05 0
2.5483e-05 0
2.66073e-05 0
2.77811e-05 0
2.90068e-05 0
3.02866e-05 0
3.16228e-05 0
3.30179e-05 0
3.44747e-05 0
3.59956e-05 0
3.75837e-05 0
3.92419e-05 0
4.09732e-05 0
4.27809e-05 0
4.46684e-05 0
4.66391e-05 0
4.86968e-05 0
5.08452e-05 0
5.30884e-05 0
5.54307e-05 0
5.78762e-05 0
6.04296e-05 0
6.30957e-05 0
6.58795e-05 0
6.8786e-05 0
7.18208e-05 0
7.49894e-05 0
7.82979e-05 0
8.17523e-05 0
8.53591e-05 0
8.91251e-05 0
9.30572e-05 0
9.71628e-05 0
0.00010145 0
0.000105925 0
0.000110599 0
0.000115478 0
0.000120573 0
0.000125893 0
0.000131447 0
0.000137246 0
0.000143301 0
0.000149624 0
0.000156225 0
0.000163117 0
0.000170314 0
0.000177828 0
0.000185674 0
0.000193865 0
0.000202418 0
0.000211349 0
0.000220673 0
0.000230409 0
0.000240575 0
0.000251189 0
0.000262271 0
0.000273842 0
0.000285924 0
0.000298538 0
0.000311709 0
0.000325462 0
0.000339821 0
0.000354813 0
0.000370467 0
0.000386812 0
0.000403878 0
0.000421697 69.434
0.000440301 0
0.000459727 0
0.00048001 0
0.000501187 0
0.000523299 0
0.000546387 0
0.000570493 0
0.000595662 0
0.000621942 0
0.000649382 0
0.000678032 0
0.000707946 0
0.00073918 0
0.000771792 0
0.000805842 0
0.000841395 0
0.000878517 0
0.000917276 0
0.000957745 0
0.001 0
0.00104412 0
0.00109018 0
0.00113828 0
0.0011885 0
0.00124094 0
0.00129569 0
0.00135285 0
0.00141254 0
0.00147486 0
0.00153993 0
0.00160787 0
0.0016788 0
0.00175287 0
0.00183021 0
0.00191095 0
0.00199526 0
0.00208329 0
0.0021752 0
0.00227117 0
0.00237137 35.2664
0.002476 0
0.00258523 80.9196
0.00269929 0
0.00281838 0
0.00294273 0
0.00307256 0
0.00320812 0
0.00334965 94.5913
0.00349744 0
0.00365174 0
0.00381285 0
0.00398107 0
0.00415671 0
0.0043401 152.112
0.00453158 107.29
0.00473151 117.984
0.00494026 0
0.00515822 108.271
0.0053858 89.877
0.00562341 211.261
0.00587151 66.5287
0.00613056 0
0.00640103 205.836
0.00668344 156.956
0.00697831 241.999
0.00728618 148.525
0.00760764 239.901
0.00794328 69.246
0.00829373 182.84
0.00865964 63.1807
0.0090417 192.88
0.00944061 429.036
0.00985712 271.031
0.010292 253.816
0.0107461 288.975
0.0112202 468.023
0.0117152 355.745
0.0122321 594.322
0.0127717 400.172
0.0133352 389.575
0.0139236 433.107
0.0145378 796.069
0.0151792 167.788
0.0158489 884.546
0.0165482 906.599
0.0172783 632.18
0.0180406 1220.64
0.0188365 1353.01
0.0196675 730.862
0.0205353 1693.2
0.0214412 855.187
0.0223872 1673.68
0.0233749 1263.92
0.0244062 2276.78
0.025483 1448.94
0.0266073 1963.17
0.0277811 2554.54
0.0290068 2418.83
0.0302866 1377.89
0.0316228 2475.68
0.0330179 1898.52
0.0344747 3595.12
0.0359956 2659.12
0.0375837 3231.58
0.0392419 2812.97
0.0409732 3393.03
0.0427809 2881.31
0.0446684 2886.72
0.0466391 3788.52
0.0486968 3565.6
0.0508452 3436.18
0.0530884 5101.86
0.0554307 4303.97
0.0578762 5270.64
0.0604296 5108.2
0.0630957 5998.9
0.0658795 5292.33
0.068786 7527.95
0.0718208 6777.34
0.0749894 7966.31
0.0782979 7875.45
0.0817523 6873.4
0.0853591 7325.12
0.0891251 8267.37
0.0930572 8326.27
0.0971628 8619.12
0.10145 7898.99
0.105925 11318.9
0.110599 8218.73
0.115478 9716.3
0.120573 10732.5
0.125893 9788.77
0.131447 11299
0.137246 9539.05
0.143301 13410.3
0.149624 11414.9
0.156225 10845.8
0.163117 12619.4
0.170314 9980.19
0.177828 11909.2
0.185674 12279.8
0.193865 11619.3
0.202418 12768.3
0.211349 11835.4
0.220673 13600.3
0.230409 13066
0.240575 11949.5
0.251189 12669.2
0.262271 12595.6
0.273842 11799.7
0.285924 13996.2
0.298538 12227.5
0.311709 13609.8
0.325462 11848.5
0.339821 14554.4
0.354813 13423.8
0.370467 14010.8
0.386812 15030.1
0.403878 12118.1
0.421697 13886.1
0.440301 14131.7
0.459727 14902.5
0.48001 13854.3
0.501187 13296.5
0.523299 16346.2
0.546387 13955.1
0.570493 13550.9
0.595662 15752.7
0.621942 12564.9
0.649382 12760.7
0.678032 12006.7
0.707946 13425.8
0.73918 11122.2
0.771792 11867.1
0.805842 12091.9
0.841395 10692.2
0.878517 11288.3
0.917276 9282.06
0.957745 8652.73
1 10307.4
1.04412 8954.48
1.09018 8142.98
1.13828 8585.72
1.1885 6708.54
1.24094 6621.92
1.29569 5346.55
1.35285 6184.02
1.41254 5267.03
1.47486 6443.66
1.53993 4124.12
1.60787 4308.13
1.6788 4946.02
1.75287 5423.78
1.83021 3970.73
1.91095 3826.63
1.99526 3702.17
2.08329 3814.31
2.1752 4421.38
2.27117 3637.04
2.37137 3794.89
2.476 3806.94
2.58523 3855.79
2.69929 3685.78
2.81838 3493.83
2.94273 3316.62
3.07256 2809.41
3.20812 2843.97
3.34965 2953.25
3.49744 2683.5
3.65174 3455.68
3.81285 3746.6
3.98107 2770.59
4.15671 3467.4
4.3401 1862.42
4.53158 1805.91
4.73151 1762.42
4.94026 2475.75
5.15822 2362.52
5.3858 1947
5.62341 1944.47
5.87151 3079.17
6.13056 1777.91
6.40103 1425.71
6.68344 1817.55
6.97831 1576.15
7.28618 2105.56
7.60764 1973.93
7.94328 1524.6
8.29373 2034.45
8.65964 1728.5
9.0417 1352.9
9.44061 1983.5
9.85712 1964.39
10.292 1227.38
10.7461 1576.88
11.2202 1295.04
11.7152 1402.07
12.2321 1171.29
12.7717 951.796
13.3352 1020.64
13.9236 1762.33
14.5378 1052.69
15.1792 1743.13
15.8489 1049.26
16.5482 1454.3
17.2783 1633.73
18.0406 1297.35
18.8365 1382.75
19.6675 1702.1
20.5353 2147.95
21.4412 1422.49
22.3872 750.322
23.3749 1312.28
24.4062 1071.57
25.483 1381.08
26.6073 1917.91
27.7811 1693.68
29.0068 1760.84
30.2866 1500.61
31.6228 1056.59
33.0179 1378.24
34.4747 2033.18
35.9956 1797.96
37.5837 2025.58
39.2419 1499.53
40.9732 1616.38
42.7809 1852.84
44.6684 2227.31
46.6391 2940.02
48.6968 1864.61
50.8452 1669.52
53.0884 2341.27
55.4307 1664.14
57.8762 2091.12
60.4296 2305.53
63.0957 1692.55
65.8795 2762.53
68.786 2412.6
71.8208 2870.96
74.9894 3085.07
78.2979 2864.64
81.7523 2007.49
85.3591 3220.56
89.1251 2818.79
93.0572 2372.08
97.1628 3798.44
101.45 3861.36
105.925 3166.42
110.599 2929.34
115.478 2775.84
120.573 2519.52
125.893 3670.35
131.447 2838.8
137.246 3471.42
143.301 4486.84
149.624 3867.61
156.225 3358.65
163.117 3194.72
170.314 3407
177.828 4319.08
185.674 4433.7
193.865 4618.71
202.418 4413.32
211.349 3986.34
220.673 4693.08
230.409 4941.64
240.575 5606.34
251.189 4936.54
262.271 4470.14
273.842 5600.83
285.924 4380.04
298.538 6064.35
311.709 4115.49
325.462 5403.12
339.821 4783.76
354.813 4710.43
370.467 5177.21
386.812 3685.85
403.878 2619.76
421.697 1655.31
440.301 2562.65
459.727 1201.09
480.01 909.251
501.187 1510.12
523.299 1122.91
546.387 206.783
570.493 209.006
595.662 613.65
621.942 329.605
649.382 362.822
678.032 213.045
707.946 213.838
739.18 365.837
771.792 107.957
805.842 0
841.395 71.9983
878.517 64.4978
917.276 0
957.745 0
1000 28.1652
