# First line is two numbers 
#     First value is '2', it means 'histogram mode'
#     Second value is 'Emin' of the histogram
# Other lines : 2 columns. 1) energy 2) probability (nb divided by NbEvent)
# Number of bins = 480
# Content below the first bin: 0
# Content above the last  bin: 0
# Content above the last  bin: 0
# Number of events: 209000
2 1e-06
1.04412e-06 0
1.09018e-06 0
1.13828e-06 0
1.1885e-06 0
1.24094e-06 0
1.29569e-06 0
1.35285e-06 0
1.41254e-06 0
1.47486e-06 0
1.53993e-06 0
1.60787e-06 0
1.6788e-06 0
1.75287e-06 0
1.83021e-06 0
1.91095e-06 0
1.99526e-06 0
2.08329e-06 0
2.1752e-06 0
2.27117e-06 0
2.37137e-06 0
2.476e-06 0
2.58523e-06 0
2.69929e-06 0
2.81838e-06 0
2.94273e-06 0
3.07256e-06 0
3.20812e-06 0
3.34965e-06 0
3.49744e-06 0
3.65174e-06 0
3.81285e-06 0
3.98107e-06 0
4.15671e-06 0
4.3401e-06 0
4.53158e-06 0
4.73151e-06 0
4.94026e-06 0
5.15822e-06 0
5.3858e-06 0
5.62341e-06 0
5.87151e-06 0
6.13056e-06 0
6.40103e-06 0
6.68344e-06 0
6.97831e-06 0
7.28618e-06 0
7.60764e-06 0
7.94328e-06 0
8.29373e-06 0
8.65964e-06 0
9.0417e-06 0
9.44061e-06 0
9.85712e-06 0
1.0292e-05 0
1.07461e-05 0
1.12202e-05 0
1.17152e-05 0
1.22321e-05 0
1.27717e-05 0
1.33352e-05 0
1.39236e-05 0
1.45378e-05 0
1.51792e-05 0
1.58489e-05 0
1.65482e-05 0
1.72783e-05 0
1.80406e-05 0
1.88365e-05 0
1.96675e-05 0
2.05353e-05 0
2.14412e-05 0
2.23872e-05 0
2.33749e-05 0
2.44062e-05 0
2.5483e-05 0
2.66073e-05 0
2.77811e-05 0
2.90068e-05 0
3.02866e-05 0
3.16228e-05 0
3.30179e-05 0
3.44747e-05 0
3.59956e-05 0
3.75837e-05 0
3.92419e-05 0
4.09732e-05 0
4.27809e-05 0
4.46684e-05 0
4.66391e-05 0
4.86968e-05 0
5.08452e-05 0
5.30884e-05 0
5.54307e-05 0
5.78762e-05 0
6.04296e-05 0
6.30957e-05 0
6.58795e-05 0
6.8786e-05 0
7.18208e-05 0
7.49894e-05 0
7.82979e-05 0
8.17523e-05 0
8.53591e-05 0
8.91251e-05 0
9.30572e-05 0
9.71628e-05 0
0.00010145 0
0.000105925 0
0.000110599 0
0.000115478 0
0.000120573 0
0.000125893 0
0.000131447 0
0.000137246 0
0.000143301 0
0.000149624 0
0.000156225 0
0.000163117 0
0.000170314 0
0.000177828 0
0.000185674 0
0.000193865 0
0.000202418 0
0.000211349 0
0.000220673 0
0.000230409 0
0.000240575 0
0.000251189 0
0.000262271 0
0.000273842 0
0.000285924 0
0.000298538 0
0.000311709 0
0.000325462 0
0.000339821 0
0.000354813 0
0.000370467 0
0.000386812 0
0.000403878 0
0.000421697 0
0.000440301 0
0.000459727 0
0.00048001 0
0.000501187 0
0.000523299 0
0.000546387 0
0.000570493 0
0.000595662 0
0.000621942 0
0.000649382 0
0.000678032 0
0.000707946 0
0.00073918 0
0.000771792 0
0.000805842 0
0.000841395 0
0.000878517 0
0.000917276 0
0.000957745 0
0.001 0
0.00104412 0
0.00109018 0
0.00113828 0
0.0011885 0
0.00124094 0
0.00129569 0
0.00135285 0
0.00141254 0
0.00147486 0
0.00153993 0
0.00160787 0
0.0016788 0
0.00175287 115.583
0.00183021 0
0.00191095 0
0.00199526 0
0.00208329 0
0.0021752 0
0.00227117 0
0.00237137 0
0.002476 0
0.00258523 0
0.00269929 0
0.00281838 0
0.00294273 0
0.00307256 0
0.00320812 0
0.00334965 0
0.00349744 0
0.00365174 0
0.00381285 0
0.00398107 0
0.00415671 0
0.0043401 0
0.00453158 0
0.00473151 0
0.00494026 0
0.00515822 0
0.0053858 0
0.00562341 0
0.00587151 0
0.00613056 0
0.00640103 0
0.00668344 0
0.00697831 0
0.00728618 0
0.00760764 0
0.00794328 0
0.00829373 0
0.00865964 0
0.0090417 0
0.00944061 0
0.00985712 22.4207
0.010292 0
0.0107461 0
0.0112202 96.9948
0.0117152 0
0.0122321 86.4836
0.0127717 0
0.0133352 0
0.0139236 116.906
0.0145378 292.779
0.0151792 0
0.0158489 0
0.0165482 62.6559
0.0172783 0
0.0180406 0
0.0188365 0
0.0196675 87.8119
0.0205353 0
0.0214412 55.3691
0.0223872 199.809
0.0233749 0
0.0244062 110.248
0.025483 0
0.0266073 76.34
0.0277811 0
0.0290068 0
0.0302866 186.842
0.0316228 0
0.0330179 0
0.0344747 81.2439
0.0359956 0
0.0375837 0
0.0392419 22.5797
0.0409732 0
0.0427809 118.184
0.0446684 89.9048
0.0466391 368.751
0.0486968 36.05
0.0508452 0
0.0530884 188.267
0.0554307 282.065
0.0578762 105.746
0.0604296 53.2809
0.0630957 129.549
0.0658795 167.333
0.068786 129.535
0.0718208 668.126
0.0749894 184.417
0.0782979 289.011
0.0817523 170.179
0.0853591 283.125
0.0891251 240.7
0.0930572 182.32
0.0971628 419.219
0.10145 260.858
0.105925 211.51
0.110599 204.544
0.115478 423.062
0.120573 353.943
0.125893 103.462
0.131447 289.114
0.137246 427.413
0.143301 675.281
0.149624 339.069
0.156225 295.969
0.163117 293.49
0.170314 679.048
0.177828 642.85
0.185674 303.685
0.193865 80.2624
0.202418 249.211
0.211349 514.979
0.220673 417.827
0.230409 303.507
0.240575 450.893
0.251189 484.549
0.262271 303.586
0.273842 567.184
0.285924 588.871
0.298538 796.088
0.311709 723.657
0.325462 987.845
0.339821 375.625
0.354813 130.317
0.370467 680.406
0.386812 522.63
0.403878 358.14
0.421697 1083.31
0.440301 856.067
0.459727 572.087
0.48001 660.367
0.501187 833.655
0.523299 346.964
0.546387 422.329
0.570493 534.065
0.595662 990.639
0.621942 694.647
0.649382 497.874
0.678032 726.651
0.707946 894.687
0.73918 332.483
0.771792 624.002
0.805842 801.962
0.841395 376.064
0.878517 941.829
0.917276 684.808
0.957745 366.858
1 182.246
1.04412 247.879
1.09018 254.138
1.13828 469.168
1.1885 230.573
1.24094 325.078
1.29569 350.933
1.35285 138.706
1.41254 144.859
1.47486 317.14
1.53993 376.13
1.60787 625.88
1.6788 701.453
1.75287 0
1.83021 445.979
1.91095 237.305
1.99526 174.396
2.08329 66.5305
2.1752 146.569
2.27117 135.794
2.37137 281.516
2.476 146.934
2.58523 0
2.69929 96.7688
2.81838 191.591
2.94273 208.431
3.07256 26.9614
3.20812 40.9074
3.34965 84.5902
3.49744 237.335
3.65174 91.3119
3.81285 295.385
3.98107 210.24
4.15671 118.448
4.3401 81.0658
4.53158 98.4448
4.73151 128.722
4.94026 72.3028
5.15822 164.811
5.3858 372.937
5.62341 181.841
5.87151 256.01
6.13056 0
6.40103 23.0683
6.68344 166.936
6.97831 32.1518
7.28618 95.3599
7.60764 452.198
7.94328 99.2171
8.29373 117.504
8.65964 253.192
9.0417 184.124
9.44061 0
9.85712 47.9553
10.292 170.365
10.7461 0
11.2202 99.0375
11.7152 0
12.2321 58.7658
12.7717 124.267
13.3352 124.312
13.9236 99.7348
14.5378 46.2889
15.1792 0
15.8489 300.671
16.5482 37.1855
17.2783 277.55
18.0406 70.1486
18.8365 0
19.6675 99.7312
20.5353 108.092
21.4412 59.0325
22.3872 11.8186
23.3749 118.592
24.4062 120.964
25.483 185.044
26.6073 115.806
27.7811 147.162
29.0068 192.241
30.2866 212.943
31.6228 50.0775
33.0179 407.792
34.4747 117.419
35.9956 64.3966
37.5837 191.131
39.2419 0
40.9732 0
42.7809 327.847
44.6684 151.097
46.6391 117.044
48.6968 295.564
50.8452 303.917
53.0884 139.323
55.4307 204.716
57.8762 235.298
60.4296 147.503
63.0957 109.962
65.8795 197.635
68.786 257.325
71.8208 67.3308
74.9894 335.485
78.2979 0
81.7523 0
85.3591 90.3364
89.1251 308.479
93.0572 164.007
97.1628 208.026
101.45 222.194
105.925 101.073
110.599 694.039
115.478 368.86
120.573 467.793
125.893 287.519
131.447 530.971
137.246 142.624
143.301 536.099
149.624 424.8
156.225 660.796
163.117 450.926
170.314 504.936
177.828 223.443
185.674 512.34
193.865 219.37
202.418 406.269
211.349 733.319
220.673 446.028
230.409 577.136
240.575 557.755
251.189 921.936
262.271 1302.31
273.842 1128.89
285.924 1195.33
298.538 954.552
311.709 1970.18
325.462 1976.7
339.821 1646.45
354.813 1923.43
370.467 2432.52
386.812 2337.43
403.878 1863.03
421.697 1818.18
440.301 1365.73
459.727 935.013
480.01 1001.23
501.187 269.218
523.299 280.336
546.387 415.454
570.493 189.784
595.662 396.448
621.942 199.103
649.382 0
678.032 270.568
707.946 39.6736
739.18 63.5142
771.792 0
805.842 0
841.395 109.397
878.517 0
917.276 0
957.745 0
1000 0
