# First line is two numbers 
#     First value is '2', it means 'histogram mode'
#     Second value is 'Emin' of the histogram
# Other lines : 2 columns. 1) energy 2) probability (nb divided by NbEvent)
# Number of bins = 480
# Content below the first bin: 0
# Content above the last  bin: 0
# Content above the last  bin: 0
# Number of events: 209000
2 1e-06
1.04412e-06 0
1.09018e-06 0
1.13828e-06 0
1.1885e-06 0
1.24094e-06 0
1.29569e-06 0
1.35285e-06 0
1.41254e-06 0
1.47486e-06 0
1.53993e-06 0
1.60787e-06 0
1.6788e-06 0
1.75287e-06 0
1.83021e-06 0
1.91095e-06 0
1.99526e-06 0
2.08329e-06 0
2.1752e-06 0
2.27117e-06 0
2.37137e-06 0
2.476e-06 0
2.58523e-06 0
2.69929e-06 0
2.81838e-06 0
2.94273e-06 0
3.07256e-06 0
3.20812e-06 0
3.34965e-06 0
3.49744e-06 0
3.65174e-06 0
3.81285e-06 0
3.98107e-06 0
4.15671e-06 0
4.3401e-06 0
4.53158e-06 0
4.73151e-06 0
4.94026e-06 0
5.15822e-06 0
5.3858e-06 0
5.62341e-06 0
5.87151e-06 0
6.13056e-06 0
6.40103e-06 0
6.68344e-06 0
6.97831e-06 0
7.28618e-06 0
7.60764e-06 0
7.94328e-06 0
8.29373e-06 0
8.65964e-06 0
9.0417e-06 0
9.44061e-06 0
9.85712e-06 0
1.0292e-05 0
1.07461e-05 0
1.12202e-05 0
1.17152e-05 0
1.22321e-05 0
1.27717e-05 0
1.33352e-05 0
1.39236e-05 0
1.45378e-05 0
1.51792e-05 0
1.58489e-05 0
1.65482e-05 0
1.72783e-05 0
1.80406e-05 0
1.88365e-05 0
1.96675e-05 0
2.05353e-05 0
2.14412e-05 0
2.23872e-05 0
2.33749e-05 0
2.44062e-05 0
2.5483e-05 0
2.66073e-05 0
2.77811e-05 0
2.90068e-05 0
3.02866e-05 0
3.16228e-05 0
3.30179e-05 0
3.44747e-05 0
3.59956e-05 0
3.75837e-05 0
3.92419e-05 0
4.09732e-05 0
4.27809e-05 0
4.46684e-05 0
4.66391e-05 0
4.86968e-05 0
5.08452e-05 0
5.30884e-05 0
5.54307e-05 0
5.78762e-05 0
6.04296e-05 0
6.30957e-05 0
6.58795e-05 0
6.8786e-05 0
7.18208e-05 0
7.49894e-05 0
7.82979e-05 0
8.17523e-05 0
8.53591e-05 0
8.91251e-05 0
9.30572e-05 0
9.71628e-05 0
0.00010145 0
0.000105925 0
0.000110599 0
0.000115478 0
0.000120573 0
0.000125893 0
0.000131447 0
0.000137246 0
0.000143301 0
0.000149624 0
0.000156225 0
0.000163117 0
0.000170314 0
0.000177828 0
0.000185674 0
0.000193865 0
0.000202418 0
0.000211349 0
0.000220673 0
0.000230409 0
0.000240575 0
0.000251189 0
0.000262271 0
0.000273842 0
0.000285924 0
0.000298538 0
0.000311709 0
0.000325462 0
0.000339821 0
0.000354813 0
0.000370467 0
0.000386812 0
0.000403878 0
0.000421697 0
0.000440301 0
0.000459727 0
0.00048001 0
0.000501187 0
0.000523299 0
0.000546387 0
0.000570493 0
0.000595662 0
0.000621942 0
0.000649382 0
0.000678032 0
0.000707946 0
0.00073918 0
0.000771792 0
0.000805842 0
0.000841395 0
0.000878517 0
0.000917276 0
0.000957745 0
0.001 0
0.00104412 0
0.00109018 0
0.00113828 0
0.0011885 0
0.00124094 0
0.00129569 0
0.00135285 0
0.00141254 0
0.00147486 0
0.00153993 0
0.00160787 0
0.0016788 0
0.00175287 0
0.00183021 0
0.00191095 0
0.00199526 0
0.00208329 0
0.0021752 0
0.00227117 0
0.00237137 0
0.002476 0
0.00258523 0
0.00269929 0
0.00281838 0
0.00294273 0
0.00307256 0
0.00320812 0
0.00334965 0
0.00349744 0
0.00365174 0
0.00381285 0
0.00398107 0
0.00415671 0
0.0043401 0
0.00453158 0
0.00473151 0
0.00494026 0
0.00515822 97.7081
0.0053858 0
0.00562341 0
0.00587151 0
0.00613056 0
0.00640103 0
0.00668344 0
0.00697831 0
0.00728618 118.773
0.00760764 0
0.00794328 0
0.00829373 0
0.00865964 0
0.0090417 84.5301
0.00944061 0
0.00985712 0
0.010292 0
0.0107461 0
0.0112202 0
0.0117152 0
0.0122321 0
0.0127717 0
0.0133352 0
0.0139236 116.376
0.0145378 99.9578
0.0151792 0
0.0158489 64.1448
0.0165482 0
0.0172783 0
0.0180406 81.7763
0.0188365 39.5538
0.0196675 0
0.0205353 0
0.0214412 40.946
0.0223872 0
0.0233749 68.5392
0.0244062 66.0295
0.025483 100.28
0.0266073 0
0.0277811 86.1274
0.0290068 92.7827
0.0302866 133.07
0.0316228 119.232
0.0330179 51.9414
0.0344747 0
0.0359956 94.1294
0.0375837 0
0.0392419 2.21378
0.0409732 40.9058
0.0427809 24.2645
0.0446684 162.134
0.0466391 110.339
0.0486968 265.919
0.0508452 0
0.0530884 112.568
0.0554307 0
0.0578762 71.5482
0.0604296 225.147
0.0630957 226.489
0.0658795 271.479
0.068786 487.366
0.0718208 462.062
0.0749894 0
0.0782979 475.695
0.0817523 129.288
0.0853591 340.596
0.0891251 653.795
0.0930572 647.859
0.0971628 276.755
0.10145 307.573
0.105925 367.395
0.110599 250.075
0.115478 578.835
0.120573 548.572
0.125893 366.424
0.131447 708.151
0.137246 658.047
0.143301 564.471
0.149624 406.749
0.156225 560.023
0.163117 375.285
0.170314 267.501
0.177828 766.553
0.185674 670.516
0.193865 422.452
0.202418 395.893
0.211349 1126.86
0.220673 435.076
0.230409 1174.83
0.240575 288.399
0.251189 720.751
0.262271 669.839
0.273842 234.038
0.285924 903.34
0.298538 915.524
0.311709 459.91
0.325462 869.45
0.339821 755.469
0.354813 799.09
0.370467 640.015
0.386812 984.32
0.403878 1041.34
0.421697 433.669
0.440301 458.388
0.459727 1050.39
0.48001 477.225
0.501187 764.546
0.523299 1144.53
0.546387 773.563
0.570493 921.149
0.595662 442.716
0.621942 423.824
0.649382 693.492
0.678032 644.896
0.707946 893.522
0.73918 320.45
0.771792 700.843
0.805842 1066.33
0.841395 309.455
0.878517 241.879
0.917276 342.786
0.957745 515.469
1 434.692
1.04412 270.817
1.09018 875.836
1.13828 451.062
1.1885 306.686
1.24094 196.11
1.29569 346.038
1.35285 295.231
1.41254 478.01
1.47486 275.826
1.53993 578.056
1.60787 221.935
1.6788 227.315
1.75287 131.315
1.83021 137.974
1.91095 199.669
1.99526 445.25
2.08329 467.327
2.1752 427.657
2.27117 193.286
2.37137 180.24
2.476 148.543
2.58523 345.695
2.69929 51.1573
2.81838 295.957
2.94273 159.723
3.07256 456.906
3.20812 320.006
3.34965 94.6385
3.49744 108.972
3.65174 232.553
3.81285 101.788
3.98107 248.72
4.15671 324.139
4.3401 0
4.53158 106.611
4.73151 76.7364
4.94026 463.754
5.15822 239.474
5.3858 308.313
5.62341 269.52
5.87151 135.809
6.13056 0
6.40103 164.285
6.68344 231.574
6.97831 0
7.28618 140.368
7.60764 0
7.94328 295.637
8.29373 121.274
8.65964 89.1682
9.0417 177.225
9.44061 119.501
9.85712 0
10.292 0
10.7461 194.841
11.2202 113.571
11.7152 110.922
12.2321 287.879
12.7717 183.424
13.3352 0
13.9236 103.499
14.5378 0
15.1792 256.789
15.8489 0
16.5482 159.026
17.2783 0
18.0406 81.2079
18.8365 34.4972
19.6675 218.65
20.5353 243.716
21.4412 373.883
22.3872 195.152
23.3749 249.13
24.4062 299.898
25.483 0
26.6073 147.619
27.7811 48.9007
29.0068 237.734
30.2866 185.219
31.6228 261.661
33.0179 16.094
34.4747 211.617
35.9956 278.459
37.5837 69.04
39.2419 192.406
40.9732 230.434
42.7809 269.715
44.6684 220.043
46.6391 83.2364
48.6968 175.324
50.8452 272.087
53.0884 307.041
55.4307 375.618
57.8762 134.935
60.4296 102.047
63.0957 150.654
65.8795 435.523
68.786 310.899
71.8208 0
74.9894 430.865
78.2979 294.648
81.7523 273.404
85.3591 17.2654
89.1251 414.252
93.0572 708.849
97.1628 305.362
101.45 442.138
105.925 92.854
110.599 396
115.478 437.225
120.573 489.688
125.893 290.974
131.447 188.39
137.246 659.121
143.301 385.942
149.624 521.58
156.225 297.454
163.117 608.835
170.314 405.342
177.828 364.73
185.674 171.919
193.865 807.48
202.418 806.577
211.349 597.433
220.673 437.838
230.409 657.942
240.575 1311.64
251.189 884.878
262.271 1124.12
273.842 1057.71
285.924 1365.78
298.538 1821.87
311.709 1628.85
325.462 1933.17
339.821 2272.37
354.813 1918.31
370.467 3308.78
386.812 1922.41
403.878 1811.04
421.697 1685.86
440.301 1382.29
459.727 1318.78
480.01 648.788
501.187 392.509
523.299 27.7036
546.387 464.697
570.493 310.327
595.662 91.8
621.942 109.579
649.382 112.012
678.032 82.1448
707.946 0
739.18 0
771.792 81.3502
805.842 0
841.395 0
878.517 0
917.276 0
957.745 0
1000 0
