# First line is two numbers 
#     First value is '2', it means 'histogram mode'
#     Second value is 'Emin' of the histogram
# Other lines : 2 columns. 1) energy 2) probability (nb divided by NbEvent)
# Number of bins = 480
# Content below the first bin: 27.0036
# Content above the last  bin: 0
# Content above the last  bin: 0
# Number of events: 209000
2 1e-06
1.04412e-06 0
1.09018e-06 0
1.13828e-06 0
1.1885e-06 0
1.24094e-06 0
1.29569e-06 0
1.35285e-06 0
1.41254e-06 0
1.47486e-06 0
1.53993e-06 0
1.60787e-06 0
1.6788e-06 0
1.75287e-06 0
1.83021e-06 0
1.91095e-06 0
1.99526e-06 0
2.08329e-06 0
2.1752e-06 0
2.27117e-06 0
2.37137e-06 0
2.476e-06 0
2.58523e-06 0
2.69929e-06 0
2.81838e-06 0
2.94273e-06 0
3.07256e-06 0
3.20812e-06 0
3.34965e-06 0
3.49744e-06 0
3.65174e-06 0
3.81285e-06 0
3.98107e-06 0
4.15671e-06 0
4.3401e-06 0
4.53158e-06 0
4.73151e-06 0
4.94026e-06 0
5.15822e-06 0
5.3858e-06 0
5.62341e-06 0
5.87151e-06 0
6.13056e-06 0
6.40103e-06 0
6.68344e-06 0
6.97831e-06 0
7.28618e-06 0
7.60764e-06 0
7.94328e-06 0
8.29373e-06 0
8.65964e-06 0
9.0417e-06 0
9.44061e-06 0
9.85712e-06 0
1.0292e-05 0
1.07461e-05 0
1.12202e-05 0
1.17152e-05 0
1.22321e-05 0
1.27717e-05 0
1.33352e-05 0
1.39236e-05 0
1.45378e-05 0
1.51792e-05 0
1.58489e-05 0
1.65482e-05 98.7735
1.72783e-05 0
1.80406e-05 0
1.88365e-05 0
1.96675e-05 0
2.05353e-05 117.736
2.14412e-05 0
2.23872e-05 0
2.33749e-05 0
2.44062e-05 0
2.5483e-05 0
2.66073e-05 0
2.77811e-05 0
2.90068e-05 0
3.02866e-05 0
3.16228e-05 0
3.30179e-05 0
3.44747e-05 0
3.59956e-05 0
3.75837e-05 0
3.92419e-05 0
4.09732e-05 0
4.27809e-05 0
4.46684e-05 0
4.66391e-05 0
4.86968e-05 0
5.08452e-05 0
5.30884e-05 0
5.54307e-05 0
5.78762e-05 0
6.04296e-05 117.375
6.30957e-05 0
6.58795e-05 0
6.8786e-05 0
7.18208e-05 0
7.49894e-05 0
7.82979e-05 0
8.17523e-05 0
8.53591e-05 0
8.91251e-05 0
9.30572e-05 0
9.71628e-05 0
0.00010145 0
0.000105925 0
0.000110599 0
0.000115478 0
0.000120573 0
0.000125893 0
0.000131447 0
0.000137246 0
0.000143301 0
0.000149624 0
0.000156225 0
0.000163117 0
0.000170314 39.2266
0.000177828 0
0.000185674 0
0.000193865 0
0.000202418 0
0.000211349 0
0.000220673 0
0.000230409 0
0.000240575 0
0.000251189 0
0.000262271 0
0.000273842 0
0.000285924 0
0.000298538 0
0.000311709 0
0.000325462 0
0.000339821 0
0.000354813 0
0.000370467 0
0.000386812 0
0.000403878 0
0.000421697 0
0.000440301 0
0.000459727 0
0.00048001 0
0.000501187 0
0.000523299 0
0.000546387 0
0.000570493 0
0.000595662 0
0.000621942 95.8528
0.000649382 0
0.000678032 0
0.000707946 0
0.00073918 0
0.000771792 0
0.000805842 0
0.000841395 0
0.000878517 0
0.000917276 0
0.000957745 0
0.001 0
0.00104412 0
0.00109018 0
0.00113828 0
0.0011885 0
0.00124094 0
0.00129569 0
0.00135285 0
0.00141254 0
0.00147486 0
0.00153993 0
0.00160787 0
0.0016788 0
0.00175287 0
0.00183021 0
0.00191095 0
0.00199526 0
0.00208329 0
0.0021752 0
0.00227117 0
0.00237137 0
0.002476 0
0.00258523 0
0.00269929 0
0.00281838 0
0.00294273 0
0.00307256 0
0.00320812 0
0.00334965 0
0.00349744 0
0.00365174 0
0.00381285 0
0.00398107 0
0.00415671 0
0.0043401 0
0.00453158 0
0.00473151 0
0.00494026 0
0.00515822 87.7069
0.0053858 0
0.00562341 0
0.00587151 0
0.00613056 0
0.00640103 0
0.00668344 0
0.00697831 0
0.00728618 0
0.00760764 0
0.00794328 0
0.00829373 0
0.00865964 0
0.0090417 0
0.00944061 0
0.00985712 105.311
0.010292 0
0.0107461 0
0.0112202 0
0.0117152 0
0.0122321 0
0.0127717 0
0.0133352 0
0.0139236 0
0.0145378 0
0.0151792 0
0.0158489 20.8618
0.0165482 0
0.0172783 0
0.0180406 0
0.0188365 0
0.0196675 0
0.0205353 0
0.0214412 0
0.0223872 0
0.0233749 0
0.0244062 47.9344
0.025483 104.669
0.0266073 0
0.0277811 0
0.0290068 12.9775
0.0302866 0
0.0316228 245.132
0.0330179 37.1736
0.0344747 53.5885
0.0359956 113.37
0.0375837 0
0.0392419 0
0.0409732 7.17459
0.0427809 335.085
0.0446684 88.495
0.0466391 75.105
0.0486968 99.0683
0.0508452 0
0.0530884 0
0.0554307 86.1132
0.0578762 105.556
0.0604296 0
0.0630957 147.122
0.0658795 158.472
0.068786 75.7482
0.0718208 0
0.0749894 111.693
0.0782979 187.064
0.0817523 78.7897
0.0853591 103.666
0.0891251 133.701
0.0930572 245.543
0.0971628 424.381
0.10145 381.982
0.105925 161.048
0.110599 0
0.115478 23.3341
0.120573 284.665
0.125893 319.362
0.131447 432.819
0.137246 312.06
0.143301 328.45
0.149624 235.059
0.156225 158.967
0.163117 602.692
0.170314 468.901
0.177828 103.743
0.185674 35.4688
0.193865 343.849
0.202418 151.955
0.211349 267.932
0.220673 316.839
0.230409 16.8697
0.240575 496.654
0.251189 132.475
0.262271 293.511
0.273842 248.809
0.285924 73.8724
0.298538 0
0.311709 545.145
0.325462 204.017
0.339821 568.026
0.354813 873.608
0.370467 385.485
0.386812 466.4
0.403878 760.002
0.421697 313.225
0.440301 471.907
0.459727 409.131
0.48001 481.053
0.501187 615.242
0.523299 584.546
0.546387 118.617
0.570493 559.758
0.595662 456.697
0.621942 357.919
0.649382 696.666
0.678032 571.396
0.707946 382.134
0.73918 439.973
0.771792 332.968
0.805842 63.3345
0.841395 452.386
0.878517 170.128
0.917276 453.873
0.957745 509.78
1 67.5488
1.04412 231.443
1.09018 277.362
1.13828 332.562
1.1885 15.7215
1.24094 0
1.29569 600.72
1.35285 174.209
1.41254 108.174
1.47486 0
1.53993 322.828
1.60787 234.662
1.6788 430.001
1.75287 119.623
1.83021 354.726
1.91095 250.903
1.99526 376.76
2.08329 193.934
2.1752 168.037
2.27117 164.196
2.37137 173.44
2.476 611.526
2.58523 118.61
2.69929 127.729
2.81838 227.345
2.94273 142.029
3.07256 0
3.20812 409.963
3.34965 0
3.49744 231.56
3.65174 276.451
3.81285 433.872
3.98107 0
4.15671 240.891
4.3401 152.846
4.53158 0
4.73151 274.498
4.94026 443.563
5.15822 385.734
5.3858 191.059
5.62341 41.163
5.87151 110.529
6.13056 140.598
6.40103 0
6.68344 159.272
6.97831 115.171
7.28618 81.2141
7.60764 46.1738
7.94328 118.574
8.29373 0
8.65964 35.0425
9.0417 60.3046
9.44061 0
9.85712 93.1136
10.292 66.7161
10.7461 178.917
11.2202 208.259
11.7152 225.552
12.2321 372.621
12.7717 80.2973
13.3352 124.186
13.9236 194.238
14.5378 294.55
15.1792 85.1142
15.8489 233.663
16.5482 253.4
17.2783 274.329
18.0406 172.064
18.8365 111.013
19.6675 97.6567
20.5353 124.259
21.4412 0
22.3872 194.11
23.3749 342.513
24.4062 44.8798
25.483 39.1387
26.6073 114.92
27.7811 188.11
29.0068 264.077
30.2866 142.672
31.6228 72.8856
33.0179 102.924
34.4747 381.739
35.9956 0
37.5837 307.539
39.2419 313.474
40.9732 207.646
42.7809 458.087
44.6684 62.0402
46.6391 133.19
48.6968 189.547
50.8452 114.779
53.0884 343.153
55.4307 374.703
57.8762 388.543
60.4296 186.852
63.0957 543.676
65.8795 359.216
68.786 111.317
71.8208 245.632
74.9894 457.565
78.2979 337.657
81.7523 0
85.3591 270.26
89.1251 190.077
93.0572 359.718
97.1628 520.753
101.45 332.237
105.925 430.708
110.599 501.28
115.478 462.678
120.573 465.895
125.893 317.765
131.447 312.288
137.246 112.963
143.301 314.446
149.624 337.016
156.225 403.987
163.117 189.063
170.314 90.5857
177.828 316.143
185.674 307.351
193.865 103.272
202.418 498.057
211.349 406.876
220.673 210.552
230.409 323.668
240.575 149.371
251.189 22.5497
262.271 203.152
273.842 92.5221
285.924 57.7687
298.538 0
311.709 0
325.462 0
339.821 0
354.813 45.6494
370.467 0
386.812 0
403.878 0
421.697 183.052
440.301 84.9644
459.727 36.8554
480.01 0
501.187 0
523.299 0
546.387 0
570.493 0
595.662 0
621.942 0
649.382 0
678.032 0
707.946 0
739.18 0
771.792 82.0887
805.842 0
841.395 0
878.517 0
917.276 0
957.745 0
1000 0
