# First line is two numbers 
#     First value is '2', it means 'histogram mode'
#     Second value is 'Emin' of the histogram
# Other lines : 2 columns. 1) energy 2) probability (nb divided by NbEvent)
# Number of bins = 480
# Content below the first bin: 726.079
# Content above the last  bin: 0
# Content above the last  bin: 0
# Number of events: 209000
2 1e-06
1.04412e-06 0
1.09018e-06 0
1.13828e-06 0
1.1885e-06 0
1.24094e-06 0
1.29569e-06 0
1.35285e-06 0
1.41254e-06 0
1.47486e-06 0
1.53993e-06 0
1.60787e-06 0
1.6788e-06 0
1.75287e-06 0
1.83021e-06 0
1.91095e-06 0
1.99526e-06 0
2.08329e-06 0
2.1752e-06 0
2.27117e-06 0
2.37137e-06 0
2.476e-06 0
2.58523e-06 0
2.69929e-06 0
2.81838e-06 0
2.94273e-06 0
3.07256e-06 0
3.20812e-06 0
3.34965e-06 0
3.49744e-06 0
3.65174e-06 0
3.81285e-06 0
3.98107e-06 0
4.15671e-06 0
4.3401e-06 0
4.53158e-06 0
4.73151e-06 0
4.94026e-06 0
5.15822e-06 0
5.3858e-06 0
5.62341e-06 0
5.87151e-06 0
6.13056e-06 0
6.40103e-06 0
6.68344e-06 0
6.97831e-06 0
7.28618e-06 0
7.60764e-06 0
7.94328e-06 0
8.29373e-06 0
8.65964e-06 0
9.0417e-06 0
9.44061e-06 0
9.85712e-06 0
1.0292e-05 0
1.07461e-05 0
1.12202e-05 0
1.17152e-05 0
1.22321e-05 0
1.27717e-05 0
1.33352e-05 0
1.39236e-05 0
1.45378e-05 0
1.51792e-05 0
1.58489e-05 96.7463
1.65482e-05 0
1.72783e-05 0
1.80406e-05 0
1.88365e-05 0
1.96675e-05 0
2.05353e-05 0
2.14412e-05 0
2.23872e-05 0
2.33749e-05 0
2.44062e-05 0
2.5483e-05 0
2.66073e-05 0
2.77811e-05 0
2.90068e-05 0
3.02866e-05 0
3.16228e-05 0
3.30179e-05 0
3.44747e-05 0
3.59956e-05 0
3.75837e-05 0
3.92419e-05 0
4.09732e-05 0
4.27809e-05 0
4.46684e-05 0
4.66391e-05 0
4.86968e-05 0
5.08452e-05 0
5.30884e-05 0
5.54307e-05 0
5.78762e-05 0
6.04296e-05 0
6.30957e-05 0
6.58795e-05 0
6.8786e-05 0
7.18208e-05 100.397
7.49894e-05 0
7.82979e-05 0
8.17523e-05 0
8.53591e-05 0
8.91251e-05 0
9.30572e-05 0
9.71628e-05 0
0.00010145 0
0.000105925 0
0.000110599 0
0.000115478 0
0.000120573 0
0.000125893 0
0.000131447 0
0.000137246 0
0.000143301 0
0.000149624 0
0.000156225 0
0.000163117 0
0.000170314 0
0.000177828 0
0.000185674 0
0.000193865 0
0.000202418 0
0.000211349 0
0.000220673 0
0.000230409 0
0.000240575 0
0.000251189 0
0.000262271 0
0.000273842 0
0.000285924 0
0.000298538 0
0.000311709 0
0.000325462 0
0.000339821 0
0.000354813 0
0.000370467 0
0.000386812 0
0.000403878 0
0.000421697 0
0.000440301 0
0.000459727 0
0.00048001 0
0.000501187 0
0.000523299 0
0.000546387 0
0.000570493 0
0.000595662 0
0.000621942 0
0.000649382 0
0.000678032 0
0.000707946 0
0.00073918 0
0.000771792 0
0.000805842 0
0.000841395 0
0.000878517 0
0.000917276 0
0.000957745 0
0.001 0
0.00104412 0
0.00109018 0
0.00113828 0
0.0011885 0
0.00124094 0
0.00129569 26.1126
0.00135285 0
0.00141254 0
0.00147486 0
0.00153993 0
0.00160787 0
0.0016788 0
0.00175287 0
0.00183021 0
0.00191095 0
0.00199526 0
0.00208329 0
0.0021752 0
0.00227117 0
0.00237137 0
0.002476 0
0.00258523 0
0.00269929 0
0.00281838 0
0.00294273 0
0.00307256 0
0.00320812 0
0.00334965 0
0.00349744 0
0.00365174 0
0.00381285 0
0.00398107 0
0.00415671 0
0.0043401 0
0.00453158 0
0.00473151 0
0.00494026 0
0.00515822 0
0.0053858 0
0.00562341 0
0.00587151 0
0.00613056 0
0.00640103 0
0.00668344 0
0.00697831 0
0.00728618 0
0.00760764 0
0.00794328 0
0.00829373 0
0.00865964 0
0.0090417 0
0.00944061 0
0.00985712 0
0.010292 0
0.0107461 0
0.0112202 25.9003
0.0117152 0
0.0122321 0
0.0127717 0
0.0133352 0
0.0139236 0
0.0145378 0
0.0151792 0
0.0158489 0
0.0165482 0
0.0172783 60.3695
0.0180406 0
0.0188365 0
0.0196675 0
0.0205353 0
0.0214412 0
0.0223872 0
0.0233749 0
0.0244062 0
0.025483 195.135
0.0266073 0
0.0277811 0
0.0290068 0
0.0302866 0
0.0316228 39.8062
0.0330179 0
0.0344747 81.0746
0.0359956 53.7609
0.0375837 253.724
0.0392419 58.3755
0.0409732 0
0.0427809 184.687
0.0446684 245.625
0.0466391 0
0.0486968 88.1395
0.0508452 0
0.0530884 172.646
0.0554307 29.1022
0.0578762 0
0.0604296 101.277
0.0630957 292.092
0.0658795 0
0.068786 124.445
0.0718208 0
0.0749894 0
0.0782979 99.7202
0.0817523 0
0.0853591 24.4377
0.0891251 148.098
0.0930572 374.105
0.0971628 354.168
0.10145 289.706
0.105925 0
0.110599 86.7303
0.115478 175.805
0.120573 158.162
0.125893 159.149
0.131447 307.682
0.137246 450
0.143301 71.9136
0.149624 460.711
0.156225 429.148
0.163117 475.87
0.170314 0
0.177828 131.492
0.185674 308.604
0.193865 444.908
0.202418 127.147
0.211349 0
0.220673 154.792
0.230409 445.153
0.240575 430.832
0.251189 480.059
0.262271 553.505
0.273842 344.777
0.285924 178.459
0.298538 276.734
0.311709 151.055
0.325462 541.199
0.339821 413.811
0.354813 86.1816
0.370467 273.501
0.386812 316.711
0.403878 402.435
0.421697 659.033
0.440301 259.177
0.459727 349.782
0.48001 105.168
0.501187 455.523
0.523299 374.924
0.546387 295.105
0.570493 526.257
0.595662 593.88
0.621942 294.95
0.649382 506.269
0.678032 8.24336
0.707946 254.183
0.73918 305.053
0.771792 573.907
0.805842 134.748
0.841395 578.325
0.878517 548.294
0.917276 487.157
0.957745 342.884
1 388.931
1.04412 392.714
1.09018 345.945
1.13828 438.922
1.1885 665.557
1.24094 152.377
1.29569 534.348
1.35285 296.46
1.41254 294.234
1.47486 191.643
1.53993 208.439
1.60787 313.064
1.6788 85.8591
1.75287 456.175
1.83021 0
1.91095 143.666
1.99526 68.2524
2.08329 0
2.1752 0
2.27117 106.835
2.37137 233.616
2.476 499.916
2.58523 93.5037
2.69929 136.729
2.81838 161.426
2.94273 51.8467
3.07256 162.21
3.20812 207.809
3.34965 425.563
3.49744 283.515
3.65174 251.666
3.81285 50.2494
3.98107 131.255
4.15671 153.907
4.3401 82.6582
4.53158 197.158
4.73151 49.1819
4.94026 315.999
5.15822 278.63
5.3858 75.6077
5.62341 0
5.87151 0
6.13056 259.078
6.40103 148.746
6.68344 202.552
6.97831 82.8487
7.28618 232.259
7.60764 92.71
7.94328 61.7244
8.29373 71.2023
8.65964 28.2584
9.0417 82.915
9.44061 123.975
9.85712 35.2898
10.292 0
10.7461 200.119
11.2202 212.786
11.7152 230.186
12.2321 69.79
12.7717 225.373
13.3352 0
13.9236 159.59
14.5378 0
15.1792 62.2881
15.8489 188.515
16.5482 46.4341
17.2783 174.478
18.0406 202.121
18.8365 316.388
19.6675 263.987
20.5353 131.983
21.4412 0
22.3872 249.564
23.3749 28.9486
24.4062 56.9549
25.483 0
26.6073 197.515
27.7811 35.4229
29.0068 75.0772
30.2866 70.3051
31.6228 298.521
33.0179 60.7422
34.4747 190.653
35.9956 405.683
37.5837 339.368
39.2419 335.107
40.9732 323.779
42.7809 396.622
44.6684 307.108
46.6391 236.152
48.6968 193.378
50.8452 260.423
53.0884 492.277
55.4307 422.969
57.8762 335.626
60.4296 238.879
63.0957 0
65.8795 328.677
68.786 565.712
71.8208 234.338
74.9894 137.726
78.2979 182.647
81.7523 371.659
85.3591 604.504
89.1251 465.845
93.0572 604.414
97.1628 288.737
101.45 262.59
105.925 670.145
110.599 363.949
115.478 117.952
120.573 644.185
125.893 527.203
131.447 384.774
137.246 606.742
143.301 364.588
149.624 360.597
156.225 257.264
163.117 293.299
170.314 158.593
177.828 185.429
185.674 428.581
193.865 438.819
202.418 404.544
211.349 0
220.673 217.31
230.409 265.041
240.575 118.504
251.189 0
262.271 159.538
273.842 236.449
285.924 79.4003
298.538 102.932
311.709 0
325.462 177.311
339.821 112.324
354.813 0
370.467 0
386.812 0
403.878 30.5417
421.697 0
440.301 0
459.727 0
480.01 0
501.187 0
523.299 101.616
546.387 0
570.493 81.7182
595.662 0
621.942 0
649.382 0
678.032 0
707.946 0
739.18 0
771.792 0
805.842 0
841.395 0
878.517 0
917.276 0
957.745 0
1000 0
