# First line is two numbers 
#     First value is '2', it means 'histogram mode'
#     Second value is 'Emin' of the histogram
# Other lines : 2 columns. 1) energy 2) probability (nb divided by NbEvent)
# Number of bins = 480
# Content below the first bin: 0
# Content above the last  bin: 0
# Content above the last  bin: 0
# Number of events: 209000
2 1e-06
1.04412e-06 0
1.09018e-06 0
1.13828e-06 0
1.1885e-06 0
1.24094e-06 0
1.29569e-06 0
1.35285e-06 0
1.41254e-06 0
1.47486e-06 0
1.53993e-06 0
1.60787e-06 0
1.6788e-06 0
1.75287e-06 0
1.83021e-06 0
1.91095e-06 0
1.99526e-06 0
2.08329e-06 0
2.1752e-06 0
2.27117e-06 0
2.37137e-06 0
2.476e-06 0
2.58523e-06 0
2.69929e-06 0
2.81838e-06 0
2.94273e-06 0
3.07256e-06 0
3.20812e-06 0
3.34965e-06 0
3.49744e-06 0
3.65174e-06 0
3.81285e-06 0
3.98107e-06 0
4.15671e-06 0
4.3401e-06 0
4.53158e-06 0
4.73151e-06 0
4.94026e-06 0
5.15822e-06 0
5.3858e-06 0
5.62341e-06 0
5.87151e-06 0
6.13056e-06 0
6.40103e-06 0
6.68344e-06 0
6.97831e-06 0
7.28618e-06 0
7.60764e-06 0
7.94328e-06 0
8.29373e-06 0
8.65964e-06 0
9.0417e-06 0
9.44061e-06 0
9.85712e-06 0
1.0292e-05 0
1.07461e-05 0
1.12202e-05 0
1.17152e-05 0
1.22321e-05 0
1.27717e-05 0
1.33352e-05 0
1.39236e-05 0
1.45378e-05 0
1.51792e-05 0
1.58489e-05 0
1.65482e-05 0
1.72783e-05 0
1.80406e-05 0
1.88365e-05 0
1.96675e-05 0
2.05353e-05 0
2.14412e-05 0
2.23872e-05 0
2.33749e-05 0
2.44062e-05 0
2.5483e-05 0
2.66073e-05 0
2.77811e-05 0
2.90068e-05 0
3.02866e-05 0
3.16228e-05 0
3.30179e-05 0
3.44747e-05 0
3.59956e-05 0
3.75837e-05 0
3.92419e-05 0
4.09732e-05 0
4.27809e-05 0
4.46684e-05 0
4.66391e-05 0
4.86968e-05 0
5.08452e-05 0
5.30884e-05 0
5.54307e-05 0
5.78762e-05 0
6.04296e-05 0
6.30957e-05 0
6.58795e-05 0
6.8786e-05 0
7.18208e-05 0
7.49894e-05 0
7.82979e-05 0
8.17523e-05 0
8.53591e-05 0
8.91251e-05 0
9.30572e-05 0
9.71628e-05 0
0.00010145 0
0.000105925 0
0.000110599 0
0.000115478 0
0.000120573 0
0.000125893 0
0.000131447 0
0.000137246 0
0.000143301 0
0.000149624 0
0.000156225 0
0.000163117 0
0.000170314 0
0.000177828 0
0.000185674 0
0.000193865 0
0.000202418 0
0.000211349 0
0.000220673 0
0.000230409 0
0.000240575 0
0.000251189 0
0.000262271 0
0.000273842 0
0.000285924 0
0.000298538 0
0.000311709 0
0.000325462 0
0.000339821 0
0.000354813 0
0.000370467 0
0.000386812 0
0.000403878 0
0.000421697 0
0.000440301 0
0.000459727 0
0.00048001 0
0.000501187 0
0.000523299 0
0.000546387 0
0.000570493 0
0.000595662 0
0.000621942 0
0.000649382 0
0.000678032 0
0.000707946 0
0.00073918 0
0.000771792 0
0.000805842 0
0.000841395 0
0.000878517 0
0.000917276 0
0.000957745 0
0.001 0
0.00104412 0
0.00109018 0
0.00113828 0
0.0011885 0
0.00124094 0
0.00129569 0
0.00135285 0
0.00141254 0
0.00147486 0
0.00153993 0
0.00160787 0
0.0016788 0
0.00175287 0
0.00183021 0
0.00191095 0
0.00199526 0
0.00208329 0
0.0021752 0
0.00227117 0
0.00237137 0
0.002476 0
0.00258523 0
0.00269929 0
0.00281838 0
0.00294273 0
0.00307256 0
0.00320812 0
0.00334965 0
0.00349744 0
0.00365174 0
0.00381285 0
0.00398107 0
0.00415671 0
0.0043401 0
0.00453158 0
0.00473151 0
0.00494026 0
0.00515822 0
0.0053858 0
0.00562341 0
0.00587151 0
0.00613056 0
0.00640103 0
0.00668344 0
0.00697831 0
0.00728618 0
0.00760764 0
0.00794328 0
0.00829373 0
0.00865964 0
0.0090417 0
0.00944061 0
0.00985712 0
0.010292 0
0.0107461 0
0.0112202 0
0.0117152 213.936
0.0122321 0
0.0127717 0
0.0133352 0
0.0139236 0
0.0145378 92.8647
0.0151792 0
0.0158489 0
0.0165482 0
0.0172783 0
0.0180406 0
0.0188365 0
0.0196675 0
0.0205353 0
0.0214412 0
0.0223872 0
0.0233749 0
0.0244062 0
0.025483 0
0.0266073 0
0.0277811 101.155
0.0290068 0
0.0302866 0
0.0316228 0
0.0330179 0
0.0344747 43.4405
0.0359956 104.629
0.0375837 0
0.0392419 0
0.0409732 0
0.0427809 0
0.0446684 0
0.0466391 173.391
0.0486968 129.647
0.0508452 0
0.0530884 0
0.0554307 96.6969
0.0578762 0
0.0604296 170.252
0.0630957 0
0.0658795 41.4744
0.068786 7.4647
0.0718208 113.012
0.0749894 86.9693
0.0782979 18.4342
0.0817523 275.243
0.0853591 77.6303
0.0891251 75.871
0.0930572 208.877
0.0971628 239.396
0.10145 76.5351
0.105925 177.083
0.110599 102.702
0.115478 362.678
0.120573 92.558
0.125893 216.186
0.131447 200.953
0.137246 304.582
0.143301 296.342
0.149624 145.792
0.156225 305.203
0.163117 117.512
0.170314 0
0.177828 287.732
0.185674 302.961
0.193865 240.181
0.202418 299.502
0.211349 265.636
0.220673 466.643
0.230409 377.279
0.240575 155.231
0.251189 393.173
0.262271 291.563
0.273842 572.181
0.285924 96.7135
0.298538 345.811
0.311709 0
0.325462 249.339
0.339821 429.556
0.354813 20.3536
0.370467 145.182
0.386812 163.203
0.403878 339.759
0.421697 0
0.440301 31.4862
0.459727 414.917
0.48001 322.049
0.501187 388.918
0.523299 200.052
0.546387 0
0.570493 256.035
0.595662 198.537
0.621942 116.26
0.649382 471.843
0.678032 371.795
0.707946 204.946
0.73918 439.959
0.771792 215.39
0.805842 84.462
0.841395 306.104
0.878517 265.04
0.917276 354.645
0.957745 214.146
1 188.502
1.04412 0
1.09018 119.042
1.13828 270.516
1.1885 0
1.24094 117.215
1.29569 104.789
1.35285 0
1.41254 213.489
1.47486 79.5955
1.53993 112.91
1.60787 0
1.6788 103.689
1.75287 0
1.83021 243.044
1.91095 0
1.99526 115.609
2.08329 112.78
2.1752 0
2.27117 0
2.37137 23.4014
2.476 0
2.58523 0
2.69929 24.8401
2.81838 114.758
2.94273 0
3.07256 97.1404
3.20812 82.0198
3.34965 0
3.49744 0
3.65174 0
3.81285 0
3.98107 0
4.15671 0
4.3401 63.0803
4.53158 74.8459
4.73151 0
4.94026 0
5.15822 0
5.3858 106.415
5.62341 0
5.87151 127.964
6.13056 67.3297
6.40103 40.2354
6.68344 103.351
6.97831 0
7.28618 80.5162
7.60764 0
7.94328 68.308
8.29373 0
8.65964 0
9.0417 0
9.44061 62.6096
9.85712 0
10.292 64.6305
10.7461 0
11.2202 0
11.7152 0
12.2321 0
12.7717 0
13.3352 96.3269
13.9236 0
14.5378 0
15.1792 0
15.8489 0
16.5482 0
17.2783 0
18.0406 0
18.8365 89.8131
19.6675 25.3474
20.5353 110.3
21.4412 0
22.3872 28.7561
23.3749 0
24.4062 95.4846
25.483 84.6808
26.6073 0
27.7811 90.7083
29.0068 77.4223
30.2866 0
31.6228 0
33.0179 65.015
34.4747 188.096
35.9956 0
37.5837 0
39.2419 0
40.9732 0
42.7809 0
44.6684 100.02
46.6391 91.3356
48.6968 135.72
50.8452 0
53.0884 97.7659
55.4307 0
57.8762 67.8484
60.4296 288.838
63.0957 54.8128
65.8795 0
68.786 0
71.8208 326.235
74.9894 59.1991
78.2979 148.431
81.7523 255.765
85.3591 89.3913
89.1251 118.118
93.0572 93.0171
97.1628 21.4264
101.45 64.754
105.925 99.5713
110.599 282.649
115.478 184.487
120.573 80.5888
125.893 75.6962
131.447 0
137.246 79.0678
143.301 190.097
149.624 146.917
156.225 98.1127
163.117 226.201
170.314 0
177.828 206.547
185.674 356.145
193.865 80.6964
202.418 0
211.349 112.044
220.673 0
230.409 254.121
240.575 0
251.189 95.9329
262.271 0
273.842 90.952
285.924 0
298.538 0
311.709 0
325.462 0
339.821 0
354.813 0
370.467 0
386.812 0
403.878 0
421.697 0
440.301 101.464
459.727 0
480.01 91.3976
501.187 0
523.299 0
546.387 0
570.493 0
595.662 113.192
621.942 0
649.382 0
678.032 0
707.946 0
739.18 0
771.792 0
805.842 0
841.395 0
878.517 0
917.276 0
957.745 0
1000 0
