# First line is two numbers 
#     First value is '2', it means 'histogram mode'
#     Second value is 'Emin' of the histogram
# Other lines : 2 columns. 1) energy 2) probability (nb divided by NbEvent)
# Number of bins = 480
# Content below the first bin: 0
# Content above the last  bin: 0
# Content above the last  bin: 0
# Number of events: 209000
2 1e-06
1.04412e-06 0
1.09018e-06 0
1.13828e-06 0
1.1885e-06 0
1.24094e-06 0
1.29569e-06 0
1.35285e-06 0
1.41254e-06 0
1.47486e-06 0
1.53993e-06 0
1.60787e-06 0
1.6788e-06 0
1.75287e-06 0
1.83021e-06 0
1.91095e-06 0
1.99526e-06 0
2.08329e-06 0
2.1752e-06 0
2.27117e-06 0
2.37137e-06 0
2.476e-06 0
2.58523e-06 0
2.69929e-06 0
2.81838e-06 0
2.94273e-06 0
3.07256e-06 0
3.20812e-06 0
3.34965e-06 0
3.49744e-06 0
3.65174e-06 0
3.81285e-06 0
3.98107e-06 0
4.15671e-06 0
4.3401e-06 0
4.53158e-06 0
4.73151e-06 0
4.94026e-06 0
5.15822e-06 0
5.3858e-06 0
5.62341e-06 0
5.87151e-06 0
6.13056e-06 0
6.40103e-06 0
6.68344e-06 0
6.97831e-06 0
7.28618e-06 0
7.60764e-06 0
7.94328e-06 0
8.29373e-06 0
8.65964e-06 0
9.0417e-06 0
9.44061e-06 0
9.85712e-06 0
1.0292e-05 0
1.07461e-05 0
1.12202e-05 0
1.17152e-05 0
1.22321e-05 0
1.27717e-05 0
1.33352e-05 0
1.39236e-05 0
1.45378e-05 0
1.51792e-05 0
1.58489e-05 0
1.65482e-05 0
1.72783e-05 0
1.80406e-05 0
1.88365e-05 0
1.96675e-05 0
2.05353e-05 0
2.14412e-05 0
2.23872e-05 0
2.33749e-05 0
2.44062e-05 0
2.5483e-05 0
2.66073e-05 0
2.77811e-05 0
2.90068e-05 0
3.02866e-05 0
3.16228e-05 0
3.30179e-05 0
3.44747e-05 0
3.59956e-05 0
3.75837e-05 0
3.92419e-05 0
4.09732e-05 0
4.27809e-05 0
4.46684e-05 0
4.66391e-05 0
4.86968e-05 0
5.08452e-05 0
5.30884e-05 0
5.54307e-05 0
5.78762e-05 0
6.04296e-05 0
6.30957e-05 0
6.58795e-05 0
6.8786e-05 0
7.18208e-05 0
7.49894e-05 0
7.82979e-05 0
8.17523e-05 0
8.53591e-05 0
8.91251e-05 0
9.30572e-05 0
9.71628e-05 0
0.00010145 0
0.000105925 0
0.000110599 0
0.000115478 0
0.000120573 0
0.000125893 0
0.000131447 0
0.000137246 0
0.000143301 0
0.000149624 0
0.000156225 0
0.000163117 0
0.000170314 0
0.000177828 0
0.000185674 0
0.000193865 0
0.000202418 0
0.000211349 0
0.000220673 0
0.000230409 0
0.000240575 0
0.000251189 0
0.000262271 0
0.000273842 0
0.000285924 0
0.000298538 0
0.000311709 0
0.000325462 0
0.000339821 0
0.000354813 0
0.000370467 0
0.000386812 0
0.000403878 0
0.000421697 0
0.000440301 0
0.000459727 0
0.00048001 0
0.000501187 0
0.000523299 0
0.000546387 0
0.000570493 0
0.000595662 0
0.000621942 0
0.000649382 0
0.000678032 0
0.000707946 0
0.00073918 0
0.000771792 0
0.000805842 0
0.000841395 0
0.000878517 0
0.000917276 0
0.000957745 0
0.001 0
0.00104412 0
0.00109018 0
0.00113828 0
0.0011885 0
0.00124094 0
0.00129569 0
0.00135285 0
0.00141254 0
0.00147486 0
0.00153993 0
0.00160787 0
0.0016788 0
0.00175287 0
0.00183021 0
0.00191095 0
0.00199526 0
0.00208329 0
0.0021752 0
0.00227117 0
0.00237137 0
0.002476 0
0.00258523 0
0.00269929 64.2445
0.00281838 0
0.00294273 0
0.00307256 0
0.00320812 47.8531
0.00334965 0
0.00349744 0
0.00365174 0
0.00381285 0
0.00398107 0
0.00415671 87.3702
0.0043401 0
0.00453158 0
0.00473151 0
0.00494026 0
0.00515822 0
0.0053858 0
0.00562341 0
0.00587151 0
0.00613056 0
0.00640103 0
0.00668344 53.3706
0.00697831 0
0.00728618 0
0.00760764 100.597
0.00794328 114.218
0.00829373 0
0.00865964 111.532
0.0090417 83.4312
0.00944061 0
0.00985712 0
0.010292 89.5844
0.0107461 0
0.0112202 112.699
0.0117152 0
0.0122321 0
0.0127717 39.5514
0.0133352 101.616
0.0139236 138.338
0.0145378 0
0.0151792 382.259
0.0158489 157.185
0.0165482 134.277
0.0172783 0
0.0180406 151.761
0.0188365 143.869
0.0196675 248.157
0.0205353 236.999
0.0214412 267.096
0.0223872 372.028
0.0233749 85.1499
0.0244062 350.708
0.025483 106.286
0.0266073 290.92
0.0277811 192.497
0.0290068 239.504
0.0302866 259.097
0.0316228 191.677
0.0330179 423.2
0.0344747 409.853
0.0359956 752.591
0.0375837 396.901
0.0392419 306.476
0.0409732 151.251
0.0427809 680.696
0.0446684 407.993
0.0466391 998.92
0.0486968 343.715
0.0508452 1083.33
0.0530884 782.57
0.0554307 594.85
0.0578762 1464.45
0.0604296 576.519
0.0630957 1041.47
0.0658795 695.626
0.068786 642.996
0.0718208 1281.64
0.0749894 1548.4
0.0782979 1230.01
0.0817523 2056.57
0.0853591 1746.92
0.0891251 1081.96
0.0930572 1367.96
0.0971628 1171.25
0.10145 1040.74
0.105925 1406.2
0.110599 572.388
0.115478 1687.08
0.120573 1595.2
0.125893 1841.42
0.131447 1820.14
0.137246 1327.18
0.143301 2521.72
0.149624 1796.78
0.156225 1523.23
0.163117 1986.89
0.170314 2330.78
0.177828 2283.06
0.185674 2169.65
0.193865 2288.51
0.202418 2138.13
0.211349 2608.67
0.220673 1652.12
0.230409 2177.47
0.240575 2673.94
0.251189 2156.82
0.262271 2462.79
0.273842 2481.1
0.285924 1129.36
0.298538 2050.52
0.311709 1699.45
0.325462 3237.31
0.339821 2944.1
0.354813 2145.85
0.370467 1765.59
0.386812 2546.33
0.403878 2740.86
0.421697 1945.32
0.440301 1975.24
0.459727 2132.42
0.48001 2290.18
0.501187 2526.38
0.523299 2185.21
0.546387 2468.38
0.570493 3202.92
0.595662 2603.22
0.621942 2413.01
0.649382 2308.45
0.678032 1923.97
0.707946 1851.74
0.73918 3083.61
0.771792 2242.54
0.805842 1705.6
0.841395 1424.77
0.878517 2332.16
0.917276 1464.57
0.957745 1337.16
1 1676.64
1.04412 1387.78
1.09018 1327.63
1.13828 1308.12
1.1885 1614.22
1.24094 1019.95
1.29569 1035.28
1.35285 1206.54
1.41254 1705.26
1.47486 669.175
1.53993 1215.09
1.60787 618.148
1.6788 265.001
1.75287 846.247
1.83021 1177.47
1.91095 790.528
1.99526 342.271
2.08329 407.514
2.1752 634.259
2.27117 1113.66
2.37137 728.016
2.476 527.652
2.58523 687.543
2.69929 598.372
2.81838 554.506
2.94273 770.023
3.07256 636.142
3.20812 674.129
3.34965 341.665
3.49744 395.508
3.65174 531.614
3.81285 289.263
3.98107 103.121
4.15671 785.306
4.3401 224.382
4.53158 481.46
4.73151 631.216
4.94026 221.057
5.15822 554.163
5.3858 149.582
5.62341 325.777
5.87151 472.006
6.13056 138.53
6.40103 530.989
6.68344 344.959
6.97831 302.819
7.28618 334.398
7.60764 59.8035
7.94328 216.829
8.29373 340.172
8.65964 323.406
9.0417 159.502
9.44061 173.655
9.85712 210.602
10.292 429.923
10.7461 339.031
11.2202 97.5537
11.7152 306.566
12.2321 234.371
12.7717 153.856
13.3352 164.316
13.9236 276.008
14.5378 208.322
15.1792 107.698
15.8489 64.0291
16.5482 435.643
17.2783 496.718
18.0406 102.546
18.8365 381.715
19.6675 353.15
20.5353 27.3617
21.4412 204.36
22.3872 285.392
23.3749 189.147
24.4062 179.904
25.483 0
26.6073 399.222
27.7811 91.8591
29.0068 562.387
30.2866 281.149
31.6228 868.706
33.0179 570.142
34.4747 540.348
35.9956 63.4655
37.5837 106.549
39.2419 321.395
40.9732 114.68
42.7809 108.637
44.6684 87.2075
46.6391 686.91
48.6968 531.293
50.8452 90.2961
53.0884 525.005
55.4307 823.552
57.8762 599.047
60.4296 318.979
63.0957 389.34
65.8795 333.445
68.786 387.47
71.8208 678.203
74.9894 153.171
78.2979 799.828
81.7523 465.51
85.3591 324.045
89.1251 291.586
93.0572 575.974
97.1628 700.479
101.45 728.634
105.925 766.863
110.599 260.907
115.478 885.861
120.573 424.119
125.893 748.029
131.447 660.156
137.246 524.611
143.301 975.374
149.624 417.869
156.225 973.677
163.117 404.04
170.314 658.025
177.828 766.438
185.674 475.255
193.865 1099.86
202.418 758.303
211.349 788.25
220.673 612.976
230.409 1096.82
240.575 744.943
251.189 1222.04
262.271 1875.86
273.842 1988.53
285.924 886.864
298.538 1545.77
311.709 1516.94
325.462 1491.71
339.821 1843.4
354.813 721.89
370.467 1175.85
386.812 1054.19
403.878 772.88
421.697 190.969
440.301 291.957
459.727 110.585
480.01 364.584
501.187 248.497
523.299 286.609
546.387 168.402
570.493 51.7644
595.662 111.223
621.942 118.404
649.382 272.215
678.032 68.0918
707.946 58.7437
739.18 70.4888
771.792 0
805.842 183.981
841.395 0
878.517 0
917.276 0
957.745 0
1000 0
