# First line is two numbers 
#     First value is '2', it means 'histogram mode'
#     Second value is 'Emin' of the histogram
# Other lines : 2 columns. 1) energy 2) probability (nb divided by NbEvent)
# Number of bins = 480
# Content below the first bin: 0
# Content above the last  bin: 0
# Content above the last  bin: 0
# Number of events: 209000
2 1e-06
1.04412e-06 0
1.09018e-06 0
1.13828e-06 0
1.1885e-06 0
1.24094e-06 0
1.29569e-06 0
1.35285e-06 0
1.41254e-06 0
1.47486e-06 0
1.53993e-06 0
1.60787e-06 0
1.6788e-06 0
1.75287e-06 0
1.83021e-06 0
1.91095e-06 0
1.99526e-06 0
2.08329e-06 0
2.1752e-06 0
2.27117e-06 0
2.37137e-06 0
2.476e-06 0
2.58523e-06 0
2.69929e-06 0
2.81838e-06 0
2.94273e-06 0
3.07256e-06 0
3.20812e-06 0
3.34965e-06 0
3.49744e-06 0
3.65174e-06 0
3.81285e-06 0
3.98107e-06 0
4.15671e-06 0
4.3401e-06 0
4.53158e-06 0
4.73151e-06 0
4.94026e-06 0
5.15822e-06 0
5.3858e-06 0
5.62341e-06 0
5.87151e-06 0
6.13056e-06 0
6.40103e-06 0
6.68344e-06 0
6.97831e-06 0
7.28618e-06 0
7.60764e-06 0
7.94328e-06 0
8.29373e-06 0
8.65964e-06 0
9.0417e-06 0
9.44061e-06 0
9.85712e-06 0
1.0292e-05 0
1.07461e-05 0
1.12202e-05 0
1.17152e-05 0
1.22321e-05 0
1.27717e-05 0
1.33352e-05 0
1.39236e-05 0
1.45378e-05 0
1.51792e-05 0
1.58489e-05 0
1.65482e-05 0
1.72783e-05 0
1.80406e-05 0
1.88365e-05 0
1.96675e-05 0
2.05353e-05 0
2.14412e-05 0
2.23872e-05 0
2.33749e-05 0
2.44062e-05 0
2.5483e-05 0
2.66073e-05 0
2.77811e-05 0
2.90068e-05 0
3.02866e-05 0
3.16228e-05 0
3.30179e-05 0
3.44747e-05 0
3.59956e-05 0
3.75837e-05 0
3.92419e-05 0
4.09732e-05 0
4.27809e-05 0
4.46684e-05 0
4.66391e-05 0
4.86968e-05 0
5.08452e-05 0
5.30884e-05 0
5.54307e-05 0
5.78762e-05 0
6.04296e-05 0
6.30957e-05 0
6.58795e-05 0
6.8786e-05 0
7.18208e-05 0
7.49894e-05 0
7.82979e-05 0
8.17523e-05 0
8.53591e-05 0
8.91251e-05 0
9.30572e-05 0
9.71628e-05 0
0.00010145 0
0.000105925 0
0.000110599 0
0.000115478 0
0.000120573 0
0.000125893 0
0.000131447 0
0.000137246 0
0.000143301 0
0.000149624 0
0.000156225 0
0.000163117 0
0.000170314 0
0.000177828 0
0.000185674 0
0.000193865 0
0.000202418 0
0.000211349 0
0.000220673 0
0.000230409 0
0.000240575 0
0.000251189 0
0.000262271 0
0.000273842 0
0.000285924 0
0.000298538 0
0.000311709 0
0.000325462 0
0.000339821 0
0.000354813 0
0.000370467 0
0.000386812 0
0.000403878 0
0.000421697 0
0.000440301 0
0.000459727 0
0.00048001 0
0.000501187 0
0.000523299 0
0.000546387 0
0.000570493 0
0.000595662 0
0.000621942 0
0.000649382 0
0.000678032 0
0.000707946 0
0.00073918 0
0.000771792 0
0.000805842 0
0.000841395 0
0.000878517 0
0.000917276 0
0.000957745 0
0.001 0
0.00104412 0
0.00109018 0
0.00113828 0
0.0011885 0
0.00124094 0
0.00129569 0
0.00135285 0
0.00141254 0
0.00147486 0
0.00153993 0
0.00160787 0
0.0016788 0
0.00175287 0
0.00183021 0
0.00191095 0
0.00199526 0
0.00208329 0
0.0021752 0
0.00227117 0
0.00237137 0
0.002476 0
0.00258523 0
0.00269929 0
0.00281838 0
0.00294273 0
0.00307256 0
0.00320812 0
0.00334965 0
0.00349744 0
0.00365174 0
0.00381285 0
0.00398107 0
0.00415671 0
0.0043401 55.6741
0.00453158 0
0.00473151 0
0.00494026 115.535
0.00515822 0
0.0053858 0
0.00562341 0
0.00587151 0
0.00613056 0
0.00640103 81.6672
0.00668344 0
0.00697831 0
0.00728618 0
0.00760764 0
0.00794328 0
0.00829373 68.0796
0.00865964 0
0.0090417 31.5906
0.00944061 194.529
0.00985712 0
0.010292 83.3828
0.0107461 84.6555
0.0112202 0
0.0117152 104.999
0.0122321 84.2037
0.0127717 93.3094
0.0133352 195.564
0.0139236 68.434
0.0145378 0
0.0151792 91.1525
0.0158489 0
0.0165482 0
0.0172783 58.4886
0.0180406 136.572
0.0188365 231.121
0.0196675 170.487
0.0205353 248.653
0.0214412 179.654
0.0223872 261.626
0.0233749 458.868
0.0244062 242.937
0.025483 0
0.0266073 232.117
0.0277811 192.217
0.0290068 463.98
0.0302866 200.606
0.0316228 305.258
0.0330179 891.071
0.0344747 389.521
0.0359956 242.946
0.0375837 598.65
0.0392419 542.737
0.0409732 116.581
0.0427809 478.6
0.0446684 657.151
0.0466391 513.499
0.0486968 1010.39
0.0508452 406.423
0.0530884 940.083
0.0554307 967.858
0.0578762 491.795
0.0604296 828.26
0.0630957 978.627
0.0658795 618.973
0.068786 1059.23
0.0718208 737.688
0.0749894 511.285
0.0782979 306.049
0.0817523 910.858
0.0853591 731.887
0.0891251 1126.25
0.0930572 1069.83
0.0971628 1128.35
0.10145 1360.02
0.105925 1534.73
0.110599 1268.89
0.115478 1977.93
0.120573 1656.43
0.125893 1768.56
0.131447 1262.77
0.137246 1787.22
0.143301 1823.45
0.149624 2345.09
0.156225 1554.89
0.163117 1556.71
0.170314 2402.45
0.177828 1681.2
0.185674 1861.31
0.193865 1808.35
0.202418 1828.87
0.211349 1829.73
0.220673 2356.72
0.230409 2171.02
0.240575 2040.09
0.251189 1581.44
0.262271 1994.1
0.273842 1665.54
0.285924 1976.96
0.298538 2180.43
0.311709 2180.46
0.325462 2850.01
0.339821 2763.75
0.354813 2691.38
0.370467 2381.72
0.386812 2444.02
0.403878 3031.43
0.421697 1865.13
0.440301 2556.05
0.459727 1970.22
0.48001 2964.47
0.501187 2634.08
0.523299 2626.06
0.546387 2524
0.570493 2368.6
0.595662 1930.79
0.621942 2074.17
0.649382 1800.82
0.678032 2519.63
0.707946 1287.16
0.73918 1737.09
0.771792 1407.38
0.805842 2287.83
0.841395 2155.01
0.878517 1992.29
0.917276 2020.58
0.957745 1470.84
1 2651.06
1.04412 1934.13
1.09018 948.81
1.13828 1454.02
1.1885 973.7
1.24094 1292.19
1.29569 856.276
1.35285 1005.71
1.41254 935.086
1.47486 826.599
1.53993 1068.2
1.60787 801.777
1.6788 629.267
1.75287 518.866
1.83021 709.412
1.91095 844.037
1.99526 572.743
2.08329 659.815
2.1752 465.409
2.27117 341.783
2.37137 673.626
2.476 363.883
2.58523 647.871
2.69929 427.962
2.81838 560.435
2.94273 820.024
3.07256 705.422
3.20812 561.831
3.34965 825.035
3.49744 1021.08
3.65174 673.627
3.81285 492.732
3.98107 420.703
4.15671 638.374
4.3401 185.693
4.53158 390.547
4.73151 507.797
4.94026 213.784
5.15822 489.977
5.3858 329.592
5.62341 368.625
5.87151 297.814
6.13056 515.346
6.40103 369.27
6.68344 252.019
6.97831 393.28
7.28618 317.23
7.60764 68.1961
7.94328 413.999
8.29373 293.203
8.65964 170.866
9.0417 373.534
9.44061 56.4225
9.85712 75.6026
10.292 0
10.7461 273.81
11.2202 69.3952
11.7152 264.995
12.2321 381.493
12.7717 184.44
13.3352 69.7592
13.9236 267.02
14.5378 164.132
15.1792 322.694
15.8489 165.496
16.5482 0
17.2783 497.143
18.0406 0
18.8365 282.136
19.6675 165.432
20.5353 62.2117
21.4412 308.518
22.3872 196.303
23.3749 193.035
24.4062 286.58
25.483 253.045
26.6073 291.768
27.7811 286.343
29.0068 257.213
30.2866 168.84
31.6228 200.298
33.0179 375.772
34.4747 222.65
35.9956 514.741
37.5837 399.424
39.2419 328.755
40.9732 204.436
42.7809 268.257
44.6684 139.324
46.6391 629.874
48.6968 495.192
50.8452 293.073
53.0884 551.48
55.4307 620.871
57.8762 186.418
60.4296 367.758
63.0957 425.629
65.8795 472.938
68.786 372.277
71.8208 668.749
74.9894 382.465
78.2979 622.395
81.7523 489.436
85.3591 579.734
89.1251 414.159
93.0572 294.122
97.1628 496.471
101.45 425.239
105.925 375.988
110.599 397.067
115.478 392.812
120.573 649.145
125.893 295.996
131.447 467.115
137.246 672.211
143.301 606.28
149.624 61.7152
156.225 893.032
163.117 396.121
170.314 1146.1
177.828 631.904
185.674 357.047
193.865 775.491
202.418 1083.92
211.349 1513.75
220.673 1218.47
230.409 1222.76
240.575 841.979
251.189 796.983
262.271 1840.76
273.842 1917.91
285.924 1514.28
298.538 1129.11
311.709 803.447
325.462 970.433
339.821 1233.26
354.813 1438.18
370.467 1835.44
386.812 1330.79
403.878 790.402
421.697 651.041
440.301 350.786
459.727 439.79
480.01 18.4847
501.187 82.9497
523.299 108.935
546.387 126.983
570.493 0
595.662 150.585
621.942 0
649.382 177.939
678.032 112.417
707.946 0
739.18 69.7911
771.792 0
805.842 0
841.395 0
878.517 0
917.276 0
957.745 0
1000 0
