# First line is two numbers 
#     First value is '2', it means 'histogram mode'
#     Second value is 'Emin' of the histogram
# Other lines : 2 columns. 1) energy 2) probability (nb divided by NbEvent)
# Number of bins = 480
# Content below the first bin: 0
# Content above the last  bin: 104.496
# Content above the last  bin: 104.496
# Number of events: 209000
2 1e-06
1.04412e-06 0
1.09018e-06 0
1.13828e-06 0
1.1885e-06 0
1.24094e-06 0
1.29569e-06 0
1.35285e-06 0
1.41254e-06 0
1.47486e-06 0
1.53993e-06 0
1.60787e-06 0
1.6788e-06 0
1.75287e-06 0
1.83021e-06 0
1.91095e-06 0
1.99526e-06 0
2.08329e-06 0
2.1752e-06 0
2.27117e-06 0
2.37137e-06 0
2.476e-06 0
2.58523e-06 0
2.69929e-06 0
2.81838e-06 0
2.94273e-06 0
3.07256e-06 0
3.20812e-06 0
3.34965e-06 0
3.49744e-06 0
3.65174e-06 0
3.81285e-06 0
3.98107e-06 0
4.15671e-06 0
4.3401e-06 0
4.53158e-06 0
4.73151e-06 0
4.94026e-06 0
5.15822e-06 0
5.3858e-06 0
5.62341e-06 0
5.87151e-06 0
6.13056e-06 0
6.40103e-06 0
6.68344e-06 0
6.97831e-06 0
7.28618e-06 0
7.60764e-06 0
7.94328e-06 0
8.29373e-06 0
8.65964e-06 0
9.0417e-06 0
9.44061e-06 0
9.85712e-06 0
1.0292e-05 0
1.07461e-05 0
1.12202e-05 0
1.17152e-05 0
1.22321e-05 0
1.27717e-05 0
1.33352e-05 0
1.39236e-05 0
1.45378e-05 0
1.51792e-05 0
1.58489e-05 0
1.65482e-05 0
1.72783e-05 0
1.80406e-05 0
1.88365e-05 0
1.96675e-05 0
2.05353e-05 0
2.14412e-05 0
2.23872e-05 0
2.33749e-05 0
2.44062e-05 0
2.5483e-05 0
2.66073e-05 0
2.77811e-05 0
2.90068e-05 0
3.02866e-05 0
3.16228e-05 0
3.30179e-05 0
3.44747e-05 0
3.59956e-05 0
3.75837e-05 0
3.92419e-05 0
4.09732e-05 0
4.27809e-05 0
4.46684e-05 0
4.66391e-05 0
4.86968e-05 0
5.08452e-05 0
5.30884e-05 0
5.54307e-05 0
5.78762e-05 0
6.04296e-05 0
6.30957e-05 0
6.58795e-05 0
6.8786e-05 0
7.18208e-05 0
7.49894e-05 0
7.82979e-05 0
8.17523e-05 0
8.53591e-05 0
8.91251e-05 0
9.30572e-05 0
9.71628e-05 0
0.00010145 0
0.000105925 0
0.000110599 0
0.000115478 0
0.000120573 0
0.000125893 0
0.000131447 0
0.000137246 0
0.000143301 0
0.000149624 0
0.000156225 0
0.000163117 0
0.000170314 0
0.000177828 0
0.000185674 0
0.000193865 0
0.000202418 0
0.000211349 0
0.000220673 0
0.000230409 0
0.000240575 0
0.000251189 0
0.000262271 0
0.000273842 0
0.000285924 0
0.000298538 0
0.000311709 0
0.000325462 0
0.000339821 0
0.000354813 0
0.000370467 0
0.000386812 0
0.000403878 0
0.000421697 0
0.000440301 0
0.000459727 0
0.00048001 0
0.000501187 0
0.000523299 0
0.000546387 0
0.000570493 0
0.000595662 0
0.000621942 0
0.000649382 0
0.000678032 0
0.000707946 0
0.00073918 0
0.000771792 0
0.000805842 0
0.000841395 0
0.000878517 0
0.000917276 0
0.000957745 0
0.001 0
0.00104412 55.4131
0.00109018 0
0.00113828 0
0.0011885 0
0.00124094 0
0.00129569 0
0.00135285 0
0.00141254 0
0.00147486 0
0.00153993 0
0.00160787 0
0.0016788 0
0.00175287 0
0.00183021 0
0.00191095 0
0.00199526 0
0.00208329 0
0.0021752 0
0.00227117 0
0.00237137 0
0.002476 0
0.00258523 0
0.00269929 0
0.00281838 0
0.00294273 109.061
0.00307256 45.3574
0.00320812 0
0.00334965 0
0.00349744 0
0.00365174 0
0.00381285 0
0.00398107 0
0.00415671 0
0.0043401 0
0.00453158 0
0.00473151 0
0.00494026 0
0.00515822 0
0.0053858 0
0.00562341 0
0.00587151 85.6691
0.00613056 0
0.00640103 71.8759
0.00668344 0
0.00697831 0
0.00728618 106.044
0.00760764 0
0.00794328 0
0.00829373 0
0.00865964 169.841
0.0090417 0
0.00944061 0
0.00985712 0
0.010292 78.4814
0.0107461 97.8069
0.0112202 80.8988
0.0117152 0
0.0122321 0
0.0127717 0
0.0133352 206.976
0.0139236 59.5547
0.0145378 110.549
0.0151792 61.8212
0.0158489 106.191
0.0165482 166.593
0.0172783 51.8781
0.0180406 0
0.0188365 0
0.0196675 179.24
0.0205353 86.2262
0.0214412 264.269
0.0223872 381.98
0.0233749 70.2082
0.0244062 83.5962
0.025483 68.3339
0.0266073 349.096
0.0277811 158.945
0.0290068 543.18
0.0302866 174.152
0.0316228 277.725
0.0330179 595.123
0.0344747 415.747
0.0359956 381.552
0.0375837 94.8254
0.0392419 537.977
0.0409732 664.39
0.0427809 702.647
0.0446684 904.664
0.0466391 879.546
0.0486968 647.366
0.0508452 424.496
0.0530884 1005.3
0.0554307 607.3
0.0578762 900.712
0.0604296 1164.15
0.0630957 1198.24
0.0658795 782.463
0.068786 773.9
0.0718208 1371.63
0.0749894 882.183
0.0782979 1049.34
0.0817523 990.208
0.0853591 803.062
0.0891251 1654.15
0.0930572 1632.7
0.0971628 1515.14
0.10145 1199.91
0.105925 1400.87
0.110599 1232.97
0.115478 1661.02
0.120573 1378.66
0.125893 1226.19
0.131447 1639.07
0.137246 2192.2
0.143301 2398.36
0.149624 1993.9
0.156225 1340
0.163117 2311.58
0.170314 2068.56
0.177828 1892.75
0.185674 1348.48
0.193865 2147.5
0.202418 2508.33
0.211349 2084.07
0.220673 2228.05
0.230409 2182.03
0.240575 1694.31
0.251189 1511.87
0.262271 2129.92
0.273842 2647.49
0.285924 2289.44
0.298538 2441.82
0.311709 2813.51
0.325462 2165.97
0.339821 2811.09
0.354813 2406.65
0.370467 1991.04
0.386812 2161.83
0.403878 2276.7
0.421697 2499.38
0.440301 2100.19
0.459727 2787.78
0.48001 1316.63
0.501187 2446.51
0.523299 2432.94
0.546387 1966.34
0.570493 2118.18
0.595662 2099.01
0.621942 2396.47
0.649382 1980.63
0.678032 2433.39
0.707946 1301.15
0.73918 1830.21
0.771792 1981.08
0.805842 3196.37
0.841395 1767.96
0.878517 1884.65
0.917276 1390.55
0.957745 1331.83
1 1332.92
1.04412 1025.67
1.09018 1680.89
1.13828 1877.43
1.1885 777.706
1.24094 1212.94
1.29569 1085.28
1.35285 926.758
1.41254 1214.3
1.47486 464.982
1.53993 273.046
1.60787 983.752
1.6788 842.789
1.75287 738.287
1.83021 973.391
1.91095 1393.36
1.99526 741.201
2.08329 142.631
2.1752 502.034
2.27117 304.778
2.37137 839.17
2.476 486.112
2.58523 153.834
2.69929 846.81
2.81838 494.674
2.94273 844.129
3.07256 457.665
3.20812 438.158
3.34965 713.175
3.49744 733.607
3.65174 662.519
3.81285 710.352
3.98107 361.055
4.15671 398.661
4.3401 268.682
4.53158 904.452
4.73151 260.124
4.94026 526.088
5.15822 225.62
5.3858 493.192
5.62341 294.201
5.87151 163.127
6.13056 231.934
6.40103 345.968
6.68344 109.183
6.97831 484.825
7.28618 110.327
7.60764 135.515
7.94328 492.24
8.29373 109.993
8.65964 190.861
9.0417 99.6782
9.44061 485.131
9.85712 168.413
10.292 249.918
10.7461 124.946
11.2202 413.873
11.7152 69.9463
12.2321 187.541
12.7717 69.1182
13.3352 175.435
13.9236 160.028
14.5378 68.5934
15.1792 443.075
15.8489 163.301
16.5482 116.815
17.2783 148.595
18.0406 115.479
18.8365 0
19.6675 366.104
20.5353 229.568
21.4412 27.2767
22.3872 139.209
23.3749 308.729
24.4062 0
25.483 360.13
26.6073 247.565
27.7811 119.925
29.0068 376.262
30.2866 96.1451
31.6228 288.903
33.0179 59.2803
34.4747 337.9
35.9956 303.56
37.5837 432.094
39.2419 227.073
40.9732 545.181
42.7809 0
44.6684 0
46.6391 407.727
48.6968 496.499
50.8452 107.558
53.0884 415.373
55.4307 307.346
57.8762 471.25
60.4296 613.669
63.0957 343.236
65.8795 379.802
68.786 614.073
71.8208 264.098
74.9894 268.103
78.2979 921.568
81.7523 416.875
85.3591 179.325
89.1251 430.552
93.0572 283.845
97.1628 207.212
101.45 598.756
105.925 908.004
110.599 507.489
115.478 693.141
120.573 712.585
125.893 352.303
131.447 1002.94
137.246 446.066
143.301 578.156
149.624 396.077
156.225 501.448
163.117 634.44
170.314 633.401
177.828 741.07
185.674 457.589
193.865 583.722
202.418 734.399
211.349 790.538
220.673 782.546
230.409 741.308
240.575 1399.39
251.189 1313.54
262.271 978.821
273.842 1032.26
285.924 1273.13
298.538 1617.75
311.709 1310.71
325.462 1002.65
339.821 1321.38
354.813 1374.51
370.467 1972.59
386.812 1669.53
403.878 781.989
421.697 257.886
440.301 265.244
459.727 603.155
480.01 610.565
501.187 252.621
523.299 0
546.387 162.383
570.493 152.22
595.662 249.042
621.942 0
649.382 0
678.032 74.1762
707.946 41.985
739.18 0
771.792 0
805.842 0
841.395 0
878.517 0
917.276 0
957.745 0
1000 0
