# First line is two numbers 
#     First value is '2', it means 'histogram mode'
#     Second value is 'Emin' of the histogram
# Other lines : 2 columns. 1) energy 2) probability (nb divided by NbEvent)
# Number of bins = 480
# Content below the first bin: 0
# Content above the last  bin: 0
# Content above the last  bin: 0
# Number of events: 209000
2 1e-06
1.04412e-06 0
1.09018e-06 0
1.13828e-06 0
1.1885e-06 0
1.24094e-06 0
1.29569e-06 0
1.35285e-06 0
1.41254e-06 0
1.47486e-06 0
1.53993e-06 0
1.60787e-06 0
1.6788e-06 0
1.75287e-06 0
1.83021e-06 0
1.91095e-06 0
1.99526e-06 0
2.08329e-06 0
2.1752e-06 0
2.27117e-06 0
2.37137e-06 0
2.476e-06 0
2.58523e-06 0
2.69929e-06 0
2.81838e-06 0
2.94273e-06 0
3.07256e-06 0
3.20812e-06 0
3.34965e-06 0
3.49744e-06 0
3.65174e-06 0
3.81285e-06 0
3.98107e-06 0
4.15671e-06 0
4.3401e-06 0
4.53158e-06 0
4.73151e-06 0
4.94026e-06 0
5.15822e-06 0
5.3858e-06 0
5.62341e-06 0
5.87151e-06 0
6.13056e-06 0
6.40103e-06 0
6.68344e-06 0
6.97831e-06 0
7.28618e-06 0
7.60764e-06 0
7.94328e-06 0
8.29373e-06 0
8.65964e-06 0
9.0417e-06 0
9.44061e-06 0
9.85712e-06 0
1.0292e-05 0
1.07461e-05 0
1.12202e-05 0
1.17152e-05 0
1.22321e-05 0
1.27717e-05 0
1.33352e-05 0
1.39236e-05 0
1.45378e-05 0
1.51792e-05 0
1.58489e-05 0
1.65482e-05 0
1.72783e-05 0
1.80406e-05 0
1.88365e-05 0
1.96675e-05 0
2.05353e-05 0
2.14412e-05 0
2.23872e-05 0
2.33749e-05 0
2.44062e-05 0
2.5483e-05 0
2.66073e-05 0
2.77811e-05 0
2.90068e-05 0
3.02866e-05 0
3.16228e-05 0
3.30179e-05 0
3.44747e-05 0
3.59956e-05 0
3.75837e-05 0
3.92419e-05 0
4.09732e-05 0
4.27809e-05 0
4.46684e-05 0
4.66391e-05 0
4.86968e-05 0
5.08452e-05 0
5.30884e-05 0
5.54307e-05 0
5.78762e-05 0
6.04296e-05 0
6.30957e-05 0
6.58795e-05 0
6.8786e-05 0
7.18208e-05 0
7.49894e-05 0
7.82979e-05 0
8.17523e-05 0
8.53591e-05 0
8.91251e-05 0
9.30572e-05 0
9.71628e-05 0
0.00010145 0
0.000105925 0
0.000110599 0
0.000115478 0
0.000120573 0
0.000125893 0
0.000131447 0
0.000137246 0
0.000143301 0
0.000149624 0
0.000156225 0
0.000163117 0
0.000170314 0
0.000177828 0
0.000185674 0
0.000193865 0
0.000202418 0
0.000211349 0
0.000220673 0
0.000230409 0
0.000240575 0
0.000251189 0
0.000262271 0
0.000273842 0
0.000285924 0
0.000298538 0
0.000311709 0
0.000325462 0
0.000339821 0
0.000354813 0
0.000370467 0
0.000386812 0
0.000403878 0
0.000421697 0
0.000440301 61.502
0.000459727 0
0.00048001 0
0.000501187 0
0.000523299 0
0.000546387 0
0.000570493 0
0.000595662 0
0.000621942 0
0.000649382 0
0.000678032 0
0.000707946 0
0.00073918 0
0.000771792 0
0.000805842 0
0.000841395 0
0.000878517 0
0.000917276 0
0.000957745 0
0.001 0
0.00104412 0
0.00109018 0
0.00113828 0
0.0011885 0
0.00124094 0
0.00129569 118.665
0.00135285 117.697
0.00141254 0
0.00147486 0
0.00153993 0
0.00160787 0
0.0016788 0
0.00175287 72.4524
0.00183021 81.681
0.00191095 0
0.00199526 0
0.00208329 0
0.0021752 0
0.00227117 0
0.00237137 0
0.002476 0
0.00258523 0
0.00269929 0
0.00281838 0
0.00294273 0
0.00307256 0
0.00320812 0
0.00334965 0
0.00349744 0
0.00365174 0
0.00381285 95.8709
0.00398107 0
0.00415671 86.8281
0.0043401 0
0.00453158 0
0.00473151 0
0.00494026 0
0.00515822 108.28
0.0053858 101.604
0.00562341 0
0.00587151 0
0.00613056 0
0.00640103 269.56
0.00668344 0
0.00697831 94.3842
0.00728618 27.5741
0.00760764 157.129
0.00794328 72.4781
0.00829373 154.564
0.00865964 150.89
0.0090417 358.091
0.00944061 0
0.00985712 519.355
0.010292 63.6605
0.0107461 222.379
0.0112202 208.67
0.0117152 139.312
0.0122321 284.761
0.0127717 557.954
0.0133352 386.477
0.0139236 753.675
0.0145378 387.067
0.0151792 380.025
0.0158489 155.171
0.0165482 374.02
0.0172783 219.996
0.0180406 588.165
0.0188365 347.361
0.0196675 473.509
0.0205353 607.072
0.0214412 1193.34
0.0223872 883.391
0.0233749 984.904
0.0244062 726.989
0.025483 930.164
0.0266073 820.315
0.0277811 770.711
0.0290068 1276.24
0.0302866 915.571
0.0316228 1304.29
0.0330179 1755.06
0.0344747 719.658
0.0359956 1384.43
0.0375837 1776.9
0.0392419 1443.77
0.0409732 2006.81
0.0427809 1610.04
0.0446684 1588.41
0.0466391 2093.78
0.0486968 1513.59
0.0508452 2630.36
0.0530884 2395.96
0.0554307 1415.42
0.0578762 2002.19
0.0604296 2377.44
0.0630957 2187.11
0.0658795 2565.45
0.068786 3710.89
0.0718208 3495.24
0.0749894 3162.48
0.0782979 4357.65
0.0817523 3741.13
0.0853591 4342.09
0.0891251 3504.05
0.0930572 4367.96
0.0971628 4115.49
0.10145 4657.45
0.105925 4447.26
0.110599 4644.96
0.115478 4821.88
0.120573 5441.97
0.125893 6177.11
0.131447 5536.85
0.137246 3879.89
0.143301 5139.63
0.149624 5051.02
0.156225 5400.31
0.163117 7225.5
0.170314 6024.16
0.177828 6349.97
0.185674 6322.3
0.193865 7001.09
0.202418 6060.85
0.211349 5660.34
0.220673 7151.64
0.230409 7654.98
0.240575 6355.14
0.251189 7653.75
0.262271 7671.18
0.273842 6773.35
0.285924 7085.85
0.298538 7346.24
0.311709 7344.53
0.325462 7724.78
0.339821 7389.36
0.354813 6537.62
0.370467 7584.94
0.386812 7379.11
0.403878 8103.11
0.421697 8195.66
0.440301 6800.39
0.459727 8202.33
0.48001 6807.57
0.501187 8067.47
0.523299 8657.06
0.546387 7212.14
0.570493 8160.02
0.595662 7422.86
0.621942 7359.5
0.649382 6410.26
0.678032 6757.52
0.707946 6134.88
0.73918 5068.56
0.771792 4193.25
0.805842 6607.46
0.841395 6422.1
0.878517 6703.35
0.917276 5607.61
0.957745 5296.58
1 4958.48
1.04412 4021.72
1.09018 4582.36
1.13828 4208.73
1.1885 4151.63
1.24094 5065.98
1.29569 2690.35
1.35285 3186.91
1.41254 3426.26
1.47486 2941.51
1.53993 3190.07
1.60787 2356.35
1.6788 2951.32
1.75287 2026.72
1.83021 2682.69
1.91095 2866.78
1.99526 1888.26
2.08329 2108.53
2.1752 1397.21
2.27117 1847.88
2.37137 1806.56
2.476 2077
2.58523 1631.89
2.69929 1479.09
2.81838 1562.13
2.94273 1732.31
3.07256 1824.3
3.20812 1654.26
3.34965 651.856
3.49744 1425.58
3.65174 1415.11
3.81285 607.117
3.98107 845.046
4.15671 1311.29
4.3401 873.388
4.53158 1342.67
4.73151 1732.68
4.94026 693.863
5.15822 900.14
5.3858 1157.4
5.62341 1254.92
5.87151 1271.59
6.13056 347.459
6.40103 585.448
6.68344 796.657
6.97831 1571.81
7.28618 543.324
7.60764 583.947
7.94328 629.583
8.29373 623.351
8.65964 683.364
9.0417 851.144
9.44061 909.301
9.85712 849.614
10.292 986.827
10.7461 361.34
11.2202 665.555
11.7152 1051.28
12.2321 866.779
12.7717 573.723
13.3352 557.315
13.9236 1036.84
14.5378 545.181
15.1792 396.688
15.8489 944.241
16.5482 433.815
17.2783 675.726
18.0406 557.226
18.8365 534.056
19.6675 705.833
20.5353 749.447
21.4412 864.361
22.3872 622.214
23.3749 710.675
24.4062 480.725
25.483 864.204
26.6073 808.577
27.7811 1159.44
29.0068 971.883
30.2866 1379.29
31.6228 1250.36
33.0179 900.503
34.4747 1220.9
35.9956 1089.72
37.5837 951.607
39.2419 377.569
40.9732 766.694
42.7809 666.572
44.6684 622.198
46.6391 490.475
48.6968 1666.5
50.8452 1187.36
53.0884 970.628
55.4307 1249.39
57.8762 1520.73
60.4296 1195.65
63.0957 1180.29
65.8795 1263.3
68.786 853.181
71.8208 1061.42
74.9894 1661.86
78.2979 2039.81
81.7523 1398.77
85.3591 1371.68
89.1251 1054.58
93.0572 1425.45
97.1628 1721.13
101.45 1808.42
105.925 1400.62
110.599 1868.49
115.478 1684.96
120.573 1609.56
125.893 1636.78
131.447 2041.8
137.246 2504.16
143.301 2206.54
149.624 1744.2
156.225 1906.69
163.117 2188.15
170.314 2300.66
177.828 2381.83
185.674 2901.1
193.865 2357.78
202.418 2164.08
211.349 3354.84
220.673 3104.77
230.409 2190.9
240.575 4240.38
251.189 2466.29
262.271 3234.42
273.842 3081.51
285.924 4605.36
298.538 5051.66
311.709 3952.26
325.462 3224.84
339.821 4700.97
354.813 3631.3
370.467 4023.69
386.812 2846.36
403.878 1730.12
421.697 1526.16
440.301 1330.63
459.727 1257.51
480.01 621.154
501.187 356.102
523.299 109.247
546.387 493.387
570.493 229.72
595.662 91.2775
621.942 189.982
649.382 0
678.032 101.323
707.946 243.146
739.18 0
771.792 0
805.842 197.259
841.395 165.738
878.517 41.3448
917.276 0
957.745 0
1000 0
