# First line is two numbers 
#     First value is '2', it means 'histogram mode'
#     Second value is 'Emin' of the histogram
# Other lines : 2 columns. 1) energy 2) probability (nb divided by NbEvent)
# Number of bins = 480
# Content below the first bin: 0
# Content above the last  bin: 0
# Content above the last  bin: 0
# Number of events: 209000
2 1e-06
1.04412e-06 0
1.09018e-06 0
1.13828e-06 0
1.1885e-06 0
1.24094e-06 0
1.29569e-06 0
1.35285e-06 0
1.41254e-06 0
1.47486e-06 0
1.53993e-06 0
1.60787e-06 0
1.6788e-06 0
1.75287e-06 0
1.83021e-06 0
1.91095e-06 0
1.99526e-06 0
2.08329e-06 0
2.1752e-06 0
2.27117e-06 0
2.37137e-06 0
2.476e-06 0
2.58523e-06 0
2.69929e-06 0
2.81838e-06 0
2.94273e-06 0
3.07256e-06 0
3.20812e-06 0
3.34965e-06 0
3.49744e-06 0
3.65174e-06 0
3.81285e-06 0
3.98107e-06 0
4.15671e-06 0
4.3401e-06 0
4.53158e-06 0
4.73151e-06 0
4.94026e-06 0
5.15822e-06 0
5.3858e-06 0
5.62341e-06 0
5.87151e-06 0
6.13056e-06 0
6.40103e-06 0
6.68344e-06 0
6.97831e-06 0
7.28618e-06 0
7.60764e-06 0
7.94328e-06 0
8.29373e-06 0
8.65964e-06 0
9.0417e-06 0
9.44061e-06 0
9.85712e-06 0
1.0292e-05 0
1.07461e-05 0
1.12202e-05 0
1.17152e-05 0
1.22321e-05 0
1.27717e-05 0
1.33352e-05 0
1.39236e-05 0
1.45378e-05 0
1.51792e-05 0
1.58489e-05 0
1.65482e-05 0
1.72783e-05 0
1.80406e-05 0
1.88365e-05 0
1.96675e-05 0
2.05353e-05 0
2.14412e-05 0
2.23872e-05 0
2.33749e-05 0
2.44062e-05 0
2.5483e-05 0
2.66073e-05 0
2.77811e-05 0
2.90068e-05 0
3.02866e-05 0
3.16228e-05 0
3.30179e-05 0
3.44747e-05 0
3.59956e-05 0
3.75837e-05 0
3.92419e-05 0
4.09732e-05 0
4.27809e-05 0
4.46684e-05 0
4.66391e-05 0
4.86968e-05 0
5.08452e-05 0
5.30884e-05 0
5.54307e-05 0
5.78762e-05 0
6.04296e-05 0
6.30957e-05 0
6.58795e-05 0
6.8786e-05 0
7.18208e-05 0
7.49894e-05 0
7.82979e-05 0
8.17523e-05 0
8.53591e-05 0
8.91251e-05 0
9.30572e-05 0
9.71628e-05 0
0.00010145 0
0.000105925 0
0.000110599 0
0.000115478 0
0.000120573 0
0.000125893 0
0.000131447 0
0.000137246 0
0.000143301 0
0.000149624 0
0.000156225 0
0.000163117 0
0.000170314 0
0.000177828 0
0.000185674 0
0.000193865 0
0.000202418 0
0.000211349 0
0.000220673 0
0.000230409 0
0.000240575 0
0.000251189 0
0.000262271 0
0.000273842 0
0.000285924 0
0.000298538 0
0.000311709 0
0.000325462 0
0.000339821 0
0.000354813 0
0.000370467 0
0.000386812 0
0.000403878 0
0.000421697 0
0.000440301 0
0.000459727 0
0.00048001 0
0.000501187 0
0.000523299 0
0.000546387 0
0.000570493 0
0.000595662 0
0.000621942 0
0.000649382 0
0.000678032 0
0.000707946 0
0.00073918 0
0.000771792 0
0.000805842 0
0.000841395 0
0.000878517 0
0.000917276 0
0.000957745 0
0.001 0
0.00104412 0
0.00109018 0
0.00113828 0
0.0011885 0
0.00124094 0
0.00129569 0
0.00135285 0
0.00141254 0
0.00147486 0
0.00153993 0
0.00160787 0
0.0016788 69.2083
0.00175287 0
0.00183021 0
0.00191095 0
0.00199526 0
0.00208329 0
0.0021752 0
0.00227117 0
0.00237137 0
0.002476 116.284
0.00258523 108.274
0.00269929 0
0.00281838 0
0.00294273 0
0.00307256 0
0.00320812 0
0.00334965 108.467
0.00349744 0
0.00365174 0
0.00381285 0
0.00398107 0
0.00415671 0
0.0043401 85.5841
0.00453158 171.554
0.00473151 0
0.00494026 0
0.00515822 0
0.0053858 0
0.00562341 119.025
0.00587151 0
0.00613056 203.695
0.00640103 157.429
0.00668344 0
0.00697831 25.5821
0.00728618 187.759
0.00760764 356.27
0.00794328 61.4726
0.00829373 105.125
0.00865964 0
0.0090417 243.492
0.00944061 0
0.00985712 277.314
0.010292 113.575
0.0107461 220.731
0.0112202 196.703
0.0117152 356.829
0.0122321 475.743
0.0127717 539.074
0.0133352 374.074
0.0139236 552.015
0.0145378 532.578
0.0151792 449.946
0.0158489 655.064
0.0165482 337.961
0.0172783 604.107
0.0180406 239.13
0.0188365 1327.43
0.0196675 935.812
0.0205353 1285.35
0.0214412 681.544
0.0223872 817.356
0.0233749 1237.02
0.0244062 804.794
0.025483 860.51
0.0266073 1236.96
0.0277811 596.835
0.0290068 1083.28
0.0302866 949.514
0.0316228 1362.2
0.0330179 953.208
0.0344747 1234.06
0.0359956 1233.97
0.0375837 1353.82
0.0392419 1488.23
0.0409732 1546.94
0.0427809 881.238
0.0446684 1751.91
0.0466391 1803.92
0.0486968 1727.04
0.0508452 2520.86
0.0530884 2014.12
0.0554307 2552.3
0.0578762 2745
0.0604296 2394.64
0.0630957 2263.39
0.0658795 2628.46
0.068786 2745.68
0.0718208 3426.61
0.0749894 3198.57
0.0782979 4758.83
0.0817523 4079.9
0.0853591 3208.84
0.0891251 4102.33
0.0930572 4023.86
0.0971628 5375.66
0.10145 4697.3
0.105925 5256.75
0.110599 4051.78
0.115478 5539.68
0.120573 5547.43
0.125893 6124.9
0.131447 5545.89
0.137246 7224.31
0.143301 5080.38
0.149624 6689.95
0.156225 4756.65
0.163117 5417.36
0.170314 6461.6
0.177828 6082.62
0.185674 5534.59
0.193865 7203.26
0.202418 5084.52
0.211349 6621.34
0.220673 7075.71
0.230409 6783.66
0.240575 7762.3
0.251189 7476.71
0.262271 7667.9
0.273842 4982.33
0.285924 8204.66
0.298538 6137.07
0.311709 6102.63
0.325462 7323.29
0.339821 6265.01
0.354813 6190.34
0.370467 6548.94
0.386812 6225.5
0.403878 8429.88
0.421697 8281.5
0.440301 7137.46
0.459727 6360.37
0.48001 7294.19
0.501187 6542.44
0.523299 6966.88
0.546387 6630.26
0.570493 6865.78
0.595662 6764.93
0.621942 7829.93
0.649382 7071.77
0.678032 6180.1
0.707946 6118.02
0.73918 6893.59
0.771792 5514.05
0.805842 6535.45
0.841395 5969.51
0.878517 4324.87
0.917276 5833.81
0.957745 4725.98
1 5151
1.04412 3416.52
1.09018 3547.59
1.13828 4117.37
1.1885 3477.19
1.24094 3675.57
1.29569 3359.99
1.35285 3364.38
1.41254 2232.79
1.47486 2608.77
1.53993 3346.43
1.60787 3243.21
1.6788 1659.34
1.75287 2232.7
1.83021 1716.16
1.91095 2259.2
1.99526 2010.86
2.08329 2517.83
2.1752 1234.36
2.27117 1668.13
2.37137 1994.06
2.476 1567.8
2.58523 926.478
2.69929 1503.49
2.81838 1734.92
2.94273 2000.96
3.07256 1119.17
3.20812 1600.82
3.34965 1662.35
3.49744 1264.75
3.65174 966.363
3.81285 1354.45
3.98107 1959.76
4.15671 1106.83
4.3401 731.776
4.53158 1412.26
4.73151 1231.14
4.94026 1023.54
5.15822 1511.52
5.3858 708.392
5.62341 1311.61
5.87151 1264.25
6.13056 622.907
6.40103 919.239
6.68344 762.451
6.97831 710.513
7.28618 689.922
7.60764 750.029
7.94328 390.354
8.29373 683.077
8.65964 747.326
9.0417 680.589
9.44061 671.131
9.85712 871.05
10.292 676.5
10.7461 431.562
11.2202 665.197
11.7152 1026.69
12.2321 348.251
12.7717 548.148
13.3352 876.457
13.9236 963.987
14.5378 370.44
15.1792 835.328
15.8489 726.248
16.5482 624.221
17.2783 385.923
18.0406 481.448
18.8365 635.749
19.6675 670.166
20.5353 818.577
21.4412 1026.53
22.3872 1135.66
23.3749 472.091
24.4062 803.899
25.483 809.438
26.6073 668.787
27.7811 830.826
29.0068 453.955
30.2866 623.571
31.6228 1187.12
33.0179 652.733
34.4747 928.697
35.9956 1461.67
37.5837 1419.09
39.2419 1030.4
40.9732 638.507
42.7809 526.916
44.6684 1383.95
46.6391 598.683
48.6968 1339.18
50.8452 1176.74
53.0884 2073.78
55.4307 1062.27
57.8762 1375.59
60.4296 895.523
63.0957 1109.78
65.8795 797.415
68.786 1883.66
71.8208 1224.07
74.9894 1711.93
78.2979 1631.75
81.7523 1472.18
85.3591 2609.83
89.1251 1329.74
93.0572 1613.59
97.1628 1604.76
101.45 1169.88
105.925 1364.54
110.599 1693.84
115.478 1666.12
120.573 1854.79
125.893 1979.54
131.447 1312.26
137.246 2846.3
143.301 2935.33
149.624 1974
156.225 1884.45
163.117 2836.2
170.314 1698.53
177.828 3094.09
185.674 2622.98
193.865 2424.82
202.418 3309.93
211.349 3117.41
220.673 2562.76
230.409 3350.56
240.575 3189.69
251.189 3223.33
262.271 3875.96
273.842 3240.23
285.924 4269.55
298.538 3544.3
311.709 3846.7
325.462 4873.38
339.821 3216.58
354.813 4256.18
370.467 3386.21
386.812 3121.44
403.878 1884.44
421.697 1751.04
440.301 1165.1
459.727 852.28
480.01 654.192
501.187 394.169
523.299 726.377
546.387 504.293
570.493 390.353
595.662 440.133
621.942 132.045
649.382 0
678.032 218.321
707.946 376.771
739.18 78.7691
771.792 116.632
805.842 90.7249
841.395 0
878.517 0
917.276 0
957.745 0
1000 0
