# First line is two numbers 
#     First value is '2', it means 'histogram mode'
#     Second value is 'Emin' of the histogram
# Other lines : 2 columns. 1) energy 2) probability (nb divided by NbEvent)
# Number of bins = 480
# Content below the first bin: 0
# Content above the last  bin: 0
# Content above the last  bin: 0
# Number of events: 209000
2 1e-06
1.04412e-06 0
1.09018e-06 0
1.13828e-06 0
1.1885e-06 0
1.24094e-06 0
1.29569e-06 0
1.35285e-06 0
1.41254e-06 0
1.47486e-06 0
1.53993e-06 0
1.60787e-06 0
1.6788e-06 0
1.75287e-06 0
1.83021e-06 0
1.91095e-06 0
1.99526e-06 0
2.08329e-06 0
2.1752e-06 0
2.27117e-06 0
2.37137e-06 0
2.476e-06 0
2.58523e-06 0
2.69929e-06 0
2.81838e-06 0
2.94273e-06 0
3.07256e-06 0
3.20812e-06 0
3.34965e-06 0
3.49744e-06 0
3.65174e-06 0
3.81285e-06 0
3.98107e-06 0
4.15671e-06 0
4.3401e-06 0
4.53158e-06 0
4.73151e-06 0
4.94026e-06 0
5.15822e-06 0
5.3858e-06 0
5.62341e-06 0
5.87151e-06 0
6.13056e-06 0
6.40103e-06 0
6.68344e-06 0
6.97831e-06 0
7.28618e-06 0
7.60764e-06 0
7.94328e-06 0
8.29373e-06 0
8.65964e-06 0
9.0417e-06 0
9.44061e-06 0
9.85712e-06 0
1.0292e-05 0
1.07461e-05 0
1.12202e-05 0
1.17152e-05 0
1.22321e-05 0
1.27717e-05 0
1.33352e-05 0
1.39236e-05 0
1.45378e-05 0
1.51792e-05 0
1.58489e-05 0
1.65482e-05 0
1.72783e-05 0
1.80406e-05 0
1.88365e-05 0
1.96675e-05 0
2.05353e-05 0
2.14412e-05 0
2.23872e-05 0
2.33749e-05 0
2.44062e-05 0
2.5483e-05 0
2.66073e-05 0
2.77811e-05 0
2.90068e-05 0
3.02866e-05 0
3.16228e-05 0
3.30179e-05 0
3.44747e-05 0
3.59956e-05 0
3.75837e-05 0
3.92419e-05 0
4.09732e-05 0
4.27809e-05 0
4.46684e-05 0
4.66391e-05 0
4.86968e-05 0
5.08452e-05 0
5.30884e-05 0
5.54307e-05 0
5.78762e-05 0
6.04296e-05 0
6.30957e-05 0
6.58795e-05 0
6.8786e-05 0
7.18208e-05 0
7.49894e-05 0
7.82979e-05 0
8.17523e-05 0
8.53591e-05 0
8.91251e-05 0
9.30572e-05 0
9.71628e-05 0
0.00010145 0
0.000105925 0
0.000110599 0
0.000115478 0
0.000120573 0
0.000125893 0
0.000131447 0
0.000137246 0
0.000143301 0
0.000149624 0
0.000156225 0
0.000163117 0
0.000170314 0
0.000177828 0
0.000185674 0
0.000193865 0
0.000202418 0
0.000211349 0
0.000220673 0
0.000230409 0
0.000240575 0
0.000251189 0
0.000262271 0
0.000273842 0
0.000285924 0
0.000298538 0
0.000311709 0
0.000325462 0
0.000339821 0
0.000354813 0
0.000370467 0
0.000386812 0
0.000403878 0
0.000421697 0
0.000440301 0
0.000459727 0
0.00048001 0
0.000501187 0
0.000523299 0
0.000546387 0
0.000570493 30.1914
0.000595662 0
0.000621942 0
0.000649382 0
0.000678032 0
0.000707946 0
0.00073918 0
0.000771792 0
0.000805842 0
0.000841395 0
0.000878517 0
0.000917276 0
0.000957745 0
0.001 0
0.00104412 0
0.00109018 0
0.00113828 0
0.0011885 0
0.00124094 0
0.00129569 0
0.00135285 0
0.00141254 0
0.00147486 0
0.00153993 0
0.00160787 0
0.0016788 0
0.00175287 0
0.00183021 0
0.00191095 0
0.00199526 0
0.00208329 0
0.0021752 0
0.00227117 0
0.00237137 66.0082
0.002476 115.093
0.00258523 0
0.00269929 0
0.00281838 94.7924
0.00294273 0
0.00307256 0
0.00320812 95.5273
0.00334965 183.351
0.00349744 0
0.00365174 0
0.00381285 0
0.00398107 71.9584
0.00415671 0
0.0043401 83.482
0.00453158 0
0.00473151 147.633
0.00494026 0
0.00515822 62.259
0.0053858 0
0.00562341 0
0.00587151 0
0.00613056 79.2325
0.00640103 0
0.00668344 119.04
0.00697831 236.78
0.00728618 165.228
0.00760764 114.216
0.00794328 95.5003
0.00829373 59.9979
0.00865964 0
0.0090417 126.454
0.00944061 180.067
0.00985712 247.003
0.010292 278.569
0.0107461 276.653
0.0112202 0
0.0117152 326.425
0.0122321 229.968
0.0127717 434.306
0.0133352 0
0.0139236 338.449
0.0145378 120.784
0.0151792 406.364
0.0158489 317.41
0.0165482 311.18
0.0172783 565.838
0.0180406 749.943
0.0188365 114.188
0.0196675 308.265
0.0205353 575.556
0.0214412 656.189
0.0223872 634.36
0.0233749 1088.29
0.0244062 728.186
0.025483 417.17
0.0266073 675.002
0.0277811 499.674
0.0290068 871.741
0.0302866 1531.7
0.0316228 461.951
0.0330179 1444.99
0.0344747 1404.31
0.0359956 1414.32
0.0375837 1668.31
0.0392419 1693.26
0.0409732 755.64
0.0427809 1140.37
0.0446684 2350.54
0.0466391 2415.57
0.0486968 1860.36
0.0508452 2022.13
0.0530884 2617.51
0.0554307 1783.47
0.0578762 2663.92
0.0604296 2918.48
0.0630957 2914.14
0.0658795 4149.54
0.068786 2917.49
0.0718208 3011.38
0.0749894 2830.04
0.0782979 3669.06
0.0817523 3407.75
0.0853591 3958.67
0.0891251 4134.44
0.0930572 4613.24
0.0971628 4189.93
0.10145 3658.8
0.105925 3722.05
0.110599 4827.7
0.115478 3515.93
0.120573 5515.59
0.125893 5037.5
0.131447 6425.54
0.137246 6693.12
0.143301 5419.7
0.149624 6115.82
0.156225 5587.77
0.163117 6793.25
0.170314 5873.93
0.177828 6599.65
0.185674 8849.03
0.193865 6291.16
0.202418 5268.71
0.211349 4571.38
0.220673 5983.44
0.230409 7080.78
0.240575 6513.45
0.251189 7266.62
0.262271 6656.59
0.273842 6942
0.285924 6215.42
0.298538 7338.34
0.311709 7232.09
0.325462 8503.4
0.339821 8856.69
0.354813 8258.66
0.370467 7237.74
0.386812 7805.69
0.403878 6294.97
0.421697 6968.87
0.440301 8234.43
0.459727 8687.15
0.48001 9236.37
0.501187 8045.06
0.523299 6354.71
0.546387 7842.4
0.570493 7102.51
0.595662 6395.88
0.621942 5793.97
0.649382 6950.86
0.678032 6428.09
0.707946 6557.99
0.73918 5515.55
0.771792 5086.66
0.805842 6360.08
0.841395 5169.2
0.878517 4920.44
0.917276 4347.09
0.957745 5531.83
1 5702.48
1.04412 4388.17
1.09018 4141.38
1.13828 4277.63
1.1885 3821.22
1.24094 2402.26
1.29569 3094.11
1.35285 3907.58
1.41254 3800.01
1.47486 3478.12
1.53993 2810.74
1.60787 3098.67
1.6788 2952.75
1.75287 2737.45
1.83021 2903.06
1.91095 2277.63
1.99526 2298.4
2.08329 2160.01
2.1752 1984.29
2.27117 1684.91
2.37137 2088.72
2.476 2591.84
2.58523 1698.01
2.69929 1811.21
2.81838 2000.21
2.94273 1697.13
3.07256 1635.24
3.20812 1193.78
3.34965 1547.79
3.49744 1616.93
3.65174 1520.81
3.81285 1486.89
3.98107 1448.58
4.15671 1172.78
4.3401 2241.43
4.53158 1343.78
4.73151 1090.98
4.94026 1408.74
5.15822 1578.63
5.3858 1069.55
5.62341 649.067
5.87151 1119.62
6.13056 566.074
6.40103 1001.16
6.68344 969.969
6.97831 794.355
7.28618 1558.29
7.60764 639.464
7.94328 692.119
8.29373 534.417
8.65964 626.544
9.0417 807.136
9.44061 657.91
9.85712 832.705
10.292 542.069
10.7461 876.437
11.2202 464.66
11.7152 495.953
12.2321 553.148
12.7717 977.747
13.3352 633.726
13.9236 394.645
14.5378 440.217
15.1792 763.669
15.8489 277.398
16.5482 562.716
17.2783 426.052
18.0406 1120.6
18.8365 567.622
19.6675 518.026
20.5353 492.398
21.4412 802.49
22.3872 714.401
23.3749 509.926
24.4062 568.39
25.483 643.281
26.6073 1027.94
27.7811 930.677
29.0068 557.718
30.2866 1022.78
31.6228 1184.43
33.0179 911.568
34.4747 793.264
35.9956 1043.16
37.5837 1015.43
39.2419 1029.41
40.9732 1002.48
42.7809 1271.02
44.6684 792.275
46.6391 1552.53
48.6968 1212.87
50.8452 1114.78
53.0884 1040.06
55.4307 1424.97
57.8762 1431.37
60.4296 1792.6
63.0957 1087.44
65.8795 1632.94
68.786 1055.37
71.8208 1329.64
74.9894 1232.79
78.2979 1662.76
81.7523 1210.2
85.3591 1247.62
89.1251 1761.5
93.0572 1299.45
97.1628 1676.5
101.45 1449.75
105.925 1476.31
110.599 1768.42
115.478 2236.28
120.573 1922.18
125.893 1576.27
131.447 1251.31
137.246 2030.18
143.301 2052.08
149.624 1852.51
156.225 2914.19
163.117 2294.07
170.314 1386.6
177.828 1933.92
185.674 2304.29
193.865 2823.84
202.418 1988.68
211.349 1842.87
220.673 2582.37
230.409 3295.66
240.575 3916.07
251.189 3614.25
262.271 4031.4
273.842 3344.2
285.924 4332.21
298.538 4970.46
311.709 4163.8
325.462 5393.37
339.821 4765.31
354.813 4188.31
370.467 4164.27
386.812 2776.63
403.878 2036.86
421.697 1487.14
440.301 1311.88
459.727 817.476
480.01 745.152
501.187 452.594
523.299 663.239
546.387 235.19
570.493 162.118
595.662 256.776
621.942 207.94
649.382 156.404
678.032 163.098
707.946 109.531
739.18 74.6432
771.792 0
805.842 0
841.395 94.1811
878.517 26.4995
917.276 0
957.745 0
1000 0
