# First line is two numbers 
#     First value is '2', it means 'histogram mode'
#     Second value is 'Emin' of the histogram
# Other lines : 2 columns. 1) energy 2) probability (nb divided by NbEvent)
# Number of bins = 480
# Content below the first bin: 0
# Content above the last  bin: 0
# Content above the last  bin: 0
# Number of events: 209000
2 1e-06
1.04412e-06 0
1.09018e-06 0
1.13828e-06 0
1.1885e-06 0
1.24094e-06 0
1.29569e-06 0
1.35285e-06 0
1.41254e-06 0
1.47486e-06 0
1.53993e-06 0
1.60787e-06 0
1.6788e-06 0
1.75287e-06 0
1.83021e-06 0
1.91095e-06 0
1.99526e-06 0
2.08329e-06 0
2.1752e-06 0
2.27117e-06 0
2.37137e-06 0
2.476e-06 0
2.58523e-06 0
2.69929e-06 0
2.81838e-06 0
2.94273e-06 0
3.07256e-06 0
3.20812e-06 0
3.34965e-06 0
3.49744e-06 0
3.65174e-06 0
3.81285e-06 0
3.98107e-06 0
4.15671e-06 0
4.3401e-06 0
4.53158e-06 0
4.73151e-06 0
4.94026e-06 0
5.15822e-06 0
5.3858e-06 0
5.62341e-06 0
5.87151e-06 0
6.13056e-06 0
6.40103e-06 0
6.68344e-06 0
6.97831e-06 0
7.28618e-06 0
7.60764e-06 0
7.94328e-06 0
8.29373e-06 0
8.65964e-06 0
9.0417e-06 0
9.44061e-06 0
9.85712e-06 0
1.0292e-05 0
1.07461e-05 0
1.12202e-05 0
1.17152e-05 0
1.22321e-05 0
1.27717e-05 0
1.33352e-05 0
1.39236e-05 0
1.45378e-05 0
1.51792e-05 0
1.58489e-05 0
1.65482e-05 0
1.72783e-05 0
1.80406e-05 0
1.88365e-05 0
1.96675e-05 0
2.05353e-05 0
2.14412e-05 0
2.23872e-05 0
2.33749e-05 0
2.44062e-05 0
2.5483e-05 0
2.66073e-05 0
2.77811e-05 0
2.90068e-05 0
3.02866e-05 0
3.16228e-05 0
3.30179e-05 0
3.44747e-05 0
3.59956e-05 0
3.75837e-05 0
3.92419e-05 0
4.09732e-05 0
4.27809e-05 0
4.46684e-05 0
4.66391e-05 0
4.86968e-05 0
5.08452e-05 0
5.30884e-05 0
5.54307e-05 0
5.78762e-05 0
6.04296e-05 0
6.30957e-05 0
6.58795e-05 0
6.8786e-05 0
7.18208e-05 0
7.49894e-05 0
7.82979e-05 0
8.17523e-05 0
8.53591e-05 0
8.91251e-05 0
9.30572e-05 0
9.71628e-05 0
0.00010145 0
0.000105925 0
0.000110599 0
0.000115478 0
0.000120573 0
0.000125893 0
0.000131447 0
0.000137246 0
0.000143301 0
0.000149624 0
0.000156225 0
0.000163117 0
0.000170314 0
0.000177828 0
0.000185674 0
0.000193865 0
0.000202418 0
0.000211349 0
0.000220673 0
0.000230409 0
0.000240575 0
0.000251189 0
0.000262271 0
0.000273842 0
0.000285924 0
0.000298538 41.9502
0.000311709 0
0.000325462 0
0.000339821 0
0.000354813 0
0.000370467 0
0.000386812 0
0.000403878 0
0.000421697 0
0.000440301 0
0.000459727 0
0.00048001 0
0.000501187 0
0.000523299 0
0.000546387 0
0.000570493 0
0.000595662 0
0.000621942 0
0.000649382 0
0.000678032 0
0.000707946 0
0.00073918 0
0.000771792 0
0.000805842 0
0.000841395 0
0.000878517 0
0.000917276 0
0.000957745 0
0.001 0
0.00104412 0
0.00109018 0
0.00113828 0
0.0011885 0
0.00124094 0
0.00129569 0
0.00135285 0
0.00141254 0
0.00147486 0
0.00153993 0
0.00160787 0
0.0016788 0
0.00175287 0
0.00183021 0
0.00191095 0
0.00199526 0
0.00208329 0
0.0021752 0
0.00227117 0
0.00237137 0
0.002476 0
0.00258523 0
0.00269929 0
0.00281838 99.5832
0.00294273 0
0.00307256 0
0.00320812 0
0.00334965 0
0.00349744 45.7999
0.00365174 0
0.00381285 0
0.00398107 0
0.00415671 0
0.0043401 0
0.00453158 32.2781
0.00473151 117.582
0.00494026 0
0.00515822 0
0.0053858 0
0.00562341 174.698
0.00587151 0
0.00613056 112.661
0.00640103 0
0.00668344 59.2466
0.00697831 116.606
0.00728618 184.552
0.00760764 106.358
0.00794328 0
0.00829373 0
0.00865964 214.39
0.0090417 284.595
0.00944061 116.693
0.00985712 110.35
0.010292 0
0.0107461 215.39
0.0112202 59.0156
0.0117152 253.444
0.0122321 137.552
0.0127717 163.647
0.0133352 272.669
0.0139236 512.797
0.0145378 238.527
0.0151792 386.022
0.0158489 258.665
0.0165482 687.063
0.0172783 1003.86
0.0180406 602.982
0.0188365 81.9521
0.0196675 460.156
0.0205353 1085.43
0.0214412 767.525
0.0223872 547.208
0.0233749 926.995
0.0244062 1074.16
0.025483 1186.57
0.0266073 1209.4
0.0277811 1015.65
0.0290068 789.837
0.0302866 1132.59
0.0316228 807.461
0.0330179 1229.61
0.0344747 787.294
0.0359956 1390.07
0.0375837 1816.76
0.0392419 1345.82
0.0409732 1454.64
0.0427809 2055.42
0.0446684 2479.79
0.0466391 1709.86
0.0486968 1281.94
0.0508452 2129.14
0.0530884 2618.84
0.0554307 2499.16
0.0578762 2338.24
0.0604296 2970.97
0.0630957 2616.44
0.0658795 3229.24
0.068786 3307.68
0.0718208 2851.09
0.0749894 4296.06
0.0782979 3562.88
0.0817523 3660.33
0.0853591 4421.13
0.0891251 2638.94
0.0930572 4694.46
0.0971628 5245.81
0.10145 4708.05
0.105925 4008.52
0.110599 5116.61
0.115478 4169.91
0.120573 5154.15
0.125893 6034.98
0.131447 5221.15
0.137246 6608.83
0.143301 4163.74
0.149624 6207.25
0.156225 5159
0.163117 6341.69
0.170314 5624.4
0.177828 6435.51
0.185674 6069.17
0.193865 6959.29
0.202418 6506.75
0.211349 6779.45
0.220673 6824.01
0.230409 7479.9
0.240575 5759.81
0.251189 6873.24
0.262271 6629.75
0.273842 5551.89
0.285924 6461.68
0.298538 6610.54
0.311709 7278.18
0.325462 6915.8
0.339821 7805.74
0.354813 7826.07
0.370467 6738.33
0.386812 8422.25
0.403878 7618.26
0.421697 8165.48
0.440301 7543.91
0.459727 7136.62
0.48001 7024.73
0.501187 9084.04
0.523299 6200.16
0.546387 7708.17
0.570493 6862.04
0.595662 7461.69
0.621942 7120.97
0.649382 7405.57
0.678032 7146.15
0.707946 7756.02
0.73918 5484.86
0.771792 6305.98
0.805842 5343.29
0.841395 5665.3
0.878517 5814.65
0.917276 5952.03
0.957745 5919.83
1 4030
1.04412 3496.17
1.09018 5151.92
1.13828 5618.46
1.1885 3625.6
1.24094 3752.43
1.29569 3173.12
1.35285 3351.01
1.41254 3045.7
1.47486 2802.22
1.53993 2527.6
1.60787 3463.21
1.6788 2523.58
1.75287 3069.55
1.83021 1668.82
1.91095 2141.65
1.99526 2175.46
2.08329 1917.09
2.1752 2265.99
2.27117 2217.2
2.37137 1367.63
2.476 1487.24
2.58523 2005.36
2.69929 1877.17
2.81838 2213.73
2.94273 1704.13
3.07256 2060.1
3.20812 1516.76
3.34965 1771.2
3.49744 1149.61
3.65174 1132.08
3.81285 1373.41
3.98107 1605.74
4.15671 1846.54
4.3401 1365.77
4.53158 1102.7
4.73151 1333.64
4.94026 1796.38
5.15822 713.139
5.3858 1292.59
5.62341 981.216
5.87151 912.131
6.13056 865.715
6.40103 1515.19
6.68344 1066.22
6.97831 864.185
7.28618 546.858
7.60764 736.29
7.94328 954.996
8.29373 889.002
8.65964 981.864
9.0417 563.563
9.44061 762.54
9.85712 545.218
10.292 670.169
10.7461 822.58
11.2202 1043.6
11.7152 733.935
12.2321 939.598
12.7717 903.979
13.3352 845.808
13.9236 556.25
14.5378 260.95
15.1792 1006.42
15.8489 872.091
16.5482 725.062
17.2783 703.561
18.0406 292.848
18.8365 544.539
19.6675 908.728
20.5353 585.054
21.4412 917.474
22.3872 385.533
23.3749 780.088
24.4062 1391.44
25.483 874.591
26.6073 460.771
27.7811 764.906
29.0068 685.591
30.2866 494.835
31.6228 1128.28
33.0179 1087.2
34.4747 917.627
35.9956 624.252
37.5837 1065.23
39.2419 1017.1
40.9732 1438.66
42.7809 1022.26
44.6684 1200.51
46.6391 1043.91
48.6968 1472.39
50.8452 813.51
53.0884 1352.68
55.4307 1329.65
57.8762 1282.16
60.4296 1470.21
63.0957 1233.69
65.8795 1570.41
68.786 1138.78
71.8208 868.67
74.9894 1584.35
78.2979 1357.81
81.7523 1481.94
85.3591 1386.06
89.1251 1304.03
93.0572 2020.17
97.1628 1356.83
101.45 1817.59
105.925 1122.42
110.599 1799.59
115.478 1842.84
120.573 1488.32
125.893 1755.68
131.447 1416.73
137.246 2051.96
143.301 2188.16
149.624 1845.13
156.225 2732.2
163.117 2191.91
170.314 2370.46
177.828 1839.55
185.674 2873.71
193.865 2899.81
202.418 2451.76
211.349 2586.85
220.673 3491.16
230.409 3511.23
240.575 3926.53
251.189 3511.51
262.271 3418.18
273.842 3579.75
285.924 4408.21
298.538 4032.91
311.709 3860.01
325.462 3883.56
339.821 4397.77
354.813 3449.03
370.467 3951.5
386.812 3997.09
403.878 2962.74
421.697 1761.05
440.301 1147.66
459.727 802.828
480.01 612.337
501.187 1166.52
523.299 250.135
546.387 229.804
570.493 364.934
595.662 176.477
621.942 371.844
649.382 59.0765
678.032 124.25
707.946 41.342
739.18 165.844
771.792 218.588
805.842 174.921
841.395 0
878.517 0
917.276 65.0876
957.745 0
1000 0
