# First line is two numbers 
#     First value is '2', it means 'histogram mode'
#     Second value is 'Emin' of the histogram
# Other lines : 2 columns. 1) energy 2) probability (nb divided by NbEvent)
# Number of bins = 480
# Content below the first bin: 0
# Content above the last  bin: 0
# Content above the last  bin: 0
# Number of events: 400000
2 1e-06
1.04412e-06 0
1.09018e-06 0
1.13828e-06 0
1.1885e-06 0
1.24094e-06 0
1.29569e-06 0
1.35285e-06 0
1.41254e-06 0
1.47486e-06 0
1.53993e-06 0
1.60787e-06 0
1.6788e-06 0
1.75287e-06 0
1.83021e-06 0
1.91095e-06 0
1.99526e-06 0
2.08329e-06 0
2.1752e-06 0
2.27117e-06 0
2.37137e-06 0
2.476e-06 0
2.58523e-06 0
2.69929e-06 0
2.81838e-06 0
2.94273e-06 0
3.07256e-06 0
3.20812e-06 0
3.34965e-06 0
3.49744e-06 0
3.65174e-06 0
3.81285e-06 0
3.98107e-06 0
4.15671e-06 0
4.3401e-06 0
4.53158e-06 0
4.73151e-06 0
4.94026e-06 0
5.15822e-06 0
5.3858e-06 0
5.62341e-06 0
5.87151e-06 0
6.13056e-06 0
6.40103e-06 0
6.68344e-06 0
6.97831e-06 0
7.28618e-06 0
7.60764e-06 0
7.94328e-06 0
8.29373e-06 0
8.65964e-06 0
9.0417e-06 0
9.44061e-06 0
9.85712e-06 0
1.0292e-05 0
1.07461e-05 0
1.12202e-05 0
1.17152e-05 0
1.22321e-05 0
1.27717e-05 0
1.33352e-05 0
1.39236e-05 0
1.45378e-05 0
1.51792e-05 0
1.58489e-05 0
1.65482e-05 0
1.72783e-05 0
1.80406e-05 0
1.88365e-05 0
1.96675e-05 0
2.05353e-05 0
2.14412e-05 0
2.23872e-05 0
2.33749e-05 0
2.44062e-05 0
2.5483e-05 0
2.66073e-05 0
2.77811e-05 0
2.90068e-05 0
3.02866e-05 0
3.16228e-05 0
3.30179e-05 0
3.44747e-05 0
3.59956e-05 0
3.75837e-05 0
3.92419e-05 0
4.09732e-05 0
4.27809e-05 0
4.46684e-05 0
4.66391e-05 0
4.86968e-05 0
5.08452e-05 0
5.30884e-05 0
5.54307e-05 0
5.78762e-05 0
6.04296e-05 0
6.30957e-05 0
6.58795e-05 0
6.8786e-05 0
7.18208e-05 0
7.49894e-05 0
7.82979e-05 0
8.17523e-05 0
8.53591e-05 0
8.91251e-05 0
9.30572e-05 0
9.71628e-05 0
0.00010145 0
0.000105925 0
0.000110599 0
0.000115478 0
0.000120573 0
0.000125893 0
0.000131447 0
0.000137246 0
0.000143301 0
0.000149624 0
0.000156225 0
0.000163117 0
0.000170314 0
0.000177828 0
0.000185674 0
0.000193865 0
0.000202418 0
0.000211349 0
0.000220673 0
0.000230409 0
0.000240575 0
0.000251189 0
0.000262271 0
0.000273842 0
0.000285924 0
0.000298538 0
0.000311709 0
0.000325462 0
0.000339821 0
0.000354813 0
0.000370467 0
0.000386812 0
0.000403878 0
0.000421697 0
0.000440301 0
0.000459727 0
0.00048001 0
0.000501187 0
0.000523299 0
0.000546387 0
0.000570493 0
0.000595662 0
0.000621942 0
0.000649382 0
0.000678032 0
0.000707946 0
0.00073918 0
0.000771792 0
0.000805842 0
0.000841395 0
0.000878517 0
0.000917276 0
0.000957745 0
0.001 0
0.00104412 0
0.00109018 0
0.00113828 0
0.0011885 0
0.00124094 0
0.00129569 0
0.00135285 0
0.00141254 0
0.00147486 0
0.00153993 0
0.00160787 0
0.0016788 0
0.00175287 0
0.00183021 0
0.00191095 0
0.00199526 0
0.00208329 0
0.0021752 0
0.00227117 0
0.00237137 0
0.002476 0
0.00258523 0
0.00269929 0
0.00281838 0
0.00294273 0
0.00307256 0
0.00320812 0
0.00334965 117.275
0.00349744 0
0.00365174 0
0.00381285 0
0.00398107 0
0.00415671 0
0.0043401 115.095
0.00453158 0
0.00473151 0
0.00494026 0
0.00515822 0
0.0053858 89.4286
0.00562341 0
0.00587151 0
0.00613056 86.7898
0.00640103 0
0.00668344 0
0.00697831 0
0.00728618 0
0.00760764 0
0.00794328 0
0.00829373 0
0.00865964 0
0.0090417 0
0.00944061 0
0.00985712 0
0.010292 0
0.0107461 0
0.0112202 0
0.0117152 0
0.0122321 0
0.0127717 0
0.0133352 0
0.0139236 0
0.0145378 0
0.0151792 0
0.0158489 58.9293
0.0165482 0
0.0172783 0
0.0180406 0
0.0188365 0
0.0196675 0
0.0205353 0
0.0214412 62.6782
0.0223872 0
0.0233749 62.4457
0.0244062 108.396
0.025483 437.341
0.0266073 46.2385
0.0277811 0
0.0290068 0
0.0302866 0
0.0316228 0
0.0330179 0
0.0344747 0
0.0359956 0
0.0375837 0
0.0392419 0
0.0409732 117.84
0.0427809 0
0.0446684 0
0.0466391 158.305
0.0486968 0
0.0508452 0
0.0530884 0
0.0554307 0
0.0578762 0
0.0604296 224.888
0.0630957 225.32
0.0658795 0
0.068786 54.7017
0.0718208 0
0.0749894 27.6485
0.0782979 110.133
0.0817523 155.21
0.0853591 209.594
0.0891251 0
0.0930572 0
0.0971628 50.6922
0.10145 0
0.105925 109.608
0.110599 240.075
0.115478 113.282
0.120573 42.3827
0.125893 237.52
0.131447 497.861
0.137246 487.684
0.143301 62.7864
0.149624 174.193
0.156225 90.4528
0.163117 214.273
0.170314 364.835
0.177828 354.113
0.185674 1156.23
0.193865 0
0.202418 95.7133
0.211349 331.947
0.220673 637.269
0.230409 73.5039
0.240575 593.135
0.251189 549.08
0.262271 226.516
0.273842 613.476
0.285924 245.859
0.298538 486.111
0.311709 1292.54
0.325462 807.614
0.339821 196.036
0.354813 2000.78
0.370467 423.906
0.386812 1376.49
0.403878 267.663
0.421697 161.074
0.440301 134.128
0.459727 340.815
0.48001 1147.11
0.501187 472.705
0.523299 708.553
0.546387 589.891
0.570493 935.891
0.595662 903.659
0.621942 1656.08
0.649382 2217.4
0.678032 1206.97
0.707946 1366.49
0.73918 438.831
0.771792 640.478
0.805842 228.57
0.841395 712.31
0.878517 886.664
0.917276 1188.59
0.957745 821.723
1 717.506
1.04412 939.361
1.09018 629.824
1.13828 930.615
1.1885 912.105
1.24094 784.449
1.29569 934.528
1.35285 865.26
1.41254 455.661
1.47486 690.552
1.53993 1516.52
1.60787 518.362
1.6788 907.66
1.75287 599.703
1.83021 777.437
1.91095 584.62
1.99526 716.699
2.08329 394.664
2.1752 580.404
2.27117 270.972
2.37137 247.085
2.476 482.849
2.58523 298.122
2.69929 1045.38
2.81838 311.534
2.94273 547.755
3.07256 681.664
3.20812 287.213
3.34965 402.405
3.49744 329.634
3.65174 466.125
3.81285 400.318
3.98107 324.675
4.15671 291.791
4.3401 427.563
4.53158 88.9622
4.73151 284.598
4.94026 299.025
5.15822 140.842
5.3858 203.209
5.62341 131.432
5.87151 210.949
6.13056 185.709
6.40103 136.198
6.68344 247.49
6.97831 179.025
7.28618 205.529
7.60764 319.095
7.94328 107.777
8.29373 89.7357
8.65964 577.314
9.0417 181.452
9.44061 110.048
9.85712 207.941
10.292 120.789
10.7461 189.569
11.2202 111.081
11.7152 347.068
12.2321 368.937
12.7717 220.237
13.3352 425.605
13.9236 19.4553
14.5378 197.621
15.1792 294.19
15.8489 49.5867
16.5482 78.1687
17.2783 113.573
18.0406 173.228
18.8365 399.816
19.6675 437.409
20.5353 291.94
21.4412 432.266
22.3872 735.468
23.3749 266.081
24.4062 298.124
25.483 121.412
26.6073 327.421
27.7811 294.835
29.0068 529.16
30.2866 56.2482
31.6228 664.906
33.0179 14.2993
34.4747 842.055
35.9956 814.73
37.5837 937.29
39.2419 1251.21
40.9732 920.62
42.7809 346.204
44.6684 520.171
46.6391 763.001
48.6968 855.568
50.8452 413.472
53.0884 633.124
55.4307 897.177
57.8762 315.99
60.4296 439.16
63.0957 691.627
65.8795 303.146
68.786 540.802
71.8208 1642.89
74.9894 505.05
78.2979 1233.91
81.7523 1301.99
85.3591 1141.38
89.1251 1437.74
93.0572 1326.68
97.1628 1326.86
101.45 993.331
105.925 1382.72
110.599 1907.57
115.478 1053.86
120.573 1547.64
125.893 1253.47
131.447 1349.58
137.246 1893.33
143.301 1561.05
149.624 1647.64
156.225 2095.09
163.117 2144.22
170.314 2370.43
177.828 1610.56
185.674 2176.99
193.865 1619.83
202.418 2301.8
211.349 1696.38
220.673 3212.34
230.409 2296.91
240.575 2195.89
251.189 2742.63
262.271 1979.77
273.842 2667.72
285.924 1695.7
298.538 1376.63
311.709 1396.94
325.462 953.264
339.821 1216.1
354.813 777.265
370.467 423.158
386.812 526.612
403.878 142.406
421.697 257.853
440.301 180.612
459.727 252.776
480.01 268.855
501.187 62.7343
523.299 80.9468
546.387 0
570.493 164.518
595.662 0
621.942 88.8878
649.382 84.8217
678.032 0
707.946 0
739.18 102.946
771.792 105.406
805.842 0
841.395 0
878.517 0
917.276 0
957.745 0
1000 0
