# First line is two numbers 
#     First value is '2', it means 'histogram mode'
#     Second value is 'Emin' of the histogram
# Other lines : 2 columns. 1) energy 2) probability (nb divided by NbEvent)
# Number of bins = 480
# Content below the first bin: 0
# Content above the last  bin: 0
# Content above the last  bin: 0
# Number of events: 400000
2 1e-06
1.04412e-06 0
1.09018e-06 0
1.13828e-06 0
1.1885e-06 0
1.24094e-06 0
1.29569e-06 0
1.35285e-06 0
1.41254e-06 0
1.47486e-06 0
1.53993e-06 0
1.60787e-06 0
1.6788e-06 0
1.75287e-06 0
1.83021e-06 0
1.91095e-06 0
1.99526e-06 0
2.08329e-06 0
2.1752e-06 0
2.27117e-06 0
2.37137e-06 0
2.476e-06 0
2.58523e-06 0
2.69929e-06 0
2.81838e-06 0
2.94273e-06 0
3.07256e-06 0
3.20812e-06 0
3.34965e-06 0
3.49744e-06 0
3.65174e-06 0
3.81285e-06 0
3.98107e-06 0
4.15671e-06 0
4.3401e-06 0
4.53158e-06 0
4.73151e-06 0
4.94026e-06 0
5.15822e-06 0
5.3858e-06 0
5.62341e-06 0
5.87151e-06 0
6.13056e-06 0
6.40103e-06 0
6.68344e-06 0
6.97831e-06 0
7.28618e-06 0
7.60764e-06 0
7.94328e-06 0
8.29373e-06 0
8.65964e-06 0
9.0417e-06 0
9.44061e-06 0
9.85712e-06 0
1.0292e-05 0
1.07461e-05 0
1.12202e-05 0
1.17152e-05 0
1.22321e-05 0
1.27717e-05 0
1.33352e-05 0
1.39236e-05 0
1.45378e-05 0
1.51792e-05 0
1.58489e-05 0
1.65482e-05 0
1.72783e-05 0
1.80406e-05 0
1.88365e-05 0
1.96675e-05 0
2.05353e-05 0
2.14412e-05 0
2.23872e-05 0
2.33749e-05 0
2.44062e-05 0
2.5483e-05 0
2.66073e-05 0
2.77811e-05 0
2.90068e-05 0
3.02866e-05 0
3.16228e-05 0
3.30179e-05 0
3.44747e-05 0
3.59956e-05 0
3.75837e-05 0
3.92419e-05 0
4.09732e-05 0
4.27809e-05 0
4.46684e-05 0
4.66391e-05 0
4.86968e-05 0
5.08452e-05 0
5.30884e-05 0
5.54307e-05 0
5.78762e-05 0
6.04296e-05 0
6.30957e-05 0
6.58795e-05 0
6.8786e-05 0
7.18208e-05 0
7.49894e-05 0
7.82979e-05 0
8.17523e-05 0
8.53591e-05 0
8.91251e-05 0
9.30572e-05 0
9.71628e-05 0
0.00010145 0
0.000105925 0
0.000110599 0
0.000115478 0
0.000120573 0
0.000125893 0
0.000131447 0
0.000137246 0
0.000143301 0
0.000149624 0
0.000156225 0
0.000163117 0
0.000170314 0
0.000177828 0
0.000185674 0
0.000193865 0
0.000202418 0
0.000211349 0
0.000220673 0
0.000230409 0
0.000240575 0
0.000251189 0
0.000262271 0
0.000273842 0
0.000285924 0
0.000298538 0
0.000311709 0
0.000325462 0
0.000339821 0
0.000354813 0
0.000370467 0
0.000386812 0
0.000403878 0
0.000421697 0
0.000440301 0
0.000459727 0
0.00048001 0
0.000501187 0
0.000523299 0
0.000546387 0
0.000570493 0
0.000595662 0
0.000621942 0
0.000649382 0
0.000678032 0
0.000707946 0
0.00073918 0
0.000771792 0
0.000805842 0
0.000841395 0
0.000878517 0
0.000917276 0
0.000957745 0
0.001 0
0.00104412 0
0.00109018 0
0.00113828 0
0.0011885 0
0.00124094 0
0.00129569 0
0.00135285 0
0.00141254 0
0.00147486 0
0.00153993 0
0.00160787 0
0.0016788 0
0.00175287 0
0.00183021 0
0.00191095 0
0.00199526 0
0.00208329 0
0.0021752 0
0.00227117 0
0.00237137 0
0.002476 0
0.00258523 0
0.00269929 0
0.00281838 0
0.00294273 0
0.00307256 0
0.00320812 0
0.00334965 0
0.00349744 0
0.00365174 0
0.00381285 22.4393
0.00398107 0
0.00415671 0
0.0043401 0
0.00453158 0
0.00473151 0
0.00494026 0
0.00515822 0
0.0053858 0
0.00562341 116.752
0.00587151 21.983
0.00613056 0
0.00640103 0
0.00668344 0
0.00697831 0
0.00728618 0
0.00760764 0
0.00794328 0
0.00829373 0
0.00865964 0
0.0090417 0
0.00944061 0
0.00985712 0
0.010292 0
0.0107461 0
0.0112202 0
0.0117152 0
0.0122321 0
0.0127717 0
0.0133352 0
0.0139236 0
0.0145378 0
0.0151792 0
0.0158489 0
0.0165482 0
0.0172783 0
0.0180406 0
0.0188365 0
0.0196675 0
0.0205353 0
0.0214412 0
0.0223872 0
0.0233749 118.698
0.0244062 100.952
0.025483 169.365
0.0266073 155.241
0.0277811 0
0.0290068 0
0.0302866 0
0.0316228 0
0.0330179 119.983
0.0344747 83.2036
0.0359956 76.2107
0.0375837 0
0.0392419 79.2706
0.0409732 0
0.0427809 0
0.0446684 58.4536
0.0466391 0
0.0486968 115.268
0.0508452 0
0.0530884 198.051
0.0554307 0
0.0578762 74.485
0.0604296 0
0.0630957 104.653
0.0658795 0
0.068786 87.2786
0.0718208 181.285
0.0749894 103.994
0.0782979 43.8816
0.0817523 223.345
0.0853591 69.9566
0.0891251 0
0.0930572 65.3785
0.0971628 20.0646
0.10145 170.255
0.105925 116.953
0.110599 168.997
0.115478 197.029
0.120573 196.329
0.125893 241.935
0.131447 111.445
0.137246 413.638
0.143301 398.862
0.149624 113.054
0.156225 146.901
0.163117 453.21
0.170314 452.586
0.177828 191.778
0.185674 973.758
0.193865 180.473
0.202418 220.072
0.211349 142.088
0.220673 316.406
0.230409 181.687
0.240575 408.101
0.251189 581.244
0.262271 337.503
0.273842 1013.82
0.285924 205.338
0.298538 587.937
0.311709 1658.26
0.325462 680.076
0.339821 631.39
0.354813 1590.76
0.370467 856.375
0.386812 974.149
0.403878 434.039
0.421697 454.663
0.440301 634.525
0.459727 633.058
0.48001 1009.99
0.501187 701.472
0.523299 341.585
0.546387 1019.79
0.570493 710.378
0.595662 783.521
0.621942 784.212
0.649382 1976.58
0.678032 735.983
0.707946 2483.2
0.73918 954.404
0.771792 784.667
0.805842 760.772
0.841395 1286.43
0.878517 1061.41
0.917276 799.995
0.957745 1179.74
1 894.865
1.04412 461.759
1.09018 473.518
1.13828 907.151
1.1885 688.639
1.24094 732.28
1.29569 227.964
1.35285 1112.86
1.41254 730.414
1.47486 869.38
1.53993 785.646
1.60787 810.42
1.6788 575.751
1.75287 287.025
1.83021 672.901
1.91095 453.337
1.99526 582.635
2.08329 556.975
2.1752 456.475
2.27117 705.649
2.37137 245.21
2.476 561.08
2.58523 266.752
2.69929 494.948
2.81838 293.882
2.94273 643.248
3.07256 396.785
3.20812 328.049
3.34965 329.168
3.49744 54.1529
3.65174 441.021
3.81285 310.886
3.98107 478.844
4.15671 285.278
4.3401 587.748
4.53158 152.17
4.73151 96.8276
4.94026 167.374
5.15822 204.728
5.3858 34.9855
5.62341 312.472
5.87151 202.203
6.13056 51.7533
6.40103 280.515
6.68344 156.575
6.97831 206.157
7.28618 203.541
7.60764 372.534
7.94328 164.618
8.29373 414.029
8.65964 161.744
9.0417 295.989
9.44061 361.666
9.85712 272.228
10.292 59.0711
10.7461 0
11.2202 386.699
11.7152 207.566
12.2321 102.184
12.7717 382.23
13.3352 115.192
13.9236 418.011
14.5378 68.3704
15.1792 79.7392
15.8489 313.389
16.5482 176.853
17.2783 229.455
18.0406 537.857
18.8365 461.318
19.6675 261.257
20.5353 224.878
21.4412 208.362
22.3872 562.304
23.3749 186.279
24.4062 251.934
25.483 653.706
26.6073 345.109
27.7811 412.884
29.0068 463.478
30.2866 758.659
31.6228 569.059
33.0179 228.679
34.4747 728.738
35.9956 632.239
37.5837 331.361
39.2419 688.393
40.9732 666.708
42.7809 1024.37
44.6684 601.287
46.6391 361.403
48.6968 597.057
50.8452 1100.77
53.0884 1089.53
55.4307 447.073
57.8762 643.919
60.4296 628.005
63.0957 658.05
65.8795 549.404
68.786 1080.7
71.8208 974.139
74.9894 1008.48
78.2979 1010.6
81.7523 875.374
85.3591 1354.98
89.1251 661.407
93.0572 1374.97
97.1628 1186.27
101.45 1324.28
105.925 1220.17
110.599 544.797
115.478 1692.09
120.573 2130.17
125.893 1615.97
131.447 1484.3
137.246 1429.16
143.301 1224.15
149.624 1875.97
156.225 2454.09
163.117 1527.31
170.314 1705.08
177.828 1077.63
185.674 1930.56
193.865 2225.4
202.418 2042.78
211.349 3431.77
220.673 2362.02
230.409 1494.18
240.575 1945.87
251.189 2694.14
262.271 1845.42
273.842 1765.67
285.924 1603.34
298.538 1476.24
311.709 1371.35
325.462 1314.86
339.821 1044.89
354.813 663.77
370.467 408.316
386.812 453.487
403.878 482.914
421.697 201.493
440.301 13.5152
459.727 102.907
480.01 64.1691
501.187 283.349
523.299 102.169
546.387 0
570.493 14.1485
595.662 0
621.942 16.4262
649.382 0
678.032 0
707.946 0
739.18 0
771.792 0
805.842 76.5136
841.395 0
878.517 0
917.276 0
957.745 0
1000 0
