# First line is two numbers 
#     First value is '2', it means 'histogram mode'
#     Second value is 'Emin' of the histogram
# Other lines : 2 columns. 1) energy 2) probability (nb divided by NbEvent)
# Number of bins = 480
# Content below the first bin: 0
# Content above the last  bin: 0
# Content above the last  bin: 0
# Number of events: 400000
2 1e-06
1.04412e-06 0
1.09018e-06 0
1.13828e-06 0
1.1885e-06 0
1.24094e-06 0
1.29569e-06 0
1.35285e-06 0
1.41254e-06 0
1.47486e-06 0
1.53993e-06 0
1.60787e-06 0
1.6788e-06 0
1.75287e-06 0
1.83021e-06 0
1.91095e-06 0
1.99526e-06 0
2.08329e-06 0
2.1752e-06 0
2.27117e-06 0
2.37137e-06 0
2.476e-06 0
2.58523e-06 0
2.69929e-06 0
2.81838e-06 0
2.94273e-06 0
3.07256e-06 0
3.20812e-06 0
3.34965e-06 0
3.49744e-06 0
3.65174e-06 0
3.81285e-06 0
3.98107e-06 0
4.15671e-06 0
4.3401e-06 0
4.53158e-06 0
4.73151e-06 0
4.94026e-06 0
5.15822e-06 0
5.3858e-06 0
5.62341e-06 0
5.87151e-06 0
6.13056e-06 0
6.40103e-06 0
6.68344e-06 0
6.97831e-06 0
7.28618e-06 0
7.60764e-06 0
7.94328e-06 0
8.29373e-06 0
8.65964e-06 0
9.0417e-06 0
9.44061e-06 0
9.85712e-06 0
1.0292e-05 0
1.07461e-05 0
1.12202e-05 0
1.17152e-05 0
1.22321e-05 0
1.27717e-05 0
1.33352e-05 0
1.39236e-05 0
1.45378e-05 0
1.51792e-05 0
1.58489e-05 0
1.65482e-05 0
1.72783e-05 0
1.80406e-05 0
1.88365e-05 0
1.96675e-05 0
2.05353e-05 0
2.14412e-05 0
2.23872e-05 0
2.33749e-05 0
2.44062e-05 0
2.5483e-05 0
2.66073e-05 0
2.77811e-05 0
2.90068e-05 0
3.02866e-05 0
3.16228e-05 0
3.30179e-05 0
3.44747e-05 0
3.59956e-05 0
3.75837e-05 0
3.92419e-05 0
4.09732e-05 0
4.27809e-05 0
4.46684e-05 0
4.66391e-05 0
4.86968e-05 0
5.08452e-05 0
5.30884e-05 0
5.54307e-05 0
5.78762e-05 0
6.04296e-05 0
6.30957e-05 0
6.58795e-05 0
6.8786e-05 0
7.18208e-05 0
7.49894e-05 0
7.82979e-05 0
8.17523e-05 0
8.53591e-05 0
8.91251e-05 0
9.30572e-05 0
9.71628e-05 0
0.00010145 0
0.000105925 0
0.000110599 0
0.000115478 0
0.000120573 0
0.000125893 0
0.000131447 0
0.000137246 0
0.000143301 0
0.000149624 0
0.000156225 0
0.000163117 0
0.000170314 0
0.000177828 0
0.000185674 0
0.000193865 0
0.000202418 0
0.000211349 0
0.000220673 0
0.000230409 0
0.000240575 0
0.000251189 0
0.000262271 0
0.000273842 0
0.000285924 0
0.000298538 0
0.000311709 0
0.000325462 0
0.000339821 0
0.000354813 0
0.000370467 0
0.000386812 0
0.000403878 0
0.000421697 0
0.000440301 0
0.000459727 0
0.00048001 0
0.000501187 0
0.000523299 0
0.000546387 0
0.000570493 0
0.000595662 0
0.000621942 0
0.000649382 0
0.000678032 0
0.000707946 0
0.00073918 0
0.000771792 0
0.000805842 0
0.000841395 0
0.000878517 0
0.000917276 0
0.000957745 0
0.001 0
0.00104412 0
0.00109018 0
0.00113828 0
0.0011885 0
0.00124094 0
0.00129569 0
0.00135285 0
0.00141254 0
0.00147486 0
0.00153993 0
0.00160787 0
0.0016788 0
0.00175287 0
0.00183021 0
0.00191095 0
0.00199526 0
0.00208329 0
0.0021752 0
0.00227117 0
0.00237137 0
0.002476 0
0.00258523 0
0.00269929 0
0.00281838 0
0.00294273 0
0.00307256 0
0.00320812 0
0.00334965 0
0.00349744 0
0.00365174 0
0.00381285 0
0.00398107 0
0.00415671 0
0.0043401 0
0.00453158 0
0.00473151 0
0.00494026 0
0.00515822 0
0.0053858 0
0.00562341 0
0.00587151 0
0.00613056 0
0.00640103 0
0.00668344 0
0.00697831 0
0.00728618 0
0.00760764 0
0.00794328 0
0.00829373 0
0.00865964 0
0.0090417 0
0.00944061 0
0.00985712 0
0.010292 0
0.0107461 0
0.0112202 0
0.0117152 44.3816
0.0122321 0
0.0127717 0
0.0133352 0
0.0139236 0
0.0145378 0
0.0151792 0
0.0158489 0
0.0165482 0
0.0172783 0
0.0180406 0
0.0188365 0
0.0196675 0
0.0205353 89.4016
0.0214412 0
0.0223872 0
0.0233749 0
0.0244062 95.6371
0.025483 248.972
0.0266073 108.893
0.0277811 0
0.0290068 0
0.0302866 0
0.0316228 0
0.0330179 0
0.0344747 0
0.0359956 0
0.0375837 0
0.0392419 36.9434
0.0409732 0
0.0427809 94.4425
0.0446684 0
0.0466391 0
0.0486968 73.714
0.0508452 0
0.0530884 96.2125
0.0554307 86.0848
0.0578762 43.4948
0.0604296 107.985
0.0630957 0
0.0658795 91.041
0.068786 268.071
0.0718208 0
0.0749894 92.2342
0.0782979 199.291
0.0817523 356.379
0.0853591 188.832
0.0891251 73.2266
0.0930572 103.184
0.0971628 92.8758
0.10145 104.726
0.105925 116.254
0.110599 0
0.115478 0
0.120573 277.875
0.125893 399.791
0.131447 288.407
0.137246 344.938
0.143301 119.627
0.149624 0
0.156225 220.912
0.163117 149.842
0.170314 711.525
0.177828 149.327
0.185674 791.112
0.193865 0
0.202418 0
0.211349 12.7045
0.220673 516.204
0.230409 305.589
0.240575 382.426
0.251189 446.089
0.262271 279.833
0.273842 1381.79
0.285924 372.941
0.298538 327.746
0.311709 1332.58
0.325462 983.803
0.339821 574.797
0.354813 1501.61
0.370467 439.02
0.386812 898.58
0.403878 373.564
0.421697 281.873
0.440301 301.727
0.459727 651.113
0.48001 595.275
0.501187 626.296
0.523299 775.536
0.546387 479.956
0.570493 921.915
0.595662 535.337
0.621942 1716.79
0.649382 2835.18
0.678032 1491.45
0.707946 1263.64
0.73918 305.791
0.771792 1027.95
0.805842 515.653
0.841395 1000.2
0.878517 853.283
0.917276 697.423
0.957745 1183.46
1 887.892
1.04412 1107.96
1.09018 766.464
1.13828 1421.72
1.1885 747.763
1.24094 757.661
1.29569 764.766
1.35285 529.926
1.41254 747.746
1.47486 641.755
1.53993 1094.68
1.60787 573.261
1.6788 611.514
1.75287 630.769
1.83021 778.249
1.91095 791.191
1.99526 652.868
2.08329 527.279
2.1752 291.495
2.27117 317.463
2.37137 804.055
2.476 713.418
2.58523 694.627
2.69929 709.071
2.81838 541.413
2.94273 574.458
3.07256 285.099
3.20812 380.163
3.34965 718.589
3.49744 323.238
3.65174 229.04
3.81285 153.309
3.98107 432.198
4.15671 111.625
4.3401 169.759
4.53158 239.574
4.73151 151.726
4.94026 345.644
5.15822 163.163
5.3858 85.1602
5.62341 355.8
5.87151 185.356
6.13056 197.385
6.40103 564.798
6.68344 0
6.97831 227.475
7.28618 463.963
7.60764 201.509
7.94328 146.012
8.29373 246.624
8.65964 95.2933
9.0417 252.132
9.44061 278.509
9.85712 0
10.292 115.671
10.7461 244.391
11.2202 498.652
11.7152 189.09
12.2321 244.187
12.7717 341.056
13.3352 383.957
13.9236 182.656
14.5378 290.339
15.1792 286.887
15.8489 94.6342
16.5482 431.287
17.2783 461.609
18.0406 104.808
18.8365 296.512
19.6675 474.918
20.5353 464.586
21.4412 217.047
22.3872 225.216
23.3749 552.861
24.4062 155.141
25.483 545.269
26.6073 283.894
27.7811 3.34061
29.0068 1119.82
30.2866 194.008
31.6228 285.743
33.0179 263.701
34.4747 443.901
35.9956 337.572
37.5837 424.13
39.2419 163.006
40.9732 560.343
42.7809 197.078
44.6684 929.558
46.6391 737.026
48.6968 568.149
50.8452 271.766
53.0884 369.344
55.4307 543.377
57.8762 375.259
60.4296 658.826
63.0957 521.522
65.8795 1002.41
68.786 802.943
71.8208 1060.11
74.9894 1079.11
78.2979 837.495
81.7523 1112.03
85.3591 1454.47
89.1251 976.186
93.0572 1162.64
97.1628 1540.67
101.45 1054.84
105.925 1449.59
110.599 2000.44
115.478 1297.92
120.573 1319
125.893 1557.55
131.447 1645.48
137.246 2531.86
143.301 1553.36
149.624 1707.1
156.225 1704.09
163.117 1896.08
170.314 1917.91
177.828 1796.35
185.674 1595.13
193.865 2042.94
202.418 2322.08
211.349 2136.19
220.673 2204.46
230.409 2431.59
240.575 2090.01
251.189 2397.73
262.271 1924.52
273.842 1896.6
285.924 1751.03
298.538 2044.99
311.709 727.739
325.462 586.21
339.821 973.862
354.813 475.684
370.467 861.671
386.812 854.505
403.878 514.807
421.697 459.439
440.301 133.822
459.727 241.405
480.01 0
501.187 0
523.299 0
546.387 210.5
570.493 92.43
595.662 0
621.942 0
649.382 34.2931
678.032 0
707.946 0
739.18 74.551
771.792 0
805.842 0
841.395 0
878.517 0
917.276 0
957.745 0
1000 0
