# First line is two numbers 
#     First value is '2', it means 'histogram mode'
#     Second value is 'Emin' of the histogram
# Other lines : 2 columns. 1) energy 2) probability (nb divided by NbEvent)
# Number of bins = 480
# Content below the first bin: 0
# Content above the last  bin: 0
# Content above the last  bin: 0
# Number of events: 209000
2 1e-06
1.04412e-06 0
1.09018e-06 0
1.13828e-06 0
1.1885e-06 0
1.24094e-06 0
1.29569e-06 0
1.35285e-06 0
1.41254e-06 0
1.47486e-06 0
1.53993e-06 0
1.60787e-06 0
1.6788e-06 0
1.75287e-06 0
1.83021e-06 0
1.91095e-06 0
1.99526e-06 0
2.08329e-06 0
2.1752e-06 0
2.27117e-06 0
2.37137e-06 0
2.476e-06 0
2.58523e-06 0
2.69929e-06 0
2.81838e-06 0
2.94273e-06 0
3.07256e-06 0
3.20812e-06 0
3.34965e-06 0
3.49744e-06 0
3.65174e-06 0
3.81285e-06 0
3.98107e-06 0
4.15671e-06 0
4.3401e-06 0
4.53158e-06 0
4.73151e-06 0
4.94026e-06 0
5.15822e-06 0
5.3858e-06 0
5.62341e-06 0
5.87151e-06 0
6.13056e-06 0
6.40103e-06 0
6.68344e-06 0
6.97831e-06 0
7.28618e-06 0
7.60764e-06 0
7.94328e-06 0
8.29373e-06 0
8.65964e-06 0
9.0417e-06 0
9.44061e-06 0
9.85712e-06 0
1.0292e-05 0
1.07461e-05 0
1.12202e-05 0
1.17152e-05 0
1.22321e-05 0
1.27717e-05 0
1.33352e-05 0
1.39236e-05 0
1.45378e-05 0
1.51792e-05 0
1.58489e-05 0
1.65482e-05 0
1.72783e-05 0
1.80406e-05 0
1.88365e-05 0
1.96675e-05 0
2.05353e-05 0
2.14412e-05 0
2.23872e-05 0
2.33749e-05 0
2.44062e-05 0
2.5483e-05 0
2.66073e-05 0
2.77811e-05 0
2.90068e-05 0
3.02866e-05 0
3.16228e-05 0
3.30179e-05 0
3.44747e-05 0
3.59956e-05 0
3.75837e-05 0
3.92419e-05 0
4.09732e-05 0
4.27809e-05 0
4.46684e-05 0
4.66391e-05 0
4.86968e-05 0
5.08452e-05 0
5.30884e-05 0
5.54307e-05 0
5.78762e-05 0
6.04296e-05 0
6.30957e-05 0
6.58795e-05 0
6.8786e-05 0
7.18208e-05 0
7.49894e-05 0
7.82979e-05 0
8.17523e-05 0
8.53591e-05 0
8.91251e-05 0
9.30572e-05 0
9.71628e-05 0
0.00010145 0
0.000105925 0
0.000110599 0
0.000115478 0
0.000120573 0
0.000125893 0
0.000131447 0
0.000137246 0
0.000143301 0
0.000149624 0
0.000156225 0
0.000163117 0
0.000170314 0
0.000177828 0
0.000185674 0
0.000193865 0
0.000202418 0
0.000211349 0
0.000220673 0
0.000230409 0
0.000240575 0
0.000251189 0
0.000262271 0
0.000273842 0
0.000285924 0
0.000298538 0
0.000311709 0
0.000325462 0
0.000339821 0
0.000354813 0
0.000370467 0
0.000386812 0
0.000403878 0
0.000421697 0
0.000440301 0
0.000459727 0
0.00048001 0
0.000501187 0
0.000523299 0
0.000546387 0
0.000570493 0
0.000595662 0
0.000621942 0
0.000649382 0
0.000678032 0
0.000707946 0
0.00073918 0
0.000771792 0
0.000805842 0
0.000841395 0
0.000878517 0
0.000917276 0
0.000957745 0
0.001 0
0.00104412 0
0.00109018 0
0.00113828 0
0.0011885 0
0.00124094 0
0.00129569 0
0.00135285 0
0.00141254 0
0.00147486 0
0.00153993 0
0.00160787 0
0.0016788 0
0.00175287 0
0.00183021 0
0.00191095 0
0.00199526 0
0.00208329 0
0.0021752 0
0.00227117 0
0.00237137 0
0.002476 0
0.00258523 0
0.00269929 0
0.00281838 0
0.00294273 0
0.00307256 0
0.00320812 0
0.00334965 0
0.00349744 0
0.00365174 0
0.00381285 0
0.00398107 0
0.00415671 0
0.0043401 0
0.00453158 0
0.00473151 0
0.00494026 95.3543
0.00515822 0
0.0053858 0
0.00562341 0
0.00587151 0
0.00613056 0
0.00640103 0
0.00668344 0
0.00697831 0
0.00728618 0
0.00760764 0
0.00794328 0
0.00829373 0
0.00865964 0
0.0090417 0
0.00944061 0
0.00985712 0
0.010292 115.852
0.0107461 0
0.0112202 0
0.0117152 0
0.0122321 0
0.0127717 0
0.0133352 0
0.0139236 110.585
0.0145378 0
0.0151792 0
0.0158489 71.7348
0.0165482 0
0.0172783 87.9265
0.0180406 0
0.0188365 235.257
0.0196675 88.048
0.0205353 0
0.0214412 91.8796
0.0223872 13.9821
0.0233749 231.665
0.0244062 115.565
0.025483 40.4827
0.0266073 0
0.0277811 46.8963
0.0290068 0
0.0302866 0
0.0316228 17.2425
0.0330179 345.576
0.0344747 334.271
0.0359956 99.3469
0.0375837 232.209
0.0392419 100.768
0.0409732 94.4794
0.0427809 234.492
0.0446684 178.493
0.0466391 231.631
0.0486968 325.397
0.0508452 229.435
0.0530884 0
0.0554307 178.532
0.0578762 352.927
0.0604296 513.995
0.0630957 231.533
0.0658795 338.74
0.068786 600.074
0.0718208 267.358
0.0749894 236.193
0.0782979 111.794
0.0817523 451.27
0.0853591 215.779
0.0891251 361.413
0.0930572 463.471
0.0971628 711.718
0.10145 578.499
0.105925 281.565
0.110599 436.338
0.115478 803.383
0.120573 558.172
0.125893 885.011
0.131447 848.669
0.137246 499.725
0.143301 410.167
0.149624 653.457
0.156225 1079.6
0.163117 460.977
0.170314 638.791
0.177828 399.792
0.185674 494.37
0.193865 728.189
0.202418 590.193
0.211349 782.435
0.220673 772.477
0.230409 687.542
0.240575 367.494
0.251189 570.767
0.262271 886.217
0.273842 638.389
0.285924 1311.64
0.298538 1010.62
0.311709 823.184
0.325462 692.908
0.339821 848.497
0.354813 1320.19
0.370467 814.504
0.386812 926.394
0.403878 974.539
0.421697 567.898
0.440301 513.41
0.459727 849.102
0.48001 836.639
0.501187 828.303
0.523299 939.482
0.546387 335.461
0.570493 954.829
0.595662 315.142
0.621942 945.016
0.649382 1102.31
0.678032 473.446
0.707946 848.954
0.73918 816.664
0.771792 913.156
0.805842 525.768
0.841395 651.53
0.878517 459.077
0.917276 567.629
0.957745 371.632
1 436.023
1.04412 736.74
1.09018 693.077
1.13828 359.929
1.1885 602.864
1.24094 605.372
1.29569 200.003
1.35285 413.725
1.41254 105.512
1.47486 619.754
1.53993 309.201
1.60787 636.017
1.6788 225.882
1.75287 693.164
1.83021 517.708
1.91095 0
1.99526 326.681
2.08329 91.0117
2.1752 140.881
2.27117 293.884
2.37137 605.468
2.476 220.938
2.58523 312.479
2.69929 257.724
2.81838 99.2484
2.94273 219.173
3.07256 410.334
3.20812 62.2989
3.34965 93.2602
3.49744 382.508
3.65174 0
3.81285 196.473
3.98107 0
4.15671 223.627
4.3401 110.435
4.53158 144.771
4.73151 39.0824
4.94026 248.881
5.15822 80.7941
5.3858 116.319
5.62341 0
5.87151 166.191
6.13056 195.006
6.40103 118.251
6.68344 169.492
6.97831 96.4895
7.28618 210.982
7.60764 279.055
7.94328 144.39
8.29373 94.6542
8.65964 0
9.0417 113.499
9.44061 101.99
9.85712 68.0359
10.292 293.483
10.7461 107.457
11.2202 57.8314
11.7152 0
12.2321 0
12.7717 96.801
13.3352 94.144
13.9236 43.5018
14.5378 27.1381
15.1792 32.5779
15.8489 383.736
16.5482 72.5634
17.2783 59.9396
18.0406 173.635
18.8365 102.753
19.6675 77.6956
20.5353 298.633
21.4412 136.491
22.3872 323.278
23.3749 95.9656
24.4062 201.112
25.483 0
26.6073 6.34769
27.7811 0
29.0068 44.2695
30.2866 111.663
31.6228 85.4649
33.0179 0
34.4747 222.062
35.9956 0
37.5837 0
39.2419 0
40.9732 142.149
42.7809 57.4288
44.6684 150.638
46.6391 81.9223
48.6968 0
50.8452 0
53.0884 266.681
55.4307 45.5964
57.8762 202.938
60.4296 0
63.0957 63.8725
65.8795 187.704
68.786 237.401
71.8208 74.9188
74.9894 104.237
78.2979 248.187
81.7523 228.462
85.3591 287.414
89.1251 117.842
93.0572 0
97.1628 246.077
101.45 102.081
105.925 65.9386
110.599 67.4111
115.478 301.098
120.573 172.558
125.893 121.819
131.447 0
137.246 208.157
143.301 90.7529
149.624 84.8428
156.225 200.737
163.117 0
170.314 172.55
177.828 104.212
185.674 0
193.865 71.2026
202.418 0
211.349 117.553
220.673 0
230.409 74.5642
240.575 0
251.189 58.4082
262.271 0
273.842 0
285.924 98.7961
298.538 0
311.709 0
325.462 0
339.821 0
354.813 0
370.467 0
386.812 0
403.878 0
421.697 0
440.301 0
459.727 0
480.01 0
501.187 0
523.299 0
546.387 0
570.493 0
595.662 0
621.942 0
649.382 0
678.032 0
707.946 0
739.18 0
771.792 0
805.842 0
841.395 0
878.517 0
917.276 0
957.745 0
1000 0
