# First line is two numbers 
#     First value is '2', it means 'histogram mode'
#     Second value is 'Emin' of the histogram
# Other lines : 2 columns. 1) energy 2) probability (nb divided by NbEvent)
# Number of bins = 480
# Content below the first bin: 0
# Content above the last  bin: 0
# Content above the last  bin: 0
# Number of events: 209000
2 1e-06
1.04412e-06 0
1.09018e-06 0
1.13828e-06 0
1.1885e-06 0
1.24094e-06 0
1.29569e-06 0
1.35285e-06 0
1.41254e-06 0
1.47486e-06 0
1.53993e-06 0
1.60787e-06 0
1.6788e-06 0
1.75287e-06 0
1.83021e-06 0
1.91095e-06 0
1.99526e-06 0
2.08329e-06 0
2.1752e-06 0
2.27117e-06 0
2.37137e-06 0
2.476e-06 0
2.58523e-06 0
2.69929e-06 0
2.81838e-06 0
2.94273e-06 0
3.07256e-06 0
3.20812e-06 0
3.34965e-06 0
3.49744e-06 0
3.65174e-06 0
3.81285e-06 0
3.98107e-06 0
4.15671e-06 0
4.3401e-06 0
4.53158e-06 0
4.73151e-06 0
4.94026e-06 0
5.15822e-06 0
5.3858e-06 0
5.62341e-06 0
5.87151e-06 0
6.13056e-06 0
6.40103e-06 0
6.68344e-06 0
6.97831e-06 0
7.28618e-06 0
7.60764e-06 0
7.94328e-06 0
8.29373e-06 0
8.65964e-06 0
9.0417e-06 0
9.44061e-06 0
9.85712e-06 0
1.0292e-05 0
1.07461e-05 0
1.12202e-05 0
1.17152e-05 0
1.22321e-05 0
1.27717e-05 0
1.33352e-05 0
1.39236e-05 0
1.45378e-05 0
1.51792e-05 0
1.58489e-05 0
1.65482e-05 0
1.72783e-05 0
1.80406e-05 0
1.88365e-05 0
1.96675e-05 0
2.05353e-05 0
2.14412e-05 0
2.23872e-05 0
2.33749e-05 0
2.44062e-05 0
2.5483e-05 0
2.66073e-05 0
2.77811e-05 0
2.90068e-05 0
3.02866e-05 0
3.16228e-05 0
3.30179e-05 0
3.44747e-05 0
3.59956e-05 0
3.75837e-05 0
3.92419e-05 0
4.09732e-05 0
4.27809e-05 0
4.46684e-05 0
4.66391e-05 0
4.86968e-05 0
5.08452e-05 0
5.30884e-05 0
5.54307e-05 0
5.78762e-05 0
6.04296e-05 0
6.30957e-05 0
6.58795e-05 0
6.8786e-05 0
7.18208e-05 0
7.49894e-05 0
7.82979e-05 0
8.17523e-05 0
8.53591e-05 0
8.91251e-05 0
9.30572e-05 0
9.71628e-05 0
0.00010145 0
0.000105925 0
0.000110599 0
0.000115478 0
0.000120573 0
0.000125893 0
0.000131447 0
0.000137246 0
0.000143301 0
0.000149624 0
0.000156225 0
0.000163117 0
0.000170314 0
0.000177828 0
0.000185674 0
0.000193865 0
0.000202418 0
0.000211349 0
0.000220673 0
0.000230409 0
0.000240575 0
0.000251189 0
0.000262271 0
0.000273842 0
0.000285924 0
0.000298538 0
0.000311709 0
0.000325462 0
0.000339821 0
0.000354813 0
0.000370467 0
0.000386812 0
0.000403878 0
0.000421697 0
0.000440301 0
0.000459727 0
0.00048001 0
0.000501187 0
0.000523299 0
0.000546387 0
0.000570493 0
0.000595662 0
0.000621942 44.8166
0.000649382 0
0.000678032 0
0.000707946 0
0.00073918 0
0.000771792 0
0.000805842 0
0.000841395 0
0.000878517 0
0.000917276 0
0.000957745 0
0.001 0
0.00104412 0
0.00109018 0
0.00113828 0
0.0011885 0
0.00124094 0
0.00129569 112.037
0.00135285 0
0.00141254 0
0.00147486 0
0.00153993 0
0.00160787 0
0.0016788 0
0.00175287 0
0.00183021 0
0.00191095 0
0.00199526 102.422
0.00208329 0
0.0021752 0
0.00227117 0
0.00237137 0
0.002476 0
0.00258523 0
0.00269929 0
0.00281838 95.0796
0.00294273 46.3729
0.00307256 90.4183
0.00320812 0
0.00334965 0
0.00349744 0
0.00365174 0
0.00381285 0
0.00398107 0
0.00415671 0
0.0043401 0
0.00453158 0
0.00473151 0
0.00494026 0
0.00515822 0
0.0053858 0
0.00562341 86.0555
0.00587151 0
0.00613056 108.556
0.00640103 0
0.00668344 0
0.00697831 0
0.00728618 211.071
0.00760764 0
0.00794328 0
0.00829373 198.484
0.00865964 6.31132
0.0090417 89.2124
0.00944061 105.854
0.00985712 16.0546
0.010292 0
0.0107461 0
0.0112202 68.0156
0.0117152 0
0.0122321 331.404
0.0127717 0
0.0133352 110.97
0.0139236 0
0.0145378 256.63
0.0151792 178.41
0.0158489 503.827
0.0165482 0
0.0172783 446.897
0.0180406 84.9818
0.0188365 49.9438
0.0196675 341.532
0.0205353 62.753
0.0214412 513.552
0.0223872 59.2996
0.0233749 445.927
0.0244062 568.384
0.025483 492.445
0.0266073 249.183
0.0277811 425.818
0.0290068 514.964
0.0302866 446.633
0.0316228 543.505
0.0330179 772.596
0.0344747 758.526
0.0359956 798.604
0.0375837 1109.33
0.0392419 712.015
0.0409732 1093.94
0.0427809 962.859
0.0446684 993.803
0.0466391 1241.43
0.0486968 987.62
0.0508452 841.598
0.0530884 981.628
0.0554307 1097.17
0.0578762 787.883
0.0604296 1573.48
0.0630957 1484.53
0.0658795 2210.98
0.068786 1347.28
0.0718208 1528.84
0.0749894 1702.91
0.0782979 1642.21
0.0817523 1974.32
0.0853591 2071.7
0.0891251 2062
0.0930572 1639.43
0.0971628 2082.69
0.10145 2709
0.105925 1848.12
0.110599 2219.73
0.115478 2353.32
0.120573 4320.04
0.125893 2284.32
0.131447 2061.47
0.137246 2774.17
0.143301 2960.65
0.149624 2235.16
0.156225 3113.5
0.163117 3276.52
0.170314 2921.7
0.177828 2960.78
0.185674 3358.06
0.193865 3144.52
0.202418 2951.37
0.211349 3627.47
0.220673 2802.24
0.230409 3162.8
0.240575 2734.25
0.251189 3400.38
0.262271 3023.66
0.273842 4280.08
0.285924 3142.91
0.298538 5140.89
0.311709 3405.69
0.325462 4161.7
0.339821 3781.46
0.354813 4929.5
0.370467 4732.01
0.386812 3529.93
0.403878 4406.42
0.421697 4268.47
0.440301 4012.17
0.459727 4181.16
0.48001 4113.67
0.501187 4657.51
0.523299 4421.72
0.546387 4811.53
0.570493 3388.25
0.595662 4176.26
0.621942 4092.08
0.649382 4636.71
0.678032 3070.66
0.707946 4867.44
0.73918 3490.92
0.771792 2752.8
0.805842 3181.08
0.841395 3159.39
0.878517 3463.35
0.917276 3540.82
0.957745 2318.54
1 2742.78
1.04412 2106.36
1.09018 1288.56
1.13828 2183.01
1.1885 2252.62
1.24094 1933.62
1.29569 1703.4
1.35285 1694.21
1.41254 1945.57
1.47486 1367.59
1.53993 1515.13
1.60787 854.556
1.6788 865.628
1.75287 1761.09
1.83021 1561.79
1.91095 854.678
1.99526 1339.23
2.08329 1757.21
2.1752 1209.55
2.27117 706.491
2.37137 1299.95
2.476 1056.33
2.58523 640.792
2.69929 983.129
2.81838 775.126
2.94273 800.59
3.07256 880.799
3.20812 1013
3.34965 736.893
3.49744 875.141
3.65174 1014.93
3.81285 472.877
3.98107 637.182
4.15671 819.532
4.3401 543.993
4.53158 174.908
4.73151 1140.71
4.94026 686.799
5.15822 243.786
5.3858 930.975
5.62341 702.107
5.87151 625.936
6.13056 674.249
6.40103 278.441
6.68344 645.736
6.97831 401.287
7.28618 1051.66
7.60764 621.688
7.94328 788.488
8.29373 552.307
8.65964 1230.3
9.0417 668.005
9.44061 222.146
9.85712 197.192
10.292 750.503
10.7461 311.014
11.2202 236.69
11.7152 280.989
12.2321 411.595
12.7717 451.38
13.3352 103.521
13.9236 125.367
14.5378 370.911
15.1792 347.042
15.8489 551.242
16.5482 572.841
17.2783 221.774
18.0406 303.039
18.8365 242.693
19.6675 280.059
20.5353 254.316
21.4412 499.425
22.3872 379.036
23.3749 165.554
24.4062 307.834
25.483 636.846
26.6073 744.273
27.7811 585.758
29.0068 544.935
30.2866 415.737
31.6228 511.89
33.0179 381.911
34.4747 675.261
35.9956 520.27
37.5837 174.095
39.2419 323.095
40.9732 654.662
42.7809 587.84
44.6684 375.67
46.6391 931.7
48.6968 873.855
50.8452 372.158
53.0884 503.984
55.4307 554.637
57.8762 590.677
60.4296 923.042
63.0957 570.278
65.8795 425.817
68.786 593.105
71.8208 1061.65
74.9894 1399.61
78.2979 741.443
81.7523 757.132
85.3591 437.786
89.1251 827.515
93.0572 342.832
97.1628 487.235
101.45 912.627
105.925 1099.52
110.599 676.851
115.478 1375.81
120.573 939.739
125.893 1032.43
131.447 1077.4
137.246 470.962
143.301 1109.52
149.624 1103.72
156.225 367.507
163.117 1293.35
170.314 1216.77
177.828 1639.65
185.674 1604.22
193.865 885.269
202.418 1324.72
211.349 1279.43
220.673 1274.04
230.409 1621.58
240.575 2038.28
251.189 2056.23
262.271 2024.66
273.842 1895.46
285.924 1871.07
298.538 2826.27
311.709 2145.39
325.462 2245.91
339.821 2592.02
354.813 2564.82
370.467 2403.84
386.812 2273.25
403.878 1791.65
421.697 885.29
440.301 599.451
459.727 498.322
480.01 359.935
501.187 566.403
523.299 381.976
546.387 378.706
570.493 99.6434
595.662 239.51
621.942 102.138
649.382 85.8138
678.032 0
707.946 0
739.18 102.158
771.792 0
805.842 0
841.395 215.935
878.517 0
917.276 0
957.745 0
1000 0
