# First line is two numbers 
#     First value is '2', it means 'histogram mode'
#     Second value is 'Emin' of the histogram
# Other lines : 2 columns. 1) energy 2) probability (nb divided by NbEvent)
# Number of bins = 480
# Content below the first bin: 0
# Content above the last  bin: 0
# Content above the last  bin: 0
# Number of events: 209000
2 1e-06
1.04412e-06 0
1.09018e-06 0
1.13828e-06 0
1.1885e-06 0
1.24094e-06 0
1.29569e-06 0
1.35285e-06 0
1.41254e-06 0
1.47486e-06 0
1.53993e-06 0
1.60787e-06 0
1.6788e-06 0
1.75287e-06 0
1.83021e-06 0
1.91095e-06 0
1.99526e-06 0
2.08329e-06 0
2.1752e-06 0
2.27117e-06 0
2.37137e-06 0
2.476e-06 0
2.58523e-06 0
2.69929e-06 0
2.81838e-06 0
2.94273e-06 0
3.07256e-06 0
3.20812e-06 0
3.34965e-06 0
3.49744e-06 0
3.65174e-06 0
3.81285e-06 0
3.98107e-06 0
4.15671e-06 0
4.3401e-06 0
4.53158e-06 0
4.73151e-06 0
4.94026e-06 0
5.15822e-06 0
5.3858e-06 0
5.62341e-06 0
5.87151e-06 0
6.13056e-06 0
6.40103e-06 0
6.68344e-06 0
6.97831e-06 0
7.28618e-06 0
7.60764e-06 0
7.94328e-06 0
8.29373e-06 0
8.65964e-06 0
9.0417e-06 0
9.44061e-06 0
9.85712e-06 0
1.0292e-05 0
1.07461e-05 0
1.12202e-05 0
1.17152e-05 0
1.22321e-05 0
1.27717e-05 0
1.33352e-05 0
1.39236e-05 0
1.45378e-05 0
1.51792e-05 0
1.58489e-05 0
1.65482e-05 0
1.72783e-05 0
1.80406e-05 0
1.88365e-05 0
1.96675e-05 0
2.05353e-05 0
2.14412e-05 0
2.23872e-05 0
2.33749e-05 0
2.44062e-05 0
2.5483e-05 0
2.66073e-05 0
2.77811e-05 0
2.90068e-05 0
3.02866e-05 0
3.16228e-05 0
3.30179e-05 0
3.44747e-05 0
3.59956e-05 0
3.75837e-05 0
3.92419e-05 0
4.09732e-05 0
4.27809e-05 0
4.46684e-05 0
4.66391e-05 0
4.86968e-05 0
5.08452e-05 0
5.30884e-05 0
5.54307e-05 0
5.78762e-05 0
6.04296e-05 0
6.30957e-05 0
6.58795e-05 0
6.8786e-05 0
7.18208e-05 0
7.49894e-05 0
7.82979e-05 0
8.17523e-05 0
8.53591e-05 0
8.91251e-05 0
9.30572e-05 0
9.71628e-05 0
0.00010145 0
0.000105925 0
0.000110599 0
0.000115478 0
0.000120573 0
0.000125893 0
0.000131447 0
0.000137246 0
0.000143301 0
0.000149624 0
0.000156225 0
0.000163117 0
0.000170314 0
0.000177828 0
0.000185674 0
0.000193865 0
0.000202418 0
0.000211349 0
0.000220673 0
0.000230409 0
0.000240575 0
0.000251189 0
0.000262271 0
0.000273842 0
0.000285924 0
0.000298538 0
0.000311709 0
0.000325462 0
0.000339821 0
0.000354813 0
0.000370467 0
0.000386812 0
0.000403878 0
0.000421697 0
0.000440301 0
0.000459727 0
0.00048001 0
0.000501187 0
0.000523299 0
0.000546387 0
0.000570493 0
0.000595662 0
0.000621942 0
0.000649382 0
0.000678032 0
0.000707946 0
0.00073918 0
0.000771792 0
0.000805842 0
0.000841395 0
0.000878517 0
0.000917276 0
0.000957745 0
0.001 0
0.00104412 0
0.00109018 0
0.00113828 0
0.0011885 0
0.00124094 0
0.00129569 0
0.00135285 0
0.00141254 0
0.00147486 55.7652
0.00153993 0
0.00160787 0
0.0016788 0
0.00175287 0
0.00183021 0
0.00191095 0
0.00199526 0
0.00208329 0
0.0021752 0
0.00227117 0
0.00237137 0
0.002476 0
0.00258523 0
0.00269929 0
0.00281838 112.478
0.00294273 0
0.00307256 0
0.00320812 0
0.00334965 0
0.00349744 0
0.00365174 0
0.00381285 0
0.00398107 0
0.00415671 159.183
0.0043401 0
0.00453158 0
0.00473151 71.7153
0.00494026 0
0.00515822 0
0.0053858 0
0.00562341 109.303
0.00587151 108.023
0.00613056 146.769
0.00640103 0
0.00668344 0
0.00697831 0
0.00728618 0
0.00760764 76.1143
0.00794328 0
0.00829373 108.56
0.00865964 207.114
0.0090417 52.8867
0.00944061 0
0.00985712 73.8245
0.010292 0
0.0107461 75.802
0.0112202 100.829
0.0117152 0
0.0122321 18.1107
0.0127717 183.086
0.0133352 0
0.0139236 261.169
0.0145378 490.393
0.0151792 134.584
0.0158489 0
0.0165482 0
0.0172783 310.981
0.0180406 55.0945
0.0188365 375.699
0.0196675 249.55
0.0205353 309.235
0.0214412 491.557
0.0223872 477.452
0.0233749 763.271
0.0244062 635.055
0.025483 879.305
0.0266073 399.441
0.0277811 287.368
0.0290068 712.585
0.0302866 313.67
0.0316228 377.078
0.0330179 1011.14
0.0344747 858.084
0.0359956 239.135
0.0375837 817.522
0.0392419 875.056
0.0409732 997.449
0.0427809 930.238
0.0446684 228.703
0.0466391 753.224
0.0486968 863.444
0.0508452 755.747
0.0530884 1066.92
0.0554307 1227.31
0.0578762 1692.53
0.0604296 1712.72
0.0630957 1604.86
0.0658795 2196.47
0.068786 1185.32
0.0718208 1487.1
0.0749894 2056.11
0.0782979 1628.54
0.0817523 1571.08
0.0853591 2186.74
0.0891251 2192.8
0.0930572 1661.31
0.0971628 2898.91
0.10145 2805.04
0.105925 3241.73
0.110599 2154.4
0.115478 2855.67
0.120573 4264.49
0.125893 3000.03
0.131447 2875.61
0.137246 1965.47
0.143301 2101.09
0.149624 3514.85
0.156225 3820.35
0.163117 2552.9
0.170314 4146.44
0.177828 3441.36
0.185674 4396.71
0.193865 3173.14
0.202418 3905.15
0.211349 2821.77
0.220673 4506.6
0.230409 3359.51
0.240575 4175.84
0.251189 3535.74
0.262271 3700.12
0.273842 3521.66
0.285924 3150.89
0.298538 3227.2
0.311709 2882.81
0.325462 2781.22
0.339821 2229.64
0.354813 3269.82
0.370467 3343.66
0.386812 4293.68
0.403878 4207.06
0.421697 4301.45
0.440301 3506.47
0.459727 3138.94
0.48001 4270.6
0.501187 3589.77
0.523299 3908.18
0.546387 3023.82
0.570493 3908.06
0.595662 4317.04
0.621942 4001.07
0.649382 3108.56
0.678032 3513.23
0.707946 3896.67
0.73918 3118
0.771792 4071.71
0.805842 3225.45
0.841395 3521.52
0.878517 3458.81
0.917276 2783.91
0.957745 2423.3
1 2300.34
1.04412 2957.18
1.09018 2560.5
1.13828 2332.02
1.1885 2635.9
1.24094 2004.46
1.29569 1206.25
1.35285 1552.52
1.41254 1778.06
1.47486 1447.68
1.53993 2330.91
1.60787 1623.72
1.6788 1345.92
1.75287 1550.56
1.83021 1505.45
1.91095 1617.17
1.99526 578.561
2.08329 1096.33
2.1752 750.462
2.27117 426.459
2.37137 1471.51
2.476 1176.29
2.58523 533.013
2.69929 716.049
2.81838 657.085
2.94273 901.19
3.07256 883.961
3.20812 1409.8
3.34965 854.344
3.49744 869.167
3.65174 1010.76
3.81285 569.754
3.98107 606.986
4.15671 1027.81
4.3401 649.935
4.53158 668.36
4.73151 417.322
4.94026 545.008
5.15822 432.914
5.3858 387.465
5.62341 663.193
5.87151 467.157
6.13056 739.966
6.40103 504.011
6.68344 516.733
6.97831 294.91
7.28618 689.838
7.60764 324.838
7.94328 253.912
8.29373 175.244
8.65964 297.012
9.0417 287.439
9.44061 402.604
9.85712 419.487
10.292 193.777
10.7461 0
11.2202 581.505
11.7152 191.012
12.2321 316.204
12.7717 224.211
13.3352 112.528
13.9236 495.443
14.5378 209.92
15.1792 198.291
15.8489 123.055
16.5482 438.178
17.2783 272.66
18.0406 293.851
18.8365 210.225
19.6675 553.102
20.5353 483.61
21.4412 422.523
22.3872 291.555
23.3749 504.564
24.4062 475.928
25.483 425.559
26.6073 360.45
27.7811 217.556
29.0068 263.135
30.2866 701.786
31.6228 238.751
33.0179 263.758
34.4747 669.565
35.9956 269.683
37.5837 819.013
39.2419 643.513
40.9732 788.195
42.7809 461.038
44.6684 561.575
46.6391 546.501
48.6968 665.302
50.8452 635.709
53.0884 578.743
55.4307 461.06
57.8762 524.821
60.4296 230.374
63.0957 333.664
65.8795 751.505
68.786 380.275
71.8208 890.535
74.9894 675.885
78.2979 645.082
81.7523 659.376
85.3591 549.071
89.1251 687.289
93.0572 986.405
97.1628 524.038
101.45 551.506
105.925 808.976
110.599 788.899
115.478 686.067
120.573 941.288
125.893 748.282
131.447 681.249
137.246 892.056
143.301 1145.67
149.624 1275.57
156.225 1017.64
163.117 1797.4
170.314 1501.1
177.828 1433.44
185.674 1089.66
193.865 2128.26
202.418 1524.57
211.349 1956.93
220.673 1062.44
230.409 2159.51
240.575 2162.53
251.189 1503.27
262.271 1587.81
273.842 2489.94
285.924 2850.8
298.538 2223.82
311.709 2905.53
325.462 2402.03
339.821 3004.08
354.813 1631.46
370.467 1874.22
386.812 1605.95
403.878 1425.11
421.697 1101.86
440.301 790.179
459.727 502.893
480.01 460.312
501.187 159.539
523.299 207.983
546.387 88.5439
570.493 323.022
595.662 91.7687
621.942 178.361
649.382 0
678.032 98.6618
707.946 158.22
739.18 43.215
771.792 0
805.842 95.4287
841.395 112.674
878.517 147.194
917.276 0
957.745 0
1000 0
