# First line is two numbers 
#     First value is '2', it means 'histogram mode'
#     Second value is 'Emin' of the histogram
# Other lines : 2 columns. 1) energy 2) probability (nb divided by NbEvent)
# Number of bins = 480
# Content below the first bin: 0
# Content above the last  bin: 0
# Content above the last  bin: 0
# Number of events: 209000
2 1e-06
1.04412e-06 0
1.09018e-06 0
1.13828e-06 0
1.1885e-06 0
1.24094e-06 0
1.29569e-06 0
1.35285e-06 0
1.41254e-06 0
1.47486e-06 0
1.53993e-06 0
1.60787e-06 0
1.6788e-06 0
1.75287e-06 0
1.83021e-06 0
1.91095e-06 0
1.99526e-06 0
2.08329e-06 0
2.1752e-06 0
2.27117e-06 0
2.37137e-06 0
2.476e-06 0
2.58523e-06 0
2.69929e-06 0
2.81838e-06 0
2.94273e-06 0
3.07256e-06 0
3.20812e-06 0
3.34965e-06 0
3.49744e-06 0
3.65174e-06 0
3.81285e-06 0
3.98107e-06 0
4.15671e-06 0
4.3401e-06 0
4.53158e-06 0
4.73151e-06 0
4.94026e-06 0
5.15822e-06 0
5.3858e-06 0
5.62341e-06 0
5.87151e-06 0
6.13056e-06 0
6.40103e-06 0
6.68344e-06 0
6.97831e-06 0
7.28618e-06 0
7.60764e-06 0
7.94328e-06 0
8.29373e-06 0
8.65964e-06 0
9.0417e-06 0
9.44061e-06 0
9.85712e-06 0
1.0292e-05 0
1.07461e-05 0
1.12202e-05 0
1.17152e-05 0
1.22321e-05 0
1.27717e-05 0
1.33352e-05 0
1.39236e-05 0
1.45378e-05 0
1.51792e-05 0
1.58489e-05 0
1.65482e-05 0
1.72783e-05 0
1.80406e-05 0
1.88365e-05 0
1.96675e-05 0
2.05353e-05 0
2.14412e-05 0
2.23872e-05 0
2.33749e-05 0
2.44062e-05 0
2.5483e-05 0
2.66073e-05 0
2.77811e-05 0
2.90068e-05 0
3.02866e-05 0
3.16228e-05 0
3.30179e-05 0
3.44747e-05 0
3.59956e-05 0
3.75837e-05 0
3.92419e-05 0
4.09732e-05 0
4.27809e-05 0
4.46684e-05 0
4.66391e-05 0
4.86968e-05 0
5.08452e-05 0
5.30884e-05 0
5.54307e-05 0
5.78762e-05 0
6.04296e-05 0
6.30957e-05 0
6.58795e-05 0
6.8786e-05 0
7.18208e-05 0
7.49894e-05 0
7.82979e-05 0
8.17523e-05 0
8.53591e-05 0
8.91251e-05 0
9.30572e-05 0
9.71628e-05 0
0.00010145 0
0.000105925 0
0.000110599 0
0.000115478 0
0.000120573 0
0.000125893 0
0.000131447 0
0.000137246 0
0.000143301 0
0.000149624 0
0.000156225 0
0.000163117 0
0.000170314 0
0.000177828 0
0.000185674 0
0.000193865 0
0.000202418 0
0.000211349 0
0.000220673 0
0.000230409 0
0.000240575 0
0.000251189 0
0.000262271 0
0.000273842 0
0.000285924 0
0.000298538 0
0.000311709 0
0.000325462 0
0.000339821 0
0.000354813 0
0.000370467 0
0.000386812 0
0.000403878 0
0.000421697 0
0.000440301 0
0.000459727 0
0.00048001 0
0.000501187 0
0.000523299 0
0.000546387 0
0.000570493 0
0.000595662 0
0.000621942 0
0.000649382 0
0.000678032 0
0.000707946 0
0.00073918 0
0.000771792 0
0.000805842 0
0.000841395 0
0.000878517 0
0.000917276 0
0.000957745 0
0.001 0
0.00104412 0
0.00109018 0
0.00113828 0
0.0011885 0
0.00124094 0
0.00129569 0
0.00135285 0
0.00141254 0
0.00147486 0
0.00153993 0
0.00160787 0
0.0016788 0
0.00175287 0
0.00183021 0
0.00191095 0
0.00199526 0
0.00208329 0
0.0021752 0
0.00227117 0
0.00237137 94.6406
0.002476 0
0.00258523 0
0.00269929 0
0.00281838 0
0.00294273 0
0.00307256 83.0235
0.00320812 0
0.00334965 0
0.00349744 0
0.00365174 0
0.00381285 0
0.00398107 0
0.00415671 88.75
0.0043401 0
0.00453158 0
0.00473151 0
0.00494026 0
0.00515822 0
0.0053858 23.1087
0.00562341 0
0.00587151 0
0.00613056 0
0.00640103 0
0.00668344 0
0.00697831 0
0.00728618 0
0.00760764 0
0.00794328 111.253
0.00829373 0
0.00865964 0
0.0090417 71.9483
0.00944061 61.3265
0.00985712 49.189
0.010292 0
0.0107461 63.1139
0.0112202 204.059
0.0117152 0
0.0122321 0
0.0127717 36.571
0.0133352 82.1663
0.0139236 192.782
0.0145378 0
0.0151792 37.8054
0.0158489 200.602
0.0165482 0
0.0172783 181.591
0.0180406 0
0.0188365 240.73
0.0196675 178.052
0.0205353 94.0788
0.0214412 79.2598
0.0223872 31.6032
0.0233749 165.285
0.0244062 309.806
0.025483 106.264
0.0266073 0
0.0277811 306.613
0.0290068 75.8192
0.0302866 378.238
0.0316228 332.029
0.0330179 329.175
0.0344747 307.998
0.0359956 332.352
0.0375837 642.736
0.0392419 636.452
0.0409732 589.479
0.0427809 234.807
0.0446684 474.964
0.0466391 401.242
0.0486968 406.96
0.0508452 646.044
0.0530884 279.201
0.0554307 342.052
0.0578762 716.645
0.0604296 683.136
0.0630957 904.441
0.0658795 373.19
0.068786 957.106
0.0718208 683.587
0.0749894 778.504
0.0782979 1019.23
0.0817523 1172.77
0.0853591 543.197
0.0891251 1277.97
0.0930572 1681.25
0.0971628 820.885
0.10145 712.934
0.105925 1077.39
0.110599 1266.01
0.115478 1318.21
0.120573 1012.86
0.125893 1019.05
0.131447 1655.77
0.137246 1019.57
0.143301 1548.14
0.149624 1638.99
0.156225 1869.85
0.163117 1371.07
0.170314 1421.22
0.177828 1656.18
0.185674 1298.47
0.193865 1960.8
0.202418 1539.55
0.211349 1388.19
0.220673 1876.25
0.230409 1154.05
0.240575 1273.22
0.251189 1905.23
0.262271 1818.25
0.273842 1981.32
0.285924 2484.89
0.298538 1222.09
0.311709 1968.2
0.325462 2167.8
0.339821 2483.4
0.354813 1610.3
0.370467 2088.51
0.386812 1733.47
0.403878 2109.64
0.421697 1170.42
0.440301 1564.85
0.459727 1021.69
0.48001 2111.33
0.501187 1413.19
0.523299 2075.59
0.546387 1486.2
0.570493 2542.77
0.595662 1795.7
0.621942 1811.12
0.649382 1571.2
0.678032 1830.98
0.707946 1593.4
0.73918 1803.82
0.771792 961.865
0.805842 1332.99
0.841395 1774.38
0.878517 2007.62
0.917276 1693.04
0.957745 952.617
1 641.829
1.04412 880.138
1.09018 1049.37
1.13828 879.487
1.1885 703.518
1.24094 907.768
1.29569 919.775
1.35285 453.61
1.41254 987.849
1.47486 792.018
1.53993 580.423
1.60787 401.027
1.6788 840.253
1.75287 542.253
1.83021 395.509
1.91095 442.215
1.99526 344.273
2.08329 671.665
2.1752 0
2.27117 764.885
2.37137 334.314
2.476 668.194
2.58523 445.131
2.69929 589.784
2.81838 316.844
2.94273 270.587
3.07256 546.705
3.20812 208.929
3.34965 291.079
3.49744 437.915
3.65174 48.6348
3.81285 321.281
3.98107 152.26
4.15671 197.83
4.3401 228.626
4.53158 0
4.73151 310.734
4.94026 381.668
5.15822 152.5
5.3858 168.927
5.62341 151.537
5.87151 187.105
6.13056 169.124
6.40103 115.122
6.68344 88.2875
6.97831 142.071
7.28618 115.285
7.60764 68.8439
7.94328 217.762
8.29373 116.927
8.65964 328.72
9.0417 169.966
9.44061 0
9.85712 664.916
10.292 40.1948
10.7461 0
11.2202 430.069
11.7152 0
12.2321 0
12.7717 306.788
13.3352 0
13.9236 278.027
14.5378 70.118
15.1792 162.574
15.8489 80.253
16.5482 254.532
17.2783 167.316
18.0406 215.964
18.8365 264.595
19.6675 143.028
20.5353 258.698
21.4412 191.378
22.3872 97.5965
23.3749 296.042
24.4062 294.456
25.483 87.1687
26.6073 157.094
27.7811 63.731
29.0068 0
30.2866 51.0267
31.6228 0
33.0179 81.9877
34.4747 0
35.9956 358.913
37.5837 180.988
39.2419 256.77
40.9732 320.624
42.7809 260.332
44.6684 149.936
46.6391 327.755
48.6968 514.8
50.8452 232.983
53.0884 771.62
55.4307 595.774
57.8762 236.214
60.4296 449.112
63.0957 227.496
65.8795 301.62
68.786 219.611
71.8208 141.028
74.9894 177.38
78.2979 557.183
81.7523 249.026
85.3591 509.125
89.1251 298.544
93.0572 284.81
97.1628 368.525
101.45 211.623
105.925 559.758
110.599 173.615
115.478 304.867
120.573 229.393
125.893 390.415
131.447 503.585
137.246 458.83
143.301 484.733
149.624 433.208
156.225 521.734
163.117 371.197
170.314 386.702
177.828 424.12
185.674 388.658
193.865 546.798
202.418 338.181
211.349 604.928
220.673 214.374
230.409 269.516
240.575 587.228
251.189 347.513
262.271 247.917
273.842 614.791
285.924 509.08
298.538 382.97
311.709 256.404
325.462 0
339.821 174.744
354.813 322.204
370.467 54.8927
386.812 187.641
403.878 80.7257
421.697 224.464
440.301 0
459.727 24.2716
480.01 0
501.187 0
523.299 172.85
546.387 0
570.493 0
595.662 0
621.942 74.3783
649.382 0
678.032 0
707.946 94.6063
739.18 0
771.792 0
805.842 0
841.395 0
878.517 0
917.276 0
957.745 0
1000 0
