# First line is two numbers 
#     First value is '2', it means 'histogram mode'
#     Second value is 'Emin' of the histogram
# Other lines : 2 columns. 1) energy 2) probability (nb divided by NbEvent)
# Number of bins = 480
# Content below the first bin: 0
# Content above the last  bin: 0
# Content above the last  bin: 0
# Number of events: 209000
2 1e-06
1.04412e-06 0
1.09018e-06 0
1.13828e-06 0
1.1885e-06 0
1.24094e-06 0
1.29569e-06 0
1.35285e-06 0
1.41254e-06 0
1.47486e-06 0
1.53993e-06 0
1.60787e-06 0
1.6788e-06 0
1.75287e-06 0
1.83021e-06 0
1.91095e-06 0
1.99526e-06 0
2.08329e-06 0
2.1752e-06 0
2.27117e-06 0
2.37137e-06 0
2.476e-06 0
2.58523e-06 0
2.69929e-06 0
2.81838e-06 0
2.94273e-06 0
3.07256e-06 0
3.20812e-06 0
3.34965e-06 0
3.49744e-06 0
3.65174e-06 0
3.81285e-06 0
3.98107e-06 0
4.15671e-06 0
4.3401e-06 0
4.53158e-06 0
4.73151e-06 0
4.94026e-06 0
5.15822e-06 0
5.3858e-06 0
5.62341e-06 0
5.87151e-06 0
6.13056e-06 0
6.40103e-06 0
6.68344e-06 0
6.97831e-06 0
7.28618e-06 0
7.60764e-06 0
7.94328e-06 0
8.29373e-06 0
8.65964e-06 0
9.0417e-06 0
9.44061e-06 0
9.85712e-06 0
1.0292e-05 0
1.07461e-05 0
1.12202e-05 0
1.17152e-05 0
1.22321e-05 0
1.27717e-05 0
1.33352e-05 0
1.39236e-05 0
1.45378e-05 0
1.51792e-05 0
1.58489e-05 0
1.65482e-05 0
1.72783e-05 0
1.80406e-05 0
1.88365e-05 0
1.96675e-05 0
2.05353e-05 0
2.14412e-05 0
2.23872e-05 0
2.33749e-05 0
2.44062e-05 0
2.5483e-05 0
2.66073e-05 0
2.77811e-05 0
2.90068e-05 0
3.02866e-05 0
3.16228e-05 0
3.30179e-05 0
3.44747e-05 0
3.59956e-05 0
3.75837e-05 0
3.92419e-05 0
4.09732e-05 0
4.27809e-05 0
4.46684e-05 0
4.66391e-05 0
4.86968e-05 0
5.08452e-05 0
5.30884e-05 0
5.54307e-05 0
5.78762e-05 0
6.04296e-05 0
6.30957e-05 0
6.58795e-05 0
6.8786e-05 0
7.18208e-05 0
7.49894e-05 0
7.82979e-05 0
8.17523e-05 0
8.53591e-05 0
8.91251e-05 0
9.30572e-05 0
9.71628e-05 0
0.00010145 0
0.000105925 0
0.000110599 0
0.000115478 0
0.000120573 0
0.000125893 0
0.000131447 0
0.000137246 0
0.000143301 0
0.000149624 0
0.000156225 0
0.000163117 0
0.000170314 0
0.000177828 0
0.000185674 0
0.000193865 0
0.000202418 0
0.000211349 0
0.000220673 0
0.000230409 0
0.000240575 0
0.000251189 0
0.000262271 0
0.000273842 0
0.000285924 0
0.000298538 0
0.000311709 0
0.000325462 0
0.000339821 0
0.000354813 0
0.000370467 0
0.000386812 0
0.000403878 0
0.000421697 0
0.000440301 0
0.000459727 0
0.00048001 0
0.000501187 0
0.000523299 0
0.000546387 0
0.000570493 0
0.000595662 0
0.000621942 0
0.000649382 0
0.000678032 0
0.000707946 0
0.00073918 0
0.000771792 0
0.000805842 0
0.000841395 0
0.000878517 0
0.000917276 0
0.000957745 0
0.001 0
0.00104412 0
0.00109018 0
0.00113828 0
0.0011885 0
0.00124094 0
0.00129569 0
0.00135285 0
0.00141254 0
0.00147486 0
0.00153993 0
0.00160787 0
0.0016788 0
0.00175287 0
0.00183021 0
0.00191095 0
0.00199526 0
0.00208329 0
0.0021752 0
0.00227117 0
0.00237137 0
0.002476 0
0.00258523 0
0.00269929 0
0.00281838 0
0.00294273 0
0.00307256 0
0.00320812 0
0.00334965 0
0.00349744 0
0.00365174 0
0.00381285 0
0.00398107 0
0.00415671 0
0.0043401 0
0.00453158 0
0.00473151 0
0.00494026 63.6266
0.00515822 0
0.0053858 0
0.00562341 0
0.00587151 119.853
0.00613056 0
0.00640103 0
0.00668344 0
0.00697831 0
0.00728618 0
0.00760764 0
0.00794328 0
0.00829373 0
0.00865964 116.065
0.0090417 27.2941
0.00944061 0
0.00985712 0
0.010292 0
0.0107461 77.422
0.0112202 0
0.0117152 145.725
0.0122321 27.1508
0.0127717 0
0.0133352 113.124
0.0139236 162.361
0.0145378 46.4347
0.0151792 111.826
0.0158489 5.68625
0.0165482 117.537
0.0172783 0
0.0180406 0
0.0188365 59.1637
0.0196675 0
0.0205353 0
0.0214412 170.326
0.0223872 192.375
0.0233749 0
0.0244062 119.717
0.025483 118.391
0.0266073 151.777
0.0277811 70.7512
0.0290068 337.526
0.0302866 369.571
0.0316228 0
0.0330179 374.968
0.0344747 602.837
0.0359956 386.816
0.0375837 541.154
0.0392419 515.159
0.0409732 308.602
0.0427809 140.476
0.0446684 556.681
0.0466391 266.981
0.0486968 417.945
0.0508452 658.73
0.0530884 468.493
0.0554307 928.321
0.0578762 479.125
0.0604296 322.258
0.0630957 723.44
0.0658795 784.836
0.068786 307.827
0.0718208 476.388
0.0749894 564.233
0.0782979 939.741
0.0817523 1206.5
0.0853591 1058.4
0.0891251 1432.79
0.0930572 705.309
0.0971628 858.363
0.10145 1476.37
0.105925 598.152
0.110599 1743.98
0.115478 1393.17
0.120573 1967.66
0.125893 1347.2
0.131447 1620.43
0.137246 1719.78
0.143301 556.087
0.149624 1367.41
0.156225 1140.26
0.163117 2504.39
0.170314 1887.18
0.177828 1946.94
0.185674 1776.99
0.193865 1831.36
0.202418 1828.7
0.211349 2153.98
0.220673 2717.36
0.230409 2331.84
0.240575 2734.94
0.251189 2048.18
0.262271 1989.19
0.273842 2726.31
0.285924 1678.15
0.298538 2417.46
0.311709 1716.79
0.325462 3295.71
0.339821 2070.68
0.354813 1897.02
0.370467 2692.19
0.386812 2050.95
0.403878 2908.13
0.421697 2695.43
0.440301 3357.01
0.459727 2457.54
0.48001 2399.69
0.501187 3148.02
0.523299 1483.04
0.546387 2455.23
0.570493 1725.57
0.595662 2410.34
0.621942 2626.81
0.649382 2448.76
0.678032 2759.22
0.707946 1832.26
0.73918 3645.58
0.771792 2542.05
0.805842 2336.5
0.841395 3322.09
0.878517 1870.4
0.917276 1716.07
0.957745 1544.07
1 2170.7
1.04412 1856.05
1.09018 1844.19
1.13828 1739.08
1.1885 1714.83
1.24094 1590.48
1.29569 1385.2
1.35285 1401.16
1.41254 1561.01
1.47486 1072.98
1.53993 1273.25
1.60787 1339.07
1.6788 849.378
1.75287 1234.7
1.83021 1122.96
1.91095 1149.61
1.99526 1148.29
2.08329 946.162
2.1752 1153.08
2.27117 1062.1
2.37137 948.742
2.476 1133.07
2.58523 665.335
2.69929 456.543
2.81838 1000.58
2.94273 888.659
3.07256 932.206
3.20812 608.388
3.34965 757.244
3.49744 400.544
3.65174 1219.26
3.81285 542.926
3.98107 482.959
4.15671 888.615
4.3401 555.89
4.53158 592.853
4.73151 807.652
4.94026 397.349
5.15822 499.873
5.3858 443.817
5.62341 563.925
5.87151 798.183
6.13056 465.028
6.40103 87.2924
6.68344 760.411
6.97831 665.612
7.28618 600.43
7.60764 218
7.94328 525.359
8.29373 279.216
8.65964 424.724
9.0417 237.299
9.44061 343.677
9.85712 547.759
10.292 493.222
10.7461 264.553
11.2202 465.366
11.7152 574.919
12.2321 0
12.7717 165.816
13.3352 781.248
13.9236 302.52
14.5378 733.199
15.1792 550.871
15.8489 560.023
16.5482 827.367
17.2783 458.625
18.0406 214.834
18.8365 543.691
19.6675 463.791
20.5353 450.464
21.4412 237.976
22.3872 418.049
23.3749 769.208
24.4062 180.314
25.483 267.366
26.6073 621.911
27.7811 336.841
29.0068 91.4528
30.2866 429.325
31.6228 355.688
33.0179 305.357
34.4747 489.657
35.9956 415.7
37.5837 308.388
39.2419 520.517
40.9732 618.821
42.7809 667.696
44.6684 457.732
46.6391 682.835
48.6968 403.38
50.8452 0
53.0884 726.986
55.4307 748.289
57.8762 736.119
60.4296 625.004
63.0957 334.881
65.8795 793.37
68.786 903.2
71.8208 778.622
74.9894 633.094
78.2979 366.455
81.7523 691.296
85.3591 946.447
89.1251 397.994
93.0572 1283.68
97.1628 852.883
101.45 912.461
105.925 844.354
110.599 847.499
115.478 603.23
120.573 527.138
125.893 534.681
131.447 747.219
137.246 601.412
143.301 910.02
149.624 566.403
156.225 1355.27
163.117 866.138
170.314 1180.39
177.828 621.218
185.674 959.876
193.865 264.98
202.418 814.696
211.349 1199.6
220.673 601.999
230.409 480.211
240.575 1111.01
251.189 890.163
262.271 902.8
273.842 297.845
285.924 491.053
298.538 636.166
311.709 326.428
325.462 334.801
339.821 288.809
354.813 273.098
370.467 309.336
386.812 72.8651
403.878 26.1346
421.697 173.248
440.301 0
459.727 305.613
480.01 154.282
501.187 96.6375
523.299 88.1454
546.387 0
570.493 0
595.662 88.2364
621.942 0
649.382 0
678.032 0
707.946 0
739.18 0
771.792 0
805.842 0
841.395 0
878.517 0
917.276 0
957.745 0
1000 0
