# First line is two numbers 
#     First value is '2', it means 'histogram mode'
#     Second value is 'Emin' of the histogram
# Other lines : 2 columns. 1) energy 2) probability (nb divided by NbEvent)
# Number of bins = 480
# Content below the first bin: 0
# Content above the last  bin: 0
# Content above the last  bin: 0
# Number of events: 209000
2 1e-06
1.04412e-06 0
1.09018e-06 0
1.13828e-06 0
1.1885e-06 0
1.24094e-06 0
1.29569e-06 0
1.35285e-06 0
1.41254e-06 0
1.47486e-06 0
1.53993e-06 0
1.60787e-06 0
1.6788e-06 0
1.75287e-06 0
1.83021e-06 0
1.91095e-06 0
1.99526e-06 0
2.08329e-06 0
2.1752e-06 0
2.27117e-06 0
2.37137e-06 0
2.476e-06 0
2.58523e-06 0
2.69929e-06 0
2.81838e-06 0
2.94273e-06 0
3.07256e-06 0
3.20812e-06 0
3.34965e-06 0
3.49744e-06 0
3.65174e-06 0
3.81285e-06 0
3.98107e-06 0
4.15671e-06 0
4.3401e-06 0
4.53158e-06 0
4.73151e-06 0
4.94026e-06 0
5.15822e-06 0
5.3858e-06 0
5.62341e-06 0
5.87151e-06 0
6.13056e-06 0
6.40103e-06 0
6.68344e-06 0
6.97831e-06 0
7.28618e-06 0
7.60764e-06 0
7.94328e-06 0
8.29373e-06 0
8.65964e-06 0
9.0417e-06 0
9.44061e-06 0
9.85712e-06 0
1.0292e-05 0
1.07461e-05 0
1.12202e-05 0
1.17152e-05 0
1.22321e-05 0
1.27717e-05 0
1.33352e-05 0
1.39236e-05 0
1.45378e-05 0
1.51792e-05 0
1.58489e-05 0
1.65482e-05 0
1.72783e-05 0
1.80406e-05 0
1.88365e-05 0
1.96675e-05 0
2.05353e-05 0
2.14412e-05 0
2.23872e-05 0
2.33749e-05 0
2.44062e-05 0
2.5483e-05 0
2.66073e-05 0
2.77811e-05 0
2.90068e-05 0
3.02866e-05 0
3.16228e-05 0
3.30179e-05 0
3.44747e-05 0
3.59956e-05 0
3.75837e-05 0
3.92419e-05 0
4.09732e-05 0
4.27809e-05 0
4.46684e-05 0
4.66391e-05 0
4.86968e-05 0
5.08452e-05 0
5.30884e-05 0
5.54307e-05 0
5.78762e-05 0
6.04296e-05 0
6.30957e-05 0
6.58795e-05 0
6.8786e-05 0
7.18208e-05 0
7.49894e-05 0
7.82979e-05 0
8.17523e-05 0
8.53591e-05 0
8.91251e-05 0
9.30572e-05 0
9.71628e-05 0
0.00010145 0
0.000105925 0
0.000110599 0
0.000115478 0
0.000120573 0
0.000125893 0
0.000131447 0
0.000137246 0
0.000143301 0
0.000149624 0
0.000156225 0
0.000163117 0
0.000170314 0
0.000177828 0
0.000185674 0
0.000193865 0
0.000202418 0
0.000211349 0
0.000220673 0
0.000230409 0
0.000240575 0
0.000251189 0
0.000262271 0
0.000273842 0
0.000285924 0
0.000298538 0
0.000311709 0
0.000325462 0
0.000339821 0
0.000354813 0
0.000370467 0
0.000386812 0
0.000403878 0
0.000421697 0
0.000440301 0
0.000459727 0
0.00048001 0
0.000501187 0
0.000523299 0
0.000546387 0
0.000570493 0
0.000595662 0
0.000621942 0
0.000649382 0
0.000678032 0
0.000707946 0
0.00073918 0
0.000771792 0
0.000805842 0
0.000841395 0
0.000878517 0
0.000917276 0
0.000957745 0
0.001 0
0.00104412 0
0.00109018 0
0.00113828 0
0.0011885 0
0.00124094 0
0.00129569 0
0.00135285 0
0.00141254 0
0.00147486 0
0.00153993 0
0.00160787 0
0.0016788 0
0.00175287 0
0.00183021 0
0.00191095 0
0.00199526 0
0.00208329 0
0.0021752 0
0.00227117 0
0.00237137 0
0.002476 0
0.00258523 0
0.00269929 0
0.00281838 0
0.00294273 66.6666
0.00307256 55.1471
0.00320812 0
0.00334965 0
0.00349744 0
0.00365174 0
0.00381285 15.9535
0.00398107 50.2455
0.00415671 0
0.0043401 0
0.00453158 0
0.00473151 0
0.00494026 0
0.00515822 0
0.0053858 0
0.00562341 0
0.00587151 0
0.00613056 116.285
0.00640103 128.551
0.00668344 82.5762
0.00697831 0
0.00728618 0
0.00760764 0
0.00794328 0
0.00829373 0
0.00865964 0
0.0090417 0
0.00944061 0
0.00985712 0
0.010292 109.17
0.0107461 0
0.0112202 92.5666
0.0117152 62.9543
0.0122321 67.6318
0.0127717 81.2362
0.0133352 73.9686
0.0139236 0
0.0145378 78.0796
0.0151792 0
0.0158489 0
0.0165482 30.7497
0.0172783 63.8663
0.0180406 282.817
0.0188365 231.475
0.0196675 63.6678
0.0205353 355.796
0.0214412 0
0.0223872 87.6652
0.0233749 302.566
0.0244062 38.2508
0.025483 266.158
0.0266073 379.071
0.0277811 151.326
0.0290068 113.509
0.0302866 268.315
0.0316228 98.7133
0.0330179 71.6793
0.0344747 105.395
0.0359956 230.354
0.0375837 376.58
0.0392419 347.876
0.0409732 0
0.0427809 334.67
0.0446684 586.484
0.0466391 252.521
0.0486968 619.661
0.0508452 332.065
0.0530884 417.559
0.0554307 620.363
0.0578762 725.435
0.0604296 564.622
0.0630957 835.957
0.0658795 698.206
0.068786 546.585
0.0718208 1015.08
0.0749894 983.81
0.0782979 830.727
0.0817523 1077.48
0.0853591 758.34
0.0891251 877.585
0.0930572 915.425
0.0971628 892.117
0.10145 997.076
0.105925 617.342
0.110599 691.32
0.115478 1417.91
0.120573 858.048
0.125893 1953.77
0.131447 2135.53
0.137246 1822.02
0.143301 1571.59
0.149624 1521.54
0.156225 2357.24
0.163117 1870.73
0.170314 1378.56
0.177828 2220.74
0.185674 2697
0.193865 1748.03
0.202418 1476.67
0.211349 1791.43
0.220673 2649.83
0.230409 2285.18
0.240575 1542.28
0.251189 2339.27
0.262271 2785.39
0.273842 1668.21
0.285924 2852.28
0.298538 2026.94
0.311709 2645.11
0.325462 2089.63
0.339821 2376.62
0.354813 1483.83
0.370467 2193.68
0.386812 2053.54
0.403878 2849.16
0.421697 2407.52
0.440301 2388.02
0.459727 2266.41
0.48001 2726.93
0.501187 2750.66
0.523299 2558.37
0.546387 2733.3
0.570493 2281.58
0.595662 3318.04
0.621942 2579.26
0.649382 2564.02
0.678032 3028.9
0.707946 1571.34
0.73918 2341.88
0.771792 2295.34
0.805842 2207.26
0.841395 2183.3
0.878517 2541.5
0.917276 1797.91
0.957745 1851.7
1 1948.66
1.04412 2792.66
1.09018 1993.14
1.13828 1828.66
1.1885 1863.96
1.24094 1762.54
1.29569 834.596
1.35285 893.202
1.41254 1808.36
1.47486 794.724
1.53993 1468.53
1.60787 1324.17
1.6788 1177.6
1.75287 1535.76
1.83021 876.378
1.91095 1075.62
1.99526 1271.42
2.08329 770.088
2.1752 687.871
2.27117 1206.31
2.37137 621.799
2.476 1029.02
2.58523 1055.97
2.69929 595.386
2.81838 703.153
2.94273 1307.37
3.07256 934.362
3.20812 1065.35
3.34965 928.632
3.49744 1064.64
3.65174 1069.66
3.81285 773.576
3.98107 794.346
4.15671 1026.9
4.3401 449.425
4.53158 425.92
4.73151 634.876
4.94026 662.356
5.15822 219.754
5.3858 408.905
5.62341 394.319
5.87151 334.676
6.13056 732.189
6.40103 637.852
6.68344 505.409
6.97831 541.098
7.28618 326.802
7.60764 547.746
7.94328 621.335
8.29373 1057.98
8.65964 176.326
9.0417 464.007
9.44061 798.552
9.85712 517.12
10.292 402.436
10.7461 263.38
11.2202 603.635
11.7152 438.869
12.2321 434.258
12.7717 772.127
13.3352 372.422
13.9236 508.595
14.5378 142.95
15.1792 236.57
15.8489 464.478
16.5482 306.988
17.2783 300.331
18.0406 194.339
18.8365 556.903
19.6675 383.092
20.5353 527.411
21.4412 575.336
22.3872 233.852
23.3749 613.134
24.4062 416.009
25.483 700.916
26.6073 69.7508
27.7811 245.734
29.0068 548.749
30.2866 143.968
31.6228 831.067
33.0179 709.465
34.4747 604.333
35.9956 287.015
37.5837 1109.27
39.2419 677.245
40.9732 513.287
42.7809 821.168
44.6684 621.394
46.6391 571.49
48.6968 893.512
50.8452 401.653
53.0884 840.379
55.4307 718.094
57.8762 808.162
60.4296 479.967
63.0957 571.942
65.8795 553.102
68.786 400.859
71.8208 508.934
74.9894 394.084
78.2979 1235.74
81.7523 455.061
85.3591 474.981
89.1251 420.514
93.0572 829.494
97.1628 1021.97
101.45 585.334
105.925 700.194
110.599 859.006
115.478 396.927
120.573 616.057
125.893 934.128
131.447 517.301
137.246 705.076
143.301 780.288
149.624 246.532
156.225 750.637
163.117 1022.95
170.314 533.401
177.828 790.255
185.674 504.046
193.865 230.318
202.418 950.411
211.349 722.185
220.673 923.402
230.409 524.962
240.575 885.447
251.189 510.609
262.271 869.806
273.842 390.652
285.924 479.387
298.538 445.411
311.709 386.591
325.462 83.6518
339.821 255.252
354.813 118.663
370.467 15.6345
386.812 282.053
403.878 212.736
421.697 518.274
440.301 100.896
459.727 0
480.01 118.724
501.187 0
523.299 0
546.387 0
570.493 118.887
595.662 0
621.942 0
649.382 0
678.032 0
707.946 0
739.18 0
771.792 0
805.842 0
841.395 0
878.517 0
917.276 0
957.745 0
1000 0
