# First line is two numbers 
#     First value is '2', it means 'histogram mode'
#     Second value is 'Emin' of the histogram
# Other lines : 2 columns. 1) energy 2) probability (nb divided by NbEvent)
# Number of bins = 480
# Content below the first bin: 0
# Content above the last  bin: 0
# Content above the last  bin: 0
# Number of events: 209000
2 1e-06
1.04412e-06 0
1.09018e-06 0
1.13828e-06 0
1.1885e-06 0
1.24094e-06 0
1.29569e-06 0
1.35285e-06 0
1.41254e-06 0
1.47486e-06 0
1.53993e-06 0
1.60787e-06 0
1.6788e-06 0
1.75287e-06 0
1.83021e-06 0
1.91095e-06 0
1.99526e-06 0
2.08329e-06 0
2.1752e-06 0
2.27117e-06 0
2.37137e-06 0
2.476e-06 0
2.58523e-06 0
2.69929e-06 0
2.81838e-06 0
2.94273e-06 0
3.07256e-06 0
3.20812e-06 0
3.34965e-06 0
3.49744e-06 0
3.65174e-06 0
3.81285e-06 0
3.98107e-06 0
4.15671e-06 0
4.3401e-06 0
4.53158e-06 0
4.73151e-06 0
4.94026e-06 0
5.15822e-06 0
5.3858e-06 0
5.62341e-06 0
5.87151e-06 0
6.13056e-06 0
6.40103e-06 0
6.68344e-06 0
6.97831e-06 0
7.28618e-06 0
7.60764e-06 0
7.94328e-06 0
8.29373e-06 0
8.65964e-06 0
9.0417e-06 0
9.44061e-06 0
9.85712e-06 0
1.0292e-05 0
1.07461e-05 0
1.12202e-05 0
1.17152e-05 0
1.22321e-05 0
1.27717e-05 0
1.33352e-05 0
1.39236e-05 0
1.45378e-05 0
1.51792e-05 0
1.58489e-05 0
1.65482e-05 0
1.72783e-05 0
1.80406e-05 0
1.88365e-05 0
1.96675e-05 0
2.05353e-05 0
2.14412e-05 0
2.23872e-05 0
2.33749e-05 0
2.44062e-05 0
2.5483e-05 0
2.66073e-05 0
2.77811e-05 0
2.90068e-05 0
3.02866e-05 0
3.16228e-05 0
3.30179e-05 0
3.44747e-05 0
3.59956e-05 0
3.75837e-05 0
3.92419e-05 0
4.09732e-05 0
4.27809e-05 0
4.46684e-05 0
4.66391e-05 0
4.86968e-05 0
5.08452e-05 0
5.30884e-05 0
5.54307e-05 0
5.78762e-05 0
6.04296e-05 0
6.30957e-05 0
6.58795e-05 0
6.8786e-05 0
7.18208e-05 0
7.49894e-05 0
7.82979e-05 0
8.17523e-05 0
8.53591e-05 0
8.91251e-05 0
9.30572e-05 0
9.71628e-05 0
0.00010145 0
0.000105925 0
0.000110599 0
0.000115478 0
0.000120573 0
0.000125893 0
0.000131447 0
0.000137246 0
0.000143301 0
0.000149624 0
0.000156225 0
0.000163117 0
0.000170314 0
0.000177828 0
0.000185674 0
0.000193865 0
0.000202418 0
0.000211349 0
0.000220673 0
0.000230409 0
0.000240575 0
0.000251189 0
0.000262271 0
0.000273842 0
0.000285924 0
0.000298538 0
0.000311709 0
0.000325462 0
0.000339821 0
0.000354813 0
0.000370467 0
0.000386812 0
0.000403878 0
0.000421697 0
0.000440301 0
0.000459727 0
0.00048001 0
0.000501187 0
0.000523299 0
0.000546387 0
0.000570493 0
0.000595662 0
0.000621942 0
0.000649382 0
0.000678032 0
0.000707946 0
0.00073918 0
0.000771792 0
0.000805842 0
0.000841395 0
0.000878517 0
0.000917276 0
0.000957745 0
0.001 0
0.00104412 0
0.00109018 0
0.00113828 0
0.0011885 0
0.00124094 0
0.00129569 0
0.00135285 0
0.00141254 0
0.00147486 0
0.00153993 0
0.00160787 0
0.0016788 0
0.00175287 0
0.00183021 0
0.00191095 98.7069
0.00199526 0
0.00208329 0
0.0021752 0
0.00227117 0
0.00237137 56.6379
0.002476 0
0.00258523 0
0.00269929 0
0.00281838 0
0.00294273 0
0.00307256 0
0.00320812 0
0.00334965 0
0.00349744 0
0.00365174 0
0.00381285 0
0.00398107 0
0.00415671 0
0.0043401 89.4923
0.00453158 0
0.00473151 0
0.00494026 53.3354
0.00515822 0
0.0053858 0
0.00562341 0
0.00587151 0
0.00613056 0
0.00640103 21.8966
0.00668344 0
0.00697831 78.1837
0.00728618 20.2553
0.00760764 23.8482
0.00794328 0
0.00829373 0
0.00865964 0
0.0090417 0
0.00944061 0
0.00985712 0
0.010292 0
0.0107461 101.635
0.0112202 113.469
0.0117152 48.5905
0.0122321 60.3844
0.0127717 199.098
0.0133352 0
0.0139236 115.14
0.0145378 268.695
0.0151792 124.036
0.0158489 99.7085
0.0165482 181.823
0.0172783 85.0801
0.0180406 0
0.0188365 224.317
0.0196675 0
0.0205353 0
0.0214412 90.6181
0.0223872 35.2437
0.0233749 123.976
0.0244062 280.025
0.025483 36.8358
0.0266073 278.92
0.0277811 112.257
0.0290068 93.419
0.0302866 117.78
0.0316228 109.135
0.0330179 314.667
0.0344747 127.079
0.0359956 291.421
0.0375837 238.72
0.0392419 696.913
0.0409732 543.121
0.0427809 720.358
0.0446684 315.227
0.0466391 514.427
0.0486968 559.444
0.0508452 0
0.0530884 572.393
0.0554307 297.792
0.0578762 858.164
0.0604296 628.612
0.0630957 836.459
0.0658795 834.268
0.068786 515.746
0.0718208 405.644
0.0749894 670.684
0.0782979 341.937
0.0817523 877.597
0.0853591 1424.33
0.0891251 1497.06
0.0930572 860.071
0.0971628 1281.07
0.10145 1303.48
0.105925 1008.1
0.110599 1385.08
0.115478 1157.92
0.120573 1721.16
0.125893 839.14
0.131447 1144.07
0.137246 2146.05
0.143301 1787.58
0.149624 1169.79
0.156225 1728.57
0.163117 1422.28
0.170314 2227.82
0.177828 1926.37
0.185674 2341.78
0.193865 2287.43
0.202418 2025.69
0.211349 2089.27
0.220673 3030.42
0.230409 1908.13
0.240575 3281.9
0.251189 1690.7
0.262271 2324.2
0.273842 3322.39
0.285924 2152.3
0.298538 1699.43
0.311709 2400.89
0.325462 1588.48
0.339821 1776.43
0.354813 2478.74
0.370467 2766.4
0.386812 2141.06
0.403878 2914.53
0.421697 3866.74
0.440301 2558.53
0.459727 1953.44
0.48001 2329.68
0.501187 2972.46
0.523299 2745.07
0.546387 2959.42
0.570493 1795.01
0.595662 2192.07
0.621942 2960.43
0.649382 3251.85
0.678032 2143.31
0.707946 1141.75
0.73918 2082.17
0.771792 1638.3
0.805842 3171.28
0.841395 1646.77
0.878517 1948.36
0.917276 2334.47
0.957745 2762.16
1 1928.99
1.04412 1715.57
1.09018 2104.06
1.13828 2538.94
1.1885 1444.61
1.24094 1520.1
1.29569 955.585
1.35285 1336.84
1.41254 1132.55
1.47486 1152.69
1.53993 743.747
1.60787 1071.22
1.6788 1088.46
1.75287 1220.55
1.83021 527.06
1.91095 1430.17
1.99526 1393.79
2.08329 1022.14
2.1752 767.427
2.27117 1215.63
2.37137 1009.76
2.476 629.946
2.58523 822.166
2.69929 721.583
2.81838 314.484
2.94273 960.935
3.07256 698.725
3.20812 498.986
3.34965 543.101
3.49744 565.785
3.65174 551.908
3.81285 664.63
3.98107 1026.67
4.15671 588.043
4.3401 986.732
4.53158 1125.98
4.73151 387.263
4.94026 448.131
5.15822 330.241
5.3858 416.475
5.62341 228.267
5.87151 854.136
6.13056 747.272
6.40103 339.527
6.68344 538.262
6.97831 960.398
7.28618 474.266
7.60764 364.946
7.94328 535.544
8.29373 457.414
8.65964 226.227
9.0417 479.537
9.44061 488.845
9.85712 837.627
10.292 369.528
10.7461 485.018
11.2202 211.507
11.7152 889.078
12.2321 183.425
12.7717 322.975
13.3352 390.429
13.9236 778.228
14.5378 205.624
15.1792 629.582
15.8489 667.989
16.5482 423.986
17.2783 378.046
18.0406 296.482
18.8365 675.72
19.6675 848.879
20.5353 538.668
21.4412 642.554
22.3872 352.529
23.3749 496.257
24.4062 515.022
25.483 512.709
26.6073 281.466
27.7811 466.206
29.0068 442.709
30.2866 284.238
31.6228 467.578
33.0179 251.675
34.4747 261.391
35.9956 499.826
37.5837 757.834
39.2419 359.854
40.9732 561.377
42.7809 752.444
44.6684 391.753
46.6391 270.648
48.6968 783.594
50.8452 175.169
53.0884 578.289
55.4307 328.546
57.8762 546.255
60.4296 1034.62
63.0957 1445.68
65.8795 678.2
68.786 404.958
71.8208 813.052
74.9894 838.598
78.2979 801.766
81.7523 317.057
85.3591 602.933
89.1251 444.144
93.0572 1225.77
97.1628 517.266
101.45 913.026
105.925 736.408
110.599 510.746
115.478 898.105
120.573 450.754
125.893 723.26
131.447 924.031
137.246 1063.48
143.301 710.961
149.624 665.87
156.225 780.188
163.117 524.341
170.314 686.888
177.828 809.575
185.674 726.292
193.865 640.095
202.418 587.584
211.349 1071.46
220.673 652.267
230.409 863.257
240.575 989.618
251.189 515.319
262.271 317.77
273.842 287.961
285.924 767.992
298.538 234.676
311.709 543.763
325.462 333.389
339.821 427.018
354.813 153.004
370.467 158.399
386.812 205.573
403.878 75.8508
421.697 105.623
440.301 115.372
459.727 241.433
480.01 309.417
501.187 94.2179
523.299 0
546.387 112.085
570.493 118.095
595.662 0
621.942 0
649.382 90.2889
678.032 0
707.946 0
739.18 63.2559
771.792 0
805.842 0
841.395 0
878.517 0
917.276 0
957.745 0
1000 0
