# First line is two numbers 
#     First value is '2', it means 'histogram mode'
#     Second value is 'Emin' of the histogram
# Other lines : 2 columns. 1) energy 2) probability (nb divided by NbEvent)
# Number of bins = 480
# Content below the first bin: 607.93
# Content above the last  bin: 0
# Content above the last  bin: 0
# Number of events: 209000
2 1e-06
1.04412e-06 0
1.09018e-06 0
1.13828e-06 0
1.1885e-06 0
1.24094e-06 0
1.29569e-06 0
1.35285e-06 0
1.41254e-06 0
1.47486e-06 0
1.53993e-06 0
1.60787e-06 0
1.6788e-06 0
1.75287e-06 0
1.83021e-06 0
1.91095e-06 0
1.99526e-06 0
2.08329e-06 0
2.1752e-06 0
2.27117e-06 0
2.37137e-06 0
2.476e-06 0
2.58523e-06 0
2.69929e-06 0
2.81838e-06 0
2.94273e-06 0
3.07256e-06 0
3.20812e-06 0
3.34965e-06 0
3.49744e-06 0
3.65174e-06 0
3.81285e-06 0
3.98107e-06 0
4.15671e-06 0
4.3401e-06 0
4.53158e-06 0
4.73151e-06 0
4.94026e-06 0
5.15822e-06 0
5.3858e-06 0
5.62341e-06 0
5.87151e-06 0
6.13056e-06 0
6.40103e-06 0
6.68344e-06 0
6.97831e-06 0
7.28618e-06 0
7.60764e-06 0
7.94328e-06 0
8.29373e-06 0
8.65964e-06 0
9.0417e-06 0
9.44061e-06 0
9.85712e-06 0
1.0292e-05 0
1.07461e-05 0
1.12202e-05 0
1.17152e-05 0
1.22321e-05 0
1.27717e-05 0
1.33352e-05 0
1.39236e-05 0
1.45378e-05 0
1.51792e-05 0
1.58489e-05 0
1.65482e-05 0
1.72783e-05 0
1.80406e-05 0
1.88365e-05 0
1.96675e-05 0
2.05353e-05 0
2.14412e-05 0
2.23872e-05 0
2.33749e-05 0
2.44062e-05 0
2.5483e-05 0
2.66073e-05 0
2.77811e-05 0
2.90068e-05 0
3.02866e-05 0
3.16228e-05 0
3.30179e-05 0
3.44747e-05 0
3.59956e-05 0
3.75837e-05 0
3.92419e-05 0
4.09732e-05 0
4.27809e-05 0
4.46684e-05 0
4.66391e-05 0
4.86968e-05 0
5.08452e-05 0
5.30884e-05 0
5.54307e-05 0
5.78762e-05 0
6.04296e-05 0
6.30957e-05 0
6.58795e-05 0
6.8786e-05 0
7.18208e-05 0
7.49894e-05 64.1716
7.82979e-05 0
8.17523e-05 0
8.53591e-05 0
8.91251e-05 0
9.30572e-05 0
9.71628e-05 77.4525
0.00010145 0
0.000105925 0
0.000110599 0
0.000115478 0
0.000120573 0
0.000125893 0
0.000131447 0
0.000137246 0
0.000143301 0
0.000149624 0
0.000156225 0
0.000163117 0
0.000170314 0
0.000177828 0
0.000185674 0
0.000193865 0
0.000202418 0
0.000211349 0
0.000220673 0
0.000230409 0
0.000240575 0
0.000251189 0
0.000262271 0
0.000273842 54.9723
0.000285924 0
0.000298538 0
0.000311709 0
0.000325462 0
0.000339821 0
0.000354813 0
0.000370467 0
0.000386812 0
0.000403878 0
0.000421697 0
0.000440301 0
0.000459727 0
0.00048001 0
0.000501187 0
0.000523299 0
0.000546387 0
0.000570493 0
0.000595662 0
0.000621942 0
0.000649382 0
0.000678032 0
0.000707946 0
0.00073918 0
0.000771792 0
0.000805842 0
0.000841395 0
0.000878517 0
0.000917276 0
0.000957745 0
0.001 0
0.00104412 0
0.00109018 0
0.00113828 0
0.0011885 0
0.00124094 0
0.00129569 0
0.00135285 0
0.00141254 0
0.00147486 0
0.00153993 0
0.00160787 0
0.0016788 0
0.00175287 0
0.00183021 0
0.00191095 0
0.00199526 0
0.00208329 0
0.0021752 0
0.00227117 0
0.00237137 0
0.002476 0
0.00258523 0
0.00269929 0
0.00281838 0
0.00294273 0
0.00307256 0
0.00320812 0
0.00334965 0
0.00349744 0
0.00365174 0
0.00381285 0
0.00398107 0
0.00415671 0
0.0043401 0
0.00453158 0
0.00473151 0
0.00494026 0
0.00515822 0
0.0053858 0
0.00562341 0
0.00587151 0
0.00613056 0
0.00640103 0
0.00668344 0
0.00697831 0
0.00728618 0
0.00760764 0
0.00794328 0
0.00829373 0
0.00865964 0
0.0090417 0
0.00944061 0
0.00985712 0
0.010292 0
0.0107461 0
0.0112202 0
0.0117152 0
0.0122321 0
0.0127717 0
0.0133352 0
0.0139236 0
0.0145378 0
0.0151792 0
0.0158489 0
0.0165482 0
0.0172783 0
0.0180406 0
0.0188365 0
0.0196675 0
0.0205353 0
0.0214412 0
0.0223872 0
0.0233749 0
0.0244062 111.962
0.025483 31.9626
0.0266073 0
0.0277811 0
0.0290068 0
0.0302866 0
0.0316228 0
0.0330179 0
0.0344747 0
0.0359956 0
0.0375837 0
0.0392419 0
0.0409732 0
0.0427809 0
0.0446684 0
0.0466391 0
0.0486968 0
0.0508452 0
0.0530884 0
0.0554307 119.476
0.0578762 0
0.0604296 55.5118
0.0630957 0
0.0658795 0
0.068786 163.189
0.0718208 0
0.0749894 0
0.0782979 0
0.0817523 0
0.0853591 0
0.0891251 0
0.0930572 112.749
0.0971628 0
0.10145 0
0.105925 0
0.110599 0
0.115478 0
0.120573 0
0.125893 0
0.131447 36.9615
0.137246 152.592
0.143301 0
0.149624 0
0.156225 104.385
0.163117 113.392
0.170314 194.441
0.177828 0
0.185674 0
0.193865 92.9904
0.202418 0
0.211349 0
0.220673 224.462
0.230409 0
0.240575 67.517
0.251189 0
0.262271 0
0.273842 448.496
0.285924 0
0.298538 0
0.311709 330.404
0.325462 118.638
0.339821 0
0.354813 497.347
0.370467 252.689
0.386812 613.277
0.403878 259.81
0.421697 0
0.440301 479.701
0.459727 175.754
0.48001 118.779
0.501187 425.892
0.523299 234.921
0.546387 0
0.570493 226.727
0.595662 18.0453
0.621942 765.805
0.649382 190.339
0.678032 335.317
0.707946 464.843
0.73918 162.973
0.771792 109.547
0.805842 162.895
0.841395 302.071
0.878517 327.466
0.917276 310.231
0.957745 105.132
1 285.6
1.04412 366.567
1.09018 161.297
1.13828 287.61
1.1885 448.468
1.24094 399.911
1.29569 136.663
1.35285 367.035
1.41254 181.482
1.47486 427.932
1.53993 578.384
1.60787 106.585
1.6788 183.145
1.75287 465.183
1.83021 762.804
1.91095 432.975
1.99526 430.26
2.08329 0
2.1752 152.734
2.27117 375.996
2.37137 111.38
2.476 160.036
2.58523 159.779
2.69929 251.508
2.81838 661.668
2.94273 252.103
3.07256 76.8587
3.20812 394.698
3.34965 199.257
3.49744 308.8
3.65174 288.955
3.81285 450.006
3.98107 112.569
4.15671 179.529
4.3401 395.358
4.53158 141.637
4.73151 250.087
4.94026 193.936
5.15822 0
5.3858 498.238
5.62341 21.0557
5.87151 109.41
6.13056 197.702
6.40103 33.3464
6.68344 396.54
6.97831 213.389
7.28618 113.932
7.60764 153.994
7.94328 174.663
8.29373 386.546
8.65964 191.228
9.0417 272.024
9.44061 70.3287
9.85712 40.3369
10.292 228.403
10.7461 144.385
11.2202 107.804
11.7152 93.8416
12.2321 106.627
12.7717 243.646
13.3352 100.954
13.9236 0
14.5378 552.134
15.1792 156.833
15.8489 317.949
16.5482 116.027
17.2783 270.075
18.0406 98.8702
18.8365 99.5714
19.6675 433.488
20.5353 75.2864
21.4412 109.145
22.3872 390.633
23.3749 150.843
24.4062 336.205
25.483 102.683
26.6073 170.26
27.7811 17.9368
29.0068 0
30.2866 136.886
31.6228 681.222
33.0179 244.46
34.4747 306.778
35.9956 112.211
37.5837 93.9377
39.2419 410.551
40.9732 290.305
42.7809 204.45
44.6684 659.689
46.6391 140.773
48.6968 232.645
50.8452 736.949
53.0884 377.468
55.4307 599.86
57.8762 0
60.4296 303.945
63.0957 84.3535
65.8795 304.149
68.786 307.098
71.8208 424.231
74.9894 209.419
78.2979 537.325
81.7523 167.116
85.3591 312.185
89.1251 95.5273
93.0572 154.968
97.1628 969.342
101.45 521.962
105.925 436.055
110.599 225.073
115.478 386.22
120.573 334.224
125.893 286.425
131.447 105.959
137.246 451.324
143.301 273.311
149.624 352.336
156.225 112.984
163.117 258.182
170.314 174.935
177.828 163.724
185.674 191.01
193.865 190.108
202.418 202.087
211.349 175.356
220.673 171.941
230.409 62.2306
240.575 162.195
251.189 81.4428
262.271 0
273.842 19.4466
285.924 0
298.538 76.8092
311.709 57.3906
325.462 0
339.821 0
354.813 0
370.467 0
386.812 0
403.878 64.3748
421.697 48.4401
440.301 0
459.727 0
480.01 0
501.187 0
523.299 0
546.387 0
570.493 0
595.662 0
621.942 0
649.382 0
678.032 0
707.946 0
739.18 0
771.792 0
805.842 0
841.395 0
878.517 0
917.276 0
957.745 0
1000 0
