# First line is two numbers 
#     First value is '2', it means 'histogram mode'
#     Second value is 'Emin' of the histogram
# Other lines : 2 columns. 1) energy 2) probability (nb divided by NbEvent)
# Number of bins = 480
# Content below the first bin: 0
# Content above the last  bin: 0
# Content above the last  bin: 0
# Number of events: 209000
2 1e-06
1.04412e-06 0
1.09018e-06 0
1.13828e-06 0
1.1885e-06 0
1.24094e-06 0
1.29569e-06 0
1.35285e-06 0
1.41254e-06 0
1.47486e-06 0
1.53993e-06 0
1.60787e-06 0
1.6788e-06 0
1.75287e-06 0
1.83021e-06 0
1.91095e-06 0
1.99526e-06 0
2.08329e-06 0
2.1752e-06 0
2.27117e-06 0
2.37137e-06 0
2.476e-06 0
2.58523e-06 0
2.69929e-06 0
2.81838e-06 0
2.94273e-06 0
3.07256e-06 0
3.20812e-06 0
3.34965e-06 0
3.49744e-06 0
3.65174e-06 0
3.81285e-06 0
3.98107e-06 0
4.15671e-06 0
4.3401e-06 0
4.53158e-06 0
4.73151e-06 0
4.94026e-06 0
5.15822e-06 0
5.3858e-06 0
5.62341e-06 0
5.87151e-06 0
6.13056e-06 0
6.40103e-06 0
6.68344e-06 0
6.97831e-06 0
7.28618e-06 0
7.60764e-06 0
7.94328e-06 0
8.29373e-06 0
8.65964e-06 0
9.0417e-06 0
9.44061e-06 0
9.85712e-06 0
1.0292e-05 0
1.07461e-05 0
1.12202e-05 0
1.17152e-05 0
1.22321e-05 0
1.27717e-05 0
1.33352e-05 0
1.39236e-05 0
1.45378e-05 0
1.51792e-05 0
1.58489e-05 0
1.65482e-05 0
1.72783e-05 0
1.80406e-05 0
1.88365e-05 0
1.96675e-05 0
2.05353e-05 0
2.14412e-05 0
2.23872e-05 0
2.33749e-05 0
2.44062e-05 0
2.5483e-05 0
2.66073e-05 0
2.77811e-05 0
2.90068e-05 0
3.02866e-05 0
3.16228e-05 0
3.30179e-05 0
3.44747e-05 0
3.59956e-05 0
3.75837e-05 0
3.92419e-05 0
4.09732e-05 0
4.27809e-05 0
4.46684e-05 0
4.66391e-05 0
4.86968e-05 0
5.08452e-05 0
5.30884e-05 0
5.54307e-05 0
5.78762e-05 0
6.04296e-05 0
6.30957e-05 0
6.58795e-05 0
6.8786e-05 0
7.18208e-05 0
7.49894e-05 0
7.82979e-05 0
8.17523e-05 0
8.53591e-05 0
8.91251e-05 0
9.30572e-05 0
9.71628e-05 0
0.00010145 0
0.000105925 0
0.000110599 0
0.000115478 0
0.000120573 0
0.000125893 0
0.000131447 0
0.000137246 0
0.000143301 0
0.000149624 0
0.000156225 0
0.000163117 0
0.000170314 0
0.000177828 0
0.000185674 0
0.000193865 0
0.000202418 0
0.000211349 0
0.000220673 0
0.000230409 0
0.000240575 0
0.000251189 0
0.000262271 0
0.000273842 0
0.000285924 0
0.000298538 0
0.000311709 0
0.000325462 0
0.000339821 0
0.000354813 0
0.000370467 0
0.000386812 0
0.000403878 0
0.000421697 0
0.000440301 0
0.000459727 0
0.00048001 0
0.000501187 0
0.000523299 0
0.000546387 0
0.000570493 0
0.000595662 0
0.000621942 0
0.000649382 0
0.000678032 0
0.000707946 0
0.00073918 0
0.000771792 0
0.000805842 0
0.000841395 0
0.000878517 0
0.000917276 0
0.000957745 0
0.001 0
0.00104412 0
0.00109018 0
0.00113828 0
0.0011885 0
0.00124094 0
0.00129569 0
0.00135285 0
0.00141254 0
0.00147486 0
0.00153993 0
0.00160787 0
0.0016788 0
0.00175287 79.4665
0.00183021 0
0.00191095 0
0.00199526 0
0.00208329 0
0.0021752 0
0.00227117 0
0.00237137 0
0.002476 0
0.00258523 0
0.00269929 0
0.00281838 0
0.00294273 0
0.00307256 0
0.00320812 0
0.00334965 0
0.00349744 0
0.00365174 0
0.00381285 0
0.00398107 0
0.00415671 60.6716
0.0043401 0
0.00453158 0
0.00473151 0
0.00494026 0
0.00515822 78.4844
0.0053858 0
0.00562341 106.2
0.00587151 0
0.00613056 0
0.00640103 0
0.00668344 69.1423
0.00697831 119.802
0.00728618 0
0.00760764 160.206
0.00794328 96.2315
0.00829373 0
0.00865964 97.723
0.0090417 102.975
0.00944061 40.2186
0.00985712 0
0.010292 0
0.0107461 206.861
0.0112202 192.342
0.0117152 324.667
0.0122321 147.775
0.0127717 129.298
0.0133352 180.865
0.0139236 89.0176
0.0145378 277.868
0.0151792 262.711
0.0158489 480.494
0.0165482 225.764
0.0172783 101.521
0.0180406 299.388
0.0188365 484.013
0.0196675 135.796
0.0205353 136.661
0.0214412 504.984
0.0223872 205.09
0.0233749 742.814
0.0244062 117.829
0.025483 283.593
0.0266073 769.2
0.0277811 391.477
0.0290068 843.365
0.0302866 342.6
0.0316228 815.76
0.0330179 1035.97
0.0344747 623.087
0.0359956 616.287
0.0375837 1031.25
0.0392419 1066.73
0.0409732 1162.68
0.0427809 1044.34
0.0446684 1086.45
0.0466391 823.359
0.0486968 1211.53
0.0508452 1683.87
0.0530884 1309.96
0.0554307 615.507
0.0578762 1318.65
0.0604296 1280.87
0.0630957 1533.43
0.0658795 1785.48
0.068786 1556.41
0.0718208 2303.92
0.0749894 2065.82
0.0782979 2606.02
0.0817523 2389.91
0.0853591 2014.57
0.0891251 2496.29
0.0930572 1179.44
0.0971628 2128.3
0.10145 2315.34
0.105925 3389.68
0.110599 3283.76
0.115478 2648.35
0.120573 2252.48
0.125893 2768.92
0.131447 3325.83
0.137246 2455.59
0.143301 2398.93
0.149624 2666.98
0.156225 3176.93
0.163117 3090.91
0.170314 2642.61
0.177828 3025.91
0.185674 3389.23
0.193865 2554.34
0.202418 2692.42
0.211349 3144.91
0.220673 2984.93
0.230409 3484.73
0.240575 3104.19
0.251189 3612.97
0.262271 3246.92
0.273842 4172.3
0.285924 3208.12
0.298538 2708.53
0.311709 3824.65
0.325462 4566.48
0.339821 3428.31
0.354813 4630.87
0.370467 3958.85
0.386812 3878.15
0.403878 3559.26
0.421697 3194.33
0.440301 3292.1
0.459727 3811.88
0.48001 4332
0.501187 5362.6
0.523299 3142.2
0.546387 5230.89
0.570493 3542.51
0.595662 3949.89
0.621942 3827.19
0.649382 3952.88
0.678032 3788.4
0.707946 3229.16
0.73918 3581.56
0.771792 3153.98
0.805842 2838.95
0.841395 3749.6
0.878517 3017.36
0.917276 2768.11
0.957745 2795.29
1 1855.44
1.04412 2208.06
1.09018 2432.24
1.13828 1417.29
1.1885 1921.14
1.24094 2255.08
1.29569 1765.65
1.35285 1633.87
1.41254 1147.78
1.47486 1900.71
1.53993 1947.74
1.60787 1264.2
1.6788 1130.25
1.75287 1457.53
1.83021 659.504
1.91095 892.445
1.99526 1539.76
2.08329 1025.81
2.1752 1382.09
2.27117 1161.77
2.37137 1353.24
2.476 662.083
2.58523 539.093
2.69929 1183.04
2.81838 536.55
2.94273 316.6
3.07256 1313.19
3.20812 860.792
3.34965 694.974
3.49744 347.309
3.65174 897.476
3.81285 408.788
3.98107 600.151
4.15671 775.051
4.3401 829.135
4.53158 751.592
4.73151 464.174
4.94026 1490.05
5.15822 580.938
5.3858 246.853
5.62341 260.948
5.87151 765.027
6.13056 645.201
6.40103 546.654
6.68344 537.859
6.97831 404.394
7.28618 698.22
7.60764 464.662
7.94328 720.672
8.29373 271.747
8.65964 261.377
9.0417 580.588
9.44061 362.519
9.85712 528.747
10.292 373.605
10.7461 261.33
11.2202 95.2542
11.7152 371.8
12.2321 352.49
12.7717 334.141
13.3352 298.932
13.9236 461.007
14.5378 94.9836
15.1792 52.504
15.8489 159.034
16.5482 352.445
17.2783 707.121
18.0406 442.956
18.8365 222.324
19.6675 179.558
20.5353 237.703
21.4412 296.769
22.3872 405.292
23.3749 414.066
24.4062 315.942
25.483 364.047
26.6073 541.433
27.7811 656.23
29.0068 312.196
30.2866 505.71
31.6228 276.064
33.0179 217.979
34.4747 958.78
35.9956 429.072
37.5837 366.575
39.2419 395.041
40.9732 546.886
42.7809 756.365
44.6684 534.832
46.6391 549.34
48.6968 555.243
50.8452 782.447
53.0884 977.821
55.4307 731.402
57.8762 757.308
60.4296 1076.08
63.0957 1371.65
65.8795 583.609
68.786 752.141
71.8208 610.433
74.9894 788.359
78.2979 533.62
81.7523 803.32
85.3591 792.938
89.1251 1241.23
93.0572 505.175
97.1628 941.577
101.45 747.725
105.925 396.771
110.599 583.732
115.478 1037.19
120.573 735.972
125.893 842.173
131.447 915.611
137.246 795.95
143.301 712.936
149.624 495.442
156.225 1924.83
163.117 467.934
170.314 1353.58
177.828 753.611
185.674 1839.21
193.865 1636.45
202.418 1355.87
211.349 952.018
220.673 1532.5
230.409 1412.02
240.575 2063.27
251.189 1804.08
262.271 1258.54
273.842 1628.8
285.924 2165.16
298.538 2287.14
311.709 1986.41
325.462 2970.49
339.821 2665.32
354.813 1896.47
370.467 1700.96
386.812 1819.52
403.878 1642.95
421.697 1316.44
440.301 803.158
459.727 655.941
480.01 313.982
501.187 709.873
523.299 425.669
546.387 0
570.493 0
595.662 213.664
621.942 160.723
649.382 84.5267
678.032 0
707.946 0
739.18 108.126
771.792 0
805.842 0
841.395 0
878.517 0
917.276 0
957.745 0
1000 0
