# First line is two numbers 
#     First value is '2', it means 'histogram mode'
#     Second value is 'Emin' of the histogram
# Other lines : 2 columns. 1) energy 2) probability (nb divided by NbEvent)
# Number of bins = 480
# Content below the first bin: 0
# Content above the last  bin: 0
# Content above the last  bin: 0
# Number of events: 209000
2 1e-06
1.04412e-06 0
1.09018e-06 0
1.13828e-06 0
1.1885e-06 0
1.24094e-06 0
1.29569e-06 0
1.35285e-06 0
1.41254e-06 0
1.47486e-06 0
1.53993e-06 0
1.60787e-06 0
1.6788e-06 0
1.75287e-06 0
1.83021e-06 0
1.91095e-06 0
1.99526e-06 0
2.08329e-06 0
2.1752e-06 0
2.27117e-06 0
2.37137e-06 0
2.476e-06 0
2.58523e-06 0
2.69929e-06 0
2.81838e-06 0
2.94273e-06 0
3.07256e-06 0
3.20812e-06 0
3.34965e-06 0
3.49744e-06 0
3.65174e-06 0
3.81285e-06 0
3.98107e-06 0
4.15671e-06 0
4.3401e-06 0
4.53158e-06 0
4.73151e-06 0
4.94026e-06 0
5.15822e-06 0
5.3858e-06 0
5.62341e-06 0
5.87151e-06 0
6.13056e-06 0
6.40103e-06 0
6.68344e-06 0
6.97831e-06 0
7.28618e-06 0
7.60764e-06 0
7.94328e-06 0
8.29373e-06 0
8.65964e-06 0
9.0417e-06 0
9.44061e-06 0
9.85712e-06 0
1.0292e-05 0
1.07461e-05 0
1.12202e-05 0
1.17152e-05 0
1.22321e-05 0
1.27717e-05 0
1.33352e-05 0
1.39236e-05 0
1.45378e-05 0
1.51792e-05 0
1.58489e-05 0
1.65482e-05 0
1.72783e-05 0
1.80406e-05 0
1.88365e-05 0
1.96675e-05 0
2.05353e-05 0
2.14412e-05 0
2.23872e-05 0
2.33749e-05 0
2.44062e-05 0
2.5483e-05 0
2.66073e-05 0
2.77811e-05 0
2.90068e-05 0
3.02866e-05 0
3.16228e-05 0
3.30179e-05 0
3.44747e-05 0
3.59956e-05 0
3.75837e-05 0
3.92419e-05 0
4.09732e-05 0
4.27809e-05 0
4.46684e-05 0
4.66391e-05 0
4.86968e-05 0
5.08452e-05 0
5.30884e-05 0
5.54307e-05 0
5.78762e-05 0
6.04296e-05 0
6.30957e-05 0
6.58795e-05 0
6.8786e-05 0
7.18208e-05 0
7.49894e-05 0
7.82979e-05 0
8.17523e-05 0
8.53591e-05 0
8.91251e-05 0
9.30572e-05 0
9.71628e-05 0
0.00010145 0
0.000105925 0
0.000110599 0
0.000115478 0
0.000120573 0
0.000125893 0
0.000131447 0
0.000137246 0
0.000143301 0
0.000149624 0
0.000156225 0
0.000163117 0
0.000170314 0
0.000177828 0
0.000185674 0
0.000193865 0
0.000202418 0
0.000211349 0
0.000220673 0
0.000230409 0
0.000240575 0
0.000251189 0
0.000262271 0
0.000273842 0
0.000285924 0
0.000298538 0
0.000311709 0
0.000325462 0
0.000339821 0
0.000354813 0
0.000370467 0
0.000386812 0
0.000403878 0
0.000421697 0
0.000440301 0
0.000459727 0
0.00048001 0
0.000501187 0
0.000523299 0
0.000546387 0
0.000570493 0
0.000595662 0
0.000621942 0
0.000649382 0
0.000678032 0
0.000707946 0
0.00073918 0
0.000771792 0
0.000805842 0
0.000841395 0
0.000878517 0
0.000917276 0
0.000957745 0
0.001 0
0.00104412 83.5671
0.00109018 0
0.00113828 0
0.0011885 0
0.00124094 0
0.00129569 0
0.00135285 0
0.00141254 0
0.00147486 0
0.00153993 0
0.00160787 0
0.0016788 0
0.00175287 0
0.00183021 0
0.00191095 0
0.00199526 0
0.00208329 0
0.0021752 0
0.00227117 111.543
0.00237137 0
0.002476 0
0.00258523 0
0.00269929 0
0.00281838 45.555
0.00294273 0
0.00307256 0
0.00320812 92.5471
0.00334965 0
0.00349744 0
0.00365174 0
0.00381285 0
0.00398107 0
0.00415671 0
0.0043401 93.6952
0.00453158 0
0.00473151 0
0.00494026 0
0.00515822 0
0.0053858 0
0.00562341 0
0.00587151 93.9759
0.00613056 0
0.00640103 0
0.00668344 33.3436
0.00697831 0
0.00728618 145.085
0.00760764 0
0.00794328 62.9799
0.00829373 0
0.00865964 170.001
0.0090417 0
0.00944061 0
0.00985712 306.377
0.010292 202.944
0.0107461 207.475
0.0112202 116.135
0.0117152 0
0.0122321 215.786
0.0127717 177.896
0.0133352 54.9851
0.0139236 120.258
0.0145378 80.6808
0.0151792 122.661
0.0158489 193.126
0.0165482 265.453
0.0172783 257.081
0.0180406 555.306
0.0188365 150.842
0.0196675 510.098
0.0205353 271.05
0.0214412 134.24
0.0223872 560.835
0.0233749 321.787
0.0244062 888.408
0.025483 327.706
0.0266073 319.283
0.0277811 289.186
0.0290068 825.67
0.0302866 339.631
0.0316228 820.472
0.0330179 767.488
0.0344747 880.625
0.0359956 486.947
0.0375837 1267.9
0.0392419 835.599
0.0409732 730.309
0.0427809 1090.28
0.0446684 1074.74
0.0466391 1383.54
0.0486968 1118.12
0.0508452 1719.21
0.0530884 501.397
0.0554307 1418.05
0.0578762 614.849
0.0604296 1579.42
0.0630957 1551.7
0.0658795 1328.92
0.068786 1494.63
0.0718208 2045.48
0.0749894 1627.99
0.0782979 2581.84
0.0817523 1511.97
0.0853591 2227.84
0.0891251 1886.83
0.0930572 2092.27
0.0971628 2423.05
0.10145 3632.26
0.105925 2517.55
0.110599 2020.51
0.115478 3104.01
0.120573 2507.46
0.125893 2392.84
0.131447 3524.62
0.137246 2827.21
0.143301 2985.25
0.149624 3718.93
0.156225 2774.09
0.163117 2389.13
0.170314 3701.61
0.177828 4014.56
0.185674 3999.69
0.193865 2903.53
0.202418 4699.88
0.211349 3624.6
0.220673 3555.55
0.230409 2751.47
0.240575 2265.54
0.251189 4197.42
0.262271 3564.84
0.273842 3605.99
0.285924 2792.09
0.298538 4296.85
0.311709 2668.23
0.325462 3226.91
0.339821 3280.72
0.354813 2962.2
0.370467 4116.33
0.386812 4151.21
0.403878 4061.66
0.421697 4575.71
0.440301 4736.52
0.459727 3607.76
0.48001 4009.9
0.501187 3384.07
0.523299 3849.84
0.546387 3583.28
0.570493 4543.02
0.595662 3700.22
0.621942 3680.31
0.649382 3455.62
0.678032 4018.67
0.707946 2777.24
0.73918 3814.01
0.771792 2663.4
0.805842 4073.24
0.841395 2616.52
0.878517 2855.38
0.917276 2642.72
0.957745 2609.17
1 1933.31
1.04412 2373.88
1.09018 2438.02
1.13828 2182.13
1.1885 1814.82
1.24094 1971.02
1.29569 1678.9
1.35285 1253.15
1.41254 2070.06
1.47486 1404.48
1.53993 1044.27
1.60787 1133.76
1.6788 1164.9
1.75287 2491.13
1.83021 1339.61
1.91095 1513.39
1.99526 1170.26
2.08329 1536.99
2.1752 991.238
2.27117 730.817
2.37137 926.036
2.476 748.318
2.58523 1550.92
2.69929 781.182
2.81838 1073.29
2.94273 739.209
3.07256 911.678
3.20812 598.865
3.34965 960.468
3.49744 1108.54
3.65174 819.306
3.81285 716.283
3.98107 1020.5
4.15671 679.249
4.3401 713.13
4.53158 385.295
4.73151 251.545
4.94026 1086.74
5.15822 468.921
5.3858 806.057
5.62341 646.813
5.87151 803.739
6.13056 119.099
6.40103 977.155
6.68344 65.1595
6.97831 737.026
7.28618 340.459
7.60764 258.931
7.94328 439.176
8.29373 255.351
8.65964 734.15
9.0417 414.409
9.44061 479.492
9.85712 481.696
10.292 422.546
10.7461 423.001
11.2202 350.504
11.7152 329.115
12.2321 191.022
12.7717 529.694
13.3352 270.661
13.9236 367.052
14.5378 345.399
15.1792 273.4
15.8489 617.258
16.5482 459.209
17.2783 374.372
18.0406 618.615
18.8365 115.215
19.6675 314.233
20.5353 445.656
21.4412 394.553
22.3872 687.665
23.3749 260.812
24.4062 270.1
25.483 205.49
26.6073 114.359
27.7811 483.775
29.0068 308.044
30.2866 687.376
31.6228 380.099
33.0179 689.921
34.4747 436.905
35.9956 392.581
37.5837 281.946
39.2419 442.514
40.9732 388.684
42.7809 133.914
44.6684 728.639
46.6391 650.633
48.6968 569.787
50.8452 988.208
53.0884 534.804
55.4307 508.63
57.8762 664.428
60.4296 632.501
63.0957 507.814
65.8795 923.431
68.786 449.238
71.8208 765.497
74.9894 699.302
78.2979 338.909
81.7523 576.81
85.3591 375.188
89.1251 945.103
93.0572 1019.81
97.1628 866.939
101.45 885.022
105.925 630.248
110.599 778.078
115.478 1449.38
120.573 206.521
125.893 1095.25
131.447 1091.5
137.246 729.973
143.301 436.126
149.624 666.852
156.225 988.899
163.117 1445.6
170.314 748.041
177.828 770.661
185.674 1331.54
193.865 946.825
202.418 1647.84
211.349 1960.89
220.673 1563.64
230.409 1827.03
240.575 1729.71
251.189 1682.13
262.271 1494.37
273.842 2205.85
285.924 2211.24
298.538 1565.6
311.709 2188.34
325.462 2504.88
339.821 2548.71
354.813 2001.72
370.467 1769.48
386.812 1750.97
403.878 1523.35
421.697 930.753
440.301 702.703
459.727 731.641
480.01 899.69
501.187 337.528
523.299 194.959
546.387 349.527
570.493 88.1806
595.662 397.416
621.942 105.21
649.382 0
678.032 0
707.946 0
739.18 0
771.792 230.539
805.842 0
841.395 40.6883
878.517 0
917.276 0
957.745 0
1000 0
