# First line is two numbers 
#     First value is '2', it means 'histogram mode'
#     Second value is 'Emin' of the histogram
# Other lines : 2 columns. 1) energy 2) probability (nb divided by NbEvent)
# Number of bins = 480
# Content below the first bin: 0
# Content above the last  bin: 0
# Content above the last  bin: 0
# Number of events: 209000
2 1e-06
1.04412e-06 0
1.09018e-06 0
1.13828e-06 0
1.1885e-06 0
1.24094e-06 0
1.29569e-06 0
1.35285e-06 0
1.41254e-06 0
1.47486e-06 0
1.53993e-06 0
1.60787e-06 0
1.6788e-06 0
1.75287e-06 0
1.83021e-06 0
1.91095e-06 0
1.99526e-06 0
2.08329e-06 0
2.1752e-06 0
2.27117e-06 0
2.37137e-06 0
2.476e-06 0
2.58523e-06 0
2.69929e-06 0
2.81838e-06 0
2.94273e-06 0
3.07256e-06 0
3.20812e-06 0
3.34965e-06 0
3.49744e-06 0
3.65174e-06 0
3.81285e-06 0
3.98107e-06 0
4.15671e-06 0
4.3401e-06 0
4.53158e-06 0
4.73151e-06 0
4.94026e-06 0
5.15822e-06 0
5.3858e-06 0
5.62341e-06 0
5.87151e-06 0
6.13056e-06 0
6.40103e-06 0
6.68344e-06 0
6.97831e-06 0
7.28618e-06 0
7.60764e-06 0
7.94328e-06 0
8.29373e-06 0
8.65964e-06 0
9.0417e-06 0
9.44061e-06 0
9.85712e-06 0
1.0292e-05 0
1.07461e-05 0
1.12202e-05 0
1.17152e-05 0
1.22321e-05 0
1.27717e-05 0
1.33352e-05 0
1.39236e-05 0
1.45378e-05 0
1.51792e-05 0
1.58489e-05 0
1.65482e-05 0
1.72783e-05 0
1.80406e-05 0
1.88365e-05 0
1.96675e-05 0
2.05353e-05 0
2.14412e-05 0
2.23872e-05 0
2.33749e-05 0
2.44062e-05 0
2.5483e-05 0
2.66073e-05 0
2.77811e-05 0
2.90068e-05 0
3.02866e-05 0
3.16228e-05 0
3.30179e-05 0
3.44747e-05 0
3.59956e-05 0
3.75837e-05 0
3.92419e-05 0
4.09732e-05 0
4.27809e-05 0
4.46684e-05 0
4.66391e-05 0
4.86968e-05 0
5.08452e-05 0
5.30884e-05 0
5.54307e-05 0
5.78762e-05 0
6.04296e-05 0
6.30957e-05 0
6.58795e-05 0
6.8786e-05 0
7.18208e-05 0
7.49894e-05 0
7.82979e-05 0
8.17523e-05 0
8.53591e-05 0
8.91251e-05 0
9.30572e-05 0
9.71628e-05 0
0.00010145 0
0.000105925 0
0.000110599 0
0.000115478 0
0.000120573 0
0.000125893 0
0.000131447 0
0.000137246 0
0.000143301 0
0.000149624 0
0.000156225 0
0.000163117 0
0.000170314 0
0.000177828 0
0.000185674 0
0.000193865 0
0.000202418 0
0.000211349 0
0.000220673 0
0.000230409 0
0.000240575 0
0.000251189 0
0.000262271 0
0.000273842 0
0.000285924 0
0.000298538 0
0.000311709 0
0.000325462 0
0.000339821 0
0.000354813 0
0.000370467 0
0.000386812 0
0.000403878 0
0.000421697 0
0.000440301 0
0.000459727 0
0.00048001 0
0.000501187 0
0.000523299 0
0.000546387 0
0.000570493 0
0.000595662 0
0.000621942 0
0.000649382 0
0.000678032 0
0.000707946 0
0.00073918 0
0.000771792 0
0.000805842 0
0.000841395 0
0.000878517 0
0.000917276 0
0.000957745 0
0.001 0
0.00104412 0
0.00109018 0
0.00113828 0
0.0011885 0
0.00124094 0
0.00129569 0
0.00135285 0
0.00141254 0
0.00147486 0
0.00153993 0
0.00160787 0
0.0016788 0
0.00175287 0
0.00183021 0
0.00191095 0
0.00199526 0
0.00208329 0
0.0021752 0
0.00227117 0
0.00237137 0
0.002476 0
0.00258523 0
0.00269929 0
0.00281838 0
0.00294273 0
0.00307256 0
0.00320812 0
0.00334965 0
0.00349744 0
0.00365174 0
0.00381285 0
0.00398107 0
0.00415671 0
0.0043401 0
0.00453158 0
0.00473151 0
0.00494026 0
0.00515822 0
0.0053858 0
0.00562341 0
0.00587151 0
0.00613056 0
0.00640103 0
0.00668344 109.165
0.00697831 0
0.00728618 0
0.00760764 0
0.00794328 0
0.00829373 0
0.00865964 0
0.0090417 0
0.00944061 0
0.00985712 0
0.010292 0
0.0107461 0
0.0112202 0
0.0117152 0
0.0122321 81.3874
0.0127717 0
0.0133352 0
0.0139236 112.204
0.0145378 77.6609
0.0151792 0
0.0158489 101.956
0.0165482 0
0.0172783 0
0.0180406 0
0.0188365 0
0.0196675 0
0.0205353 0
0.0214412 22.3601
0.0223872 72.3235
0.0233749 0
0.0244062 151.057
0.025483 91.1924
0.0266073 118.513
0.0277811 107.191
0.0290068 0
0.0302866 200.909
0.0316228 116.115
0.0330179 187.458
0.0344747 313.707
0.0359956 574.735
0.0375837 82.0671
0.0392419 249.322
0.0409732 0
0.0427809 0
0.0446684 119.332
0.0466391 209.127
0.0486968 19.1591
0.0508452 257.991
0.0530884 261.831
0.0554307 180.706
0.0578762 323.133
0.0604296 304.723
0.0630957 204.712
0.0658795 420.269
0.068786 166.176
0.0718208 178.473
0.0749894 397.851
0.0782979 314.352
0.0817523 516.951
0.0853591 123.478
0.0891251 318.1
0.0930572 303.1
0.0971628 200.376
0.10145 629.653
0.105925 410.178
0.110599 993.971
0.115478 256.182
0.120573 528.772
0.125893 664.539
0.131447 419.86
0.137246 499.86
0.143301 733.884
0.149624 338.023
0.156225 330.181
0.163117 620.172
0.170314 613.484
0.177828 583.921
0.185674 336.186
0.193865 429.513
0.202418 567.569
0.211349 459.243
0.220673 317.923
0.230409 779.006
0.240575 370.281
0.251189 1033.61
0.262271 414.958
0.273842 421.985
0.285924 638.626
0.298538 7.22049
0.311709 638.414
0.325462 473.201
0.339821 496.307
0.354813 868.625
0.370467 493.32
0.386812 831.738
0.403878 745.669
0.421697 180.661
0.440301 833.292
0.459727 461.867
0.48001 702.319
0.501187 634.503
0.523299 173.654
0.546387 424.066
0.570493 445.097
0.595662 558.091
0.621942 589.851
0.649382 302.167
0.678032 415.388
0.707946 777.396
0.73918 315.169
0.771792 257.77
0.805842 279.209
0.841395 277.941
0.878517 313.018
0.917276 69.4834
0.957745 602.176
1 484.153
1.04412 254.671
1.09018 190.837
1.13828 0
1.1885 582.348
1.24094 612.974
1.29569 647.911
1.35285 281.778
1.41254 544.982
1.47486 119.259
1.53993 330.868
1.60787 97.0407
1.6788 0
1.75287 150.246
1.83021 201.531
1.91095 539.083
1.99526 122.395
2.08329 0
2.1752 114.394
2.27117 103.04
2.37137 110.072
2.476 0
2.58523 184.762
2.69929 103.49
2.81838 201.401
2.94273 91.7334
3.07256 331.862
3.20812 157.106
3.34965 53.8157
3.49744 216.294
3.65174 127.901
3.81285 0
3.98107 118.582
4.15671 92.5581
4.3401 80.4805
4.53158 28.0235
4.73151 201.961
4.94026 60.3307
5.15822 0
5.3858 55.5031
5.62341 35.8884
5.87151 0
6.13056 117.358
6.40103 0
6.68344 101.193
6.97831 0
7.28618 0
7.60764 137.042
7.94328 0
8.29373 0
8.65964 115.118
9.0417 65.8192
9.44061 0
9.85712 0
10.292 0
10.7461 0
11.2202 113.235
11.7152 64.6107
12.2321 175.932
12.7717 166.326
13.3352 115.043
13.9236 0
14.5378 0
15.1792 23.5982
15.8489 13.7399
16.5482 0
17.2783 0
18.0406 47.2325
18.8365 0
19.6675 173.888
20.5353 0
21.4412 66.1274
22.3872 95.1946
23.3749 0
24.4062 12.9699
25.483 100.603
26.6073 43.6197
27.7811 121.773
29.0068 186.756
30.2866 115.141
31.6228 0
33.0179 101.748
34.4747 0
35.9956 0
37.5837 0
39.2419 0
40.9732 0
42.7809 84.2502
44.6684 0
46.6391 270.796
48.6968 0
50.8452 0
53.0884 0
55.4307 549.354
57.8762 193.806
60.4296 0
63.0957 68.948
65.8795 323.001
68.786 0
71.8208 99.8809
74.9894 100.958
78.2979 75.3216
81.7523 0
85.3591 0
89.1251 95.1466
93.0572 88.9375
97.1628 69.371
101.45 0
105.925 50.5841
110.599 188.521
115.478 75.4609
120.573 0
125.893 108.918
131.447 106.09
137.246 193.683
143.301 0
149.624 250.714
156.225 168.188
163.117 195.505
170.314 117.704
177.828 0
185.674 72.6118
193.865 116.218
202.418 112.965
211.349 101.084
220.673 84.2933
230.409 184.036
240.575 83.3902
251.189 0
262.271 117.245
273.842 0
285.924 0
298.538 0
311.709 0
325.462 0
339.821 84.5626
354.813 0
370.467 0
386.812 37.2341
403.878 0
421.697 0
440.301 0
459.727 0
480.01 0
501.187 0
523.299 0
546.387 0
570.493 0
595.662 0
621.942 0
649.382 0
678.032 0
707.946 0
739.18 0
771.792 0
805.842 0
841.395 0
878.517 0
917.276 0
957.745 0
1000 0
