# First line is two numbers 
#     First value is '2', it means 'histogram mode'
#     Second value is 'Emin' of the histogram
# Other lines : 2 columns. 1) energy 2) probability (nb divided by NbEvent)
# Number of bins = 480
# Content below the first bin: 0
# Content above the last  bin: 0
# Content above the last  bin: 0
# Number of events: 209000
2 1e-06
1.04412e-06 0
1.09018e-06 0
1.13828e-06 0
1.1885e-06 0
1.24094e-06 0
1.29569e-06 0
1.35285e-06 0
1.41254e-06 0
1.47486e-06 0
1.53993e-06 0
1.60787e-06 0
1.6788e-06 0
1.75287e-06 0
1.83021e-06 0
1.91095e-06 0
1.99526e-06 0
2.08329e-06 0
2.1752e-06 0
2.27117e-06 0
2.37137e-06 0
2.476e-06 0
2.58523e-06 0
2.69929e-06 0
2.81838e-06 0
2.94273e-06 0
3.07256e-06 0
3.20812e-06 0
3.34965e-06 0
3.49744e-06 0
3.65174e-06 0
3.81285e-06 0
3.98107e-06 0
4.15671e-06 0
4.3401e-06 0
4.53158e-06 0
4.73151e-06 0
4.94026e-06 0
5.15822e-06 0
5.3858e-06 0
5.62341e-06 0
5.87151e-06 0
6.13056e-06 0
6.40103e-06 0
6.68344e-06 0
6.97831e-06 0
7.28618e-06 0
7.60764e-06 0
7.94328e-06 0
8.29373e-06 0
8.65964e-06 0
9.0417e-06 0
9.44061e-06 0
9.85712e-06 0
1.0292e-05 0
1.07461e-05 0
1.12202e-05 0
1.17152e-05 0
1.22321e-05 0
1.27717e-05 0
1.33352e-05 0
1.39236e-05 0
1.45378e-05 0
1.51792e-05 0
1.58489e-05 0
1.65482e-05 0
1.72783e-05 0
1.80406e-05 0
1.88365e-05 0
1.96675e-05 0
2.05353e-05 0
2.14412e-05 0
2.23872e-05 0
2.33749e-05 0
2.44062e-05 0
2.5483e-05 0
2.66073e-05 0
2.77811e-05 0
2.90068e-05 0
3.02866e-05 0
3.16228e-05 0
3.30179e-05 0
3.44747e-05 0
3.59956e-05 0
3.75837e-05 0
3.92419e-05 0
4.09732e-05 0
4.27809e-05 0
4.46684e-05 0
4.66391e-05 0
4.86968e-05 0
5.08452e-05 0
5.30884e-05 0
5.54307e-05 0
5.78762e-05 0
6.04296e-05 0
6.30957e-05 0
6.58795e-05 0
6.8786e-05 0
7.18208e-05 0
7.49894e-05 0
7.82979e-05 0
8.17523e-05 0
8.53591e-05 0
8.91251e-05 0
9.30572e-05 0
9.71628e-05 0
0.00010145 0
0.000105925 0
0.000110599 0
0.000115478 0
0.000120573 0
0.000125893 0
0.000131447 0
0.000137246 0
0.000143301 0
0.000149624 0
0.000156225 0
0.000163117 0
0.000170314 0
0.000177828 0
0.000185674 0
0.000193865 0
0.000202418 0
0.000211349 0
0.000220673 0
0.000230409 0
0.000240575 0
0.000251189 0
0.000262271 0
0.000273842 0
0.000285924 0
0.000298538 0
0.000311709 0
0.000325462 0
0.000339821 0
0.000354813 0
0.000370467 0
0.000386812 0
0.000403878 0
0.000421697 0
0.000440301 0
0.000459727 0
0.00048001 0
0.000501187 0
0.000523299 0
0.000546387 0
0.000570493 0
0.000595662 0
0.000621942 0
0.000649382 0
0.000678032 0
0.000707946 0
0.00073918 0
0.000771792 0
0.000805842 0
0.000841395 0
0.000878517 0
0.000917276 0
0.000957745 0
0.001 0
0.00104412 0
0.00109018 0
0.00113828 0
0.0011885 0
0.00124094 0
0.00129569 0
0.00135285 0
0.00141254 0
0.00147486 0
0.00153993 0
0.00160787 0
0.0016788 0
0.00175287 0
0.00183021 0
0.00191095 0
0.00199526 0
0.00208329 0
0.0021752 0
0.00227117 0
0.00237137 0
0.002476 0
0.00258523 0
0.00269929 0
0.00281838 0
0.00294273 0
0.00307256 0
0.00320812 0
0.00334965 0
0.00349744 0
0.00365174 0
0.00381285 0
0.00398107 0
0.00415671 0
0.0043401 0
0.00453158 111.281
0.00473151 0
0.00494026 0
0.00515822 0
0.0053858 0
0.00562341 0
0.00587151 0
0.00613056 0
0.00640103 0
0.00668344 0
0.00697831 0
0.00728618 0
0.00760764 0
0.00794328 0
0.00829373 0
0.00865964 0
0.0090417 0
0.00944061 0
0.00985712 0
0.010292 0
0.0107461 0
0.0112202 0
0.0117152 0
0.0122321 0
0.0127717 94.0591
0.0133352 89.8364
0.0139236 0
0.0145378 0
0.0151792 0
0.0158489 0
0.0165482 0
0.0172783 0
0.0180406 0
0.0188365 0
0.0196675 0
0.0205353 0
0.0214412 0
0.0223872 0
0.0233749 0
0.0244062 0
0.025483 90.2606
0.0266073 0
0.0277811 0
0.0290068 0
0.0302866 0
0.0316228 0
0.0330179 0
0.0344747 0
0.0359956 0
0.0375837 0
0.0392419 0
0.0409732 0
0.0427809 97.172
0.0446684 0
0.0466391 0
0.0486968 0
0.0508452 0
0.0530884 0
0.0554307 0
0.0578762 75.118
0.0604296 0
0.0630957 0
0.0658795 0
0.068786 0
0.0718208 0
0.0749894 0
0.0782979 200.011
0.0817523 325.293
0.0853591 0
0.0891251 0
0.0930572 0
0.0971628 0
0.10145 0
0.105925 0
0.110599 0
0.115478 0
0.120573 0
0.125893 0
0.131447 102.72
0.137246 327.63
0.143301 73.2706
0.149624 0
0.156225 0
0.163117 0
0.170314 295.713
0.177828 0
0.185674 485.585
0.193865 0
0.202418 75.8739
0.211349 121.432
0.220673 102.825
0.230409 0
0.240575 358.566
0.251189 75.2869
0.262271 116.411
0.273842 366.17
0.285924 46.7202
0.298538 259.296
0.311709 630.406
0.325462 112.358
0.339821 160.438
0.354813 485.498
0.370467 450.341
0.386812 562.268
0.403878 583.74
0.421697 84.6361
0.440301 587.601
0.459727 220.366
0.48001 730.607
0.501187 256.557
0.523299 747.575
0.546387 381.682
0.570493 261.233
0.595662 650.178
0.621942 654.063
0.649382 1051.65
0.678032 1023.1
0.707946 617.771
0.73918 856.179
0.771792 585.294
0.805842 484.291
0.841395 658.887
0.878517 684.334
0.917276 516.493
0.957745 935.801
1 576.043
1.04412 739.848
1.09018 572.709
1.13828 271.224
1.1885 688.145
1.24094 1262.69
1.29569 849.778
1.35285 594.286
1.41254 718.948
1.47486 922.666
1.53993 927.133
1.60787 467.005
1.6788 410.319
1.75287 326.743
1.83021 816.583
1.91095 429.909
1.99526 497.659
2.08329 641.677
2.1752 480.969
2.27117 644.127
2.37137 529.26
2.476 573.665
2.58523 474.441
2.69929 700.964
2.81838 539.013
2.94273 689.204
3.07256 420.857
3.20812 185.541
3.34965 394.123
3.49744 610.911
3.65174 608.538
3.81285 449.793
3.98107 277.112
4.15671 111.255
4.3401 278.923
4.53158 720.651
4.73151 249.171
4.94026 214.216
5.15822 234.483
5.3858 198.991
5.62341 449.694
5.87151 627.247
6.13056 54.8392
6.40103 587.51
6.68344 415.652
6.97831 204.468
7.28618 285.522
7.60764 282.344
7.94328 109.989
8.29373 418.272
8.65964 297.189
9.0417 279.825
9.44061 269.423
9.85712 92.5973
10.292 439.456
10.7461 445.23
11.2202 311.418
11.7152 197.219
12.2321 605.464
12.7717 489.762
13.3352 265.177
13.9236 134.531
14.5378 556.102
15.1792 327.241
15.8489 111.415
16.5482 256.663
17.2783 629.534
18.0406 66.632
18.8365 464.478
19.6675 416.087
20.5353 309.492
21.4412 207.106
22.3872 72.7709
23.3749 958.753
24.4062 402.472
25.483 412.106
26.6073 579.506
27.7811 1022.53
29.0068 294.996
30.2866 488.655
31.6228 118.561
33.0179 596.846
34.4747 553.95
35.9956 889.785
37.5837 709.436
39.2419 910.072
40.9732 1325.74
42.7809 696.606
44.6684 791.116
46.6391 451.373
48.6968 798.671
50.8452 1321.7
53.0884 857.447
55.4307 1037.29
57.8762 758.32
60.4296 687.327
63.0957 593.359
65.8795 909.316
68.786 1123.45
71.8208 1282.11
74.9894 1260.04
78.2979 1215.9
81.7523 1472.5
85.3591 1107.15
89.1251 1725.43
93.0572 1208.15
97.1628 1597.86
101.45 1346.44
105.925 2042.93
110.599 2292.07
115.478 853.25
120.573 1851.52
125.893 2308.17
131.447 1244.89
137.246 1448.19
143.301 1527.33
149.624 2494.77
156.225 2691.9
163.117 2369.82
170.314 1887.45
177.828 2396.79
185.674 2313.67
193.865 2692.87
202.418 3107.87
211.349 2011.42
220.673 2960
230.409 2583.83
240.575 2300.73
251.189 3332.87
262.271 3179.19
273.842 1881.53
285.924 3013.03
298.538 1407.59
311.709 2045.03
325.462 1494.36
339.821 807.547
354.813 616.904
370.467 863.521
386.812 416.773
403.878 775.439
421.697 324.183
440.301 435.913
459.727 369.235
480.01 187.094
501.187 114.76
523.299 53.556
546.387 112.055
570.493 0
595.662 0
621.942 0
649.382 0
678.032 0
707.946 0
739.18 0
771.792 0
805.842 0
841.395 0
878.517 0
917.276 0
957.745 0
1000 0
