# First line is two numbers 
#     First value is '2', it means 'histogram mode'
#     Second value is 'Emin' of the histogram
# Other lines : 2 columns. 1) energy 2) probability (nb divided by NbEvent)
# Number of bins = 480
# Content below the first bin: 0
# Content above the last  bin: 0
# Content above the last  bin: 0
# Number of events: 209000
2 1e-06
1.04412e-06 0
1.09018e-06 0
1.13828e-06 0
1.1885e-06 0
1.24094e-06 0
1.29569e-06 0
1.35285e-06 0
1.41254e-06 0
1.47486e-06 0
1.53993e-06 0
1.60787e-06 0
1.6788e-06 0
1.75287e-06 0
1.83021e-06 0
1.91095e-06 0
1.99526e-06 0
2.08329e-06 0
2.1752e-06 0
2.27117e-06 0
2.37137e-06 0
2.476e-06 0
2.58523e-06 0
2.69929e-06 0
2.81838e-06 0
2.94273e-06 0
3.07256e-06 0
3.20812e-06 0
3.34965e-06 0
3.49744e-06 0
3.65174e-06 0
3.81285e-06 0
3.98107e-06 0
4.15671e-06 0
4.3401e-06 0
4.53158e-06 0
4.73151e-06 0
4.94026e-06 0
5.15822e-06 0
5.3858e-06 0
5.62341e-06 0
5.87151e-06 0
6.13056e-06 0
6.40103e-06 0
6.68344e-06 0
6.97831e-06 0
7.28618e-06 0
7.60764e-06 0
7.94328e-06 0
8.29373e-06 0
8.65964e-06 0
9.0417e-06 0
9.44061e-06 0
9.85712e-06 0
1.0292e-05 0
1.07461e-05 0
1.12202e-05 0
1.17152e-05 0
1.22321e-05 0
1.27717e-05 0
1.33352e-05 0
1.39236e-05 0
1.45378e-05 0
1.51792e-05 0
1.58489e-05 0
1.65482e-05 0
1.72783e-05 0
1.80406e-05 0
1.88365e-05 0
1.96675e-05 0
2.05353e-05 0
2.14412e-05 0
2.23872e-05 0
2.33749e-05 0
2.44062e-05 0
2.5483e-05 0
2.66073e-05 0
2.77811e-05 0
2.90068e-05 0
3.02866e-05 0
3.16228e-05 0
3.30179e-05 0
3.44747e-05 0
3.59956e-05 0
3.75837e-05 0
3.92419e-05 0
4.09732e-05 0
4.27809e-05 0
4.46684e-05 0
4.66391e-05 0
4.86968e-05 0
5.08452e-05 0
5.30884e-05 0
5.54307e-05 0
5.78762e-05 0
6.04296e-05 0
6.30957e-05 0
6.58795e-05 0
6.8786e-05 0
7.18208e-05 0
7.49894e-05 0
7.82979e-05 0
8.17523e-05 0
8.53591e-05 0
8.91251e-05 0
9.30572e-05 0
9.71628e-05 0
0.00010145 0
0.000105925 0
0.000110599 0
0.000115478 0
0.000120573 0
0.000125893 0
0.000131447 0
0.000137246 0
0.000143301 0
0.000149624 0
0.000156225 0
0.000163117 0
0.000170314 0
0.000177828 0
0.000185674 0
0.000193865 0
0.000202418 0
0.000211349 0
0.000220673 0
0.000230409 0
0.000240575 0
0.000251189 0
0.000262271 0
0.000273842 0
0.000285924 0
0.000298538 0
0.000311709 0
0.000325462 0
0.000339821 0
0.000354813 0
0.000370467 0
0.000386812 0
0.000403878 0
0.000421697 0
0.000440301 0
0.000459727 0
0.00048001 0
0.000501187 0
0.000523299 0
0.000546387 0
0.000570493 0
0.000595662 0
0.000621942 0
0.000649382 0
0.000678032 0
0.000707946 0
0.00073918 0
0.000771792 0
0.000805842 0
0.000841395 0
0.000878517 0
0.000917276 0
0.000957745 0
0.001 0
0.00104412 0
0.00109018 0
0.00113828 0
0.0011885 0
0.00124094 0
0.00129569 0
0.00135285 0
0.00141254 0
0.00147486 0
0.00153993 0
0.00160787 0
0.0016788 0
0.00175287 0
0.00183021 0
0.00191095 0
0.00199526 83.6581
0.00208329 0
0.0021752 0
0.00227117 0
0.00237137 0
0.002476 0
0.00258523 0
0.00269929 0
0.00281838 0
0.00294273 0
0.00307256 0
0.00320812 0
0.00334965 0
0.00349744 0
0.00365174 39.5271
0.00381285 0
0.00398107 0
0.00415671 0
0.0043401 0
0.00453158 0
0.00473151 0
0.00494026 0
0.00515822 0
0.0053858 0
0.00562341 0
0.00587151 0
0.00613056 0
0.00640103 0
0.00668344 0
0.00697831 0
0.00728618 0
0.00760764 0
0.00794328 0
0.00829373 0
0.00865964 0
0.0090417 0
0.00944061 0
0.00985712 0
0.010292 0
0.0107461 0
0.0112202 98.9654
0.0117152 0
0.0122321 0
0.0127717 0
0.0133352 75.5923
0.0139236 0
0.0145378 0
0.0151792 0
0.0158489 104.439
0.0165482 54.2659
0.0172783 0
0.0180406 0
0.0188365 22.9149
0.0196675 0
0.0205353 35.7354
0.0214412 0
0.0223872 176.988
0.0233749 0
0.0244062 0
0.025483 91.9253
0.0266073 48.4088
0.0277811 178.961
0.0290068 72.4372
0.0302866 0
0.0316228 234.037
0.0330179 137.049
0.0344747 53.6646
0.0359956 0
0.0375837 294.726
0.0392419 427.203
0.0409732 0
0.0427809 140.316
0.0446684 163.974
0.0466391 163.613
0.0486968 61.7751
0.0508452 200.651
0.0530884 0
0.0554307 102.134
0.0578762 265.626
0.0604296 344.179
0.0630957 413.385
0.0658795 109.683
0.068786 209.106
0.0718208 224.775
0.0749894 353.147
0.0782979 363.968
0.0817523 421.553
0.0853591 180.048
0.0891251 247.822
0.0930572 235.591
0.0971628 241.33
0.10145 132.697
0.105925 744.461
0.110599 655.706
0.115478 553.643
0.120573 492.472
0.125893 460.233
0.131447 589.924
0.137246 757.631
0.143301 288.907
0.149624 243.07
0.156225 265.903
0.163117 548.292
0.170314 311.789
0.177828 375.056
0.185674 656.02
0.193865 582.018
0.202418 807.043
0.211349 570.949
0.220673 1161.26
0.230409 604.778
0.240575 544.888
0.251189 620.061
0.262271 597.562
0.273842 746.677
0.285924 708.504
0.298538 323.03
0.311709 345.417
0.325462 430.293
0.339821 975.342
0.354813 864.15
0.370467 791.709
0.386812 559.159
0.403878 407.362
0.421697 745.253
0.440301 524.623
0.459727 767.558
0.48001 212.579
0.501187 543.551
0.523299 478.335
0.546387 655.829
0.570493 238.431
0.595662 548.709
0.621942 604.83
0.649382 849.232
0.678032 458.017
0.707946 722.491
0.73918 234.213
0.771792 263.006
0.805842 315.471
0.841395 339.243
0.878517 533.315
0.917276 439.56
0.957745 471.561
1 427.513
1.04412 259.236
1.09018 597.933
1.13828 507.466
1.1885 219.994
1.24094 299.862
1.29569 316.631
1.35285 222.339
1.41254 95.0718
1.47486 56.8681
1.53993 640.986
1.60787 541.824
1.6788 110.693
1.75287 0
1.83021 0
1.91095 17.6173
1.99526 177.815
2.08329 130.951
2.1752 0
2.27117 212.64
2.37137 0
2.476 182.934
2.58523 24.5843
2.69929 106.926
2.81838 0
2.94273 0
3.07256 172.384
3.20812 147.439
3.34965 99.3582
3.49744 0
3.65174 0
3.81285 0
3.98107 0
4.15671 0
4.3401 0
4.53158 37.5419
4.73151 0
4.94026 83.6141
5.15822 220.168
5.3858 92.5133
5.62341 24.3623
5.87151 0
6.13056 105.22
6.40103 118.506
6.68344 154.29
6.97831 211.887
7.28618 78.5641
7.60764 0
7.94328 0
8.29373 87.4925
8.65964 103.105
9.0417 88.9608
9.44061 0
9.85712 84.4908
10.292 96.8199
10.7461 75.2623
11.2202 0
11.7152 61.9865
12.2321 76.8484
12.7717 140.342
13.3352 43.1733
13.9236 0
14.5378 0
15.1792 0
15.8489 0
16.5482 85.1559
17.2783 97.9254
18.0406 0
18.8365 90.6702
19.6675 68.0671
20.5353 64.176
21.4412 0
22.3872 93.4865
23.3749 0
24.4062 209.897
25.483 38.9393
26.6073 0
27.7811 241.928
29.0068 89.7383
30.2866 0
31.6228 0
33.0179 0
34.4747 87.753
35.9956 248.564
37.5837 162.625
39.2419 107.786
40.9732 0
42.7809 396.029
44.6684 76.0034
46.6391 119.262
48.6968 116.708
50.8452 28.0764
53.0884 315.256
55.4307 48.5139
57.8762 82.8058
60.4296 95.6279
63.0957 0
65.8795 467.055
68.786 17.2085
71.8208 0
74.9894 15.3225
78.2979 446.079
81.7523 21.759
85.3591 336.658
89.1251 703.079
93.0572 185.66
97.1628 104.372
101.45 38.398
105.925 137.905
110.599 463.571
115.478 0
120.573 224.682
125.893 172.604
131.447 109.697
137.246 289.073
143.301 498.769
149.624 185.89
156.225 0
163.117 525.477
170.314 80.7144
177.828 0
185.674 0
193.865 0
202.418 196.882
211.349 0
220.673 95.9964
230.409 0
240.575 0
251.189 0
262.271 0
273.842 0
285.924 0
298.538 0
311.709 0
325.462 0
339.821 0
354.813 0
370.467 0
386.812 0
403.878 0
421.697 0
440.301 86.5148
459.727 0
480.01 0
501.187 0
523.299 0
546.387 0
570.493 0
595.662 0
621.942 0
649.382 0
678.032 0
707.946 0
739.18 0
771.792 0
805.842 0
841.395 0
878.517 0
917.276 0
957.745 0
1000 0
