# First line is two numbers 
#     First value is '2', it means 'histogram mode'
#     Second value is 'Emin' of the histogram
# Other lines : 2 columns. 1) energy 2) probability (nb divided by NbEvent)
# Number of bins = 480
# Content below the first bin: 0
# Content above the last  bin: 0
# Content above the last  bin: 0
# Number of events: 209000
2 1e-06
1.04412e-06 0
1.09018e-06 0
1.13828e-06 0
1.1885e-06 0
1.24094e-06 0
1.29569e-06 0
1.35285e-06 0
1.41254e-06 0
1.47486e-06 0
1.53993e-06 0
1.60787e-06 0
1.6788e-06 0
1.75287e-06 0
1.83021e-06 0
1.91095e-06 0
1.99526e-06 0
2.08329e-06 0
2.1752e-06 0
2.27117e-06 0
2.37137e-06 0
2.476e-06 0
2.58523e-06 0
2.69929e-06 0
2.81838e-06 0
2.94273e-06 0
3.07256e-06 0
3.20812e-06 0
3.34965e-06 0
3.49744e-06 0
3.65174e-06 0
3.81285e-06 0
3.98107e-06 0
4.15671e-06 0
4.3401e-06 0
4.53158e-06 0
4.73151e-06 0
4.94026e-06 0
5.15822e-06 0
5.3858e-06 0
5.62341e-06 0
5.87151e-06 0
6.13056e-06 0
6.40103e-06 0
6.68344e-06 0
6.97831e-06 0
7.28618e-06 0
7.60764e-06 0
7.94328e-06 0
8.29373e-06 0
8.65964e-06 0
9.0417e-06 0
9.44061e-06 0
9.85712e-06 0
1.0292e-05 0
1.07461e-05 0
1.12202e-05 0
1.17152e-05 0
1.22321e-05 0
1.27717e-05 0
1.33352e-05 0
1.39236e-05 0
1.45378e-05 0
1.51792e-05 0
1.58489e-05 0
1.65482e-05 0
1.72783e-05 0
1.80406e-05 0
1.88365e-05 0
1.96675e-05 0
2.05353e-05 0
2.14412e-05 0
2.23872e-05 0
2.33749e-05 0
2.44062e-05 0
2.5483e-05 0
2.66073e-05 0
2.77811e-05 0
2.90068e-05 0
3.02866e-05 0
3.16228e-05 0
3.30179e-05 0
3.44747e-05 0
3.59956e-05 0
3.75837e-05 0
3.92419e-05 0
4.09732e-05 0
4.27809e-05 0
4.46684e-05 0
4.66391e-05 0
4.86968e-05 0
5.08452e-05 0
5.30884e-05 0
5.54307e-05 0
5.78762e-05 0
6.04296e-05 0
6.30957e-05 0
6.58795e-05 0
6.8786e-05 0
7.18208e-05 0
7.49894e-05 0
7.82979e-05 0
8.17523e-05 0
8.53591e-05 0
8.91251e-05 0
9.30572e-05 0
9.71628e-05 0
0.00010145 0
0.000105925 0
0.000110599 0
0.000115478 0
0.000120573 0
0.000125893 0
0.000131447 0
0.000137246 0
0.000143301 0
0.000149624 0
0.000156225 0
0.000163117 0
0.000170314 0
0.000177828 0
0.000185674 0
0.000193865 0
0.000202418 0
0.000211349 0
0.000220673 0
0.000230409 0
0.000240575 0
0.000251189 0
0.000262271 0
0.000273842 0
0.000285924 0
0.000298538 0
0.000311709 0
0.000325462 0
0.000339821 0
0.000354813 0
0.000370467 0
0.000386812 0
0.000403878 0
0.000421697 0
0.000440301 0
0.000459727 0
0.00048001 0
0.000501187 0
0.000523299 0
0.000546387 0
0.000570493 0
0.000595662 0
0.000621942 0
0.000649382 0
0.000678032 0
0.000707946 0
0.00073918 0
0.000771792 0
0.000805842 0
0.000841395 0
0.000878517 0
0.000917276 0
0.000957745 0
0.001 0
0.00104412 0
0.00109018 0
0.00113828 0
0.0011885 0
0.00124094 0
0.00129569 0
0.00135285 0
0.00141254 0
0.00147486 0
0.00153993 0
0.00160787 0
0.0016788 0
0.00175287 57.6553
0.00183021 0
0.00191095 0
0.00199526 0
0.00208329 0
0.0021752 0
0.00227117 0
0.00237137 0
0.002476 116.008
0.00258523 0
0.00269929 0
0.00281838 0
0.00294273 16.9706
0.00307256 0
0.00320812 0
0.00334965 0
0.00349744 0
0.00365174 0
0.00381285 0
0.00398107 0
0.00415671 45.8689
0.0043401 0
0.00453158 0
0.00473151 0
0.00494026 0
0.00515822 0
0.0053858 0
0.00562341 0
0.00587151 87.7539
0.00613056 0
0.00640103 0
0.00668344 0
0.00697831 0
0.00728618 0
0.00760764 0
0.00794328 0
0.00829373 19.7393
0.00865964 0
0.0090417 80.7921
0.00944061 171.229
0.00985712 0
0.010292 0
0.0107461 0
0.0112202 0
0.0117152 0
0.0122321 183.897
0.0127717 109.762
0.0133352 110.657
0.0139236 0
0.0145378 0
0.0151792 105.351
0.0158489 333.407
0.0165482 0
0.0172783 154.627
0.0180406 69.3081
0.0188365 212.658
0.0196675 60.0841
0.0205353 119.686
0.0214412 144.707
0.0223872 88.859
0.0233749 292.698
0.0244062 193.075
0.025483 164.125
0.0266073 181.745
0.0277811 180.687
0.0290068 165.165
0.0302866 439.243
0.0316228 202.425
0.0330179 229.03
0.0344747 304.834
0.0359956 447.601
0.0375837 41.1166
0.0392419 727.348
0.0409732 211.143
0.0427809 515.647
0.0446684 766.429
0.0466391 648.718
0.0486968 885.998
0.0508452 512.311
0.0530884 747.694
0.0554307 314.862
0.0578762 649.336
0.0604296 588.135
0.0630957 957.146
0.0658795 899.788
0.068786 1183.42
0.0718208 1139.45
0.0749894 1404.62
0.0782979 1132.53
0.0817523 1256.32
0.0853591 1380.57
0.0891251 529.099
0.0930572 784.953
0.0971628 1081.99
0.10145 1731.19
0.105925 851.797
0.110599 1316.54
0.115478 1268.96
0.120573 1001.88
0.125893 1037.28
0.131447 753.889
0.137246 885.576
0.143301 1292.94
0.149624 1797.95
0.156225 1952.66
0.163117 2002.12
0.170314 584.117
0.177828 1838.64
0.185674 1725.78
0.193865 2089.77
0.202418 1657.39
0.211349 1402.83
0.220673 1590.89
0.230409 1719.67
0.240575 1561.46
0.251189 3004.01
0.262271 1860.58
0.273842 2116.87
0.285924 1579.58
0.298538 1815.48
0.311709 2150.52
0.325462 2530.45
0.339821 1273.74
0.354813 2333.88
0.370467 1399.23
0.386812 1237.27
0.403878 2405.99
0.421697 1845.11
0.440301 1664.09
0.459727 2067.66
0.48001 1753.35
0.501187 2385.15
0.523299 2460.85
0.546387 1737
0.570493 2385.47
0.595662 1020.72
0.621942 1887.35
0.649382 1556.03
0.678032 1256.37
0.707946 1298.03
0.73918 1280.44
0.771792 1658.34
0.805842 1436.01
0.841395 1509.97
0.878517 1172.86
0.917276 1068.03
0.957745 1367.39
1 1435.58
1.04412 942.835
1.09018 974.819
1.13828 1302.31
1.1885 858.445
1.24094 1149.76
1.29569 583.74
1.35285 726.034
1.41254 569.401
1.47486 759.313
1.53993 1340.84
1.60787 935.816
1.6788 653.447
1.75287 1003.09
1.83021 796.173
1.91095 714.476
1.99526 513.305
2.08329 525.615
2.1752 675.525
2.27117 679.831
2.37137 593.867
2.476 751.834
2.58523 780.739
2.69929 353.7
2.81838 600.22
2.94273 521.731
3.07256 445.932
3.20812 258.517
3.34965 219.237
3.49744 725.161
3.65174 320.579
3.81285 371.583
3.98107 814.405
4.15671 537.025
4.3401 386.206
4.53158 809.791
4.73151 215.007
4.94026 573.266
5.15822 434.771
5.3858 314.034
5.62341 208.495
5.87151 356.406
6.13056 121.441
6.40103 292.586
6.68344 619.126
6.97831 386.69
7.28618 337.201
7.60764 36.7641
7.94328 524.404
8.29373 428.234
8.65964 0
9.0417 374.274
9.44061 307.929
9.85712 112.979
10.292 299.145
10.7461 234.058
11.2202 179.249
11.7152 34.3902
12.2321 95.0662
12.7717 77.8392
13.3352 443.889
13.9236 303.172
14.5378 228.709
15.1792 310.571
15.8489 0
16.5482 19.2104
17.2783 191.391
18.0406 326.647
18.8365 355.317
19.6675 120.508
20.5353 248.094
21.4412 171.732
22.3872 207.264
23.3749 263.088
24.4062 199.215
25.483 264.222
26.6073 527.816
27.7811 190.828
29.0068 97.3161
30.2866 332.776
31.6228 380.487
33.0179 299.145
34.4747 84.5562
35.9956 156.308
37.5837 292.732
39.2419 300.477
40.9732 289.791
42.7809 156.636
44.6684 270.162
46.6391 528.522
48.6968 260.888
50.8452 167.839
53.0884 0
55.4307 335.325
57.8762 0
60.4296 288.313
63.0957 79.0235
65.8795 187.712
68.786 250.529
71.8208 294.802
74.9894 327.377
78.2979 144.072
81.7523 72.6448
85.3591 36.5279
89.1251 39.3175
93.0572 227.298
97.1628 210.448
101.45 235.391
105.925 0
110.599 59.5624
115.478 0
120.573 255.845
125.893 186.764
131.447 162.294
137.246 95.2879
143.301 203.384
149.624 106.341
156.225 0
163.117 334.3
170.314 207.317
177.828 62.7858
185.674 88.0483
193.865 117.36
202.418 196.418
211.349 0
220.673 131.814
230.409 234.579
240.575 94.4944
251.189 0
262.271 116.274
273.842 201.428
285.924 95.5044
298.538 398.537
311.709 115.583
325.462 78.7276
339.821 92.4308
354.813 0
370.467 64.8646
386.812 0
403.878 0
421.697 0
440.301 0
459.727 0
480.01 0
501.187 0
523.299 0
546.387 0
570.493 0
595.662 0
621.942 0
649.382 0
678.032 0
707.946 0
739.18 0
771.792 0
805.842 0
841.395 0
878.517 0
917.276 0
957.745 0
1000 0
