# First line is two numbers 
#     First value is '2', it means 'histogram mode'
#     Second value is 'Emin' of the histogram
# Other lines : 2 columns. 1) energy 2) probability (nb divided by NbEvent)
# Number of bins = 480
# Content below the first bin: 0
# Content above the last  bin: 0
# Content above the last  bin: 0
# Number of events: 209000
2 1e-06
1.04412e-06 0
1.09018e-06 0
1.13828e-06 0
1.1885e-06 0
1.24094e-06 0
1.29569e-06 0
1.35285e-06 0
1.41254e-06 0
1.47486e-06 0
1.53993e-06 0
1.60787e-06 0
1.6788e-06 0
1.75287e-06 0
1.83021e-06 0
1.91095e-06 0
1.99526e-06 0
2.08329e-06 0
2.1752e-06 0
2.27117e-06 0
2.37137e-06 0
2.476e-06 0
2.58523e-06 0
2.69929e-06 0
2.81838e-06 0
2.94273e-06 0
3.07256e-06 0
3.20812e-06 0
3.34965e-06 0
3.49744e-06 0
3.65174e-06 0
3.81285e-06 0
3.98107e-06 0
4.15671e-06 0
4.3401e-06 0
4.53158e-06 0
4.73151e-06 0
4.94026e-06 0
5.15822e-06 0
5.3858e-06 0
5.62341e-06 0
5.87151e-06 0
6.13056e-06 0
6.40103e-06 0
6.68344e-06 0
6.97831e-06 0
7.28618e-06 0
7.60764e-06 0
7.94328e-06 0
8.29373e-06 0
8.65964e-06 0
9.0417e-06 0
9.44061e-06 0
9.85712e-06 0
1.0292e-05 0
1.07461e-05 0
1.12202e-05 0
1.17152e-05 0
1.22321e-05 0
1.27717e-05 0
1.33352e-05 0
1.39236e-05 0
1.45378e-05 0
1.51792e-05 0
1.58489e-05 0
1.65482e-05 0
1.72783e-05 0
1.80406e-05 0
1.88365e-05 0
1.96675e-05 0
2.05353e-05 0
2.14412e-05 0
2.23872e-05 0
2.33749e-05 0
2.44062e-05 0
2.5483e-05 0
2.66073e-05 0
2.77811e-05 0
2.90068e-05 0
3.02866e-05 0
3.16228e-05 0
3.30179e-05 0
3.44747e-05 0
3.59956e-05 0
3.75837e-05 0
3.92419e-05 0
4.09732e-05 0
4.27809e-05 0
4.46684e-05 0
4.66391e-05 0
4.86968e-05 0
5.08452e-05 0
5.30884e-05 0
5.54307e-05 0
5.78762e-05 0
6.04296e-05 0
6.30957e-05 0
6.58795e-05 0
6.8786e-05 0
7.18208e-05 0
7.49894e-05 0
7.82979e-05 0
8.17523e-05 0
8.53591e-05 0
8.91251e-05 0
9.30572e-05 0
9.71628e-05 0
0.00010145 0
0.000105925 0
0.000110599 0
0.000115478 0
0.000120573 0
0.000125893 0
0.000131447 0
0.000137246 0
0.000143301 0
0.000149624 0
0.000156225 0
0.000163117 0
0.000170314 0
0.000177828 0
0.000185674 0
0.000193865 0
0.000202418 0
0.000211349 0
0.000220673 0
0.000230409 0
0.000240575 0
0.000251189 0
0.000262271 0
0.000273842 0
0.000285924 0
0.000298538 0
0.000311709 0
0.000325462 0
0.000339821 0
0.000354813 0
0.000370467 0
0.000386812 0
0.000403878 0
0.000421697 0
0.000440301 0
0.000459727 0
0.00048001 0
0.000501187 0
0.000523299 0
0.000546387 0
0.000570493 0
0.000595662 0
0.000621942 0
0.000649382 0
0.000678032 0
0.000707946 0
0.00073918 65.1996
0.000771792 0
0.000805842 0
0.000841395 0
0.000878517 0
0.000917276 0
0.000957745 0
0.001 0
0.00104412 0
0.00109018 0
0.00113828 0
0.0011885 0
0.00124094 0
0.00129569 0
0.00135285 0
0.00141254 0
0.00147486 0
0.00153993 0
0.00160787 0
0.0016788 0
0.00175287 0
0.00183021 0
0.00191095 0
0.00199526 88.4543
0.00208329 0
0.0021752 0
0.00227117 0
0.00237137 0
0.002476 0
0.00258523 0
0.00269929 0
0.00281838 0
0.00294273 0
0.00307256 0
0.00320812 0
0.00334965 0
0.00349744 0
0.00365174 0
0.00381285 0
0.00398107 0
0.00415671 0
0.0043401 0
0.00453158 0
0.00473151 0
0.00494026 108.157
0.00515822 0
0.0053858 0
0.00562341 0
0.00587151 0
0.00613056 48.3187
0.00640103 0
0.00668344 0
0.00697831 0
0.00728618 106.727
0.00760764 0
0.00794328 0
0.00829373 0
0.00865964 0
0.0090417 0
0.00944061 114.284
0.00985712 70.7155
0.010292 214.137
0.0107461 175.87
0.0112202 0
0.0117152 90.5739
0.0122321 88.5335
0.0127717 96.1833
0.0133352 91.1807
0.0139236 90.6419
0.0145378 0
0.0151792 314.376
0.0158489 32.6173
0.0165482 140.631
0.0172783 119.981
0.0180406 137.346
0.0188365 67.5623
0.0196675 181.777
0.0205353 445.019
0.0214412 0
0.0223872 265.764
0.0233749 184.595
0.0244062 207.409
0.025483 211.749
0.0266073 189.485
0.0277811 538.911
0.0290068 255.895
0.0302866 188.545
0.0316228 303.882
0.0330179 496.018
0.0344747 249.212
0.0359956 654.347
0.0375837 226.776
0.0392419 296.736
0.0409732 385.466
0.0427809 254.908
0.0446684 344.271
0.0466391 612.845
0.0486968 639.071
0.0508452 446.975
0.0530884 825.283
0.0554307 467.643
0.0578762 403.58
0.0604296 345.097
0.0630957 286.211
0.0658795 539.35
0.068786 527.455
0.0718208 700.033
0.0749894 1303.81
0.0782979 918.853
0.0817523 841.466
0.0853591 599.374
0.0891251 1149.46
0.0930572 573.599
0.0971628 1134.14
0.10145 1476.58
0.105925 1704.66
0.110599 700.605
0.115478 974.618
0.120573 1235.46
0.125893 1856.25
0.131447 1399.85
0.137246 1011.62
0.143301 1475.39
0.149624 1372.32
0.156225 1732.03
0.163117 1460.94
0.170314 1329.12
0.177828 1269.26
0.185674 1519.42
0.193865 1137.64
0.202418 2290.99
0.211349 1891.94
0.220673 1230.84
0.230409 2017.9
0.240575 3013.36
0.251189 2318.2
0.262271 1479.93
0.273842 2076.62
0.285924 1355.7
0.298538 2542.56
0.311709 1648.67
0.325462 1982.64
0.339821 1870.41
0.354813 2557.91
0.370467 1596.64
0.386812 1880.11
0.403878 2130.27
0.421697 2069.56
0.440301 1999.07
0.459727 1810.87
0.48001 1892.96
0.501187 1670.14
0.523299 1386.57
0.546387 1744.27
0.570493 2106.53
0.595662 1753.36
0.621942 2185.74
0.649382 2099.61
0.678032 1403.87
0.707946 2258.74
0.73918 1579.54
0.771792 867.922
0.805842 1680.74
0.841395 1798.21
0.878517 1722.21
0.917276 1650.03
0.957745 1215.76
1 1114.8
1.04412 1238.85
1.09018 491.234
1.13828 1910.3
1.1885 1019.53
1.24094 539.603
1.29569 909.793
1.35285 705.277
1.41254 858.346
1.47486 727.091
1.53993 354.042
1.60787 625.227
1.6788 1202.96
1.75287 734.16
1.83021 240.272
1.91095 773.692
1.99526 376.274
2.08329 493.056
2.1752 649.245
2.27117 865.738
2.37137 933.134
2.476 730.29
2.58523 375.819
2.69929 511.779
2.81838 825.285
2.94273 323.971
3.07256 889.611
3.20812 496.032
3.34965 824.735
3.49744 308.618
3.65174 196.547
3.81285 587.243
3.98107 216.823
4.15671 524.13
4.3401 472.853
4.53158 512.769
4.73151 384.744
4.94026 263.533
5.15822 285.936
5.3858 687.074
5.62341 432.54
5.87151 201.126
6.13056 263.833
6.40103 182.924
6.68344 228.744
6.97831 141.298
7.28618 154.807
7.60764 190.981
7.94328 39.2322
8.29373 482.223
8.65964 340.132
9.0417 129.346
9.44061 86.8403
9.85712 240.161
10.292 456.876
10.7461 326.025
11.2202 173.878
11.7152 33.1523
12.2321 94.2423
12.7717 128.446
13.3352 522.092
13.9236 184.207
14.5378 111.449
15.1792 60.9729
15.8489 222.633
16.5482 272.239
17.2783 51.8634
18.0406 81.8693
18.8365 510.592
19.6675 33.6131
20.5353 319.06
21.4412 61.8877
22.3872 397.481
23.3749 237.436
24.4062 119.274
25.483 0
26.6073 0
27.7811 195.195
29.0068 152.081
30.2866 489.148
31.6228 253.981
33.0179 196.28
34.4747 163.683
35.9956 130.318
37.5837 417.845
39.2419 0
40.9732 159.839
42.7809 191.568
44.6684 218.299
46.6391 228.792
48.6968 337.839
50.8452 195.023
53.0884 82.1354
55.4307 168.376
57.8762 197.963
60.4296 343.424
63.0957 183.357
65.8795 211.815
68.786 100.503
71.8208 145.042
74.9894 535.105
78.2979 204.55
81.7523 73.1013
85.3591 0
89.1251 225.257
93.0572 198.639
97.1628 60.606
101.45 0
105.925 85.3764
110.599 255.852
115.478 123.262
120.573 78.3558
125.893 177.286
131.447 95.6984
137.246 114.514
143.301 294.297
149.624 246.779
156.225 266.684
163.117 0
170.314 0
177.828 73.383
185.674 201.971
193.865 46.6557
202.418 0
211.349 101.035
220.673 0
230.409 31.7431
240.575 0
251.189 91.2474
262.271 118.448
273.842 120.97
285.924 205.164
298.538 119.697
311.709 0
325.462 0
339.821 0
354.813 0
370.467 0
386.812 0
403.878 0
421.697 0
440.301 0
459.727 0
480.01 0
501.187 0
523.299 0
546.387 0
570.493 0
595.662 0
621.942 0
649.382 0
678.032 0
707.946 0
739.18 0
771.792 0
805.842 0
841.395 0
878.517 0
917.276 0
957.745 0
1000 0
