# First line is two numbers 
#     First value is '2', it means 'histogram mode'
#     Second value is 'Emin' of the histogram
# Other lines : 2 columns. 1) energy 2) probability (nb divided by NbEvent)
# Number of bins = 480
# Content below the first bin: 0
# Content above the last  bin: 0
# Content above the last  bin: 0
# Number of events: 209000
2 1e-06
1.04412e-06 0
1.09018e-06 0
1.13828e-06 0
1.1885e-06 0
1.24094e-06 0
1.29569e-06 0
1.35285e-06 0
1.41254e-06 0
1.47486e-06 0
1.53993e-06 0
1.60787e-06 0
1.6788e-06 0
1.75287e-06 0
1.83021e-06 0
1.91095e-06 0
1.99526e-06 0
2.08329e-06 0
2.1752e-06 0
2.27117e-06 0
2.37137e-06 0
2.476e-06 0
2.58523e-06 0
2.69929e-06 0
2.81838e-06 0
2.94273e-06 0
3.07256e-06 0
3.20812e-06 0
3.34965e-06 0
3.49744e-06 0
3.65174e-06 0
3.81285e-06 0
3.98107e-06 0
4.15671e-06 0
4.3401e-06 0
4.53158e-06 0
4.73151e-06 0
4.94026e-06 0
5.15822e-06 0
5.3858e-06 0
5.62341e-06 0
5.87151e-06 0
6.13056e-06 0
6.40103e-06 0
6.68344e-06 0
6.97831e-06 0
7.28618e-06 0
7.60764e-06 0
7.94328e-06 0
8.29373e-06 0
8.65964e-06 0
9.0417e-06 0
9.44061e-06 0
9.85712e-06 0
1.0292e-05 0
1.07461e-05 0
1.12202e-05 0
1.17152e-05 0
1.22321e-05 0
1.27717e-05 0
1.33352e-05 0
1.39236e-05 0
1.45378e-05 0
1.51792e-05 0
1.58489e-05 0
1.65482e-05 0
1.72783e-05 0
1.80406e-05 0
1.88365e-05 0
1.96675e-05 0
2.05353e-05 0
2.14412e-05 0
2.23872e-05 0
2.33749e-05 0
2.44062e-05 0
2.5483e-05 0
2.66073e-05 0
2.77811e-05 0
2.90068e-05 0
3.02866e-05 0
3.16228e-05 0
3.30179e-05 0
3.44747e-05 0
3.59956e-05 0
3.75837e-05 0
3.92419e-05 0
4.09732e-05 0
4.27809e-05 0
4.46684e-05 0
4.66391e-05 0
4.86968e-05 0
5.08452e-05 0
5.30884e-05 0
5.54307e-05 0
5.78762e-05 0
6.04296e-05 0
6.30957e-05 0
6.58795e-05 0
6.8786e-05 0
7.18208e-05 0
7.49894e-05 0
7.82979e-05 0
8.17523e-05 0
8.53591e-05 0
8.91251e-05 0
9.30572e-05 0
9.71628e-05 0
0.00010145 0
0.000105925 0
0.000110599 0
0.000115478 0
0.000120573 0
0.000125893 0
0.000131447 0
0.000137246 0
0.000143301 0
0.000149624 0
0.000156225 0
0.000163117 0
0.000170314 0
0.000177828 0
0.000185674 0
0.000193865 0
0.000202418 0
0.000211349 0
0.000220673 0
0.000230409 0
0.000240575 0
0.000251189 0
0.000262271 0
0.000273842 0
0.000285924 0
0.000298538 0
0.000311709 0
0.000325462 0
0.000339821 0
0.000354813 0
0.000370467 0
0.000386812 0
0.000403878 0
0.000421697 0
0.000440301 0
0.000459727 0
0.00048001 0
0.000501187 0
0.000523299 0
0.000546387 0
0.000570493 0
0.000595662 0
0.000621942 0
0.000649382 0
0.000678032 0
0.000707946 0
0.00073918 0
0.000771792 0
0.000805842 0
0.000841395 0
0.000878517 0
0.000917276 0
0.000957745 0
0.001 0
0.00104412 0
0.00109018 0
0.00113828 0
0.0011885 0
0.00124094 0
0.00129569 0
0.00135285 0
0.00141254 0
0.00147486 0
0.00153993 0
0.00160787 0
0.0016788 0
0.00175287 0
0.00183021 0
0.00191095 0
0.00199526 0
0.00208329 0
0.0021752 0
0.00227117 0
0.00237137 0
0.002476 63.2213
0.00258523 0
0.00269929 0
0.00281838 0
0.00294273 0
0.00307256 0
0.00320812 0
0.00334965 0
0.00349744 100.501
0.00365174 0
0.00381285 0
0.00398107 0
0.00415671 0
0.0043401 0
0.00453158 0
0.00473151 0
0.00494026 0
0.00515822 0
0.0053858 0
0.00562341 13.9997
0.00587151 0
0.00613056 0
0.00640103 0
0.00668344 0
0.00697831 0
0.00728618 0
0.00760764 0
0.00794328 0
0.00829373 0
0.00865964 102.92
0.0090417 64.0829
0.00944061 0
0.00985712 0
0.010292 0
0.0107461 95.9872
0.0112202 0
0.0117152 0
0.0122321 99.2348
0.0127717 0
0.0133352 85.0981
0.0139236 63.2159
0.0145378 196.611
0.0151792 102.899
0.0158489 119.083
0.0165482 0
0.0172783 67.3061
0.0180406 83.7246
0.0188365 52.0915
0.0196675 0
0.0205353 0
0.0214412 195.128
0.0223872 120.625
0.0233749 54.0906
0.0244062 254.812
0.025483 164.662
0.0266073 57.0037
0.0277811 187.51
0.0290068 73.5378
0.0302866 107.738
0.0316228 90.518
0.0330179 535.014
0.0344747 289.872
0.0359956 310.136
0.0375837 339.06
0.0392419 422.976
0.0409732 149.877
0.0427809 481.053
0.0446684 516.6
0.0466391 167.213
0.0486968 493.237
0.0508452 519.994
0.0530884 597.805
0.0554307 519.825
0.0578762 673.054
0.0604296 742.72
0.0630957 442.456
0.0658795 689.079
0.068786 485.1
0.0718208 823.297
0.0749894 799.155
0.0782979 812.192
0.0817523 945.345
0.0853591 841.769
0.0891251 1819.02
0.0930572 678.321
0.0971628 1253.08
0.10145 1179.46
0.105925 1676.6
0.110599 1008.29
0.115478 1503.72
0.120573 1289.85
0.125893 1216.93
0.131447 1447.03
0.137246 1411.07
0.143301 1702.94
0.149624 1653.52
0.156225 967.238
0.163117 1563.8
0.170314 1522.63
0.177828 1918.26
0.185674 1205.13
0.193865 1188.05
0.202418 2037.44
0.211349 1778.85
0.220673 2430.83
0.230409 2947.66
0.240575 1738.32
0.251189 1787.7
0.262271 2669.31
0.273842 1440.47
0.285924 2112.34
0.298538 1616.05
0.311709 2538.48
0.325462 1945.82
0.339821 2144.61
0.354813 2084.69
0.370467 2634.98
0.386812 2507.39
0.403878 2048.25
0.421697 2076.16
0.440301 1699.08
0.459727 2107.47
0.48001 2622.69
0.501187 1716.09
0.523299 1235.08
0.546387 1540.55
0.570493 2155.48
0.595662 1729.03
0.621942 2335.56
0.649382 1638.49
0.678032 1173.96
0.707946 1293.38
0.73918 2372.16
0.771792 1390.81
0.805842 1550.28
0.841395 1244.38
0.878517 1790.56
0.917276 1890.7
0.957745 880.003
1 785.858
1.04412 1159.75
1.09018 1550.5
1.13828 1065.83
1.1885 913.666
1.24094 1051.5
1.29569 879.29
1.35285 762.115
1.41254 1025.9
1.47486 460.514
1.53993 990.609
1.60787 765.405
1.6788 887.12
1.75287 547.952
1.83021 636.911
1.91095 329.764
1.99526 835.829
2.08329 401.869
2.1752 423.446
2.27117 414.515
2.37137 517.346
2.476 632.83
2.58523 406.824
2.69929 418.294
2.81838 536.173
2.94273 388.545
3.07256 482.517
3.20812 425.975
3.34965 185.623
3.49744 385.257
3.65174 396.366
3.81285 446.293
3.98107 356.525
4.15671 282.952
4.3401 405.352
4.53158 551.795
4.73151 223.595
4.94026 249.218
5.15822 649.576
5.3858 348.321
5.62341 280.784
5.87151 271.624
6.13056 200.556
6.40103 275.05
6.68344 315.656
6.97831 515.7
7.28618 341.702
7.60764 346.43
7.94328 345.516
8.29373 137.331
8.65964 136.887
9.0417 164.426
9.44061 70.9082
9.85712 230.034
10.292 188.797
10.7461 178.551
11.2202 440
11.7152 84.5281
12.2321 431.711
12.7717 208.176
13.3352 213.398
13.9236 94.0522
14.5378 161.014
15.1792 220.216
15.8489 280.528
16.5482 106.471
17.2783 0
18.0406 343.233
18.8365 254.452
19.6675 283.285
20.5353 251.498
21.4412 146.112
22.3872 177.426
23.3749 297.623
24.4062 135.324
25.483 122.51
26.6073 377.711
27.7811 169.36
29.0068 249.44
30.2866 248.758
31.6228 370.987
33.0179 280.54
34.4747 395.692
35.9956 82.8827
37.5837 112.518
39.2419 86.0934
40.9732 97.1059
42.7809 295.639
44.6684 368.223
46.6391 279.267
48.6968 567.557
50.8452 329.524
53.0884 168.291
55.4307 0
57.8762 0
60.4296 251.82
63.0957 292.917
65.8795 388.806
68.786 0
71.8208 441.418
74.9894 477.492
78.2979 78.2631
81.7523 329.767
85.3591 186.952
89.1251 223.867
93.0572 182.994
97.1628 338.507
101.45 59.1232
105.925 303.723
110.599 135.081
115.478 343.852
120.573 0
125.893 270.779
131.447 134.168
137.246 205.083
143.301 237.041
149.624 324.471
156.225 175.85
163.117 108.361
170.314 208.385
177.828 403.805
185.674 306.588
193.865 121.903
202.418 278.81
211.349 178.984
220.673 0
230.409 134.471
240.575 0
251.189 0
262.271 222.982
273.842 98.2296
285.924 91.6894
298.538 82.2459
311.709 0
325.462 44.4065
339.821 0
354.813 0
370.467 0
386.812 0
403.878 0
421.697 0
440.301 0
459.727 0
480.01 0
501.187 0
523.299 0
546.387 0
570.493 0
595.662 0
621.942 0
649.382 0
678.032 0
707.946 0
739.18 0
771.792 0
805.842 0
841.395 0
878.517 0
917.276 0
957.745 0
1000 0
