# First line is two numbers 
#     First value is '2', it means 'histogram mode'
#     Second value is 'Emin' of the histogram
# Other lines : 2 columns. 1) energy 2) probability (nb divided by NbEvent)
# Number of bins = 480
# Content below the first bin: 0
# Content above the last  bin: 0
# Content above the last  bin: 0
# Number of events: 209000
2 1e-06
1.04412e-06 0
1.09018e-06 0
1.13828e-06 0
1.1885e-06 0
1.24094e-06 0
1.29569e-06 0
1.35285e-06 0
1.41254e-06 0
1.47486e-06 0
1.53993e-06 0
1.60787e-06 0
1.6788e-06 0
1.75287e-06 0
1.83021e-06 0
1.91095e-06 0
1.99526e-06 0
2.08329e-06 0
2.1752e-06 0
2.27117e-06 0
2.37137e-06 0
2.476e-06 0
2.58523e-06 0
2.69929e-06 0
2.81838e-06 0
2.94273e-06 0
3.07256e-06 0
3.20812e-06 0
3.34965e-06 0
3.49744e-06 0
3.65174e-06 0
3.81285e-06 0
3.98107e-06 0
4.15671e-06 0
4.3401e-06 0
4.53158e-06 0
4.73151e-06 0
4.94026e-06 0
5.15822e-06 0
5.3858e-06 0
5.62341e-06 0
5.87151e-06 0
6.13056e-06 0
6.40103e-06 0
6.68344e-06 0
6.97831e-06 0
7.28618e-06 0
7.60764e-06 0
7.94328e-06 0
8.29373e-06 0
8.65964e-06 0
9.0417e-06 0
9.44061e-06 0
9.85712e-06 0
1.0292e-05 0
1.07461e-05 0
1.12202e-05 0
1.17152e-05 0
1.22321e-05 0
1.27717e-05 0
1.33352e-05 0
1.39236e-05 0
1.45378e-05 0
1.51792e-05 0
1.58489e-05 0
1.65482e-05 0
1.72783e-05 0
1.80406e-05 0
1.88365e-05 0
1.96675e-05 0
2.05353e-05 0
2.14412e-05 0
2.23872e-05 0
2.33749e-05 0
2.44062e-05 0
2.5483e-05 0
2.66073e-05 0
2.77811e-05 0
2.90068e-05 0
3.02866e-05 0
3.16228e-05 0
3.30179e-05 0
3.44747e-05 0
3.59956e-05 0
3.75837e-05 0
3.92419e-05 0
4.09732e-05 0
4.27809e-05 0
4.46684e-05 0
4.66391e-05 0
4.86968e-05 0
5.08452e-05 0
5.30884e-05 0
5.54307e-05 0
5.78762e-05 0
6.04296e-05 0
6.30957e-05 0
6.58795e-05 0
6.8786e-05 0
7.18208e-05 0
7.49894e-05 0
7.82979e-05 0
8.17523e-05 0
8.53591e-05 0
8.91251e-05 0
9.30572e-05 0
9.71628e-05 0
0.00010145 0
0.000105925 0
0.000110599 0
0.000115478 0
0.000120573 0
0.000125893 0
0.000131447 0
0.000137246 0
0.000143301 0
0.000149624 0
0.000156225 0
0.000163117 0
0.000170314 0
0.000177828 0
0.000185674 0
0.000193865 0
0.000202418 0
0.000211349 0
0.000220673 0
0.000230409 0
0.000240575 0
0.000251189 0
0.000262271 0
0.000273842 0
0.000285924 0
0.000298538 0
0.000311709 0
0.000325462 0
0.000339821 0
0.000354813 0
0.000370467 0
0.000386812 0
0.000403878 0
0.000421697 0
0.000440301 0
0.000459727 0
0.00048001 0
0.000501187 0
0.000523299 0
0.000546387 0
0.000570493 0
0.000595662 0
0.000621942 0
0.000649382 107.037
0.000678032 0
0.000707946 0
0.00073918 0
0.000771792 0
0.000805842 0
0.000841395 0
0.000878517 0
0.000917276 0
0.000957745 0
0.001 0
0.00104412 0
0.00109018 0
0.00113828 0
0.0011885 0
0.00124094 0
0.00129569 0
0.00135285 0
0.00141254 0
0.00147486 0
0.00153993 0
0.00160787 0
0.0016788 0
0.00175287 0
0.00183021 0
0.00191095 0
0.00199526 0
0.00208329 0
0.0021752 0
0.00227117 0
0.00237137 0
0.002476 0
0.00258523 0
0.00269929 0
0.00281838 0
0.00294273 0
0.00307256 76.7838
0.00320812 0
0.00334965 0
0.00349744 0
0.00365174 0
0.00381285 0
0.00398107 0
0.00415671 0
0.0043401 0
0.00453158 0
0.00473151 0
0.00494026 0
0.00515822 0
0.0053858 0
0.00562341 0
0.00587151 0
0.00613056 0
0.00640103 0
0.00668344 99.0714
0.00697831 0
0.00728618 0
0.00760764 0
0.00794328 0
0.00829373 0
0.00865964 285.519
0.0090417 0
0.00944061 99.917
0.00985712 77.3966
0.010292 0
0.0107461 0
0.0112202 107.929
0.0117152 64.745
0.0122321 0
0.0127717 0
0.0133352 0
0.0139236 109.768
0.0145378 224.51
0.0151792 41.0181
0.0158489 110.904
0.0165482 0
0.0172783 96.1388
0.0180406 144.179
0.0188365 100.846
0.0196675 0
0.0205353 293.647
0.0214412 134.5
0.0223872 259.369
0.0233749 63.3405
0.0244062 196.443
0.025483 75.875
0.0266073 120.045
0.0277811 30.4256
0.0290068 276.4
0.0302866 223.06
0.0316228 683.928
0.0330179 45.739
0.0344747 293.273
0.0359956 93.4762
0.0375837 258.486
0.0392419 472.133
0.0409732 254.2
0.0427809 746.763
0.0446684 176.835
0.0466391 537.797
0.0486968 155.86
0.0508452 601.897
0.0530884 518.714
0.0554307 535.937
0.0578762 570.712
0.0604296 570.386
0.0630957 671.321
0.0658795 1290.18
0.068786 955.879
0.0718208 930.993
0.0749894 1025.46
0.0782979 410.156
0.0817523 1024.67
0.0853591 680.542
0.0891251 1227.88
0.0930572 1310.84
0.0971628 1537.94
0.10145 1321.63
0.105925 1459.52
0.110599 943.662
0.115478 1196.44
0.120573 2052.56
0.125893 2050.08
0.131447 1831.88
0.137246 1882.25
0.143301 1299.84
0.149624 2114.52
0.156225 1943.61
0.163117 1912.43
0.170314 2165.25
0.177828 1717.31
0.185674 2596.6
0.193865 2159.38
0.202418 2619.04
0.211349 2566.93
0.220673 2455
0.230409 2270.87
0.240575 2993.02
0.251189 2589.78
0.262271 3368.09
0.273842 3393.62
0.285924 2628.1
0.298538 3279.56
0.311709 2693.04
0.325462 3606.98
0.339821 2607.8
0.354813 3166.84
0.370467 3115.94
0.386812 3347.83
0.403878 3127.01
0.421697 3440.4
0.440301 3346.1
0.459727 2887.56
0.48001 4219.96
0.501187 2716.05
0.523299 4005.53
0.546387 4043.04
0.570493 3854.21
0.595662 3679.38
0.621942 3875.36
0.649382 2811.71
0.678032 3626.17
0.707946 3017.08
0.73918 3044.65
0.771792 2085.74
0.805842 2923.28
0.841395 2776.22
0.878517 4047.42
0.917276 2521.13
0.957745 3006.94
1 3816.75
1.04412 2033.28
1.09018 2442.35
1.13828 2791.95
1.1885 3629.04
1.24094 2614.77
1.29569 2431.71
1.35285 2042.62
1.41254 2285.99
1.47486 2197.69
1.53993 1255.06
1.60787 1356.65
1.6788 1139.56
1.75287 1383.03
1.83021 2026.44
1.91095 1835.66
1.99526 1046.75
2.08329 1473.38
2.1752 940.777
2.27117 1459.44
2.37137 1221.58
2.476 678.149
2.58523 1346.57
2.69929 893.918
2.81838 783.271
2.94273 1429.11
3.07256 1482.56
3.20812 1234.05
3.34965 1335.25
3.49744 1000.78
3.65174 1249.42
3.81285 765.452
3.98107 1153.04
4.15671 1391.53
4.3401 893.73
4.53158 970.593
4.73151 782.29
4.94026 937.621
5.15822 900.051
5.3858 735.248
5.62341 1266.42
5.87151 570.077
6.13056 868.574
6.40103 492.129
6.68344 340.61
6.97831 806.353
7.28618 350.352
7.60764 812.546
7.94328 904.872
8.29373 479.726
8.65964 558.292
9.0417 432.943
9.44061 519.962
9.85712 598.949
10.292 691.081
10.7461 783.006
11.2202 905.043
11.7152 374.403
12.2321 617.788
12.7717 888.144
13.3352 701.005
13.9236 727.339
14.5378 610.052
15.1792 211.59
15.8489 395.734
16.5482 597.034
17.2783 106.412
18.0406 182.777
18.8365 492.283
19.6675 680.81
20.5353 660.5
21.4412 443.274
22.3872 400.27
23.3749 428.487
24.4062 316.788
25.483 680.01
26.6073 523.347
27.7811 554.031
29.0068 1027.41
30.2866 739.707
31.6228 644.038
33.0179 294.823
34.4747 423.807
35.9956 135.939
37.5837 638.109
39.2419 370.422
40.9732 422.763
42.7809 852.833
44.6684 408.445
46.6391 861.19
48.6968 625.791
50.8452 698.248
53.0884 879.228
55.4307 447.626
57.8762 464.941
60.4296 1036.55
63.0957 784.046
65.8795 370.498
68.786 956.145
71.8208 975.692
74.9894 605.511
78.2979 864.055
81.7523 1065.89
85.3591 797.189
89.1251 1000.94
93.0572 715.037
97.1628 972.694
101.45 545.188
105.925 909.745
110.599 1478.45
115.478 626.15
120.573 1358.51
125.893 1290.72
131.447 1065.23
137.246 889.625
143.301 1230.78
149.624 649.178
156.225 967.11
163.117 962.377
170.314 875.02
177.828 1159.98
185.674 714.58
193.865 1132.65
202.418 1322.86
211.349 1011.9
220.673 536.455
230.409 772.728
240.575 896.177
251.189 773.325
262.271 896.847
273.842 755.245
285.924 894.424
298.538 389.782
311.709 1219.7
325.462 530.163
339.821 572.318
354.813 593.531
370.467 450.621
386.812 553.214
403.878 44.301
421.697 356.105
440.301 239.426
459.727 473.264
480.01 142.333
501.187 108.007
523.299 52.7014
546.387 114.145
570.493 77.6446
595.662 90.2434
621.942 84.2655
649.382 141.646
678.032 171.447
707.946 0
739.18 0
771.792 0
805.842 99.1746
841.395 107.12
878.517 101.648
917.276 0
957.745 0
1000 0
