# First line is two numbers 
#     First value is '2', it means 'histogram mode'
#     Second value is 'Emin' of the histogram
# Other lines : 2 columns. 1) energy 2) probability (nb divided by NbEvent)
# Number of bins = 480
# Content below the first bin: 0
# Content above the last  bin: 0
# Content above the last  bin: 0
# Number of events: 209000
2 1e-06
1.04412e-06 0
1.09018e-06 0
1.13828e-06 0
1.1885e-06 0
1.24094e-06 0
1.29569e-06 0
1.35285e-06 0
1.41254e-06 0
1.47486e-06 0
1.53993e-06 0
1.60787e-06 0
1.6788e-06 0
1.75287e-06 0
1.83021e-06 0
1.91095e-06 0
1.99526e-06 0
2.08329e-06 0
2.1752e-06 0
2.27117e-06 0
2.37137e-06 0
2.476e-06 0
2.58523e-06 0
2.69929e-06 0
2.81838e-06 0
2.94273e-06 0
3.07256e-06 0
3.20812e-06 0
3.34965e-06 0
3.49744e-06 0
3.65174e-06 0
3.81285e-06 0
3.98107e-06 0
4.15671e-06 0
4.3401e-06 0
4.53158e-06 0
4.73151e-06 0
4.94026e-06 0
5.15822e-06 0
5.3858e-06 0
5.62341e-06 0
5.87151e-06 0
6.13056e-06 0
6.40103e-06 0
6.68344e-06 0
6.97831e-06 0
7.28618e-06 0
7.60764e-06 0
7.94328e-06 0
8.29373e-06 0
8.65964e-06 0
9.0417e-06 0
9.44061e-06 0
9.85712e-06 0
1.0292e-05 0
1.07461e-05 0
1.12202e-05 0
1.17152e-05 0
1.22321e-05 0
1.27717e-05 0
1.33352e-05 0
1.39236e-05 0
1.45378e-05 0
1.51792e-05 0
1.58489e-05 0
1.65482e-05 0
1.72783e-05 0
1.80406e-05 0
1.88365e-05 0
1.96675e-05 0
2.05353e-05 0
2.14412e-05 0
2.23872e-05 0
2.33749e-05 0
2.44062e-05 0
2.5483e-05 0
2.66073e-05 0
2.77811e-05 0
2.90068e-05 0
3.02866e-05 0
3.16228e-05 0
3.30179e-05 0
3.44747e-05 0
3.59956e-05 0
3.75837e-05 0
3.92419e-05 0
4.09732e-05 0
4.27809e-05 0
4.46684e-05 0
4.66391e-05 0
4.86968e-05 0
5.08452e-05 0
5.30884e-05 0
5.54307e-05 0
5.78762e-05 0
6.04296e-05 0
6.30957e-05 0
6.58795e-05 0
6.8786e-05 0
7.18208e-05 0
7.49894e-05 0
7.82979e-05 0
8.17523e-05 0
8.53591e-05 0
8.91251e-05 0
9.30572e-05 0
9.71628e-05 0
0.00010145 0
0.000105925 0
0.000110599 0
0.000115478 0
0.000120573 0
0.000125893 0
0.000131447 0
0.000137246 0
0.000143301 0
0.000149624 0
0.000156225 0
0.000163117 0
0.000170314 0
0.000177828 0
0.000185674 0
0.000193865 0
0.000202418 0
0.000211349 0
0.000220673 0
0.000230409 0
0.000240575 0
0.000251189 0
0.000262271 0
0.000273842 0
0.000285924 0
0.000298538 0
0.000311709 0
0.000325462 0
0.000339821 0
0.000354813 0
0.000370467 0
0.000386812 0
0.000403878 0
0.000421697 0
0.000440301 0
0.000459727 0
0.00048001 0
0.000501187 0
0.000523299 0
0.000546387 0
0.000570493 0
0.000595662 0
0.000621942 0
0.000649382 0
0.000678032 0
0.000707946 0
0.00073918 0
0.000771792 0
0.000805842 0
0.000841395 0
0.000878517 0
0.000917276 0
0.000957745 0
0.001 0
0.00104412 0
0.00109018 0
0.00113828 0
0.0011885 0
0.00124094 0
0.00129569 0
0.00135285 0
0.00141254 0
0.00147486 0
0.00153993 0
0.00160787 0
0.0016788 0
0.00175287 97.0935
0.00183021 0
0.00191095 0
0.00199526 0
0.00208329 0
0.0021752 0
0.00227117 0
0.00237137 0
0.002476 0
0.00258523 0
0.00269929 0
0.00281838 0
0.00294273 0
0.00307256 0
0.00320812 0
0.00334965 0
0.00349744 0
0.00365174 0
0.00381285 0
0.00398107 0
0.00415671 0
0.0043401 0
0.00453158 0
0.00473151 0
0.00494026 0
0.00515822 0
0.0053858 44.6061
0.00562341 0
0.00587151 0
0.00613056 0
0.00640103 0
0.00668344 0
0.00697831 0
0.00728618 119.622
0.00760764 0
0.00794328 164.144
0.00829373 0
0.00865964 77.2639
0.0090417 0
0.00944061 0
0.00985712 80.3281
0.010292 0
0.0107461 0
0.0112202 196.355
0.0117152 0
0.0122321 73.2002
0.0127717 0
0.0133352 0
0.0139236 0
0.0145378 0
0.0151792 0
0.0158489 72.2493
0.0165482 102.546
0.0172783 33.8713
0.0180406 0
0.0188365 44.7419
0.0196675 212.216
0.0205353 78.7908
0.0214412 172.494
0.0223872 0
0.0233749 281.998
0.0244062 243.124
0.025483 0
0.0266073 309.703
0.0277811 263.482
0.0290068 60.563
0.0302866 320.433
0.0316228 211.29
0.0330179 0
0.0344747 460.444
0.0359956 120.368
0.0375837 87.4163
0.0392419 525.149
0.0409732 107.28
0.0427809 170.629
0.0446684 577.134
0.0466391 429.735
0.0486968 639.373
0.0508452 455.772
0.0530884 607.137
0.0554307 385.204
0.0578762 325.518
0.0604296 302.619
0.0630957 1205.76
0.0658795 820.986
0.068786 649.055
0.0718208 305.94
0.0749894 317.974
0.0782979 1127.82
0.0817523 1060.49
0.0853591 1418.68
0.0891251 968.086
0.0930572 463.085
0.0971628 1093.32
0.10145 1100.75
0.105925 951.569
0.110599 1503.65
0.115478 1631.79
0.120573 1067.27
0.125893 1766.12
0.131447 1364.06
0.137246 1151.07
0.143301 1432.6
0.149624 889.415
0.156225 1523.37
0.163117 886.426
0.170314 1680.11
0.177828 1950.19
0.185674 1108.79
0.193865 1050.97
0.202418 1073.2
0.211349 1115.27
0.220673 2696.28
0.230409 1341.64
0.240575 1337.25
0.251189 1402.51
0.262271 1573.9
0.273842 1806.71
0.285924 1556.41
0.298538 1573.53
0.311709 1912.49
0.325462 1924.8
0.339821 2178.55
0.354813 1932.75
0.370467 2510.71
0.386812 1494.29
0.403878 1041.48
0.421697 2128.99
0.440301 1998.71
0.459727 2180.35
0.48001 1175.56
0.501187 1634.31
0.523299 813.518
0.546387 914.444
0.570493 1325.37
0.595662 1785.07
0.621942 1328.41
0.649382 1434.26
0.678032 2171.41
0.707946 1159.89
0.73918 1361.71
0.771792 954.289
0.805842 1380.48
0.841395 1729.39
0.878517 1343.66
0.917276 1477.1
0.957745 784.295
1 1248.8
1.04412 886.793
1.09018 1029.42
1.13828 1305.4
1.1885 1240.78
1.24094 854.912
1.29569 1056.18
1.35285 1041.41
1.41254 700.479
1.47486 759.627
1.53993 385.361
1.60787 604.575
1.6788 1030.16
1.75287 1051.16
1.83021 594.646
1.91095 161.049
1.99526 479.765
2.08329 88.2863
2.1752 215.396
2.27117 248.449
2.37137 1107.68
2.476 478.807
2.58523 566.581
2.69929 642.621
2.81838 532.77
2.94273 296.565
3.07256 417.341
3.20812 518.448
3.34965 332.403
3.49744 185.355
3.65174 721.652
3.81285 274.015
3.98107 363.835
4.15671 75.3541
4.3401 90.041
4.53158 520.88
4.73151 433.745
4.94026 192.451
5.15822 94.7152
5.3858 164.531
5.62341 68.1571
5.87151 566.02
6.13056 114.398
6.40103 85.9616
6.68344 156.426
6.97831 600.104
7.28618 64.1312
7.60764 86.1344
7.94328 72.2861
8.29373 0
8.65964 314.598
9.0417 423.639
9.44061 193.243
9.85712 437.179
10.292 170.127
10.7461 92.1732
11.2202 126.063
11.7152 176.125
12.2321 155.178
12.7717 206.478
13.3352 0
13.9236 263.283
14.5378 78.7669
15.1792 429.713
15.8489 190.908
16.5482 14.503
17.2783 169.86
18.0406 174.369
18.8365 193.557
19.6675 206.691
20.5353 212.305
21.4412 111.519
22.3872 140.861
23.3749 77.3175
24.4062 198.314
25.483 60.1866
26.6073 307.542
27.7811 248.12
29.0068 110.666
30.2866 77.2444
31.6228 266.095
33.0179 0
34.4747 114.541
35.9956 486.53
37.5837 186.398
39.2419 183.583
40.9732 157.112
42.7809 157.637
44.6684 723.085
46.6391 145.459
48.6968 400.531
50.8452 172.439
53.0884 387.333
55.4307 265.792
57.8762 339.106
60.4296 350.29
63.0957 325.404
65.8795 321.956
68.786 166.624
71.8208 323.001
74.9894 260.207
78.2979 301.598
81.7523 331.284
85.3591 275.88
89.1251 622.997
93.0572 158.995
97.1628 361.768
101.45 201.616
105.925 1038.02
110.599 291.824
115.478 497.161
120.573 122.029
125.893 560.009
131.447 531.058
137.246 1002.57
143.301 313.176
149.624 154.835
156.225 299.943
163.117 710.174
170.314 409.617
177.828 489.959
185.674 954.824
193.865 472.203
202.418 499.817
211.349 666.526
220.673 942.965
230.409 255.54
240.575 518.23
251.189 1106.78
262.271 1025.25
273.842 952.313
285.924 1223.52
298.538 1585.87
311.709 1432.33
325.462 923.948
339.821 762.39
354.813 1085.85
370.467 1261.96
386.812 654.607
403.878 440.11
421.697 350.53
440.301 286.723
459.727 171.962
480.01 0
501.187 281.655
523.299 32.3906
546.387 66.7034
570.493 43.7274
595.662 0
621.942 0
649.382 0
678.032 0
707.946 89.5814
739.18 0
771.792 0
805.842 0
841.395 0
878.517 0
917.276 0
957.745 0
1000 0
