# First line is two numbers 
#     First value is '2', it means 'histogram mode'
#     Second value is 'Emin' of the histogram
# Other lines : 2 columns. 1) energy 2) probability (nb divided by NbEvent)
# Number of bins = 480
# Content below the first bin: 0
# Content above the last  bin: 0
# Content above the last  bin: 0
# Number of events: 209000
2 1e-06
1.04412e-06 0
1.09018e-06 0
1.13828e-06 0
1.1885e-06 0
1.24094e-06 0
1.29569e-06 0
1.35285e-06 0
1.41254e-06 0
1.47486e-06 0
1.53993e-06 0
1.60787e-06 0
1.6788e-06 0
1.75287e-06 0
1.83021e-06 0
1.91095e-06 0
1.99526e-06 0
2.08329e-06 0
2.1752e-06 0
2.27117e-06 0
2.37137e-06 0
2.476e-06 0
2.58523e-06 0
2.69929e-06 0
2.81838e-06 0
2.94273e-06 0
3.07256e-06 0
3.20812e-06 0
3.34965e-06 0
3.49744e-06 0
3.65174e-06 0
3.81285e-06 0
3.98107e-06 0
4.15671e-06 0
4.3401e-06 0
4.53158e-06 0
4.73151e-06 0
4.94026e-06 0
5.15822e-06 0
5.3858e-06 0
5.62341e-06 0
5.87151e-06 0
6.13056e-06 0
6.40103e-06 0
6.68344e-06 0
6.97831e-06 0
7.28618e-06 0
7.60764e-06 0
7.94328e-06 0
8.29373e-06 0
8.65964e-06 0
9.0417e-06 0
9.44061e-06 0
9.85712e-06 0
1.0292e-05 0
1.07461e-05 0
1.12202e-05 0
1.17152e-05 0
1.22321e-05 0
1.27717e-05 0
1.33352e-05 0
1.39236e-05 0
1.45378e-05 0
1.51792e-05 0
1.58489e-05 0
1.65482e-05 0
1.72783e-05 0
1.80406e-05 0
1.88365e-05 0
1.96675e-05 0
2.05353e-05 0
2.14412e-05 0
2.23872e-05 0
2.33749e-05 0
2.44062e-05 0
2.5483e-05 0
2.66073e-05 0
2.77811e-05 0
2.90068e-05 0
3.02866e-05 0
3.16228e-05 0
3.30179e-05 0
3.44747e-05 0
3.59956e-05 0
3.75837e-05 0
3.92419e-05 0
4.09732e-05 0
4.27809e-05 0
4.46684e-05 0
4.66391e-05 0
4.86968e-05 0
5.08452e-05 0
5.30884e-05 0
5.54307e-05 0
5.78762e-05 0
6.04296e-05 0
6.30957e-05 0
6.58795e-05 0
6.8786e-05 0
7.18208e-05 0
7.49894e-05 0
7.82979e-05 0
8.17523e-05 0
8.53591e-05 0
8.91251e-05 0
9.30572e-05 0
9.71628e-05 0
0.00010145 0
0.000105925 0
0.000110599 0
0.000115478 0
0.000120573 0
0.000125893 0
0.000131447 0
0.000137246 0
0.000143301 0
0.000149624 0
0.000156225 0
0.000163117 0
0.000170314 0
0.000177828 0
0.000185674 0
0.000193865 0
0.000202418 0
0.000211349 0
0.000220673 0
0.000230409 0
0.000240575 0
0.000251189 0
0.000262271 1
0.000273842 0
0.000285924 0
0.000298538 0
0.000311709 0
0.000325462 0
0.000339821 0
0.000354813 0
0.000370467 0
0.000386812 0
0.000403878 0
0.000421697 0
0.000440301 0
0.000459727 0
0.00048001 0
0.000501187 0
0.000523299 0
0.000546387 0
0.000570493 0
0.000595662 0
0.000621942 0
0.000649382 0
0.000678032 0
0.000707946 0
0.00073918 1
0.000771792 0
0.000805842 0
0.000841395 0
0.000878517 0
0.000917276 0
0.000957745 0
0.001 0
0.00104412 0
0.00109018 0
0.00113828 0
0.0011885 0
0.00124094 1
0.00129569 0
0.00135285 0
0.00141254 0
0.00147486 0
0.00153993 0
0.00160787 0
0.0016788 0
0.00175287 0
0.00183021 1
0.00191095 1
0.00199526 0
0.00208329 0
0.0021752 0
0.00227117 0
0.00237137 0
0.002476 2
0.00258523 0
0.00269929 0
0.00281838 0
0.00294273 0
0.00307256 1
0.00320812 0
0.00334965 0
0.00349744 0
0.00365174 1
0.00381285 1
0.00398107 0
0.00415671 1
0.0043401 1
0.00453158 1
0.00473151 0
0.00494026 0
0.00515822 3
0.0053858 0
0.00562341 1
0.00587151 1
0.00613056 1
0.00640103 0
0.00668344 1
0.00697831 5
0.00728618 2
0.00760764 2
0.00794328 1
0.00829373 2
0.00865964 1
0.0090417 3
0.00944061 2
0.00985712 2
0.010292 2
0.0107461 3
0.0112202 4
0.0117152 1
0.0122321 6
0.0127717 9
0.0133352 6
0.0139236 5
0.0145378 4
0.0151792 5
0.0158489 11
0.0165482 11
0.0172783 11
0.0180406 16
0.0188365 12
0.0196675 9
0.0205353 8
0.0214412 10
0.0223872 13
0.0233749 15
0.0244062 16
0.025483 18
0.0266073 9
0.0277811 17
0.0290068 16
0.0302866 24
0.0316228 12
0.0330179 22
0.0344747 18
0.0359956 21
0.0375837 25
0.0392419 30
0.0409732 36
0.0427809 33
0.0446684 31
0.0466391 29
0.0486968 38
0.0508452 39
0.0530884 51
0.0554307 34
0.0578762 40
0.0604296 50
0.0630957 49
0.0658795 57
0.068786 61
0.0718208 59
0.0749894 65
0.0782979 64
0.0817523 69
0.0853591 70
0.0891251 65
0.0930572 77
0.0971628 92
0.10145 77
0.105925 95
0.110599 97
0.115478 93
0.120573 89
0.125893 105
0.131447 90
0.137246 78
0.143301 90
0.149624 93
0.156225 108
0.163117 86
0.170314 112
0.177828 109
0.185674 112
0.193865 119
0.202418 124
0.211349 132
0.220673 110
0.230409 118
0.240575 138
0.251189 103
0.262271 108
0.273842 115
0.285924 143
0.298538 144
0.311709 124
0.325462 129
0.339821 151
0.354813 136
0.370467 147
0.386812 144
0.403878 133
0.421697 120
0.440301 131
0.459727 148
0.48001 130
0.501187 124
0.523299 126
0.546387 126
0.570493 123
0.595662 132
0.621942 130
0.649382 132
0.678032 108
0.707946 115
0.73918 114
0.771792 101
0.805842 109
0.841395 82
0.878517 96
0.917276 99
0.957745 107
1 89
1.04412 76
1.09018 85
1.13828 84
1.1885 75
1.24094 63
1.29569 58
1.35285 65
1.41254 62
1.47486 59
1.53993 57
1.60787 50
1.6788 49
1.75287 38
1.83021 42
1.91095 36
1.99526 50
2.08329 39
2.1752 33
2.27117 37
2.37137 31
2.476 31
2.58523 34
2.69929 31
2.81838 39
2.94273 31
3.07256 24
3.20812 32
3.34965 30
3.49744 26
3.65174 20
3.81285 32
3.98107 18
4.15671 24
4.3401 25
4.53158 21
4.73151 26
4.94026 18
5.15822 18
5.3858 16
5.62341 18
5.87151 10
6.13056 20
6.40103 22
6.68344 27
6.97831 14
7.28618 13
7.60764 16
7.94328 13
8.29373 18
8.65964 17
9.0417 17
9.44061 12
9.85712 9
10.292 8
10.7461 9
11.2202 8
11.7152 14
12.2321 9
12.7717 11
13.3352 15
13.9236 20
14.5378 13
15.1792 6
15.8489 11
16.5482 16
17.2783 14
18.0406 14
18.8365 12
19.6675 18
20.5353 8
21.4412 13
22.3872 6
23.3749 16
24.4062 15
25.483 10
26.6073 16
27.7811 14
29.0068 12
30.2866 11
31.6228 14
33.0179 14
34.4747 9
35.9956 20
37.5837 13
39.2419 13
40.9732 24
42.7809 14
44.6684 21
46.6391 27
48.6968 27
50.8452 21
53.0884 17
55.4307 20
57.8762 21
60.4296 22
63.0957 23
65.8795 21
68.786 24
71.8208 18
74.9894 25
78.2979 27
81.7523 32
85.3591 22
89.1251 33
93.0572 24
97.1628 28
101.45 30
105.925 31
110.599 31
115.478 36
120.573 32
125.893 27
131.447 33
137.246 39
143.301 39
149.624 38
156.225 40
163.117 43
170.314 41
177.828 40
185.674 51
193.865 36
202.418 38
211.349 50
220.673 57
230.409 58
240.575 60
251.189 65
262.271 60
273.842 64
285.924 59
298.538 70
311.709 71
325.462 66
339.821 76
354.813 55
370.467 53
386.812 51
403.878 26
421.697 25
440.301 19
459.727 14
480.01 4
501.187 8
523.299 5
546.387 2
570.493 7
595.662 4
621.942 1
649.382 1
678.032 6
707.946 0
739.18 5
771.792 2
805.842 2
841.395 2
878.517 1
917.276 0
957.745 2
1000 0
