# First line is two numbers 
#     First value is '2', it means 'histogram mode'
#     Second value is 'Emin' of the histogram
# Other lines : 2 columns. 1) energy 2) probability (nb divided by NbEvent)
# Number of bins = 480
# Content below the first bin: 0
# Content above the last  bin: 0
# Content above the last  bin: 0
# Number of events: 209000
2 1e-06
1.04412e-06 0
1.09018e-06 0
1.13828e-06 0
1.1885e-06 0
1.24094e-06 0
1.29569e-06 0
1.35285e-06 0
1.41254e-06 0
1.47486e-06 0
1.53993e-06 0
1.60787e-06 0
1.6788e-06 0
1.75287e-06 0
1.83021e-06 0
1.91095e-06 0
1.99526e-06 0
2.08329e-06 0
2.1752e-06 0
2.27117e-06 0
2.37137e-06 0
2.476e-06 0
2.58523e-06 0
2.69929e-06 0
2.81838e-06 0
2.94273e-06 0
3.07256e-06 0
3.20812e-06 0
3.34965e-06 0
3.49744e-06 0
3.65174e-06 0
3.81285e-06 0
3.98107e-06 0
4.15671e-06 0
4.3401e-06 0
4.53158e-06 0
4.73151e-06 0
4.94026e-06 0
5.15822e-06 0
5.3858e-06 0
5.62341e-06 0
5.87151e-06 0
6.13056e-06 0
6.40103e-06 0
6.68344e-06 0
6.97831e-06 0
7.28618e-06 0
7.60764e-06 0
7.94328e-06 0
8.29373e-06 0
8.65964e-06 0
9.0417e-06 0
9.44061e-06 0
9.85712e-06 0
1.0292e-05 0
1.07461e-05 0
1.12202e-05 0
1.17152e-05 0
1.22321e-05 0
1.27717e-05 0
1.33352e-05 0
1.39236e-05 0
1.45378e-05 0
1.51792e-05 0
1.58489e-05 0
1.65482e-05 0
1.72783e-05 0
1.80406e-05 0
1.88365e-05 0
1.96675e-05 0
2.05353e-05 0
2.14412e-05 0
2.23872e-05 0
2.33749e-05 0
2.44062e-05 0
2.5483e-05 0
2.66073e-05 0
2.77811e-05 0
2.90068e-05 0
3.02866e-05 0
3.16228e-05 0
3.30179e-05 0
3.44747e-05 0
3.59956e-05 0
3.75837e-05 0
3.92419e-05 0
4.09732e-05 0
4.27809e-05 0
4.46684e-05 0
4.66391e-05 0
4.86968e-05 0
5.08452e-05 0
5.30884e-05 0
5.54307e-05 0
5.78762e-05 0
6.04296e-05 0
6.30957e-05 0
6.58795e-05 0
6.8786e-05 0
7.18208e-05 0
7.49894e-05 0
7.82979e-05 0
8.17523e-05 0
8.53591e-05 84.8691
8.91251e-05 0
9.30572e-05 0
9.71628e-05 0
0.00010145 0
0.000105925 0
0.000110599 0
0.000115478 0
0.000120573 0
0.000125893 0
0.000131447 0
0.000137246 0
0.000143301 0
0.000149624 0
0.000156225 0
0.000163117 0
0.000170314 0
0.000177828 0
0.000185674 0
0.000193865 0
0.000202418 0
0.000211349 0
0.000220673 0
0.000230409 0
0.000240575 0
0.000251189 0
0.000262271 0
0.000273842 0
0.000285924 0
0.000298538 0
0.000311709 0
0.000325462 0
0.000339821 0
0.000354813 0
0.000370467 0
0.000386812 0
0.000403878 0
0.000421697 0
0.000440301 0
0.000459727 0
0.00048001 0
0.000501187 0
0.000523299 0
0.000546387 0
0.000570493 0
0.000595662 0
0.000621942 0
0.000649382 54.4572
0.000678032 0
0.000707946 0
0.00073918 0
0.000771792 0
0.000805842 0
0.000841395 0
0.000878517 0
0.000917276 0
0.000957745 0
0.001 0
0.00104412 0
0.00109018 0
0.00113828 0
0.0011885 0
0.00124094 0
0.00129569 0
0.00135285 98.4093
0.00141254 0
0.00147486 0
0.00153993 0
0.00160787 0
0.0016788 100.364
0.00175287 0
0.00183021 0
0.00191095 0
0.00199526 0
0.00208329 0
0.0021752 0
0.00227117 0
0.00237137 0
0.002476 0
0.00258523 0
0.00269929 0
0.00281838 0
0.00294273 0
0.00307256 0
0.00320812 0
0.00334965 103.695
0.00349744 0
0.00365174 0
0.00381285 77.1128
0.00398107 0
0.00415671 78.9522
0.0043401 0
0.00453158 101.591
0.00473151 0
0.00494026 0
0.00515822 72.9403
0.0053858 0
0.00562341 103.107
0.00587151 117.182
0.00613056 0
0.00640103 0
0.00668344 248.301
0.00697831 93.5976
0.00728618 204.266
0.00760764 104.083
0.00794328 215.445
0.00829373 222.22
0.00865964 209.39
0.0090417 98.8217
0.00944061 134.668
0.00985712 78.462
0.010292 80.8438
0.0107461 202.966
0.0112202 53.6068
0.0117152 204.874
0.0122321 348.64
0.0127717 134.813
0.0133352 192.759
0.0139236 82.5393
0.0145378 235.691
0.0151792 131.636
0.0158489 476.525
0.0165482 452.222
0.0172783 732.232
0.0180406 563.373
0.0188365 603.533
0.0196675 501.281
0.0205353 339.272
0.0214412 431.035
0.0223872 415.221
0.0233749 552.769
0.0244062 282.966
0.025483 823.268
0.0266073 1123.37
0.0277811 982.941
0.0290068 1327.69
0.0302866 730.418
0.0316228 1160.98
0.0330179 1073.38
0.0344747 952.078
0.0359956 2018.94
0.0375837 1416.58
0.0392419 3015.02
0.0409732 2216.18
0.0427809 1464.68
0.0446684 2018.64
0.0466391 1836.1
0.0486968 2866.31
0.0508452 1577.95
0.0530884 3290.25
0.0554307 2670.66
0.0578762 1986.62
0.0604296 2950.27
0.0630957 2426.98
0.0658795 3010.22
0.068786 3450.46
0.0718208 2995.49
0.0749894 3537.68
0.0782979 2933.26
0.0817523 3479.71
0.0853591 4475.8
0.0891251 3901.82
0.0930572 4485.52
0.0971628 3960.31
0.10145 4522.66
0.105925 3231.98
0.110599 3960.9
0.115478 5591.41
0.120573 5779.81
0.125893 5630.66
0.131447 4713.21
0.137246 5885.89
0.143301 6386.36
0.149624 4969.64
0.156225 6651.27
0.163117 6569.8
0.170314 6340.72
0.177828 5808.26
0.185674 6448.86
0.193865 6705.17
0.202418 7484.01
0.211349 7103.52
0.220673 6402.33
0.230409 7111.9
0.240575 6232.51
0.251189 8073.51
0.262271 6555.59
0.273842 7302.85
0.285924 7895.87
0.298538 6357.69
0.311709 8884.22
0.325462 6664.88
0.339821 7592.99
0.354813 6665.55
0.370467 8131.64
0.386812 6743.39
0.403878 8666.3
0.421697 7847.14
0.440301 8461.25
0.459727 8556.22
0.48001 7875.2
0.501187 7919.8
0.523299 8732.9
0.546387 8382.29
0.570493 7053.14
0.595662 7766.31
0.621942 7730.1
0.649382 8114.35
0.678032 8031.64
0.707946 8299.77
0.73918 7477.63
0.771792 5709.15
0.805842 5534.08
0.841395 5279.65
0.878517 4927.17
0.917276 5126.6
0.957745 6339.79
1 4825.68
1.04412 5357.8
1.09018 4006.28
1.13828 3920.37
1.1885 3867.73
1.24094 3205.43
1.29569 4053.55
1.35285 2637.98
1.41254 3001.49
1.47486 2563.64
1.53993 2752.46
1.60787 3458.27
1.6788 2767.93
1.75287 2600.18
1.83021 3498.9
1.91095 3035.08
1.99526 2103.36
2.08329 1943.83
2.1752 1734.42
2.27117 1817.44
2.37137 1882.98
2.476 2810.89
2.58523 1360.77
2.69929 2024.18
2.81838 1723.52
2.94273 2184.44
3.07256 2200.05
3.20812 1786.98
3.34965 1306.01
3.49744 951.268
3.65174 1437.26
3.81285 1433.06
3.98107 1600.25
4.15671 1605.91
4.3401 2121.81
4.53158 1517.86
4.73151 1720.49
4.94026 2047.75
5.15822 949.33
5.3858 1373.81
5.62341 535.768
5.87151 1023.14
6.13056 1315.57
6.40103 880.557
6.68344 853.82
6.97831 1019.85
7.28618 333.291
7.60764 461.254
7.94328 473.207
8.29373 1223.58
8.65964 1358.89
9.0417 851.335
9.44061 1329.43
9.85712 693.413
10.292 1149.44
10.7461 982.085
11.2202 1155.11
11.7152 1043.44
12.2321 1113.02
12.7717 967.234
13.3352 714.348
13.9236 1009.52
14.5378 618.831
15.1792 606.138
15.8489 854.564
16.5482 588.458
17.2783 423.037
18.0406 559.553
18.8365 770.465
19.6675 741.49
20.5353 398.367
21.4412 954.106
22.3872 1076.29
23.3749 241.947
24.4062 1158.44
25.483 887.175
26.6073 460.143
27.7811 1374.11
29.0068 787.367
30.2866 859.222
31.6228 983.54
33.0179 617.667
34.4747 1114.41
35.9956 665.417
37.5837 1528.81
39.2419 1148.09
40.9732 1040.73
42.7809 1268.55
44.6684 1008.66
46.6391 515.873
48.6968 1100.33
50.8452 1369.96
53.0884 1008.93
55.4307 1262.36
57.8762 1486.43
60.4296 1121.78
63.0957 1953.79
65.8795 1543.69
68.786 1019.77
71.8208 1743.06
74.9894 1825.86
78.2979 1636.54
81.7523 1131.69
85.3591 653.365
89.1251 1609.97
93.0572 1989.85
97.1628 1388.67
101.45 1719.46
105.925 1330.32
110.599 2143.96
115.478 1708.7
120.573 2436.38
125.893 1863.44
131.447 1343.81
137.246 1944.49
143.301 2570.66
149.624 2282.73
156.225 3017.71
163.117 2967.45
170.314 2213.9
177.828 2138.86
185.674 2092.73
193.865 3010.28
202.418 2786.75
211.349 2810.39
220.673 3026.04
230.409 2666.31
240.575 4375.93
251.189 4154.05
262.271 3583.98
273.842 3025.03
285.924 3435.37
298.538 5260.93
311.709 4552.41
325.462 4628.89
339.821 4594.52
354.813 4887.11
370.467 4400.33
386.812 2472.36
403.878 2790.18
421.697 2006.71
440.301 1194.45
459.727 1253.04
480.01 642.491
501.187 451.931
523.299 461.566
546.387 411.839
570.493 233.435
595.662 240.278
621.942 0
649.382 104.315
678.032 121.614
707.946 374.046
739.18 69.7926
771.792 335.033
805.842 19.5356
841.395 106.766
878.517 99.5676
917.276 0
957.745 0
1000 71.3961
