# First line is two numbers 
#     First value is '2', it means 'histogram mode'
#     Second value is 'Emin' of the histogram
# Other lines : 2 columns. 1) energy 2) probability (nb divided by NbEvent)
# Number of bins = 480
# Content below the first bin: 0
# Content above the last  bin: 0
# Content above the last  bin: 0
# Number of events: 209000
2 1e-06
1.04412e-06 0
1.09018e-06 0
1.13828e-06 0
1.1885e-06 0
1.24094e-06 0
1.29569e-06 0
1.35285e-06 0
1.41254e-06 0
1.47486e-06 0
1.53993e-06 0
1.60787e-06 0
1.6788e-06 0
1.75287e-06 0
1.83021e-06 0
1.91095e-06 0
1.99526e-06 0
2.08329e-06 0
2.1752e-06 0
2.27117e-06 0
2.37137e-06 0
2.476e-06 0
2.58523e-06 0
2.69929e-06 0
2.81838e-06 0
2.94273e-06 0
3.07256e-06 0
3.20812e-06 0
3.34965e-06 0
3.49744e-06 0
3.65174e-06 0
3.81285e-06 0
3.98107e-06 0
4.15671e-06 0
4.3401e-06 0
4.53158e-06 0
4.73151e-06 0
4.94026e-06 0
5.15822e-06 0
5.3858e-06 0
5.62341e-06 0
5.87151e-06 0
6.13056e-06 0
6.40103e-06 0
6.68344e-06 0
6.97831e-06 0
7.28618e-06 0
7.60764e-06 0
7.94328e-06 0
8.29373e-06 0
8.65964e-06 0
9.0417e-06 0
9.44061e-06 0
9.85712e-06 0
1.0292e-05 0
1.07461e-05 0
1.12202e-05 0
1.17152e-05 0
1.22321e-05 0
1.27717e-05 0
1.33352e-05 0
1.39236e-05 0
1.45378e-05 0
1.51792e-05 0
1.58489e-05 0
1.65482e-05 0
1.72783e-05 0
1.80406e-05 0
1.88365e-05 0
1.96675e-05 0
2.05353e-05 0
2.14412e-05 0
2.23872e-05 0
2.33749e-05 0
2.44062e-05 0
2.5483e-05 0
2.66073e-05 0
2.77811e-05 0
2.90068e-05 0
3.02866e-05 0
3.16228e-05 0
3.30179e-05 0
3.44747e-05 0
3.59956e-05 0
3.75837e-05 0
3.92419e-05 0
4.09732e-05 0
4.27809e-05 0
4.46684e-05 0
4.66391e-05 0
4.86968e-05 0
5.08452e-05 0
5.30884e-05 0
5.54307e-05 0
5.78762e-05 0
6.04296e-05 0
6.30957e-05 0
6.58795e-05 0
6.8786e-05 0
7.18208e-05 0
7.49894e-05 0
7.82979e-05 0
8.17523e-05 0
8.53591e-05 0
8.91251e-05 0
9.30572e-05 0
9.71628e-05 0
0.00010145 0
0.000105925 0
0.000110599 0
0.000115478 0
0.000120573 0
0.000125893 0
0.000131447 0
0.000137246 0
0.000143301 0
0.000149624 0
0.000156225 0
0.000163117 0
0.000170314 0
0.000177828 0
0.000185674 0
0.000193865 0
0.000202418 0
0.000211349 0
0.000220673 0
0.000230409 0
0.000240575 0
0.000251189 0
0.000262271 0
0.000273842 0
0.000285924 0
0.000298538 0
0.000311709 0
0.000325462 0
0.000339821 0
0.000354813 0
0.000370467 0
0.000386812 0
0.000403878 0
0.000421697 0
0.000440301 0
0.000459727 0
0.00048001 0
0.000501187 0
0.000523299 0
0.000546387 0
0.000570493 0
0.000595662 1
0.000621942 0
0.000649382 0
0.000678032 0
0.000707946 0
0.00073918 0
0.000771792 0
0.000805842 0
0.000841395 0
0.000878517 0
0.000917276 0
0.000957745 0
0.001 0
0.00104412 1
0.00109018 0
0.00113828 0
0.0011885 0
0.00124094 1
0.00129569 0
0.00135285 0
0.00141254 0
0.00147486 0
0.00153993 0
0.00160787 0
0.0016788 0
0.00175287 0
0.00183021 1
0.00191095 0
0.00199526 0
0.00208329 0
0.0021752 0
0.00227117 0
0.00237137 1
0.002476 0
0.00258523 0
0.00269929 0
0.00281838 1
0.00294273 0
0.00307256 1
0.00320812 0
0.00334965 0
0.00349744 1
0.00365174 0
0.00381285 2
0.00398107 0
0.00415671 0
0.0043401 1
0.00453158 0
0.00473151 1
0.00494026 1
0.00515822 0
0.0053858 1
0.00562341 1
0.00587151 0
0.00613056 0
0.00640103 0
0.00668344 0
0.00697831 0
0.00728618 2
0.00760764 0
0.00794328 0
0.00829373 0
0.00865964 2
0.0090417 3
0.00944061 2
0.00985712 2
0.010292 2
0.0107461 1
0.0112202 7
0.0117152 2
0.0122321 7
0.0127717 3
0.0133352 1
0.0139236 6
0.0145378 3
0.0151792 5
0.0158489 1
0.0165482 5
0.0172783 5
0.0180406 7
0.0188365 7
0.0196675 8
0.0205353 6
0.0214412 7
0.0223872 7
0.0233749 9
0.0244062 13
0.025483 9
0.0266073 11
0.0277811 13
0.0290068 19
0.0302866 7
0.0316228 13
0.0330179 20
0.0344747 20
0.0359956 26
0.0375837 27
0.0392419 31
0.0409732 27
0.0427809 31
0.0446684 18
0.0466391 23
0.0486968 22
0.0508452 24
0.0530884 22
0.0554307 30
0.0578762 45
0.0604296 36
0.0630957 44
0.0658795 33
0.068786 47
0.0718208 36
0.0749894 42
0.0782979 38
0.0817523 46
0.0853591 53
0.0891251 64
0.0930572 59
0.0971628 74
0.10145 62
0.105925 51
0.110599 61
0.115478 62
0.120573 86
0.125893 80
0.131447 70
0.137246 72
0.143301 79
0.149624 71
0.156225 82
0.163117 82
0.170314 76
0.177828 85
0.185674 105
0.193865 65
0.202418 97
0.211349 82
0.220673 78
0.230409 93
0.240575 92
0.251189 82
0.262271 86
0.273842 96
0.285924 91
0.298538 98
0.311709 82
0.325462 85
0.339821 105
0.354813 71
0.370467 99
0.386812 87
0.403878 78
0.421697 94
0.440301 83
0.459727 106
0.48001 91
0.501187 108
0.523299 95
0.546387 85
0.570493 97
0.595662 92
0.621942 100
0.649382 86
0.678032 75
0.707946 75
0.73918 84
0.771792 73
0.805842 95
0.841395 72
0.878517 73
0.917276 71
0.957745 59
1 58
1.04412 54
1.09018 55
1.13828 55
1.1885 63
1.24094 48
1.29569 49
1.35285 41
1.41254 46
1.47486 25
1.53993 34
1.60787 24
1.6788 35
1.75287 38
1.83021 43
1.91095 37
1.99526 32
2.08329 35
2.1752 21
2.27117 25
2.37137 28
2.476 23
2.58523 24
2.69929 23
2.81838 18
2.94273 26
3.07256 21
3.20812 21
3.34965 18
3.49744 14
3.65174 18
3.81285 16
3.98107 18
4.15671 17
4.3401 16
4.53158 15
4.73151 13
4.94026 14
5.15822 26
5.3858 17
5.62341 16
5.87151 15
6.13056 14
6.40103 13
6.68344 11
6.97831 9
7.28618 12
7.60764 7
7.94328 11
8.29373 8
8.65964 21
9.0417 7
9.44061 7
9.85712 14
10.292 6
10.7461 11
11.2202 15
11.7152 15
12.2321 7
12.7717 8
13.3352 12
13.9236 8
14.5378 7
15.1792 9
15.8489 18
16.5482 12
17.2783 10
18.0406 15
18.8365 9
19.6675 11
20.5353 8
21.4412 10
22.3872 5
23.3749 12
24.4062 11
25.483 14
26.6073 11
27.7811 8
29.0068 6
30.2866 10
31.6228 11
33.0179 6
34.4747 16
35.9956 14
37.5837 15
39.2419 8
40.9732 11
42.7809 10
44.6684 9
46.6391 9
48.6968 15
50.8452 13
53.0884 16
55.4307 18
57.8762 17
60.4296 15
63.0957 22
65.8795 20
68.786 26
71.8208 18
74.9894 17
78.2979 26
81.7523 21
85.3591 21
89.1251 20
93.0572 13
97.1628 20
101.45 22
105.925 16
110.599 28
115.478 24
120.573 14
125.893 15
131.447 23
137.246 32
143.301 24
149.624 27
156.225 26
163.117 30
170.314 23
177.828 38
185.674 34
193.865 37
202.418 34
211.349 36
220.673 42
230.409 41
240.575 48
251.189 38
262.271 57
273.842 43
285.924 51
298.538 45
311.709 61
325.462 56
339.821 45
354.813 60
370.467 52
386.812 35
403.878 39
421.697 25
440.301 13
459.727 12
480.01 11
501.187 5
523.299 7
546.387 5
570.493 4
595.662 3
621.942 2
649.382 5
678.032 0
707.946 0
739.18 1
771.792 1
805.842 0
841.395 3
878.517 2
917.276 1
957.745 1
1000 0
