# First line is two numbers 
#     First value is '2', it means 'histogram mode'
#     Second value is 'Emin' of the histogram
# Other lines : 2 columns. 1) energy 2) probability (nb divided by NbEvent)
# Number of bins = 480
# Content below the first bin: 0
# Content above the last  bin: 0
# Content above the last  bin: 0
# Number of events: 209000
2 1e-06
1.04412e-06 0
1.09018e-06 0
1.13828e-06 0
1.1885e-06 0
1.24094e-06 0
1.29569e-06 0
1.35285e-06 0
1.41254e-06 0
1.47486e-06 0
1.53993e-06 0
1.60787e-06 0
1.6788e-06 0
1.75287e-06 0
1.83021e-06 0
1.91095e-06 0
1.99526e-06 0
2.08329e-06 0
2.1752e-06 0
2.27117e-06 0
2.37137e-06 0
2.476e-06 0
2.58523e-06 0
2.69929e-06 0
2.81838e-06 0
2.94273e-06 0
3.07256e-06 0
3.20812e-06 0
3.34965e-06 0
3.49744e-06 0
3.65174e-06 0
3.81285e-06 0
3.98107e-06 0
4.15671e-06 0
4.3401e-06 0
4.53158e-06 0
4.73151e-06 0
4.94026e-06 0
5.15822e-06 0
5.3858e-06 0
5.62341e-06 0
5.87151e-06 0
6.13056e-06 0
6.40103e-06 0
6.68344e-06 0
6.97831e-06 0
7.28618e-06 0
7.60764e-06 0
7.94328e-06 0
8.29373e-06 0
8.65964e-06 0
9.0417e-06 0
9.44061e-06 0
9.85712e-06 0
1.0292e-05 0
1.07461e-05 0
1.12202e-05 0
1.17152e-05 0
1.22321e-05 0
1.27717e-05 0
1.33352e-05 0
1.39236e-05 0
1.45378e-05 0
1.51792e-05 0
1.58489e-05 0
1.65482e-05 0
1.72783e-05 0
1.80406e-05 0
1.88365e-05 0
1.96675e-05 0
2.05353e-05 0
2.14412e-05 0
2.23872e-05 0
2.33749e-05 0
2.44062e-05 0
2.5483e-05 0
2.66073e-05 0
2.77811e-05 0
2.90068e-05 0
3.02866e-05 0
3.16228e-05 0
3.30179e-05 0
3.44747e-05 0
3.59956e-05 0
3.75837e-05 0
3.92419e-05 0
4.09732e-05 0
4.27809e-05 0
4.46684e-05 0
4.66391e-05 0
4.86968e-05 0
5.08452e-05 0
5.30884e-05 0
5.54307e-05 0
5.78762e-05 0
6.04296e-05 0
6.30957e-05 0
6.58795e-05 0
6.8786e-05 0
7.18208e-05 0
7.49894e-05 0
7.82979e-05 0
8.17523e-05 0
8.53591e-05 0
8.91251e-05 0
9.30572e-05 0
9.71628e-05 0
0.00010145 0
0.000105925 0
0.000110599 0
0.000115478 0
0.000120573 0
0.000125893 0
0.000131447 0
0.000137246 0
0.000143301 0
0.000149624 0
0.000156225 0
0.000163117 0
0.000170314 0
0.000177828 0
0.000185674 0
0.000193865 0
0.000202418 0
0.000211349 0
0.000220673 0
0.000230409 0
0.000240575 0
0.000251189 0
0.000262271 0
0.000273842 0
0.000285924 0
0.000298538 0
0.000311709 0
0.000325462 0
0.000339821 0
0.000354813 0
0.000370467 0
0.000386812 0
0.000403878 0
0.000421697 0
0.000440301 0
0.000459727 0
0.00048001 0
0.000501187 0
0.000523299 0
0.000546387 0
0.000570493 0
0.000595662 0
0.000621942 0
0.000649382 0
0.000678032 0
0.000707946 0
0.00073918 0
0.000771792 0
0.000805842 0
0.000841395 0
0.000878517 0
0.000917276 0
0.000957745 0
0.001 0
0.00104412 0
0.00109018 0
0.00113828 0
0.0011885 0
0.00124094 0
0.00129569 0
0.00135285 0
0.00141254 0
0.00147486 0
0.00153993 0
0.00160787 0
0.0016788 0
0.00175287 0
0.00183021 86.8977
0.00191095 0
0.00199526 0
0.00208329 0
0.0021752 0
0.00227117 0
0.00237137 0
0.002476 0
0.00258523 0
0.00269929 0
0.00281838 0
0.00294273 0
0.00307256 0
0.00320812 0
0.00334965 149.653
0.00349744 79.276
0.00365174 97.8729
0.00381285 0
0.00398107 0
0.00415671 178.776
0.0043401 0
0.00453158 25.4071
0.00473151 0
0.00494026 70.3096
0.00515822 224.755
0.0053858 0
0.00562341 0
0.00587151 269.731
0.00613056 98.6101
0.00640103 160.468
0.00668344 195.602
0.00697831 0
0.00728618 0
0.00760764 129.178
0.00794328 181.352
0.00829373 0
0.00865964 206.595
0.0090417 51.433
0.00944061 140.742
0.00985712 128.259
0.010292 237.263
0.0107461 188.789
0.0112202 86.0848
0.0117152 308.547
0.0122321 170.792
0.0127717 458.064
0.0133352 95.8983
0.0139236 309.23
0.0145378 718.478
0.0151792 566.44
0.0158489 538.407
0.0165482 585.02
0.0172783 427.76
0.0180406 236.134
0.0188365 376.83
0.0196675 325.638
0.0205353 790.789
0.0214412 788.891
0.0223872 622.95
0.0233749 728.428
0.0244062 1340.9
0.025483 874.312
0.0266073 606.993
0.0277811 1068.62
0.0290068 868.088
0.0302866 830.411
0.0316228 1049.54
0.0330179 1637.53
0.0344747 1233.39
0.0359956 1545.39
0.0375837 2102.33
0.0392419 1287.87
0.0409732 1765.5
0.0427809 1614.82
0.0446684 1305.25
0.0466391 2451.14
0.0486968 2812.57
0.0508452 3292.01
0.0530884 2760.48
0.0554307 2713.76
0.0578762 2183.24
0.0604296 3052.47
0.0630957 2412.22
0.0658795 2193.72
0.068786 2963.45
0.0718208 2840.4
0.0749894 2929.2
0.0782979 4325.54
0.0817523 4244.49
0.0853591 5347.14
0.0891251 4192.36
0.0930572 4813.08
0.0971628 4477.51
0.10145 5285.93
0.105925 5596.83
0.110599 5335.97
0.115478 6919.87
0.120573 5353.27
0.125893 5751.91
0.131447 5927.33
0.137246 5816.05
0.143301 4482.65
0.149624 5366.16
0.156225 6490.56
0.163117 6069.74
0.170314 7440.91
0.177828 5718.61
0.185674 6245.59
0.193865 6179.96
0.202418 5333.45
0.211349 7567.92
0.220673 7158.23
0.230409 7266.18
0.240575 6835.47
0.251189 6522.35
0.262271 6712.32
0.273842 8054.23
0.285924 7195.2
0.298538 6369.65
0.311709 8926.66
0.325462 7286.33
0.339821 7152.25
0.354813 8354.69
0.370467 6572.24
0.386812 6937.07
0.403878 6513.82
0.421697 6511.9
0.440301 8111.35
0.459727 8134.95
0.48001 8265.17
0.501187 7631.34
0.523299 7419.23
0.546387 7486.62
0.570493 7640.21
0.595662 8075.5
0.621942 8160.53
0.649382 8498.95
0.678032 7319.22
0.707946 7565.18
0.73918 5912.19
0.771792 6287.2
0.805842 6231.49
0.841395 7373.21
0.878517 4726.73
0.917276 5881.69
0.957745 5041.89
1 5465.75
1.04412 4391.61
1.09018 5594.73
1.13828 4749.85
1.1885 4770.89
1.24094 2511.54
1.29569 4573.82
1.35285 4397.49
1.41254 3104.77
1.47486 3209.86
1.53993 3211.19
1.60787 3340.14
1.6788 2787.39
1.75287 2100.37
1.83021 2080.81
1.91095 1771.48
1.99526 1831.05
2.08329 1322.99
2.1752 1916.97
2.27117 1792.74
2.37137 1849.63
2.476 1818.95
2.58523 2722.48
2.69929 1859.34
2.81838 1418.36
2.94273 2477.7
3.07256 1467.41
3.20812 1652.09
3.34965 1423.5
3.49744 1138.4
3.65174 1933.22
3.81285 1623.24
3.98107 1180.17
4.15671 1520.72
4.3401 907.371
4.53158 1387.33
4.73151 1702.74
4.94026 1223.44
5.15822 886.4
5.3858 1259.78
5.62341 928.625
5.87151 1616.8
6.13056 1671.33
6.40103 879.126
6.68344 1672.56
6.97831 1276.54
7.28618 1130.61
7.60764 743.543
7.94328 473.514
8.29373 837.019
8.65964 764.586
9.0417 886.243
9.44061 831.38
9.85712 657.096
10.292 967.726
10.7461 622.47
11.2202 1107.93
11.7152 431.491
12.2321 984.135
12.7717 1043.45
13.3352 881.335
13.9236 922.905
14.5378 505.028
15.1792 874.305
15.8489 694.666
16.5482 477.064
17.2783 264.201
18.0406 842.314
18.8365 1038.16
19.6675 659.568
20.5353 814.667
21.4412 512.222
22.3872 560.532
23.3749 563.8
24.4062 645.527
25.483 1233.61
26.6073 893.791
27.7811 1431.84
29.0068 630.297
30.2866 711.441
31.6228 688.573
33.0179 754.871
34.4747 1251.25
35.9956 564.06
37.5837 1045.23
39.2419 1438.69
40.9732 926.345
42.7809 755.5
44.6684 734.096
46.6391 1182.97
48.6968 870.634
50.8452 1920.06
53.0884 1042.34
55.4307 881.225
57.8762 1471.75
60.4296 1505.78
63.0957 1119.51
65.8795 885.127
68.786 1524.57
71.8208 1600.59
74.9894 1010.53
78.2979 1822.5
81.7523 1207.1
85.3591 1261.76
89.1251 1231.19
93.0572 1995.15
97.1628 1401.12
101.45 1593.46
105.925 1748.48
110.599 2098.02
115.478 1322.3
120.573 1823.84
125.893 1266.51
131.447 2549.06
137.246 1752.69
143.301 1702.46
149.624 1949.55
156.225 2302.15
163.117 2287.24
170.314 2619.33
177.828 2219.98
185.674 2354.52
193.865 2026.5
202.418 2510.95
211.349 2945.31
220.673 2798.76
230.409 2755.52
240.575 2969.09
251.189 3069.1
262.271 3678.54
273.842 4647.07
285.924 4925.85
298.538 2762.05
311.709 3534.72
325.462 5183.81
339.821 4744.71
354.813 3637.97
370.467 2823.69
386.812 2436.27
403.878 1770.97
421.697 2735.26
440.301 1769.91
459.727 1136.37
480.01 471.593
501.187 641.269
523.299 648.893
546.387 440.537
570.493 624.045
595.662 298.098
621.942 496.725
649.382 200.252
678.032 71.5664
707.946 197.19
739.18 268.974
771.792 62.8701
805.842 119.436
841.395 95.138
878.517 107.294
917.276 0
957.745 0
1000 0
