# First line is two numbers 
#     First value is '2', it means 'histogram mode'
#     Second value is 'Emin' of the histogram
# Other lines : 2 columns. 1) energy 2) probability (nb divided by NbEvent)
# Number of bins = 480
# Content below the first bin: 0
# Content above the last  bin: 119.762
# Content above the last  bin: 119.762
# Number of events: 209000
2 1e-06
1.04412e-06 0
1.09018e-06 0
1.13828e-06 0
1.1885e-06 0
1.24094e-06 0
1.29569e-06 0
1.35285e-06 0
1.41254e-06 0
1.47486e-06 0
1.53993e-06 0
1.60787e-06 0
1.6788e-06 0
1.75287e-06 0
1.83021e-06 0
1.91095e-06 0
1.99526e-06 0
2.08329e-06 0
2.1752e-06 0
2.27117e-06 0
2.37137e-06 0
2.476e-06 0
2.58523e-06 0
2.69929e-06 0
2.81838e-06 0
2.94273e-06 0
3.07256e-06 0
3.20812e-06 0
3.34965e-06 0
3.49744e-06 0
3.65174e-06 0
3.81285e-06 0
3.98107e-06 0
4.15671e-06 0
4.3401e-06 0
4.53158e-06 0
4.73151e-06 0
4.94026e-06 0
5.15822e-06 0
5.3858e-06 0
5.62341e-06 0
5.87151e-06 0
6.13056e-06 0
6.40103e-06 0
6.68344e-06 0
6.97831e-06 0
7.28618e-06 0
7.60764e-06 0
7.94328e-06 0
8.29373e-06 0
8.65964e-06 0
9.0417e-06 0
9.44061e-06 0
9.85712e-06 0
1.0292e-05 0
1.07461e-05 0
1.12202e-05 0
1.17152e-05 0
1.22321e-05 0
1.27717e-05 0
1.33352e-05 0
1.39236e-05 0
1.45378e-05 0
1.51792e-05 0
1.58489e-05 0
1.65482e-05 0
1.72783e-05 0
1.80406e-05 0
1.88365e-05 0
1.96675e-05 0
2.05353e-05 0
2.14412e-05 0
2.23872e-05 0
2.33749e-05 0
2.44062e-05 0
2.5483e-05 0
2.66073e-05 0
2.77811e-05 0
2.90068e-05 0
3.02866e-05 0
3.16228e-05 0
3.30179e-05 0
3.44747e-05 0
3.59956e-05 0
3.75837e-05 0
3.92419e-05 0
4.09732e-05 0
4.27809e-05 0
4.46684e-05 0
4.66391e-05 0
4.86968e-05 0
5.08452e-05 0
5.30884e-05 0
5.54307e-05 0
5.78762e-05 0
6.04296e-05 0
6.30957e-05 0
6.58795e-05 0
6.8786e-05 0
7.18208e-05 0
7.49894e-05 0
7.82979e-05 0
8.17523e-05 0
8.53591e-05 0
8.91251e-05 0
9.30572e-05 0
9.71628e-05 0
0.00010145 0
0.000105925 0
0.000110599 0
0.000115478 0
0.000120573 0
0.000125893 0
0.000131447 0
0.000137246 0
0.000143301 0
0.000149624 0
0.000156225 0
0.000163117 0
0.000170314 0
0.000177828 0
0.000185674 0
0.000193865 0
0.000202418 0
0.000211349 0
0.000220673 0
0.000230409 0
0.000240575 0
0.000251189 0
0.000262271 0
0.000273842 0
0.000285924 0
0.000298538 0
0.000311709 0
0.000325462 0
0.000339821 0
0.000354813 0
0.000370467 0
0.000386812 0
0.000403878 0
0.000421697 0
0.000440301 0
0.000459727 0
0.00048001 0
0.000501187 0
0.000523299 0
0.000546387 0
0.000570493 0
0.000595662 0
0.000621942 0
0.000649382 0
0.000678032 0
0.000707946 0
0.00073918 0
0.000771792 0
0.000805842 0
0.000841395 0
0.000878517 0
0.000917276 0
0.000957745 0
0.001 0
0.00104412 0
0.00109018 0
0.00113828 0
0.0011885 0
0.00124094 0
0.00129569 0
0.00135285 0
0.00141254 0
0.00147486 0
0.00153993 0
0.00160787 79.8276
0.0016788 0
0.00175287 0
0.00183021 0
0.00191095 0
0.00199526 0
0.00208329 0
0.0021752 0
0.00227117 0
0.00237137 0
0.002476 116.73
0.00258523 117.455
0.00269929 0
0.00281838 0
0.00294273 0
0.00307256 140.845
0.00320812 108.857
0.00334965 67.6775
0.00349744 0
0.00365174 162.523
0.00381285 0
0.00398107 0
0.00415671 257.024
0.0043401 0
0.00453158 173.135
0.00473151 0
0.00494026 0
0.00515822 111.644
0.0053858 0
0.00562341 0
0.00587151 116.409
0.00613056 190.918
0.00640103 114.198
0.00668344 0
0.00697831 117.701
0.00728618 0
0.00760764 67.2471
0.00794328 30.0832
0.00829373 95.0211
0.00865964 82.6246
0.0090417 118.931
0.00944061 260.825
0.00985712 177.021
0.010292 16.7956
0.0107461 69.5837
0.0112202 87.9739
0.0117152 182.268
0.0122321 232.433
0.0127717 141.851
0.0133352 168.679
0.0139236 440.398
0.0145378 294.173
0.0151792 696.002
0.0158489 164.42
0.0165482 373.467
0.0172783 539.341
0.0180406 258.715
0.0188365 446.349
0.0196675 992.985
0.0205353 790.542
0.0214412 102.382
0.0223872 1223.42
0.0233749 602.025
0.0244062 1408.78
0.025483 556.285
0.0266073 1036.76
0.0277811 1193.31
0.0290068 1362.58
0.0302866 952.352
0.0316228 1960.12
0.0330179 1304.73
0.0344747 1422.41
0.0359956 1541.05
0.0375837 2225.46
0.0392419 1576.93
0.0409732 2087.18
0.0427809 2147.69
0.0446684 1800.46
0.0466391 2065.94
0.0486968 2353.02
0.0508452 2732.92
0.0530884 1205.19
0.0554307 2903.9
0.0578762 2824.45
0.0604296 2898.71
0.0630957 3143.39
0.0658795 3478.45
0.068786 2993.4
0.0718208 3250.89
0.0749894 3349.22
0.0782979 3527.08
0.0817523 4901.61
0.0853591 5025.32
0.0891251 6111.64
0.0930572 3404.47
0.0971628 5030.1
0.10145 4166.55
0.105925 4292.64
0.110599 6073.17
0.115478 6128.64
0.120573 5460.49
0.125893 6118.51
0.131447 5019.36
0.137246 6439.97
0.143301 4545.94
0.149624 7024.69
0.156225 6316.11
0.163117 5446.36
0.170314 5913.69
0.177828 5833.29
0.185674 6942.53
0.193865 5436.13
0.202418 7671.65
0.211349 6334.22
0.220673 7142.76
0.230409 7907.48
0.240575 5668.27
0.251189 7487.48
0.262271 7937.18
0.273842 6527.04
0.285924 7673.38
0.298538 5824.95
0.311709 8101.22
0.325462 8477.84
0.339821 8903.59
0.354813 7677.26
0.370467 7392.49
0.386812 8790.48
0.403878 7212.67
0.421697 7394.27
0.440301 8685.57
0.459727 6747.47
0.48001 6453.24
0.501187 6246.97
0.523299 6225.37
0.546387 7805.02
0.570493 7115.92
0.595662 7623.87
0.621942 5127.09
0.649382 6515.69
0.678032 5473.49
0.707946 6262.42
0.73918 6805.5
0.771792 8224.61
0.805842 5972.22
0.841395 5251.67
0.878517 5547.87
0.917276 7211.14
0.957745 5886.5
1 6203.36
1.04412 5341.32
1.09018 4222.57
1.13828 4680.87
1.1885 4072.28
1.24094 3523.05
1.29569 3899.9
1.35285 3631.46
1.41254 2439.81
1.47486 4128.51
1.53993 2991.15
1.60787 3455.07
1.6788 2384.63
1.75287 3555.2
1.83021 2708.22
1.91095 2631.17
1.99526 2424.72
2.08329 3300.49
2.1752 1716.94
2.27117 3066.82
2.37137 2341.2
2.476 1722.8
2.58523 1748.98
2.69929 2486.28
2.81838 2378.03
2.94273 2188.66
3.07256 1723.61
3.20812 2067.07
3.34965 2010.05
3.49744 1709.33
3.65174 1404.64
3.81285 989.125
3.98107 1058.88
4.15671 1760.57
4.3401 1299.81
4.53158 1522.96
4.73151 1444.52
4.94026 1564.98
5.15822 1361.48
5.3858 762.865
5.62341 1372.02
5.87151 632.981
6.13056 642.102
6.40103 664.438
6.68344 667.478
6.97831 1162.34
7.28618 959.486
7.60764 885.369
7.94328 786.617
8.29373 913.494
8.65964 844.945
9.0417 511.165
9.44061 953.441
9.85712 1033.62
10.292 766.055
10.7461 469.488
11.2202 962.081
11.7152 785.555
12.2321 658.051
12.7717 708.11
13.3352 909.882
13.9236 1159.23
14.5378 338.82
15.1792 584.79
15.8489 985.619
16.5482 794.349
17.2783 528.466
18.0406 607.892
18.8365 933.475
19.6675 703.898
20.5353 627.597
21.4412 678.987
22.3872 1027.52
23.3749 492.689
24.4062 869.285
25.483 328.939
26.6073 673.054
27.7811 577.403
29.0068 1025.88
30.2866 1137.29
31.6228 1264.4
33.0179 699.801
34.4747 763.547
35.9956 297.66
37.5837 1106.13
39.2419 776.623
40.9732 1475.27
42.7809 1072.14
44.6684 2009.3
46.6391 1353.82
48.6968 1250.21
50.8452 1157
53.0884 1095.02
55.4307 950.697
57.8762 1459.47
60.4296 985.008
63.0957 1386.26
65.8795 1364.76
68.786 928.442
71.8208 1233.04
74.9894 1176.61
78.2979 1540.97
81.7523 1557.47
85.3591 1401.83
89.1251 1415.6
93.0572 908.728
97.1628 1328.18
101.45 1805.84
105.925 1609.3
110.599 1606.17
115.478 1832.37
120.573 1280.34
125.893 1638.17
131.447 1781.58
137.246 2490.24
143.301 1956.99
149.624 1945.78
156.225 1602.54
163.117 2727.86
170.314 1994.65
177.828 2093.57
185.674 2645.72
193.865 2573.36
202.418 2663.03
211.349 3333.05
220.673 2090.5
230.409 2218.89
240.575 3852.98
251.189 3291.83
262.271 2743.62
273.842 3712.39
285.924 4902.6
298.538 3508.56
311.709 6249.55
325.462 6578.83
339.821 4887.66
354.813 3960.35
370.467 4567.29
386.812 3468.24
403.878 2541.81
421.697 1815.59
440.301 2091.73
459.727 1120.08
480.01 980.839
501.187 701.325
523.299 900.786
546.387 344.945
570.493 343.492
595.662 59.3624
621.942 188.274
649.382 210.869
678.032 198.245
707.946 248.024
739.18 212.662
771.792 99.0098
805.842 84.8307
841.395 0
878.517 0
917.276 0
957.745 0
1000 113.172
