# First line is two numbers 
#     First value is '2', it means 'histogram mode'
#     Second value is 'Emin' of the histogram
# Other lines : 2 columns. 1) energy 2) probability (nb divided by NbEvent)
# Number of bins = 480
# Content below the first bin: 0
# Content above the last  bin: 0
# Content above the last  bin: 0
# Number of events: 209000
2 1e-06
1.04412e-06 0
1.09018e-06 0
1.13828e-06 0
1.1885e-06 0
1.24094e-06 0
1.29569e-06 0
1.35285e-06 0
1.41254e-06 0
1.47486e-06 0
1.53993e-06 0
1.60787e-06 0
1.6788e-06 0
1.75287e-06 0
1.83021e-06 0
1.91095e-06 0
1.99526e-06 0
2.08329e-06 0
2.1752e-06 0
2.27117e-06 0
2.37137e-06 0
2.476e-06 0
2.58523e-06 0
2.69929e-06 0
2.81838e-06 0
2.94273e-06 0
3.07256e-06 0
3.20812e-06 0
3.34965e-06 0
3.49744e-06 0
3.65174e-06 0
3.81285e-06 0
3.98107e-06 0
4.15671e-06 0
4.3401e-06 0
4.53158e-06 0
4.73151e-06 0
4.94026e-06 0
5.15822e-06 0
5.3858e-06 0
5.62341e-06 0
5.87151e-06 0
6.13056e-06 0
6.40103e-06 0
6.68344e-06 0
6.97831e-06 0
7.28618e-06 0
7.60764e-06 0
7.94328e-06 0
8.29373e-06 0
8.65964e-06 0
9.0417e-06 0
9.44061e-06 0
9.85712e-06 0
1.0292e-05 0
1.07461e-05 0
1.12202e-05 0
1.17152e-05 0
1.22321e-05 0
1.27717e-05 0
1.33352e-05 0
1.39236e-05 0
1.45378e-05 0
1.51792e-05 0
1.58489e-05 0
1.65482e-05 0
1.72783e-05 0
1.80406e-05 0
1.88365e-05 0
1.96675e-05 0
2.05353e-05 0
2.14412e-05 0
2.23872e-05 0
2.33749e-05 0
2.44062e-05 0
2.5483e-05 0
2.66073e-05 0
2.77811e-05 0
2.90068e-05 0
3.02866e-05 0
3.16228e-05 0
3.30179e-05 0
3.44747e-05 0
3.59956e-05 0
3.75837e-05 0
3.92419e-05 0
4.09732e-05 0
4.27809e-05 0
4.46684e-05 0
4.66391e-05 0
4.86968e-05 0
5.08452e-05 0
5.30884e-05 0
5.54307e-05 0
5.78762e-05 0
6.04296e-05 0
6.30957e-05 0
6.58795e-05 0
6.8786e-05 0
7.18208e-05 0
7.49894e-05 0
7.82979e-05 0
8.17523e-05 0
8.53591e-05 0
8.91251e-05 0
9.30572e-05 0
9.71628e-05 0
0.00010145 0
0.000105925 0
0.000110599 0
0.000115478 0
0.000120573 0
0.000125893 0
0.000131447 0
0.000137246 0
0.000143301 0
0.000149624 0
0.000156225 0
0.000163117 0
0.000170314 0
0.000177828 0
0.000185674 0
0.000193865 0
0.000202418 0
0.000211349 0
0.000220673 0
0.000230409 0
0.000240575 0
0.000251189 0
0.000262271 0
0.000273842 0
0.000285924 0
0.000298538 0
0.000311709 0
0.000325462 0
0.000339821 0
0.000354813 0
0.000370467 0
0.000386812 0
0.000403878 0
0.000421697 0
0.000440301 0
0.000459727 0
0.00048001 0
0.000501187 0
0.000523299 0
0.000546387 0
0.000570493 0
0.000595662 0
0.000621942 0
0.000649382 0
0.000678032 0
0.000707946 0
0.00073918 0
0.000771792 0
0.000805842 0
0.000841395 0
0.000878517 0
0.000917276 0
0.000957745 0
0.001 0
0.00104412 112.101
0.00109018 0
0.00113828 0
0.0011885 0
0.00124094 0
0.00129569 0
0.00135285 0
0.00141254 0
0.00147486 0
0.00153993 0
0.00160787 0
0.0016788 6.03402
0.00175287 0
0.00183021 0
0.00191095 0
0.00199526 0
0.00208329 0
0.0021752 0
0.00227117 0
0.00237137 0
0.002476 110.419
0.00258523 0
0.00269929 0
0.00281838 113.995
0.00294273 0
0.00307256 0
0.00320812 83.1115
0.00334965 0
0.00349744 0
0.00365174 0
0.00381285 0
0.00398107 0
0.00415671 0
0.0043401 0
0.00453158 0
0.00473151 0
0.00494026 0
0.00515822 0
0.0053858 0
0.00562341 61.1261
0.00587151 192.601
0.00613056 0
0.00640103 89.4712
0.00668344 80.6457
0.00697831 118.763
0.00728618 0
0.00760764 51.2299
0.00794328 0
0.00829373 0
0.00865964 179.342
0.0090417 0
0.00944061 230.482
0.00985712 282.513
0.010292 142.51
0.0107461 207.917
0.0112202 228.185
0.0117152 0
0.0122321 257.184
0.0127717 103.843
0.0133352 230.362
0.0139236 486.443
0.0145378 401.946
0.0151792 510.071
0.0158489 483.955
0.0165482 469.973
0.0172783 509.047
0.0180406 863.088
0.0188365 394.095
0.0196675 703.41
0.0205353 309.176
0.0214412 761.91
0.0223872 935.725
0.0233749 877.095
0.0244062 1188.8
0.025483 870.223
0.0266073 587.859
0.0277811 481.657
0.0290068 1365.97
0.0302866 1019.63
0.0316228 1657.45
0.0330179 1773.94
0.0344747 1371.02
0.0359956 1485.72
0.0375837 1614.54
0.0392419 1486.97
0.0409732 1621.81
0.0427809 1732.5
0.0446684 2893.09
0.0466391 2780.49
0.0486968 2581.8
0.0508452 2892.76
0.0530884 1803.54
0.0554307 2781.24
0.0578762 1970.63
0.0604296 2874.96
0.0630957 3029.03
0.0658795 2818.53
0.068786 2875.13
0.0718208 4261.89
0.0749894 3377.73
0.0782979 4249.48
0.0817523 3510.93
0.0853591 4281.89
0.0891251 4361.08
0.0930572 3693.16
0.0971628 4666.76
0.10145 6261.48
0.105925 5425.59
0.110599 3534.69
0.115478 5550.25
0.120573 5473.03
0.125893 5730.87
0.131447 6885.2
0.137246 5639.26
0.143301 6053.36
0.149624 7393.79
0.156225 5968.98
0.163117 5478.25
0.170314 6599.72
0.177828 6608.01
0.185674 7497.67
0.193865 6144.16
0.202418 9290.22
0.211349 7387.82
0.220673 7237.12
0.230409 6262.09
0.240575 5472.66
0.251189 7884.93
0.262271 6729.56
0.273842 6736.26
0.285924 6692.75
0.298538 9309.14
0.311709 7357.02
0.325462 7471.92
0.339821 6788.02
0.354813 7172.04
0.370467 7382.94
0.386812 8463.36
0.403878 8149.58
0.421697 8363.43
0.440301 8571.54
0.459727 7898.32
0.48001 7657.81
0.501187 6687.19
0.523299 7153.53
0.546387 8520.45
0.570493 8455.08
0.595662 8048.08
0.621942 7455.43
0.649382 6312.04
0.678032 7486.12
0.707946 5882.96
0.73918 6174.09
0.771792 6016.73
0.805842 6811.94
0.841395 5922.72
0.878517 5624.18
0.917276 5181
0.957745 4859.52
1 4137.53
1.04412 5323.81
1.09018 4676.25
1.13828 4518.56
1.1885 3514.68
1.24094 4052.87
1.29569 3358.62
1.35285 3478.16
1.41254 3701.82
1.47486 2840.48
1.53993 2407.68
1.60787 3048.93
1.6788 1947.42
1.75287 4389.08
1.83021 2416.48
1.91095 2796.61
1.99526 1913.51
2.08329 2641.93
2.1752 1769.09
2.27117 1583.53
2.37137 2197.66
2.476 1821.89
2.58523 2112.78
2.69929 1293.32
2.81838 1940.2
2.94273 1327.62
3.07256 2242.94
3.20812 1333.13
3.34965 1620.38
3.49744 1977.73
3.65174 1401.14
3.81285 1297.17
3.98107 2298.33
4.15671 1245.6
4.3401 1498.77
4.53158 703.351
4.73151 509.684
4.94026 1809.71
5.15822 1026.43
5.3858 1465.46
5.62341 1239.88
5.87151 1198.69
6.13056 800.632
6.40103 1444.25
6.68344 361.112
6.97831 1039.09
7.28618 876.386
7.60764 737.586
7.94328 1252.95
8.29373 550.513
8.65964 1168.62
9.0417 835.147
9.44061 1163.38
9.85712 778.994
10.292 498.331
10.7461 859.818
11.2202 776.477
11.7152 825.078
12.2321 773.621
12.7717 885.86
13.3352 770.118
13.9236 649.281
14.5378 618.178
15.1792 490.297
15.8489 823.405
16.5482 981.057
17.2783 911.945
18.0406 944.418
18.8365 322.168
19.6675 813.245
20.5353 926.766
21.4412 649.254
22.3872 1161.59
23.3749 655.009
24.4062 676.36
25.483 554.583
26.6073 470.508
27.7811 1004.76
29.0068 631.932
30.2866 1190.03
31.6228 995.394
33.0179 1092.2
34.4747 1018.91
35.9956 607.985
37.5837 628.263
39.2419 975.924
40.9732 680.811
42.7809 296.439
44.6684 1365.43
46.6391 1138.33
48.6968 1375.94
50.8452 1422.97
53.0884 1426.46
55.4307 1248.76
57.8762 1334.79
60.4296 1238.52
63.0957 1098.23
65.8795 1540.67
68.786 1055.45
71.8208 1139.42
74.9894 1491.1
78.2979 1026.53
81.7523 1442.46
85.3591 914.183
89.1251 1415.89
93.0572 1715.11
97.1628 1709.44
101.45 1803.31
105.925 1223.82
110.599 1504.21
115.478 2206.83
120.573 1139.36
125.893 2569.35
131.447 2274.28
137.246 1238.54
143.301 1224.61
149.624 1912.63
156.225 2134.01
163.117 2229.3
170.314 2042.87
177.828 2111.85
185.674 2033.05
193.865 2067.69
202.418 3628.2
211.349 3161.02
220.673 3362.33
230.409 3562.09
240.575 2947.39
251.189 3237.51
262.271 2855.65
273.842 4002.22
285.924 4757.3
298.538 2515.29
311.709 4127.92
325.462 5193.7
339.821 4542.22
354.813 3721.8
370.467 3439.38
386.812 3556.83
403.878 2848.17
421.697 1123.48
440.301 1175.39
459.727 1222.69
480.01 1151.97
501.187 458.245
523.299 505.435
546.387 626.059
570.493 109.545
595.662 616.315
621.942 197.978
649.382 27.1696
678.032 67.8027
707.946 14.3925
739.18 0
771.792 223.711
805.842 185.035
841.395 101.183
878.517 0
917.276 0
957.745 0
1000 0
