# First line is two numbers 
#     First value is '2', it means 'histogram mode'
#     Second value is 'Emin' of the histogram
# Other lines : 2 columns. 1) energy 2) probability (nb divided by NbEvent)
# Number of bins = 480
# Content below the first bin: 0
# Content above the last  bin: 0
# Content above the last  bin: 0
# Number of events: 209000
2 1e-06
1.04412e-06 0
1.09018e-06 0
1.13828e-06 0
1.1885e-06 0
1.24094e-06 0
1.29569e-06 0
1.35285e-06 0
1.41254e-06 0
1.47486e-06 0
1.53993e-06 0
1.60787e-06 0
1.6788e-06 0
1.75287e-06 0
1.83021e-06 0
1.91095e-06 0
1.99526e-06 0
2.08329e-06 0
2.1752e-06 0
2.27117e-06 0
2.37137e-06 0
2.476e-06 0
2.58523e-06 0
2.69929e-06 0
2.81838e-06 0
2.94273e-06 0
3.07256e-06 0
3.20812e-06 0
3.34965e-06 0
3.49744e-06 0
3.65174e-06 0
3.81285e-06 0
3.98107e-06 0
4.15671e-06 0
4.3401e-06 0
4.53158e-06 0
4.73151e-06 0
4.94026e-06 0
5.15822e-06 0
5.3858e-06 0
5.62341e-06 0
5.87151e-06 0
6.13056e-06 0
6.40103e-06 0
6.68344e-06 0
6.97831e-06 0
7.28618e-06 0
7.60764e-06 0
7.94328e-06 0
8.29373e-06 0
8.65964e-06 0
9.0417e-06 0
9.44061e-06 0
9.85712e-06 0
1.0292e-05 0
1.07461e-05 0
1.12202e-05 0
1.17152e-05 0
1.22321e-05 0
1.27717e-05 0
1.33352e-05 0
1.39236e-05 0
1.45378e-05 0
1.51792e-05 0
1.58489e-05 0
1.65482e-05 0
1.72783e-05 0
1.80406e-05 0
1.88365e-05 0
1.96675e-05 0
2.05353e-05 0
2.14412e-05 0
2.23872e-05 0
2.33749e-05 0
2.44062e-05 0
2.5483e-05 0
2.66073e-05 0
2.77811e-05 0
2.90068e-05 0
3.02866e-05 0
3.16228e-05 0
3.30179e-05 0
3.44747e-05 0
3.59956e-05 0
3.75837e-05 0
3.92419e-05 0
4.09732e-05 0
4.27809e-05 0
4.46684e-05 0
4.66391e-05 0
4.86968e-05 0
5.08452e-05 0
5.30884e-05 0
5.54307e-05 0
5.78762e-05 0
6.04296e-05 0
6.30957e-05 0
6.58795e-05 0
6.8786e-05 0
7.18208e-05 0
7.49894e-05 0
7.82979e-05 0
8.17523e-05 0
8.53591e-05 0
8.91251e-05 0
9.30572e-05 0
9.71628e-05 0
0.00010145 0
0.000105925 0
0.000110599 0
0.000115478 0
0.000120573 0
0.000125893 0
0.000131447 0
0.000137246 0
0.000143301 0
0.000149624 0
0.000156225 0
0.000163117 0
0.000170314 0
0.000177828 0
0.000185674 0
0.000193865 0
0.000202418 0
0.000211349 0
0.000220673 0
0.000230409 0
0.000240575 0
0.000251189 0
0.000262271 0
0.000273842 0
0.000285924 0
0.000298538 0
0.000311709 0
0.000325462 0
0.000339821 0
0.000354813 0
0.000370467 0
0.000386812 0
0.000403878 0
0.000421697 0
0.000440301 0
0.000459727 0
0.00048001 0
0.000501187 0
0.000523299 0
0.000546387 0
0.000570493 0
0.000595662 0
0.000621942 0
0.000649382 0
0.000678032 0
0.000707946 0
0.00073918 0
0.000771792 0
0.000805842 0
0.000841395 0
0.000878517 0
0.000917276 114.436
0.000957745 0
0.001 0
0.00104412 0
0.00109018 0
0.00113828 0
0.0011885 0
0.00124094 0
0.00129569 0
0.00135285 0
0.00141254 0
0.00147486 0
0.00153993 0
0.00160787 0
0.0016788 0
0.00175287 0
0.00183021 0
0.00191095 0
0.00199526 0
0.00208329 0
0.0021752 0
0.00227117 0
0.00237137 0
0.002476 0
0.00258523 0
0.00269929 56.8329
0.00281838 0
0.00294273 0
0.00307256 0
0.00320812 0
0.00334965 0
0.00349744 0
0.00365174 0
0.00381285 0
0.00398107 0
0.00415671 0
0.0043401 0
0.00453158 0
0.00473151 0
0.00494026 0
0.00515822 0
0.0053858 0
0.00562341 0
0.00587151 0
0.00613056 0
0.00640103 0
0.00668344 0
0.00697831 0
0.00728618 55.2104
0.00760764 0
0.00794328 0
0.00829373 0
0.00865964 0
0.0090417 96.9748
0.00944061 0
0.00985712 0
0.010292 0
0.0107461 0
0.0112202 0
0.0117152 0
0.0122321 18.0967
0.0127717 0
0.0133352 0
0.0139236 0
0.0145378 76.4558
0.0151792 0
0.0158489 52.7016
0.0165482 0
0.0172783 0
0.0180406 84.8161
0.0188365 169.583
0.0196675 109.82
0.0205353 25.4782
0.0214412 0
0.0223872 0
0.0233749 0
0.0244062 19.0468
0.025483 20.2578
0.0266073 0
0.0277811 0
0.0290068 200.964
0.0302866 111.109
0.0316228 574.188
0.0330179 318.324
0.0344747 57.7057
0.0359956 146.685
0.0375837 320.172
0.0392419 207.331
0.0409732 375.778
0.0427809 136.054
0.0446684 478.81
0.0466391 289.04
0.0486968 381.686
0.0508452 400.625
0.0530884 256.065
0.0554307 408.652
0.0578762 126.422
0.0604296 431.675
0.0630957 173.306
0.0658795 699.304
0.068786 51.0582
0.0718208 315.138
0.0749894 855.765
0.0782979 47.0788
0.0817523 422.599
0.0853591 1021.56
0.0891251 724.863
0.0930572 468.823
0.0971628 110.526
0.10145 542.895
0.105925 110.631
0.110599 318.071
0.115478 533.923
0.120573 584.816
0.125893 700.688
0.131447 433.6
0.137246 780.383
0.143301 827.391
0.149624 1332.05
0.156225 1425.53
0.163117 807.893
0.170314 644.149
0.177828 506.165
0.185674 735.797
0.193865 739.955
0.202418 813.491
0.211349 569.16
0.220673 860.664
0.230409 1124.27
0.240575 746.709
0.251189 1101.84
0.262271 607.746
0.273842 824.474
0.285924 398.534
0.298538 942.078
0.311709 901.864
0.325462 1000.26
0.339821 1335.83
0.354813 1008.71
0.370467 1385.29
0.386812 1163.91
0.403878 812.008
0.421697 1302.59
0.440301 1272.74
0.459727 840.123
0.48001 775.678
0.501187 367.458
0.523299 1406.76
0.546387 1039.36
0.570493 589.931
0.595662 731.302
0.621942 1410.54
0.649382 746.539
0.678032 491.248
0.707946 540.239
0.73918 750.377
0.771792 1046.57
0.805842 395.144
0.841395 782.05
0.878517 687.717
0.917276 711.447
0.957745 447.69
1 182.577
1.04412 559.518
1.09018 425.739
1.13828 675.6
1.1885 550.242
1.24094 419.575
1.29569 138.59
1.35285 154.063
1.41254 25.6563
1.47486 101.188
1.53993 309.469
1.60787 242.646
1.6788 60.2331
1.75287 353.585
1.83021 279.106
1.91095 301.118
1.99526 397.92
2.08329 0
2.1752 333.631
2.27117 0
2.37137 0
2.476 159.294
2.58523 280.141
2.69929 383.786
2.81838 111.709
2.94273 0
3.07256 110.612
3.20812 180.921
3.34965 277.27
3.49744 115.238
3.65174 114.828
3.81285 0
3.98107 0
4.15671 215.153
4.3401 271.836
4.53158 112.639
4.73151 95.0899
4.94026 108.89
5.15822 192.099
5.3858 401.755
5.62341 83.7322
5.87151 60.0553
6.13056 0
6.40103 103.282
6.68344 13.8452
6.97831 0
7.28618 66.7371
7.60764 143.885
7.94328 103.369
8.29373 116.671
8.65964 211.428
9.0417 92.2031
9.44061 193.588
9.85712 0
10.292 0
10.7461 105.459
11.2202 40.645
11.7152 118.467
12.2321 80.2681
12.7717 64.6137
13.3352 64.0199
13.9236 109.418
14.5378 297.804
15.1792 0
15.8489 277.456
16.5482 36.9721
17.2783 145.804
18.0406 0
18.8365 229.958
19.6675 108.877
20.5353 83.4348
21.4412 187.845
22.3872 0
23.3749 218.011
24.4062 103.567
25.483 0
26.6073 0
27.7811 119.968
29.0068 255.774
30.2866 95.3969
31.6228 386.343
33.0179 345.354
34.4747 338.029
35.9956 153.791
37.5837 109.022
39.2419 38.0404
40.9732 87.1758
42.7809 126.465
44.6684 355.138
46.6391 0
48.6968 233.071
50.8452 94.3485
53.0884 242.34
55.4307 145.892
57.8762 336.28
60.4296 31.9256
63.0957 101.816
65.8795 249.306
68.786 150.353
71.8208 316.266
74.9894 0
78.2979 319.488
81.7523 180.955
85.3591 346.544
89.1251 178.293
93.0572 389.998
97.1628 704.794
101.45 527.899
105.925 254.718
110.599 594.303
115.478 497.317
120.573 97.8103
125.893 211.865
131.447 451.882
137.246 238.353
143.301 248.009
149.624 238.908
156.225 493.856
163.117 563.823
170.314 290.252
177.828 413.561
185.674 543.642
193.865 322.872
202.418 430.972
211.349 462.089
220.673 341.629
230.409 188.125
240.575 421.832
251.189 220.688
262.271 71.6463
273.842 0
285.924 0
298.538 41.4776
311.709 220.379
325.462 82.4779
339.821 0
354.813 118.898
370.467 84.5045
386.812 110.959
403.878 103.605
421.697 0
440.301 58.9253
459.727 0
480.01 0
501.187 0
523.299 0
546.387 0
570.493 0
595.662 0
621.942 0
649.382 0
678.032 0
707.946 0
739.18 0
771.792 0
805.842 0
841.395 0
878.517 0
917.276 0
957.745 0
1000 0
