# First line is two numbers 
#     First value is '2', it means 'histogram mode'
#     Second value is 'Emin' of the histogram
# Other lines : 2 columns. 1) energy 2) probability (nb divided by NbEvent)
# Number of bins = 480
# Content below the first bin: 0
# Content above the last  bin: 0
# Content above the last  bin: 0
# Number of events: 209000
2 1e-06
1.04412e-06 0
1.09018e-06 0
1.13828e-06 0
1.1885e-06 0
1.24094e-06 0
1.29569e-06 0
1.35285e-06 0
1.41254e-06 0
1.47486e-06 0
1.53993e-06 0
1.60787e-06 0
1.6788e-06 0
1.75287e-06 0
1.83021e-06 0
1.91095e-06 0
1.99526e-06 0
2.08329e-06 0
2.1752e-06 0
2.27117e-06 0
2.37137e-06 0
2.476e-06 0
2.58523e-06 0
2.69929e-06 0
2.81838e-06 0
2.94273e-06 0
3.07256e-06 0
3.20812e-06 0
3.34965e-06 0
3.49744e-06 0
3.65174e-06 0
3.81285e-06 0
3.98107e-06 0
4.15671e-06 0
4.3401e-06 0
4.53158e-06 0
4.73151e-06 0
4.94026e-06 0
5.15822e-06 0
5.3858e-06 0
5.62341e-06 0
5.87151e-06 0
6.13056e-06 0
6.40103e-06 0
6.68344e-06 0
6.97831e-06 0
7.28618e-06 0
7.60764e-06 0
7.94328e-06 0
8.29373e-06 0
8.65964e-06 0
9.0417e-06 0
9.44061e-06 0
9.85712e-06 0
1.0292e-05 0
1.07461e-05 0
1.12202e-05 0
1.17152e-05 0
1.22321e-05 0
1.27717e-05 0
1.33352e-05 0
1.39236e-05 0
1.45378e-05 0
1.51792e-05 0
1.58489e-05 0
1.65482e-05 0
1.72783e-05 0
1.80406e-05 0
1.88365e-05 0
1.96675e-05 0
2.05353e-05 0
2.14412e-05 0
2.23872e-05 0
2.33749e-05 0
2.44062e-05 0
2.5483e-05 0
2.66073e-05 0
2.77811e-05 0
2.90068e-05 0
3.02866e-05 0
3.16228e-05 0
3.30179e-05 0
3.44747e-05 0
3.59956e-05 0
3.75837e-05 0
3.92419e-05 0
4.09732e-05 0
4.27809e-05 0
4.46684e-05 0
4.66391e-05 0
4.86968e-05 0
5.08452e-05 0
5.30884e-05 0
5.54307e-05 0
5.78762e-05 0
6.04296e-05 0
6.30957e-05 0
6.58795e-05 0
6.8786e-05 0
7.18208e-05 0
7.49894e-05 0
7.82979e-05 0
8.17523e-05 0
8.53591e-05 0
8.91251e-05 0
9.30572e-05 0
9.71628e-05 0
0.00010145 0
0.000105925 0
0.000110599 0
0.000115478 0
0.000120573 0
0.000125893 0
0.000131447 0
0.000137246 0
0.000143301 0
0.000149624 0
0.000156225 0
0.000163117 0
0.000170314 0
0.000177828 0
0.000185674 0
0.000193865 0
0.000202418 0
0.000211349 0
0.000220673 0
0.000230409 0
0.000240575 0
0.000251189 0
0.000262271 0
0.000273842 0
0.000285924 0
0.000298538 0
0.000311709 0
0.000325462 0
0.000339821 0
0.000354813 0
0.000370467 0
0.000386812 0
0.000403878 0
0.000421697 0
0.000440301 0
0.000459727 0
0.00048001 0
0.000501187 0
0.000523299 0
0.000546387 0
0.000570493 0
0.000595662 0
0.000621942 0
0.000649382 0
0.000678032 0
0.000707946 0
0.00073918 0
0.000771792 0
0.000805842 0
0.000841395 0
0.000878517 0
0.000917276 0
0.000957745 0
0.001 0
0.00104412 0
0.00109018 0
0.00113828 0
0.0011885 0
0.00124094 0
0.00129569 0
0.00135285 0
0.00141254 0
0.00147486 0
0.00153993 0
0.00160787 0
0.0016788 0
0.00175287 0
0.00183021 0
0.00191095 0
0.00199526 0
0.00208329 0
0.0021752 0
0.00227117 0
0.00237137 0
0.002476 0
0.00258523 0
0.00269929 0
0.00281838 0
0.00294273 0
0.00307256 0
0.00320812 0
0.00334965 0
0.00349744 0
0.00365174 0
0.00381285 0
0.00398107 0
0.00415671 0
0.0043401 0
0.00453158 0
0.00473151 0
0.00494026 0
0.00515822 0
0.0053858 0
0.00562341 0
0.00587151 100.223
0.00613056 0
0.00640103 0
0.00668344 0
0.00697831 0
0.00728618 0
0.00760764 0
0.00794328 0
0.00829373 86.5395
0.00865964 0
0.0090417 0
0.00944061 0
0.00985712 101.072
0.010292 0
0.0107461 83.318
0.0112202 0
0.0117152 223.456
0.0122321 0
0.0127717 0
0.0133352 88.6735
0.0139236 212.336
0.0145378 0
0.0151792 0
0.0158489 0
0.0165482 0
0.0172783 116.624
0.0180406 0
0.0188365 152.708
0.0196675 83.1832
0.0205353 82.8678
0.0214412 88.4345
0.0223872 0
0.0233749 0
0.0244062 115.336
0.025483 500.074
0.0266073 113.703
0.0277811 277.569
0.0290068 73.3935
0.0302866 0
0.0316228 250.455
0.0330179 75.8446
0.0344747 0
0.0359956 102.017
0.0375837 97.9894
0.0392419 118.339
0.0409732 435.362
0.0427809 189.297
0.0446684 342.056
0.0466391 44.6159
0.0486968 230.638
0.0508452 303.545
0.0530884 168.513
0.0554307 529.105
0.0578762 853.518
0.0604296 201.351
0.0630957 193.028
0.0658795 110.76
0.068786 294.516
0.0718208 513.749
0.0749894 397.919
0.0782979 407.665
0.0817523 475.472
0.0853591 311.759
0.0891251 309.351
0.0930572 528.984
0.0971628 625.55
0.10145 382.815
0.105925 473.934
0.110599 509.039
0.115478 693.037
0.120573 568.511
0.125893 678.477
0.131447 664.209
0.137246 414.655
0.143301 285.063
0.149624 320.076
0.156225 337.832
0.163117 610.379
0.170314 812.847
0.177828 498.445
0.185674 840.53
0.193865 512.212
0.202418 701.46
0.211349 407.072
0.220673 823.197
0.230409 378.053
0.240575 635.478
0.251189 642.079
0.262271 1081.94
0.273842 1048.27
0.285924 702.15
0.298538 715.95
0.311709 863.058
0.325462 678.306
0.339821 720.071
0.354813 976.122
0.370467 763.125
0.386812 669.386
0.403878 979.89
0.421697 694.18
0.440301 1380.57
0.459727 939.196
0.48001 987.749
0.501187 587.864
0.523299 696.661
0.546387 1452.71
0.570493 748.476
0.595662 492.655
0.621942 812.908
0.649382 660.703
0.678032 626.308
0.707946 851.848
0.73918 643.344
0.771792 800.747
0.805842 181.033
0.841395 686.256
0.878517 446.845
0.917276 190.832
0.957745 536.387
1 219.622
1.04412 706.229
1.09018 272.423
1.13828 432.587
1.1885 207.358
1.24094 170.858
1.29569 386.002
1.35285 352.331
1.41254 276.849
1.47486 293.495
1.53993 417.24
1.60787 205.553
1.6788 108.989
1.75287 220.554
1.83021 263.23
1.91095 260.143
1.99526 299.274
2.08329 208.279
2.1752 83.1371
2.27117 99.0386
2.37137 300.998
2.476 0
2.58523 112.265
2.69929 0
2.81838 307.049
2.94273 150.152
3.07256 394.702
3.20812 193.708
3.34965 101.9
3.49744 281.811
3.65174 0
3.81285 289.896
3.98107 68.3366
4.15671 90.3591
4.3401 98.0785
4.53158 158.279
4.73151 110.927
4.94026 48.3971
5.15822 159.57
5.3858 207.861
5.62341 0
5.87151 170.581
6.13056 0
6.40103 95.7147
6.68344 165.07
6.97831 0
7.28618 207.506
7.60764 70.1825
7.94328 0
8.29373 0
8.65964 0
9.0417 224.346
9.44061 66.3216
9.85712 0
10.292 181.57
10.7461 0
11.2202 207.585
11.7152 226.043
12.2321 142.644
12.7717 0
13.3352 165.686
13.9236 171.521
14.5378 4.57101
15.1792 295.528
15.8489 226.014
16.5482 47.2307
17.2783 113.816
18.0406 40.7258
18.8365 0
19.6675 92.2508
20.5353 204.807
21.4412 193.684
22.3872 107.354
23.3749 102.539
24.4062 0
25.483 112.721
26.6073 334.333
27.7811 62.3673
29.0068 106.317
30.2866 82.1564
31.6228 161.474
33.0179 112.14
34.4747 136.496
35.9956 143.506
37.5837 0
39.2419 112.572
40.9732 336.676
42.7809 182.746
44.6684 241.752
46.6391 229.967
48.6968 180.109
50.8452 203.58
53.0884 132.86
55.4307 134.265
57.8762 517.915
60.4296 230.982
63.0957 119.053
65.8795 295.733
68.786 163.011
71.8208 192.585
74.9894 188.703
78.2979 792.619
81.7523 349.728
85.3591 196.142
89.1251 194.553
93.0572 232.563
97.1628 345.278
101.45 352.249
105.925 154.178
110.599 147.481
115.478 173.146
120.573 357.184
125.893 365.765
131.447 464.417
137.246 249.537
143.301 464.954
149.624 417.66
156.225 238.003
163.117 91.6994
170.314 97.7633
177.828 311.915
185.674 0
193.865 125.714
202.418 0
211.349 0
220.673 270.169
230.409 149.826
240.575 81.73
251.189 183.444
262.271 71.8216
273.842 275.019
285.924 97.0332
298.538 0
311.709 0
325.462 0
339.821 0
354.813 92.5164
370.467 0
386.812 87.3437
403.878 0
421.697 0
440.301 0
459.727 104.896
480.01 0
501.187 0
523.299 0
546.387 0
570.493 0
595.662 0
621.942 0
649.382 0
678.032 0
707.946 0
739.18 0
771.792 0
805.842 0
841.395 0
878.517 0
917.276 0
957.745 0
1000 0
