# First line is two numbers 
#     First value is '2', it means 'histogram mode'
#     Second value is 'Emin' of the histogram
# Other lines : 2 columns. 1) energy 2) probability (nb divided by NbEvent)
# Number of bins = 480
# Content below the first bin: 0
# Content above the last  bin: 0
# Content above the last  bin: 0
# Number of events: 209000
2 1e-06
1.04412e-06 0
1.09018e-06 0
1.13828e-06 0
1.1885e-06 0
1.24094e-06 0
1.29569e-06 0
1.35285e-06 0
1.41254e-06 0
1.47486e-06 0
1.53993e-06 0
1.60787e-06 0
1.6788e-06 0
1.75287e-06 0
1.83021e-06 0
1.91095e-06 0
1.99526e-06 0
2.08329e-06 0
2.1752e-06 0
2.27117e-06 0
2.37137e-06 0
2.476e-06 0
2.58523e-06 0
2.69929e-06 0
2.81838e-06 0
2.94273e-06 0
3.07256e-06 0
3.20812e-06 0
3.34965e-06 0
3.49744e-06 0
3.65174e-06 0
3.81285e-06 0
3.98107e-06 0
4.15671e-06 0
4.3401e-06 0
4.53158e-06 0
4.73151e-06 0
4.94026e-06 0
5.15822e-06 0
5.3858e-06 0
5.62341e-06 0
5.87151e-06 0
6.13056e-06 0
6.40103e-06 0
6.68344e-06 0
6.97831e-06 0
7.28618e-06 0
7.60764e-06 0
7.94328e-06 0
8.29373e-06 0
8.65964e-06 0
9.0417e-06 0
9.44061e-06 0
9.85712e-06 0
1.0292e-05 0
1.07461e-05 0
1.12202e-05 0
1.17152e-05 0
1.22321e-05 0
1.27717e-05 0
1.33352e-05 0
1.39236e-05 0
1.45378e-05 0
1.51792e-05 0
1.58489e-05 0
1.65482e-05 0
1.72783e-05 0
1.80406e-05 0
1.88365e-05 0
1.96675e-05 0
2.05353e-05 0
2.14412e-05 0
2.23872e-05 0
2.33749e-05 0
2.44062e-05 0
2.5483e-05 0
2.66073e-05 0
2.77811e-05 0
2.90068e-05 0
3.02866e-05 0
3.16228e-05 0
3.30179e-05 0
3.44747e-05 0
3.59956e-05 0
3.75837e-05 0
3.92419e-05 0
4.09732e-05 0
4.27809e-05 0
4.46684e-05 0
4.66391e-05 0
4.86968e-05 0
5.08452e-05 0
5.30884e-05 0
5.54307e-05 0
5.78762e-05 0
6.04296e-05 0
6.30957e-05 0
6.58795e-05 0
6.8786e-05 0
7.18208e-05 0
7.49894e-05 0
7.82979e-05 0
8.17523e-05 0
8.53591e-05 0
8.91251e-05 0
9.30572e-05 0
9.71628e-05 0
0.00010145 0
0.000105925 0
0.000110599 0
0.000115478 0
0.000120573 0
0.000125893 0
0.000131447 0
0.000137246 0
0.000143301 0
0.000149624 0
0.000156225 0
0.000163117 0
0.000170314 0
0.000177828 0
0.000185674 0
0.000193865 0
0.000202418 0
0.000211349 0
0.000220673 0
0.000230409 0
0.000240575 0
0.000251189 0
0.000262271 0
0.000273842 0
0.000285924 0
0.000298538 0
0.000311709 0
0.000325462 0
0.000339821 0
0.000354813 0
0.000370467 0
0.000386812 0
0.000403878 0
0.000421697 0
0.000440301 0
0.000459727 0
0.00048001 0
0.000501187 0
0.000523299 0
0.000546387 0
0.000570493 0
0.000595662 0
0.000621942 0
0.000649382 0
0.000678032 0
0.000707946 0
0.00073918 0
0.000771792 0
0.000805842 0
0.000841395 0
0.000878517 0
0.000917276 0
0.000957745 0
0.001 0
0.00104412 0
0.00109018 0
0.00113828 0
0.0011885 0
0.00124094 0
0.00129569 0
0.00135285 118.402
0.00141254 0
0.00147486 0
0.00153993 0
0.00160787 0
0.0016788 0
0.00175287 0
0.00183021 0
0.00191095 0
0.00199526 0
0.00208329 0
0.0021752 0
0.00227117 0
0.00237137 0
0.002476 0
0.00258523 0
0.00269929 0
0.00281838 0
0.00294273 109.569
0.00307256 0
0.00320812 0
0.00334965 0
0.00349744 0
0.00365174 0
0.00381285 0
0.00398107 0
0.00415671 70.707
0.0043401 0
0.00453158 0
0.00473151 0
0.00494026 0
0.00515822 0
0.0053858 0
0.00562341 0
0.00587151 0
0.00613056 0
0.00640103 0
0.00668344 0
0.00697831 21.7461
0.00728618 0
0.00760764 0
0.00794328 0
0.00829373 0
0.00865964 0
0.0090417 0
0.00944061 0
0.00985712 114.003
0.010292 140.555
0.0107461 54.87
0.0112202 0
0.0117152 0
0.0122321 0
0.0127717 0
0.0133352 152.201
0.0139236 0
0.0145378 19.9147
0.0151792 58.8767
0.0158489 0
0.0165482 0
0.0172783 146.187
0.0180406 346.117
0.0188365 0
0.0196675 173.432
0.0205353 205.645
0.0214412 125.211
0.0223872 108.634
0.0233749 117.986
0.0244062 160.048
0.025483 256.347
0.0266073 158.845
0.0277811 216.703
0.0290068 0
0.0302866 270.467
0.0316228 109.892
0.0330179 213.486
0.0344747 15.5707
0.0359956 177.883
0.0375837 218.349
0.0392419 173.975
0.0409732 449.674
0.0427809 230.317
0.0446684 600.526
0.0466391 654.551
0.0486968 424.234
0.0508452 297.45
0.0530884 399.525
0.0554307 417.54
0.0578762 597.13
0.0604296 84.3501
0.0630957 738.561
0.0658795 1071.02
0.068786 286.743
0.0718208 728.742
0.0749894 1144.77
0.0782979 826.455
0.0817523 687.509
0.0853591 836.364
0.0891251 1098.26
0.0930572 528.005
0.0971628 703.575
0.10145 1105.37
0.105925 1288.22
0.110599 1187.78
0.115478 865.227
0.120573 870.082
0.125893 1449.08
0.131447 644.777
0.137246 1040.56
0.143301 1507.46
0.149624 884.326
0.156225 1065.57
0.163117 546.963
0.170314 1271.76
0.177828 1148.09
0.185674 949.117
0.193865 985.109
0.202418 715.656
0.211349 1356.33
0.220673 1718.49
0.230409 1012.46
0.240575 1141.12
0.251189 700.326
0.262271 1365.39
0.273842 1162.47
0.285924 1391.12
0.298538 982.492
0.311709 736.534
0.325462 1393.51
0.339821 1341.13
0.354813 1219.54
0.370467 859.8
0.386812 1618.45
0.403878 2213.08
0.421697 547.554
0.440301 1290.49
0.459727 1240.04
0.48001 894.472
0.501187 1357.08
0.523299 1505.6
0.546387 775.27
0.570493 1364.86
0.595662 634.472
0.621942 1472.99
0.649382 1549.58
0.678032 1554.2
0.707946 2336.09
0.73918 1001.68
0.771792 1665.16
0.805842 1113.94
0.841395 1078.85
0.878517 854.291
0.917276 1114.6
0.957745 515.349
1 604.401
1.04412 360.232
1.09018 685.742
1.13828 565.347
1.1885 574.875
1.24094 661.445
1.29569 280.674
1.35285 462.887
1.41254 694.011
1.47486 643.61
1.53993 619.115
1.60787 515.917
1.6788 336.325
1.75287 478.392
1.83021 297.458
1.91095 568.307
1.99526 498.153
2.08329 565.199
2.1752 523.588
2.27117 465.667
2.37137 474.554
2.476 562.332
2.58523 695.134
2.69929 309.911
2.81838 940.905
2.94273 380.876
3.07256 95.218
3.20812 74.9327
3.34965 398.506
3.49744 216.415
3.65174 167.237
3.81285 257.98
3.98107 58.9892
4.15671 275.015
4.3401 66.9431
4.53158 198.263
4.73151 174.39
4.94026 324.259
5.15822 119.528
5.3858 407.545
5.62341 228.764
5.87151 268.548
6.13056 92.958
6.40103 296.306
6.68344 178.695
6.97831 54.3468
7.28618 111.391
7.60764 235.215
7.94328 200.25
8.29373 79.8022
8.65964 168.989
9.0417 153.581
9.44061 0
9.85712 81.7118
10.292 0
10.7461 380.776
11.2202 66.9841
11.7152 81.3307
12.2321 338.163
12.7717 24.4303
13.3352 176.317
13.9236 179.09
14.5378 104.765
15.1792 76.8768
15.8489 223.967
16.5482 105.239
17.2783 227.237
18.0406 93.0833
18.8365 254.432
19.6675 23.6499
20.5353 202.513
21.4412 94.6004
22.3872 155.407
23.3749 266.977
24.4062 32.2514
25.483 52.8701
26.6073 196.577
27.7811 0
29.0068 198.743
30.2866 106.883
31.6228 0
33.0179 0
34.4747 259.997
35.9956 243.549
37.5837 53.0879
39.2419 207.584
40.9732 181.852
42.7809 94.7423
44.6684 340.452
46.6391 166.232
48.6968 281.659
50.8452 338
53.0884 134.958
55.4307 308.167
57.8762 282.54
60.4296 257.807
63.0957 170.695
65.8795 450.866
68.786 426.654
71.8208 588.827
74.9894 398.498
78.2979 435.424
81.7523 302.944
85.3591 418.94
89.1251 138.225
93.0572 288.743
97.1628 549.715
101.45 643.847
105.925 336.388
110.599 186.972
115.478 143.007
120.573 304.473
125.893 175.604
131.447 552.398
137.246 289.901
143.301 252.78
149.624 365.256
156.225 754.242
163.117 770.537
170.314 356.652
177.828 382.419
185.674 554.33
193.865 336.63
202.418 822.853
211.349 594.849
220.673 778.001
230.409 749.714
240.575 477.301
251.189 656.729
262.271 1387.35
273.842 810.32
285.924 587.325
298.538 959.062
311.709 980.282
325.462 941.231
339.821 862.862
354.813 1147.24
370.467 1401.52
386.812 668.123
403.878 650.074
421.697 903.678
440.301 398.909
459.727 443.971
480.01 70.9947
501.187 334.115
523.299 149.986
546.387 319.09
570.493 104.58
595.662 99.1978
621.942 201.747
649.382 171.943
678.032 0
707.946 0
739.18 63.5995
771.792 0
805.842 0
841.395 0
878.517 92.7465
917.276 0
957.745 0
1000 0
