# First line is two numbers 
#     First value is '2', it means 'histogram mode'
#     Second value is 'Emin' of the histogram
# Other lines : 2 columns. 1) energy 2) probability (nb divided by NbEvent)
# Number of bins = 480
# Content below the first bin: 0
# Content above the last  bin: 0
# Content above the last  bin: 0
# Number of events: 209000
2 1e-06
1.04412e-06 0
1.09018e-06 0
1.13828e-06 0
1.1885e-06 0
1.24094e-06 0
1.29569e-06 0
1.35285e-06 0
1.41254e-06 0
1.47486e-06 0
1.53993e-06 0
1.60787e-06 0
1.6788e-06 0
1.75287e-06 0
1.83021e-06 0
1.91095e-06 0
1.99526e-06 0
2.08329e-06 0
2.1752e-06 0
2.27117e-06 0
2.37137e-06 0
2.476e-06 0
2.58523e-06 0
2.69929e-06 0
2.81838e-06 0
2.94273e-06 0
3.07256e-06 0
3.20812e-06 0
3.34965e-06 0
3.49744e-06 0
3.65174e-06 0
3.81285e-06 0
3.98107e-06 0
4.15671e-06 0
4.3401e-06 0
4.53158e-06 0
4.73151e-06 0
4.94026e-06 0
5.15822e-06 0
5.3858e-06 0
5.62341e-06 0
5.87151e-06 0
6.13056e-06 0
6.40103e-06 0
6.68344e-06 0
6.97831e-06 0
7.28618e-06 0
7.60764e-06 0
7.94328e-06 0
8.29373e-06 0
8.65964e-06 0
9.0417e-06 0
9.44061e-06 0
9.85712e-06 0
1.0292e-05 0
1.07461e-05 0
1.12202e-05 0
1.17152e-05 0
1.22321e-05 0
1.27717e-05 0
1.33352e-05 0
1.39236e-05 0
1.45378e-05 0
1.51792e-05 0
1.58489e-05 0
1.65482e-05 0
1.72783e-05 0
1.80406e-05 0
1.88365e-05 0
1.96675e-05 0
2.05353e-05 0
2.14412e-05 0
2.23872e-05 0
2.33749e-05 0
2.44062e-05 0
2.5483e-05 0
2.66073e-05 0
2.77811e-05 0
2.90068e-05 0
3.02866e-05 0
3.16228e-05 0
3.30179e-05 0
3.44747e-05 0
3.59956e-05 0
3.75837e-05 0
3.92419e-05 0
4.09732e-05 0
4.27809e-05 0
4.46684e-05 0
4.66391e-05 0
4.86968e-05 0
5.08452e-05 0
5.30884e-05 0
5.54307e-05 0
5.78762e-05 0
6.04296e-05 0
6.30957e-05 0
6.58795e-05 0
6.8786e-05 0
7.18208e-05 0
7.49894e-05 0
7.82979e-05 0
8.17523e-05 0
8.53591e-05 0
8.91251e-05 0
9.30572e-05 0
9.71628e-05 0
0.00010145 0
0.000105925 0
0.000110599 0
0.000115478 0
0.000120573 0
0.000125893 0
0.000131447 0
0.000137246 0
0.000143301 0
0.000149624 0
0.000156225 0
0.000163117 0
0.000170314 0
0.000177828 0
0.000185674 0
0.000193865 0
0.000202418 0
0.000211349 0
0.000220673 0
0.000230409 0
0.000240575 0
0.000251189 0
0.000262271 0
0.000273842 0
0.000285924 56.3839
0.000298538 0
0.000311709 0
0.000325462 0
0.000339821 0
0.000354813 0
0.000370467 0
0.000386812 0
0.000403878 0
0.000421697 0
0.000440301 0
0.000459727 0
0.00048001 0
0.000501187 0
0.000523299 0
0.000546387 0
0.000570493 0
0.000595662 0
0.000621942 0
0.000649382 0
0.000678032 0
0.000707946 0
0.00073918 0
0.000771792 0
0.000805842 0
0.000841395 0
0.000878517 0
0.000917276 0
0.000957745 0
0.001 0
0.00104412 0
0.00109018 0
0.00113828 0
0.0011885 0
0.00124094 0
0.00129569 0
0.00135285 0
0.00141254 0
0.00147486 0
0.00153993 0
0.00160787 0
0.0016788 0
0.00175287 0
0.00183021 0
0.00191095 0
0.00199526 0
0.00208329 0
0.0021752 47.9484
0.00227117 0
0.00237137 0
0.002476 0
0.00258523 0
0.00269929 0
0.00281838 0
0.00294273 0
0.00307256 0
0.00320812 0
0.00334965 0
0.00349744 0
0.00365174 0
0.00381285 42.5943
0.00398107 0
0.00415671 81.3241
0.0043401 0
0.00453158 0
0.00473151 0
0.00494026 98.8742
0.00515822 0
0.0053858 0
0.00562341 0
0.00587151 0
0.00613056 0
0.00640103 0
0.00668344 41.6381
0.00697831 0
0.00728618 167.845
0.00760764 192.276
0.00794328 0
0.00829373 111.452
0.00865964 0
0.0090417 0
0.00944061 0
0.00985712 348.513
0.010292 49.8481
0.0107461 0
0.0112202 128.79
0.0117152 0
0.0122321 210.341
0.0127717 554.523
0.0133352 119.084
0.0139236 60.6748
0.0145378 0
0.0151792 263.802
0.0158489 614.481
0.0165482 223.886
0.0172783 530.104
0.0180406 383.62
0.0188365 472.655
0.0196675 680.625
0.0205353 92.5121
0.0214412 208.844
0.0223872 344.696
0.0233749 259.198
0.0244062 227.94
0.025483 433.723
0.0266073 940.276
0.0277811 299.518
0.0290068 459.919
0.0302866 777.796
0.0316228 615.68
0.0330179 391.979
0.0344747 1429.71
0.0359956 1145.54
0.0375837 956.022
0.0392419 838.192
0.0409732 1594.77
0.0427809 834.125
0.0446684 1411.31
0.0466391 1545.83
0.0486968 1408.9
0.0508452 1811.64
0.0530884 898.372
0.0554307 1766.44
0.0578762 1185.49
0.0604296 1811.72
0.0630957 1531.74
0.0658795 2604.8
0.068786 2781.53
0.0718208 2655.14
0.0749894 2824.48
0.0782979 2464.74
0.0817523 2590.57
0.0853591 2742.6
0.0891251 2490.36
0.0930572 2179.8
0.0971628 3509.12
0.10145 3160.9
0.105925 3237.04
0.110599 2972.1
0.115478 3146.4
0.120573 2622.34
0.125893 3723.27
0.131447 4485.78
0.137246 3546.46
0.143301 2501.32
0.149624 3405.37
0.156225 2796.15
0.163117 4358.28
0.170314 3194.32
0.177828 3137.23
0.185674 3540.38
0.193865 3199.54
0.202418 3844.51
0.211349 3978.52
0.220673 3555.18
0.230409 4477.13
0.240575 3888.55
0.251189 3620.46
0.262271 3525.65
0.273842 3467.74
0.285924 4592.71
0.298538 4702.6
0.311709 4863.83
0.325462 5104.88
0.339821 4767.53
0.354813 4685.35
0.370467 4653.06
0.386812 4186.48
0.403878 3695.66
0.421697 5332.75
0.440301 4679.56
0.459727 3624.83
0.48001 5212.91
0.501187 4558.48
0.523299 4671.06
0.546387 4862.41
0.570493 4275.26
0.595662 4042.32
0.621942 3741.74
0.649382 3532.63
0.678032 3563.13
0.707946 3605.56
0.73918 3567.24
0.771792 2750.92
0.805842 4324.42
0.841395 3036.46
0.878517 2819.61
0.917276 2567.65
0.957745 2551.49
1 1903.35
1.04412 2566.04
1.09018 1850.64
1.13828 2935
1.1885 1781.91
1.24094 2579.77
1.29569 1873.33
1.35285 1889.43
1.41254 1595.66
1.47486 1618.28
1.53993 1263.55
1.60787 1296.64
1.6788 1249.71
1.75287 1312.87
1.83021 815.432
1.91095 1279.54
1.99526 1659.31
2.08329 1248.43
2.1752 853.731
2.27117 1124.92
2.37137 1005.92
2.476 769.679
2.58523 1064.09
2.69929 507.301
2.81838 1268.71
2.94273 816.93
3.07256 743.121
3.20812 819.551
3.34965 1222.71
3.49744 528.897
3.65174 697.178
3.81285 609.321
3.98107 965.006
4.15671 1017.2
4.3401 723.582
4.53158 567.748
4.73151 415.473
4.94026 597.71
5.15822 486.623
5.3858 685.659
5.62341 634.173
5.87151 810.046
6.13056 880.161
6.40103 735.424
6.68344 454.642
6.97831 864.948
7.28618 825.383
7.60764 561.465
7.94328 645.94
8.29373 539.581
8.65964 653.267
9.0417 263.023
9.44061 563.882
9.85712 123.945
10.292 567.651
10.7461 305.841
11.2202 510.68
11.7152 257.444
12.2321 360.207
12.7717 220.393
13.3352 623.615
13.9236 323.109
14.5378 428.447
15.1792 529.599
15.8489 472.742
16.5482 332.863
17.2783 89.6068
18.0406 459.54
18.8365 389.696
19.6675 919.421
20.5353 610.247
21.4412 771.945
22.3872 582.448
23.3749 601.165
24.4062 473.472
25.483 709.711
26.6073 521.025
27.7811 559.008
29.0068 300.238
30.2866 474.115
31.6228 1018.88
33.0179 426.013
34.4747 518.039
35.9956 513.77
37.5837 537.809
39.2419 170.471
40.9732 268.056
42.7809 648.168
44.6684 703.388
46.6391 549.583
48.6968 788.055
50.8452 794.784
53.0884 705.051
55.4307 251.494
57.8762 897.714
60.4296 675.896
63.0957 501.177
65.8795 657.839
68.786 835.446
71.8208 724.376
74.9894 975.715
78.2979 683.717
81.7523 707.184
85.3591 1221.79
89.1251 658.697
93.0572 1120.8
97.1628 996.919
101.45 1058.22
105.925 1888.89
110.599 1061.15
115.478 1313.83
120.573 1600.42
125.893 1672.93
131.447 1294.19
137.246 1406.73
143.301 1243.5
149.624 1175.49
156.225 1281.79
163.117 1140.79
170.314 1642.35
177.828 1087.03
185.674 1958.42
193.865 798.817
202.418 1183.11
211.349 1762.62
220.673 1722.41
230.409 909.1
240.575 1356.54
251.189 673.717
262.271 734.343
273.842 268.61
285.924 435.844
298.538 736.492
311.709 347.967
325.462 379.164
339.821 508.454
354.813 216.718
370.467 217.239
386.812 306.243
403.878 34.5445
421.697 0
440.301 284.318
459.727 269.923
480.01 105.135
501.187 285.486
523.299 194.474
546.387 0
570.493 225.816
595.662 0
621.942 202.823
649.382 0
678.032 0
707.946 0
739.18 104.648
771.792 0
805.842 0
841.395 0
878.517 0
917.276 0
957.745 0
1000 0
