# First line is two numbers 
#     First value is '2', it means 'histogram mode'
#     Second value is 'Emin' of the histogram
# Other lines : 2 columns. 1) energy 2) probability (nb divided by NbEvent)
# Number of bins = 480
# Content below the first bin: 0
# Content above the last  bin: 0
# Content above the last  bin: 0
# Number of events: 209000
2 1e-06
1.04412e-06 0
1.09018e-06 0
1.13828e-06 0
1.1885e-06 0
1.24094e-06 0
1.29569e-06 0
1.35285e-06 0
1.41254e-06 0
1.47486e-06 0
1.53993e-06 0
1.60787e-06 0
1.6788e-06 0
1.75287e-06 0
1.83021e-06 0
1.91095e-06 0
1.99526e-06 0
2.08329e-06 0
2.1752e-06 0
2.27117e-06 0
2.37137e-06 0
2.476e-06 0
2.58523e-06 0
2.69929e-06 0
2.81838e-06 0
2.94273e-06 0
3.07256e-06 0
3.20812e-06 0
3.34965e-06 0
3.49744e-06 0
3.65174e-06 0
3.81285e-06 0
3.98107e-06 0
4.15671e-06 0
4.3401e-06 0
4.53158e-06 0
4.73151e-06 0
4.94026e-06 0
5.15822e-06 0
5.3858e-06 0
5.62341e-06 0
5.87151e-06 0
6.13056e-06 0
6.40103e-06 0
6.68344e-06 0
6.97831e-06 0
7.28618e-06 0
7.60764e-06 0
7.94328e-06 0
8.29373e-06 0
8.65964e-06 0
9.0417e-06 0
9.44061e-06 0
9.85712e-06 0
1.0292e-05 0
1.07461e-05 0
1.12202e-05 0
1.17152e-05 0
1.22321e-05 0
1.27717e-05 0
1.33352e-05 0
1.39236e-05 0
1.45378e-05 0
1.51792e-05 0
1.58489e-05 0
1.65482e-05 0
1.72783e-05 0
1.80406e-05 0
1.88365e-05 0
1.96675e-05 0
2.05353e-05 0
2.14412e-05 0
2.23872e-05 0
2.33749e-05 0
2.44062e-05 0
2.5483e-05 0
2.66073e-05 0
2.77811e-05 0
2.90068e-05 0
3.02866e-05 0
3.16228e-05 0
3.30179e-05 0
3.44747e-05 0
3.59956e-05 0
3.75837e-05 0
3.92419e-05 0
4.09732e-05 0
4.27809e-05 0
4.46684e-05 0
4.66391e-05 0
4.86968e-05 0
5.08452e-05 0
5.30884e-05 0
5.54307e-05 0
5.78762e-05 0
6.04296e-05 0
6.30957e-05 0
6.58795e-05 0
6.8786e-05 0
7.18208e-05 0
7.49894e-05 0
7.82979e-05 0
8.17523e-05 0
8.53591e-05 0
8.91251e-05 0
9.30572e-05 0
9.71628e-05 0
0.00010145 0
0.000105925 0
0.000110599 0
0.000115478 0
0.000120573 0
0.000125893 0
0.000131447 0
0.000137246 0
0.000143301 0
0.000149624 0
0.000156225 0
0.000163117 0
0.000170314 0
0.000177828 0
0.000185674 0
0.000193865 0
0.000202418 0
0.000211349 0
0.000220673 0
0.000230409 0
0.000240575 0
0.000251189 0
0.000262271 0
0.000273842 0
0.000285924 0
0.000298538 0
0.000311709 0
0.000325462 0
0.000339821 0
0.000354813 0
0.000370467 0
0.000386812 0
0.000403878 0
0.000421697 0
0.000440301 0
0.000459727 0
0.00048001 0
0.000501187 0
0.000523299 0
0.000546387 0
0.000570493 0
0.000595662 0
0.000621942 0
0.000649382 0
0.000678032 0
0.000707946 0
0.00073918 0
0.000771792 0
0.000805842 0
0.000841395 0
0.000878517 0
0.000917276 0
0.000957745 0
0.001 0
0.00104412 0
0.00109018 0
0.00113828 0
0.0011885 0
0.00124094 0
0.00129569 0
0.00135285 0
0.00141254 0
0.00147486 0
0.00153993 0
0.00160787 0
0.0016788 0
0.00175287 0
0.00183021 0
0.00191095 0
0.00199526 0
0.00208329 0
0.0021752 0
0.00227117 0
0.00237137 0
0.002476 0
0.00258523 0
0.00269929 0
0.00281838 0
0.00294273 0
0.00307256 0
0.00320812 0
0.00334965 0
0.00349744 0
0.00365174 0
0.00381285 0
0.00398107 0
0.00415671 0
0.0043401 1.06663
0.00453158 116.099
0.00473151 0
0.00494026 0
0.00515822 117.356
0.0053858 33.4431
0.00562341 0
0.00587151 0
0.00613056 0
0.00640103 122.017
0.00668344 115.915
0.00697831 0
0.00728618 137.44
0.00760764 0
0.00794328 161.733
0.00829373 0
0.00865964 0
0.0090417 189.097
0.00944061 94.9462
0.00985712 0
0.010292 0
0.0107461 203.762
0.0112202 0
0.0117152 207.76
0.0122321 0
0.0127717 605.689
0.0133352 235.234
0.0139236 243.394
0.0145378 253.763
0.0151792 270.217
0.0158489 0
0.0165482 127.78
0.0172783 103.297
0.0180406 256.88
0.0188365 545.924
0.0196675 250.843
0.0205353 308.669
0.0214412 172.213
0.0223872 468.357
0.0233749 465.114
0.0244062 450.464
0.025483 652.077
0.0266073 377.106
0.0277811 540.461
0.0290068 978.141
0.0302866 1399.11
0.0316228 477.69
0.0330179 587.864
0.0344747 1285.91
0.0359956 1254.37
0.0375837 1044.49
0.0392419 1240.25
0.0409732 1358.37
0.0427809 723.342
0.0446684 1261.49
0.0466391 1226.94
0.0486968 955.792
0.0508452 927.967
0.0530884 1633.29
0.0554307 1198.44
0.0578762 1077.51
0.0604296 1492.67
0.0630957 1658.93
0.0658795 1926.43
0.068786 2202.07
0.0718208 1420.92
0.0749894 2232.98
0.0782979 2747.57
0.0817523 2087.72
0.0853591 2363.33
0.0891251 2773.42
0.0930572 1859.59
0.0971628 4223.33
0.10145 3557.73
0.105925 3042.01
0.110599 3192.72
0.115478 2894.49
0.120573 2823.08
0.125893 4322.27
0.131447 3129.77
0.137246 3526.91
0.143301 3617.4
0.149624 4297.08
0.156225 4357.44
0.163117 5089.91
0.170314 3896.79
0.177828 3245.57
0.185674 2846.17
0.193865 2989.22
0.202418 3021.83
0.211349 3174.49
0.220673 4070.34
0.230409 4169.01
0.240575 3869.56
0.251189 4821.24
0.262271 4507.89
0.273842 4511.13
0.285924 4778.77
0.298538 4934.84
0.311709 4904.99
0.325462 4775.76
0.339821 3859.08
0.354813 3419.86
0.370467 4293.97
0.386812 3825.46
0.403878 4484.61
0.421697 4081.85
0.440301 3599.11
0.459727 4459.93
0.48001 4678.38
0.501187 3977.27
0.523299 3972.94
0.546387 3762.05
0.570493 4584.77
0.595662 4826.21
0.621942 5494.56
0.649382 3692.07
0.678032 4316.34
0.707946 3362.82
0.73918 5100.68
0.771792 2586.77
0.805842 3592.73
0.841395 2707.77
0.878517 3335.62
0.917276 2252.09
0.957745 1829.12
1 2519.94
1.04412 2238.09
1.09018 2213.36
1.13828 2249.05
1.1885 2054.93
1.24094 2044.25
1.29569 1485.6
1.35285 1588.5
1.41254 2057.28
1.47486 891.481
1.53993 1634.34
1.60787 1797.64
1.6788 1717.66
1.75287 1101.55
1.83021 1207.92
1.91095 1174.1
1.99526 881.466
2.08329 1131.16
2.1752 1047.85
2.27117 1360.7
2.37137 920.188
2.476 933.919
2.58523 1400.98
2.69929 1422.47
2.81838 727.684
2.94273 502.163
3.07256 818.867
3.20812 1070.07
3.34965 1168.28
3.49744 907.945
3.65174 743.886
3.81285 352.658
3.98107 523.294
4.15671 580.431
4.3401 248.084
4.53158 552.785
4.73151 900.079
4.94026 1045.74
5.15822 475.525
5.3858 597.539
5.62341 297.084
5.87151 561.331
6.13056 764.174
6.40103 405.219
6.68344 329.322
6.97831 214.34
7.28618 543.731
7.60764 626.334
7.94328 250.788
8.29373 410.531
8.65964 441.955
9.0417 252.938
9.44061 462.495
9.85712 443.772
10.292 388.745
10.7461 282.72
11.2202 560.025
11.7152 579.021
12.2321 579.985
12.7717 348.342
13.3352 181.462
13.9236 909.284
14.5378 404.266
15.1792 458.221
15.8489 604.279
16.5482 930.496
17.2783 827.159
18.0406 636.479
18.8365 435.201
19.6675 0
20.5353 719.827
21.4412 310.642
22.3872 663.54
23.3749 662.003
24.4062 298.408
25.483 477.189
26.6073 519.191
27.7811 476.536
29.0068 999.408
30.2866 517.364
31.6228 658.056
33.0179 1109.91
34.4747 545.228
35.9956 437.812
37.5837 479.387
39.2419 879.186
40.9732 888.638
42.7809 704.687
44.6684 369.057
46.6391 727.67
48.6968 894.402
50.8452 1436.43
53.0884 981.982
55.4307 1192.03
57.8762 602.786
60.4296 432.345
63.0957 1291.23
65.8795 984.982
68.786 800.663
71.8208 779.787
74.9894 944.141
78.2979 686.444
81.7523 1436.53
85.3591 1020.73
89.1251 1887.48
93.0572 1284.71
97.1628 1280.65
101.45 988.823
105.925 1051.47
110.599 765.387
115.478 1416.04
120.573 1560.13
125.893 1475.49
131.447 1570.03
137.246 1723.07
143.301 1379.07
149.624 883.725
156.225 1557.77
163.117 1556.39
170.314 1155.01
177.828 2163.79
185.674 1862.94
193.865 1630.34
202.418 2187.86
211.349 904.339
220.673 871.933
230.409 1110.41
240.575 589.72
251.189 942.219
262.271 671.284
273.842 719.946
285.924 688.137
298.538 535.633
311.709 241.582
325.462 546.825
339.821 377.107
354.813 185.39
370.467 106.607
386.812 155.062
403.878 428.29
421.697 184.549
440.301 0
459.727 0
480.01 0
501.187 119.858
523.299 65.1999
546.387 0
570.493 0
595.662 29.2883
621.942 114.418
649.382 0
678.032 0
707.946 0
739.18 0
771.792 0
805.842 0
841.395 0
878.517 0
917.276 0
957.745 0
1000 0
