# First line is two numbers 
#     First value is '2', it means 'histogram mode'
#     Second value is 'Emin' of the histogram
# Other lines : 2 columns. 1) energy 2) probability (nb divided by NbEvent)
# Number of bins = 480
# Content below the first bin: 0
# Content above the last  bin: 0
# Content above the last  bin: 0
# Number of events: 400000
2 1e-06
1.04412e-06 0
1.09018e-06 0
1.13828e-06 0
1.1885e-06 0
1.24094e-06 0
1.29569e-06 0
1.35285e-06 0
1.41254e-06 0
1.47486e-06 0
1.53993e-06 0
1.60787e-06 0
1.6788e-06 0
1.75287e-06 0
1.83021e-06 0
1.91095e-06 0
1.99526e-06 0
2.08329e-06 0
2.1752e-06 0
2.27117e-06 0
2.37137e-06 0
2.476e-06 0
2.58523e-06 0
2.69929e-06 0
2.81838e-06 0
2.94273e-06 0
3.07256e-06 0
3.20812e-06 0
3.34965e-06 0
3.49744e-06 0
3.65174e-06 0
3.81285e-06 0
3.98107e-06 0
4.15671e-06 0
4.3401e-06 0
4.53158e-06 0
4.73151e-06 0
4.94026e-06 0
5.15822e-06 0
5.3858e-06 0
5.62341e-06 0
5.87151e-06 0
6.13056e-06 0
6.40103e-06 0
6.68344e-06 0
6.97831e-06 0
7.28618e-06 0
7.60764e-06 0
7.94328e-06 0
8.29373e-06 0
8.65964e-06 0
9.0417e-06 0
9.44061e-06 0
9.85712e-06 0
1.0292e-05 0
1.07461e-05 0
1.12202e-05 0
1.17152e-05 0
1.22321e-05 0
1.27717e-05 0
1.33352e-05 0
1.39236e-05 0
1.45378e-05 0
1.51792e-05 0
1.58489e-05 0
1.65482e-05 0
1.72783e-05 0
1.80406e-05 0
1.88365e-05 0
1.96675e-05 0
2.05353e-05 0
2.14412e-05 0
2.23872e-05 0
2.33749e-05 0
2.44062e-05 0
2.5483e-05 0
2.66073e-05 0
2.77811e-05 0
2.90068e-05 0
3.02866e-05 0
3.16228e-05 0
3.30179e-05 0
3.44747e-05 0
3.59956e-05 0
3.75837e-05 0
3.92419e-05 0
4.09732e-05 0
4.27809e-05 0
4.46684e-05 0
4.66391e-05 0
4.86968e-05 0
5.08452e-05 0
5.30884e-05 0
5.54307e-05 0
5.78762e-05 0
6.04296e-05 0
6.30957e-05 0
6.58795e-05 0
6.8786e-05 0
7.18208e-05 0
7.49894e-05 0
7.82979e-05 0
8.17523e-05 0
8.53591e-05 0
8.91251e-05 0
9.30572e-05 0
9.71628e-05 0
0.00010145 0
0.000105925 0
0.000110599 0
0.000115478 0
0.000120573 0
0.000125893 0
0.000131447 0
0.000137246 0
0.000143301 0
0.000149624 0
0.000156225 0
0.000163117 0
0.000170314 0
0.000177828 0
0.000185674 0
0.000193865 0
0.000202418 0
0.000211349 0
0.000220673 0
0.000230409 0
0.000240575 0
0.000251189 0
0.000262271 0
0.000273842 0
0.000285924 0
0.000298538 0
0.000311709 0
0.000325462 0
0.000339821 0
0.000354813 0
0.000370467 0
0.000386812 0
0.000403878 0
0.000421697 0
0.000440301 0
0.000459727 0
0.00048001 0
0.000501187 0
0.000523299 0
0.000546387 0
0.000570493 0
0.000595662 0
0.000621942 0
0.000649382 0
0.000678032 0
0.000707946 0
0.00073918 0
0.000771792 0
0.000805842 0
0.000841395 0
0.000878517 0
0.000917276 0
0.000957745 0
0.001 0
0.00104412 0
0.00109018 0
0.00113828 0
0.0011885 0
0.00124094 0
0.00129569 0
0.00135285 0
0.00141254 0
0.00147486 0
0.00153993 0
0.00160787 0
0.0016788 0
0.00175287 0
0.00183021 0
0.00191095 0
0.00199526 0
0.00208329 0
0.0021752 84.1189
0.00227117 0
0.00237137 0
0.002476 0
0.00258523 0
0.00269929 0
0.00281838 0
0.00294273 0
0.00307256 0
0.00320812 0
0.00334965 0
0.00349744 0
0.00365174 0
0.00381285 0
0.00398107 0
0.00415671 0
0.0043401 0
0.00453158 0
0.00473151 11.406
0.00494026 0
0.00515822 116.583
0.0053858 0
0.00562341 0
0.00587151 0
0.00613056 0
0.00640103 0
0.00668344 0
0.00697831 0
0.00728618 0
0.00760764 0
0.00794328 0
0.00829373 0
0.00865964 0
0.0090417 0
0.00944061 0
0.00985712 0
0.010292 0
0.0107461 0
0.0112202 0
0.0117152 0
0.0122321 0
0.0127717 0
0.0133352 0
0.0139236 0
0.0145378 0
0.0151792 0
0.0158489 0
0.0165482 0
0.0172783 0
0.0180406 0
0.0188365 0
0.0196675 0
0.0205353 0
0.0214412 0
0.0223872 0
0.0233749 81.2913
0.0244062 152.279
0.025483 279.857
0.0266073 0
0.0277811 0
0.0290068 0
0.0302866 0
0.0316228 0
0.0330179 0
0.0344747 0
0.0359956 148.07
0.0375837 0
0.0392419 0
0.0409732 0
0.0427809 0
0.0446684 0
0.0466391 194.401
0.0486968 96.5224
0.0508452 0
0.0530884 0
0.0554307 210.864
0.0578762 80.2395
0.0604296 0
0.0630957 72.6626
0.0658795 190.743
0.068786 125.027
0.0718208 334.178
0.0749894 117.02
0.0782979 0
0.0817523 737.125
0.0853591 478.422
0.0891251 76.3558
0.0930572 107.89
0.0971628 106.948
0.10145 185.673
0.105925 293.178
0.110599 84.8971
0.115478 86.959
0.120573 0
0.125893 366.434
0.131447 508.59
0.137246 1026.17
0.143301 157.064
0.149624 90.7478
0.156225 170.079
0.163117 363.427
0.170314 729.722
0.177828 309.671
0.185674 809.321
0.193865 108.259
0.202418 219.178
0.211349 539.268
0.220673 428.227
0.230409 478.09
0.240575 563.9
0.251189 308.801
0.262271 556.571
0.273842 753.801
0.285924 626.022
0.298538 725.869
0.311709 2307.77
0.325462 1333.4
0.339821 648.121
0.354813 1990.3
0.370467 985.285
0.386812 1944.76
0.403878 457.893
0.421697 683.906
0.440301 832.69
0.459727 996.381
0.48001 997.241
0.501187 1541.77
0.523299 1007.02
0.546387 915.204
0.570493 1424.21
0.595662 1252.94
0.621942 2218.78
0.649382 2936.73
0.678032 1956.48
0.707946 2558.03
0.73918 1034.54
0.771792 535.103
0.805842 959.638
0.841395 1773.48
0.878517 794.567
0.917276 1077.59
0.957745 2007.87
1 1408.79
1.04412 1946.98
1.09018 1328.42
1.13828 1719.08
1.1885 1540.19
1.24094 1520.42
1.29569 1132.07
1.35285 1298.5
1.41254 1134.02
1.47486 941.307
1.53993 1119.7
1.60787 1005.24
1.6788 1279.9
1.75287 1099.58
1.83021 907.015
1.91095 1636.49
1.99526 962.912
2.08329 831.59
2.1752 1212.7
2.27117 954.04
2.37137 730.229
2.476 925.661
2.58523 1196.48
2.69929 1114.4
2.81838 625.381
2.94273 657.924
3.07256 422.024
3.20812 352.26
3.34965 641.39
3.49744 0
3.65174 457.097
3.81285 1208.44
3.98107 653.724
4.15671 0
4.3401 373.121
4.53158 230.756
4.73151 251.241
4.94026 186.382
5.15822 475.117
5.3858 420.978
5.62341 254.771
5.87151 343.706
6.13056 202.139
6.40103 452.708
6.68344 703.284
6.97831 270.832
7.28618 675.766
7.60764 210.824
7.94328 200.195
8.29373 553.574
8.65964 170.82
9.0417 427.247
9.44061 424.709
9.85712 559.413
10.292 382.635
10.7461 288.343
11.2202 217.119
11.7152 255.315
12.2321 173.737
12.7717 603.632
13.3352 250.019
13.9236 463.867
14.5378 388.02
15.1792 290.074
15.8489 187.002
16.5482 70.6405
17.2783 254.755
18.0406 586.334
18.8365 430.853
19.6675 568.293
20.5353 145.159
21.4412 58.174
22.3872 349.296
23.3749 257.695
24.4062 307.731
25.483 328.407
26.6073 294.733
27.7811 789.69
29.0068 654.719
30.2866 715.56
31.6228 269.748
33.0179 302.151
34.4747 320.533
35.9956 679.939
37.5837 519.872
39.2419 662.791
40.9732 651.697
42.7809 1282.87
44.6684 1084.54
46.6391 502.799
48.6968 803.943
50.8452 1010.98
53.0884 784.033
55.4307 989.125
57.8762 705.887
60.4296 1000.98
63.0957 702.586
65.8795 876.135
68.786 773.303
71.8208 1399.9
74.9894 1274.94
78.2979 1865.39
81.7523 1551.01
85.3591 1479.73
89.1251 1264.07
93.0572 1265
97.1628 2202.02
101.45 1829.6
105.925 1626.92
110.599 1310.51
115.478 1562.75
120.573 1437.62
125.893 2237.48
131.447 2724.11
137.246 1645.47
143.301 2282.44
149.624 1522.5
156.225 2599.99
163.117 2438.83
170.314 2666.8
177.828 2144.63
185.674 2129.2
193.865 1509.25
202.418 1530.56
211.349 2729.15
220.673 2969.44
230.409 2155.85
240.575 2058.25
251.189 3029.61
262.271 2439.79
273.842 1511.58
285.924 1579.66
298.538 1435.86
311.709 938.454
325.462 386.199
339.821 1095.92
354.813 917.816
370.467 508.541
386.812 449.84
403.878 455.43
421.697 217.381
440.301 288.256
459.727 0
480.01 152.849
501.187 378.022
523.299 89.9083
546.387 43.0027
570.493 72.9862
595.662 69.8586
621.942 92.3245
649.382 112.929
678.032 181.078
707.946 0
739.18 0
771.792 0
805.842 0
841.395 0
878.517 0
917.276 0
957.745 0
1000 0
