# First line is two numbers 
#     First value is '2', it means 'histogram mode'
#     Second value is 'Emin' of the histogram
# Other lines : 2 columns. 1) energy 2) probability (nb divided by NbEvent)
# Number of bins = 480
# Content below the first bin: 525.416
# Content above the last  bin: 0
# Content above the last  bin: 0
# Number of events: 209000
2 1e-06
1.04412e-06 0
1.09018e-06 0
1.13828e-06 0
1.1885e-06 0
1.24094e-06 0
1.29569e-06 0
1.35285e-06 0
1.41254e-06 0
1.47486e-06 0
1.53993e-06 0
1.60787e-06 0
1.6788e-06 0
1.75287e-06 0
1.83021e-06 0
1.91095e-06 0
1.99526e-06 0
2.08329e-06 0
2.1752e-06 0
2.27117e-06 0
2.37137e-06 0
2.476e-06 91.3896
2.58523e-06 0
2.69929e-06 0
2.81838e-06 0
2.94273e-06 0
3.07256e-06 0
3.20812e-06 0
3.34965e-06 0
3.49744e-06 0
3.65174e-06 0
3.81285e-06 0
3.98107e-06 0
4.15671e-06 0
4.3401e-06 0
4.53158e-06 0
4.73151e-06 0
4.94026e-06 0
5.15822e-06 0
5.3858e-06 0
5.62341e-06 0
5.87151e-06 0
6.13056e-06 0
6.40103e-06 0
6.68344e-06 0
6.97831e-06 0
7.28618e-06 0
7.60764e-06 0
7.94328e-06 0
8.29373e-06 0
8.65964e-06 0
9.0417e-06 0
9.44061e-06 0
9.85712e-06 0
1.0292e-05 0
1.07461e-05 0
1.12202e-05 0
1.17152e-05 0
1.22321e-05 0
1.27717e-05 0
1.33352e-05 0
1.39236e-05 0
1.45378e-05 0
1.51792e-05 0
1.58489e-05 0
1.65482e-05 0
1.72783e-05 0
1.80406e-05 0
1.88365e-05 0
1.96675e-05 0
2.05353e-05 0
2.14412e-05 0
2.23872e-05 0
2.33749e-05 0
2.44062e-05 0
2.5483e-05 0
2.66073e-05 0
2.77811e-05 0
2.90068e-05 0
3.02866e-05 0
3.16228e-05 0
3.30179e-05 0
3.44747e-05 0
3.59956e-05 0
3.75837e-05 0
3.92419e-05 0
4.09732e-05 0
4.27809e-05 0
4.46684e-05 0
4.66391e-05 0
4.86968e-05 0
5.08452e-05 0
5.30884e-05 0
5.54307e-05 0
5.78762e-05 0
6.04296e-05 0
6.30957e-05 0
6.58795e-05 0
6.8786e-05 0
7.18208e-05 0
7.49894e-05 0
7.82979e-05 0
8.17523e-05 0
8.53591e-05 0
8.91251e-05 0
9.30572e-05 0
9.71628e-05 0
0.00010145 0
0.000105925 0
0.000110599 0
0.000115478 0
0.000120573 0
0.000125893 0
0.000131447 0
0.000137246 0
0.000143301 0
0.000149624 0
0.000156225 0
0.000163117 0
0.000170314 0
0.000177828 0
0.000185674 0
0.000193865 0
0.000202418 0
0.000211349 0
0.000220673 0
0.000230409 0
0.000240575 0
0.000251189 0
0.000262271 0
0.000273842 0
0.000285924 0
0.000298538 0
0.000311709 0
0.000325462 0
0.000339821 0
0.000354813 0
0.000370467 0
0.000386812 0
0.000403878 0
0.000421697 0
0.000440301 0
0.000459727 0
0.00048001 0
0.000501187 0
0.000523299 0
0.000546387 0
0.000570493 0
0.000595662 0
0.000621942 0
0.000649382 0
0.000678032 0
0.000707946 0
0.00073918 0
0.000771792 0
0.000805842 0
0.000841395 0
0.000878517 0
0.000917276 0
0.000957745 0
0.001 0
0.00104412 0
0.00109018 0
0.00113828 0
0.0011885 0
0.00124094 0
0.00129569 0
0.00135285 0
0.00141254 0
0.00147486 0
0.00153993 0
0.00160787 0
0.0016788 0
0.00175287 0
0.00183021 0
0.00191095 0
0.00199526 0
0.00208329 0
0.0021752 0
0.00227117 0
0.00237137 0
0.002476 0
0.00258523 0
0.00269929 0
0.00281838 0
0.00294273 0
0.00307256 0
0.00320812 0
0.00334965 0
0.00349744 0
0.00365174 0
0.00381285 0
0.00398107 0
0.00415671 0
0.0043401 0
0.00453158 0
0.00473151 0
0.00494026 0
0.00515822 0
0.0053858 0
0.00562341 0
0.00587151 0
0.00613056 0
0.00640103 0
0.00668344 0
0.00697831 0
0.00728618 11.2011
0.00760764 0
0.00794328 0
0.00829373 0
0.00865964 0
0.0090417 0
0.00944061 0
0.00985712 0
0.010292 0
0.0107461 0
0.0112202 0
0.0117152 0
0.0122321 0
0.0127717 0
0.0133352 119.708
0.0139236 0
0.0145378 0
0.0151792 86.4724
0.0158489 0
0.0165482 0
0.0172783 0
0.0180406 0
0.0188365 0
0.0196675 94.0882
0.0205353 0
0.0214412 0
0.0223872 0
0.0233749 0
0.0244062 0
0.025483 0
0.0266073 0
0.0277811 0
0.0290068 0
0.0302866 0
0.0316228 0
0.0330179 0
0.0344747 0
0.0359956 158.478
0.0375837 0
0.0392419 0
0.0409732 0
0.0427809 0
0.0446684 0
0.0466391 0
0.0486968 0
0.0508452 366.994
0.0530884 0
0.0554307 0
0.0578762 74.5252
0.0604296 115.586
0.0630957 106.301
0.0658795 115.074
0.068786 0
0.0718208 80.6428
0.0749894 108.196
0.0782979 171.077
0.0817523 101.76
0.0853591 45.0585
0.0891251 90.7521
0.0930572 0
0.0971628 180.467
0.10145 0
0.105925 264.289
0.110599 313.256
0.115478 234.047
0.120573 86.3619
0.125893 103.777
0.131447 121.318
0.137246 0
0.143301 118.321
0.149624 0
0.156225 347.862
0.163117 328.399
0.170314 161.142
0.177828 148.996
0.185674 422.914
0.193865 187.227
0.202418 649.066
0.211349 137.514
0.220673 385.669
0.230409 63.616
0.240575 102.366
0.251189 445.843
0.262271 158.619
0.273842 312.339
0.285924 554.845
0.298538 205.095
0.311709 488.208
0.325462 177.585
0.339821 369.915
0.354813 277.844
0.370467 25.6719
0.386812 239.523
0.403878 421.088
0.421697 346.029
0.440301 280.096
0.459727 499.604
0.48001 430.961
0.501187 227.642
0.523299 181.983
0.546387 292.17
0.570493 103.627
0.595662 282.181
0.621942 746.832
0.649382 168.344
0.678032 490.528
0.707946 383.422
0.73918 82.0151
0.771792 451.251
0.805842 570.113
0.841395 0
0.878517 216.8
0.917276 201.704
0.957745 177.799
1 190.151
1.04412 28.2814
1.09018 432.622
1.13828 91.5284
1.1885 96.1184
1.24094 164.668
1.29569 502.97
1.35285 54.5531
1.41254 180.202
1.47486 119.668
1.53993 239.65
1.60787 351.017
1.6788 73.3146
1.75287 233.911
1.83021 0
1.91095 226.915
1.99526 0
2.08329 375.612
2.1752 185.754
2.27117 293.319
2.37137 109.726
2.476 91.4881
2.58523 94.7247
2.69929 203.071
2.81838 91.8428
2.94273 199.996
3.07256 140.077
3.20812 353.587
3.34965 0
3.49744 159.494
3.65174 127.778
3.81285 156.035
3.98107 42.6148
4.15671 91.25
4.3401 117.794
4.53158 63.2493
4.73151 73.0292
4.94026 0
5.15822 51.8578
5.3858 93.0898
5.62341 250.829
5.87151 82.5112
6.13056 97.6936
6.40103 0
6.68344 0
6.97831 0
7.28618 99.5368
7.60764 0
7.94328 0
8.29373 0
8.65964 106.747
9.0417 52.1323
9.44061 95.3574
9.85712 107.973
10.292 0
10.7461 0
11.2202 88.3752
11.7152 0
12.2321 98.5264
12.7717 80.2273
13.3352 59.5641
13.9236 49.4031
14.5378 116.635
15.1792 0
15.8489 82.4205
16.5482 0
17.2783 184.432
18.0406 0
18.8365 0
19.6675 0
20.5353 0
21.4412 0
22.3872 0
23.3749 16.5219
24.4062 113.978
25.483 102.747
26.6073 0
27.7811 88.8594
29.0068 0
30.2866 0
31.6228 80.9042
33.0179 0
34.4747 0
35.9956 118.773
37.5837 22.3562
39.2419 83.4717
40.9732 40.2922
42.7809 0
44.6684 0
46.6391 14.4295
48.6968 0
50.8452 220.838
53.0884 52.9757
55.4307 92.4825
57.8762 0
60.4296 271.437
63.0957 71.4336
65.8795 118.613
68.786 0
71.8208 0
74.9894 0
78.2979 62.5258
81.7523 0
85.3591 93.9121
89.1251 0
93.0572 107.052
97.1628 0
101.45 81.5211
105.925 152.446
110.599 103.305
115.478 0
120.573 0
125.893 64.3672
131.447 114.426
137.246 118.808
143.301 0
149.624 0
156.225 57.8541
163.117 119.725
170.314 49.7502
177.828 0
185.674 0
193.865 0
202.418 0
211.349 0
220.673 0
230.409 0
240.575 33.2293
251.189 0
262.271 0
273.842 0
285.924 0
298.538 0
311.709 0
325.462 0
339.821 0
354.813 0
370.467 0
386.812 0
403.878 0
421.697 0
440.301 0
459.727 0
480.01 0
501.187 0
523.299 0
546.387 0
570.493 0
595.662 0
621.942 0
649.382 0
678.032 0
707.946 0
739.18 0
771.792 0
805.842 0
841.395 0
878.517 0
917.276 0
957.745 0
1000 0
