# First line is two numbers 
#     First value is '2', it means 'histogram mode'
#     Second value is 'Emin' of the histogram
# Other lines : 2 columns. 1) energy 2) probability (nb divided by NbEvent)
# Number of bins = 480
# Content below the first bin: 0
# Content above the last  bin: 0
# Content above the last  bin: 0
# Number of events: 209000
2 1e-06
1.04412e-06 0
1.09018e-06 0
1.13828e-06 0
1.1885e-06 0
1.24094e-06 0
1.29569e-06 0
1.35285e-06 0
1.41254e-06 0
1.47486e-06 0
1.53993e-06 0
1.60787e-06 0
1.6788e-06 0
1.75287e-06 0
1.83021e-06 0
1.91095e-06 0
1.99526e-06 0
2.08329e-06 0
2.1752e-06 0
2.27117e-06 0
2.37137e-06 0
2.476e-06 0
2.58523e-06 0
2.69929e-06 0
2.81838e-06 0
2.94273e-06 0
3.07256e-06 0
3.20812e-06 0
3.34965e-06 0
3.49744e-06 0
3.65174e-06 0
3.81285e-06 0
3.98107e-06 0
4.15671e-06 0
4.3401e-06 0
4.53158e-06 0
4.73151e-06 0
4.94026e-06 0
5.15822e-06 0
5.3858e-06 0
5.62341e-06 0
5.87151e-06 0
6.13056e-06 0
6.40103e-06 0
6.68344e-06 0
6.97831e-06 0
7.28618e-06 0
7.60764e-06 0
7.94328e-06 0
8.29373e-06 0
8.65964e-06 0
9.0417e-06 0
9.44061e-06 0
9.85712e-06 0
1.0292e-05 0
1.07461e-05 0
1.12202e-05 0
1.17152e-05 0
1.22321e-05 0
1.27717e-05 0
1.33352e-05 0
1.39236e-05 0
1.45378e-05 0
1.51792e-05 0
1.58489e-05 0
1.65482e-05 0
1.72783e-05 0
1.80406e-05 0
1.88365e-05 0
1.96675e-05 0
2.05353e-05 0
2.14412e-05 0
2.23872e-05 0
2.33749e-05 0
2.44062e-05 0
2.5483e-05 0
2.66073e-05 0
2.77811e-05 0
2.90068e-05 0
3.02866e-05 0
3.16228e-05 0
3.30179e-05 0
3.44747e-05 0
3.59956e-05 0
3.75837e-05 0
3.92419e-05 0
4.09732e-05 0
4.27809e-05 0
4.46684e-05 0
4.66391e-05 0
4.86968e-05 0
5.08452e-05 0
5.30884e-05 0
5.54307e-05 0
5.78762e-05 0
6.04296e-05 0
6.30957e-05 0
6.58795e-05 0
6.8786e-05 0
7.18208e-05 0
7.49894e-05 0
7.82979e-05 0
8.17523e-05 0
8.53591e-05 0
8.91251e-05 0
9.30572e-05 0
9.71628e-05 0
0.00010145 0
0.000105925 0
0.000110599 0
0.000115478 0
0.000120573 0
0.000125893 0
0.000131447 0
0.000137246 0
0.000143301 0
0.000149624 0
0.000156225 0
0.000163117 0
0.000170314 0
0.000177828 0
0.000185674 0
0.000193865 0
0.000202418 0
0.000211349 0
0.000220673 0
0.000230409 0
0.000240575 0
0.000251189 0
0.000262271 0
0.000273842 0
0.000285924 0
0.000298538 0
0.000311709 0
0.000325462 0
0.000339821 0
0.000354813 0
0.000370467 0
0.000386812 0
0.000403878 0
0.000421697 0
0.000440301 0
0.000459727 0
0.00048001 0
0.000501187 0
0.000523299 1
0.000546387 0
0.000570493 0
0.000595662 0
0.000621942 0
0.000649382 0
0.000678032 0
0.000707946 0
0.00073918 0
0.000771792 0
0.000805842 0
0.000841395 0
0.000878517 0
0.000917276 0
0.000957745 0
0.001 0
0.00104412 0
0.00109018 0
0.00113828 0
0.0011885 0
0.00124094 1
0.00129569 0
0.00135285 0
0.00141254 1
0.00147486 0
0.00153993 0
0.00160787 0
0.0016788 0
0.00175287 0
0.00183021 0
0.00191095 0
0.00199526 0
0.00208329 0
0.0021752 0
0.00227117 0
0.00237137 0
0.002476 0
0.00258523 0
0.00269929 0
0.00281838 1
0.00294273 2
0.00307256 0
0.00320812 0
0.00334965 1
0.00349744 0
0.00365174 0
0.00381285 1
0.00398107 0
0.00415671 0
0.0043401 0
0.00453158 0
0.00473151 0
0.00494026 0
0.00515822 0
0.0053858 0
0.00562341 0
0.00587151 0
0.00613056 0
0.00640103 1
0.00668344 1
0.00697831 0
0.00728618 0
0.00760764 1
0.00794328 2
0.00829373 0
0.00865964 3
0.0090417 1
0.00944061 2
0.00985712 0
0.010292 0
0.0107461 2
0.0112202 2
0.0117152 1
0.0122321 4
0.0127717 1
0.0133352 1
0.0139236 3
0.0145378 2
0.0151792 5
0.0158489 5
0.0165482 4
0.0172783 5
0.0180406 1
0.0188365 4
0.0196675 6
0.0205353 5
0.0214412 4
0.0223872 6
0.0233749 9
0.0244062 11
0.025483 8
0.0266073 8
0.0277811 4
0.0290068 11
0.0302866 13
0.0316228 9
0.0330179 9
0.0344747 15
0.0359956 17
0.0375837 15
0.0392419 17
0.0409732 22
0.0427809 15
0.0446684 24
0.0466391 18
0.0486968 17
0.0508452 17
0.0530884 21
0.0554307 25
0.0578762 31
0.0604296 20
0.0630957 23
0.0658795 31
0.068786 36
0.0718208 28
0.0749894 32
0.0782979 30
0.0817523 37
0.0853591 46
0.0891251 37
0.0930572 36
0.0971628 50
0.10145 43
0.105925 47
0.110599 55
0.115478 42
0.120573 65
0.125893 64
0.131447 62
0.137246 53
0.143301 45
0.149624 62
0.156225 39
0.163117 48
0.170314 58
0.177828 63
0.185674 68
0.193865 77
0.202418 59
0.211349 63
0.220673 70
0.230409 61
0.240575 63
0.251189 75
0.262271 47
0.273842 85
0.285924 65
0.298538 71
0.311709 66
0.325462 69
0.339821 66
0.354813 72
0.370467 76
0.386812 71
0.403878 73
0.421697 60
0.440301 90
0.459727 80
0.48001 76
0.501187 61
0.523299 72
0.546387 67
0.570493 64
0.595662 58
0.621942 74
0.649382 69
0.678032 58
0.707946 54
0.73918 65
0.771792 51
0.805842 64
0.841395 70
0.878517 48
0.917276 60
0.957745 48
1 42
1.04412 39
1.09018 30
1.13828 29
1.1885 52
1.24094 40
1.29569 33
1.35285 41
1.41254 27
1.47486 29
1.53993 25
1.60787 24
1.6788 22
1.75287 30
1.83021 20
1.91095 21
1.99526 25
2.08329 26
2.1752 19
2.27117 18
2.37137 20
2.476 16
2.58523 21
2.69929 16
2.81838 19
2.94273 18
3.07256 12
3.20812 15
3.34965 15
3.49744 12
3.65174 18
3.81285 13
3.98107 13
4.15671 15
4.3401 14
4.53158 21
4.73151 11
4.94026 9
5.15822 9
5.3858 14
5.62341 12
5.87151 12
6.13056 13
6.40103 3
6.68344 10
6.97831 13
7.28618 7
7.60764 8
7.94328 9
8.29373 8
8.65964 11
9.0417 6
9.44061 8
9.85712 8
10.292 5
10.7461 8
11.2202 12
11.7152 8
12.2321 4
12.7717 6
13.3352 4
13.9236 3
14.5378 8
15.1792 4
15.8489 7
16.5482 3
17.2783 5
18.0406 3
18.8365 4
19.6675 8
20.5353 12
21.4412 6
22.3872 4
23.3749 4
24.4062 5
25.483 9
26.6073 11
27.7811 10
29.0068 8
30.2866 9
31.6228 8
33.0179 10
34.4747 7
35.9956 11
37.5837 10
39.2419 11
40.9732 10
42.7809 7
44.6684 21
46.6391 12
48.6968 11
50.8452 10
53.0884 13
55.4307 10
57.8762 9
60.4296 9
63.0957 22
65.8795 11
68.786 10
71.8208 16
74.9894 18
78.2979 15
81.7523 17
85.3591 18
89.1251 16
93.0572 24
97.1628 23
101.45 18
105.925 19
110.599 23
115.478 23
120.573 22
125.893 22
131.447 12
137.246 24
143.301 20
149.624 21
156.225 35
163.117 26
170.314 24
177.828 28
185.674 32
193.865 28
202.418 34
211.349 28
220.673 30
230.409 20
240.575 21
251.189 30
262.271 17
273.842 31
285.924 30
298.538 23
311.709 21
325.462 9
339.821 10
354.813 6
370.467 4
386.812 5
403.878 5
421.697 9
440.301 4
459.727 1
480.01 5
501.187 0
523.299 2
546.387 0
570.493 0
595.662 0
621.942 1
649.382 0
678.032 1
707.946 1
739.18 0
771.792 0
805.842 0
841.395 0
878.517 0
917.276 0
957.745 0
1000 0
