# First line is two numbers 
#     First value is '2', it means 'histogram mode'
#     Second value is 'Emin' of the histogram
# Other lines : 2 columns. 1) energy 2) probability (nb divided by NbEvent)
# Number of bins = 480
# Content below the first bin: 0
# Content above the last  bin: 0
# Content above the last  bin: 0
# Number of events: 209000
2 1e-06
1.04412e-06 0
1.09018e-06 0
1.13828e-06 0
1.1885e-06 0
1.24094e-06 0
1.29569e-06 0
1.35285e-06 0
1.41254e-06 0
1.47486e-06 0
1.53993e-06 0
1.60787e-06 0
1.6788e-06 0
1.75287e-06 0
1.83021e-06 0
1.91095e-06 0
1.99526e-06 0
2.08329e-06 0
2.1752e-06 0
2.27117e-06 0
2.37137e-06 0
2.476e-06 0
2.58523e-06 0
2.69929e-06 0
2.81838e-06 0
2.94273e-06 0
3.07256e-06 0
3.20812e-06 0
3.34965e-06 0
3.49744e-06 0
3.65174e-06 0
3.81285e-06 0
3.98107e-06 0
4.15671e-06 0
4.3401e-06 0
4.53158e-06 0
4.73151e-06 0
4.94026e-06 0
5.15822e-06 0
5.3858e-06 0
5.62341e-06 0
5.87151e-06 0
6.13056e-06 0
6.40103e-06 0
6.68344e-06 0
6.97831e-06 0
7.28618e-06 0
7.60764e-06 0
7.94328e-06 0
8.29373e-06 0
8.65964e-06 0
9.0417e-06 0
9.44061e-06 0
9.85712e-06 0
1.0292e-05 0
1.07461e-05 0
1.12202e-05 0
1.17152e-05 0
1.22321e-05 0
1.27717e-05 0
1.33352e-05 0
1.39236e-05 0
1.45378e-05 0
1.51792e-05 0
1.58489e-05 0
1.65482e-05 0
1.72783e-05 0
1.80406e-05 0
1.88365e-05 0
1.96675e-05 0
2.05353e-05 0
2.14412e-05 0
2.23872e-05 0
2.33749e-05 0
2.44062e-05 0
2.5483e-05 0
2.66073e-05 0
2.77811e-05 0
2.90068e-05 0
3.02866e-05 0
3.16228e-05 0
3.30179e-05 0
3.44747e-05 0
3.59956e-05 0
3.75837e-05 0
3.92419e-05 0
4.09732e-05 0
4.27809e-05 0
4.46684e-05 0
4.66391e-05 0
4.86968e-05 0
5.08452e-05 0
5.30884e-05 0
5.54307e-05 0
5.78762e-05 0
6.04296e-05 0
6.30957e-05 0
6.58795e-05 0
6.8786e-05 0
7.18208e-05 0
7.49894e-05 0
7.82979e-05 0
8.17523e-05 0
8.53591e-05 0
8.91251e-05 0
9.30572e-05 0
9.71628e-05 0
0.00010145 0
0.000105925 0
0.000110599 0
0.000115478 0
0.000120573 0
0.000125893 0
0.000131447 0
0.000137246 0
0.000143301 0
0.000149624 0
0.000156225 0
0.000163117 0
0.000170314 0
0.000177828 0
0.000185674 0
0.000193865 0
0.000202418 0
0.000211349 0
0.000220673 0
0.000230409 0
0.000240575 0
0.000251189 0
0.000262271 0
0.000273842 0
0.000285924 0
0.000298538 0
0.000311709 0
0.000325462 0
0.000339821 0
0.000354813 0
0.000370467 0
0.000386812 0
0.000403878 0
0.000421697 0
0.000440301 0
0.000459727 0
0.00048001 0
0.000501187 0
0.000523299 0
0.000546387 0
0.000570493 0
0.000595662 0
0.000621942 100.97
0.000649382 0
0.000678032 0
0.000707946 0
0.00073918 0
0.000771792 0
0.000805842 0
0.000841395 0
0.000878517 0
0.000917276 0
0.000957745 0
0.001 0
0.00104412 0
0.00109018 0
0.00113828 0
0.0011885 0
0.00124094 0
0.00129569 0
0.00135285 0
0.00141254 0
0.00147486 0
0.00153993 0
0.00160787 0
0.0016788 0
0.00175287 0
0.00183021 0
0.00191095 0
0.00199526 0
0.00208329 0
0.0021752 0
0.00227117 0
0.00237137 45.4189
0.002476 0
0.00258523 0
0.00269929 0
0.00281838 0
0.00294273 0
0.00307256 0
0.00320812 0
0.00334965 0
0.00349744 0
0.00365174 96.8957
0.00381285 6.02661
0.00398107 0
0.00415671 141.373
0.0043401 0
0.00453158 0
0.00473151 98.8504
0.00494026 0
0.00515822 200.662
0.0053858 73.5502
0.00562341 329.698
0.00587151 110.133
0.00613056 92.1707
0.00640103 169.464
0.00668344 101.71
0.00697831 25.7635
0.00728618 196.258
0.00760764 0
0.00794328 32.5454
0.00829373 0
0.00865964 0
0.0090417 163.629
0.00944061 118.745
0.00985712 0
0.010292 319.959
0.0107461 83.1255
0.0112202 0
0.0117152 197.303
0.0122321 180.923
0.0127717 283.276
0.0133352 113.24
0.0139236 0
0.0145378 156.55
0.0151792 347.864
0.0158489 235.542
0.0165482 346.289
0.0172783 614.084
0.0180406 450.445
0.0188365 668.639
0.0196675 327.318
0.0205353 405.713
0.0214412 657.577
0.0223872 600.933
0.0233749 380.915
0.0244062 1352.39
0.025483 789.186
0.0266073 420.315
0.0277811 603.265
0.0290068 836.881
0.0302866 1313.23
0.0316228 1294.44
0.0330179 1191.72
0.0344747 985.853
0.0359956 1370.29
0.0375837 1831.57
0.0392419 512.568
0.0409732 1165.73
0.0427809 1104.16
0.0446684 2509.31
0.0466391 1793.8
0.0486968 1963.3
0.0508452 979.139
0.0530884 2463.67
0.0554307 1770.58
0.0578762 1883.4
0.0604296 2125.56
0.0630957 2355.73
0.0658795 2149.5
0.068786 2845.98
0.0718208 3788.8
0.0749894 2333.69
0.0782979 3085.5
0.0817523 3252.18
0.0853591 3275.49
0.0891251 3532.07
0.0930572 3041.98
0.0971628 4281.68
0.10145 4889.78
0.105925 4790.33
0.110599 4391.37
0.115478 4377.77
0.120573 5343.45
0.125893 4709.86
0.131447 4249.15
0.137246 3741.99
0.143301 4753.23
0.149624 4402.01
0.156225 4602.81
0.163117 4479.65
0.170314 4255.8
0.177828 4382.11
0.185674 5427.12
0.193865 4586.63
0.202418 4849.9
0.211349 4861.79
0.220673 5463.26
0.230409 4745.75
0.240575 5748.91
0.251189 5039.48
0.262271 5336.32
0.273842 7433.43
0.285924 5615.89
0.298538 5300.93
0.311709 5975.35
0.325462 5533.63
0.339821 7389.18
0.354813 5327.24
0.370467 6142.9
0.386812 5274.76
0.403878 6778.42
0.421697 6409.49
0.440301 5296.68
0.459727 6457.08
0.48001 6276.08
0.501187 4955.57
0.523299 5853.09
0.546387 5005.35
0.570493 5035.37
0.595662 6568.89
0.621942 4391.24
0.649382 5102.28
0.678032 4958.15
0.707946 5254.9
0.73918 4290.39
0.771792 4505.09
0.805842 3788.3
0.841395 4655.43
0.878517 4340.8
0.917276 4220.86
0.957745 4693.51
1 3501.44
1.04412 2837.24
1.09018 2801.36
1.13828 2957.91
1.1885 2755.37
1.24094 2931.46
1.29569 2792.73
1.35285 2047.64
1.41254 1418.5
1.47486 2151.25
1.53993 2813.51
1.60787 1423.05
1.6788 2318.1
1.75287 1686.02
1.83021 1578.06
1.91095 1507.21
1.99526 2567.04
2.08329 1841.94
2.1752 2200.76
2.27117 2081.22
2.37137 2319.37
2.476 1103.16
2.58523 1101.55
2.69929 1002.89
2.81838 888.734
2.94273 1364.08
3.07256 825.022
3.20812 871.895
3.34965 997.121
3.49744 1066.13
3.65174 1099.13
3.81285 1290.86
3.98107 802.851
4.15671 1421.92
4.3401 739.347
4.53158 482.492
4.73151 531.468
4.94026 1468.92
5.15822 1027.51
5.3858 911.44
5.62341 392.364
5.87151 876.879
6.13056 465.769
6.40103 766.474
6.68344 1137.85
6.97831 560.925
7.28618 629.145
7.60764 1024.68
7.94328 912.082
8.29373 805.251
8.65964 739.018
9.0417 1521.94
9.44061 1052.31
9.85712 797.973
10.292 678.286
10.7461 620.239
11.2202 591.947
11.7152 985.401
12.2321 971.978
12.7717 580.47
13.3352 307.541
13.9236 865.487
14.5378 439.436
15.1792 662.94
15.8489 372.775
16.5482 624.366
17.2783 1118.74
18.0406 976.386
18.8365 530.793
19.6675 774.388
20.5353 713.132
21.4412 630.365
22.3872 571.702
23.3749 296.193
24.4062 474.138
25.483 446.266
26.6073 535.596
27.7811 560.275
29.0068 507.348
30.2866 936.776
31.6228 546.882
33.0179 706.62
34.4747 695.042
35.9956 566.8
37.5837 504.702
39.2419 813.378
40.9732 924.47
42.7809 812.744
44.6684 784.507
46.6391 662.247
48.6968 1314.48
50.8452 1082.94
53.0884 804.462
55.4307 1158.19
57.8762 318.081
60.4296 949.885
63.0957 863.106
65.8795 1686.31
68.786 1434.75
71.8208 1190.75
74.9894 1068.94
78.2979 1717.47
81.7523 2066.6
85.3591 1632.14
89.1251 1299.3
93.0572 1194.9
97.1628 1663.77
101.45 1963.73
105.925 1217.36
110.599 1238.22
115.478 2067.52
120.573 1802.63
125.893 1744.95
131.447 2207.89
137.246 1796.16
143.301 1493.29
149.624 1690.94
156.225 1692.93
163.117 1694.03
170.314 2228.81
177.828 2554.69
185.674 2132.32
193.865 2827.52
202.418 2533.82
211.349 2053.99
220.673 2596.68
230.409 2068.1
240.575 1815.43
251.189 2458.47
262.271 1717.8
273.842 2049.49
285.924 2065.35
298.538 1635.94
311.709 1695.26
325.462 1194.35
339.821 1324.6
354.813 489.183
370.467 404.305
386.812 289.578
403.878 104.127
421.697 77.3862
440.301 318.993
459.727 324.412
480.01 359.186
501.187 0
523.299 137.13
546.387 0
570.493 0
595.662 0
621.942 107.302
649.382 0
678.032 43.7731
707.946 97.2952
739.18 0
771.792 0
805.842 0
841.395 0
878.517 0
917.276 0
957.745 0
1000 0
