# First line is two numbers 
#     First value is '2', it means 'histogram mode'
#     Second value is 'Emin' of the histogram
# Other lines : 2 columns. 1) energy 2) probability (nb divided by NbEvent)
# Number of bins = 480
# Content below the first bin: 0
# Content above the last  bin: 0
# Content above the last  bin: 0
# Number of events: 209000
2 1e-06
1.04412e-06 0
1.09018e-06 0
1.13828e-06 0
1.1885e-06 0
1.24094e-06 0
1.29569e-06 0
1.35285e-06 0
1.41254e-06 0
1.47486e-06 0
1.53993e-06 0
1.60787e-06 0
1.6788e-06 0
1.75287e-06 0
1.83021e-06 0
1.91095e-06 0
1.99526e-06 0
2.08329e-06 0
2.1752e-06 0
2.27117e-06 0
2.37137e-06 0
2.476e-06 0
2.58523e-06 0
2.69929e-06 0
2.81838e-06 0
2.94273e-06 0
3.07256e-06 0
3.20812e-06 0
3.34965e-06 0
3.49744e-06 0
3.65174e-06 0
3.81285e-06 0
3.98107e-06 0
4.15671e-06 0
4.3401e-06 0
4.53158e-06 0
4.73151e-06 0
4.94026e-06 0
5.15822e-06 0
5.3858e-06 0
5.62341e-06 0
5.87151e-06 0
6.13056e-06 0
6.40103e-06 0
6.68344e-06 0
6.97831e-06 0
7.28618e-06 0
7.60764e-06 0
7.94328e-06 0
8.29373e-06 0
8.65964e-06 0
9.0417e-06 0
9.44061e-06 0
9.85712e-06 0
1.0292e-05 0
1.07461e-05 0
1.12202e-05 0
1.17152e-05 0
1.22321e-05 0
1.27717e-05 0
1.33352e-05 0
1.39236e-05 0
1.45378e-05 0
1.51792e-05 0
1.58489e-05 0
1.65482e-05 0
1.72783e-05 0
1.80406e-05 0
1.88365e-05 0
1.96675e-05 0
2.05353e-05 0
2.14412e-05 0
2.23872e-05 0
2.33749e-05 0
2.44062e-05 0
2.5483e-05 0
2.66073e-05 0
2.77811e-05 0
2.90068e-05 0
3.02866e-05 0
3.16228e-05 0
3.30179e-05 0
3.44747e-05 0
3.59956e-05 0
3.75837e-05 0
3.92419e-05 0
4.09732e-05 0
4.27809e-05 0
4.46684e-05 0
4.66391e-05 0
4.86968e-05 0
5.08452e-05 0
5.30884e-05 0
5.54307e-05 0
5.78762e-05 0
6.04296e-05 0
6.30957e-05 0
6.58795e-05 0
6.8786e-05 0
7.18208e-05 0
7.49894e-05 0
7.82979e-05 0
8.17523e-05 0
8.53591e-05 0
8.91251e-05 0
9.30572e-05 0
9.71628e-05 0
0.00010145 0
0.000105925 0
0.000110599 0
0.000115478 0
0.000120573 0
0.000125893 0
0.000131447 0
0.000137246 0
0.000143301 0
0.000149624 0
0.000156225 0
0.000163117 0
0.000170314 0
0.000177828 0
0.000185674 0
0.000193865 0
0.000202418 0
0.000211349 0
0.000220673 0
0.000230409 0
0.000240575 0
0.000251189 0
0.000262271 0
0.000273842 0
0.000285924 0
0.000298538 0
0.000311709 0
0.000325462 0
0.000339821 0
0.000354813 0
0.000370467 0
0.000386812 0
0.000403878 0
0.000421697 0
0.000440301 0
0.000459727 0
0.00048001 0
0.000501187 0
0.000523299 0
0.000546387 0
0.000570493 0
0.000595662 0
0.000621942 0
0.000649382 0
0.000678032 0
0.000707946 0
0.00073918 0
0.000771792 0
0.000805842 0
0.000841395 0
0.000878517 0
0.000917276 0
0.000957745 0
0.001 0
0.00104412 0
0.00109018 0
0.00113828 0
0.0011885 0
0.00124094 0
0.00129569 0
0.00135285 0
0.00141254 0
0.00147486 0
0.00153993 47.8403
0.00160787 0
0.0016788 0
0.00175287 0
0.00183021 0
0.00191095 0
0.00199526 119.589
0.00208329 0
0.0021752 0
0.00227117 0
0.00237137 0
0.002476 0
0.00258523 0
0.00269929 0
0.00281838 0
0.00294273 116.332
0.00307256 0
0.00320812 0
0.00334965 0
0.00349744 0
0.00365174 95.1909
0.00381285 0
0.00398107 0
0.00415671 0
0.0043401 0
0.00453158 105.357
0.00473151 0
0.00494026 0
0.00515822 0
0.0053858 0
0.00562341 0
0.00587151 110.971
0.00613056 75.9664
0.00640103 0
0.00668344 0
0.00697831 57.5301
0.00728618 0
0.00760764 105.953
0.00794328 18.2053
0.00829373 0
0.00865964 261.279
0.0090417 88.3056
0.00944061 234.959
0.00985712 105.035
0.010292 95.0188
0.0107461 214.684
0.0112202 282.195
0.0117152 0
0.0122321 121.17
0.0127717 312.675
0.0133352 181.078
0.0139236 550.166
0.0145378 0
0.0151792 50.9009
0.0158489 469.934
0.0165482 1136.46
0.0172783 426.499
0.0180406 245.423
0.0188365 594.738
0.0196675 660.669
0.0205353 271.637
0.0214412 315.041
0.0223872 858.235
0.0233749 113.068
0.0244062 576.146
0.025483 602.969
0.0266073 882.169
0.0277811 660.497
0.0290068 606.07
0.0302866 1102.61
0.0316228 1180.77
0.0330179 770.776
0.0344747 1224.11
0.0359956 1561.33
0.0375837 1023.89
0.0392419 1521.67
0.0409732 1588.02
0.0427809 2153.22
0.0446684 2407.9
0.0466391 1552.73
0.0486968 1798.25
0.0508452 2307.94
0.0530884 1465.14
0.0554307 1788.47
0.0578762 1493.12
0.0604296 2841.98
0.0630957 2934.16
0.0658795 2627.21
0.068786 3116.58
0.0718208 2408.54
0.0749894 2792.55
0.0782979 3730.73
0.0817523 3250.28
0.0853591 3936.96
0.0891251 3837.22
0.0930572 3969.89
0.0971628 3559.56
0.10145 3128.67
0.105925 4017.11
0.110599 4372.71
0.115478 3573.18
0.120573 5398.17
0.125893 2947.86
0.131447 3843.13
0.137246 4951.84
0.143301 4042.71
0.149624 5179.2
0.156225 4929.6
0.163117 3617.44
0.170314 3481.51
0.177828 5380.62
0.185674 4771.46
0.193865 5954.62
0.202418 3927.87
0.211349 5048.09
0.220673 5909.76
0.230409 5009.76
0.240575 7043.62
0.251189 6743.4
0.262271 4962.81
0.273842 6389.37
0.285924 5197.55
0.298538 5700.2
0.311709 6190.7
0.325462 7589.4
0.339821 5567.5
0.354813 5196.69
0.370467 5084.16
0.386812 6661.84
0.403878 6047.82
0.421697 5717.82
0.440301 6217.45
0.459727 4663.82
0.48001 5945.05
0.501187 6801.9
0.523299 6025.39
0.546387 5405.12
0.570493 5066.52
0.595662 6972.72
0.621942 4772.6
0.649382 5446.38
0.678032 4846.79
0.707946 4491.23
0.73918 5568.08
0.771792 6017.45
0.805842 4913.77
0.841395 4374.65
0.878517 3972.11
0.917276 3197.81
0.957745 5224.27
1 2218.16
1.04412 3657.98
1.09018 3217.55
1.13828 2178.81
1.1885 2572.76
1.24094 2670.49
1.29569 3007.87
1.35285 1861.46
1.41254 2268.25
1.47486 1709.65
1.53993 1721.62
1.60787 1439.46
1.6788 1590.42
1.75287 1851.36
1.83021 1700.27
1.91095 1681.5
1.99526 1736.41
2.08329 1394.97
2.1752 1462.58
2.27117 1094.78
2.37137 1408.25
2.476 1567.98
2.58523 1093.07
2.69929 1601.23
2.81838 1093.32
2.94273 1119.99
3.07256 1209.08
3.20812 1187.44
3.34965 1005.87
3.49744 1359.3
3.65174 970.028
3.81285 772.766
3.98107 1123.32
4.15671 1568.03
4.3401 1243.11
4.53158 1291.94
4.73151 715.509
4.94026 900.955
5.15822 1156.38
5.3858 398.026
5.62341 689.193
5.87151 451.375
6.13056 657.742
6.40103 543.57
6.68344 579.938
6.97831 377.719
7.28618 579.43
7.60764 513.859
7.94328 449.488
8.29373 603.663
8.65964 548.741
9.0417 833.93
9.44061 576.245
9.85712 428.498
10.292 415.52
10.7461 344.793
11.2202 533.541
11.7152 856.306
12.2321 337.263
12.7717 667.607
13.3352 573.137
13.9236 643.162
14.5378 1010.56
15.1792 641.568
15.8489 328.49
16.5482 724.147
17.2783 670.861
18.0406 449.408
18.8365 401.427
19.6675 707.722
20.5353 363.528
21.4412 954.264
22.3872 897.251
23.3749 806.299
24.4062 173.806
25.483 809.863
26.6073 1114.74
27.7811 682.15
29.0068 1071.16
30.2866 616.084
31.6228 1098.42
33.0179 548.659
34.4747 1006.77
35.9956 806.108
37.5837 600.252
39.2419 292.777
40.9732 918.853
42.7809 640.426
44.6684 728.936
46.6391 1250.81
48.6968 728.168
50.8452 673.569
53.0884 1024.42
55.4307 853.938
57.8762 988.791
60.4296 1124.78
63.0957 990.718
65.8795 953.462
68.786 1110.14
71.8208 1067.79
74.9894 1606.22
78.2979 1133.1
81.7523 1308.63
85.3591 1186.37
89.1251 1286.65
93.0572 1671
97.1628 970.271
101.45 1567.03
105.925 2064.48
110.599 1888.42
115.478 1420.91
120.573 1670.83
125.893 1735.93
131.447 1771.84
137.246 2903.84
143.301 1869.55
149.624 1351.09
156.225 1875.52
163.117 1797.54
170.314 1296.84
177.828 2049.08
185.674 2187.45
193.865 1668.11
202.418 2718.65
211.349 1663.89
220.673 1321.97
230.409 2756.28
240.575 1865.61
251.189 2371.87
262.271 1698.19
273.842 1926.21
285.924 1319.07
298.538 1475.87
311.709 1424.38
325.462 1415.64
339.821 943.385
354.813 950.264
370.467 787.774
386.812 497.537
403.878 260.244
421.697 268.847
440.301 76.0952
459.727 276.036
480.01 126.669
501.187 92.9196
523.299 278.347
546.387 0
570.493 0
595.662 71.922
621.942 168.662
649.382 97.2034
678.032 60.6404
707.946 0
739.18 0
771.792 117.349
805.842 0
841.395 94.9965
878.517 0
917.276 0
957.745 0
1000 0
