# First line is two numbers 
#     First value is '2', it means 'histogram mode'
#     Second value is 'Emin' of the histogram
# Other lines : 2 columns. 1) energy 2) probability (nb divided by NbEvent)
# Number of bins = 480
# Content below the first bin: 0
# Content above the last  bin: 0
# Content above the last  bin: 0
# Number of events: 209000
2 1e-06
1.04412e-06 0
1.09018e-06 0
1.13828e-06 0
1.1885e-06 0
1.24094e-06 0
1.29569e-06 0
1.35285e-06 0
1.41254e-06 0
1.47486e-06 0
1.53993e-06 0
1.60787e-06 0
1.6788e-06 0
1.75287e-06 0
1.83021e-06 0
1.91095e-06 0
1.99526e-06 0
2.08329e-06 0
2.1752e-06 0
2.27117e-06 0
2.37137e-06 0
2.476e-06 0
2.58523e-06 0
2.69929e-06 0
2.81838e-06 0
2.94273e-06 0
3.07256e-06 0
3.20812e-06 0
3.34965e-06 0
3.49744e-06 0
3.65174e-06 0
3.81285e-06 0
3.98107e-06 0
4.15671e-06 0
4.3401e-06 0
4.53158e-06 0
4.73151e-06 0
4.94026e-06 0
5.15822e-06 0
5.3858e-06 0
5.62341e-06 0
5.87151e-06 0
6.13056e-06 0
6.40103e-06 0
6.68344e-06 0
6.97831e-06 0
7.28618e-06 0
7.60764e-06 0
7.94328e-06 0
8.29373e-06 0
8.65964e-06 0
9.0417e-06 0
9.44061e-06 0
9.85712e-06 0
1.0292e-05 0
1.07461e-05 0
1.12202e-05 0
1.17152e-05 0
1.22321e-05 0
1.27717e-05 0
1.33352e-05 0
1.39236e-05 0
1.45378e-05 0
1.51792e-05 0
1.58489e-05 0
1.65482e-05 0
1.72783e-05 0
1.80406e-05 0
1.88365e-05 0
1.96675e-05 0
2.05353e-05 0
2.14412e-05 0
2.23872e-05 0
2.33749e-05 0
2.44062e-05 0
2.5483e-05 0
2.66073e-05 0
2.77811e-05 0
2.90068e-05 0
3.02866e-05 0
3.16228e-05 0
3.30179e-05 0
3.44747e-05 0
3.59956e-05 0
3.75837e-05 0
3.92419e-05 0
4.09732e-05 0
4.27809e-05 0
4.46684e-05 0
4.66391e-05 0
4.86968e-05 0
5.08452e-05 0
5.30884e-05 0
5.54307e-05 0
5.78762e-05 0
6.04296e-05 0
6.30957e-05 0
6.58795e-05 0
6.8786e-05 0
7.18208e-05 0
7.49894e-05 0
7.82979e-05 0
8.17523e-05 0
8.53591e-05 0
8.91251e-05 0
9.30572e-05 0
9.71628e-05 0
0.00010145 0
0.000105925 0
0.000110599 0
0.000115478 0
0.000120573 0
0.000125893 0
0.000131447 0
0.000137246 0
0.000143301 71.7568
0.000149624 0
0.000156225 0
0.000163117 0
0.000170314 0
0.000177828 0
0.000185674 0
0.000193865 0
0.000202418 0
0.000211349 0
0.000220673 0
0.000230409 0
0.000240575 0
0.000251189 0
0.000262271 0
0.000273842 0
0.000285924 0
0.000298538 0
0.000311709 0
0.000325462 0
0.000339821 0
0.000354813 0
0.000370467 0
0.000386812 0
0.000403878 0
0.000421697 0
0.000440301 0
0.000459727 0
0.00048001 0
0.000501187 0
0.000523299 0
0.000546387 0
0.000570493 0
0.000595662 0
0.000621942 0
0.000649382 0
0.000678032 0
0.000707946 0
0.00073918 0
0.000771792 0
0.000805842 0
0.000841395 0
0.000878517 0
0.000917276 0
0.000957745 0
0.001 0
0.00104412 0
0.00109018 0
0.00113828 0
0.0011885 0
0.00124094 0
0.00129569 0
0.00135285 0
0.00141254 0
0.00147486 0
0.00153993 0
0.00160787 0
0.0016788 0
0.00175287 0
0.00183021 0
0.00191095 0
0.00199526 0
0.00208329 0
0.0021752 0
0.00227117 0
0.00237137 111.167
0.002476 0
0.00258523 0
0.00269929 0
0.00281838 0
0.00294273 0
0.00307256 0
0.00320812 27.6299
0.00334965 0
0.00349744 0
0.00365174 103.563
0.00381285 0
0.00398107 113.253
0.00415671 0
0.0043401 90.107
0.00453158 0
0.00473151 148.681
0.00494026 86.1835
0.00515822 0
0.0053858 80.9739
0.00562341 105.526
0.00587151 308.18
0.00613056 219.992
0.00640103 150.454
0.00668344 167.151
0.00697831 0
0.00728618 152.822
0.00760764 304.153
0.00794328 284.191
0.00829373 105.234
0.00865964 39.19
0.0090417 340.483
0.00944061 0
0.00985712 70.6366
0.010292 74.9731
0.0107461 394.177
0.0112202 258.653
0.0117152 277.413
0.0122321 27.063
0.0127717 332.529
0.0133352 418.791
0.0139236 326.615
0.0145378 403.792
0.0151792 374.16
0.0158489 832.192
0.0165482 452.54
0.0172783 416.597
0.0180406 885.615
0.0188365 707.287
0.0196675 1413.59
0.0205353 1039.89
0.0214412 970.583
0.0223872 1245.86
0.0233749 1367.43
0.0244062 879.037
0.025483 1633.01
0.0266073 933.396
0.0277811 1382.71
0.0290068 1585.06
0.0302866 1536.69
0.0316228 2527.63
0.0330179 1325.26
0.0344747 3044.86
0.0359956 2173.28
0.0375837 2572.5
0.0392419 2636.09
0.0409732 3298.92
0.0427809 2584.66
0.0446684 2712.72
0.0466391 2482.29
0.0486968 3263.42
0.0508452 3292.05
0.0530884 4180.53
0.0554307 3019.25
0.0578762 4004.72
0.0604296 3780.94
0.0630957 5084.42
0.0658795 4860.57
0.068786 6001.79
0.0718208 5020.77
0.0749894 4197.71
0.0782979 6986.15
0.0817523 5893.08
0.0853591 6259.72
0.0891251 6519.38
0.0930572 6957.25
0.0971628 7094.46
0.10145 8261.93
0.105925 7695.18
0.110599 6863.02
0.115478 8293.66
0.120573 8245.48
0.125893 9672.94
0.131447 9328.09
0.137246 9073.14
0.143301 9240.47
0.149624 9328.6
0.156225 8994.96
0.163117 8668.2
0.170314 9948.19
0.177828 11808.8
0.185674 10859.3
0.193865 9198.1
0.202418 10677.3
0.211349 10391.4
0.220673 11230.9
0.230409 10524.5
0.240575 11394.1
0.251189 10695.4
0.262271 11022.4
0.273842 9733.73
0.285924 13348.2
0.298538 9958.61
0.311709 12009.8
0.325462 10679.4
0.339821 11295.7
0.354813 11888.9
0.370467 12313
0.386812 12783.5
0.403878 11018.7
0.421697 11074
0.440301 13820
0.459727 12507.3
0.48001 13056.5
0.501187 13432.9
0.523299 11347.2
0.546387 10508.2
0.570493 11309
0.595662 10017
0.621942 11530.3
0.649382 10987.7
0.678032 9645.62
0.707946 10591.9
0.73918 9203.31
0.771792 9553.71
0.805842 9199.06
0.841395 7799.88
0.878517 8850.82
0.917276 9911.75
0.957745 7769.64
1 8159.31
1.04412 7839.76
1.09018 6544.97
1.13828 5706.6
1.1885 6640.3
1.24094 5919.09
1.29569 6681.62
1.35285 4131.41
1.41254 4068.44
1.47486 4993.32
1.53993 5139.44
1.60787 4150.85
1.6788 3695.33
1.75287 3499.99
1.83021 4237.34
1.91095 4334.85
1.99526 3207.23
2.08329 2901.22
2.1752 3675.19
2.27117 3205.24
2.37137 3445.33
2.476 3328.68
2.58523 3205.33
2.69929 2127.64
2.81838 3481.83
2.94273 2582.56
3.07256 3189.8
3.20812 2035.6
3.34965 3257.98
3.49744 3141.02
3.65174 2625.16
3.81285 2664.11
3.98107 2461.24
4.15671 2386.05
4.3401 2576.38
4.53158 2555.82
4.73151 1626.64
4.94026 2037.54
5.15822 2077.21
5.3858 2257.9
5.62341 2462.75
5.87151 1824.09
6.13056 1161.35
6.40103 1012.28
6.68344 2013.18
6.97831 1714.21
7.28618 1122.53
7.60764 1935.92
7.94328 1758.98
8.29373 839.469
8.65964 1939.65
9.0417 1149.68
9.44061 861.655
9.85712 1096.31
10.292 769.912
10.7461 912.1
11.2202 901.628
11.7152 1640.48
12.2321 1188.84
12.7717 1441.28
13.3352 946.165
13.9236 978.528
14.5378 904.904
15.1792 1303.66
15.8489 1010.79
16.5482 562.122
17.2783 698.711
18.0406 843.477
18.8365 1398.45
19.6675 842.441
20.5353 893.731
21.4412 697.083
22.3872 1641.55
23.3749 1258.15
24.4062 1063.33
25.483 885.474
26.6073 1097.45
27.7811 839.46
29.0068 985.412
30.2866 1175.61
31.6228 1411.78
33.0179 978.674
34.4747 1226.74
35.9956 1565.64
37.5837 1904.08
39.2419 1272.61
40.9732 1966.63
42.7809 1461.64
44.6684 871.681
46.6391 817.968
48.6968 1268.81
50.8452 1428.21
53.0884 1434.53
55.4307 1329.54
57.8762 1274.72
60.4296 1398
63.0957 2063.69
65.8795 1616.53
68.786 1693.92
71.8208 2935.97
74.9894 2107.49
78.2979 2202.1
81.7523 2163.41
85.3591 1537.56
89.1251 1663.4
93.0572 1355.3
97.1628 1880.43
101.45 2180.69
105.925 1256.27
110.599 2213.9
115.478 2063.35
120.573 2305.09
125.893 1140.49
131.447 2115.28
137.246 1821.68
143.301 2162.69
149.624 2539.22
156.225 1628.8
163.117 2422.54
170.314 1766.11
177.828 1368.03
185.674 1638.59
193.865 1427.04
202.418 1113.24
211.349 1737.26
220.673 1364.86
230.409 1167.71
240.575 1164.2
251.189 1319.14
262.271 1853.77
273.842 1092.34
285.924 881.129
298.538 1262.89
311.709 922.03
325.462 816.534
339.821 700.809
354.813 952.394
370.467 473.75
386.812 895.488
403.878 509.271
421.697 15.3
440.301 502.887
459.727 431.325
480.01 481.163
501.187 567.068
523.299 79.9563
546.387 218.783
570.493 116.192
595.662 0
621.942 170.21
649.382 0
678.032 0
707.946 0
739.18 71.8134
771.792 0
805.842 162.197
841.395 0
878.517 0
917.276 0
957.745 0
1000 0
