# First line is two numbers 
#     First value is '2', it means 'histogram mode'
#     Second value is 'Emin' of the histogram
# Other lines : 2 columns. 1) energy 2) probability (nb divided by NbEvent)
# Number of bins = 480
# Content below the first bin: 0
# Content above the last  bin: 0
# Content above the last  bin: 0
# Number of events: 209000
2 1e-06
1.04412e-06 0
1.09018e-06 0
1.13828e-06 0
1.1885e-06 0
1.24094e-06 0
1.29569e-06 0
1.35285e-06 0
1.41254e-06 0
1.47486e-06 0
1.53993e-06 0
1.60787e-06 0
1.6788e-06 0
1.75287e-06 0
1.83021e-06 0
1.91095e-06 0
1.99526e-06 0
2.08329e-06 0
2.1752e-06 0
2.27117e-06 0
2.37137e-06 0
2.476e-06 0
2.58523e-06 0
2.69929e-06 0
2.81838e-06 0
2.94273e-06 0
3.07256e-06 0
3.20812e-06 0
3.34965e-06 0
3.49744e-06 0
3.65174e-06 0
3.81285e-06 0
3.98107e-06 0
4.15671e-06 0
4.3401e-06 0
4.53158e-06 0
4.73151e-06 0
4.94026e-06 0
5.15822e-06 0
5.3858e-06 0
5.62341e-06 0
5.87151e-06 0
6.13056e-06 0
6.40103e-06 0
6.68344e-06 0
6.97831e-06 0
7.28618e-06 0
7.60764e-06 0
7.94328e-06 0
8.29373e-06 0
8.65964e-06 0
9.0417e-06 0
9.44061e-06 0
9.85712e-06 0
1.0292e-05 0
1.07461e-05 0
1.12202e-05 0
1.17152e-05 0
1.22321e-05 0
1.27717e-05 0
1.33352e-05 0
1.39236e-05 0
1.45378e-05 0
1.51792e-05 0
1.58489e-05 0
1.65482e-05 0
1.72783e-05 0
1.80406e-05 0
1.88365e-05 0
1.96675e-05 0
2.05353e-05 0
2.14412e-05 0
2.23872e-05 0
2.33749e-05 0
2.44062e-05 0
2.5483e-05 0
2.66073e-05 0
2.77811e-05 0
2.90068e-05 0
3.02866e-05 0
3.16228e-05 0
3.30179e-05 0
3.44747e-05 0
3.59956e-05 0
3.75837e-05 0
3.92419e-05 0
4.09732e-05 0
4.27809e-05 0
4.46684e-05 0
4.66391e-05 0
4.86968e-05 0
5.08452e-05 0
5.30884e-05 0
5.54307e-05 0
5.78762e-05 0
6.04296e-05 0
6.30957e-05 0
6.58795e-05 0
6.8786e-05 0
7.18208e-05 0
7.49894e-05 0
7.82979e-05 0
8.17523e-05 0
8.53591e-05 0
8.91251e-05 0
9.30572e-05 0
9.71628e-05 0
0.00010145 0
0.000105925 0
0.000110599 0
0.000115478 0
0.000120573 0
0.000125893 0
0.000131447 0
0.000137246 0
0.000143301 0
0.000149624 0
0.000156225 0
0.000163117 0
0.000170314 0
0.000177828 0
0.000185674 0
0.000193865 0
0.000202418 0
0.000211349 0
0.000220673 0
0.000230409 0
0.000240575 0
0.000251189 0
0.000262271 0
0.000273842 0
0.000285924 0
0.000298538 0
0.000311709 0
0.000325462 0
0.000339821 0
0.000354813 0
0.000370467 0
0.000386812 0
0.000403878 0
0.000421697 0
0.000440301 0
0.000459727 0
0.00048001 0
0.000501187 0
0.000523299 0
0.000546387 0
0.000570493 0
0.000595662 0
0.000621942 0
0.000649382 0
0.000678032 0
0.000707946 0
0.00073918 0
0.000771792 0
0.000805842 0
0.000841395 0
0.000878517 0
0.000917276 0
0.000957745 0
0.001 0
0.00104412 0
0.00109018 0
0.00113828 0
0.0011885 0
0.00124094 0
0.00129569 0
0.00135285 0
0.00141254 0
0.00147486 0
0.00153993 100.606
0.00160787 0
0.0016788 0
0.00175287 0
0.00183021 0
0.00191095 82.751
0.00199526 0
0.00208329 0
0.0021752 0
0.00227117 0
0.00237137 0
0.002476 0
0.00258523 0
0.00269929 0
0.00281838 0
0.00294273 0
0.00307256 0
0.00320812 0
0.00334965 0
0.00349744 0
0.00365174 0
0.00381285 0
0.00398107 94.2352
0.00415671 0
0.0043401 0
0.00453158 0
0.00473151 63.9383
0.00494026 0
0.00515822 0
0.0053858 77.4822
0.00562341 0
0.00587151 0
0.00613056 64.333
0.00640103 0
0.00668344 0
0.00697831 0
0.00728618 0
0.00760764 0
0.00794328 0
0.00829373 0
0.00865964 0
0.0090417 95.4722
0.00944061 80.3033
0.00985712 0
0.010292 0
0.0107461 0
0.0112202 82.5833
0.0117152 0
0.0122321 65.5326
0.0127717 0
0.0133352 98.4179
0.0139236 0
0.0145378 107.534
0.0151792 94.31
0.0158489 296.064
0.0165482 104.806
0.0172783 0
0.0180406 168.791
0.0188365 119.796
0.0196675 301.516
0.0205353 134.989
0.0214412 0
0.0223872 270.847
0.0233749 243.221
0.0244062 212.171
0.025483 285.27
0.0266073 70.0259
0.0277811 187.932
0.0290068 119.516
0.0302866 45.9214
0.0316228 353.635
0.0330179 588.173
0.0344747 150.125
0.0359956 184.701
0.0375837 23.0616
0.0392419 67.3692
0.0409732 366.432
0.0427809 78.7084
0.0446684 290.6
0.0466391 390.427
0.0486968 163.583
0.0508452 527.787
0.0530884 711.439
0.0554307 409.563
0.0578762 918.545
0.0604296 654.334
0.0630957 981.132
0.0658795 822.292
0.068786 796.413
0.0718208 548.283
0.0749894 478.21
0.0782979 654.65
0.0817523 727.101
0.0853591 1154.81
0.0891251 1217.49
0.0930572 1396.51
0.0971628 872.261
0.10145 1255.36
0.105925 744.385
0.110599 1456.29
0.115478 1474.9
0.120573 1280.63
0.125893 1402.7
0.131447 1119.21
0.137246 1130.23
0.143301 1014.77
0.149624 1678.69
0.156225 893.267
0.163117 1621.97
0.170314 1121.83
0.177828 1001.18
0.185674 1432.93
0.193865 895.507
0.202418 1517.09
0.211349 1381.12
0.220673 1339.82
0.230409 1436.01
0.240575 1907.72
0.251189 1732.43
0.262271 2073.03
0.273842 1522.41
0.285924 2741.91
0.298538 2038.05
0.311709 1504.97
0.325462 2127.89
0.339821 1573.65
0.354813 1561.94
0.370467 2023.76
0.386812 1469.7
0.403878 1841.58
0.421697 1710.28
0.440301 1519.8
0.459727 2152.19
0.48001 1620.45
0.501187 2776.6
0.523299 1446.22
0.546387 2189.09
0.570493 1903.37
0.595662 1733.33
0.621942 1746.06
0.649382 1945.15
0.678032 2844.07
0.707946 1571.86
0.73918 2520.65
0.771792 1519.58
0.805842 1669.33
0.841395 1245.6
0.878517 1375.45
0.917276 1072.53
0.957745 875.15
1 1308.17
1.04412 980.395
1.09018 703.218
1.13828 1108.51
1.1885 1157.43
1.24094 1350.33
1.29569 928.079
1.35285 1363.55
1.41254 834.537
1.47486 550.867
1.53993 592.215
1.60787 336.929
1.6788 624.095
1.75287 273.577
1.83021 724.591
1.91095 604.741
1.99526 628.792
2.08329 511.451
2.1752 987.636
2.27117 347.693
2.37137 340.296
2.476 721.656
2.58523 582.535
2.69929 412.022
2.81838 267.005
2.94273 382.752
3.07256 452.807
3.20812 471.936
3.34965 772.312
3.49744 508.677
3.65174 548.488
3.81285 387.355
3.98107 463.772
4.15671 353.29
4.3401 188.278
4.53158 308.017
4.73151 585.278
4.94026 183.723
5.15822 492.963
5.3858 350.101
5.62341 164.577
5.87151 700.848
6.13056 335.798
6.40103 87.539
6.68344 119.351
6.97831 234.098
7.28618 586.262
7.60764 45.523
7.94328 543.188
8.29373 79.7601
8.65964 76.9392
9.0417 300.976
9.44061 109.063
9.85712 215.004
10.292 262.281
10.7461 559.78
11.2202 150.505
11.7152 102.705
12.2321 111.98
12.7717 15.3291
13.3352 144.249
13.9236 231.988
14.5378 223.946
15.1792 297.224
15.8489 0
16.5482 258.477
17.2783 109.653
18.0406 200.925
18.8365 97.5982
19.6675 179.566
20.5353 210.179
21.4412 356.406
22.3872 75.3444
23.3749 117.076
24.4062 106.872
25.483 362.125
26.6073 138.01
27.7811 115.083
29.0068 191.514
30.2866 310.633
31.6228 114.595
33.0179 464.298
34.4747 178.405
35.9956 105.802
37.5837 348.067
39.2419 306.015
40.9732 113.699
42.7809 270.868
44.6684 262.997
46.6391 0
48.6968 449.248
50.8452 333.966
53.0884 162.973
55.4307 375.127
57.8762 247.712
60.4296 315.997
63.0957 202.924
65.8795 106.831
68.786 273.037
71.8208 151.473
74.9894 420.915
78.2979 116.977
81.7523 617.4
85.3591 284.216
89.1251 484.591
93.0572 145.731
97.1628 304.596
101.45 225.151
105.925 266.809
110.599 39.13
115.478 0
120.573 532.446
125.893 0
131.447 250.253
137.246 392.998
143.301 254.108
149.624 231.104
156.225 414.48
163.117 369.907
170.314 337.44
177.828 92.4675
185.674 100.582
193.865 196.886
202.418 621.86
211.349 228.392
220.673 617.16
230.409 352.314
240.575 198.92
251.189 133.385
262.271 84.9129
273.842 0
285.924 94.3035
298.538 0
311.709 111.202
325.462 0
339.821 59.8787
354.813 0
370.467 0
386.812 0
403.878 0
421.697 0
440.301 64.2766
459.727 109.003
480.01 0
501.187 0
523.299 0
546.387 0
570.493 0
595.662 0
621.942 0
649.382 0
678.032 0
707.946 0
739.18 0
771.792 0
805.842 0
841.395 0
878.517 0
917.276 0
957.745 0
1000 0
