# First line is two numbers 
#     First value is '2', it means 'histogram mode'
#     Second value is 'Emin' of the histogram
# Other lines : 2 columns. 1) energy 2) probability (nb divided by NbEvent)
# Number of bins = 480
# Content below the first bin: 0
# Content above the last  bin: 0
# Content above the last  bin: 0
# Number of events: 209000
2 1e-06
1.04412e-06 0
1.09018e-06 0
1.13828e-06 0
1.1885e-06 0
1.24094e-06 0
1.29569e-06 0
1.35285e-06 0
1.41254e-06 0
1.47486e-06 0
1.53993e-06 0
1.60787e-06 0
1.6788e-06 0
1.75287e-06 0
1.83021e-06 0
1.91095e-06 0
1.99526e-06 0
2.08329e-06 0
2.1752e-06 0
2.27117e-06 0
2.37137e-06 0
2.476e-06 0
2.58523e-06 0
2.69929e-06 0
2.81838e-06 0
2.94273e-06 0
3.07256e-06 0
3.20812e-06 0
3.34965e-06 0
3.49744e-06 0
3.65174e-06 0
3.81285e-06 0
3.98107e-06 0
4.15671e-06 0
4.3401e-06 0
4.53158e-06 0
4.73151e-06 0
4.94026e-06 0
5.15822e-06 0
5.3858e-06 0
5.62341e-06 0
5.87151e-06 0
6.13056e-06 0
6.40103e-06 0
6.68344e-06 0
6.97831e-06 0
7.28618e-06 0
7.60764e-06 0
7.94328e-06 0
8.29373e-06 0
8.65964e-06 0
9.0417e-06 0
9.44061e-06 0
9.85712e-06 0
1.0292e-05 0
1.07461e-05 0
1.12202e-05 0
1.17152e-05 0
1.22321e-05 0
1.27717e-05 0
1.33352e-05 0
1.39236e-05 0
1.45378e-05 0
1.51792e-05 0
1.58489e-05 0
1.65482e-05 0
1.72783e-05 0
1.80406e-05 0
1.88365e-05 0
1.96675e-05 0
2.05353e-05 0
2.14412e-05 0
2.23872e-05 0
2.33749e-05 0
2.44062e-05 0
2.5483e-05 0
2.66073e-05 0
2.77811e-05 0
2.90068e-05 0
3.02866e-05 0
3.16228e-05 0
3.30179e-05 0
3.44747e-05 0
3.59956e-05 0
3.75837e-05 0
3.92419e-05 0
4.09732e-05 0
4.27809e-05 0
4.46684e-05 0
4.66391e-05 0
4.86968e-05 0
5.08452e-05 0
5.30884e-05 0
5.54307e-05 0
5.78762e-05 0
6.04296e-05 0
6.30957e-05 0
6.58795e-05 0
6.8786e-05 0
7.18208e-05 0
7.49894e-05 0
7.82979e-05 0
8.17523e-05 0
8.53591e-05 0
8.91251e-05 0
9.30572e-05 0
9.71628e-05 0
0.00010145 0
0.000105925 0
0.000110599 0
0.000115478 0
0.000120573 0
0.000125893 0
0.000131447 0
0.000137246 0
0.000143301 0
0.000149624 0
0.000156225 0
0.000163117 0
0.000170314 0
0.000177828 0
0.000185674 0
0.000193865 0
0.000202418 0
0.000211349 0
0.000220673 0
0.000230409 0
0.000240575 0
0.000251189 0
0.000262271 0
0.000273842 0
0.000285924 0
0.000298538 0
0.000311709 0
0.000325462 0
0.000339821 0
0.000354813 0
0.000370467 0
0.000386812 0
0.000403878 0
0.000421697 0
0.000440301 0
0.000459727 0
0.00048001 0
0.000501187 0
0.000523299 0
0.000546387 0
0.000570493 0
0.000595662 0
0.000621942 0
0.000649382 0
0.000678032 0
0.000707946 0
0.00073918 0
0.000771792 0
0.000805842 0
0.000841395 0
0.000878517 0
0.000917276 0
0.000957745 0
0.001 0
0.00104412 0
0.00109018 0
0.00113828 0
0.0011885 0
0.00124094 0
0.00129569 0
0.00135285 0
0.00141254 0
0.00147486 0
0.00153993 0
0.00160787 0
0.0016788 99.9595
0.00175287 0
0.00183021 0
0.00191095 0
0.00199526 0
0.00208329 0
0.0021752 0
0.00227117 0
0.00237137 0
0.002476 0
0.00258523 0
0.00269929 0
0.00281838 0
0.00294273 0
0.00307256 0
0.00320812 0
0.00334965 0
0.00349744 0
0.00365174 0
0.00381285 0
0.00398107 0
0.00415671 0
0.0043401 0
0.00453158 0
0.00473151 0
0.00494026 0
0.00515822 92.7458
0.0053858 0
0.00562341 0
0.00587151 90.0243
0.00613056 0
0.00640103 0
0.00668344 49.0683
0.00697831 0
0.00728618 0
0.00760764 0
0.00794328 0
0.00829373 0
0.00865964 0
0.0090417 38.2709
0.00944061 0
0.00985712 22.5689
0.010292 115.928
0.0107461 0
0.0112202 0
0.0117152 110.612
0.0122321 116.287
0.0127717 181.811
0.0133352 0
0.0139236 103.95
0.0145378 39.4617
0.0151792 234.664
0.0158489 100.274
0.0165482 77.5089
0.0172783 607.062
0.0180406 270.834
0.0188365 256.894
0.0196675 494.522
0.0205353 421.917
0.0214412 328.5
0.0223872 183.546
0.0233749 145.968
0.0244062 20.1915
0.025483 678.255
0.0266073 618.762
0.0277811 306.254
0.0290068 774.916
0.0302866 540.405
0.0316228 824.997
0.0330179 821.068
0.0344747 743.931
0.0359956 824.781
0.0375837 1185.72
0.0392419 841.264
0.0409732 679.431
0.0427809 1179.36
0.0446684 1008.92
0.0466391 1548.14
0.0486968 999.393
0.0508452 756.979
0.0530884 1423.59
0.0554307 1724.09
0.0578762 1089.22
0.0604296 1196.57
0.0630957 824.952
0.0658795 1410.32
0.068786 1423.19
0.0718208 1932.29
0.0749894 1619.5
0.0782979 1557.04
0.0817523 1916.22
0.0853591 2389.74
0.0891251 1559.02
0.0930572 1995.64
0.0971628 2276.31
0.10145 2624.5
0.105925 1993.61
0.110599 2133.81
0.115478 2224.09
0.120573 2848.83
0.125893 2801.2
0.131447 2509.14
0.137246 1795.64
0.143301 2267.23
0.149624 2779.14
0.156225 2257.68
0.163117 2786.85
0.170314 3255.92
0.177828 2985.79
0.185674 3553.95
0.193865 2801.18
0.202418 3133.56
0.211349 3070.1
0.220673 3392.93
0.230409 2001.96
0.240575 4280.26
0.251189 4223.18
0.262271 3510.7
0.273842 2986.95
0.285924 3245.79
0.298538 3095.51
0.311709 2998.37
0.325462 3150.69
0.339821 4109.66
0.354813 4207.5
0.370467 3088.71
0.386812 3442.76
0.403878 3165.2
0.421697 3025.63
0.440301 3386.47
0.459727 2809.46
0.48001 3621.77
0.501187 2984.36
0.523299 3535.29
0.546387 2645.53
0.570493 3218.39
0.595662 2900.03
0.621942 2809.51
0.649382 3202.37
0.678032 3574.29
0.707946 2343.15
0.73918 3738.06
0.771792 2578.69
0.805842 2524.26
0.841395 2677.22
0.878517 2383.54
0.917276 3552.04
0.957745 1688.63
1 2008.65
1.04412 2242
1.09018 2743.24
1.13828 2249.32
1.1885 1393.22
1.24094 1507.48
1.29569 1738.79
1.35285 1272.82
1.41254 1571.17
1.47486 1257.38
1.53993 1494.42
1.60787 834.349
1.6788 1253.68
1.75287 1679.52
1.83021 880.319
1.91095 1245.05
1.99526 954.938
2.08329 924.612
2.1752 603.945
2.27117 567.657
2.37137 1125.38
2.476 1149.07
2.58523 855.295
2.69929 831.867
2.81838 547.24
2.94273 772.787
3.07256 917.452
3.20812 708.929
3.34965 778.066
3.49744 789.791
3.65174 404.621
3.81285 700.639
3.98107 613.536
4.15671 275.06
4.3401 442.081
4.53158 917.569
4.73151 426.714
4.94026 840.229
5.15822 570.715
5.3858 459.918
5.62341 250.822
5.87151 83.3674
6.13056 557.504
6.40103 442.774
6.68344 361.994
6.97831 680.756
7.28618 641.794
7.60764 222.724
7.94328 268.572
8.29373 255.206
8.65964 259.218
9.0417 420.664
9.44061 346.507
9.85712 488.262
10.292 314.693
10.7461 641.287
11.2202 565.764
11.7152 805.067
12.2321 258.385
12.7717 536.399
13.3352 101.911
13.9236 113.842
14.5378 582.414
15.1792 467.593
15.8489 463.691
16.5482 201.64
17.2783 73.7237
18.0406 158.358
18.8365 127.998
19.6675 564.03
20.5353 388.911
21.4412 170.145
22.3872 206.045
23.3749 266.642
24.4062 392.786
25.483 535.917
26.6073 200.631
27.7811 554.201
29.0068 552.583
30.2866 498.467
31.6228 255.166
33.0179 309.615
34.4747 400.291
35.9956 573.04
37.5837 181.557
39.2419 260.252
40.9732 515.876
42.7809 543.195
44.6684 253.125
46.6391 330.69
48.6968 311.096
50.8452 610.712
53.0884 492.017
55.4307 596.606
57.8762 971.816
60.4296 459.984
63.0957 1390.43
65.8795 454.978
68.786 908.804
71.8208 244.953
74.9894 540.575
78.2979 661.842
81.7523 912.983
85.3591 549.902
89.1251 517.475
93.0572 1006.94
97.1628 499.98
101.45 938.885
105.925 565.1
110.599 789.638
115.478 820.609
120.573 310.521
125.893 1423.94
131.447 1053.16
137.246 813.407
143.301 685.308
149.624 1088.17
156.225 1147.43
163.117 493.56
170.314 2372.11
177.828 826.813
185.674 1456.68
193.865 773.7
202.418 1881.38
211.349 1314.59
220.673 934.435
230.409 1551.22
240.575 1852.02
251.189 1852.4
262.271 1689.98
273.842 2393
285.924 2528.87
298.538 2046.71
311.709 2208.37
325.462 1848.24
339.821 1923.89
354.813 2519
370.467 1767.22
386.812 1793.59
403.878 1013.64
421.697 1058.19
440.301 867.691
459.727 503.577
480.01 324.539
501.187 305.615
523.299 318.973
546.387 297.715
570.493 272.844
595.662 251.784
621.942 50.7677
649.382 113.826
678.032 80.9626
707.946 0
739.18 0
771.792 0
805.842 0
841.395 29.0109
878.517 106.395
917.276 0
957.745 0
1000 0
