# First line is two numbers 
#     First value is '2', it means 'histogram mode'
#     Second value is 'Emin' of the histogram
# Other lines : 2 columns. 1) energy 2) probability (nb divided by NbEvent)
# Number of bins = 480
# Content below the first bin: 0
# Content above the last  bin: 0
# Content above the last  bin: 0
# Number of events: 209000
2 1e-06
1.04412e-06 0
1.09018e-06 0
1.13828e-06 0
1.1885e-06 0
1.24094e-06 0
1.29569e-06 0
1.35285e-06 0
1.41254e-06 0
1.47486e-06 0
1.53993e-06 0
1.60787e-06 0
1.6788e-06 0
1.75287e-06 0
1.83021e-06 0
1.91095e-06 0
1.99526e-06 0
2.08329e-06 0
2.1752e-06 0
2.27117e-06 0
2.37137e-06 0
2.476e-06 0
2.58523e-06 0
2.69929e-06 0
2.81838e-06 0
2.94273e-06 0
3.07256e-06 0
3.20812e-06 0
3.34965e-06 0
3.49744e-06 0
3.65174e-06 0
3.81285e-06 0
3.98107e-06 0
4.15671e-06 0
4.3401e-06 0
4.53158e-06 0
4.73151e-06 0
4.94026e-06 0
5.15822e-06 0
5.3858e-06 0
5.62341e-06 0
5.87151e-06 0
6.13056e-06 0
6.40103e-06 0
6.68344e-06 0
6.97831e-06 0
7.28618e-06 0
7.60764e-06 0
7.94328e-06 0
8.29373e-06 0
8.65964e-06 0
9.0417e-06 0
9.44061e-06 0
9.85712e-06 0
1.0292e-05 0
1.07461e-05 0
1.12202e-05 0
1.17152e-05 0
1.22321e-05 0
1.27717e-05 0
1.33352e-05 0
1.39236e-05 0
1.45378e-05 0
1.51792e-05 0
1.58489e-05 0
1.65482e-05 0
1.72783e-05 0
1.80406e-05 0
1.88365e-05 0
1.96675e-05 0
2.05353e-05 0
2.14412e-05 0
2.23872e-05 0
2.33749e-05 0
2.44062e-05 0
2.5483e-05 0
2.66073e-05 0
2.77811e-05 0
2.90068e-05 0
3.02866e-05 0
3.16228e-05 0
3.30179e-05 0
3.44747e-05 0
3.59956e-05 0
3.75837e-05 0
3.92419e-05 0
4.09732e-05 0
4.27809e-05 0
4.46684e-05 0
4.66391e-05 0
4.86968e-05 0
5.08452e-05 0
5.30884e-05 0
5.54307e-05 0
5.78762e-05 0
6.04296e-05 0
6.30957e-05 0
6.58795e-05 0
6.8786e-05 0
7.18208e-05 0
7.49894e-05 0
7.82979e-05 0
8.17523e-05 0
8.53591e-05 0
8.91251e-05 0
9.30572e-05 0
9.71628e-05 0
0.00010145 0
0.000105925 0
0.000110599 0
0.000115478 0
0.000120573 0
0.000125893 0
0.000131447 0
0.000137246 0
0.000143301 0
0.000149624 0
0.000156225 0
0.000163117 0
0.000170314 0
0.000177828 0
0.000185674 0
0.000193865 0
0.000202418 0
0.000211349 0
0.000220673 0
0.000230409 0
0.000240575 0
0.000251189 0
0.000262271 0
0.000273842 0
0.000285924 0
0.000298538 0
0.000311709 0
0.000325462 0
0.000339821 0
0.000354813 0
0.000370467 0
0.000386812 0
0.000403878 0
0.000421697 0
0.000440301 0
0.000459727 1
0.00048001 0
0.000501187 0
0.000523299 0
0.000546387 0
0.000570493 0
0.000595662 0
0.000621942 0
0.000649382 0
0.000678032 0
0.000707946 0
0.00073918 0
0.000771792 0
0.000805842 0
0.000841395 1
0.000878517 0
0.000917276 0
0.000957745 0
0.001 0
0.00104412 0
0.00109018 0
0.00113828 0
0.0011885 0
0.00124094 0
0.00129569 1
0.00135285 0
0.00141254 0
0.00147486 0
0.00153993 0
0.00160787 0
0.0016788 1
0.00175287 1
0.00183021 0
0.00191095 0
0.00199526 0
0.00208329 0
0.0021752 0
0.00227117 0
0.00237137 0
0.002476 0
0.00258523 0
0.00269929 1
0.00281838 0
0.00294273 0
0.00307256 0
0.00320812 0
0.00334965 0
0.00349744 0
0.00365174 0
0.00381285 0
0.00398107 0
0.00415671 0
0.0043401 1
0.00453158 1
0.00473151 0
0.00494026 1
0.00515822 0
0.0053858 0
0.00562341 0
0.00587151 0
0.00613056 0
0.00640103 0
0.00668344 1
0.00697831 2
0.00728618 2
0.00760764 1
0.00794328 1
0.00829373 0
0.00865964 3
0.0090417 2
0.00944061 2
0.00985712 0
0.010292 1
0.0107461 4
0.0112202 3
0.0117152 5
0.0122321 2
0.0127717 2
0.0133352 5
0.0139236 4
0.0145378 7
0.0151792 2
0.0158489 9
0.0165482 4
0.0172783 6
0.0180406 3
0.0188365 8
0.0196675 5
0.0205353 4
0.0214412 5
0.0223872 8
0.0233749 4
0.0244062 8
0.025483 5
0.0266073 8
0.0277811 8
0.0290068 15
0.0302866 7
0.0316228 8
0.0330179 13
0.0344747 6
0.0359956 11
0.0375837 19
0.0392419 12
0.0409732 13
0.0427809 17
0.0446684 22
0.0466391 20
0.0486968 16
0.0508452 22
0.0530884 17
0.0554307 24
0.0578762 17
0.0604296 29
0.0630957 28
0.0658795 16
0.068786 24
0.0718208 35
0.0749894 24
0.0782979 39
0.0817523 34
0.0853591 42
0.0891251 38
0.0930572 29
0.0971628 40
0.10145 45
0.105925 54
0.110599 50
0.115478 38
0.120573 49
0.125893 59
0.131447 68
0.137246 57
0.143301 59
0.149624 71
0.156225 62
0.163117 64
0.170314 67
0.177828 66
0.185674 52
0.193865 76
0.202418 67
0.211349 74
0.220673 80
0.230409 73
0.240575 80
0.251189 69
0.262271 85
0.273842 63
0.285924 79
0.298538 73
0.311709 88
0.325462 82
0.339821 90
0.354813 85
0.370467 79
0.386812 75
0.403878 73
0.421697 76
0.440301 81
0.459727 91
0.48001 77
0.501187 75
0.523299 87
0.546387 83
0.570493 82
0.595662 71
0.621942 81
0.649382 74
0.678032 71
0.707946 80
0.73918 74
0.771792 82
0.805842 86
0.841395 60
0.878517 64
0.917276 58
0.957745 56
1 48
1.04412 42
1.09018 45
1.13828 53
1.1885 55
1.24094 45
1.29569 38
1.35285 46
1.41254 26
1.47486 34
1.53993 36
1.60787 29
1.6788 28
1.75287 29
1.83021 31
1.91095 27
1.99526 20
2.08329 23
2.1752 21
2.27117 26
2.37137 23
2.476 19
2.58523 18
2.69929 17
2.81838 19
2.94273 24
3.07256 32
3.20812 23
3.34965 17
3.49744 21
3.65174 17
3.81285 13
3.98107 12
4.15671 14
4.3401 21
4.53158 15
4.73151 14
4.94026 11
5.15822 14
5.3858 11
5.62341 7
5.87151 11
6.13056 12
6.40103 12
6.68344 13
6.97831 10
7.28618 15
7.60764 12
7.94328 15
8.29373 13
8.65964 14
9.0417 7
9.44061 16
9.85712 12
10.292 12
10.7461 10
11.2202 10
11.7152 11
12.2321 5
12.7717 8
13.3352 8
13.9236 13
14.5378 6
15.1792 7
15.8489 4
16.5482 8
17.2783 6
18.0406 5
18.8365 3
19.6675 9
20.5353 11
21.4412 7
22.3872 8
23.3749 9
24.4062 9
25.483 6
26.6073 9
27.7811 10
29.0068 7
30.2866 13
31.6228 9
33.0179 17
34.4747 15
35.9956 14
37.5837 6
39.2419 8
40.9732 8
42.7809 12
44.6684 16
46.6391 10
48.6968 3
50.8452 9
53.0884 7
55.4307 14
57.8762 18
60.4296 16
63.0957 21
65.8795 12
68.786 12
71.8208 13
74.9894 20
78.2979 15
81.7523 17
85.3591 23
89.1251 19
93.0572 24
97.1628 14
101.45 20
105.925 17
110.599 17
115.478 14
120.573 21
125.893 28
131.447 19
137.246 26
143.301 19
149.624 18
156.225 20
163.117 19
170.314 28
177.828 23
185.674 22
193.865 15
202.418 28
211.349 34
220.673 19
230.409 32
240.575 27
251.189 27
262.271 23
273.842 19
285.924 25
298.538 23
311.709 20
325.462 34
339.821 17
354.813 29
370.467 28
386.812 21
403.878 22
421.697 12
440.301 15
459.727 18
480.01 4
501.187 6
523.299 4
546.387 1
570.493 3
595.662 4
621.942 3
649.382 0
678.032 0
707.946 2
739.18 0
771.792 1
805.842 2
841.395 2
878.517 0
917.276 0
957.745 0
1000 1
