# First line is two numbers 
#     First value is '2', it means 'histogram mode'
#     Second value is 'Emin' of the histogram
# Other lines : 2 columns. 1) energy 2) probability (nb divided by NbEvent)
# Number of bins = 480
# Content below the first bin: 0
# Content above the last  bin: 0
# Content above the last  bin: 0
# Number of events: 209000
2 1e-06
1.04412e-06 0
1.09018e-06 0
1.13828e-06 0
1.1885e-06 0
1.24094e-06 0
1.29569e-06 0
1.35285e-06 0
1.41254e-06 0
1.47486e-06 0
1.53993e-06 0
1.60787e-06 0
1.6788e-06 0
1.75287e-06 0
1.83021e-06 0
1.91095e-06 0
1.99526e-06 0
2.08329e-06 0
2.1752e-06 0
2.27117e-06 0
2.37137e-06 0
2.476e-06 0
2.58523e-06 0
2.69929e-06 0
2.81838e-06 0
2.94273e-06 0
3.07256e-06 0
3.20812e-06 0
3.34965e-06 0
3.49744e-06 0
3.65174e-06 0
3.81285e-06 0
3.98107e-06 0
4.15671e-06 0
4.3401e-06 0
4.53158e-06 0
4.73151e-06 0
4.94026e-06 0
5.15822e-06 0
5.3858e-06 0
5.62341e-06 0
5.87151e-06 0
6.13056e-06 0
6.40103e-06 0
6.68344e-06 0
6.97831e-06 0
7.28618e-06 0
7.60764e-06 0
7.94328e-06 0
8.29373e-06 0
8.65964e-06 0
9.0417e-06 0
9.44061e-06 0
9.85712e-06 0
1.0292e-05 0
1.07461e-05 0
1.12202e-05 0
1.17152e-05 0
1.22321e-05 0
1.27717e-05 0
1.33352e-05 0
1.39236e-05 0
1.45378e-05 0
1.51792e-05 0
1.58489e-05 0
1.65482e-05 0
1.72783e-05 0
1.80406e-05 0
1.88365e-05 0
1.96675e-05 0
2.05353e-05 0
2.14412e-05 0
2.23872e-05 0
2.33749e-05 0
2.44062e-05 0
2.5483e-05 0
2.66073e-05 0
2.77811e-05 0
2.90068e-05 0
3.02866e-05 0
3.16228e-05 0
3.30179e-05 0
3.44747e-05 0
3.59956e-05 0
3.75837e-05 0
3.92419e-05 0
4.09732e-05 0
4.27809e-05 0
4.46684e-05 0
4.66391e-05 0
4.86968e-05 0
5.08452e-05 0
5.30884e-05 0
5.54307e-05 0
5.78762e-05 0
6.04296e-05 0
6.30957e-05 0
6.58795e-05 0
6.8786e-05 0
7.18208e-05 0
7.49894e-05 0
7.82979e-05 0
8.17523e-05 0
8.53591e-05 0
8.91251e-05 0
9.30572e-05 0
9.71628e-05 0
0.00010145 0
0.000105925 0
0.000110599 0
0.000115478 0
0.000120573 0
0.000125893 0
0.000131447 0
0.000137246 0
0.000143301 0
0.000149624 0
0.000156225 0
0.000163117 0
0.000170314 0
0.000177828 0
0.000185674 0
0.000193865 0
0.000202418 0
0.000211349 0
0.000220673 0
0.000230409 0
0.000240575 0
0.000251189 0
0.000262271 0
0.000273842 0
0.000285924 0
0.000298538 0
0.000311709 0
0.000325462 0
0.000339821 0
0.000354813 0
0.000370467 0
0.000386812 0
0.000403878 0
0.000421697 0
0.000440301 0
0.000459727 0
0.00048001 0
0.000501187 0
0.000523299 0
0.000546387 0
0.000570493 0
0.000595662 0
0.000621942 0
0.000649382 0
0.000678032 0
0.000707946 0
0.00073918 0
0.000771792 0
0.000805842 0
0.000841395 0
0.000878517 0
0.000917276 0
0.000957745 0
0.001 0
0.00104412 0
0.00109018 0
0.00113828 0
0.0011885 0
0.00124094 0
0.00129569 0
0.00135285 0
0.00141254 0
0.00147486 0
0.00153993 0
0.00160787 0
0.0016788 0
0.00175287 0
0.00183021 0
0.00191095 0
0.00199526 0
0.00208329 0
0.0021752 0
0.00227117 0
0.00237137 0
0.002476 0
0.00258523 0
0.00269929 0
0.00281838 0
0.00294273 0
0.00307256 0
0.00320812 0
0.00334965 0
0.00349744 0
0.00365174 0
0.00381285 0
0.00398107 0
0.00415671 0
0.0043401 0
0.00453158 0
0.00473151 0
0.00494026 0
0.00515822 0
0.0053858 0
0.00562341 0
0.00587151 0
0.00613056 0
0.00640103 0
0.00668344 0
0.00697831 0
0.00728618 0
0.00760764 0
0.00794328 0
0.00829373 0
0.00865964 0
0.0090417 0
0.00944061 0
0.00985712 0
0.010292 0
0.0107461 0
0.0112202 0
0.0117152 0
0.0122321 0
0.0127717 0
0.0133352 0
0.0139236 0
0.0145378 0
0.0151792 0
0.0158489 0
0.0165482 0
0.0172783 0
0.0180406 0
0.0188365 0
0.0196675 0
0.0205353 90.9042
0.0214412 0
0.0223872 0
0.0233749 0
0.0244062 0
0.025483 0
0.0266073 0
0.0277811 0
0.0290068 0
0.0302866 0
0.0316228 0
0.0330179 93.7637
0.0344747 0
0.0359956 0
0.0375837 0
0.0392419 0
0.0409732 0
0.0427809 0
0.0446684 87.3328
0.0466391 0
0.0486968 0
0.0508452 0
0.0530884 0
0.0554307 0
0.0578762 35.7362
0.0604296 0
0.0630957 0
0.0658795 0
0.068786 0
0.0718208 89.0144
0.0749894 0
0.0782979 0
0.0817523 0
0.0853591 47.3074
0.0891251 0
0.0930572 189.328
0.0971628 0
0.10145 0
0.105925 0
0.110599 0
0.115478 0
0.120573 0
0.125893 0
0.131447 0
0.137246 0
0.143301 105.381
0.149624 0
0.156225 0
0.163117 133.702
0.170314 0
0.177828 0
0.185674 113.128
0.193865 0
0.202418 0
0.211349 0
0.220673 90.9052
0.230409 0
0.240575 209.87
0.251189 60.6903
0.262271 0
0.273842 0
0.285924 86.1514
0.298538 54.768
0.311709 214.977
0.325462 21.7128
0.339821 167.376
0.354813 259.85
0.370467 153.618
0.386812 85.2486
0.403878 0
0.421697 93.9659
0.440301 106.473
0.459727 173.018
0.48001 0
0.501187 98.1266
0.523299 55.1306
0.546387 409.312
0.570493 366.757
0.595662 233.317
0.621942 348.056
0.649382 439.153
0.678032 352.167
0.707946 155.812
0.73918 179.307
0.771792 130.653
0.805842 28.8003
0.841395 84.0536
0.878517 119.229
0.917276 214.415
0.957745 375.467
1 206.523
1.04412 207.158
1.09018 83.7817
1.13828 502.66
1.1885 57.6109
1.24094 257.511
1.29569 505.489
1.35285 252.142
1.41254 244.918
1.47486 67.3422
1.53993 168.905
1.60787 131.556
1.6788 197.144
1.75287 97.3522
1.83021 470.528
1.91095 54.5276
1.99526 391.616
2.08329 232.142
2.1752 186.128
2.27117 94.5232
2.37137 95.1578
2.476 345.6
2.58523 181.573
2.69929 176.034
2.81838 39.4875
2.94273 213.755
3.07256 96.7405
3.20812 111.551
3.34965 99.5775
3.49744 0
3.65174 79.9765
3.81285 158.919
3.98107 0
4.15671 68.9579
4.3401 284.017
4.53158 141.725
4.73151 0
4.94026 100.53
5.15822 86.7765
5.3858 268.117
5.62341 166.052
5.87151 368.384
6.13056 0
6.40103 265.138
6.68344 0
6.97831 174.801
7.28618 176.591
7.60764 229.819
7.94328 91.5643
8.29373 72.0851
8.65964 0
9.0417 163.715
9.44061 0
9.85712 232.663
10.292 109.318
10.7461 173.468
11.2202 0
11.7152 0
12.2321 299.561
12.7717 209.043
13.3352 234.42
13.9236 260.137
14.5378 99.8184
15.1792 0
15.8489 136.629
16.5482 200.093
17.2783 111.64
18.0406 27.0849
18.8365 0
19.6675 282.484
20.5353 0
21.4412 324.382
22.3872 311.616
23.3749 0
24.4062 98.2258
25.483 321.489
26.6073 254.735
27.7811 238.594
29.0068 101.986
30.2866 374.565
31.6228 269.632
33.0179 88.4531
34.4747 317.938
35.9956 94.374
37.5837 168.813
39.2419 551.798
40.9732 150.659
42.7809 278.44
44.6684 0
46.6391 0
48.6968 113.771
50.8452 217.71
53.0884 190.304
55.4307 245.978
57.8762 284.469
60.4296 265.549
63.0957 577.484
65.8795 686.461
68.786 444.414
71.8208 164.529
74.9894 88.7746
78.2979 454.376
81.7523 471.794
85.3591 776.212
89.1251 273.518
93.0572 325.945
97.1628 568.083
101.45 1058.37
105.925 254.272
110.599 314.392
115.478 221.138
120.573 240.245
125.893 513.775
131.447 477.853
137.246 117.194
143.301 513.838
149.624 378.585
156.225 612.519
163.117 433.461
170.314 417.215
177.828 907.362
185.674 67.9645
193.865 821.245
202.418 329.969
211.349 519.611
220.673 447.267
230.409 605.744
240.575 438.738
251.189 541.594
262.271 179.467
273.842 142.569
285.924 497.369
298.538 305.265
311.709 59.8533
325.462 178.062
339.821 0
354.813 323.37
370.467 0
386.812 118.179
403.878 37.6907
421.697 59.9434
440.301 161.569
459.727 91.7802
480.01 0
501.187 0
523.299 0
546.387 0
570.493 0
595.662 0
621.942 0
649.382 0
678.032 0
707.946 0
739.18 0
771.792 0
805.842 0
841.395 0
878.517 0
917.276 0
957.745 0
1000 0
