# First line is two numbers 
#     First value is '2', it means 'histogram mode'
#     Second value is 'Emin' of the histogram
# Other lines : 2 columns. 1) energy 2) probability (nb divided by NbEvent)
# Number of bins = 480
# Content below the first bin: 0
# Content above the last  bin: 0
# Content above the last  bin: 0
# Number of events: 209000
2 1e-06
1.04412e-06 0
1.09018e-06 0
1.13828e-06 0
1.1885e-06 0
1.24094e-06 0
1.29569e-06 0
1.35285e-06 0
1.41254e-06 0
1.47486e-06 0
1.53993e-06 0
1.60787e-06 0
1.6788e-06 0
1.75287e-06 0
1.83021e-06 0
1.91095e-06 0
1.99526e-06 0
2.08329e-06 0
2.1752e-06 0
2.27117e-06 0
2.37137e-06 0
2.476e-06 0
2.58523e-06 0
2.69929e-06 0
2.81838e-06 0
2.94273e-06 0
3.07256e-06 0
3.20812e-06 0
3.34965e-06 0
3.49744e-06 0
3.65174e-06 0
3.81285e-06 0
3.98107e-06 0
4.15671e-06 0
4.3401e-06 0
4.53158e-06 0
4.73151e-06 0
4.94026e-06 0
5.15822e-06 0
5.3858e-06 0
5.62341e-06 0
5.87151e-06 0
6.13056e-06 0
6.40103e-06 0
6.68344e-06 0
6.97831e-06 0
7.28618e-06 0
7.60764e-06 0
7.94328e-06 0
8.29373e-06 0
8.65964e-06 0
9.0417e-06 0
9.44061e-06 0
9.85712e-06 0
1.0292e-05 0
1.07461e-05 0
1.12202e-05 0
1.17152e-05 0
1.22321e-05 0
1.27717e-05 0
1.33352e-05 0
1.39236e-05 0
1.45378e-05 0
1.51792e-05 0
1.58489e-05 0
1.65482e-05 0
1.72783e-05 0
1.80406e-05 0
1.88365e-05 0
1.96675e-05 0
2.05353e-05 0
2.14412e-05 0
2.23872e-05 0
2.33749e-05 0
2.44062e-05 0
2.5483e-05 0
2.66073e-05 0
2.77811e-05 0
2.90068e-05 0
3.02866e-05 0
3.16228e-05 0
3.30179e-05 0
3.44747e-05 0
3.59956e-05 0
3.75837e-05 0
3.92419e-05 0
4.09732e-05 0
4.27809e-05 0
4.46684e-05 0
4.66391e-05 0
4.86968e-05 0
5.08452e-05 0
5.30884e-05 0
5.54307e-05 0
5.78762e-05 0
6.04296e-05 0
6.30957e-05 0
6.58795e-05 0
6.8786e-05 0
7.18208e-05 0
7.49894e-05 0
7.82979e-05 0
8.17523e-05 0
8.53591e-05 0
8.91251e-05 0
9.30572e-05 0
9.71628e-05 0
0.00010145 0
0.000105925 0
0.000110599 0
0.000115478 0
0.000120573 0
0.000125893 0
0.000131447 0
0.000137246 0
0.000143301 0
0.000149624 0
0.000156225 0
0.000163117 0
0.000170314 0
0.000177828 0
0.000185674 0
0.000193865 0
0.000202418 0
0.000211349 0
0.000220673 0
0.000230409 0
0.000240575 0
0.000251189 0
0.000262271 0
0.000273842 0
0.000285924 0
0.000298538 0
0.000311709 0
0.000325462 0
0.000339821 0
0.000354813 0
0.000370467 0
0.000386812 0
0.000403878 0
0.000421697 0
0.000440301 0
0.000459727 0
0.00048001 0
0.000501187 0
0.000523299 0
0.000546387 0
0.000570493 0
0.000595662 0
0.000621942 0
0.000649382 0
0.000678032 0
0.000707946 0
0.00073918 0
0.000771792 0
0.000805842 0
0.000841395 0
0.000878517 0
0.000917276 0
0.000957745 0
0.001 0
0.00104412 0
0.00109018 0
0.00113828 0
0.0011885 0
0.00124094 0
0.00129569 0
0.00135285 0
0.00141254 0
0.00147486 0
0.00153993 0
0.00160787 0
0.0016788 0
0.00175287 0
0.00183021 0
0.00191095 0
0.00199526 0
0.00208329 0
0.0021752 0
0.00227117 0
0.00237137 0
0.002476 0
0.00258523 0
0.00269929 0
0.00281838 0
0.00294273 0
0.00307256 0
0.00320812 0
0.00334965 0
0.00349744 0
0.00365174 0
0.00381285 0
0.00398107 0
0.00415671 0
0.0043401 0
0.00453158 0
0.00473151 0
0.00494026 0
0.00515822 0
0.0053858 0
0.00562341 0
0.00587151 0
0.00613056 0
0.00640103 0
0.00668344 0
0.00697831 0
0.00728618 0
0.00760764 0
0.00794328 0
0.00829373 0
0.00865964 0
0.0090417 0
0.00944061 0
0.00985712 0
0.010292 0
0.0107461 0
0.0112202 0
0.0117152 0
0.0122321 0
0.0127717 0
0.0133352 0
0.0139236 0
0.0145378 0
0.0151792 0
0.0158489 0
0.0165482 97.1034
0.0172783 0
0.0180406 187.126
0.0188365 0
0.0196675 0
0.0205353 0
0.0214412 0
0.0223872 0
0.0233749 0
0.0244062 0
0.025483 57.6107
0.0266073 0
0.0277811 0
0.0290068 0
0.0302866 0
0.0316228 0
0.0330179 0
0.0344747 0
0.0359956 0
0.0375837 0
0.0392419 0
0.0409732 0
0.0427809 0
0.0446684 0
0.0466391 0
0.0486968 0
0.0508452 0
0.0530884 0
0.0554307 0
0.0578762 0
0.0604296 0
0.0630957 0
0.0658795 0
0.068786 0
0.0718208 0
0.0749894 78.5109
0.0782979 0
0.0817523 0
0.0853591 0
0.0891251 0
0.0930572 0
0.0971628 44.081
0.10145 0
0.105925 0
0.110599 179.02
0.115478 0
0.120573 0
0.125893 0
0.131447 0
0.137246 0
0.143301 0
0.149624 0
0.156225 0
0.163117 0
0.170314 66.0858
0.177828 121.8
0.185674 51.6545
0.193865 0
0.202418 0
0.211349 0
0.220673 0
0.230409 0
0.240575 180.651
0.251189 0
0.262271 39.2484
0.273842 0
0.285924 0
0.298538 0
0.311709 158.813
0.325462 0
0.339821 0
0.354813 172.109
0.370467 0
0.386812 221.153
0.403878 0
0.421697 202.829
0.440301 0
0.459727 0
0.48001 263.069
0.501187 101.783
0.523299 114.249
0.546387 0
0.570493 0
0.595662 367.369
0.621942 272.194
0.649382 55.4806
0.678032 294.391
0.707946 268.178
0.73918 219.531
0.771792 0
0.805842 72.0392
0.841395 401.511
0.878517 123.277
0.917276 672.322
0.957745 205.185
1 627.609
1.04412 394.758
1.09018 0
1.13828 290.647
1.1885 323.446
1.24094 199.405
1.29569 283.007
1.35285 187.464
1.41254 28.5084
1.47486 70.8474
1.53993 418.226
1.60787 58.7158
1.6788 0
1.75287 229.517
1.83021 38.8885
1.91095 49.7996
1.99526 253.709
2.08329 692.779
2.1752 229.509
2.27117 231.268
2.37137 450.876
2.476 149.359
2.58523 167.555
2.69929 108.854
2.81838 0
2.94273 204.122
3.07256 157.936
3.20812 98.1954
3.34965 175.766
3.49744 89.6881
3.65174 126.893
3.81285 163.155
3.98107 81.1542
4.15671 251.434
4.3401 51.1986
4.53158 235.886
4.73151 373.93
4.94026 72.6758
5.15822 174.537
5.3858 0
5.62341 0
5.87151 233.38
6.13056 113.412
6.40103 201.154
6.68344 0
6.97831 176.306
7.28618 71.108
7.60764 146.11
7.94328 0
8.29373 141.079
8.65964 137.791
9.0417 0
9.44061 135.193
9.85712 56.379
10.292 0
10.7461 0
11.2202 208.798
11.7152 0
12.2321 206.045
12.7717 37.2794
13.3352 0
13.9236 110.033
14.5378 70.4753
15.1792 241.447
15.8489 114.08
16.5482 72.0307
17.2783 88.7785
18.0406 224.597
18.8365 129.238
19.6675 0
20.5353 112.933
21.4412 60.6952
22.3872 237.391
23.3749 104.281
24.4062 89.7301
25.483 0
26.6073 66.2209
27.7811 220.294
29.0068 379.198
30.2866 195.591
31.6228 209.324
33.0179 160.889
34.4747 0
35.9956 191.767
37.5837 231.822
39.2419 28.1074
40.9732 316.683
42.7809 212.53
44.6684 112.921
46.6391 699.811
48.6968 169.304
50.8452 379.222
53.0884 437.92
55.4307 547.857
57.8762 69.5158
60.4296 529.866
63.0957 0
65.8795 419.662
68.786 371.113
71.8208 261.986
74.9894 502.985
78.2979 209.272
81.7523 491.014
85.3591 323.289
89.1251 318.228
93.0572 665.39
97.1628 165.156
101.45 364.446
105.925 607.937
110.599 514.04
115.478 435.911
120.573 377.209
125.893 611.685
131.447 417.745
137.246 494.994
143.301 565.506
149.624 165.535
156.225 398.259
163.117 414.185
170.314 298.141
177.828 397.336
185.674 338.895
193.865 384.791
202.418 506.059
211.349 361.766
220.673 399.557
230.409 685.182
240.575 508.202
251.189 400.343
262.271 202.631
273.842 172.063
285.924 370.378
298.538 272.496
311.709 353.591
325.462 209.323
339.821 202.434
354.813 61.3731
370.467 423.842
386.812 201.32
403.878 274.391
421.697 0
440.301 0
459.727 0
480.01 99.9462
501.187 0
523.299 72.0835
546.387 0
570.493 0
595.662 0
621.942 0
649.382 0
678.032 60.0762
707.946 76.4999
739.18 0
771.792 0
805.842 0
841.395 0
878.517 0
917.276 0
957.745 0
1000 0
