# First line is two numbers 
#     First value is '2', it means 'histogram mode'
#     Second value is 'Emin' of the histogram
# Other lines : 2 columns. 1) energy 2) probability (nb divided by NbEvent)
# Number of bins = 480
# Content below the first bin: 0
# Content above the last  bin: 0
# Content above the last  bin: 0
# Number of events: 209000
2 1e-06
1.04412e-06 0
1.09018e-06 0
1.13828e-06 0
1.1885e-06 0
1.24094e-06 0
1.29569e-06 0
1.35285e-06 0
1.41254e-06 0
1.47486e-06 0
1.53993e-06 0
1.60787e-06 0
1.6788e-06 0
1.75287e-06 0
1.83021e-06 0
1.91095e-06 0
1.99526e-06 0
2.08329e-06 0
2.1752e-06 0
2.27117e-06 0
2.37137e-06 0
2.476e-06 0
2.58523e-06 0
2.69929e-06 0
2.81838e-06 0
2.94273e-06 0
3.07256e-06 0
3.20812e-06 0
3.34965e-06 0
3.49744e-06 0
3.65174e-06 0
3.81285e-06 0
3.98107e-06 0
4.15671e-06 0
4.3401e-06 0
4.53158e-06 0
4.73151e-06 0
4.94026e-06 0
5.15822e-06 0
5.3858e-06 0
5.62341e-06 0
5.87151e-06 0
6.13056e-06 0
6.40103e-06 0
6.68344e-06 0
6.97831e-06 0
7.28618e-06 0
7.60764e-06 0
7.94328e-06 0
8.29373e-06 0
8.65964e-06 0
9.0417e-06 0
9.44061e-06 0
9.85712e-06 0
1.0292e-05 0
1.07461e-05 0
1.12202e-05 0
1.17152e-05 0
1.22321e-05 0
1.27717e-05 0
1.33352e-05 0
1.39236e-05 0
1.45378e-05 0
1.51792e-05 0
1.58489e-05 0
1.65482e-05 0
1.72783e-05 0
1.80406e-05 0
1.88365e-05 0
1.96675e-05 0
2.05353e-05 0
2.14412e-05 0
2.23872e-05 0
2.33749e-05 0
2.44062e-05 0
2.5483e-05 0
2.66073e-05 0
2.77811e-05 0
2.90068e-05 0
3.02866e-05 0
3.16228e-05 0
3.30179e-05 0
3.44747e-05 0
3.59956e-05 0
3.75837e-05 0
3.92419e-05 0
4.09732e-05 0
4.27809e-05 0
4.46684e-05 0
4.66391e-05 0
4.86968e-05 0
5.08452e-05 0
5.30884e-05 0
5.54307e-05 0
5.78762e-05 0
6.04296e-05 0
6.30957e-05 0
6.58795e-05 0
6.8786e-05 0
7.18208e-05 0
7.49894e-05 0
7.82979e-05 0
8.17523e-05 0
8.53591e-05 0
8.91251e-05 0
9.30572e-05 0
9.71628e-05 0
0.00010145 0
0.000105925 0
0.000110599 0
0.000115478 0
0.000120573 0
0.000125893 0
0.000131447 0
0.000137246 0
0.000143301 0
0.000149624 0
0.000156225 0
0.000163117 0
0.000170314 0
0.000177828 0
0.000185674 0
0.000193865 0
0.000202418 0
0.000211349 0
0.000220673 0
0.000230409 0
0.000240575 0
0.000251189 0
0.000262271 0
0.000273842 0
0.000285924 0
0.000298538 0
0.000311709 0
0.000325462 0
0.000339821 0
0.000354813 0
0.000370467 0
0.000386812 0
0.000403878 0
0.000421697 0
0.000440301 0
0.000459727 0
0.00048001 0
0.000501187 0
0.000523299 0
0.000546387 0
0.000570493 0
0.000595662 0
0.000621942 0
0.000649382 0
0.000678032 0
0.000707946 0
0.00073918 0
0.000771792 0
0.000805842 0
0.000841395 0
0.000878517 0
0.000917276 0
0.000957745 0
0.001 0
0.00104412 0
0.00109018 0
0.00113828 0
0.0011885 0
0.00124094 0
0.00129569 0
0.00135285 1
0.00141254 0
0.00147486 0
0.00153993 0
0.00160787 0
0.0016788 0
0.00175287 1
0.00183021 0
0.00191095 0
0.00199526 0
0.00208329 1
0.0021752 1
0.00227117 1
0.00237137 0
0.002476 0
0.00258523 0
0.00269929 0
0.00281838 1
0.00294273 1
0.00307256 1
0.00320812 0
0.00334965 0
0.00349744 1
0.00365174 2
0.00381285 1
0.00398107 0
0.00415671 1
0.0043401 1
0.00453158 1
0.00473151 1
0.00494026 1
0.00515822 0
0.0053858 0
0.00562341 0
0.00587151 0
0.00613056 0
0.00640103 1
0.00668344 0
0.00697831 2
0.00728618 1
0.00760764 2
0.00794328 1
0.00829373 1
0.00865964 5
0.0090417 5
0.00944061 6
0.00985712 2
0.010292 1
0.0107461 5
0.0112202 6
0.0117152 5
0.0122321 9
0.0127717 3
0.0133352 5
0.0139236 6
0.0145378 7
0.0151792 14
0.0158489 8
0.0165482 8
0.0172783 5
0.0180406 12
0.0188365 5
0.0196675 11
0.0205353 13
0.0214412 7
0.0223872 11
0.0233749 10
0.0244062 6
0.025483 15
0.0266073 11
0.0277811 19
0.0290068 14
0.0302866 14
0.0316228 38
0.0330179 21
0.0344747 12
0.0359956 37
0.0375837 37
0.0392419 35
0.0409732 33
0.0427809 24
0.0446684 54
0.0466391 41
0.0486968 39
0.0508452 43
0.0530884 48
0.0554307 47
0.0578762 42
0.0604296 45
0.0630957 56
0.0658795 50
0.068786 66
0.0718208 50
0.0749894 66
0.0782979 72
0.0817523 52
0.0853591 61
0.0891251 62
0.0930572 84
0.0971628 66
0.10145 67
0.105925 97
0.110599 88
0.115478 84
0.120573 106
0.125893 88
0.131447 93
0.137246 84
0.143301 107
0.149624 102
0.156225 103
0.163117 119
0.170314 103
0.177828 117
0.185674 114
0.193865 122
0.202418 108
0.211349 115
0.220673 118
0.230409 118
0.240575 114
0.251189 128
0.262271 123
0.273842 125
0.285924 111
0.298538 131
0.311709 135
0.325462 135
0.339821 117
0.354813 118
0.370467 119
0.386812 121
0.403878 133
0.421697 124
0.440301 130
0.459727 131
0.48001 126
0.501187 146
0.523299 136
0.546387 141
0.570493 128
0.595662 146
0.621942 129
0.649382 134
0.678032 131
0.707946 109
0.73918 122
0.771792 123
0.805842 103
0.841395 101
0.878517 104
0.917276 99
0.957745 103
1 95
1.04412 79
1.09018 74
1.13828 70
1.1885 55
1.24094 58
1.29569 74
1.35285 61
1.41254 75
1.47486 54
1.53993 32
1.60787 43
1.6788 35
1.75287 40
1.83021 39
1.91095 32
1.99526 40
2.08329 26
2.1752 32
2.27117 39
2.37137 42
2.476 37
2.58523 36
2.69929 37
2.81838 28
2.94273 25
3.07256 34
3.20812 31
3.34965 24
3.49744 23
3.65174 40
3.81285 22
3.98107 29
4.15671 21
4.3401 21
4.53158 18
4.73151 25
4.94026 14
5.15822 29
5.3858 24
5.62341 15
5.87151 21
6.13056 17
6.40103 18
6.68344 18
6.97831 17
7.28618 12
7.60764 16
7.94328 14
8.29373 11
8.65964 19
9.0417 13
9.44061 15
9.85712 13
10.292 9
10.7461 8
11.2202 17
11.7152 14
12.2321 15
12.7717 6
13.3352 13
13.9236 13
14.5378 19
15.1792 13
15.8489 8
16.5482 14
17.2783 19
18.0406 10
18.8365 7
19.6675 7
20.5353 16
21.4412 18
22.3872 9
23.3749 14
24.4062 17
25.483 18
26.6073 14
27.7811 10
29.0068 10
30.2866 16
31.6228 18
33.0179 16
34.4747 17
35.9956 15
37.5837 14
39.2419 17
40.9732 12
42.7809 22
44.6684 14
46.6391 17
48.6968 21
50.8452 15
53.0884 10
55.4307 16
57.8762 17
60.4296 16
63.0957 19
65.8795 21
68.786 16
71.8208 14
74.9894 28
78.2979 18
81.7523 27
85.3591 24
89.1251 24
93.0572 20
97.1628 25
101.45 30
105.925 19
110.599 21
115.478 24
120.573 31
125.893 21
131.447 26
137.246 23
143.301 22
149.624 22
156.225 23
163.117 19
170.314 20
177.828 30
185.674 22
193.865 25
202.418 26
211.349 17
220.673 22
230.409 17
240.575 13
251.189 12
262.271 15
273.842 16
285.924 17
298.538 16
311.709 16
325.462 18
339.821 16
354.813 8
370.467 10
386.812 9
403.878 6
421.697 3
440.301 7
459.727 3
480.01 7
501.187 4
523.299 4
546.387 2
570.493 2
595.662 0
621.942 3
649.382 0
678.032 1
707.946 0
739.18 2
771.792 0
805.842 0
841.395 1
878.517 0
917.276 0
957.745 0
1000 0
