# First line is two numbers 
#     First value is '2', it means 'histogram mode'
#     Second value is 'Emin' of the histogram
# Other lines : 2 columns. 1) energy 2) probability (nb divided by NbEvent)
# Number of bins = 480
# Content below the first bin: 0
# Content above the last  bin: 0
# Content above the last  bin: 0
# Number of events: 209000
2 1e-06
1.04412e-06 0
1.09018e-06 0
1.13828e-06 0
1.1885e-06 0
1.24094e-06 0
1.29569e-06 0
1.35285e-06 0
1.41254e-06 0
1.47486e-06 0
1.53993e-06 0
1.60787e-06 0
1.6788e-06 0
1.75287e-06 0
1.83021e-06 0
1.91095e-06 0
1.99526e-06 0
2.08329e-06 0
2.1752e-06 0
2.27117e-06 0
2.37137e-06 0
2.476e-06 0
2.58523e-06 0
2.69929e-06 0
2.81838e-06 0
2.94273e-06 0
3.07256e-06 0
3.20812e-06 0
3.34965e-06 0
3.49744e-06 0
3.65174e-06 0
3.81285e-06 0
3.98107e-06 0
4.15671e-06 0
4.3401e-06 0
4.53158e-06 0
4.73151e-06 0
4.94026e-06 0
5.15822e-06 0
5.3858e-06 0
5.62341e-06 0
5.87151e-06 0
6.13056e-06 0
6.40103e-06 0
6.68344e-06 0
6.97831e-06 0
7.28618e-06 0
7.60764e-06 0
7.94328e-06 0
8.29373e-06 0
8.65964e-06 0
9.0417e-06 0
9.44061e-06 0
9.85712e-06 0
1.0292e-05 0
1.07461e-05 0
1.12202e-05 0
1.17152e-05 0
1.22321e-05 0
1.27717e-05 0
1.33352e-05 0
1.39236e-05 0
1.45378e-05 0
1.51792e-05 0
1.58489e-05 0
1.65482e-05 0
1.72783e-05 0
1.80406e-05 0
1.88365e-05 0
1.96675e-05 0
2.05353e-05 0
2.14412e-05 0
2.23872e-05 0
2.33749e-05 0
2.44062e-05 0
2.5483e-05 0
2.66073e-05 0
2.77811e-05 0
2.90068e-05 0
3.02866e-05 0
3.16228e-05 0
3.30179e-05 0
3.44747e-05 0
3.59956e-05 0
3.75837e-05 0
3.92419e-05 0
4.09732e-05 0
4.27809e-05 0
4.46684e-05 0
4.66391e-05 0
4.86968e-05 0
5.08452e-05 0
5.30884e-05 0
5.54307e-05 0
5.78762e-05 0
6.04296e-05 0
6.30957e-05 0
6.58795e-05 0
6.8786e-05 0
7.18208e-05 0
7.49894e-05 0
7.82979e-05 0
8.17523e-05 0
8.53591e-05 0
8.91251e-05 0
9.30572e-05 0
9.71628e-05 0
0.00010145 0
0.000105925 0
0.000110599 0
0.000115478 0
0.000120573 0
0.000125893 0
0.000131447 101.595
0.000137246 0
0.000143301 0
0.000149624 0
0.000156225 0
0.000163117 0
0.000170314 0
0.000177828 0
0.000185674 0
0.000193865 0
0.000202418 0
0.000211349 0
0.000220673 0
0.000230409 0
0.000240575 0
0.000251189 0
0.000262271 0
0.000273842 0
0.000285924 0
0.000298538 0
0.000311709 0
0.000325462 0
0.000339821 0
0.000354813 0
0.000370467 0
0.000386812 0
0.000403878 0
0.000421697 0
0.000440301 0
0.000459727 93.6144
0.00048001 0
0.000501187 0
0.000523299 0
0.000546387 0
0.000570493 0
0.000595662 0
0.000621942 0
0.000649382 0
0.000678032 0
0.000707946 0
0.00073918 0
0.000771792 0
0.000805842 0
0.000841395 0
0.000878517 0
0.000917276 0
0.000957745 0
0.001 0
0.00104412 0
0.00109018 0
0.00113828 0
0.0011885 0
0.00124094 0
0.00129569 0
0.00135285 83.6562
0.00141254 0
0.00147486 0
0.00153993 0
0.00160787 97.7353
0.0016788 0
0.00175287 0
0.00183021 91.7914
0.00191095 0
0.00199526 0
0.00208329 111.527
0.0021752 0
0.00227117 89.2381
0.00237137 0
0.002476 0
0.00258523 44.8463
0.00269929 0
0.00281838 0
0.00294273 0
0.00307256 0
0.00320812 89.5154
0.00334965 29.4084
0.00349744 102.483
0.00365174 0
0.00381285 54.2625
0.00398107 72.2267
0.00415671 88.7328
0.0043401 0
0.00453158 0
0.00473151 114.048
0.00494026 76.85
0.00515822 103.365
0.0053858 116.437
0.00562341 111.788
0.00587151 97.4647
0.00613056 254.559
0.00640103 58.8758
0.00668344 252.435
0.00697831 0
0.00728618 0
0.00760764 0
0.00794328 275.143
0.00829373 142.211
0.00865964 83.5059
0.0090417 182.727
0.00944061 99.2287
0.00985712 315.571
0.010292 73.7695
0.0107461 387.806
0.0112202 89.1628
0.0117152 112.535
0.0122321 425.914
0.0127717 805.769
0.0133352 557.784
0.0139236 677.925
0.0145378 812.183
0.0151792 168.504
0.0158489 620.106
0.0165482 839.634
0.0172783 1224.02
0.0180406 668.595
0.0188365 823.701
0.0196675 1246.43
0.0205353 1159.13
0.0214412 729.063
0.0223872 869.832
0.0233749 933.64
0.0244062 1259.98
0.025483 899.567
0.0266073 501.532
0.0277811 1720.69
0.0290068 1815.8
0.0302866 1717.39
0.0316228 1719.35
0.0330179 1995.44
0.0344747 1989.94
0.0359956 2010.31
0.0375837 2028.31
0.0392419 2857.85
0.0409732 2208.29
0.0427809 1853.74
0.0446684 2788.12
0.0466391 2851.8
0.0486968 2901.6
0.0508452 2532.07
0.0530884 3773.53
0.0554307 3802.93
0.0578762 4216.56
0.0604296 4571.07
0.0630957 4873.35
0.0658795 3966.23
0.068786 5620.75
0.0718208 5103.9
0.0749894 3322.01
0.0782979 5570.51
0.0817523 6221.83
0.0853591 6159.13
0.0891251 6247.22
0.0930572 5541.51
0.0971628 6358.6
0.10145 6440.85
0.105925 5864.72
0.110599 6964.84
0.115478 7740.86
0.120573 6986.96
0.125893 8786.61
0.131447 8039.21
0.137246 7682.33
0.143301 8843.9
0.149624 9651.88
0.156225 9140.42
0.163117 8692.61
0.170314 8832.51
0.177828 8439.26
0.185674 9226.15
0.193865 9605.61
0.202418 10227.4
0.211349 9561.2
0.220673 9164.11
0.230409 9533.36
0.240575 11663.1
0.251189 11211.9
0.262271 10554.7
0.273842 10675
0.285924 10774.5
0.298538 10598.4
0.311709 11852.7
0.325462 10770.7
0.339821 11605.4
0.354813 11160.2
0.370467 10467.6
0.386812 11319.6
0.403878 9598.02
0.421697 10898.7
0.440301 11495
0.459727 11370.1
0.48001 13025.5
0.501187 9665.89
0.523299 10438.7
0.546387 9693.82
0.570493 9788.72
0.595662 11783.7
0.621942 9694.9
0.649382 10407.8
0.678032 8019.9
0.707946 9388.53
0.73918 10222.1
0.771792 9844.38
0.805842 8671.71
0.841395 6690.92
0.878517 7649.15
0.917276 8401.45
0.957745 6263.41
1 7100.64
1.04412 7274.48
1.09018 7248.18
1.13828 6303.37
1.1885 7052.32
1.24094 4918.98
1.29569 5298.75
1.35285 3643.56
1.41254 3679.61
1.47486 3074.73
1.53993 4283.72
1.60787 4045.55
1.6788 3930.74
1.75287 3271.26
1.83021 3445.22
1.91095 2429.99
1.99526 2947.99
2.08329 2981.08
2.1752 3014.21
2.27117 2630.01
2.37137 2766.02
2.476 3461.39
2.58523 2522.77
2.69929 3322.71
2.81838 2437.73
2.94273 2727.72
3.07256 1956.68
3.20812 2455.62
3.34965 2829.86
3.49744 1817.21
3.65174 1781.21
3.81285 1858.75
3.98107 2788.53
4.15671 1910.34
4.3401 2294.23
4.53158 1621.79
4.73151 1220.12
4.94026 1700.8
5.15822 1328.01
5.3858 1505.57
5.62341 1370.95
5.87151 1295.96
6.13056 1831.34
6.40103 1419.6
6.68344 1188.99
6.97831 1479.76
7.28618 1388.93
7.60764 1056.16
7.94328 1512.01
8.29373 982.144
8.65964 1444.87
9.0417 1015.33
9.44061 798.507
9.85712 875.508
10.292 1129.29
10.7461 952.403
11.2202 662.739
11.7152 836.49
12.2321 510.252
12.7717 1139.03
13.3352 1516.38
13.9236 1418.68
14.5378 1509.23
15.1792 921.804
15.8489 894.674
16.5482 1693.08
17.2783 991.576
18.0406 931.214
18.8365 1100.25
19.6675 832.547
20.5353 1008.95
21.4412 1147.09
22.3872 1318.76
23.3749 655.41
24.4062 1081.03
25.483 910.56
26.6073 1008.39
27.7811 1302.12
29.0068 1580.54
30.2866 1468.98
31.6228 1296.88
33.0179 1114.9
34.4747 1097.83
35.9956 453.738
37.5837 1367.66
39.2419 1061.74
40.9732 1683.36
42.7809 700.835
44.6684 1767.16
46.6391 1567.3
48.6968 1202.84
50.8452 1649.03
53.0884 1075.61
55.4307 1552.14
57.8762 1308.5
60.4296 1789.37
63.0957 1549.58
65.8795 1333.94
68.786 1446.94
71.8208 1438.06
74.9894 2503.78
78.2979 1035.73
81.7523 1994.41
85.3591 1844.03
89.1251 1753.97
93.0572 2140.49
97.1628 1921.55
101.45 1862.31
105.925 1292.92
110.599 2009.21
115.478 1370.09
120.573 2210.09
125.893 1555.99
131.447 2664.95
137.246 2531.19
143.301 2392.07
149.624 1788.33
156.225 1821.25
163.117 1877.57
170.314 2233.61
177.828 1611.51
185.674 1200.82
193.865 1401.31
202.418 1563.74
211.349 1413.54
220.673 1792.33
230.409 1270.48
240.575 901.912
251.189 954.132
262.271 941.337
273.842 940.145
285.924 1236.77
298.538 1831.84
311.709 1649.05
325.462 1196.61
339.821 1056.35
354.813 1215.8
370.467 689.982
386.812 957.499
403.878 792.723
421.697 582.032
440.301 482.544
459.727 570.907
480.01 728.883
501.187 137.617
523.299 541.707
546.387 0
570.493 0
595.662 208.5
621.942 0
649.382 28.5315
678.032 104.303
707.946 0
739.18 100.809
771.792 0
805.842 0
841.395 82.3344
878.517 0
917.276 90.6841
957.745 0
1000 0
