# First line is two numbers 
#     First value is '2', it means 'histogram mode'
#     Second value is 'Emin' of the histogram
# Other lines : 2 columns. 1) energy 2) probability (nb divided by NbEvent)
# Number of bins = 480
# Content below the first bin: 0
# Content above the last  bin: 0
# Content above the last  bin: 0
# Number of events: 209000
2 1e-06
1.04412e-06 0
1.09018e-06 0
1.13828e-06 0
1.1885e-06 0
1.24094e-06 0
1.29569e-06 0
1.35285e-06 0
1.41254e-06 0
1.47486e-06 0
1.53993e-06 0
1.60787e-06 0
1.6788e-06 0
1.75287e-06 0
1.83021e-06 0
1.91095e-06 0
1.99526e-06 0
2.08329e-06 0
2.1752e-06 0
2.27117e-06 0
2.37137e-06 0
2.476e-06 0
2.58523e-06 0
2.69929e-06 0
2.81838e-06 0
2.94273e-06 0
3.07256e-06 0
3.20812e-06 0
3.34965e-06 0
3.49744e-06 0
3.65174e-06 0
3.81285e-06 0
3.98107e-06 0
4.15671e-06 0
4.3401e-06 0
4.53158e-06 0
4.73151e-06 0
4.94026e-06 0
5.15822e-06 0
5.3858e-06 0
5.62341e-06 0
5.87151e-06 0
6.13056e-06 0
6.40103e-06 0
6.68344e-06 0
6.97831e-06 0
7.28618e-06 0
7.60764e-06 0
7.94328e-06 0
8.29373e-06 0
8.65964e-06 0
9.0417e-06 0
9.44061e-06 0
9.85712e-06 0
1.0292e-05 0
1.07461e-05 0
1.12202e-05 0
1.17152e-05 0
1.22321e-05 0
1.27717e-05 0
1.33352e-05 0
1.39236e-05 0
1.45378e-05 0
1.51792e-05 0
1.58489e-05 0
1.65482e-05 0
1.72783e-05 0
1.80406e-05 0
1.88365e-05 0
1.96675e-05 0
2.05353e-05 0
2.14412e-05 0
2.23872e-05 0
2.33749e-05 0
2.44062e-05 0
2.5483e-05 0
2.66073e-05 0
2.77811e-05 0
2.90068e-05 0
3.02866e-05 0
3.16228e-05 0
3.30179e-05 0
3.44747e-05 0
3.59956e-05 0
3.75837e-05 0
3.92419e-05 0
4.09732e-05 0
4.27809e-05 0
4.46684e-05 0
4.66391e-05 0
4.86968e-05 0
5.08452e-05 0
5.30884e-05 0
5.54307e-05 0
5.78762e-05 0
6.04296e-05 0
6.30957e-05 0
6.58795e-05 0
6.8786e-05 0
7.18208e-05 0
7.49894e-05 0
7.82979e-05 0
8.17523e-05 0
8.53591e-05 0
8.91251e-05 0
9.30572e-05 0
9.71628e-05 0
0.00010145 0
0.000105925 0
0.000110599 0
0.000115478 0
0.000120573 0
0.000125893 0
0.000131447 0
0.000137246 0
0.000143301 0
0.000149624 0
0.000156225 0
0.000163117 0
0.000170314 0
0.000177828 0
0.000185674 0
0.000193865 0
0.000202418 0
0.000211349 0
0.000220673 0
0.000230409 0
0.000240575 0
0.000251189 0
0.000262271 0
0.000273842 0
0.000285924 0
0.000298538 0
0.000311709 0
0.000325462 0
0.000339821 0
0.000354813 0
0.000370467 0
0.000386812 0
0.000403878 0
0.000421697 0
0.000440301 0
0.000459727 0
0.00048001 0
0.000501187 0
0.000523299 0
0.000546387 0
0.000570493 0
0.000595662 0
0.000621942 0
0.000649382 0
0.000678032 0
0.000707946 0
0.00073918 0
0.000771792 0
0.000805842 0
0.000841395 0
0.000878517 0
0.000917276 0
0.000957745 0
0.001 0
0.00104412 0
0.00109018 0
0.00113828 0
0.0011885 0
0.00124094 0
0.00129569 0
0.00135285 0
0.00141254 0
0.00147486 0
0.00153993 0
0.00160787 0
0.0016788 75.7884
0.00175287 0
0.00183021 46.9759
0.00191095 0
0.00199526 0
0.00208329 0
0.0021752 0
0.00227117 71.3914
0.00237137 0
0.002476 85.6257
0.00258523 0
0.00269929 98.2058
0.00281838 0
0.00294273 83.394
0.00307256 0
0.00320812 0
0.00334965 0
0.00349744 64.9626
0.00365174 62.5219
0.00381285 72.5811
0.00398107 0
0.00415671 174.591
0.0043401 0
0.00453158 87.195
0.00473151 102.15
0.00494026 83.8258
0.00515822 0
0.0053858 355.933
0.00562341 109.239
0.00587151 182.643
0.00613056 0
0.00640103 0
0.00668344 42.0536
0.00697831 117.643
0.00728618 0
0.00760764 58.6006
0.00794328 338.428
0.00829373 165.956
0.00865964 0
0.0090417 155.721
0.00944061 389.277
0.00985712 377.925
0.010292 0
0.0107461 391.424
0.0112202 102.163
0.0117152 319.106
0.0122321 589.275
0.0127717 502.619
0.0133352 404.694
0.0139236 271.59
0.0145378 338.835
0.0151792 420.74
0.0158489 813.04
0.0165482 700.174
0.0172783 1018.72
0.0180406 374.921
0.0188365 1043.03
0.0196675 949.992
0.0205353 934.365
0.0214412 1743.59
0.0223872 979.412
0.0233749 970.495
0.0244062 1315.55
0.025483 902.014
0.0266073 1565.43
0.0277811 1133.88
0.0290068 1299.09
0.0302866 1982.87
0.0316228 1525.69
0.0330179 2819.67
0.0344747 2004.33
0.0359956 2508.39
0.0375837 2520.02
0.0392419 3343.01
0.0409732 2453.38
0.0427809 1566.59
0.0446684 2484.36
0.0466391 3246.3
0.0486968 2831.58
0.0508452 3776.11
0.0530884 3579.39
0.0554307 3835.74
0.0578762 3387.9
0.0604296 4093.85
0.0630957 3801.73
0.0658795 3756.57
0.068786 4554.47
0.0718208 6558.88
0.0749894 5764.66
0.0782979 5914.74
0.0817523 5607.85
0.0853591 6337.22
0.0891251 5170.78
0.0930572 5571.41
0.0971628 6852.5
0.10145 5893.42
0.105925 6069.89
0.110599 6431.37
0.115478 7070.72
0.120573 8845.53
0.125893 8530.08
0.131447 8096.8
0.137246 7567.39
0.143301 7323.49
0.149624 9436.53
0.156225 8014.09
0.163117 7283.12
0.170314 9405.13
0.177828 8774.77
0.185674 10298.5
0.193865 8374.1
0.202418 7983.81
0.211349 10461.4
0.220673 10210.1
0.230409 9104.33
0.240575 10658.4
0.251189 11050.3
0.262271 10035.3
0.273842 12975.2
0.285924 10157.6
0.298538 13029
0.311709 10530.9
0.325462 11187.6
0.339821 10029.8
0.354813 11506.6
0.370467 11523.6
0.386812 10822.6
0.403878 11941.5
0.421697 10753.7
0.440301 11388.3
0.459727 10259.4
0.48001 10808.6
0.501187 9916.76
0.523299 10215.7
0.546387 10363.8
0.570493 11910.7
0.595662 10542.4
0.621942 10129.7
0.649382 9314.48
0.678032 11097.5
0.707946 8573.17
0.73918 8576.39
0.771792 10633.5
0.805842 10257.7
0.841395 6889.38
0.878517 7983.37
0.917276 10188.4
0.957745 7940.7
1 8272.76
1.04412 7237.11
1.09018 7269.33
1.13828 5307.35
1.1885 5865.29
1.24094 4936.32
1.29569 5383.91
1.35285 4799.5
1.41254 5809.42
1.47486 3861.86
1.53993 3189.21
1.60787 3383.94
1.6788 3966.02
1.75287 2984.17
1.83021 3423.29
1.91095 3618.63
1.99526 3850.56
2.08329 3675
2.1752 2433.69
2.27117 2735.12
2.37137 2730.92
2.476 2477.65
2.58523 2941.38
2.69929 2998.44
2.81838 2462.5
2.94273 1982.01
3.07256 3092.88
3.20812 2312.9
3.34965 2385.07
3.49744 1998.81
3.65174 2848.39
3.81285 2344.94
3.98107 2279.5
4.15671 2130.28
4.3401 1938.42
4.53158 1585.1
4.73151 1673.67
4.94026 2030.72
5.15822 1942.69
5.3858 1788.65
5.62341 1413.9
5.87151 2340.07
6.13056 1060.9
6.40103 1379.77
6.68344 1402.8
6.97831 869.111
7.28618 1720.52
7.60764 1322.67
7.94328 1868.48
8.29373 1353.89
8.65964 1183.91
9.0417 723.921
9.44061 1311.62
9.85712 1134.4
10.292 987.307
10.7461 1124.28
11.2202 1051.11
11.7152 510.771
12.2321 939.069
12.7717 707.825
13.3352 934.146
13.9236 1279.61
14.5378 1564.15
15.1792 663.648
15.8489 755.53
16.5482 1059.11
17.2783 832.645
18.0406 688.018
18.8365 854.591
19.6675 1035.42
20.5353 1051.81
21.4412 1189.84
22.3872 1003.72
23.3749 1612.64
24.4062 1537.89
25.483 1302.89
26.6073 432.282
27.7811 1160.2
29.0068 916.299
30.2866 1517.22
31.6228 1543.69
33.0179 1246
34.4747 1714.96
35.9956 1413.43
37.5837 1504.22
39.2419 1124.45
40.9732 1314.52
42.7809 1149.89
44.6684 1498.33
46.6391 1070.13
48.6968 1857
50.8452 1730.49
53.0884 2059.61
55.4307 1861.75
57.8762 1842.85
60.4296 1413.75
63.0957 1795.43
65.8795 1976.85
68.786 1905.2
71.8208 1808.13
74.9894 1871.41
78.2979 2283.2
81.7523 2439.22
85.3591 2150.53
89.1251 1579.08
93.0572 1750.3
97.1628 1603.22
101.45 1463.86
105.925 2494.73
110.599 1809.7
115.478 1453
120.573 1884.76
125.893 1849.72
131.447 1997.76
137.246 1868.25
143.301 879.514
149.624 2352.36
156.225 1992.79
163.117 2055.36
170.314 1820.21
177.828 1138.4
185.674 1426.82
193.865 2416.56
202.418 1889
211.349 1522.67
220.673 1355.6
230.409 1244.65
240.575 1076.99
251.189 1208.89
262.271 898.596
273.842 696.092
285.924 1223.02
298.538 1225.07
311.709 1333.58
325.462 883.083
339.821 1150.23
354.813 1083.46
370.467 807.445
386.812 788.718
403.878 815.703
421.697 586.063
440.301 488.391
459.727 257.278
480.01 391.532
501.187 184.333
523.299 279.988
546.387 266.508
570.493 157.243
595.662 90.2962
621.942 77.1556
649.382 118.591
678.032 125.578
707.946 0
739.18 0
771.792 91.0751
805.842 0
841.395 77.4195
878.517 0
917.276 117.85
957.745 0
1000 0
