# First line is two numbers 
#     First value is '2', it means 'histogram mode'
#     Second value is 'Emin' of the histogram
# Other lines : 2 columns. 1) energy 2) probability (nb divided by NbEvent)
# Number of bins = 480
# Content below the first bin: 0
# Content above the last  bin: 0
# Content above the last  bin: 0
# Number of events: 209000
2 1e-06
1.04412e-06 0
1.09018e-06 0
1.13828e-06 0
1.1885e-06 0
1.24094e-06 0
1.29569e-06 0
1.35285e-06 0
1.41254e-06 0
1.47486e-06 0
1.53993e-06 0
1.60787e-06 0
1.6788e-06 0
1.75287e-06 0
1.83021e-06 0
1.91095e-06 0
1.99526e-06 0
2.08329e-06 0
2.1752e-06 0
2.27117e-06 0
2.37137e-06 0
2.476e-06 0
2.58523e-06 0
2.69929e-06 0
2.81838e-06 0
2.94273e-06 0
3.07256e-06 0
3.20812e-06 0
3.34965e-06 0
3.49744e-06 0
3.65174e-06 0
3.81285e-06 0
3.98107e-06 0
4.15671e-06 0
4.3401e-06 0
4.53158e-06 0
4.73151e-06 0
4.94026e-06 0
5.15822e-06 0
5.3858e-06 0
5.62341e-06 0
5.87151e-06 0
6.13056e-06 0
6.40103e-06 0
6.68344e-06 0
6.97831e-06 0
7.28618e-06 0
7.60764e-06 0
7.94328e-06 0
8.29373e-06 0
8.65964e-06 0
9.0417e-06 0
9.44061e-06 0
9.85712e-06 0
1.0292e-05 0
1.07461e-05 0
1.12202e-05 0
1.17152e-05 0
1.22321e-05 0
1.27717e-05 0
1.33352e-05 0
1.39236e-05 0
1.45378e-05 0
1.51792e-05 0
1.58489e-05 0
1.65482e-05 0
1.72783e-05 0
1.80406e-05 0
1.88365e-05 0
1.96675e-05 0
2.05353e-05 0
2.14412e-05 0
2.23872e-05 0
2.33749e-05 0
2.44062e-05 0
2.5483e-05 0
2.66073e-05 0
2.77811e-05 0
2.90068e-05 0
3.02866e-05 0
3.16228e-05 0
3.30179e-05 0
3.44747e-05 0
3.59956e-05 0
3.75837e-05 0
3.92419e-05 0
4.09732e-05 0
4.27809e-05 0
4.46684e-05 0
4.66391e-05 0
4.86968e-05 0
5.08452e-05 0
5.30884e-05 0
5.54307e-05 0
5.78762e-05 0
6.04296e-05 0
6.30957e-05 0
6.58795e-05 0
6.8786e-05 0
7.18208e-05 0
7.49894e-05 0
7.82979e-05 0
8.17523e-05 0
8.53591e-05 0
8.91251e-05 0
9.30572e-05 0
9.71628e-05 0
0.00010145 0
0.000105925 0
0.000110599 0
0.000115478 0
0.000120573 0
0.000125893 0
0.000131447 0
0.000137246 0
0.000143301 0
0.000149624 0
0.000156225 0
0.000163117 0
0.000170314 0
0.000177828 0
0.000185674 0
0.000193865 0
0.000202418 0
0.000211349 0
0.000220673 0
0.000230409 0
0.000240575 0
0.000251189 0
0.000262271 0
0.000273842 0
0.000285924 0
0.000298538 0
0.000311709 0
0.000325462 0
0.000339821 0
0.000354813 0
0.000370467 0
0.000386812 0
0.000403878 0
0.000421697 0
0.000440301 0
0.000459727 0
0.00048001 0
0.000501187 0
0.000523299 0
0.000546387 0
0.000570493 0
0.000595662 0
0.000621942 0
0.000649382 0
0.000678032 0
0.000707946 0
0.00073918 0
0.000771792 0
0.000805842 0
0.000841395 0
0.000878517 0
0.000917276 0
0.000957745 0
0.001 0
0.00104412 0
0.00109018 0
0.00113828 0
0.0011885 0
0.00124094 0
0.00129569 0
0.00135285 9.47944
0.00141254 0
0.00147486 0
0.00153993 0
0.00160787 0
0.0016788 0
0.00175287 0
0.00183021 0
0.00191095 0
0.00199526 0
0.00208329 0
0.0021752 0
0.00227117 76.4368
0.00237137 50.3712
0.002476 0
0.00258523 0
0.00269929 0
0.00281838 0
0.00294273 0
0.00307256 171.186
0.00320812 0
0.00334965 0
0.00349744 59.6456
0.00365174 0
0.00381285 92.1315
0.00398107 0
0.00415671 116.87
0.0043401 0
0.00453158 0
0.00473151 0
0.00494026 0
0.00515822 0
0.0053858 0
0.00562341 0
0.00587151 15.1703
0.00613056 89.9662
0.00640103 0
0.00668344 0
0.00697831 38.645
0.00728618 0
0.00760764 0
0.00794328 187.82
0.00829373 0
0.00865964 0
0.0090417 267.116
0.00944061 124.061
0.00985712 0
0.010292 0
0.0107461 0
0.0112202 64.8998
0.0117152 96.6189
0.0122321 371.45
0.0127717 107.578
0.0133352 148.837
0.0139236 212.65
0.0145378 173.902
0.0151792 199.338
0.0158489 222.352
0.0165482 50.8608
0.0172783 327.01
0.0180406 95.4139
0.0188365 223.123
0.0196675 377.436
0.0205353 431.497
0.0214412 456.779
0.0223872 164.137
0.0233749 319.294
0.0244062 136.002
0.025483 614.87
0.0266073 497.918
0.0277811 808.083
0.0290068 599.112
0.0302866 236.605
0.0316228 395.501
0.0330179 822.649
0.0344747 602.785
0.0359956 1186.23
0.0375837 695.234
0.0392419 791.774
0.0409732 806.419
0.0427809 980.629
0.0446684 575.714
0.0466391 1206.37
0.0486968 729.987
0.0508452 1049.12
0.0530884 741.199
0.0554307 1011.03
0.0578762 843.597
0.0604296 1430.53
0.0630957 1085.13
0.0658795 1187.7
0.068786 1943.01
0.0718208 1931.44
0.0749894 996.235
0.0782979 1538.61
0.0817523 1888.64
0.0853591 1418.26
0.0891251 1666.44
0.0930572 1649.57
0.0971628 2391.91
0.10145 1967.66
0.105925 2846.09
0.110599 1923.39
0.115478 2110.17
0.120573 2896.14
0.125893 2520.27
0.131447 1817.68
0.137246 1983.78
0.143301 3227.75
0.149624 2840.48
0.156225 3282.79
0.163117 3175.97
0.170314 3278.17
0.177828 3297.44
0.185674 3890.95
0.193865 3703.86
0.202418 2541.74
0.211349 3454.4
0.220673 2440.3
0.230409 3438.36
0.240575 3150.86
0.251189 3027.4
0.262271 3730.57
0.273842 5432.83
0.285924 3538.61
0.298538 4236.92
0.311709 3011.21
0.325462 3668.45
0.339821 3521.08
0.354813 3849.1
0.370467 3362.24
0.386812 3981.68
0.403878 4135
0.421697 3949.89
0.440301 3651.54
0.459727 5102.65
0.48001 3381.51
0.501187 4104.18
0.523299 3746.78
0.546387 4204.08
0.570493 3897.57
0.595662 3453.35
0.621942 5506.58
0.649382 4609.75
0.678032 4147.85
0.707946 4104.49
0.73918 4376.24
0.771792 3190.31
0.805842 3088.16
0.841395 4605.75
0.878517 2937.42
0.917276 4154.79
0.957745 2030.98
1 2244.69
1.04412 2002.09
1.09018 2656.44
1.13828 2539.25
1.1885 2378.62
1.24094 2810.15
1.29569 1925.19
1.35285 2518.17
1.41254 1815.18
1.47486 1373.94
1.53993 1778.92
1.60787 1098.08
1.6788 1328.05
1.75287 870.776
1.83021 1426.94
1.91095 1493.62
1.99526 896.966
2.08329 994.867
2.1752 1494.34
2.27117 1405.04
2.37137 689.994
2.476 1339.17
2.58523 1231.69
2.69929 1698.04
2.81838 1127.33
2.94273 853.149
3.07256 746.154
3.20812 1180.97
3.34965 824.644
3.49744 747.895
3.65174 940.835
3.81285 1442.87
3.98107 1353.36
4.15671 580.755
4.3401 723.134
4.53158 580.43
4.73151 664.344
4.94026 761.706
5.15822 250.129
5.3858 1080.71
5.62341 727.443
5.87151 820.498
6.13056 698.437
6.40103 445.726
6.68344 469.081
6.97831 684.759
7.28618 671.536
7.60764 482.786
7.94328 474.173
8.29373 619.809
8.65964 274.213
9.0417 604.536
9.44061 897.196
9.85712 319.469
10.292 420.674
10.7461 137.495
11.2202 202.268
11.7152 432.378
12.2321 590.749
12.7717 488.819
13.3352 124.24
13.9236 379.531
14.5378 77.5273
15.1792 51.1924
15.8489 139.575
16.5482 172.814
17.2783 288.899
18.0406 441.796
18.8365 222.219
19.6675 584.996
20.5353 495.593
21.4412 614.371
22.3872 376.881
23.3749 686.608
24.4062 758.171
25.483 696.964
26.6073 656.905
27.7811 349.508
29.0068 466.515
30.2866 201.252
31.6228 382.725
33.0179 623.746
34.4747 467.055
35.9956 731.575
37.5837 245.809
39.2419 692.939
40.9732 82.2551
42.7809 588.132
44.6684 688.041
46.6391 499.103
48.6968 623.642
50.8452 615.188
53.0884 568.8
55.4307 873.321
57.8762 639.939
60.4296 353.299
63.0957 763.349
65.8795 706.884
68.786 628.373
71.8208 524.222
74.9894 213.869
78.2979 265.57
81.7523 939.822
85.3591 413.04
89.1251 540.471
93.0572 506.441
97.1628 378.717
101.45 704.688
105.925 394.099
110.599 513.341
115.478 461.877
120.573 690.16
125.893 643.13
131.447 222.239
137.246 474.696
143.301 727.45
149.624 514.968
156.225 192.595
163.117 690.223
170.314 421.513
177.828 385.975
185.674 116.971
193.865 227.652
202.418 405.256
211.349 190.323
220.673 339.369
230.409 0
240.575 638.29
251.189 286.284
262.271 204.963
273.842 307.227
285.924 96.3051
298.538 589.633
311.709 364.868
325.462 171.219
339.821 494.954
354.813 82.9507
370.467 0
386.812 85.6341
403.878 0
421.697 0
440.301 102.988
459.727 0
480.01 0
501.187 0
523.299 0
546.387 0
570.493 0
595.662 0
621.942 0
649.382 0
678.032 0
707.946 0
739.18 0
771.792 0
805.842 0
841.395 0
878.517 0
917.276 0
957.745 0
1000 0
