# First line is two numbers 
#     First value is '2', it means 'histogram mode'
#     Second value is 'Emin' of the histogram
# Other lines : 2 columns. 1) energy 2) probability (nb divided by NbEvent)
# Number of bins = 480
# Content below the first bin: 0
# Content above the last  bin: 70.3675
# Content above the last  bin: 70.3675
# Number of events: 209000
2 1e-06
1.04412e-06 0
1.09018e-06 0
1.13828e-06 0
1.1885e-06 0
1.24094e-06 0
1.29569e-06 0
1.35285e-06 0
1.41254e-06 0
1.47486e-06 0
1.53993e-06 0
1.60787e-06 0
1.6788e-06 0
1.75287e-06 0
1.83021e-06 0
1.91095e-06 0
1.99526e-06 0
2.08329e-06 0
2.1752e-06 0
2.27117e-06 0
2.37137e-06 0
2.476e-06 0
2.58523e-06 0
2.69929e-06 0
2.81838e-06 0
2.94273e-06 0
3.07256e-06 0
3.20812e-06 0
3.34965e-06 0
3.49744e-06 0
3.65174e-06 0
3.81285e-06 0
3.98107e-06 0
4.15671e-06 0
4.3401e-06 0
4.53158e-06 0
4.73151e-06 0
4.94026e-06 0
5.15822e-06 0
5.3858e-06 0
5.62341e-06 0
5.87151e-06 0
6.13056e-06 0
6.40103e-06 0
6.68344e-06 0
6.97831e-06 0
7.28618e-06 0
7.60764e-06 0
7.94328e-06 0
8.29373e-06 0
8.65964e-06 0
9.0417e-06 0
9.44061e-06 0
9.85712e-06 0
1.0292e-05 0
1.07461e-05 0
1.12202e-05 0
1.17152e-05 0
1.22321e-05 0
1.27717e-05 0
1.33352e-05 0
1.39236e-05 0
1.45378e-05 0
1.51792e-05 0
1.58489e-05 0
1.65482e-05 0
1.72783e-05 0
1.80406e-05 0
1.88365e-05 0
1.96675e-05 0
2.05353e-05 0
2.14412e-05 0
2.23872e-05 0
2.33749e-05 0
2.44062e-05 0
2.5483e-05 0
2.66073e-05 0
2.77811e-05 0
2.90068e-05 0
3.02866e-05 0
3.16228e-05 0
3.30179e-05 0
3.44747e-05 0
3.59956e-05 0
3.75837e-05 0
3.92419e-05 0
4.09732e-05 0
4.27809e-05 0
4.46684e-05 0
4.66391e-05 0
4.86968e-05 0
5.08452e-05 0
5.30884e-05 0
5.54307e-05 0
5.78762e-05 0
6.04296e-05 0
6.30957e-05 0
6.58795e-05 0
6.8786e-05 0
7.18208e-05 0
7.49894e-05 0
7.82979e-05 0
8.17523e-05 0
8.53591e-05 0
8.91251e-05 0
9.30572e-05 0
9.71628e-05 0
0.00010145 0
0.000105925 0
0.000110599 0
0.000115478 0
0.000120573 0
0.000125893 0
0.000131447 0
0.000137246 0
0.000143301 0
0.000149624 0
0.000156225 0
0.000163117 0
0.000170314 0
0.000177828 0
0.000185674 0
0.000193865 0
0.000202418 0
0.000211349 0
0.000220673 0
0.000230409 0
0.000240575 0
0.000251189 0
0.000262271 0
0.000273842 0
0.000285924 0
0.000298538 0
0.000311709 0
0.000325462 0
0.000339821 0
0.000354813 0
0.000370467 0
0.000386812 0
0.000403878 0
0.000421697 0
0.000440301 0
0.000459727 0
0.00048001 0
0.000501187 0
0.000523299 0
0.000546387 0
0.000570493 0
0.000595662 0
0.000621942 0
0.000649382 0
0.000678032 46.3421
0.000707946 0
0.00073918 0
0.000771792 0
0.000805842 0
0.000841395 0
0.000878517 0
0.000917276 0
0.000957745 0
0.001 0
0.00104412 0
0.00109018 0
0.00113828 0
0.0011885 0
0.00124094 0
0.00129569 0
0.00135285 0
0.00141254 0
0.00147486 0
0.00153993 0
0.00160787 0
0.0016788 0
0.00175287 0
0.00183021 123.525
0.00191095 0
0.00199526 0
0.00208329 119.971
0.0021752 0
0.00227117 11.6748
0.00237137 0
0.002476 0
0.00258523 0
0.00269929 56.643
0.00281838 0
0.00294273 0
0.00307256 0
0.00320812 86.5531
0.00334965 0
0.00349744 150.273
0.00365174 0
0.00381285 32.3253
0.00398107 0
0.00415671 0
0.0043401 110.401
0.00453158 0
0.00473151 114.441
0.00494026 72.0304
0.00515822 0
0.0053858 0
0.00562341 0
0.00587151 132.265
0.00613056 59.4554
0.00640103 115.648
0.00668344 69.3429
0.00697831 0
0.00728618 127.546
0.00760764 0
0.00794328 0
0.00829373 205.338
0.00865964 125.638
0.0090417 110.008
0.00944061 390.307
0.00985712 216.921
0.010292 91.478
0.0107461 231.821
0.0112202 262.742
0.0117152 492.31
0.0122321 83.9301
0.0127717 213.033
0.0133352 561.645
0.0139236 767.853
0.0145378 111.783
0.0151792 250.569
0.0158489 542.764
0.0165482 780.815
0.0172783 732.366
0.0180406 531.449
0.0188365 519.534
0.0196675 761.645
0.0205353 306.28
0.0214412 1085.15
0.0223872 849.223
0.0233749 521.449
0.0244062 1456.23
0.025483 776.021
0.0266073 1116.44
0.0277811 1566.58
0.0290068 1800.93
0.0302866 1490.98
0.0316228 902.451
0.0330179 2221.24
0.0344747 1348.37
0.0359956 2249.42
0.0375837 1233.16
0.0392419 1733.81
0.0409732 2745.03
0.0427809 2010.17
0.0446684 2493.53
0.0466391 1746.66
0.0486968 2206.91
0.0508452 2974.91
0.0530884 2986.19
0.0554307 2452.17
0.0578762 2869.7
0.0604296 2596.31
0.0630957 3291.03
0.0658795 3260.26
0.068786 2937.31
0.0718208 4487.42
0.0749894 3428.75
0.0782979 3564.75
0.0817523 4787.12
0.0853591 5108.33
0.0891251 6210.72
0.0930572 5024.7
0.0971628 6415.22
0.10145 5216.68
0.105925 5690.71
0.110599 5337.46
0.115478 6821.65
0.120573 7354.56
0.125893 6354.81
0.131447 6798.02
0.137246 7209.91
0.143301 7726.77
0.149624 6981.08
0.156225 7405.02
0.163117 7582.15
0.170314 7475.3
0.177828 8118.23
0.185674 8225.07
0.193865 8953.72
0.202418 10043
0.211349 9013.96
0.220673 10934.7
0.230409 10052.5
0.240575 8814.25
0.251189 7753.88
0.262271 9195.79
0.273842 10159.5
0.285924 8065.27
0.298538 8473.5
0.311709 9842.09
0.325462 8684.14
0.339821 12081.2
0.354813 11185.1
0.370467 11187.9
0.386812 10830.9
0.403878 11846.7
0.421697 10518.5
0.440301 10539.3
0.459727 11591.8
0.48001 13446.5
0.501187 12330.7
0.523299 9876.5
0.546387 11039.2
0.570493 12091
0.595662 12326.9
0.621942 12006.7
0.649382 11419.9
0.678032 11193.6
0.707946 11877.7
0.73918 11840.3
0.771792 12931.7
0.805842 9059.53
0.841395 10035
0.878517 12604.1
0.917276 9428.57
0.957745 8786.37
1 8636.91
1.04412 9116.37
1.09018 7991.05
1.13828 7157.37
1.1885 8238
1.24094 6823.36
1.29569 6397.39
1.35285 6295.85
1.41254 4736.57
1.47486 6577.08
1.53993 5432.03
1.60787 4968.66
1.6788 4094.43
1.75287 4572.25
1.83021 4498.55
1.91095 4968.2
1.99526 4786.89
2.08329 2965.94
2.1752 3685.54
2.27117 3947.7
2.37137 4583.91
2.476 4126.69
2.58523 4366.95
2.69929 3347.55
2.81838 2946.75
2.94273 3029.08
3.07256 3216.92
3.20812 3995.4
3.34965 3365.05
3.49744 2798.41
3.65174 3273.22
3.81285 3645.8
3.98107 2072.52
4.15671 2377.72
4.3401 2886.81
4.53158 2848.74
4.73151 2977.28
4.94026 2524.69
5.15822 2794.89
5.3858 2413.5
5.62341 2471.74
5.87151 2246.11
6.13056 1868.93
6.40103 1828.54
6.68344 2899.87
6.97831 2114.8
7.28618 784.288
7.60764 1535.55
7.94328 1773.01
8.29373 2863.38
8.65964 2389.62
9.0417 1610.25
9.44061 1733
9.85712 1736.7
10.292 1665.95
10.7461 1634.68
11.2202 1723.26
11.7152 1261.93
12.2321 1632.79
12.7717 836.529
13.3352 1218.53
13.9236 1500.92
14.5378 1275.75
15.1792 1316.31
15.8489 598.103
16.5482 1220.57
17.2783 648.993
18.0406 947.168
18.8365 877.404
19.6675 751.518
20.5353 219.021
21.4412 726.056
22.3872 1192.3
23.3749 820.947
24.4062 569.599
25.483 1203.66
26.6073 561.207
27.7811 587.371
29.0068 892.75
30.2866 648.318
31.6228 423.625
33.0179 682.013
34.4747 1279.93
35.9956 782.236
37.5837 651.847
39.2419 406.348
40.9732 202.174
42.7809 298.171
44.6684 750.604
46.6391 414.208
48.6968 397.549
50.8452 179.102
53.0884 839.229
55.4307 135.037
57.8762 638.274
60.4296 89.138
63.0957 217.138
65.8795 331.398
68.786 652.186
71.8208 700.311
74.9894 417.768
78.2979 421.72
81.7523 382.668
85.3591 493.175
89.1251 598.4
93.0572 720.02
97.1628 537.032
101.45 580.567
105.925 707.173
110.599 608.219
115.478 931.802
120.573 729.402
125.893 708.265
131.447 1256.86
137.246 1035.86
143.301 692.424
149.624 1239.4
156.225 2072.52
163.117 2098.45
170.314 2519.8
177.828 2109.62
185.674 3286.29
193.865 3762.14
202.418 5691.19
211.349 5815.44
220.673 8343.39
230.409 9970.54
240.575 10345
251.189 9781.43
262.271 12025.9
273.842 11784.8
285.924 15811.7
298.538 11309.6
311.709 10441
325.462 9795.96
339.821 8759.54
354.813 5878.81
370.467 5026.3
386.812 3249.92
403.878 2701.02
421.697 2227.13
440.301 1261.27
459.727 1296.34
480.01 1100.39
501.187 591.519
523.299 542.938
546.387 437.913
570.493 673.037
595.662 316.305
621.942 281.798
649.382 193.039
678.032 207.877
707.946 118.954
739.18 214.676
771.792 0
805.842 154.895
841.395 156.439
878.517 0
917.276 0
957.745 0
1000 0
