# First line is two numbers 
#     First value is '2', it means 'histogram mode'
#     Second value is 'Emin' of the histogram
# Other lines : 2 columns. 1) energy 2) probability (nb divided by NbEvent)
# Number of bins = 480
# Content below the first bin: 0
# Content above the last  bin: 0
# Content above the last  bin: 0
# Number of events: 209000
2 1e-06
1.04412e-06 0
1.09018e-06 0
1.13828e-06 0
1.1885e-06 0
1.24094e-06 0
1.29569e-06 0
1.35285e-06 0
1.41254e-06 0
1.47486e-06 0
1.53993e-06 0
1.60787e-06 0
1.6788e-06 0
1.75287e-06 0
1.83021e-06 0
1.91095e-06 0
1.99526e-06 0
2.08329e-06 0
2.1752e-06 0
2.27117e-06 0
2.37137e-06 0
2.476e-06 0
2.58523e-06 0
2.69929e-06 0
2.81838e-06 0
2.94273e-06 0
3.07256e-06 0
3.20812e-06 0
3.34965e-06 0
3.49744e-06 0
3.65174e-06 0
3.81285e-06 0
3.98107e-06 0
4.15671e-06 0
4.3401e-06 0
4.53158e-06 0
4.73151e-06 0
4.94026e-06 0
5.15822e-06 0
5.3858e-06 0
5.62341e-06 0
5.87151e-06 0
6.13056e-06 0
6.40103e-06 0
6.68344e-06 0
6.97831e-06 0
7.28618e-06 0
7.60764e-06 0
7.94328e-06 0
8.29373e-06 0
8.65964e-06 0
9.0417e-06 0
9.44061e-06 0
9.85712e-06 0
1.0292e-05 0
1.07461e-05 0
1.12202e-05 0
1.17152e-05 0
1.22321e-05 0
1.27717e-05 0
1.33352e-05 0
1.39236e-05 0
1.45378e-05 0
1.51792e-05 0
1.58489e-05 0
1.65482e-05 0
1.72783e-05 0
1.80406e-05 0
1.88365e-05 0
1.96675e-05 0
2.05353e-05 0
2.14412e-05 0
2.23872e-05 0
2.33749e-05 0
2.44062e-05 0
2.5483e-05 0
2.66073e-05 0
2.77811e-05 0
2.90068e-05 0
3.02866e-05 0
3.16228e-05 0
3.30179e-05 0
3.44747e-05 0
3.59956e-05 0
3.75837e-05 0
3.92419e-05 0
4.09732e-05 0
4.27809e-05 0
4.46684e-05 0
4.66391e-05 0
4.86968e-05 0
5.08452e-05 0
5.30884e-05 0
5.54307e-05 0
5.78762e-05 0
6.04296e-05 0
6.30957e-05 0
6.58795e-05 0
6.8786e-05 0
7.18208e-05 0
7.49894e-05 0
7.82979e-05 0
8.17523e-05 0
8.53591e-05 0
8.91251e-05 0
9.30572e-05 0
9.71628e-05 0
0.00010145 0
0.000105925 0
0.000110599 0
0.000115478 0
0.000120573 0
0.000125893 0
0.000131447 0
0.000137246 0
0.000143301 0
0.000149624 0
0.000156225 0
0.000163117 0
0.000170314 0
0.000177828 0
0.000185674 0
0.000193865 0
0.000202418 0
0.000211349 0
0.000220673 0
0.000230409 0
0.000240575 0
0.000251189 0
0.000262271 0
0.000273842 0
0.000285924 0
0.000298538 0
0.000311709 0
0.000325462 0
0.000339821 0
0.000354813 0
0.000370467 0
0.000386812 1
0.000403878 0
0.000421697 0
0.000440301 0
0.000459727 0
0.00048001 0
0.000501187 0
0.000523299 0
0.000546387 0
0.000570493 0
0.000595662 0
0.000621942 0
0.000649382 0
0.000678032 0
0.000707946 0
0.00073918 0
0.000771792 0
0.000805842 0
0.000841395 0
0.000878517 0
0.000917276 0
0.000957745 0
0.001 0
0.00104412 0
0.00109018 0
0.00113828 0
0.0011885 0
0.00124094 0
0.00129569 0
0.00135285 0
0.00141254 0
0.00147486 0
0.00153993 1
0.00160787 0
0.0016788 0
0.00175287 0
0.00183021 0
0.00191095 1
0.00199526 1
0.00208329 0
0.0021752 1
0.00227117 0
0.00237137 1
0.002476 1
0.00258523 0
0.00269929 0
0.00281838 0
0.00294273 0
0.00307256 0
0.00320812 1
0.00334965 3
0.00349744 0
0.00365174 0
0.00381285 2
0.00398107 1
0.00415671 2
0.0043401 0
0.00453158 1
0.00473151 0
0.00494026 2
0.00515822 0
0.0053858 0
0.00562341 4
0.00587151 0
0.00613056 0
0.00640103 1
0.00668344 1
0.00697831 2
0.00728618 1
0.00760764 0
0.00794328 2
0.00829373 2
0.00865964 1
0.0090417 0
0.00944061 1
0.00985712 4
0.010292 0
0.0107461 2
0.0112202 0
0.0117152 3
0.0122321 2
0.0127717 5
0.0133352 1
0.0139236 7
0.0145378 5
0.0151792 5
0.0158489 9
0.0165482 12
0.0172783 7
0.0180406 11
0.0188365 7
0.0196675 15
0.0205353 8
0.0214412 13
0.0223872 9
0.0233749 4
0.0244062 13
0.025483 10
0.0266073 14
0.0277811 17
0.0290068 18
0.0302866 10
0.0316228 18
0.0330179 19
0.0344747 23
0.0359956 17
0.0375837 27
0.0392419 19
0.0409732 16
0.0427809 24
0.0446684 20
0.0466391 34
0.0486968 23
0.0508452 29
0.0530884 32
0.0554307 40
0.0578762 35
0.0604296 34
0.0630957 34
0.0658795 45
0.068786 48
0.0718208 50
0.0749894 42
0.0782979 50
0.0817523 53
0.0853591 70
0.0891251 66
0.0930572 62
0.0971628 63
0.10145 71
0.105925 60
0.110599 75
0.115478 75
0.120573 63
0.125893 84
0.131447 78
0.137246 80
0.143301 80
0.149624 98
0.156225 108
0.163117 82
0.170314 72
0.177828 102
0.185674 105
0.193865 92
0.202418 98
0.211349 111
0.220673 109
0.230409 114
0.240575 108
0.251189 132
0.262271 117
0.273842 145
0.285924 122
0.298538 112
0.311709 115
0.325462 118
0.339821 126
0.354813 130
0.370467 140
0.386812 143
0.403878 156
0.421697 127
0.440301 163
0.459727 129
0.48001 162
0.501187 128
0.523299 123
0.546387 147
0.570493 151
0.595662 164
0.621942 113
0.649382 160
0.678032 158
0.707946 133
0.73918 135
0.771792 135
0.805842 127
0.841395 127
0.878517 121
0.917276 122
0.957745 110
1 99
1.04412 114
1.09018 91
1.13828 97
1.1885 90
1.24094 85
1.29569 82
1.35285 73
1.41254 75
1.47486 66
1.53993 61
1.60787 50
1.6788 55
1.75287 67
1.83021 65
1.91095 61
1.99526 61
2.08329 54
2.1752 54
2.27117 36
2.37137 45
2.476 52
2.58523 45
2.69929 48
2.81838 42
2.94273 47
3.07256 47
3.20812 41
3.34965 31
3.49744 38
3.65174 38
3.81285 36
3.98107 31
4.15671 31
4.3401 28
4.53158 36
4.73151 32
4.94026 30
5.15822 28
5.3858 29
5.62341 30
5.87151 17
6.13056 30
6.40103 20
6.68344 17
6.97831 33
7.28618 23
7.60764 35
7.94328 22
8.29373 22
8.65964 22
9.0417 18
9.44061 19
9.85712 20
10.292 22
10.7461 18
11.2202 15
11.7152 17
12.2321 15
12.7717 13
13.3352 11
13.9236 12
14.5378 13
15.1792 17
15.8489 13
16.5482 11
17.2783 11
18.0406 10
18.8365 8
19.6675 15
20.5353 13
21.4412 9
22.3872 6
23.3749 12
24.4062 12
25.483 7
26.6073 12
27.7811 14
29.0068 10
30.2866 3
31.6228 7
33.0179 8
34.4747 11
35.9956 5
37.5837 14
39.2419 6
40.9732 6
42.7809 6
44.6684 10
46.6391 8
48.6968 7
50.8452 4
53.0884 4
55.4307 4
57.8762 9
60.4296 5
63.0957 4
65.8795 2
68.786 12
71.8208 7
74.9894 10
78.2979 7
81.7523 6
85.3591 8
89.1251 6
93.0572 9
97.1628 7
101.45 9
105.925 7
110.599 5
115.478 9
120.573 10
125.893 12
131.447 12
137.246 18
143.301 17
149.624 17
156.225 23
163.117 18
170.314 28
177.828 36
185.674 48
193.865 49
202.418 83
211.349 75
220.673 111
230.409 117
240.575 124
251.189 152
262.271 173
273.842 176
285.924 185
298.538 154
311.709 143
325.462 119
339.821 104
354.813 70
370.467 58
386.812 45
403.878 44
421.697 26
440.301 15
459.727 27
480.01 6
501.187 6
523.299 3
546.387 6
570.493 3
595.662 2
621.942 2
649.382 3
678.032 2
707.946 2
739.18 2
771.792 0
805.842 3
841.395 0
878.517 1
917.276 0
957.745 0
1000 0
