# First line is two numbers 
#     First value is '2', it means 'histogram mode'
#     Second value is 'Emin' of the histogram
# Other lines : 2 columns. 1) energy 2) probability (nb divided by NbEvent)
# Number of bins = 480
# Content below the first bin: 0
# Content above the last  bin: 0
# Content above the last  bin: 0
# Number of events: 209000
2 1e-06
1.04412e-06 0
1.09018e-06 0
1.13828e-06 0
1.1885e-06 0
1.24094e-06 0
1.29569e-06 0
1.35285e-06 0
1.41254e-06 0
1.47486e-06 0
1.53993e-06 0
1.60787e-06 0
1.6788e-06 0
1.75287e-06 0
1.83021e-06 0
1.91095e-06 0
1.99526e-06 0
2.08329e-06 0
2.1752e-06 0
2.27117e-06 0
2.37137e-06 0
2.476e-06 0
2.58523e-06 0
2.69929e-06 0
2.81838e-06 0
2.94273e-06 0
3.07256e-06 0
3.20812e-06 0
3.34965e-06 0
3.49744e-06 0
3.65174e-06 0
3.81285e-06 0
3.98107e-06 0
4.15671e-06 0
4.3401e-06 0
4.53158e-06 0
4.73151e-06 0
4.94026e-06 0
5.15822e-06 0
5.3858e-06 0
5.62341e-06 0
5.87151e-06 0
6.13056e-06 0
6.40103e-06 0
6.68344e-06 0
6.97831e-06 0
7.28618e-06 0
7.60764e-06 0
7.94328e-06 0
8.29373e-06 0
8.65964e-06 0
9.0417e-06 0
9.44061e-06 0
9.85712e-06 0
1.0292e-05 0
1.07461e-05 0
1.12202e-05 0
1.17152e-05 0
1.22321e-05 0
1.27717e-05 0
1.33352e-05 0
1.39236e-05 0
1.45378e-05 0
1.51792e-05 0
1.58489e-05 0
1.65482e-05 0
1.72783e-05 0
1.80406e-05 0
1.88365e-05 0
1.96675e-05 0
2.05353e-05 0
2.14412e-05 0
2.23872e-05 0
2.33749e-05 0
2.44062e-05 0
2.5483e-05 0
2.66073e-05 0
2.77811e-05 0
2.90068e-05 0
3.02866e-05 0
3.16228e-05 0
3.30179e-05 0
3.44747e-05 0
3.59956e-05 0
3.75837e-05 0
3.92419e-05 0
4.09732e-05 0
4.27809e-05 0
4.46684e-05 0
4.66391e-05 0
4.86968e-05 0
5.08452e-05 0
5.30884e-05 0
5.54307e-05 0
5.78762e-05 0
6.04296e-05 0
6.30957e-05 0
6.58795e-05 0
6.8786e-05 0
7.18208e-05 0
7.49894e-05 0
7.82979e-05 0
8.17523e-05 0
8.53591e-05 0
8.91251e-05 0
9.30572e-05 0
9.71628e-05 0
0.00010145 0
0.000105925 0
0.000110599 0
0.000115478 0
0.000120573 0
0.000125893 0
0.000131447 0
0.000137246 0
0.000143301 0
0.000149624 0
0.000156225 0
0.000163117 0
0.000170314 0
0.000177828 0
0.000185674 0
0.000193865 0
0.000202418 0
0.000211349 0
0.000220673 0
0.000230409 0
0.000240575 0
0.000251189 0
0.000262271 0
0.000273842 0
0.000285924 0
0.000298538 0
0.000311709 0
0.000325462 0
0.000339821 0
0.000354813 0
0.000370467 0
0.000386812 0
0.000403878 0
0.000421697 0
0.000440301 0
0.000459727 0
0.00048001 0
0.000501187 0
0.000523299 0
0.000546387 0
0.000570493 0
0.000595662 0
0.000621942 0
0.000649382 0
0.000678032 0
0.000707946 0
0.00073918 0
0.000771792 0
0.000805842 0
0.000841395 0
0.000878517 0
0.000917276 0
0.000957745 0
0.001 0
0.00104412 0
0.00109018 0
0.00113828 0
0.0011885 0
0.00124094 0
0.00129569 0
0.00135285 0
0.00141254 0
0.00147486 0
0.00153993 0
0.00160787 0
0.0016788 169.43
0.00175287 0
0.00183021 0
0.00191095 0
0.00199526 0
0.00208329 0
0.0021752 0
0.00227117 140.471
0.00237137 0
0.002476 0
0.00258523 111.743
0.00269929 0
0.00281838 0
0.00294273 171.227
0.00307256 0
0.00320812 0
0.00334965 94.0609
0.00349744 159.732
0.00365174 28.9277
0.00381285 0
0.00398107 77.1146
0.00415671 0
0.0043401 8.40736
0.00453158 180.704
0.00473151 0
0.00494026 211.246
0.00515822 66.0344
0.0053858 127.852
0.00562341 174.286
0.00587151 59.2625
0.00613056 180.331
0.00640103 81.2393
0.00668344 0
0.00697831 0
0.00728618 140.578
0.00760764 263.617
0.00794328 0
0.00829373 0
0.00865964 63.0857
0.0090417 0
0.00944061 215.233
0.00985712 227.137
0.010292 113.57
0.0107461 353.66
0.0112202 234.177
0.0117152 140.458
0.0122321 152.129
0.0127717 303.93
0.0133352 352.861
0.0139236 794.214
0.0145378 468.055
0.0151792 540.703
0.0158489 858.641
0.0165482 662.5
0.0172783 477.836
0.0180406 526.41
0.0188365 195.02
0.0196675 400.955
0.0205353 365.599
0.0214412 692.058
0.0223872 683.507
0.0233749 1381.92
0.0244062 1469.85
0.025483 1037.9
0.0266073 970.968
0.0277811 952.122
0.0290068 1731.65
0.0302866 1310.59
0.0316228 1735.5
0.0330179 1460.47
0.0344747 1700.95
0.0359956 1299.87
0.0375837 1663.01
0.0392419 2070.74
0.0409732 2299.14
0.0427809 2704.62
0.0446684 2105.43
0.0466391 2352.31
0.0486968 1679.86
0.0508452 2857.78
0.0530884 2164.62
0.0554307 2580.97
0.0578762 3582.85
0.0604296 3021.09
0.0630957 4151.05
0.0658795 4073.01
0.068786 4150.3
0.0718208 4508.45
0.0749894 3951.62
0.0782979 4055.76
0.0817523 4188.59
0.0853591 4440.64
0.0891251 5310.03
0.0930572 6299.13
0.0971628 4914.39
0.10145 5905.04
0.105925 6018.12
0.110599 6069.14
0.115478 7023.27
0.120573 6872.75
0.125893 6672.54
0.131447 6058.49
0.137246 7307.57
0.143301 7435.84
0.149624 8183.43
0.156225 6625.1
0.163117 7593.15
0.170314 6758.31
0.177828 7983.89
0.185674 7719.44
0.193865 8988.12
0.202418 7632.86
0.211349 7710.71
0.220673 8561.14
0.230409 9056.07
0.240575 9695.53
0.251189 9135.62
0.262271 8074.99
0.273842 10331.7
0.285924 10667.6
0.298538 10259.3
0.311709 11319.4
0.325462 9440.63
0.339821 10718.4
0.354813 10938.3
0.370467 10918.2
0.386812 11095.3
0.403878 11243.9
0.421697 9842.43
0.440301 11689.4
0.459727 12266.2
0.48001 14583.3
0.501187 11690.8
0.523299 12676.9
0.546387 11557.3
0.570493 9701.9
0.595662 9879.47
0.621942 10341.2
0.649382 13935.3
0.678032 10520.9
0.707946 11653.8
0.73918 11160.2
0.771792 9982.02
0.805842 9764.4
0.841395 9521.62
0.878517 9856.69
0.917276 8711.05
0.957745 10177.5
1 9115.96
1.04412 8126.08
1.09018 7034.39
1.13828 7195.22
1.1885 6647.66
1.24094 6207.17
1.29569 6959.4
1.35285 6171.19
1.41254 5266.69
1.47486 5766.54
1.53993 4912.44
1.60787 4481.23
1.6788 4876.23
1.75287 4570.59
1.83021 5549.85
1.91095 4631.32
1.99526 4843.37
2.08329 5105.32
2.1752 3983.66
2.27117 3643.1
2.37137 4184.23
2.476 3216.11
2.58523 3348.4
2.69929 3230.35
2.81838 3276.74
2.94273 3832.88
3.07256 3713.49
3.20812 3190.1
3.34965 3060.7
3.49744 4179.95
3.65174 3555.86
3.81285 3070.45
3.98107 3284.64
4.15671 2866.15
4.3401 2774.77
4.53158 3148.54
4.73151 2996.75
4.94026 3112.74
5.15822 2066.34
5.3858 3369.49
5.62341 2575.57
5.87151 1733.24
6.13056 1382.74
6.40103 2601.44
6.68344 1705.26
6.97831 1397.54
7.28618 2393.09
7.60764 2208.79
7.94328 2207.67
8.29373 2343.43
8.65964 1561.62
9.0417 1371.18
9.44061 2181.48
9.85712 1880.63
10.292 1360.85
10.7461 1512.03
11.2202 1260.38
11.7152 1630.73
12.2321 1271.53
12.7717 1417.79
13.3352 739.727
13.9236 1387.03
14.5378 1257.99
15.1792 1570.37
15.8489 1071.31
16.5482 1408.34
17.2783 1138.71
18.0406 1265.75
18.8365 366.64
19.6675 814.088
20.5353 806.323
21.4412 1059.92
22.3872 1060.22
23.3749 926.813
24.4062 849.417
25.483 1131.02
26.6073 707.765
27.7811 1239.93
29.0068 1252.86
30.2866 609.897
31.6228 433.8
33.0179 664.94
34.4747 290.875
35.9956 538.525
37.5837 855.104
39.2419 817.657
40.9732 588.707
42.7809 592.56
44.6684 238.316
46.6391 561.113
48.6968 847.778
50.8452 675.123
53.0884 316.951
55.4307 306.228
57.8762 341.309
60.4296 361.987
63.0957 510.885
65.8795 98.1573
68.786 318.088
71.8208 368.628
74.9894 889.631
78.2979 186.344
81.7523 244.125
85.3591 799.542
89.1251 678.831
93.0572 370.855
97.1628 533.503
101.45 242.944
105.925 647.105
110.599 447.049
115.478 476.468
120.573 746.091
125.893 529.944
131.447 1066.15
137.246 1063.17
143.301 1051.45
149.624 759.632
156.225 579.16
163.117 1786.73
170.314 2062.58
177.828 2242.31
185.674 2989.85
193.865 3863.78
202.418 5195.78
211.349 5602.94
220.673 8081.45
230.409 8423.24
240.575 9927.93
251.189 11331.5
262.271 14161.3
273.842 14609
285.924 15076.3
298.538 12700.5
311.709 11817.2
325.462 9096.68
339.821 7674.74
354.813 5146.98
370.467 5034.5
386.812 4173.3
403.878 3526.76
421.697 2778.77
440.301 1750.63
459.727 493.8
480.01 1116
501.187 332.389
523.299 334.746
546.387 381.031
570.493 411.861
595.662 563.187
621.942 97.9828
649.382 74.9946
678.032 45.0107
707.946 89.8614
739.18 0
771.792 0
805.842 82.6177
841.395 0
878.517 97.0716
917.276 0
957.745 0
1000 0
