# First line is two numbers 
#     First value is '2', it means 'histogram mode'
#     Second value is 'Emin' of the histogram
# Other lines : 2 columns. 1) energy 2) probability (nb divided by NbEvent)
# Number of bins = 480
# Content below the first bin: 0
# Content above the last  bin: 0
# Content above the last  bin: 0
# Number of events: 209000
2 1e-06
1.04412e-06 0
1.09018e-06 0
1.13828e-06 0
1.1885e-06 0
1.24094e-06 0
1.29569e-06 0
1.35285e-06 0
1.41254e-06 0
1.47486e-06 0
1.53993e-06 0
1.60787e-06 0
1.6788e-06 0
1.75287e-06 0
1.83021e-06 0
1.91095e-06 0
1.99526e-06 0
2.08329e-06 0
2.1752e-06 0
2.27117e-06 0
2.37137e-06 0
2.476e-06 0
2.58523e-06 0
2.69929e-06 0
2.81838e-06 0
2.94273e-06 0
3.07256e-06 0
3.20812e-06 0
3.34965e-06 0
3.49744e-06 0
3.65174e-06 0
3.81285e-06 0
3.98107e-06 0
4.15671e-06 0
4.3401e-06 0
4.53158e-06 0
4.73151e-06 0
4.94026e-06 0
5.15822e-06 0
5.3858e-06 0
5.62341e-06 0
5.87151e-06 0
6.13056e-06 0
6.40103e-06 0
6.68344e-06 0
6.97831e-06 0
7.28618e-06 0
7.60764e-06 0
7.94328e-06 0
8.29373e-06 0
8.65964e-06 0
9.0417e-06 0
9.44061e-06 0
9.85712e-06 0
1.0292e-05 0
1.07461e-05 0
1.12202e-05 0
1.17152e-05 0
1.22321e-05 0
1.27717e-05 0
1.33352e-05 0
1.39236e-05 0
1.45378e-05 0
1.51792e-05 0
1.58489e-05 0
1.65482e-05 0
1.72783e-05 0
1.80406e-05 0
1.88365e-05 0
1.96675e-05 0
2.05353e-05 0
2.14412e-05 0
2.23872e-05 0
2.33749e-05 0
2.44062e-05 0
2.5483e-05 0
2.66073e-05 0
2.77811e-05 0
2.90068e-05 0
3.02866e-05 0
3.16228e-05 0
3.30179e-05 0
3.44747e-05 0
3.59956e-05 0
3.75837e-05 0
3.92419e-05 0
4.09732e-05 0
4.27809e-05 0
4.46684e-05 0
4.66391e-05 0
4.86968e-05 0
5.08452e-05 0
5.30884e-05 0
5.54307e-05 0
5.78762e-05 0
6.04296e-05 0
6.30957e-05 0
6.58795e-05 0
6.8786e-05 0
7.18208e-05 0
7.49894e-05 0
7.82979e-05 0
8.17523e-05 0
8.53591e-05 0
8.91251e-05 0
9.30572e-05 0
9.71628e-05 0
0.00010145 0
0.000105925 0
0.000110599 0
0.000115478 0
0.000120573 0
0.000125893 0
0.000131447 0
0.000137246 0
0.000143301 0
0.000149624 0
0.000156225 0
0.000163117 0
0.000170314 0
0.000177828 0
0.000185674 0
0.000193865 0
0.000202418 0
0.000211349 0
0.000220673 0
0.000230409 0
0.000240575 0
0.000251189 0
0.000262271 0
0.000273842 0
0.000285924 0
0.000298538 0
0.000311709 0
0.000325462 0
0.000339821 0
0.000354813 0
0.000370467 0
0.000386812 0
0.000403878 0
0.000421697 0
0.000440301 0
0.000459727 0
0.00048001 0
0.000501187 0
0.000523299 0
0.000546387 0
0.000570493 0
0.000595662 0
0.000621942 0
0.000649382 0
0.000678032 0
0.000707946 0
0.00073918 0
0.000771792 0
0.000805842 0
0.000841395 0
0.000878517 0
0.000917276 0
0.000957745 0
0.001 0
0.00104412 0
0.00109018 0
0.00113828 0
0.0011885 0
0.00124094 0
0.00129569 0
0.00135285 0
0.00141254 0
0.00147486 0
0.00153993 0
0.00160787 0
0.0016788 0
0.00175287 0
0.00183021 0
0.00191095 0
0.00199526 0
0.00208329 0
0.0021752 0
0.00227117 0
0.00237137 0
0.002476 104.924
0.00258523 0
0.00269929 0
0.00281838 0
0.00294273 0
0.00307256 0
0.00320812 0
0.00334965 0
0.00349744 0
0.00365174 0
0.00381285 0
0.00398107 0
0.00415671 0
0.0043401 0
0.00453158 0
0.00473151 0
0.00494026 0
0.00515822 0
0.0053858 0
0.00562341 0
0.00587151 0
0.00613056 0
0.00640103 0
0.00668344 0
0.00697831 0
0.00728618 0
0.00760764 0
0.00794328 0
0.00829373 0
0.00865964 0
0.0090417 0
0.00944061 0
0.00985712 0
0.010292 86.418
0.0107461 0
0.0112202 0
0.0117152 0
0.0122321 66.3787
0.0127717 181.605
0.0133352 0
0.0139236 0
0.0145378 0
0.0151792 150.105
0.0158489 61.317
0.0165482 0
0.0172783 0
0.0180406 0
0.0188365 0
0.0196675 71.0469
0.0205353 107.472
0.0214412 72.182
0.0223872 0
0.0233749 70.2086
0.0244062 83.4163
0.025483 96.5108
0.0266073 200.989
0.0277811 141.347
0.0290068 349.185
0.0302866 158.714
0.0316228 54.2979
0.0330179 118.669
0.0344747 0
0.0359956 101.957
0.0375837 305.078
0.0392419 0
0.0409732 157.548
0.0427809 138.733
0.0446684 242.916
0.0466391 651.465
0.0486968 371.352
0.0508452 703.31
0.0530884 380.226
0.0554307 38.1318
0.0578762 329.454
0.0604296 317.324
0.0630957 209.797
0.0658795 611.055
0.068786 145.818
0.0718208 312.39
0.0749894 609.302
0.0782979 716.121
0.0817523 451.434
0.0853591 755.716
0.0891251 625.394
0.0930572 771.262
0.0971628 578.057
0.10145 276.887
0.105925 1010.13
0.110599 785.169
0.115478 654.81
0.120573 471.543
0.125893 661.34
0.131447 1247.18
0.137246 1141.54
0.143301 874.065
0.149624 875.956
0.156225 1029.59
0.163117 1369.02
0.170314 1008.3
0.177828 1356.34
0.185674 943.296
0.193865 1118.07
0.202418 997.305
0.211349 1497.82
0.220673 1362.09
0.230409 1547.37
0.240575 1344.07
0.251189 913.833
0.262271 890.588
0.273842 2852.83
0.285924 996.26
0.298538 1564.96
0.311709 1486.25
0.325462 1648.52
0.339821 1383.19
0.354813 1776.79
0.370467 1085.72
0.386812 1869.96
0.403878 1470.17
0.421697 2328.8
0.440301 1503.2
0.459727 1994.08
0.48001 1677.33
0.501187 624.516
0.523299 1721.27
0.546387 2326.33
0.570493 1749.78
0.595662 2146.44
0.621942 2323.22
0.649382 1606.71
0.678032 1673.1
0.707946 1642.28
0.73918 2309.16
0.771792 1737.24
0.805842 2068.06
0.841395 2259.47
0.878517 2595.76
0.917276 1622.08
0.957745 1811.21
1 1265.11
1.04412 1854.54
1.09018 874.823
1.13828 2196.46
1.1885 1047.99
1.24094 1625.19
1.29569 1529.28
1.35285 1455.98
1.41254 701.219
1.47486 1434.41
1.53993 855.411
1.60787 1336.27
1.6788 1245.52
1.75287 889.116
1.83021 771.357
1.91095 933.561
1.99526 1137.05
2.08329 1121.35
2.1752 1233.52
2.27117 851.658
2.37137 1313.92
2.476 988.932
2.58523 440.339
2.69929 698.529
2.81838 497.422
2.94273 802.774
3.07256 932.893
3.20812 319.966
3.34965 610.321
3.49744 689.621
3.65174 960.846
3.81285 487.604
3.98107 1023.83
4.15671 437.513
4.3401 540.579
4.53158 870.017
4.73151 545.239
4.94026 756.21
5.15822 425.065
5.3858 172.058
5.62341 430.791
5.87151 615.209
6.13056 114.08
6.40103 220.294
6.68344 914.498
6.97831 603.138
7.28618 417.751
7.60764 310.535
7.94328 439.744
8.29373 463.045
8.65964 553.505
9.0417 468.511
9.44061 356.928
9.85712 225.979
10.292 295.208
10.7461 773.019
11.2202 213.013
11.7152 96.5688
12.2321 463.179
12.7717 175.301
13.3352 195.001
13.9236 688.316
14.5378 570.139
15.1792 308.869
15.8489 319.475
16.5482 192.045
17.2783 587.9
18.0406 524.374
18.8365 484.731
19.6675 243.93
20.5353 560.343
21.4412 414.449
22.3872 528.026
23.3749 445.564
24.4062 590.897
25.483 362.667
26.6073 225.927
27.7811 255.272
29.0068 317.766
30.2866 212.287
31.6228 634.344
33.0179 431.165
34.4747 815.862
35.9956 157.93
37.5837 594.623
39.2419 316.202
40.9732 251.499
42.7809 447.538
44.6684 468.614
46.6391 758.243
48.6968 143.991
50.8452 83.7446
53.0884 734.548
55.4307 607.057
57.8762 450.727
60.4296 882.871
63.0957 379.091
65.8795 977.676
68.786 595.961
71.8208 590.794
74.9894 564.297
78.2979 488.646
81.7523 392.536
85.3591 1017.11
89.1251 632.94
93.0572 391.63
97.1628 575.663
101.45 943.998
105.925 645.858
110.599 1005.14
115.478 654.691
120.573 892.377
125.893 1092.06
131.447 485.913
137.246 697.986
143.301 682.476
149.624 394.034
156.225 619.155
163.117 713.463
170.314 997.081
177.828 995.868
185.674 1536.09
193.865 1049.16
202.418 1237.91
211.349 1028.11
220.673 1367.36
230.409 977.474
240.575 1289.42
251.189 1348.13
262.271 1332.52
273.842 1252.44
285.924 1590.64
298.538 1131.5
311.709 1235.34
325.462 1588.28
339.821 1754.46
354.813 1473.56
370.467 1090.51
386.812 1238.68
403.878 676.75
421.697 859.305
440.301 823.584
459.727 462.766
480.01 450.274
501.187 273.2
523.299 275.375
546.387 59.6451
570.493 17.2461
595.662 0
621.942 152.649
649.382 213.176
678.032 35.4819
707.946 34.9705
739.18 67.7283
771.792 0
805.842 0
841.395 0
878.517 0
917.276 83.7294
957.745 96.5242
1000 0
