# First line is two numbers 
#     First value is '2', it means 'histogram mode'
#     Second value is 'Emin' of the histogram
# Other lines : 2 columns. 1) energy 2) probability (nb divided by NbEvent)
# Number of bins = 480
# Content below the first bin: 0
# Content above the last  bin: 0
# Content above the last  bin: 0
# Number of events: 209000
2 1e-06
1.04412e-06 0
1.09018e-06 0
1.13828e-06 0
1.1885e-06 0
1.24094e-06 0
1.29569e-06 0
1.35285e-06 0
1.41254e-06 0
1.47486e-06 0
1.53993e-06 0
1.60787e-06 0
1.6788e-06 0
1.75287e-06 0
1.83021e-06 0
1.91095e-06 0
1.99526e-06 0
2.08329e-06 0
2.1752e-06 0
2.27117e-06 0
2.37137e-06 0
2.476e-06 0
2.58523e-06 0
2.69929e-06 0
2.81838e-06 0
2.94273e-06 0
3.07256e-06 0
3.20812e-06 0
3.34965e-06 0
3.49744e-06 0
3.65174e-06 0
3.81285e-06 0
3.98107e-06 0
4.15671e-06 0
4.3401e-06 0
4.53158e-06 0
4.73151e-06 0
4.94026e-06 0
5.15822e-06 0
5.3858e-06 0
5.62341e-06 0
5.87151e-06 0
6.13056e-06 0
6.40103e-06 0
6.68344e-06 0
6.97831e-06 0
7.28618e-06 0
7.60764e-06 0
7.94328e-06 0
8.29373e-06 0
8.65964e-06 0
9.0417e-06 0
9.44061e-06 0
9.85712e-06 0
1.0292e-05 0
1.07461e-05 0
1.12202e-05 0
1.17152e-05 0
1.22321e-05 0
1.27717e-05 0
1.33352e-05 0
1.39236e-05 0
1.45378e-05 0
1.51792e-05 0
1.58489e-05 0
1.65482e-05 0
1.72783e-05 0
1.80406e-05 0
1.88365e-05 0
1.96675e-05 0
2.05353e-05 0
2.14412e-05 0
2.23872e-05 0
2.33749e-05 0
2.44062e-05 0
2.5483e-05 0
2.66073e-05 0
2.77811e-05 0
2.90068e-05 0
3.02866e-05 0
3.16228e-05 0
3.30179e-05 0
3.44747e-05 0
3.59956e-05 0
3.75837e-05 0
3.92419e-05 0
4.09732e-05 0
4.27809e-05 0
4.46684e-05 0
4.66391e-05 0
4.86968e-05 0
5.08452e-05 0
5.30884e-05 0
5.54307e-05 0
5.78762e-05 0
6.04296e-05 0
6.30957e-05 0
6.58795e-05 0
6.8786e-05 0
7.18208e-05 0
7.49894e-05 0
7.82979e-05 0
8.17523e-05 0
8.53591e-05 0
8.91251e-05 0
9.30572e-05 0
9.71628e-05 0
0.00010145 0
0.000105925 0
0.000110599 0
0.000115478 0
0.000120573 0
0.000125893 0
0.000131447 0
0.000137246 0
0.000143301 0
0.000149624 0
0.000156225 0
0.000163117 0
0.000170314 0
0.000177828 0
0.000185674 0
0.000193865 0
0.000202418 0
0.000211349 0
0.000220673 0
0.000230409 0
0.000240575 0
0.000251189 0
0.000262271 0
0.000273842 0
0.000285924 0
0.000298538 0
0.000311709 0
0.000325462 0
0.000339821 0
0.000354813 0
0.000370467 0
0.000386812 0
0.000403878 0
0.000421697 0
0.000440301 0
0.000459727 0
0.00048001 0
0.000501187 0
0.000523299 0
0.000546387 0
0.000570493 0
0.000595662 0
0.000621942 0
0.000649382 0
0.000678032 0
0.000707946 0
0.00073918 0
0.000771792 0
0.000805842 0
0.000841395 0
0.000878517 0
0.000917276 0
0.000957745 0
0.001 0
0.00104412 0
0.00109018 0
0.00113828 0
0.0011885 0
0.00124094 0
0.00129569 0
0.00135285 0
0.00141254 0
0.00147486 108.253
0.00153993 0
0.00160787 0
0.0016788 0
0.00175287 0
0.00183021 0
0.00191095 0
0.00199526 0
0.00208329 0
0.0021752 0
0.00227117 0
0.00237137 0
0.002476 0
0.00258523 0
0.00269929 0
0.00281838 0
0.00294273 0
0.00307256 0
0.00320812 0
0.00334965 0
0.00349744 0
0.00365174 0
0.00381285 0
0.00398107 18.1195
0.00415671 0
0.0043401 0
0.00453158 76.5845
0.00473151 70.7032
0.00494026 0
0.00515822 0
0.0053858 0
0.00562341 0
0.00587151 41.5785
0.00613056 0
0.00640103 25.6122
0.00668344 0
0.00697831 0
0.00728618 107.387
0.00760764 0
0.00794328 0
0.00829373 112.1
0.00865964 0
0.0090417 0
0.00944061 0
0.00985712 0
0.010292 107.999
0.0107461 47.9284
0.0112202 0
0.0117152 0
0.0122321 0
0.0127717 0
0.0133352 0
0.0139236 88.8639
0.0145378 0
0.0151792 0
0.0158489 0
0.0165482 52.112
0.0172783 0
0.0180406 309.44
0.0188365 99.7957
0.0196675 161.596
0.0205353 0
0.0214412 149.886
0.0223872 15.9005
0.0233749 41.4015
0.0244062 287.081
0.025483 379.819
0.0266073 61.9186
0.0277811 64.4114
0.0290068 125.017
0.0302866 165.441
0.0316228 105.347
0.0330179 295.516
0.0344747 74.815
0.0359956 273.779
0.0375837 233.697
0.0392419 74.9088
0.0409732 265.101
0.0427809 221.58
0.0446684 142.752
0.0466391 245.346
0.0486968 358.352
0.0508452 568.856
0.0530884 210.488
0.0554307 563.188
0.0578762 460.637
0.0604296 338.635
0.0630957 414.113
0.0658795 215.57
0.068786 395.827
0.0718208 822.688
0.0749894 514.753
0.0782979 383.767
0.0817523 742.249
0.0853591 1307.38
0.0891251 908.584
0.0930572 571.411
0.0971628 579.231
0.10145 839.908
0.105925 884.487
0.110599 773.579
0.115478 788.006
0.120573 342.663
0.125893 659.675
0.131447 781.31
0.137246 1125.55
0.143301 914.743
0.149624 233.261
0.156225 1459.71
0.163117 1444.69
0.170314 1583.08
0.177828 1267.03
0.185674 1350.34
0.193865 1515.22
0.202418 1452.5
0.211349 868.659
0.220673 1579.12
0.230409 2121.97
0.240575 1684.7
0.251189 1535.39
0.262271 1525.25
0.273842 1418.99
0.285924 1832.98
0.298538 1234.22
0.311709 824.961
0.325462 2625.01
0.339821 1850.87
0.354813 1948.77
0.370467 1682.11
0.386812 1865.48
0.403878 2374.45
0.421697 1879.31
0.440301 2313.81
0.459727 1699.33
0.48001 2082.69
0.501187 1996.56
0.523299 1256.16
0.546387 2037.61
0.570493 2547.88
0.595662 2312.16
0.621942 2752
0.649382 2387.85
0.678032 1760.5
0.707946 1507.34
0.73918 2298.09
0.771792 2504.01
0.805842 2575.56
0.841395 2312.54
0.878517 1284.8
0.917276 1537.06
0.957745 1613.77
1 1143.26
1.04412 1059.57
1.09018 1736.3
1.13828 1473.85
1.1885 1000.17
1.24094 1877.83
1.29569 1312.56
1.35285 1344.76
1.41254 1177.43
1.47486 688.235
1.53993 965.168
1.60787 840.559
1.6788 878.765
1.75287 1000.86
1.83021 918.417
1.91095 683.507
1.99526 1112.25
2.08329 874.547
2.1752 620.536
2.27117 1148.21
2.37137 187.873
2.476 878.539
2.58523 844.122
2.69929 923.131
2.81838 691.058
2.94273 695
3.07256 275.721
3.20812 653.995
3.34965 518.642
3.49744 82.255
3.65174 479.374
3.81285 406.722
3.98107 510.709
4.15671 524.229
4.3401 753.354
4.53158 252.152
4.73151 351.692
4.94026 765.911
5.15822 720.021
5.3858 592.9
5.62341 372.09
5.87151 346.469
6.13056 823.325
6.40103 673.305
6.68344 419.643
6.97831 386.567
7.28618 264.095
7.60764 791.499
7.94328 445.453
8.29373 289.763
8.65964 518.354
9.0417 391.803
9.44061 112.574
9.85712 96.4185
10.292 926.703
10.7461 651.631
11.2202 177.324
11.7152 257.488
12.2321 337.013
12.7717 428.784
13.3352 166.045
13.9236 413.605
14.5378 550.615
15.1792 286.678
15.8489 279.143
16.5482 387.748
17.2783 293.941
18.0406 357.553
18.8365 459.553
19.6675 328.452
20.5353 152.063
21.4412 357.667
22.3872 451.613
23.3749 467.285
24.4062 287.027
25.483 342.912
26.6073 210.318
27.7811 270.421
29.0068 268.735
30.2866 192.082
31.6228 589.217
33.0179 295.726
34.4747 575.921
35.9956 299.886
37.5837 434.408
39.2419 825.83
40.9732 332.849
42.7809 581.179
44.6684 980.721
46.6391 703.565
48.6968 815.499
50.8452 599.635
53.0884 396.119
55.4307 687.65
57.8762 601.541
60.4296 457.055
63.0957 130.951
65.8795 756.125
68.786 342.063
71.8208 387.563
74.9894 484.662
78.2979 648.993
81.7523 553.838
85.3591 878.703
89.1251 623.824
93.0572 621.738
97.1628 509.803
101.45 601.297
105.925 1057.02
110.599 644.069
115.478 680.414
120.573 504.566
125.893 296.981
131.447 966.654
137.246 839.907
143.301 562.765
149.624 895.756
156.225 1326.39
163.117 367.652
170.314 1202.9
177.828 596.47
185.674 781.812
193.865 878.202
202.418 1174.51
211.349 980.461
220.673 1060.57
230.409 719.061
240.575 818.726
251.189 500.679
262.271 581.598
273.842 1174.86
285.924 1203.35
298.538 1354.82
311.709 1174.01
325.462 1480.51
339.821 1466.92
354.813 1136.07
370.467 1175.15
386.812 1374.37
403.878 1283.91
421.697 1073.19
440.301 495.822
459.727 585.524
480.01 546.798
501.187 248.202
523.299 201.452
546.387 447.269
570.493 270.083
595.662 0
621.942 657.614
649.382 170.975
678.032 0
707.946 0
739.18 186.185
771.792 0
805.842 0
841.395 0
878.517 0
917.276 0
957.745 0
1000 0
