# First line is two numbers 
#     First value is '2', it means 'histogram mode'
#     Second value is 'Emin' of the histogram
# Other lines : 2 columns. 1) energy 2) probability (nb divided by NbEvent)
# Number of bins = 480
# Content below the first bin: 0
# Content above the last  bin: 98.8564
# Content above the last  bin: 98.8564
# Number of events: 209000
2 1e-06
1.04412e-06 0
1.09018e-06 0
1.13828e-06 0
1.1885e-06 0
1.24094e-06 0
1.29569e-06 0
1.35285e-06 0
1.41254e-06 0
1.47486e-06 0
1.53993e-06 0
1.60787e-06 0
1.6788e-06 0
1.75287e-06 0
1.83021e-06 0
1.91095e-06 0
1.99526e-06 0
2.08329e-06 0
2.1752e-06 0
2.27117e-06 0
2.37137e-06 0
2.476e-06 0
2.58523e-06 0
2.69929e-06 0
2.81838e-06 0
2.94273e-06 0
3.07256e-06 0
3.20812e-06 0
3.34965e-06 0
3.49744e-06 0
3.65174e-06 0
3.81285e-06 0
3.98107e-06 0
4.15671e-06 0
4.3401e-06 0
4.53158e-06 0
4.73151e-06 0
4.94026e-06 0
5.15822e-06 0
5.3858e-06 0
5.62341e-06 0
5.87151e-06 0
6.13056e-06 0
6.40103e-06 0
6.68344e-06 0
6.97831e-06 0
7.28618e-06 0
7.60764e-06 0
7.94328e-06 0
8.29373e-06 0
8.65964e-06 0
9.0417e-06 0
9.44061e-06 0
9.85712e-06 0
1.0292e-05 0
1.07461e-05 0
1.12202e-05 0
1.17152e-05 0
1.22321e-05 0
1.27717e-05 0
1.33352e-05 0
1.39236e-05 0
1.45378e-05 0
1.51792e-05 0
1.58489e-05 0
1.65482e-05 0
1.72783e-05 0
1.80406e-05 0
1.88365e-05 0
1.96675e-05 0
2.05353e-05 0
2.14412e-05 0
2.23872e-05 0
2.33749e-05 0
2.44062e-05 0
2.5483e-05 0
2.66073e-05 0
2.77811e-05 0
2.90068e-05 0
3.02866e-05 0
3.16228e-05 0
3.30179e-05 0
3.44747e-05 0
3.59956e-05 0
3.75837e-05 0
3.92419e-05 0
4.09732e-05 0
4.27809e-05 0
4.46684e-05 0
4.66391e-05 0
4.86968e-05 0
5.08452e-05 0
5.30884e-05 0
5.54307e-05 0
5.78762e-05 0
6.04296e-05 0
6.30957e-05 0
6.58795e-05 0
6.8786e-05 0
7.18208e-05 0
7.49894e-05 0
7.82979e-05 0
8.17523e-05 0
8.53591e-05 0
8.91251e-05 0
9.30572e-05 0
9.71628e-05 0
0.00010145 0
0.000105925 0
0.000110599 0
0.000115478 0
0.000120573 0
0.000125893 0
0.000131447 0
0.000137246 0
0.000143301 0
0.000149624 0
0.000156225 0
0.000163117 0
0.000170314 0
0.000177828 0
0.000185674 0
0.000193865 0
0.000202418 0
0.000211349 0
0.000220673 0
0.000230409 0
0.000240575 0
0.000251189 0
0.000262271 0
0.000273842 0
0.000285924 0
0.000298538 0
0.000311709 0
0.000325462 0
0.000339821 0
0.000354813 0
0.000370467 0
0.000386812 0
0.000403878 0
0.000421697 0
0.000440301 0
0.000459727 0
0.00048001 0
0.000501187 0
0.000523299 0
0.000546387 0
0.000570493 0
0.000595662 0
0.000621942 0
0.000649382 0
0.000678032 0
0.000707946 0
0.00073918 0
0.000771792 0
0.000805842 0
0.000841395 0
0.000878517 0
0.000917276 0
0.000957745 0
0.001 0
0.00104412 0
0.00109018 0
0.00113828 0
0.0011885 0
0.00124094 0
0.00129569 0
0.00135285 0
0.00141254 0
0.00147486 0
0.00153993 0
0.00160787 0
0.0016788 0
0.00175287 0
0.00183021 0
0.00191095 0
0.00199526 0
0.00208329 0
0.0021752 0
0.00227117 0
0.00237137 0
0.002476 0
0.00258523 0
0.00269929 0
0.00281838 0
0.00294273 0
0.00307256 0
0.00320812 0
0.00334965 0
0.00349744 0
0.00365174 0
0.00381285 0
0.00398107 0
0.00415671 0
0.0043401 0
0.00453158 0
0.00473151 0
0.00494026 0
0.00515822 0
0.0053858 0
0.00562341 0
0.00587151 0
0.00613056 0
0.00640103 0
0.00668344 0
0.00697831 0
0.00728618 0
0.00760764 0
0.00794328 0
0.00829373 0
0.00865964 101.41
0.0090417 0
0.00944061 0
0.00985712 88.9848
0.010292 0
0.0107461 94.8943
0.0112202 61.8245
0.0117152 0
0.0122321 0
0.0127717 0
0.0133352 0
0.0139236 0
0.0145378 0
0.0151792 0
0.0158489 250.92
0.0165482 113.768
0.0172783 157.045
0.0180406 103.805
0.0188365 18.1981
0.0196675 0
0.0205353 203.78
0.0214412 399.184
0.0223872 183.15
0.0233749 180.459
0.0244062 164.811
0.025483 72.0128
0.0266073 59.851
0.0277811 208.818
0.0290068 373.925
0.0302866 316.536
0.0316228 132.845
0.0330179 0
0.0344747 255.187
0.0359956 187.39
0.0375837 87.4617
0.0392419 162.153
0.0409732 170.612
0.0427809 342.902
0.0446684 157.505
0.0466391 210.73
0.0486968 380.776
0.0508452 507.62
0.0530884 40.4686
0.0554307 201.969
0.0578762 798.211
0.0604296 994.969
0.0630957 300.95
0.0658795 286.198
0.068786 346.479
0.0718208 381.87
0.0749894 406.451
0.0782979 803.58
0.0817523 1032.51
0.0853591 360.143
0.0891251 668.547
0.0930572 921.457
0.0971628 1062.54
0.10145 804.363
0.105925 894.519
0.110599 427.291
0.115478 717.912
0.120573 771.016
0.125893 932.521
0.131447 636.589
0.137246 898.712
0.143301 1314.09
0.149624 1529.61
0.156225 525.534
0.163117 1052.35
0.170314 1410.27
0.177828 1604.17
0.185674 1091.13
0.193865 1175.71
0.202418 1226.27
0.211349 1560.37
0.220673 903.846
0.230409 1374.48
0.240575 1435.11
0.251189 1643.48
0.262271 1250.46
0.273842 1924.5
0.285924 1271.3
0.298538 653.11
0.311709 1911.06
0.325462 2338.23
0.339821 1868.38
0.354813 1606.87
0.370467 1023.9
0.386812 2779.54
0.403878 2320.01
0.421697 1661.77
0.440301 2122.17
0.459727 1584.05
0.48001 2657.17
0.501187 2487.85
0.523299 1476.14
0.546387 1831.36
0.570493 1932.63
0.595662 2100.31
0.621942 2702.12
0.649382 1921.6
0.678032 2132.99
0.707946 2367.7
0.73918 1511.57
0.771792 1545.33
0.805842 1290.36
0.841395 1899.32
0.878517 1704.25
0.917276 1890.02
0.957745 1295.22
1 1915.39
1.04412 1559.51
1.09018 1217.28
1.13828 1932.35
1.1885 1704.42
1.24094 1598.95
1.29569 1221.93
1.35285 1322.52
1.41254 1491.56
1.47486 669.814
1.53993 1157.5
1.60787 737.236
1.6788 1096.37
1.75287 857.93
1.83021 1015.13
1.91095 721.095
1.99526 664.922
2.08329 1222.16
2.1752 1181.89
2.27117 663.23
2.37137 444.209
2.476 973.951
2.58523 654.413
2.69929 271.95
2.81838 761.15
2.94273 633.853
3.07256 930.06
3.20812 457.171
3.34965 896.781
3.49744 962.813
3.65174 272.959
3.81285 164.918
3.98107 969.489
4.15671 612.519
4.3401 544.33
4.53158 554.82
4.73151 716.309
4.94026 563.313
5.15822 709.077
5.3858 547.871
5.62341 482.457
5.87151 199.487
6.13056 495.511
6.40103 301.527
6.68344 302.429
6.97831 289.086
7.28618 294.068
7.60764 397.034
7.94328 435.598
8.29373 512.025
8.65964 485.844
9.0417 500.766
9.44061 554.335
9.85712 490.391
10.292 395.191
10.7461 251.209
11.2202 24.8585
11.7152 260.499
12.2321 254.76
12.7717 464.734
13.3352 662.706
13.9236 418.162
14.5378 653.098
15.1792 59.3269
15.8489 395.428
16.5482 446.387
17.2783 278.972
18.0406 384.185
18.8365 142.857
19.6675 513.485
20.5353 114.696
21.4412 83.948
22.3872 306.641
23.3749 763.778
24.4062 616.502
25.483 416.931
26.6073 182.876
27.7811 0
29.0068 352.524
30.2866 626.27
31.6228 230.667
33.0179 512.85
34.4747 954.375
35.9956 725.869
37.5837 144.728
39.2419 178.416
40.9732 553.051
42.7809 422.241
44.6684 346.11
46.6391 259.744
48.6968 184.264
50.8452 559.916
53.0884 190.567
55.4307 371.212
57.8762 425.566
60.4296 920.649
63.0957 616.803
65.8795 743.681
68.786 691.173
71.8208 456.126
74.9894 516.014
78.2979 783.494
81.7523 267.786
85.3591 1162.1
89.1251 444.057
93.0572 440.037
97.1628 765.864
101.45 976.186
105.925 935.21
110.599 999.271
115.478 795.192
120.573 660.093
125.893 787.064
131.447 387.399
137.246 752.943
143.301 830.013
149.624 470.618
156.225 1058.31
163.117 1462.27
170.314 574.703
177.828 929.745
185.674 1360.24
193.865 638.469
202.418 1150.03
211.349 958.36
220.673 963.517
230.409 1167.45
240.575 1267.7
251.189 769.405
262.271 1216.86
273.842 828.104
285.924 1257.54
298.538 2011.91
311.709 776.69
325.462 1727.77
339.821 1792
354.813 1431.38
370.467 1734.58
386.812 1364.65
403.878 1291.2
421.697 1157.3
440.301 801.228
459.727 974.356
480.01 606.797
501.187 609.927
523.299 220.473
546.387 313.758
570.493 366.612
595.662 68.2102
621.942 34.2237
649.382 157.18
678.032 45.4223
707.946 96.6977
739.18 59.4326
771.792 177.715
805.842 0
841.395 0
878.517 0
917.276 24.4396
957.745 0
1000 0
