# First line is two numbers 
#     First value is '2', it means 'histogram mode'
#     Second value is 'Emin' of the histogram
# Other lines : 2 columns. 1) energy 2) probability (nb divided by NbEvent)
# Number of bins = 480
# Content below the first bin: 0
# Content above the last  bin: 118.679
# Content above the last  bin: 118.679
# Number of events: 209000
2 1e-06
1.04412e-06 0
1.09018e-06 0
1.13828e-06 0
1.1885e-06 0
1.24094e-06 0
1.29569e-06 0
1.35285e-06 0
1.41254e-06 0
1.47486e-06 0
1.53993e-06 0
1.60787e-06 0
1.6788e-06 0
1.75287e-06 0
1.83021e-06 0
1.91095e-06 0
1.99526e-06 0
2.08329e-06 0
2.1752e-06 0
2.27117e-06 0
2.37137e-06 0
2.476e-06 0
2.58523e-06 0
2.69929e-06 0
2.81838e-06 0
2.94273e-06 0
3.07256e-06 0
3.20812e-06 0
3.34965e-06 0
3.49744e-06 0
3.65174e-06 0
3.81285e-06 0
3.98107e-06 0
4.15671e-06 0
4.3401e-06 0
4.53158e-06 0
4.73151e-06 0
4.94026e-06 0
5.15822e-06 0
5.3858e-06 0
5.62341e-06 0
5.87151e-06 0
6.13056e-06 0
6.40103e-06 0
6.68344e-06 0
6.97831e-06 0
7.28618e-06 0
7.60764e-06 0
7.94328e-06 0
8.29373e-06 0
8.65964e-06 0
9.0417e-06 0
9.44061e-06 0
9.85712e-06 0
1.0292e-05 0
1.07461e-05 0
1.12202e-05 0
1.17152e-05 0
1.22321e-05 0
1.27717e-05 0
1.33352e-05 0
1.39236e-05 0
1.45378e-05 0
1.51792e-05 0
1.58489e-05 0
1.65482e-05 0
1.72783e-05 0
1.80406e-05 0
1.88365e-05 0
1.96675e-05 0
2.05353e-05 0
2.14412e-05 0
2.23872e-05 0
2.33749e-05 0
2.44062e-05 0
2.5483e-05 0
2.66073e-05 0
2.77811e-05 0
2.90068e-05 0
3.02866e-05 0
3.16228e-05 0
3.30179e-05 0
3.44747e-05 0
3.59956e-05 0
3.75837e-05 0
3.92419e-05 0
4.09732e-05 0
4.27809e-05 0
4.46684e-05 0
4.66391e-05 0
4.86968e-05 0
5.08452e-05 0
5.30884e-05 0
5.54307e-05 0
5.78762e-05 0
6.04296e-05 0
6.30957e-05 0
6.58795e-05 0
6.8786e-05 0
7.18208e-05 0
7.49894e-05 0
7.82979e-05 0
8.17523e-05 0
8.53591e-05 0
8.91251e-05 0
9.30572e-05 0
9.71628e-05 0
0.00010145 0
0.000105925 0
0.000110599 0
0.000115478 0
0.000120573 0
0.000125893 0
0.000131447 0
0.000137246 0
0.000143301 0
0.000149624 0
0.000156225 0
0.000163117 0
0.000170314 0
0.000177828 0
0.000185674 0
0.000193865 0
0.000202418 0
0.000211349 0
0.000220673 0
0.000230409 0
0.000240575 0
0.000251189 0
0.000262271 0
0.000273842 108.221
0.000285924 0
0.000298538 0
0.000311709 0
0.000325462 0
0.000339821 0
0.000354813 0
0.000370467 0
0.000386812 0
0.000403878 0
0.000421697 0
0.000440301 0
0.000459727 0
0.00048001 0
0.000501187 0
0.000523299 48.0395
0.000546387 0
0.000570493 0
0.000595662 0
0.000621942 0
0.000649382 0
0.000678032 0
0.000707946 0
0.00073918 0
0.000771792 0
0.000805842 0
0.000841395 0
0.000878517 0
0.000917276 0
0.000957745 0
0.001 0
0.00104412 0
0.00109018 0
0.00113828 0
0.0011885 0
0.00124094 0
0.00129569 0
0.00135285 0
0.00141254 0
0.00147486 0
0.00153993 0
0.00160787 0
0.0016788 0
0.00175287 0
0.00183021 0
0.00191095 99.8212
0.00199526 0
0.00208329 0
0.0021752 0
0.00227117 91.3151
0.00237137 0
0.002476 0
0.00258523 0
0.00269929 70.6978
0.00281838 0
0.00294273 0
0.00307256 0
0.00320812 0
0.00334965 0
0.00349744 0
0.00365174 0
0.00381285 0
0.00398107 0
0.00415671 0
0.0043401 54.3589
0.00453158 0
0.00473151 0
0.00494026 0
0.00515822 0
0.0053858 0
0.00562341 0
0.00587151 0
0.00613056 130.819
0.00640103 228.434
0.00668344 144.607
0.00697831 98.9942
0.00728618 222.66
0.00760764 59.7228
0.00794328 0
0.00829373 0
0.00865964 0
0.0090417 54.6693
0.00944061 0
0.00985712 69.9881
0.010292 58.0682
0.0107461 177.755
0.0112202 0
0.0117152 171.526
0.0122321 132.537
0.0127717 189.563
0.0133352 66.4105
0.0139236 163.385
0.0145378 109.123
0.0151792 580.094
0.0158489 281.043
0.0165482 233.46
0.0172783 425.096
0.0180406 382.509
0.0188365 571.689
0.0196675 252.203
0.0205353 93.2658
0.0214412 394.179
0.0223872 246.277
0.0233749 193.919
0.0244062 305.116
0.025483 468.805
0.0266073 998.122
0.0277811 757.655
0.0290068 590.325
0.0302866 498.383
0.0316228 755.497
0.0330179 987.525
0.0344747 1054.18
0.0359956 219.477
0.0375837 668.085
0.0392419 1051.55
0.0409732 875.854
0.0427809 1545.86
0.0446684 979.344
0.0466391 1714.25
0.0486968 1316.36
0.0508452 1620.16
0.0530884 1146.7
0.0554307 1371.62
0.0578762 1151.25
0.0604296 2273.03
0.0630957 1756.31
0.0658795 1244.72
0.068786 2549.18
0.0718208 2324.4
0.0749894 2780.93
0.0782979 2544.1
0.0817523 3477.41
0.0853591 2666.3
0.0891251 3164.86
0.0930572 2743.24
0.0971628 3841.9
0.10145 4014.15
0.105925 2988.63
0.110599 3997.02
0.115478 3598.41
0.120573 4454.46
0.125893 4582.05
0.131447 3916.98
0.137246 3095.53
0.143301 4210.02
0.149624 3714.18
0.156225 5092.19
0.163117 3463.87
0.170314 4028.68
0.177828 4695.53
0.185674 6200.45
0.193865 3962.93
0.202418 4613.99
0.211349 5210.01
0.220673 4824.12
0.230409 6345.55
0.240575 5105.16
0.251189 5644.7
0.262271 6410.65
0.273842 5566.86
0.285924 5566.66
0.298538 5788.47
0.311709 5754.35
0.325462 7404.76
0.339821 5552.46
0.354813 6610.96
0.370467 4818.93
0.386812 7597.35
0.403878 5591.78
0.421697 7208.01
0.440301 5772.61
0.459727 6494.58
0.48001 6683.67
0.501187 8681.41
0.523299 6786.71
0.546387 6987.37
0.570493 6081.15
0.595662 6160.38
0.621942 7086.83
0.649382 5769.92
0.678032 6794.93
0.707946 7891.75
0.73918 4918.28
0.771792 5490.24
0.805842 6664.38
0.841395 5760.02
0.878517 5970.95
0.917276 5446.03
0.957745 5394.19
1 4777.08
1.04412 3709.92
1.09018 4522.68
1.13828 4636.63
1.1885 4771.78
1.24094 3796.46
1.29569 3495.63
1.35285 3272.7
1.41254 2679.12
1.47486 2199.14
1.53993 2911.48
1.60787 3689.3
1.6788 3071.01
1.75287 2372.2
1.83021 2403.22
1.91095 1745.65
1.99526 2015.85
2.08329 2778.63
2.1752 2110.08
2.27117 2970.93
2.37137 2196.27
2.476 1690.93
2.58523 2335.63
2.69929 2625.04
2.81838 2075.85
2.94273 1554.79
3.07256 1587.74
3.20812 1631.63
3.34965 1242.17
3.49744 1542.18
3.65174 1759.38
3.81285 1215.44
3.98107 1779.49
4.15671 1340.86
4.3401 1573.79
4.53158 1573.64
4.73151 1045.9
4.94026 1518.76
5.15822 1584.26
5.3858 925.04
5.62341 1108.14
5.87151 1481.68
6.13056 945.791
6.40103 1220.17
6.68344 1790.57
6.97831 875.507
7.28618 1325.9
7.60764 990.404
7.94328 1283.66
8.29373 1185.85
8.65964 789.028
9.0417 956.563
9.44061 1078.31
9.85712 620.425
10.292 835.647
10.7461 1290.03
11.2202 1030.71
11.7152 696.967
12.2321 1050
12.7717 903.368
13.3352 752.282
13.9236 814.124
14.5378 1012.76
15.1792 712.761
15.8489 717.237
16.5482 1002.08
17.2783 1474.71
18.0406 570.616
18.8365 321.733
19.6675 616.419
20.5353 504.361
21.4412 1132.54
22.3872 816.973
23.3749 874.264
24.4062 490.867
25.483 1043.53
26.6073 725.307
27.7811 859.163
29.0068 1178.67
30.2866 542.461
31.6228 922.114
33.0179 914.913
34.4747 1022.59
35.9956 737.731
37.5837 869.687
39.2419 763.264
40.9732 668.892
42.7809 807.38
44.6684 1799.26
46.6391 1028.39
48.6968 880.643
50.8452 1393.22
53.0884 1061.6
55.4307 1138.55
57.8762 1764.48
60.4296 1082.49
63.0957 1312.45
65.8795 1860.35
68.786 1100.94
71.8208 1901.43
74.9894 1571.73
78.2979 1408.73
81.7523 2008.17
85.3591 1609.78
89.1251 2141.4
93.0572 1490.38
97.1628 856.127
101.45 1732.88
105.925 2283.8
110.599 1936.43
115.478 2390.3
120.573 1374.77
125.893 2195.13
131.447 2617.92
137.246 2870.05
143.301 2019.07
149.624 2099.08
156.225 1902.61
163.117 1875.2
170.314 3053.17
177.828 2347.46
185.674 3406.56
193.865 2665.54
202.418 3246.33
211.349 2993.72
220.673 2813.87
230.409 1726.36
240.575 3002.31
251.189 2954.04
262.271 3672.77
273.842 3977.25
285.924 3129.61
298.538 4058.17
311.709 4622.18
325.462 5236.14
339.821 4320.05
354.813 3456.8
370.467 3693.94
386.812 2914.14
403.878 2445.54
421.697 2589.92
440.301 1257.13
459.727 1439.75
480.01 1409.56
501.187 310.247
523.299 460.474
546.387 488.301
570.493 608.368
595.662 241.631
621.942 153.18
649.382 222.962
678.032 502.322
707.946 66.9091
739.18 281.495
771.792 65.1217
805.842 48.1261
841.395 54.8833
878.517 106.69
917.276 0
957.745 0
1000 0
