# First line is two numbers 
#     First value is '2', it means 'histogram mode'
#     Second value is 'Emin' of the histogram
# Other lines : 2 columns. 1) energy 2) probability (nb divided by NbEvent)
# Number of bins = 480
# Content below the first bin: 0
# Content above the last  bin: 0
# Content above the last  bin: 0
# Number of events: 209000
2 1e-06
1.04412e-06 0
1.09018e-06 0
1.13828e-06 0
1.1885e-06 0
1.24094e-06 0
1.29569e-06 0
1.35285e-06 0
1.41254e-06 0
1.47486e-06 0
1.53993e-06 0
1.60787e-06 0
1.6788e-06 0
1.75287e-06 0
1.83021e-06 0
1.91095e-06 0
1.99526e-06 0
2.08329e-06 0
2.1752e-06 0
2.27117e-06 0
2.37137e-06 0
2.476e-06 0
2.58523e-06 0
2.69929e-06 0
2.81838e-06 0
2.94273e-06 0
3.07256e-06 0
3.20812e-06 0
3.34965e-06 0
3.49744e-06 0
3.65174e-06 0
3.81285e-06 0
3.98107e-06 0
4.15671e-06 0
4.3401e-06 0
4.53158e-06 0
4.73151e-06 0
4.94026e-06 0
5.15822e-06 0
5.3858e-06 0
5.62341e-06 0
5.87151e-06 0
6.13056e-06 0
6.40103e-06 0
6.68344e-06 0
6.97831e-06 0
7.28618e-06 0
7.60764e-06 0
7.94328e-06 0
8.29373e-06 0
8.65964e-06 0
9.0417e-06 0
9.44061e-06 0
9.85712e-06 0
1.0292e-05 0
1.07461e-05 0
1.12202e-05 0
1.17152e-05 0
1.22321e-05 0
1.27717e-05 0
1.33352e-05 0
1.39236e-05 0
1.45378e-05 0
1.51792e-05 0
1.58489e-05 0
1.65482e-05 0
1.72783e-05 0
1.80406e-05 0
1.88365e-05 0
1.96675e-05 0
2.05353e-05 0
2.14412e-05 0
2.23872e-05 0
2.33749e-05 0
2.44062e-05 0
2.5483e-05 0
2.66073e-05 0
2.77811e-05 0
2.90068e-05 0
3.02866e-05 0
3.16228e-05 0
3.30179e-05 0
3.44747e-05 0
3.59956e-05 0
3.75837e-05 0
3.92419e-05 0
4.09732e-05 0
4.27809e-05 0
4.46684e-05 0
4.66391e-05 0
4.86968e-05 0
5.08452e-05 0
5.30884e-05 0
5.54307e-05 0
5.78762e-05 0
6.04296e-05 0
6.30957e-05 0
6.58795e-05 0
6.8786e-05 0
7.18208e-05 0
7.49894e-05 0
7.82979e-05 0
8.17523e-05 0
8.53591e-05 0
8.91251e-05 0
9.30572e-05 0
9.71628e-05 0
0.00010145 0
0.000105925 0
0.000110599 0
0.000115478 0
0.000120573 0
0.000125893 0
0.000131447 0
0.000137246 0
0.000143301 0
0.000149624 0
0.000156225 0
0.000163117 0
0.000170314 0
0.000177828 0
0.000185674 0
0.000193865 0
0.000202418 0
0.000211349 0
0.000220673 0
0.000230409 0
0.000240575 0
0.000251189 0
0.000262271 0
0.000273842 0
0.000285924 0
0.000298538 0
0.000311709 0
0.000325462 0
0.000339821 0
0.000354813 0
0.000370467 0
0.000386812 0
0.000403878 0
0.000421697 0
0.000440301 0
0.000459727 0
0.00048001 0
0.000501187 0
0.000523299 0
0.000546387 0
0.000570493 0
0.000595662 0
0.000621942 0
0.000649382 0
0.000678032 0
0.000707946 0
0.00073918 0
0.000771792 0
0.000805842 0
0.000841395 0
0.000878517 0
0.000917276 0
0.000957745 0
0.001 0
0.00104412 0
0.00109018 0
0.00113828 0
0.0011885 0
0.00124094 0
0.00129569 0
0.00135285 0
0.00141254 0
0.00147486 0
0.00153993 0
0.00160787 0
0.0016788 0
0.00175287 0
0.00183021 0
0.00191095 0
0.00199526 0
0.00208329 0
0.0021752 0
0.00227117 0
0.00237137 0
0.002476 0
0.00258523 0
0.00269929 0
0.00281838 0
0.00294273 0
0.00307256 0
0.00320812 0
0.00334965 0
0.00349744 0
0.00365174 0
0.00381285 0
0.00398107 0
0.00415671 0
0.0043401 0
0.00453158 0
0.00473151 0
0.00494026 0
0.00515822 0
0.0053858 0
0.00562341 0
0.00587151 0
0.00613056 0
0.00640103 0
0.00668344 0
0.00697831 0
0.00728618 0
0.00760764 0
0.00794328 0
0.00829373 0
0.00865964 0
0.0090417 0
0.00944061 0
0.00985712 0
0.010292 0
0.0107461 0
0.0112202 0
0.0117152 0
0.0122321 0
0.0127717 0
0.0133352 0
0.0139236 0
0.0145378 0
0.0151792 0
0.0158489 0
0.0165482 0
0.0172783 0
0.0180406 0
0.0188365 91.1553
0.0196675 0
0.0205353 0
0.0214412 0
0.0223872 0
0.0233749 0
0.0244062 0
0.025483 78.8222
0.0266073 0
0.0277811 72.5689
0.0290068 86.4248
0.0302866 99.6697
0.0316228 0
0.0330179 0
0.0344747 0
0.0359956 0
0.0375837 0
0.0392419 0
0.0409732 0
0.0427809 0
0.0446684 92.2184
0.0466391 0
0.0486968 0
0.0508452 55.9317
0.0530884 0
0.0554307 0
0.0578762 78.6807
0.0604296 0
0.0630957 60.5105
0.0658795 220.701
0.068786 44.3183
0.0718208 50.4548
0.0749894 30.7591
0.0782979 0
0.0817523 0
0.0853591 0
0.0891251 76.6708
0.0930572 117.172
0.0971628 40.2728
0.10145 212.486
0.105925 0
0.110599 30.7624
0.115478 155.917
0.120573 0
0.125893 161.22
0.131447 117.628
0.137246 104.075
0.143301 105.348
0.149624 0
0.156225 118.596
0.163117 280.687
0.170314 59.5792
0.177828 159.423
0.185674 86.3653
0.193865 204.982
0.202418 0
0.211349 80.6736
0.220673 287.531
0.230409 389.908
0.240575 92.7136
0.251189 251.962
0.262271 324.803
0.273842 305.371
0.285924 89.6307
0.298538 100.922
0.311709 79.1686
0.325462 94.7701
0.339821 83.1819
0.354813 99.4324
0.370467 559.136
0.386812 221.747
0.403878 264.828
0.421697 490.627
0.440301 427.636
0.459727 278.321
0.48001 506.269
0.501187 315.382
0.523299 336.944
0.546387 259.837
0.570493 486.018
0.595662 500.918
0.621942 448.542
0.649382 199.104
0.678032 369.693
0.707946 228.201
0.73918 335.395
0.771792 240.571
0.805842 258.124
0.841395 339.729
0.878517 158.748
0.917276 108.246
0.957745 217.003
1 175.731
1.04412 114.274
1.09018 431.066
1.13828 177.972
1.1885 312.066
1.24094 365.144
1.29569 331.54
1.35285 211.395
1.41254 205.168
1.47486 208.092
1.53993 162.293
1.60787 126.642
1.6788 486.275
1.75287 55.4056
1.83021 433.676
1.91095 75.2184
1.99526 142.957
2.08329 26.5915
2.1752 248.162
2.27117 80.4519
2.37137 55.3177
2.476 98.2073
2.58523 70.7479
2.69929 244.705
2.81838 99.4979
2.94273 79.9752
3.07256 0
3.20812 185.95
3.34965 100.413
3.49744 43.4381
3.65174 336.99
3.81285 0
3.98107 60.3987
4.15671 164.591
4.3401 261.52
4.53158 181.592
4.73151 260.083
4.94026 269.643
5.15822 285.73
5.3858 146.073
5.62341 262.091
5.87151 588.612
6.13056 103.55
6.40103 182.087
6.68344 181.682
6.97831 184.848
7.28618 401.056
7.60764 111.132
7.94328 111.268
8.29373 53.5877
8.65964 272.339
9.0417 291.233
9.44061 185.689
9.85712 78.7514
10.292 180.839
10.7461 0
11.2202 70.0285
11.7152 0
12.2321 166.409
12.7717 149.958
13.3352 140.563
13.9236 110.493
14.5378 365.447
15.1792 214.572
15.8489 134.364
16.5482 232.32
17.2783 114.929
18.0406 396.233
18.8365 114.416
19.6675 134.419
20.5353 68.1673
21.4412 227.531
22.3872 526.564
23.3749 344.23
24.4062 94.6313
25.483 150.861
26.6073 161.925
27.7811 93.5424
29.0068 155.377
30.2866 150.089
31.6228 0
33.0179 71.2232
34.4747 424.827
35.9956 204.254
37.5837 112.088
39.2419 113.106
40.9732 174.613
42.7809 401.487
44.6684 155.54
46.6391 483.825
48.6968 174.726
50.8452 402.395
53.0884 195.274
55.4307 247.147
57.8762 144.651
60.4296 114.772
63.0957 282.127
65.8795 129.779
68.786 532.822
71.8208 504.165
74.9894 297.22
78.2979 214.576
81.7523 331.663
85.3591 270.655
89.1251 254.583
93.0572 458.35
97.1628 630.454
101.45 322.667
105.925 286.452
110.599 547.781
115.478 269.507
120.573 526.699
125.893 719.597
131.447 474.703
137.246 338.88
143.301 656.172
149.624 386.81
156.225 273.792
163.117 542.178
170.314 930.186
177.828 435.415
185.674 952.762
193.865 608.38
202.418 1137.96
211.349 1148.89
220.673 787.849
230.409 487.418
240.575 1037.71
251.189 1542.99
262.271 1790.07
273.842 1300.78
285.924 2500.63
298.538 1792.97
311.709 2156.63
325.462 4157.03
339.821 3843.73
354.813 4833.2
370.467 4570.26
386.812 4997.56
403.878 5101.82
421.697 4528.96
440.301 3729.31
459.727 2327.18
480.01 2133.94
501.187 1315.74
523.299 645.05
546.387 1128.96
570.493 348.419
595.662 356.612
621.942 139.227
649.382 68.2257
678.032 122.972
707.946 184.869
739.18 86.7161
771.792 30.5931
805.842 0
841.395 0
878.517 92.4689
917.276 0
957.745 0
1000 0
