# First line is two numbers 
#     First value is '2', it means 'histogram mode'
#     Second value is 'Emin' of the histogram
# Other lines : 2 columns. 1) energy 2) probability (nb divided by NbEvent)
# Number of bins = 480
# Content below the first bin: 0
# Content above the last  bin: 0
# Content above the last  bin: 0
# Number of events: 209000
2 1e-06
1.04412e-06 0
1.09018e-06 0
1.13828e-06 0
1.1885e-06 0
1.24094e-06 0
1.29569e-06 0
1.35285e-06 0
1.41254e-06 0
1.47486e-06 0
1.53993e-06 0
1.60787e-06 0
1.6788e-06 0
1.75287e-06 0
1.83021e-06 0
1.91095e-06 0
1.99526e-06 0
2.08329e-06 0
2.1752e-06 0
2.27117e-06 0
2.37137e-06 0
2.476e-06 0
2.58523e-06 0
2.69929e-06 0
2.81838e-06 0
2.94273e-06 0
3.07256e-06 0
3.20812e-06 0
3.34965e-06 0
3.49744e-06 0
3.65174e-06 0
3.81285e-06 0
3.98107e-06 0
4.15671e-06 0
4.3401e-06 0
4.53158e-06 0
4.73151e-06 0
4.94026e-06 0
5.15822e-06 0
5.3858e-06 0
5.62341e-06 0
5.87151e-06 0
6.13056e-06 0
6.40103e-06 0
6.68344e-06 0
6.97831e-06 0
7.28618e-06 0
7.60764e-06 0
7.94328e-06 0
8.29373e-06 0
8.65964e-06 0
9.0417e-06 0
9.44061e-06 0
9.85712e-06 0
1.0292e-05 0
1.07461e-05 0
1.12202e-05 0
1.17152e-05 0
1.22321e-05 0
1.27717e-05 0
1.33352e-05 0
1.39236e-05 0
1.45378e-05 0
1.51792e-05 0
1.58489e-05 0
1.65482e-05 0
1.72783e-05 0
1.80406e-05 0
1.88365e-05 0
1.96675e-05 0
2.05353e-05 0
2.14412e-05 0
2.23872e-05 0
2.33749e-05 0
2.44062e-05 0
2.5483e-05 0
2.66073e-05 0
2.77811e-05 0
2.90068e-05 0
3.02866e-05 0
3.16228e-05 0
3.30179e-05 0
3.44747e-05 0
3.59956e-05 0
3.75837e-05 0
3.92419e-05 0
4.09732e-05 0
4.27809e-05 0
4.46684e-05 0
4.66391e-05 0
4.86968e-05 0
5.08452e-05 0
5.30884e-05 0
5.54307e-05 0
5.78762e-05 0
6.04296e-05 0
6.30957e-05 0
6.58795e-05 0
6.8786e-05 0
7.18208e-05 0
7.49894e-05 0
7.82979e-05 0
8.17523e-05 0
8.53591e-05 0
8.91251e-05 0
9.30572e-05 0
9.71628e-05 0
0.00010145 0
0.000105925 0
0.000110599 0
0.000115478 0
0.000120573 0
0.000125893 0
0.000131447 0
0.000137246 0
0.000143301 0
0.000149624 0
0.000156225 0
0.000163117 0
0.000170314 0
0.000177828 0
0.000185674 0
0.000193865 0
0.000202418 0
0.000211349 0
0.000220673 0
0.000230409 0
0.000240575 0
0.000251189 0
0.000262271 0
0.000273842 0
0.000285924 0
0.000298538 0
0.000311709 0
0.000325462 0
0.000339821 0
0.000354813 0
0.000370467 0
0.000386812 0
0.000403878 0
0.000421697 0
0.000440301 0
0.000459727 0
0.00048001 0
0.000501187 0
0.000523299 0
0.000546387 0
0.000570493 0
0.000595662 0
0.000621942 0
0.000649382 0
0.000678032 0
0.000707946 0
0.00073918 0
0.000771792 0
0.000805842 0
0.000841395 0
0.000878517 0
0.000917276 0
0.000957745 0
0.001 0
0.00104412 0
0.00109018 0
0.00113828 0
0.0011885 0
0.00124094 0
0.00129569 0
0.00135285 0
0.00141254 0
0.00147486 0
0.00153993 0
0.00160787 0
0.0016788 0
0.00175287 0
0.00183021 0
0.00191095 0
0.00199526 0
0.00208329 0
0.0021752 0
0.00227117 0
0.00237137 0
0.002476 0
0.00258523 0
0.00269929 0
0.00281838 0
0.00294273 0
0.00307256 0
0.00320812 0
0.00334965 0
0.00349744 0
0.00365174 0
0.00381285 0
0.00398107 0
0.00415671 0
0.0043401 0
0.00453158 0
0.00473151 0
0.00494026 0
0.00515822 0
0.0053858 0
0.00562341 0
0.00587151 0
0.00613056 0
0.00640103 0
0.00668344 95.5295
0.00697831 0
0.00728618 0
0.00760764 0
0.00794328 0
0.00829373 0
0.00865964 0
0.0090417 0
0.00944061 0
0.00985712 0
0.010292 0
0.0107461 84.915
0.0112202 0
0.0117152 109.95
0.0122321 0
0.0127717 0
0.0133352 0
0.0139236 0
0.0145378 0
0.0151792 0
0.0158489 0
0.0165482 0
0.0172783 0
0.0180406 0
0.0188365 0
0.0196675 0
0.0205353 0
0.0214412 0
0.0223872 0
0.0233749 0
0.0244062 0
0.025483 0
0.0266073 0
0.0277811 141.143
0.0290068 36.7057
0.0302866 0
0.0316228 0
0.0330179 32.2602
0.0344747 0
0.0359956 0
0.0375837 0
0.0392419 0
0.0409732 169.726
0.0427809 0
0.0446684 0
0.0466391 154.578
0.0486968 91.9173
0.0508452 94.0619
0.0530884 0
0.0554307 0
0.0578762 0
0.0604296 71.842
0.0630957 0
0.0658795 56.0047
0.068786 167.449
0.0718208 118.453
0.0749894 254.347
0.0782979 0
0.0817523 0
0.0853591 96.1545
0.0891251 0
0.0930572 0
0.0971628 0
0.10145 0
0.105925 0
0.110599 132.553
0.115478 74.1348
0.120573 101.949
0.125893 181.848
0.131447 0
0.137246 178.772
0.143301 214.544
0.149624 110.465
0.156225 0
0.163117 117.748
0.170314 0
0.177828 95.0993
0.185674 171.266
0.193865 58.7282
0.202418 269.779
0.211349 325.077
0.220673 0
0.230409 245.876
0.240575 56.0506
0.251189 105.767
0.262271 152.017
0.273842 64.7309
0.285924 543.841
0.298538 286.015
0.311709 0
0.325462 82.7516
0.339821 355.435
0.354813 550.531
0.370467 204.162
0.386812 438.552
0.403878 257.753
0.421697 155.724
0.440301 419.755
0.459727 361.81
0.48001 145.269
0.501187 260.004
0.523299 57.7217
0.546387 267.445
0.570493 183.371
0.595662 277.168
0.621942 254.604
0.649382 22.6146
0.678032 365.106
0.707946 299.815
0.73918 75.3062
0.771792 399.859
0.805842 328.044
0.841395 308.857
0.878517 120.679
0.917276 458.281
0.957745 234.668
1 254.657
1.04412 305.633
1.09018 177.791
1.13828 372.993
1.1885 328.278
1.24094 92.6157
1.29569 318.559
1.35285 157.471
1.41254 50.4434
1.47486 211.728
1.53993 450.257
1.60787 358.21
1.6788 156.638
1.75287 300.669
1.83021 164.734
1.91095 137.65
1.99526 32.9627
2.08329 176.496
2.1752 189.321
2.27117 75.3898
2.37137 331.13
2.476 283.489
2.58523 261.908
2.69929 324.458
2.81838 0
2.94273 205.38
3.07256 0
3.20812 281.709
3.34965 26.7549
3.49744 102.444
3.65174 330.866
3.81285 328.017
3.98107 115.364
4.15671 315.132
4.3401 0
4.53158 207.391
4.73151 14.6865
4.94026 397.442
5.15822 336.685
5.3858 165.381
5.62341 86.1919
5.87151 0
6.13056 297.867
6.40103 277.87
6.68344 0
6.97831 0
7.28618 378.139
7.60764 91.2152
7.94328 0
8.29373 117.92
8.65964 38.8939
9.0417 316.923
9.44061 111.133
9.85712 0
10.292 275.379
10.7461 420.688
11.2202 375.317
11.7152 3.48472
12.2321 153.152
12.7717 153.562
13.3352 20.4598
13.9236 205.333
14.5378 82.3003
15.1792 89.7094
15.8489 128.344
16.5482 225.046
17.2783 150.988
18.0406 247.352
18.8365 375.798
19.6675 120.721
20.5353 193.716
21.4412 403.404
22.3872 0
23.3749 55.3866
24.4062 187.075
25.483 263.586
26.6073 410.806
27.7811 153.35
29.0068 226.145
30.2866 274.925
31.6228 274.205
33.0179 294.318
34.4747 91.3757
35.9956 96.1808
37.5837 234.337
39.2419 152.185
40.9732 444.438
42.7809 232.29
44.6684 325.73
46.6391 116.845
48.6968 308.038
50.8452 420.669
53.0884 535.979
55.4307 436.959
57.8762 378.993
60.4296 0
63.0957 251.886
65.8795 213.445
68.786 158.662
71.8208 199.679
74.9894 470.672
78.2979 98.9524
81.7523 84.4087
85.3591 442.663
89.1251 255.551
93.0572 337.775
97.1628 353.024
101.45 503.622
105.925 578.364
110.599 302.496
115.478 438.097
120.573 214.217
125.893 339.677
131.447 437.653
137.246 627.516
143.301 520.411
149.624 667.114
156.225 500.363
163.117 521.33
170.314 631.426
177.828 726.737
185.674 801.087
193.865 373.149
202.418 630.421
211.349 1234.66
220.673 565.097
230.409 1112.4
240.575 1021.97
251.189 942.726
262.271 1216.77
273.842 2479.77
285.924 2028.43
298.538 3651.94
311.709 3463.58
325.462 3911.6
339.821 2943.71
354.813 4860.96
370.467 3871.09
386.812 4673.26
403.878 4568.3
421.697 4119.96
440.301 3491.71
459.727 1773.9
480.01 1390.79
501.187 577.81
523.299 550.506
546.387 878.813
570.493 186.399
595.662 622.192
621.942 281.06
649.382 471.888
678.032 189.931
707.946 62.1766
739.18 145.152
771.792 80.9485
805.842 177.52
841.395 119.352
878.517 84.3833
917.276 0
957.745 102.123
1000 0
