# First line is two numbers 
#     First value is '2', it means 'histogram mode'
#     Second value is 'Emin' of the histogram
# Other lines : 2 columns. 1) energy 2) probability (nb divided by NbEvent)
# Number of bins = 480
# Content below the first bin: 0
# Content above the last  bin: 0
# Content above the last  bin: 0
# Number of events: 209000
2 1e-06
1.04412e-06 0
1.09018e-06 0
1.13828e-06 0
1.1885e-06 0
1.24094e-06 0
1.29569e-06 0
1.35285e-06 0
1.41254e-06 0
1.47486e-06 0
1.53993e-06 0
1.60787e-06 0
1.6788e-06 0
1.75287e-06 0
1.83021e-06 0
1.91095e-06 0
1.99526e-06 0
2.08329e-06 0
2.1752e-06 0
2.27117e-06 0
2.37137e-06 0
2.476e-06 0
2.58523e-06 0
2.69929e-06 0
2.81838e-06 0
2.94273e-06 0
3.07256e-06 0
3.20812e-06 0
3.34965e-06 0
3.49744e-06 0
3.65174e-06 0
3.81285e-06 0
3.98107e-06 0
4.15671e-06 0
4.3401e-06 0
4.53158e-06 0
4.73151e-06 0
4.94026e-06 0
5.15822e-06 0
5.3858e-06 0
5.62341e-06 0
5.87151e-06 0
6.13056e-06 0
6.40103e-06 0
6.68344e-06 0
6.97831e-06 0
7.28618e-06 0
7.60764e-06 0
7.94328e-06 0
8.29373e-06 0
8.65964e-06 0
9.0417e-06 0
9.44061e-06 0
9.85712e-06 0
1.0292e-05 0
1.07461e-05 0
1.12202e-05 0
1.17152e-05 0
1.22321e-05 0
1.27717e-05 0
1.33352e-05 0
1.39236e-05 0
1.45378e-05 0
1.51792e-05 0
1.58489e-05 0
1.65482e-05 0
1.72783e-05 0
1.80406e-05 0
1.88365e-05 0
1.96675e-05 0
2.05353e-05 0
2.14412e-05 0
2.23872e-05 0
2.33749e-05 0
2.44062e-05 0
2.5483e-05 0
2.66073e-05 0
2.77811e-05 0
2.90068e-05 0
3.02866e-05 0
3.16228e-05 0
3.30179e-05 0
3.44747e-05 0
3.59956e-05 0
3.75837e-05 0
3.92419e-05 0
4.09732e-05 0
4.27809e-05 0
4.46684e-05 0
4.66391e-05 0
4.86968e-05 0
5.08452e-05 0
5.30884e-05 0
5.54307e-05 0
5.78762e-05 0
6.04296e-05 0
6.30957e-05 0
6.58795e-05 0
6.8786e-05 0
7.18208e-05 0
7.49894e-05 0
7.82979e-05 0
8.17523e-05 0
8.53591e-05 0
8.91251e-05 0
9.30572e-05 0
9.71628e-05 0
0.00010145 0
0.000105925 0
0.000110599 0
0.000115478 0
0.000120573 0
0.000125893 0
0.000131447 0
0.000137246 0
0.000143301 0
0.000149624 0
0.000156225 0
0.000163117 0
0.000170314 0
0.000177828 0
0.000185674 0
0.000193865 0
0.000202418 0
0.000211349 0
0.000220673 0
0.000230409 0
0.000240575 0
0.000251189 0
0.000262271 0
0.000273842 0
0.000285924 0
0.000298538 0
0.000311709 0
0.000325462 0
0.000339821 0
0.000354813 0
0.000370467 0
0.000386812 0
0.000403878 0
0.000421697 0
0.000440301 0
0.000459727 0
0.00048001 0
0.000501187 0
0.000523299 0
0.000546387 0
0.000570493 0
0.000595662 0
0.000621942 0
0.000649382 0
0.000678032 0
0.000707946 0
0.00073918 0
0.000771792 0
0.000805842 0
0.000841395 0
0.000878517 0
0.000917276 0
0.000957745 0
0.001 0
0.00104412 0
0.00109018 0
0.00113828 0
0.0011885 0
0.00124094 0
0.00129569 0
0.00135285 0
0.00141254 0
0.00147486 0
0.00153993 191.155
0.00160787 0
0.0016788 0
0.00175287 0
0.00183021 0
0.00191095 0
0.00199526 43.5172
0.00208329 0
0.0021752 0
0.00227117 0
0.00237137 0
0.002476 0
0.00258523 0
0.00269929 0
0.00281838 0
0.00294273 223.804
0.00307256 0
0.00320812 78.104
0.00334965 0
0.00349744 109.05
0.00365174 0
0.00381285 91.2242
0.00398107 152.48
0.00415671 0
0.0043401 0
0.00453158 92.2839
0.00473151 65.4139
0.00494026 214.738
0.00515822 64.1787
0.0053858 169.025
0.00562341 184.366
0.00587151 0
0.00613056 209.262
0.00640103 154.719
0.00668344 109.91
0.00697831 89.3349
0.00728618 135.955
0.00760764 194.69
0.00794328 90.3669
0.00829373 415.158
0.00865964 397.956
0.0090417 249.83
0.00944061 251.463
0.00985712 280.58
0.010292 489.583
0.0107461 345.94
0.0112202 316.887
0.0117152 206.277
0.0122321 563.97
0.0127717 575.409
0.0133352 770.041
0.0139236 610.504
0.0145378 843.316
0.0151792 1126.54
0.0158489 976.252
0.0165482 1087.44
0.0172783 979.78
0.0180406 1032.63
0.0188365 1495.13
0.0196675 1833.09
0.0205353 1002.92
0.0214412 619.545
0.0223872 1390.15
0.0233749 1856.35
0.0244062 1523.02
0.025483 1818.38
0.0266073 1762.29
0.0277811 2039.67
0.0290068 1543.57
0.0302866 2490.65
0.0316228 2289.21
0.0330179 3756.72
0.0344747 2604.53
0.0359956 3231.77
0.0375837 3669.24
0.0392419 3274.39
0.0409732 2770.53
0.0427809 3996.77
0.0446684 4447.48
0.0466391 4656.93
0.0486968 4184.37
0.0508452 5999.24
0.0530884 6739.32
0.0554307 5174.88
0.0578762 4694.75
0.0604296 7293.53
0.0630957 7494.71
0.0658795 7304.23
0.068786 7576.19
0.0718208 6288.33
0.0749894 7014.36
0.0782979 8175.21
0.0817523 9049.3
0.0853591 7540.26
0.0891251 10646.5
0.0930572 10135.8
0.0971628 11171.2
0.10145 9507.37
0.105925 11131.4
0.110599 9963.07
0.115478 12161.9
0.120573 12789.7
0.125893 12439.4
0.131447 12179.4
0.137246 12086.2
0.143301 15093.9
0.149624 13697.9
0.156225 15000
0.163117 14282
0.170314 12187.5
0.177828 15090
0.185674 14399.2
0.193865 15361.8
0.202418 13558.7
0.211349 16413.1
0.220673 17319.5
0.230409 15804.8
0.240575 13948.2
0.251189 15625.6
0.262271 17466.7
0.273842 15752.8
0.285924 16668.3
0.298538 17389.6
0.311709 16614.4
0.325462 16527.2
0.339821 18027.5
0.354813 18066.1
0.370467 17358.9
0.386812 17096.7
0.403878 20200.8
0.421697 18719.4
0.440301 16948.1
0.459727 18417.1
0.48001 17365.9
0.501187 18517.9
0.523299 19291.6
0.546387 17914.6
0.570493 20515.9
0.595662 18569.9
0.621942 17334.8
0.649382 16025.3
0.678032 14851
0.707946 13514.8
0.73918 17037.4
0.771792 14162.4
0.805842 13489.4
0.841395 14989.9
0.878517 13495.4
0.917276 12819.7
0.957745 11304.5
1 11460.5
1.04412 10485.5
1.09018 10554.3
1.13828 8878.41
1.1885 9080.37
1.24094 8903.2
1.29569 10461.1
1.35285 7382.9
1.41254 6703.31
1.47486 5645.66
1.53993 7233.44
1.60787 6149.68
1.6788 7627.78
1.75287 5540.86
1.83021 6961.89
1.91095 5252.54
1.99526 5988.81
2.08329 6693.35
2.1752 5377.32
2.27117 4667.64
2.37137 3545.48
2.476 4276.75
2.58523 3587.2
2.69929 4133.48
2.81838 5961.2
2.94273 4590.42
3.07256 5555.49
3.20812 3282.48
3.34965 3812.67
3.49744 3512.7
3.65174 3305.57
3.81285 3436.14
3.98107 2933.29
4.15671 3642.82
4.3401 3238.8
4.53158 3271.92
4.73151 3625.91
4.94026 3015.88
5.15822 1998.47
5.3858 2819.37
5.62341 3032.91
5.87151 2001.28
6.13056 2062.81
6.40103 2077.61
6.68344 2427.5
6.97831 2364.83
7.28618 1249.2
7.60764 2362.77
7.94328 2218.96
8.29373 1962.09
8.65964 2437.31
9.0417 2251.85
9.44061 2941.19
9.85712 1061.26
10.292 1563.6
10.7461 1275.44
11.2202 2025.52
11.7152 1662.33
12.2321 1981.45
12.7717 1642.03
13.3352 1870.75
13.9236 1333.43
14.5378 1596.05
15.1792 1966.19
15.8489 1530.76
16.5482 2012.57
17.2783 2016.66
18.0406 1234.8
18.8365 1356.55
19.6675 1080.39
20.5353 1256.97
21.4412 1542.48
22.3872 1929.99
23.3749 1825.17
24.4062 2500.65
25.483 1491.16
26.6073 1762.97
27.7811 1257.99
29.0068 2136.67
30.2866 1610.37
31.6228 2123.48
33.0179 1735.12
34.4747 1790.61
35.9956 2117.63
37.5837 3031.36
39.2419 879.327
40.9732 2193.34
42.7809 2524.85
44.6684 3669.53
46.6391 2647.77
48.6968 2268.72
50.8452 1965.84
53.0884 1563.74
55.4307 2164.47
57.8762 3087.79
60.4296 2574.42
63.0957 2664.09
65.8795 3295.18
68.786 3232.98
71.8208 3139.99
74.9894 4088.24
78.2979 3792.25
81.7523 2756.67
85.3591 3136.82
89.1251 4292.74
93.0572 4359.6
97.1628 4499.64
101.45 3037.48
105.925 2517.15
110.599 3251.04
115.478 3277.71
120.573 2638.99
125.893 3957.11
131.447 4049.65
137.246 3287.77
143.301 3725.3
149.624 3736.9
156.225 4561.22
163.117 4198.64
170.314 4477.14
177.828 4059.81
185.674 4623.57
193.865 4838.66
202.418 4333.88
211.349 3042.6
220.673 3775.2
230.409 3576.4
240.575 3292.84
251.189 3617.78
262.271 4345.47
273.842 4738.73
285.924 4082.87
298.538 3722.94
311.709 4073.98
325.462 3132.97
339.821 4490.08
354.813 3817.74
370.467 3286.15
386.812 3838.17
403.878 1982.89
421.697 1909.23
440.301 1503.94
459.727 1416.71
480.01 1270.7
501.187 750.309
523.299 758.259
546.387 661.534
570.493 531.112
595.662 652.467
621.942 652.709
649.382 378.626
678.032 199.171
707.946 297.744
739.18 115.446
771.792 205.583
805.842 257.521
841.395 172.06
878.517 0
917.276 0
957.745 46.7771
1000 0
