# First line is two numbers 
#     First value is '2', it means 'histogram mode'
#     Second value is 'Emin' of the histogram
# Other lines : 2 columns. 1) energy 2) probability (nb divided by NbEvent)
# Number of bins = 480
# Content below the first bin: 0
# Content above the last  bin: 0
# Content above the last  bin: 0
# Number of events: 209000
2 1e-06
1.04412e-06 0
1.09018e-06 0
1.13828e-06 0
1.1885e-06 0
1.24094e-06 0
1.29569e-06 0
1.35285e-06 0
1.41254e-06 0
1.47486e-06 0
1.53993e-06 0
1.60787e-06 0
1.6788e-06 0
1.75287e-06 0
1.83021e-06 0
1.91095e-06 0
1.99526e-06 0
2.08329e-06 0
2.1752e-06 0
2.27117e-06 0
2.37137e-06 0
2.476e-06 0
2.58523e-06 0
2.69929e-06 0
2.81838e-06 0
2.94273e-06 0
3.07256e-06 0
3.20812e-06 0
3.34965e-06 0
3.49744e-06 0
3.65174e-06 0
3.81285e-06 0
3.98107e-06 0
4.15671e-06 0
4.3401e-06 0
4.53158e-06 0
4.73151e-06 0
4.94026e-06 0
5.15822e-06 0
5.3858e-06 0
5.62341e-06 0
5.87151e-06 0
6.13056e-06 0
6.40103e-06 0
6.68344e-06 0
6.97831e-06 0
7.28618e-06 0
7.60764e-06 0
7.94328e-06 0
8.29373e-06 0
8.65964e-06 0
9.0417e-06 0
9.44061e-06 0
9.85712e-06 0
1.0292e-05 0
1.07461e-05 0
1.12202e-05 0
1.17152e-05 0
1.22321e-05 0
1.27717e-05 0
1.33352e-05 0
1.39236e-05 0
1.45378e-05 0
1.51792e-05 0
1.58489e-05 0
1.65482e-05 0
1.72783e-05 0
1.80406e-05 0
1.88365e-05 0
1.96675e-05 0
2.05353e-05 0
2.14412e-05 0
2.23872e-05 0
2.33749e-05 0
2.44062e-05 0
2.5483e-05 0
2.66073e-05 0
2.77811e-05 0
2.90068e-05 0
3.02866e-05 0
3.16228e-05 0
3.30179e-05 0
3.44747e-05 0
3.59956e-05 0
3.75837e-05 0
3.92419e-05 0
4.09732e-05 0
4.27809e-05 0
4.46684e-05 0
4.66391e-05 0
4.86968e-05 0
5.08452e-05 0
5.30884e-05 0
5.54307e-05 0
5.78762e-05 0
6.04296e-05 0
6.30957e-05 0
6.58795e-05 0
6.8786e-05 0
7.18208e-05 0
7.49894e-05 0
7.82979e-05 0
8.17523e-05 0
8.53591e-05 0
8.91251e-05 0
9.30572e-05 0
9.71628e-05 0
0.00010145 0
0.000105925 0
0.000110599 0
0.000115478 0
0.000120573 0
0.000125893 0
0.000131447 0
0.000137246 0
0.000143301 0
0.000149624 0
0.000156225 0
0.000163117 0
0.000170314 0
0.000177828 0
0.000185674 0
0.000193865 0
0.000202418 0
0.000211349 0
0.000220673 0
0.000230409 0
0.000240575 0
0.000251189 0
0.000262271 0
0.000273842 0
0.000285924 0
0.000298538 0
0.000311709 0
0.000325462 0
0.000339821 0
0.000354813 0
0.000370467 0
0.000386812 0
0.000403878 0
0.000421697 1
0.000440301 0
0.000459727 0
0.00048001 0
0.000501187 0
0.000523299 0
0.000546387 0
0.000570493 0
0.000595662 0
0.000621942 0
0.000649382 0
0.000678032 0
0.000707946 0
0.00073918 0
0.000771792 0
0.000805842 0
0.000841395 0
0.000878517 0
0.000917276 1
0.000957745 0
0.001 0
0.00104412 0
0.00109018 0
0.00113828 0
0.0011885 0
0.00124094 0
0.00129569 0
0.00135285 0
0.00141254 0
0.00147486 1
0.00153993 0
0.00160787 0
0.0016788 0
0.00175287 2
0.00183021 1
0.00191095 0
0.00199526 1
0.00208329 0
0.0021752 0
0.00227117 1
0.00237137 1
0.002476 0
0.00258523 0
0.00269929 0
0.00281838 0
0.00294273 0
0.00307256 0
0.00320812 0
0.00334965 1
0.00349744 2
0.00365174 1
0.00381285 1
0.00398107 0
0.00415671 1
0.0043401 1
0.00453158 3
0.00473151 1
0.00494026 0
0.00515822 1
0.0053858 4
0.00562341 2
0.00587151 5
0.00613056 2
0.00640103 1
0.00668344 3
0.00697831 2
0.00728618 1
0.00760764 0
0.00794328 1
0.00829373 4
0.00865964 2
0.0090417 5
0.00944061 5
0.00985712 6
0.010292 2
0.0107461 9
0.0112202 11
0.0117152 4
0.0122321 8
0.0127717 10
0.0133352 9
0.0139236 10
0.0145378 11
0.0151792 10
0.0158489 10
0.0165482 9
0.0172783 18
0.0180406 14
0.0188365 19
0.0196675 21
0.0205353 18
0.0214412 12
0.0223872 24
0.0233749 22
0.0244062 24
0.025483 23
0.0266073 18
0.0277811 37
0.0290068 39
0.0302866 47
0.0316228 33
0.0330179 36
0.0344747 33
0.0359956 41
0.0375837 34
0.0392419 53
0.0409732 54
0.0427809 56
0.0446684 43
0.0466391 51
0.0486968 51
0.0508452 68
0.0530884 67
0.0554307 68
0.0578762 64
0.0604296 73
0.0630957 79
0.0658795 69
0.068786 84
0.0718208 110
0.0749894 87
0.0782979 108
0.0817523 121
0.0853591 117
0.0891251 139
0.0930572 122
0.0971628 130
0.10145 136
0.105925 138
0.110599 131
0.115478 131
0.120573 141
0.125893 153
0.131447 137
0.137246 149
0.143301 166
0.149624 176
0.156225 167
0.163117 180
0.170314 186
0.177828 182
0.185674 192
0.193865 182
0.202418 185
0.211349 202
0.220673 199
0.230409 203
0.240575 242
0.251189 182
0.262271 178
0.273842 221
0.285924 207
0.298538 251
0.311709 253
0.325462 204
0.339821 219
0.354813 197
0.370467 229
0.386812 224
0.403878 238
0.421697 197
0.440301 215
0.459727 227
0.48001 237
0.501187 218
0.523299 233
0.546387 236
0.570493 226
0.595662 205
0.621942 224
0.649382 213
0.678032 158
0.707946 167
0.73918 216
0.771792 183
0.805842 178
0.841395 167
0.878517 166
0.917276 160
0.957745 147
1 142
1.04412 164
1.09018 152
1.13828 129
1.1885 109
1.24094 123
1.29569 94
1.35285 91
1.41254 87
1.47486 85
1.53993 66
1.60787 88
1.6788 71
1.75287 99
1.83021 72
1.91095 64
1.99526 65
2.08329 59
2.1752 65
2.27117 55
2.37137 73
2.476 52
2.58523 51
2.69929 43
2.81838 45
2.94273 57
3.07256 41
3.20812 58
3.34965 44
3.49744 50
3.65174 59
3.81285 56
3.98107 29
4.15671 35
4.3401 28
4.53158 43
4.73151 36
4.94026 36
5.15822 40
5.3858 35
5.62341 32
5.87151 31
6.13056 30
6.40103 45
6.68344 32
6.97831 18
7.28618 26
7.60764 26
7.94328 21
8.29373 29
8.65964 20
9.0417 26
9.44061 23
9.85712 26
10.292 23
10.7461 26
11.2202 26
11.7152 22
12.2321 22
12.7717 22
13.3352 19
13.9236 15
14.5378 18
15.1792 14
15.8489 13
16.5482 22
17.2783 12
18.0406 23
18.8365 24
19.6675 18
20.5353 26
21.4412 24
22.3872 21
23.3749 24
24.4062 24
25.483 29
26.6073 25
27.7811 18
29.0068 22
30.2866 28
31.6228 21
33.0179 23
34.4747 23
35.9956 22
37.5837 29
39.2419 29
40.9732 28
42.7809 32
44.6684 36
46.6391 39
48.6968 30
50.8452 41
53.0884 38
55.4307 24
57.8762 27
60.4296 26
63.0957 39
65.8795 40
68.786 35
71.8208 51
74.9894 48
78.2979 46
81.7523 32
85.3591 39
89.1251 41
93.0572 47
97.1628 47
101.45 50
105.925 51
110.599 55
115.478 41
120.573 48
125.893 52
131.447 34
137.246 43
143.301 34
149.624 54
156.225 57
163.117 54
170.314 59
177.828 71
185.674 40
193.865 56
202.418 64
211.349 57
220.673 70
230.409 51
240.575 65
251.189 51
262.271 57
273.842 57
285.924 51
298.538 49
311.709 35
325.462 55
339.821 47
354.813 44
370.467 32
386.812 43
403.878 34
421.697 29
440.301 19
459.727 18
480.01 15
501.187 14
523.299 11
546.387 6
570.493 11
595.662 7
621.942 3
649.382 7
678.032 2
707.946 2
739.18 2
771.792 2
805.842 2
841.395 0
878.517 1
917.276 1
957.745 1
1000 0
