# First line is two numbers 
#     First value is '2', it means 'histogram mode'
#     Second value is 'Emin' of the histogram
# Other lines : 2 columns. 1) energy 2) probability (nb divided by NbEvent)
# Number of bins = 480
# Content below the first bin: 9451.36
# Content above the last  bin: 0
# Content above the last  bin: 0
# Number of events: 209000
2 1e-06
1.04412e-06 0
1.09018e-06 0
1.13828e-06 0
1.1885e-06 0
1.24094e-06 0
1.29569e-06 54.1977
1.35285e-06 0
1.41254e-06 0
1.47486e-06 0
1.53993e-06 0
1.60787e-06 236.663
1.6788e-06 150.712
1.75287e-06 76.6274
1.83021e-06 0
1.91095e-06 0
1.99526e-06 12.8726
2.08329e-06 0
2.1752e-06 0
2.27117e-06 52.2696
2.37137e-06 0
2.476e-06 0
2.58523e-06 0
2.69929e-06 81.0724
2.81838e-06 0
2.94273e-06 0
3.07256e-06 74.0963
3.20812e-06 0
3.34965e-06 0
3.49744e-06 0
3.65174e-06 0
3.81285e-06 0
3.98107e-06 0
4.15671e-06 0
4.3401e-06 0
4.53158e-06 0
4.73151e-06 95.4418
4.94026e-06 0
5.15822e-06 0
5.3858e-06 0
5.62341e-06 0
5.87151e-06 0
6.13056e-06 0
6.40103e-06 0
6.68344e-06 0
6.97831e-06 0
7.28618e-06 0
7.60764e-06 0
7.94328e-06 0
8.29373e-06 99.0708
8.65964e-06 0
9.0417e-06 0
9.44061e-06 0
9.85712e-06 92.8241
1.0292e-05 118.738
1.07461e-05 0
1.12202e-05 0
1.17152e-05 0
1.22321e-05 42.2572
1.27717e-05 0
1.33352e-05 0
1.39236e-05 0
1.45378e-05 0
1.51792e-05 0
1.58489e-05 0
1.65482e-05 0
1.72783e-05 0
1.80406e-05 0
1.88365e-05 0
1.96675e-05 0
2.05353e-05 131.913
2.14412e-05 0
2.23872e-05 169.305
2.33749e-05 0
2.44062e-05 0
2.5483e-05 0
2.66073e-05 60.832
2.77811e-05 0
2.90068e-05 0
3.02866e-05 0
3.16228e-05 0
3.30179e-05 84.4793
3.44747e-05 0
3.59956e-05 114.101
3.75837e-05 0
3.92419e-05 0
4.09732e-05 0
4.27809e-05 0
4.46684e-05 0
4.66391e-05 58.0162
4.86968e-05 0
5.08452e-05 0
5.30884e-05 0
5.54307e-05 0
5.78762e-05 0
6.04296e-05 0
6.30957e-05 0
6.58795e-05 0
6.8786e-05 0
7.18208e-05 0
7.49894e-05 0
7.82979e-05 0
8.17523e-05 0
8.53591e-05 107.674
8.91251e-05 80.1383
9.30572e-05 89.8098
9.71628e-05 0
0.00010145 0
0.000105925 0
0.000110599 0
0.000115478 0
0.000120573 111.117
0.000125893 0
0.000131447 0
0.000137246 0
0.000143301 0
0.000149624 0
0.000156225 112.807
0.000163117 0
0.000170314 0
0.000177828 0
0.000185674 0
0.000193865 0
0.000202418 116.265
0.000211349 0
0.000220673 0
0.000230409 0
0.000240575 0
0.000251189 97.9399
0.000262271 0
0.000273842 0
0.000285924 0
0.000298538 54.2517
0.000311709 57.5536
0.000325462 0
0.000339821 0
0.000354813 0
0.000370467 0
0.000386812 52.0691
0.000403878 0
0.000421697 0
0.000440301 0
0.000459727 0
0.00048001 0
0.000501187 72.1814
0.000523299 0
0.000546387 0
0.000570493 0
0.000595662 0
0.000621942 42.4218
0.000649382 0
0.000678032 0
0.000707946 0
0.00073918 0
0.000771792 0
0.000805842 0
0.000841395 0
0.000878517 0
0.000917276 100.214
0.000957745 0
0.001 0
0.00104412 0
0.00109018 0
0.00113828 0
0.0011885 0
0.00124094 56.3862
0.00129569 0
0.00135285 0
0.00141254 0
0.00147486 0
0.00153993 0
0.00160787 0
0.0016788 0
0.00175287 0
0.00183021 0
0.00191095 0
0.00199526 0
0.00208329 0
0.0021752 0
0.00227117 0
0.00237137 0
0.002476 21.1237
0.00258523 80.6943
0.00269929 94.9386
0.00281838 80.7968
0.00294273 0
0.00307256 0
0.00320812 0
0.00334965 0
0.00349744 0
0.00365174 0
0.00381285 0
0.00398107 0
0.00415671 0
0.0043401 0
0.00453158 0
0.00473151 44.9526
0.00494026 22.5844
0.00515822 0
0.0053858 0
0.00562341 0
0.00587151 70.9264
0.00613056 0
0.00640103 85.6456
0.00668344 0
0.00697831 0
0.00728618 0
0.00760764 0
0.00794328 0
0.00829373 0
0.00865964 0
0.0090417 0
0.00944061 74.5886
0.00985712 0
0.010292 29.9739
0.0107461 0
0.0112202 94.1333
0.0117152 115.209
0.0122321 0
0.0127717 0
0.0133352 0
0.0139236 0
0.0145378 0
0.0151792 0
0.0158489 0
0.0165482 39.2386
0.0172783 0
0.0180406 0
0.0188365 124.483
0.0196675 0
0.0205353 0
0.0214412 0
0.0223872 87.5371
0.0233749 0
0.0244062 62.9226
0.025483 0
0.0266073 10.257
0.0277811 0
0.0290068 0
0.0302866 0
0.0316228 170.161
0.0330179 114.115
0.0344747 143.338
0.0359956 0
0.0375837 0
0.0392419 0
0.0409732 0
0.0427809 184.873
0.0446684 0
0.0466391 0
0.0486968 222.089
0.0508452 0
0.0530884 114.364
0.0554307 53.5676
0.0578762 0
0.0604296 0
0.0630957 260.714
0.0658795 0
0.068786 56.9217
0.0718208 0
0.0749894 68.1638
0.0782979 14.8824
0.0817523 117.478
0.0853591 0
0.0891251 63.9331
0.0930572 103.103
0.0971628 38.7052
0.10145 119.667
0.105925 53.0372
0.110599 235.209
0.115478 388.69
0.120573 445.603
0.125893 125.707
0.131447 171.587
0.137246 264.162
0.143301 290.894
0.149624 95.954
0.156225 235.937
0.163117 139.536
0.170314 306.142
0.177828 305.234
0.185674 534.159
0.193865 239.629
0.202418 237.112
0.211349 399.896
0.220673 740.585
0.230409 0
0.240575 420.955
0.251189 335.501
0.262271 320.964
0.273842 432.887
0.285924 552.689
0.298538 190.173
0.311709 735.722
0.325462 237.949
0.339821 243.107
0.354813 908.235
0.370467 369.418
0.386812 745.114
0.403878 562.937
0.421697 934.054
0.440301 1001.52
0.459727 176.103
0.48001 620.254
0.501187 495.095
0.523299 387.78
0.546387 772.904
0.570493 774.449
0.595662 884.073
0.621942 896.289
0.649382 1080.08
0.678032 979.185
0.707946 1165.13
0.73918 1984.96
0.771792 861.587
0.805842 841.546
0.841395 1246.11
0.878517 1083.46
0.917276 1139.95
0.957745 1913.18
1 1511.28
1.04412 1278.3
1.09018 711.074
1.13828 1222.96
1.1885 1373.67
1.24094 1053.63
1.29569 1478.75
1.35285 987.589
1.41254 1307.09
1.47486 1676.91
1.53993 1585.29
1.60787 1299.76
1.6788 994.168
1.75287 1136.03
1.83021 811.092
1.91095 1720.89
1.99526 1171.83
2.08329 530.126
2.1752 774.066
2.27117 996.94
2.37137 1196.71
2.476 1196.56
2.58523 638.72
2.69929 1155.82
2.81838 955.345
2.94273 903.624
3.07256 1109.9
3.20812 1046.88
3.34965 825.671
3.49744 721.191
3.65174 305.31
3.81285 523.231
3.98107 594.242
4.15671 773.757
4.3401 562.087
4.53158 744.081
4.73151 515.132
4.94026 656.01
5.15822 1050.84
5.3858 971.026
5.62341 1159.69
5.87151 974.136
6.13056 1343.95
6.40103 421.359
6.68344 662.545
6.97831 703.632
7.28618 799.282
7.60764 592.08
7.94328 1732.29
8.29373 1016.72
8.65964 1481.64
9.0417 1156.22
9.44061 460.549
9.85712 630.907
10.292 1453.4
10.7461 388.731
11.2202 1250.93
11.7152 1038.12
12.2321 694.036
12.7717 660.749
13.3352 1489.79
13.9236 1338.64
14.5378 882.946
15.1792 844.827
15.8489 1083.4
16.5482 943.206
17.2783 698.073
18.0406 606.555
18.8365 1220.66
19.6675 1174.66
20.5353 859.212
21.4412 903.254
22.3872 1127.29
23.3749 1201.01
24.4062 1360.17
25.483 1738.11
26.6073 1477.14
27.7811 967.493
29.0068 1004.85
30.2866 1310.53
31.6228 1228.5
33.0179 1479.32
34.4747 1247.07
35.9956 1419.59
37.5837 671.937
39.2419 1165.05
40.9732 936.972
42.7809 1831.04
44.6684 2081.67
46.6391 1405.56
48.6968 1888.17
50.8452 1601.38
53.0884 1657.05
55.4307 2300.06
57.8762 1604.38
60.4296 2241.92
63.0957 2369.02
65.8795 1788.08
68.786 1894.79
71.8208 2096.3
74.9894 1889.07
78.2979 2394.7
81.7523 1811.3
85.3591 2631.3
89.1251 2231.34
93.0572 2446.77
97.1628 2100.46
101.45 3011.47
105.925 2673.26
110.599 2503.56
115.478 1908.05
120.573 2413.87
125.893 2698.06
131.447 2592.85
137.246 3007.34
143.301 2157.07
149.624 3210.67
156.225 2710.99
163.117 3103.36
170.314 3244.1
177.828 2816.12
185.674 3122.37
193.865 2423.78
202.418 3240.41
211.349 2371.81
220.673 2438.95
230.409 2448.26
240.575 2762.4
251.189 1817.61
262.271 1567.34
273.842 1781.54
285.924 1834.96
298.538 1984.62
311.709 1273.12
325.462 1115.13
339.821 1018.09
354.813 245.925
370.467 239.103
386.812 259.41
403.878 385.722
421.697 432.625
440.301 207.232
459.727 455.663
480.01 378.328
501.187 206.614
523.299 153.558
546.387 77.8503
570.493 205.931
595.662 208.22
621.942 162.42
649.382 0
678.032 0
707.946 156.452
739.18 0
771.792 0
805.842 104.287
841.395 0
878.517 0
917.276 0
957.745 0
1000 0
