# First line is two numbers 
#     First value is '2', it means 'histogram mode'
#     Second value is 'Emin' of the histogram
# Other lines : 2 columns. 1) energy 2) probability (nb divided by NbEvent)
# Number of bins = 480
# Content below the first bin: 0
# Content above the last  bin: 0
# Content above the last  bin: 0
# Number of events: 209000
2 1e-06
1.04412e-06 0
1.09018e-06 0
1.13828e-06 0
1.1885e-06 0
1.24094e-06 0
1.29569e-06 0
1.35285e-06 0
1.41254e-06 0
1.47486e-06 0
1.53993e-06 0
1.60787e-06 0
1.6788e-06 0
1.75287e-06 0
1.83021e-06 0
1.91095e-06 0
1.99526e-06 0
2.08329e-06 0
2.1752e-06 0
2.27117e-06 0
2.37137e-06 0
2.476e-06 0
2.58523e-06 0
2.69929e-06 0
2.81838e-06 0
2.94273e-06 0
3.07256e-06 0
3.20812e-06 0
3.34965e-06 0
3.49744e-06 0
3.65174e-06 0
3.81285e-06 0
3.98107e-06 0
4.15671e-06 0
4.3401e-06 0
4.53158e-06 0
4.73151e-06 0
4.94026e-06 0
5.15822e-06 0
5.3858e-06 0
5.62341e-06 0
5.87151e-06 0
6.13056e-06 0
6.40103e-06 0
6.68344e-06 0
6.97831e-06 0
7.28618e-06 0
7.60764e-06 0
7.94328e-06 0
8.29373e-06 0
8.65964e-06 0
9.0417e-06 0
9.44061e-06 0
9.85712e-06 0
1.0292e-05 0
1.07461e-05 0
1.12202e-05 0
1.17152e-05 0
1.22321e-05 0
1.27717e-05 0
1.33352e-05 0
1.39236e-05 0
1.45378e-05 0
1.51792e-05 0
1.58489e-05 0
1.65482e-05 0
1.72783e-05 0
1.80406e-05 0
1.88365e-05 0
1.96675e-05 0
2.05353e-05 0
2.14412e-05 0
2.23872e-05 0
2.33749e-05 0
2.44062e-05 0
2.5483e-05 0
2.66073e-05 0
2.77811e-05 0
2.90068e-05 0
3.02866e-05 0
3.16228e-05 0
3.30179e-05 0
3.44747e-05 0
3.59956e-05 0
3.75837e-05 0
3.92419e-05 0
4.09732e-05 0
4.27809e-05 0
4.46684e-05 0
4.66391e-05 0
4.86968e-05 0
5.08452e-05 0
5.30884e-05 0
5.54307e-05 0
5.78762e-05 0
6.04296e-05 1
6.30957e-05 0
6.58795e-05 0
6.8786e-05 0
7.18208e-05 0
7.49894e-05 0
7.82979e-05 0
8.17523e-05 0
8.53591e-05 0
8.91251e-05 0
9.30572e-05 0
9.71628e-05 1
0.00010145 0
0.000105925 0
0.000110599 0
0.000115478 0
0.000120573 0
0.000125893 0
0.000131447 0
0.000137246 0
0.000143301 0
0.000149624 1
0.000156225 0
0.000163117 0
0.000170314 0
0.000177828 0
0.000185674 0
0.000193865 0
0.000202418 0
0.000211349 0
0.000220673 0
0.000230409 0
0.000240575 0
0.000251189 0
0.000262271 0
0.000273842 0
0.000285924 0
0.000298538 0
0.000311709 0
0.000325462 0
0.000339821 0
0.000354813 1
0.000370467 0
0.000386812 0
0.000403878 0
0.000421697 0
0.000440301 0
0.000459727 0
0.00048001 0
0.000501187 0
0.000523299 0
0.000546387 0
0.000570493 0
0.000595662 0
0.000621942 0
0.000649382 2
0.000678032 0
0.000707946 0
0.00073918 0
0.000771792 0
0.000805842 0
0.000841395 0
0.000878517 0
0.000917276 0
0.000957745 0
0.001 0
0.00104412 1
0.00109018 0
0.00113828 0
0.0011885 0
0.00124094 1
0.00129569 0
0.00135285 0
0.00141254 0
0.00147486 0
0.00153993 0
0.00160787 0
0.0016788 0
0.00175287 0
0.00183021 1
0.00191095 0
0.00199526 0
0.00208329 0
0.0021752 1
0.00227117 0
0.00237137 0
0.002476 0
0.00258523 0
0.00269929 2
0.00281838 1
0.00294273 0
0.00307256 0
0.00320812 1
0.00334965 2
0.00349744 0
0.00365174 1
0.00381285 0
0.00398107 1
0.00415671 0
0.0043401 0
0.00453158 2
0.00473151 0
0.00494026 1
0.00515822 1
0.0053858 1
0.00562341 3
0.00587151 2
0.00613056 3
0.00640103 3
0.00668344 2
0.00697831 2
0.00728618 3
0.00760764 2
0.00794328 1
0.00829373 2
0.00865964 4
0.0090417 5
0.00944061 2
0.00985712 8
0.010292 5
0.0107461 9
0.0112202 9
0.0117152 10
0.0122321 13
0.0127717 13
0.0133352 11
0.0139236 8
0.0145378 13
0.0151792 11
0.0158489 10
0.0165482 13
0.0172783 10
0.0180406 16
0.0188365 24
0.0196675 19
0.0205353 17
0.0214412 22
0.0223872 26
0.0233749 24
0.0244062 25
0.025483 27
0.0266073 21
0.0277811 43
0.0290068 30
0.0302866 42
0.0316228 29
0.0330179 53
0.0344747 54
0.0359956 48
0.0375837 55
0.0392419 63
0.0409732 62
0.0427809 59
0.0446684 71
0.0466391 62
0.0486968 53
0.0508452 70
0.0530884 75
0.0554307 67
0.0578762 86
0.0604296 91
0.0630957 108
0.0658795 107
0.068786 97
0.0718208 81
0.0749894 118
0.0782979 104
0.0817523 125
0.0853591 124
0.0891251 142
0.0930572 139
0.0971628 139
0.10145 134
0.105925 154
0.110599 164
0.115478 163
0.120573 164
0.125893 171
0.131447 170
0.137246 187
0.143301 187
0.149624 189
0.156225 212
0.163117 177
0.170314 196
0.177828 199
0.185674 215
0.193865 204
0.202418 207
0.211349 195
0.220673 188
0.230409 217
0.240575 218
0.251189 213
0.262271 245
0.273842 258
0.285924 256
0.298538 226
0.311709 220
0.325462 248
0.339821 231
0.354813 237
0.370467 242
0.386812 228
0.403878 257
0.421697 225
0.440301 224
0.459727 241
0.48001 220
0.501187 247
0.523299 255
0.546387 245
0.570493 245
0.595662 235
0.621942 227
0.649382 200
0.678032 205
0.707946 196
0.73918 197
0.771792 202
0.805842 197
0.841395 183
0.878517 193
0.917276 169
0.957745 156
1 139
1.04412 161
1.09018 143
1.13828 141
1.1885 105
1.24094 93
1.29569 113
1.35285 115
1.41254 102
1.47486 106
1.53993 94
1.60787 91
1.6788 73
1.75287 86
1.83021 84
1.91095 83
1.99526 78
2.08329 61
2.1752 57
2.27117 60
2.37137 53
2.476 47
2.58523 56
2.69929 54
2.81838 61
2.94273 61
3.07256 57
3.20812 46
3.34965 48
3.49744 48
3.65174 58
3.81285 36
3.98107 44
4.15671 56
4.3401 52
4.53158 40
4.73151 45
4.94026 29
5.15822 26
5.3858 38
5.62341 37
5.87151 31
6.13056 29
6.40103 37
6.68344 33
6.97831 24
7.28618 26
7.60764 24
7.94328 24
8.29373 27
8.65964 21
9.0417 27
9.44061 18
9.85712 30
10.292 19
10.7461 23
11.2202 24
11.7152 26
12.2321 29
12.7717 26
13.3352 14
13.9236 19
14.5378 24
15.1792 14
15.8489 18
16.5482 20
17.2783 20
18.0406 22
18.8365 27
19.6675 20
20.5353 14
21.4412 14
22.3872 24
23.3749 32
24.4062 16
25.483 19
26.6073 30
27.7811 18
29.0068 20
30.2866 27
31.6228 26
33.0179 21
34.4747 29
35.9956 29
37.5837 33
39.2419 26
40.9732 26
42.7809 24
44.6684 36
46.6391 31
48.6968 21
50.8452 36
53.0884 36
55.4307 28
57.8762 38
60.4296 32
63.0957 30
65.8795 43
68.786 32
71.8208 33
74.9894 48
78.2979 39
81.7523 41
85.3591 50
89.1251 46
93.0572 30
97.1628 47
101.45 38
105.925 53
110.599 43
115.478 57
120.573 63
125.893 51
131.447 44
137.246 49
143.301 49
149.624 56
156.225 45
163.117 49
170.314 56
177.828 58
185.674 45
193.865 65
202.418 54
211.349 69
220.673 56
230.409 52
240.575 60
251.189 61
262.271 56
273.842 50
285.924 57
298.538 41
311.709 60
325.462 41
339.821 42
354.813 48
370.467 36
386.812 24
403.878 27
421.697 19
440.301 21
459.727 24
480.01 21
501.187 13
523.299 9
546.387 9
570.493 12
595.662 6
621.942 5
649.382 4
678.032 5
707.946 5
739.18 1
771.792 1
805.842 0
841.395 1
878.517 2
917.276 2
957.745 0
1000 0
