# First line is two numbers 
#     First value is '2', it means 'histogram mode'
#     Second value is 'Emin' of the histogram
# Other lines : 2 columns. 1) energy 2) probability (nb divided by NbEvent)
# Number of bins = 480
# Content below the first bin: 0
# Content above the last  bin: 0
# Content above the last  bin: 0
# Number of events: 209000
2 1e-06
1.04412e-06 0
1.09018e-06 0
1.13828e-06 0
1.1885e-06 0
1.24094e-06 0
1.29569e-06 0
1.35285e-06 0
1.41254e-06 0
1.47486e-06 0
1.53993e-06 0
1.60787e-06 0
1.6788e-06 0
1.75287e-06 0
1.83021e-06 0
1.91095e-06 0
1.99526e-06 0
2.08329e-06 0
2.1752e-06 0
2.27117e-06 0
2.37137e-06 0
2.476e-06 0
2.58523e-06 0
2.69929e-06 0
2.81838e-06 0
2.94273e-06 0
3.07256e-06 0
3.20812e-06 0
3.34965e-06 0
3.49744e-06 0
3.65174e-06 0
3.81285e-06 0
3.98107e-06 0
4.15671e-06 0
4.3401e-06 0
4.53158e-06 0
4.73151e-06 0
4.94026e-06 0
5.15822e-06 0
5.3858e-06 0
5.62341e-06 0
5.87151e-06 0
6.13056e-06 0
6.40103e-06 0
6.68344e-06 0
6.97831e-06 0
7.28618e-06 0
7.60764e-06 0
7.94328e-06 0
8.29373e-06 0
8.65964e-06 0
9.0417e-06 0
9.44061e-06 0
9.85712e-06 0
1.0292e-05 0
1.07461e-05 0
1.12202e-05 0
1.17152e-05 0
1.22321e-05 0
1.27717e-05 0
1.33352e-05 0
1.39236e-05 0
1.45378e-05 0
1.51792e-05 0
1.58489e-05 0
1.65482e-05 0
1.72783e-05 0
1.80406e-05 0
1.88365e-05 0
1.96675e-05 0
2.05353e-05 0
2.14412e-05 0
2.23872e-05 0
2.33749e-05 0
2.44062e-05 0
2.5483e-05 0
2.66073e-05 0
2.77811e-05 0
2.90068e-05 0
3.02866e-05 0
3.16228e-05 0
3.30179e-05 0
3.44747e-05 0
3.59956e-05 0
3.75837e-05 0
3.92419e-05 0
4.09732e-05 0
4.27809e-05 0
4.46684e-05 0
4.66391e-05 0
4.86968e-05 0
5.08452e-05 0
5.30884e-05 0
5.54307e-05 95.6735
5.78762e-05 0
6.04296e-05 0
6.30957e-05 0
6.58795e-05 0
6.8786e-05 0
7.18208e-05 0
7.49894e-05 0
7.82979e-05 0
8.17523e-05 0
8.53591e-05 0
8.91251e-05 0
9.30572e-05 0
9.71628e-05 0
0.00010145 0
0.000105925 0
0.000110599 0
0.000115478 0
0.000120573 0
0.000125893 0
0.000131447 0
0.000137246 0
0.000143301 0
0.000149624 0
0.000156225 0
0.000163117 0
0.000170314 0
0.000177828 0
0.000185674 0
0.000193865 0
0.000202418 0
0.000211349 0
0.000220673 0
0.000230409 0
0.000240575 0
0.000251189 0
0.000262271 0
0.000273842 0
0.000285924 0
0.000298538 0
0.000311709 0
0.000325462 0
0.000339821 0
0.000354813 0
0.000370467 0
0.000386812 0
0.000403878 0
0.000421697 0
0.000440301 0
0.000459727 0
0.00048001 0
0.000501187 0
0.000523299 0
0.000546387 0
0.000570493 0
0.000595662 0
0.000621942 0
0.000649382 80.6109
0.000678032 0
0.000707946 0
0.00073918 0
0.000771792 0
0.000805842 0
0.000841395 0
0.000878517 0
0.000917276 0
0.000957745 0
0.001 0
0.00104412 0
0.00109018 0
0.00113828 0
0.0011885 0
0.00124094 0
0.00129569 0
0.00135285 87.3329
0.00141254 0
0.00147486 0
0.00153993 0
0.00160787 0
0.0016788 0
0.00175287 0
0.00183021 0
0.00191095 115.172
0.00199526 0
0.00208329 40.4902
0.0021752 0
0.00227117 0
0.00237137 80.7933
0.002476 364.212
0.00258523 0
0.00269929 0
0.00281838 99.335
0.00294273 0
0.00307256 160.799
0.00320812 0
0.00334965 88.975
0.00349744 213.313
0.00365174 153.214
0.00381285 103.941
0.00398107 119.256
0.00415671 0
0.0043401 0
0.00453158 0
0.00473151 0
0.00494026 0
0.00515822 113.764
0.0053858 109.66
0.00562341 85.5407
0.00587151 0
0.00613056 31.8815
0.00640103 209.21
0.00668344 96.591
0.00697831 165.323
0.00728618 110.074
0.00760764 230.259
0.00794328 189.284
0.00829373 257.565
0.00865964 128.562
0.0090417 385.388
0.00944061 391.986
0.00985712 194.067
0.010292 281.68
0.0107461 439.79
0.0112202 0
0.0117152 613.293
0.0122321 732.217
0.0127717 635.582
0.0133352 634.332
0.0139236 744.566
0.0145378 1149.77
0.0151792 986.369
0.0158489 602.203
0.0165482 1671.16
0.0172783 780.87
0.0180406 1418.16
0.0188365 950.883
0.0196675 1674.5
0.0205353 1564.68
0.0214412 1585.38
0.0223872 2042.45
0.0233749 1571.47
0.0244062 2025.81
0.025483 2127.94
0.0266073 1885.96
0.0277811 2862.63
0.0290068 2469.14
0.0302866 3910.81
0.0316228 4004.63
0.0330179 4204.54
0.0344747 3033.17
0.0359956 4028.86
0.0375837 3254.78
0.0392419 4591.55
0.0409732 6953.58
0.0427809 4375.18
0.0446684 5702.36
0.0466391 6363.9
0.0486968 6360.81
0.0508452 6486.52
0.0530884 6478.13
0.0554307 5786.63
0.0578762 5683.76
0.0604296 6744.4
0.0630957 7640.27
0.0658795 8462.42
0.068786 7472.27
0.0718208 8579.99
0.0749894 9538.2
0.0782979 9889.19
0.0817523 11321.9
0.0853591 7979.13
0.0891251 12342.9
0.0930572 10003.4
0.0971628 10486.9
0.10145 11142
0.105925 13692.7
0.110599 11585.1
0.115478 11693.2
0.120573 12856.9
0.125893 14874.5
0.131447 14017.6
0.137246 13629.1
0.143301 15082.4
0.149624 15520
0.156225 13290.1
0.163117 14071.7
0.170314 14400.8
0.177828 14889.2
0.185674 17451.9
0.193865 14789.2
0.202418 16696.2
0.211349 13985
0.220673 17928.7
0.230409 18891.2
0.240575 17644.9
0.251189 18552
0.262271 18103.9
0.273842 17984.9
0.285924 15453.2
0.298538 16951.6
0.311709 17093
0.325462 17181.8
0.339821 18284.7
0.354813 18480.1
0.370467 19439.4
0.386812 18177.2
0.403878 18280.4
0.421697 19310.4
0.440301 17189
0.459727 20050.5
0.48001 20041.2
0.501187 18775.9
0.523299 17886.8
0.546387 18615.4
0.570493 20318.8
0.595662 18848
0.621942 16992
0.649382 17723.9
0.678032 18350.6
0.707946 18086
0.73918 15476.5
0.771792 16686.2
0.805842 16361.5
0.841395 15491.6
0.878517 13366.4
0.917276 13299.8
0.957745 11121.4
1 11867.3
1.04412 12064.9
1.09018 10910.8
1.13828 10332.9
1.1885 9331
1.24094 9058.99
1.29569 9770.03
1.35285 7095.66
1.41254 6801.43
1.47486 6850.89
1.53993 7016.67
1.60787 5641.38
1.6788 6410.64
1.75287 6751.42
1.83021 6523.19
1.91095 5570.37
1.99526 6144.85
2.08329 6231.26
2.1752 4582.07
2.27117 4846.76
2.37137 5235.91
2.476 4361.35
2.58523 3890.24
2.69929 3568.2
2.81838 4831.16
2.94273 3395.55
3.07256 4072.74
3.20812 3906.21
3.34965 3148.62
3.49744 4945.62
3.65174 4104.81
3.81285 3136.7
3.98107 3037.21
4.15671 3316.09
4.3401 2115.65
4.53158 3866.6
4.73151 3286.94
4.94026 3611.5
5.15822 2511.73
5.3858 2998.65
5.62341 2242.93
5.87151 2781.54
6.13056 2285.06
6.40103 2234.18
6.68344 2582.07
6.97831 2123.29
7.28618 2856.73
7.60764 2116.9
7.94328 2286.34
8.29373 1597.16
8.65964 2382.02
9.0417 1228.07
9.44061 2154.25
9.85712 1769.91
10.292 1952.77
10.7461 2683.43
11.2202 1613.72
11.7152 1754.28
12.2321 1323.25
12.7717 1463.48
13.3352 1579.49
13.9236 1623.88
14.5378 1705.72
15.1792 1521.89
15.8489 1353.53
16.5482 1672.35
17.2783 2068.66
18.0406 1914.6
18.8365 1773.93
19.6675 1978.43
20.5353 1178.57
21.4412 1292.17
22.3872 1674.35
23.3749 2225.17
24.4062 2297.2
25.483 1677.98
26.6073 2232.57
27.7811 2257.51
29.0068 1681.61
30.2866 1917.81
31.6228 2082.31
33.0179 1887.79
34.4747 2336.82
35.9956 2106.11
37.5837 2571.36
39.2419 2157.12
40.9732 2697.29
42.7809 3250.29
44.6684 1369.47
46.6391 3458.81
48.6968 2929.36
50.8452 3587.32
53.0884 2255.84
55.4307 2244.7
57.8762 3574.07
60.4296 2930.46
63.0957 3532.26
65.8795 4359.24
68.786 3122.45
71.8208 3274.87
74.9894 4124.33
78.2979 3186.92
81.7523 3284.37
85.3591 3632.93
89.1251 4337.63
93.0572 4624.34
97.1628 5065.94
101.45 3944.39
105.925 4972.17
110.599 3893.63
115.478 3923.23
120.573 3800.84
125.893 4469.16
131.447 3903.59
137.246 3752.73
143.301 3712.78
149.624 4531.18
156.225 4728.38
163.117 4997.57
170.314 4154.98
177.828 4832.71
185.674 3963.74
193.865 3484.95
202.418 5825.62
211.349 4777.29
220.673 4398.78
230.409 3701.91
240.575 6088.72
251.189 5180.23
262.271 4116.49
273.842 4231.74
285.924 4697.16
298.538 5382.29
311.709 4783.81
325.462 2985.54
339.821 3254.16
354.813 3921.95
370.467 3302.22
386.812 3459.71
403.878 2698.16
421.697 1920.67
440.301 1627.75
459.727 1115.92
480.01 1061.05
501.187 1375.4
523.299 612.852
546.387 697.096
570.493 683.215
595.662 171.83
621.942 370.062
649.382 341.923
678.032 294.21
707.946 82.0689
739.18 273.865
771.792 168.541
805.842 0
841.395 0
878.517 0
917.276 0
957.745 0
1000 0
