# First line is two numbers 
#     First value is '2', it means 'histogram mode'
#     Second value is 'Emin' of the histogram
# Other lines : 2 columns. 1) energy 2) probability (nb divided by NbEvent)
# Number of bins = 480
# Content below the first bin: 0
# Content above the last  bin: 0
# Content above the last  bin: 0
# Number of events: 209000
2 1e-06
1.04412e-06 0
1.09018e-06 0
1.13828e-06 0
1.1885e-06 0
1.24094e-06 0
1.29569e-06 0
1.35285e-06 0
1.41254e-06 0
1.47486e-06 0
1.53993e-06 0
1.60787e-06 0
1.6788e-06 0
1.75287e-06 0
1.83021e-06 0
1.91095e-06 0
1.99526e-06 0
2.08329e-06 0
2.1752e-06 0
2.27117e-06 0
2.37137e-06 0
2.476e-06 0
2.58523e-06 0
2.69929e-06 0
2.81838e-06 0
2.94273e-06 0
3.07256e-06 0
3.20812e-06 0
3.34965e-06 0
3.49744e-06 0
3.65174e-06 0
3.81285e-06 0
3.98107e-06 0
4.15671e-06 0
4.3401e-06 0
4.53158e-06 0
4.73151e-06 0
4.94026e-06 0
5.15822e-06 0
5.3858e-06 0
5.62341e-06 0
5.87151e-06 0
6.13056e-06 0
6.40103e-06 0
6.68344e-06 0
6.97831e-06 0
7.28618e-06 0
7.60764e-06 0
7.94328e-06 0
8.29373e-06 0
8.65964e-06 0
9.0417e-06 0
9.44061e-06 0
9.85712e-06 0
1.0292e-05 0
1.07461e-05 0
1.12202e-05 0
1.17152e-05 0
1.22321e-05 0
1.27717e-05 0
1.33352e-05 0
1.39236e-05 0
1.45378e-05 0
1.51792e-05 0
1.58489e-05 0
1.65482e-05 0
1.72783e-05 0
1.80406e-05 0
1.88365e-05 0
1.96675e-05 0
2.05353e-05 0
2.14412e-05 0
2.23872e-05 0
2.33749e-05 0
2.44062e-05 0
2.5483e-05 0
2.66073e-05 0
2.77811e-05 0
2.90068e-05 0
3.02866e-05 0
3.16228e-05 0
3.30179e-05 0
3.44747e-05 0
3.59956e-05 0
3.75837e-05 0
3.92419e-05 0
4.09732e-05 0
4.27809e-05 0
4.46684e-05 0
4.66391e-05 0
4.86968e-05 0
5.08452e-05 0
5.30884e-05 0
5.54307e-05 0
5.78762e-05 0
6.04296e-05 0
6.30957e-05 0
6.58795e-05 0
6.8786e-05 0
7.18208e-05 0
7.49894e-05 0
7.82979e-05 0
8.17523e-05 0
8.53591e-05 0
8.91251e-05 0
9.30572e-05 0
9.71628e-05 0
0.00010145 0
0.000105925 0
0.000110599 0
0.000115478 0
0.000120573 0
0.000125893 0
0.000131447 0
0.000137246 0
0.000143301 0
0.000149624 0
0.000156225 0
0.000163117 0
0.000170314 0
0.000177828 0
0.000185674 0
0.000193865 0
0.000202418 0
0.000211349 0
0.000220673 0
0.000230409 0
0.000240575 0
0.000251189 0
0.000262271 0
0.000273842 0
0.000285924 0
0.000298538 0
0.000311709 0
0.000325462 0
0.000339821 0
0.000354813 0
0.000370467 0
0.000386812 0
0.000403878 0
0.000421697 0
0.000440301 0
0.000459727 0
0.00048001 0
0.000501187 0
0.000523299 0
0.000546387 0
0.000570493 0
0.000595662 0
0.000621942 0
0.000649382 0
0.000678032 0
0.000707946 0
0.00073918 0
0.000771792 0
0.000805842 0
0.000841395 0
0.000878517 0
0.000917276 0
0.000957745 0
0.001 0
0.00104412 0
0.00109018 0
0.00113828 0
0.0011885 0
0.00124094 0
0.00129569 0
0.00135285 0
0.00141254 0
0.00147486 0
0.00153993 0
0.00160787 0
0.0016788 0
0.00175287 0
0.00183021 0
0.00191095 0
0.00199526 0
0.00208329 0
0.0021752 0
0.00227117 0
0.00237137 90.9478
0.002476 0
0.00258523 0
0.00269929 0
0.00281838 0
0.00294273 0
0.00307256 96.0538
0.00320812 0
0.00334965 0
0.00349744 0
0.00365174 0
0.00381285 0
0.00398107 0
0.00415671 0
0.0043401 0
0.00453158 0
0.00473151 0
0.00494026 0
0.00515822 0
0.0053858 0
0.00562341 0
0.00587151 0
0.00613056 0
0.00640103 0
0.00668344 0
0.00697831 0
0.00728618 0
0.00760764 0
0.00794328 0
0.00829373 0
0.00865964 0
0.0090417 0
0.00944061 0
0.00985712 0
0.010292 0
0.0107461 0
0.0112202 85.8788
0.0117152 0
0.0122321 0
0.0127717 0
0.0133352 0
0.0139236 0
0.0145378 70.2307
0.0151792 0
0.0158489 212.726
0.0165482 0
0.0172783 0
0.0180406 38.5422
0.0188365 31.796
0.0196675 107.968
0.0205353 0
0.0214412 0
0.0223872 115.106
0.0233749 41.192
0.0244062 145.588
0.025483 112.198
0.0266073 0
0.0277811 117.757
0.0290068 84.9672
0.0302866 188.59
0.0316228 103.245
0.0330179 0
0.0344747 84.783
0.0359956 0
0.0375837 271.732
0.0392419 270.075
0.0409732 379.727
0.0427809 53.7937
0.0446684 209.103
0.0466391 165.117
0.0486968 276.949
0.0508452 343.268
0.0530884 312.613
0.0554307 149.182
0.0578762 278.472
0.0604296 457.857
0.0630957 75.7095
0.0658795 458.033
0.068786 69.1653
0.0718208 483.512
0.0749894 764.584
0.0782979 465.129
0.0817523 352.347
0.0853591 374.204
0.0891251 891.457
0.0930572 344.196
0.0971628 311.429
0.10145 328.514
0.105925 580.814
0.110599 575.769
0.115478 871.601
0.120573 420.628
0.125893 655.619
0.131447 270.05
0.137246 772.899
0.143301 691.721
0.149624 366.219
0.156225 1287.75
0.163117 440.621
0.170314 487.439
0.177828 290.661
0.185674 813.667
0.193865 583.112
0.202418 520.448
0.211349 885.286
0.220673 989.538
0.230409 801.535
0.240575 585.809
0.251189 588.732
0.262271 1018.17
0.273842 1151.07
0.285924 978.009
0.298538 793.476
0.311709 905.687
0.325462 889.907
0.339821 1044.88
0.354813 977.759
0.370467 938.47
0.386812 771.346
0.403878 395.318
0.421697 1060.22
0.440301 1120.05
0.459727 667.489
0.48001 897.551
0.501187 918.394
0.523299 1014.29
0.546387 834.571
0.570493 548.474
0.595662 687.687
0.621942 767.174
0.649382 953.263
0.678032 365.125
0.707946 839.607
0.73918 660.042
0.771792 729.023
0.805842 799.296
0.841395 610.613
0.878517 576.53
0.917276 105.839
0.957745 425.117
1 113.818
1.04412 194.152
1.09018 192.389
1.13828 274.767
1.1885 340.701
1.24094 484.013
1.29569 867.249
1.35285 29.8025
1.41254 277.988
1.47486 38.4184
1.53993 366.395
1.60787 524.421
1.6788 293.311
1.75287 513.596
1.83021 156.394
1.91095 0
1.99526 240.365
2.08329 326.152
2.1752 579.601
2.27117 254.752
2.37137 0
2.476 116.328
2.58523 217.704
2.69929 423.951
2.81838 109.994
2.94273 151.035
3.07256 306.955
3.20812 69.3894
3.34965 0
3.49744 104.513
3.65174 402.472
3.81285 252.422
3.98107 311.49
4.15671 118.582
4.3401 131.213
4.53158 83.7864
4.73151 271.88
4.94026 66.8783
5.15822 202.737
5.3858 430.082
5.62341 52.7328
5.87151 0
6.13056 307.842
6.40103 155.255
6.68344 61.0104
6.97831 30.2499
7.28618 63.2472
7.60764 101.978
7.94328 43.1525
8.29373 0
8.65964 0
9.0417 34.0823
9.44061 64.2751
9.85712 63.8265
10.292 0
10.7461 156.985
11.2202 0
11.7152 77.8117
12.2321 149.755
12.7717 68.6853
13.3352 183.655
13.9236 87.1229
14.5378 217.531
15.1792 276.004
15.8489 35.353
16.5482 113.722
17.2783 0
18.0406 77.6562
18.8365 79.1487
19.6675 0
20.5353 228.045
21.4412 333.873
22.3872 0
23.3749 265.914
24.4062 61.0525
25.483 0
26.6073 0
27.7811 384.232
29.0068 143.054
30.2866 401.875
31.6228 53.9926
33.0179 216.51
34.4747 0
35.9956 208.927
37.5837 170.826
39.2419 166.78
40.9732 74.5193
42.7809 111.274
44.6684 0
46.6391 115.387
48.6968 63.7578
50.8452 178.677
53.0884 104.968
55.4307 208.619
57.8762 113.727
60.4296 117.723
63.0957 182.734
65.8795 57.5582
68.786 247.117
71.8208 111.473
74.9894 189.391
78.2979 104.719
81.7523 195.002
85.3591 116.449
89.1251 0
93.0572 52.1731
97.1628 142.104
101.45 203.999
105.925 98.6049
110.599 39.3041
115.478 0
120.573 398.051
125.893 0
131.447 121.727
137.246 0
143.301 199.725
149.624 192.014
156.225 181.745
163.117 0
170.314 88.0685
177.828 212.298
185.674 146.468
193.865 141.133
202.418 316.365
211.349 92.7866
220.673 0
230.409 159.663
240.575 107.217
251.189 255.862
262.271 85.1853
273.842 0
285.924 0
298.538 0
311.709 53.8641
325.462 0
339.821 0
354.813 0
370.467 0
386.812 0
403.878 0
421.697 0
440.301 0
459.727 0
480.01 0
501.187 0
523.299 0
546.387 0
570.493 0
595.662 0
621.942 0
649.382 0
678.032 0
707.946 0
739.18 0
771.792 0
805.842 0
841.395 0
878.517 0
917.276 0
957.745 0
1000 0
