# First line is two numbers 
#     First value is '2', it means 'histogram mode'
#     Second value is 'Emin' of the histogram
# Other lines : 2 columns. 1) energy 2) probability (nb divided by NbEvent)
# Number of bins = 480
# Content below the first bin: 0
# Content above the last  bin: 0
# Content above the last  bin: 0
# Number of events: 209000
2 1e-06
1.04412e-06 0
1.09018e-06 0
1.13828e-06 0
1.1885e-06 0
1.24094e-06 0
1.29569e-06 0
1.35285e-06 0
1.41254e-06 0
1.47486e-06 0
1.53993e-06 0
1.60787e-06 0
1.6788e-06 0
1.75287e-06 0
1.83021e-06 0
1.91095e-06 0
1.99526e-06 0
2.08329e-06 0
2.1752e-06 0
2.27117e-06 0
2.37137e-06 0
2.476e-06 0
2.58523e-06 0
2.69929e-06 0
2.81838e-06 0
2.94273e-06 0
3.07256e-06 0
3.20812e-06 0
3.34965e-06 0
3.49744e-06 0
3.65174e-06 0
3.81285e-06 0
3.98107e-06 0
4.15671e-06 0
4.3401e-06 0
4.53158e-06 0
4.73151e-06 0
4.94026e-06 0
5.15822e-06 0
5.3858e-06 0
5.62341e-06 0
5.87151e-06 0
6.13056e-06 0
6.40103e-06 0
6.68344e-06 0
6.97831e-06 0
7.28618e-06 0
7.60764e-06 0
7.94328e-06 0
8.29373e-06 0
8.65964e-06 0
9.0417e-06 0
9.44061e-06 0
9.85712e-06 0
1.0292e-05 0
1.07461e-05 0
1.12202e-05 0
1.17152e-05 0
1.22321e-05 0
1.27717e-05 0
1.33352e-05 0
1.39236e-05 0
1.45378e-05 0
1.51792e-05 0
1.58489e-05 0
1.65482e-05 0
1.72783e-05 0
1.80406e-05 0
1.88365e-05 0
1.96675e-05 0
2.05353e-05 0
2.14412e-05 0
2.23872e-05 0
2.33749e-05 0
2.44062e-05 0
2.5483e-05 0
2.66073e-05 0
2.77811e-05 0
2.90068e-05 0
3.02866e-05 0
3.16228e-05 0
3.30179e-05 0
3.44747e-05 0
3.59956e-05 0
3.75837e-05 0
3.92419e-05 0
4.09732e-05 0
4.27809e-05 0
4.46684e-05 0
4.66391e-05 0
4.86968e-05 0
5.08452e-05 0
5.30884e-05 0
5.54307e-05 0
5.78762e-05 0
6.04296e-05 0
6.30957e-05 0
6.58795e-05 0
6.8786e-05 0
7.18208e-05 0
7.49894e-05 0
7.82979e-05 0
8.17523e-05 0
8.53591e-05 0
8.91251e-05 0
9.30572e-05 0
9.71628e-05 0
0.00010145 0
0.000105925 0
0.000110599 0
0.000115478 0
0.000120573 0
0.000125893 0
0.000131447 0
0.000137246 0
0.000143301 0
0.000149624 0
0.000156225 0
0.000163117 0
0.000170314 0
0.000177828 0
0.000185674 0
0.000193865 0
0.000202418 0
0.000211349 0
0.000220673 0
0.000230409 0
0.000240575 0
0.000251189 0
0.000262271 0
0.000273842 0
0.000285924 0
0.000298538 0
0.000311709 0
0.000325462 0
0.000339821 0
0.000354813 0
0.000370467 0
0.000386812 0
0.000403878 0
0.000421697 0
0.000440301 0
0.000459727 0
0.00048001 0
0.000501187 0
0.000523299 0
0.000546387 0
0.000570493 0
0.000595662 0
0.000621942 0
0.000649382 0
0.000678032 0
0.000707946 0
0.00073918 0
0.000771792 0
0.000805842 0
0.000841395 0
0.000878517 0
0.000917276 0
0.000957745 0
0.001 0
0.00104412 0
0.00109018 0
0.00113828 0
0.0011885 0
0.00124094 0
0.00129569 0
0.00135285 0
0.00141254 0
0.00147486 0
0.00153993 0
0.00160787 0
0.0016788 0
0.00175287 0
0.00183021 0
0.00191095 0
0.00199526 0
0.00208329 0
0.0021752 0
0.00227117 0
0.00237137 0
0.002476 0
0.00258523 0
0.00269929 0
0.00281838 78.8992
0.00294273 0
0.00307256 0
0.00320812 0
0.00334965 0
0.00349744 0
0.00365174 0
0.00381285 0
0.00398107 0
0.00415671 0
0.0043401 0
0.00453158 0
0.00473151 0
0.00494026 0
0.00515822 0
0.0053858 0
0.00562341 0
0.00587151 0
0.00613056 0
0.00640103 0
0.00668344 0
0.00697831 0
0.00728618 0
0.00760764 0
0.00794328 23.9566
0.00829373 0
0.00865964 0
0.0090417 88.4061
0.00944061 0
0.00985712 0
0.010292 0
0.0107461 0
0.0112202 91.7769
0.0117152 0
0.0122321 0
0.0127717 62.474
0.0133352 115.883
0.0139236 0
0.0145378 0
0.0151792 116.845
0.0158489 0
0.0165482 0
0.0172783 114.619
0.0180406 137.157
0.0188365 244.764
0.0196675 0
0.0205353 143.681
0.0214412 0
0.0223872 253.418
0.0233749 0
0.0244062 149.402
0.025483 57.9615
0.0266073 0
0.0277811 139.551
0.0290068 0
0.0302866 387.776
0.0316228 165.134
0.0330179 118.949
0.0344747 300.057
0.0359956 179.602
0.0375837 303.64
0.0392419 100.09
0.0409732 47.975
0.0427809 359.231
0.0446684 286.457
0.0466391 340.727
0.0486968 532.537
0.0508452 241.832
0.0530884 599.553
0.0554307 300.083
0.0578762 305.703
0.0604296 947.553
0.0630957 425.14
0.0658795 716.2
0.068786 548.918
0.0718208 557.329
0.0749894 759.931
0.0782979 802.262
0.0817523 390.084
0.0853591 750.48
0.0891251 914.771
0.0930572 636.292
0.0971628 354.82
0.10145 718.44
0.105925 666.887
0.110599 615.727
0.115478 889.225
0.120573 383.283
0.125893 860.185
0.131447 519.301
0.137246 1074.81
0.143301 790.694
0.149624 1076.35
0.156225 866.978
0.163117 929.472
0.170314 1063.19
0.177828 910.922
0.185674 852.841
0.193865 1205.34
0.202418 992.881
0.211349 1092.99
0.220673 710.254
0.230409 1216.97
0.240575 887.34
0.251189 888.361
0.262271 451.956
0.273842 907.292
0.285924 625.362
0.298538 949.684
0.311709 1050.6
0.325462 1393.45
0.339821 1004.2
0.354813 1505.92
0.370467 1190.43
0.386812 890.245
0.403878 976.846
0.421697 767.307
0.440301 1441.29
0.459727 1014.2
0.48001 1545.84
0.501187 892.127
0.523299 1447.76
0.546387 656.992
0.570493 885.112
0.595662 848.258
0.621942 799.218
0.649382 881.266
0.678032 1026.68
0.707946 1192.09
0.73918 1674.36
0.771792 1098.93
0.805842 1069.77
0.841395 728.374
0.878517 894.803
0.917276 581.025
0.957745 732.237
1 734.317
1.04412 781.473
1.09018 808.555
1.13828 628.429
1.1885 623.779
1.24094 759.535
1.29569 173.584
1.35285 251.883
1.41254 196.208
1.47486 477.425
1.53993 580.41
1.60787 413.599
1.6788 266.267
1.75287 330.919
1.83021 144.781
1.91095 516.617
1.99526 127.921
2.08329 500.944
2.1752 185.762
2.27117 589.725
2.37137 361.837
2.476 372.259
2.58523 119.628
2.69929 393.757
2.81838 182.526
2.94273 331.444
3.07256 297.427
3.20812 210.176
3.34965 0
3.49744 452.357
3.65174 199.155
3.81285 183.868
3.98107 156.399
4.15671 51.581
4.3401 201.907
4.53158 66.049
4.73151 142.174
4.94026 245.293
5.15822 55.6695
5.3858 65.2726
5.62341 193.176
5.87151 139.824
6.13056 267.243
6.40103 0
6.68344 117.761
6.97831 305.928
7.28618 147.472
7.60764 43.2317
7.94328 0
8.29373 42.6256
8.65964 91.6742
9.0417 142.525
9.44061 185.476
9.85712 94.6579
10.292 0
10.7461 119.423
11.2202 180.711
11.7152 84.0257
12.2321 173.937
12.7717 236.663
13.3352 0
13.9236 196.252
14.5378 0
15.1792 348.462
15.8489 0
16.5482 49.0399
17.2783 0
18.0406 218.591
18.8365 112.547
19.6675 214.314
20.5353 12.7042
21.4412 66.7172
22.3872 179.365
23.3749 310.722
24.4062 104.057
25.483 0
26.6073 89.9436
27.7811 0
29.0068 0
30.2866 189.423
31.6228 27.6757
33.0179 267.909
34.4747 96.6037
35.9956 0
37.5837 185.192
39.2419 114.514
40.9732 0
42.7809 118.818
44.6684 198.766
46.6391 155.389
48.6968 169.467
50.8452 166.165
53.0884 0
55.4307 165.012
57.8762 136.166
60.4296 89.0282
63.0957 120.141
65.8795 307.14
68.786 112.34
71.8208 0
74.9894 123.324
78.2979 0
81.7523 183.325
85.3591 313.391
89.1251 0
93.0572 279.856
97.1628 213.815
101.45 186.415
105.925 205.52
110.599 198.248
115.478 262.61
120.573 65.3847
125.893 160.188
131.447 49.2377
137.246 76.984
143.301 333.711
149.624 108.46
156.225 95.1565
163.117 389.304
170.314 423.059
177.828 377.971
185.674 91.9836
193.865 110.61
202.418 76.5653
211.349 75.3982
220.673 85.4481
230.409 130.719
240.575 0
251.189 0
262.271 0
273.842 0
285.924 0
298.538 0
311.709 0
325.462 0
339.821 115.759
354.813 0
370.467 44.2946
386.812 0
403.878 0
421.697 0
440.301 0
459.727 0
480.01 0
501.187 0
523.299 0
546.387 0
570.493 0
595.662 0
621.942 0
649.382 0
678.032 0
707.946 0
739.18 0
771.792 0
805.842 0
841.395 0
878.517 0
917.276 0
957.745 0
1000 0
