# First line is two numbers 
#     First value is '2', it means 'histogram mode'
#     Second value is 'Emin' of the histogram
# Other lines : 2 columns. 1) energy 2) probability (nb divided by NbEvent)
# Number of bins = 480
# Content below the first bin: 0
# Content above the last  bin: 0
# Content above the last  bin: 0
# Number of events: 209000
2 1e-06
1.04412e-06 0
1.09018e-06 0
1.13828e-06 0
1.1885e-06 0
1.24094e-06 0
1.29569e-06 0
1.35285e-06 0
1.41254e-06 0
1.47486e-06 0
1.53993e-06 0
1.60787e-06 0
1.6788e-06 0
1.75287e-06 0
1.83021e-06 0
1.91095e-06 0
1.99526e-06 0
2.08329e-06 0
2.1752e-06 0
2.27117e-06 0
2.37137e-06 0
2.476e-06 0
2.58523e-06 0
2.69929e-06 0
2.81838e-06 0
2.94273e-06 0
3.07256e-06 0
3.20812e-06 0
3.34965e-06 0
3.49744e-06 0
3.65174e-06 0
3.81285e-06 0
3.98107e-06 0
4.15671e-06 0
4.3401e-06 0
4.53158e-06 0
4.73151e-06 0
4.94026e-06 0
5.15822e-06 0
5.3858e-06 0
5.62341e-06 0
5.87151e-06 0
6.13056e-06 0
6.40103e-06 0
6.68344e-06 0
6.97831e-06 0
7.28618e-06 0
7.60764e-06 0
7.94328e-06 0
8.29373e-06 0
8.65964e-06 0
9.0417e-06 0
9.44061e-06 0
9.85712e-06 0
1.0292e-05 0
1.07461e-05 0
1.12202e-05 0
1.17152e-05 0
1.22321e-05 0
1.27717e-05 0
1.33352e-05 0
1.39236e-05 0
1.45378e-05 0
1.51792e-05 0
1.58489e-05 0
1.65482e-05 0
1.72783e-05 0
1.80406e-05 0
1.88365e-05 0
1.96675e-05 0
2.05353e-05 0
2.14412e-05 0
2.23872e-05 0
2.33749e-05 0
2.44062e-05 0
2.5483e-05 0
2.66073e-05 0
2.77811e-05 0
2.90068e-05 0
3.02866e-05 0
3.16228e-05 0
3.30179e-05 0
3.44747e-05 0
3.59956e-05 0
3.75837e-05 0
3.92419e-05 0
4.09732e-05 0
4.27809e-05 0
4.46684e-05 0
4.66391e-05 0
4.86968e-05 0
5.08452e-05 0
5.30884e-05 0
5.54307e-05 0
5.78762e-05 0
6.04296e-05 0
6.30957e-05 0
6.58795e-05 0
6.8786e-05 0
7.18208e-05 0
7.49894e-05 0
7.82979e-05 0
8.17523e-05 0
8.53591e-05 0
8.91251e-05 0
9.30572e-05 0
9.71628e-05 0
0.00010145 0
0.000105925 0
0.000110599 0
0.000115478 0
0.000120573 0
0.000125893 0
0.000131447 0
0.000137246 0
0.000143301 0
0.000149624 0
0.000156225 0
0.000163117 0
0.000170314 0
0.000177828 0
0.000185674 0
0.000193865 0
0.000202418 0
0.000211349 0
0.000220673 0
0.000230409 0
0.000240575 0
0.000251189 0
0.000262271 0
0.000273842 0
0.000285924 0
0.000298538 0
0.000311709 0
0.000325462 0
0.000339821 0
0.000354813 0
0.000370467 0
0.000386812 0
0.000403878 0
0.000421697 0
0.000440301 0
0.000459727 0
0.00048001 0
0.000501187 0
0.000523299 0
0.000546387 0
0.000570493 0
0.000595662 0
0.000621942 0
0.000649382 0
0.000678032 0
0.000707946 0
0.00073918 0
0.000771792 0
0.000805842 0
0.000841395 0
0.000878517 0
0.000917276 0
0.000957745 96.8952
0.001 0
0.00104412 0
0.00109018 0
0.00113828 0
0.0011885 0
0.00124094 0
0.00129569 0
0.00135285 0
0.00141254 0
0.00147486 0
0.00153993 0
0.00160787 0
0.0016788 0
0.00175287 0
0.00183021 0
0.00191095 0
0.00199526 0
0.00208329 0
0.0021752 0
0.00227117 0
0.00237137 0
0.002476 0
0.00258523 0
0.00269929 0
0.00281838 0
0.00294273 0
0.00307256 0
0.00320812 0
0.00334965 0
0.00349744 0
0.00365174 0
0.00381285 0
0.00398107 0
0.00415671 0
0.0043401 0
0.00453158 0
0.00473151 0
0.00494026 0
0.00515822 0
0.0053858 0
0.00562341 0
0.00587151 0
0.00613056 83.5215
0.00640103 0
0.00668344 0
0.00697831 0
0.00728618 0
0.00760764 0
0.00794328 0
0.00829373 0
0.00865964 0
0.0090417 0
0.00944061 0
0.00985712 0
0.010292 0
0.0107461 0
0.0112202 0
0.0117152 0
0.0122321 0
0.0127717 0
0.0133352 0
0.0139236 0
0.0145378 0
0.0151792 0
0.0158489 0
0.0165482 0
0.0172783 115.645
0.0180406 106.723
0.0188365 0
0.0196675 78.6208
0.0205353 0
0.0214412 0
0.0223872 0
0.0233749 0
0.0244062 114.884
0.025483 0
0.0266073 0
0.0277811 0
0.0290068 0
0.0302866 0
0.0316228 0
0.0330179 72.5431
0.0344747 0
0.0359956 0
0.0375837 0
0.0392419 61.0579
0.0409732 0
0.0427809 0
0.0446684 62.512
0.0466391 0
0.0486968 114.021
0.0508452 0
0.0530884 71.4499
0.0554307 0
0.0578762 4.23425
0.0604296 39.8718
0.0630957 0
0.0658795 0
0.068786 0
0.0718208 0
0.0749894 91.1388
0.0782979 72.2809
0.0817523 94.778
0.0853591 90.3794
0.0891251 61.8119
0.0930572 156.919
0.0971628 0
0.10145 252.444
0.105925 336.02
0.110599 204.117
0.115478 205.686
0.120573 559.956
0.125893 190.585
0.131447 209.903
0.137246 161.425
0.143301 285.123
0.149624 94.557
0.156225 83.4319
0.163117 108.272
0.170314 344.472
0.177828 415.863
0.185674 176.759
0.193865 184.159
0.202418 80.0975
0.211349 206.879
0.220673 403.339
0.230409 512.433
0.240575 88.063
0.251189 302.464
0.262271 748.316
0.273842 332.227
0.285924 376.76
0.298538 352.544
0.311709 260.165
0.325462 296.893
0.339821 263.278
0.354813 270.697
0.370467 333.8
0.386812 615.245
0.403878 546.3
0.421697 285.681
0.440301 424.827
0.459727 300.481
0.48001 634.426
0.501187 1071.53
0.523299 208.704
0.546387 593.403
0.570493 255.311
0.595662 116.616
0.621942 614.531
0.649382 179.761
0.678032 686.305
0.707946 782.909
0.73918 620.125
0.771792 174.442
0.805842 421.785
0.841395 274.25
0.878517 298.965
0.917276 575.255
0.957745 436.786
1 736.673
1.04412 468.47
1.09018 383.974
1.13828 358.888
1.1885 465.679
1.24094 447.067
1.29569 467.872
1.35285 373.154
1.41254 1006.14
1.47486 163.365
1.53993 243.003
1.60787 682.172
1.6788 164.853
1.75287 345.372
1.83021 632.603
1.91095 314.49
1.99526 484.859
2.08329 196.923
2.1752 363.49
2.27117 151.948
2.37137 296.117
2.476 368.112
2.58523 257.984
2.69929 456.49
2.81838 102.72
2.94273 158.256
3.07256 71.1834
3.20812 213.203
3.34965 779.853
3.49744 471.605
3.65174 366.796
3.81285 234.339
3.98107 478.148
4.15671 65.8964
4.3401 267.337
4.53158 40.5696
4.73151 337.309
4.94026 47.5234
5.15822 361.48
5.3858 534.226
5.62341 0
5.87151 98.0093
6.13056 342.267
6.40103 0
6.68344 111.115
6.97831 313.218
7.28618 137.294
7.60764 524.959
7.94328 73.4161
8.29373 54.9183
8.65964 194.063
9.0417 0
9.44061 447.761
9.85712 294.367
10.292 0
10.7461 192.314
11.2202 169.187
11.7152 160.328
12.2321 0
12.7717 68.4174
13.3352 387.024
13.9236 94.4862
14.5378 147.763
15.1792 47.9758
15.8489 0
16.5482 82.9161
17.2783 202.841
18.0406 133.643
18.8365 118.871
19.6675 191.83
20.5353 164.76
21.4412 0
22.3872 45.3887
23.3749 182.455
24.4062 100.272
25.483 206.571
26.6073 170.815
27.7811 95.0613
29.0068 54.828
30.2866 263.093
31.6228 250.562
33.0179 242.976
34.4747 181.385
35.9956 66.902
37.5837 365.451
39.2419 0
40.9732 134.415
42.7809 78.0877
44.6684 282.437
46.6391 77.1202
48.6968 53.7035
50.8452 114.366
53.0884 369.856
55.4307 0
57.8762 100.803
60.4296 128.505
63.0957 123.685
65.8795 102.971
68.786 151.957
71.8208 184.382
74.9894 120.327
78.2979 277.877
81.7523 229.254
85.3591 360.958
89.1251 11.4131
93.0572 193.05
97.1628 416.568
101.45 164.869
105.925 442.564
110.599 334.763
115.478 433.187
120.573 318.061
125.893 111.692
131.447 194.562
137.246 433.562
143.301 232.049
149.624 385.705
156.225 114.811
163.117 299.103
170.314 212.663
177.828 385.174
185.674 317.916
193.865 368.254
202.418 259.812
211.349 304.09
220.673 206.01
230.409 77.4023
240.575 355.279
251.189 525.047
262.271 513.787
273.842 151.473
285.924 392.503
298.538 495.951
311.709 909.617
325.462 715.433
339.821 620.566
354.813 365.586
370.467 388.189
386.812 159.455
403.878 441.331
421.697 156.511
440.301 247.035
459.727 206.588
480.01 0
501.187 112.178
523.299 94.9578
546.387 224.624
570.493 0
595.662 179.4
621.942 181.42
649.382 43.035
678.032 0
707.946 0
739.18 0
771.792 0
805.842 0
841.395 0
878.517 0
917.276 0
957.745 0
1000 0
