# First line is two numbers 
#     First value is '2', it means 'histogram mode'
#     Second value is 'Emin' of the histogram
# Other lines : 2 columns. 1) energy 2) probability (nb divided by NbEvent)
# Number of bins = 480
# Content below the first bin: 0
# Content above the last  bin: 0
# Content above the last  bin: 0
# Number of events: 209000
2 1e-06
1.04412e-06 0
1.09018e-06 0
1.13828e-06 0
1.1885e-06 0
1.24094e-06 0
1.29569e-06 0
1.35285e-06 0
1.41254e-06 0
1.47486e-06 0
1.53993e-06 0
1.60787e-06 0
1.6788e-06 0
1.75287e-06 0
1.83021e-06 0
1.91095e-06 0
1.99526e-06 0
2.08329e-06 0
2.1752e-06 0
2.27117e-06 0
2.37137e-06 0
2.476e-06 0
2.58523e-06 0
2.69929e-06 0
2.81838e-06 0
2.94273e-06 0
3.07256e-06 0
3.20812e-06 0
3.34965e-06 0
3.49744e-06 0
3.65174e-06 0
3.81285e-06 0
3.98107e-06 0
4.15671e-06 0
4.3401e-06 0
4.53158e-06 0
4.73151e-06 0
4.94026e-06 0
5.15822e-06 0
5.3858e-06 0
5.62341e-06 0
5.87151e-06 0
6.13056e-06 0
6.40103e-06 0
6.68344e-06 0
6.97831e-06 0
7.28618e-06 0
7.60764e-06 0
7.94328e-06 0
8.29373e-06 0
8.65964e-06 0
9.0417e-06 0
9.44061e-06 0
9.85712e-06 0
1.0292e-05 0
1.07461e-05 0
1.12202e-05 0
1.17152e-05 0
1.22321e-05 0
1.27717e-05 0
1.33352e-05 0
1.39236e-05 0
1.45378e-05 0
1.51792e-05 0
1.58489e-05 0
1.65482e-05 0
1.72783e-05 0
1.80406e-05 0
1.88365e-05 0
1.96675e-05 0
2.05353e-05 0
2.14412e-05 0
2.23872e-05 0
2.33749e-05 0
2.44062e-05 0
2.5483e-05 0
2.66073e-05 0
2.77811e-05 0
2.90068e-05 0
3.02866e-05 0
3.16228e-05 0
3.30179e-05 0
3.44747e-05 0
3.59956e-05 0
3.75837e-05 0
3.92419e-05 0
4.09732e-05 0
4.27809e-05 0
4.46684e-05 0
4.66391e-05 0
4.86968e-05 0
5.08452e-05 0
5.30884e-05 0
5.54307e-05 0
5.78762e-05 0
6.04296e-05 0
6.30957e-05 0
6.58795e-05 0
6.8786e-05 0
7.18208e-05 0
7.49894e-05 0
7.82979e-05 0
8.17523e-05 0
8.53591e-05 0
8.91251e-05 0
9.30572e-05 0
9.71628e-05 0
0.00010145 0
0.000105925 0
0.000110599 0
0.000115478 0
0.000120573 0
0.000125893 0
0.000131447 0
0.000137246 0
0.000143301 0
0.000149624 0
0.000156225 0
0.000163117 0
0.000170314 0
0.000177828 0
0.000185674 0
0.000193865 0
0.000202418 0
0.000211349 0
0.000220673 0
0.000230409 0
0.000240575 0
0.000251189 0
0.000262271 0
0.000273842 0
0.000285924 0
0.000298538 0
0.000311709 0
0.000325462 0
0.000339821 0
0.000354813 0
0.000370467 0
0.000386812 0
0.000403878 0
0.000421697 0
0.000440301 0
0.000459727 0
0.00048001 0
0.000501187 0
0.000523299 0
0.000546387 0
0.000570493 0
0.000595662 0
0.000621942 0
0.000649382 0
0.000678032 0
0.000707946 0
0.00073918 0
0.000771792 0
0.000805842 0
0.000841395 0
0.000878517 0
0.000917276 0
0.000957745 0
0.001 0
0.00104412 0
0.00109018 0
0.00113828 0
0.0011885 0
0.00124094 0
0.00129569 0
0.00135285 0
0.00141254 0
0.00147486 0
0.00153993 0
0.00160787 0
0.0016788 0
0.00175287 0
0.00183021 0
0.00191095 0
0.00199526 0
0.00208329 0
0.0021752 0
0.00227117 0
0.00237137 0
0.002476 0
0.00258523 0
0.00269929 0
0.00281838 0
0.00294273 0
0.00307256 0
0.00320812 0
0.00334965 0
0.00349744 0
0.00365174 0
0.00381285 0
0.00398107 0
0.00415671 0
0.0043401 0
0.00453158 0
0.00473151 0
0.00494026 0
0.00515822 0
0.0053858 0
0.00562341 0
0.00587151 0
0.00613056 0
0.00640103 0
0.00668344 0
0.00697831 0
0.00728618 0
0.00760764 0
0.00794328 0
0.00829373 0
0.00865964 96.3244
0.0090417 0
0.00944061 0
0.00985712 0
0.010292 74.3007
0.0107461 0
0.0112202 0
0.0117152 0
0.0122321 0
0.0127717 0
0.0133352 0
0.0139236 0
0.0145378 0
0.0151792 0
0.0158489 0
0.0165482 0
0.0172783 0
0.0180406 0
0.0188365 0
0.0196675 0
0.0205353 0
0.0214412 0
0.0223872 0
0.0233749 0
0.0244062 0
0.025483 0
0.0266073 25.6726
0.0277811 0
0.0290068 25.1923
0.0302866 102.172
0.0316228 0
0.0330179 0
0.0344747 0
0.0359956 0
0.0375837 0
0.0392419 116.322
0.0409732 0
0.0427809 0
0.0446684 0
0.0466391 0
0.0486968 0
0.0508452 118.841
0.0530884 0
0.0554307 0
0.0578762 111.091
0.0604296 72.0842
0.0630957 0
0.0658795 0
0.068786 189.284
0.0718208 77.0917
0.0749894 186.204
0.0782979 0
0.0817523 239.44
0.0853591 320.175
0.0891251 73.3068
0.0930572 67.4054
0.0971628 148.849
0.10145 160.281
0.105925 104.003
0.110599 63.6153
0.115478 47.9842
0.120573 333.657
0.125893 192.957
0.131447 0
0.137246 180.908
0.143301 274.045
0.149624 0
0.156225 459.418
0.163117 114.132
0.170314 254.661
0.177828 96.277
0.185674 284.36
0.193865 298.263
0.202418 109.28
0.211349 88.0345
0.220673 332.933
0.230409 320.155
0.240575 440.74
0.251189 592.6
0.262271 244.106
0.273842 330.691
0.285924 326.538
0.298538 175.112
0.311709 382.921
0.325462 130.103
0.339821 730.359
0.354813 236.481
0.370467 369.792
0.386812 411.77
0.403878 280.076
0.421697 399.541
0.440301 635.998
0.459727 517.284
0.48001 831.958
0.501187 420.42
0.523299 659.144
0.546387 508.143
0.570493 879.118
0.595662 714.234
0.621942 366.562
0.649382 741.546
0.678032 800.262
0.707946 450.613
0.73918 302.476
0.771792 557.044
0.805842 118.931
0.841395 394.522
0.878517 168.042
0.917276 175.675
0.957745 340.797
1 562.019
1.04412 452.048
1.09018 0
1.13828 326.179
1.1885 19.7844
1.24094 693.13
1.29569 319.55
1.35285 475.074
1.41254 249.589
1.47486 221.433
1.53993 552.838
1.60787 328.788
1.6788 227.883
1.75287 421.305
1.83021 147.716
1.91095 275.412
1.99526 663.412
2.08329 273.848
2.1752 331.535
2.27117 342.745
2.37137 453.9
2.476 385.252
2.58523 88.142
2.69929 116.888
2.81838 212.489
2.94273 424.579
3.07256 239.235
3.20812 424.368
3.34965 341.758
3.49744 467.614
3.65174 302.211
3.81285 0
3.98107 191.596
4.15671 129.419
4.3401 145.448
4.53158 84.7794
4.73151 69.4139
4.94026 282.403
5.15822 93.1943
5.3858 142.329
5.62341 167.936
5.87151 172.339
6.13056 246.776
6.40103 282.86
6.68344 349.056
6.97831 107.749
7.28618 446.873
7.60764 173.245
7.94328 100.141
8.29373 83.187
8.65964 255.826
9.0417 292.002
9.44061 311.262
9.85712 160.923
10.292 252.381
10.7461 0
11.2202 91.7228
11.7152 162.923
12.2321 499.381
12.7717 68.9601
13.3352 305.78
13.9236 154.875
14.5378 197.517
15.1792 112.556
15.8489 208.022
16.5482 176.5
17.2783 0
18.0406 114.178
18.8365 179.833
19.6675 0
20.5353 247.269
21.4412 284.934
22.3872 196.356
23.3749 86.8835
24.4062 115.047
25.483 245.134
26.6073 125.81
27.7811 123.67
29.0068 92.6441
30.2866 54.6054
31.6228 0
33.0179 169.012
34.4747 95.9003
35.9956 338.331
37.5837 169.002
39.2419 261.397
40.9732 42.7781
42.7809 445.161
44.6684 102.518
46.6391 0
48.6968 91.9655
50.8452 262.816
53.0884 204.102
55.4307 285.036
57.8762 0
60.4296 0
63.0957 218.277
65.8795 439.899
68.786 156.747
71.8208 107.579
74.9894 216.151
78.2979 88.7446
81.7523 17.4963
85.3591 294.69
89.1251 323.762
93.0572 98.7906
97.1628 189.497
101.45 448.137
105.925 311.841
110.599 357.437
115.478 169.557
120.573 364.809
125.893 276.056
131.447 249.768
137.246 473.566
143.301 183.021
149.624 330.491
156.225 0
163.117 48.607
170.314 619.799
177.828 223.33
185.674 412.733
193.865 531.162
202.418 633.887
211.349 169.466
220.673 113.418
230.409 248.629
240.575 506.913
251.189 308.109
262.271 20.7677
273.842 748.11
285.924 650.208
298.538 949.397
311.709 385.068
325.462 613.198
339.821 691.388
354.813 542.32
370.467 309.539
386.812 188.157
403.878 165.446
421.697 645.196
440.301 106.791
459.727 430.74
480.01 169.879
501.187 264.82
523.299 0
546.387 0
570.493 289.573
595.662 0
621.942 236.491
649.382 0
678.032 0
707.946 110.606
739.18 92.8842
771.792 0
805.842 0
841.395 0
878.517 0
917.276 0
957.745 0
1000 0
