# First line is two numbers 
#     First value is '2', it means 'histogram mode'
#     Second value is 'Emin' of the histogram
# Other lines : 2 columns. 1) energy 2) probability (nb divided by NbEvent)
# Number of bins = 480
# Content below the first bin: 0
# Content above the last  bin: 0
# Content above the last  bin: 0
# Number of events: 400000
2 1e-06
1.04412e-06 0
1.09018e-06 0
1.13828e-06 0
1.1885e-06 0
1.24094e-06 0
1.29569e-06 0
1.35285e-06 0
1.41254e-06 0
1.47486e-06 0
1.53993e-06 0
1.60787e-06 0
1.6788e-06 0
1.75287e-06 0
1.83021e-06 0
1.91095e-06 0
1.99526e-06 0
2.08329e-06 0
2.1752e-06 0
2.27117e-06 0
2.37137e-06 0
2.476e-06 0
2.58523e-06 0
2.69929e-06 0
2.81838e-06 0
2.94273e-06 0
3.07256e-06 0
3.20812e-06 0
3.34965e-06 0
3.49744e-06 0
3.65174e-06 0
3.81285e-06 0
3.98107e-06 0
4.15671e-06 0
4.3401e-06 0
4.53158e-06 0
4.73151e-06 0
4.94026e-06 0
5.15822e-06 0
5.3858e-06 0
5.62341e-06 0
5.87151e-06 0
6.13056e-06 0
6.40103e-06 0
6.68344e-06 0
6.97831e-06 0
7.28618e-06 0
7.60764e-06 0
7.94328e-06 0
8.29373e-06 0
8.65964e-06 0
9.0417e-06 0
9.44061e-06 0
9.85712e-06 0
1.0292e-05 0
1.07461e-05 0
1.12202e-05 0
1.17152e-05 0
1.22321e-05 0
1.27717e-05 0
1.33352e-05 0
1.39236e-05 0
1.45378e-05 0
1.51792e-05 0
1.58489e-05 0
1.65482e-05 0
1.72783e-05 0
1.80406e-05 0
1.88365e-05 0
1.96675e-05 0
2.05353e-05 0
2.14412e-05 0
2.23872e-05 0
2.33749e-05 0
2.44062e-05 0
2.5483e-05 0
2.66073e-05 0
2.77811e-05 0
2.90068e-05 0
3.02866e-05 0
3.16228e-05 0
3.30179e-05 0
3.44747e-05 0
3.59956e-05 0
3.75837e-05 0
3.92419e-05 0
4.09732e-05 0
4.27809e-05 0
4.46684e-05 0
4.66391e-05 0
4.86968e-05 0
5.08452e-05 0
5.30884e-05 0
5.54307e-05 0
5.78762e-05 0
6.04296e-05 0
6.30957e-05 0
6.58795e-05 0
6.8786e-05 0
7.18208e-05 0
7.49894e-05 0
7.82979e-05 0
8.17523e-05 0
8.53591e-05 0
8.91251e-05 0
9.30572e-05 0
9.71628e-05 0
0.00010145 0
0.000105925 0
0.000110599 0
0.000115478 0
0.000120573 0
0.000125893 0
0.000131447 0
0.000137246 0
0.000143301 0
0.000149624 0
0.000156225 0
0.000163117 87.8162
0.000170314 0
0.000177828 0
0.000185674 0
0.000193865 0
0.000202418 0
0.000211349 58.3629
0.000220673 0
0.000230409 0
0.000240575 0
0.000251189 0
0.000262271 0
0.000273842 0
0.000285924 0
0.000298538 0
0.000311709 0
0.000325462 0
0.000339821 0
0.000354813 0
0.000370467 0
0.000386812 0
0.000403878 0
0.000421697 0
0.000440301 0
0.000459727 0
0.00048001 0
0.000501187 0
0.000523299 0
0.000546387 0
0.000570493 0
0.000595662 0
0.000621942 0
0.000649382 0
0.000678032 0
0.000707946 0
0.00073918 0
0.000771792 0
0.000805842 0
0.000841395 0
0.000878517 0
0.000917276 0
0.000957745 0
0.001 0
0.00104412 0
0.00109018 0
0.00113828 0
0.0011885 0
0.00124094 0
0.00129569 0
0.00135285 0
0.00141254 0
0.00147486 0
0.00153993 0
0.00160787 0
0.0016788 0
0.00175287 0
0.00183021 0
0.00191095 0
0.00199526 0
0.00208329 0
0.0021752 0
0.00227117 0
0.00237137 0
0.002476 0
0.00258523 0
0.00269929 0
0.00281838 0
0.00294273 0
0.00307256 0
0.00320812 0
0.00334965 0
0.00349744 0
0.00365174 0
0.00381285 0
0.00398107 0
0.00415671 0
0.0043401 0
0.00453158 0
0.00473151 0
0.00494026 80.9075
0.00515822 0
0.0053858 0
0.00562341 0
0.00587151 0
0.00613056 0
0.00640103 0
0.00668344 0
0.00697831 0
0.00728618 0
0.00760764 0
0.00794328 0
0.00829373 0
0.00865964 0
0.0090417 0
0.00944061 0
0.00985712 0
0.010292 0
0.0107461 0
0.0112202 0
0.0117152 0
0.0122321 0
0.0127717 0
0.0133352 0
0.0139236 0
0.0145378 0
0.0151792 0
0.0158489 0
0.0165482 0
0.0172783 0
0.0180406 65.4506
0.0188365 0
0.0196675 73.0274
0.0205353 0
0.0214412 0
0.0223872 0
0.0233749 0
0.0244062 453.119
0.025483 291.72
0.0266073 69.6468
0.0277811 0
0.0290068 0
0.0302866 0
0.0316228 0
0.0330179 0
0.0344747 0
0.0359956 86.9544
0.0375837 0
0.0392419 0
0.0409732 162.536
0.0427809 0
0.0446684 0
0.0466391 0
0.0486968 0
0.0508452 101.334
0.0530884 83.4444
0.0554307 0
0.0578762 233.458
0.0604296 0
0.0630957 0
0.0658795 0
0.068786 68.1651
0.0718208 84.6329
0.0749894 85.9493
0.0782979 0
0.0817523 223.469
0.0853591 187.856
0.0891251 92.3763
0.0930572 0
0.0971628 251
0.10145 152.404
0.105925 0
0.110599 291.536
0.115478 0
0.120573 58.4028
0.125893 202.348
0.131447 174.936
0.137246 0
0.143301 86.2953
0.149624 156.288
0.156225 0
0.163117 69.6604
0.170314 414.022
0.177828 178.082
0.185674 749.301
0.193865 0
0.202418 118.039
0.211349 57.6639
0.220673 820.155
0.230409 0
0.240575 229.88
0.251189 179.196
0.262271 304.781
0.273842 459.519
0.285924 547.083
0.298538 330.476
0.311709 897.964
0.325462 198.209
0.339821 296.235
0.354813 1288.47
0.370467 765.389
0.386812 932.753
0.403878 300.056
0.421697 199.345
0.440301 350.467
0.459727 376.65
0.48001 970.818
0.501187 430.295
0.523299 534.482
0.546387 368.107
0.570493 587.248
0.595662 957.053
0.621942 1351.67
0.649382 1741.76
0.678032 1069.43
0.707946 1627.23
0.73918 588.152
0.771792 749.945
0.805842 435.877
0.841395 997.62
0.878517 907.109
0.917276 1170.43
0.957745 840.012
1 484.566
1.04412 957.183
1.09018 262.536
1.13828 424.223
1.1885 1416.19
1.24094 551.07
1.29569 707.317
1.35285 611.036
1.41254 669.608
1.47486 581.087
1.53993 984.526
1.60787 474.817
1.6788 714.649
1.75287 769.215
1.83021 843.98
1.91095 544.214
1.99526 532.24
2.08329 932.423
2.1752 712.036
2.27117 439.289
2.37137 670.274
2.476 307.362
2.58523 188.339
2.69929 371.19
2.81838 190.715
2.94273 485.189
3.07256 192.265
3.20812 371.194
3.34965 294.154
3.49744 163.228
3.65174 143.269
3.81285 212.754
3.98107 306.895
4.15671 222.029
4.3401 347.208
4.53158 93.5009
4.73151 502.019
4.94026 160.533
5.15822 176.74
5.3858 310.483
5.62341 322.085
5.87151 337.537
6.13056 469.467
6.40103 185.025
6.68344 61.577
6.97831 194.753
7.28618 245.405
7.60764 87.8116
7.94328 295.849
8.29373 176.874
8.65964 161.406
9.0417 50.5926
9.44061 162.294
9.85712 491.356
10.292 242.896
10.7461 0
11.2202 326.232
11.7152 117.563
12.2321 301.346
12.7717 243.487
13.3352 61.9125
13.9236 63.915
14.5378 62.7465
15.1792 69.0982
15.8489 369.04
16.5482 483.693
17.2783 90.4098
18.0406 197.882
18.8365 358.751
19.6675 319.495
20.5353 51.1819
21.4412 120.949
22.3872 489.68
23.3749 305.536
24.4062 84.1567
25.483 0
26.6073 79.0604
27.7811 423.72
29.0068 395.129
30.2866 514.422
31.6228 153.678
33.0179 77.7334
34.4747 231.752
35.9956 309.545
37.5837 238.941
39.2419 645.719
40.9732 280.067
42.7809 683.31
44.6684 641.575
46.6391 331.633
48.6968 762.756
50.8452 652.525
53.0884 367.37
55.4307 586.879
57.8762 1206.14
60.4296 645.304
63.0957 810.919
65.8795 489.172
68.786 272.358
71.8208 758.382
74.9894 869.607
78.2979 800.771
81.7523 486.471
85.3591 509.698
89.1251 695.143
93.0572 1139.95
97.1628 594.026
101.45 572.863
105.925 592.572
110.599 696.486
115.478 1156.19
120.573 917.197
125.893 1077.88
131.447 1792.48
137.246 1496.21
143.301 1864.12
149.624 2009.76
156.225 1664.98
163.117 1308.65
170.314 1681.03
177.828 2100.3
185.674 2821.78
193.865 2021.36
202.418 2237.8
211.349 3538.58
220.673 4036.92
230.409 4173.27
240.575 4526.06
251.189 4050.41
262.271 4946.63
273.842 4144.29
285.924 3960.24
298.538 3843.77
311.709 2626.21
325.462 2459.13
339.821 1767.29
354.813 1200.2
370.467 1426.55
386.812 704.658
403.878 655.697
421.697 218.05
440.301 286.649
459.727 369.617
480.01 0
501.187 286.752
523.299 0
546.387 110.211
570.493 111.446
595.662 99.3572
621.942 216.36
649.382 0
678.032 0
707.946 0
739.18 79.7507
771.792 0
805.842 0
841.395 0
878.517 0
917.276 0
957.745 0
1000 0
