# First line is two numbers 
#     First value is '2', it means 'histogram mode'
#     Second value is 'Emin' of the histogram
# Other lines : 2 columns. 1) energy 2) probability (nb divided by NbEvent)
# Number of bins = 480
# Content below the first bin: 0
# Content above the last  bin: 0
# Content above the last  bin: 0
# Number of events: 209000
2 1e-06
1.04412e-06 0
1.09018e-06 0
1.13828e-06 0
1.1885e-06 0
1.24094e-06 0
1.29569e-06 0
1.35285e-06 0
1.41254e-06 0
1.47486e-06 0
1.53993e-06 0
1.60787e-06 0
1.6788e-06 0
1.75287e-06 0
1.83021e-06 0
1.91095e-06 0
1.99526e-06 0
2.08329e-06 0
2.1752e-06 0
2.27117e-06 0
2.37137e-06 0
2.476e-06 0
2.58523e-06 0
2.69929e-06 0
2.81838e-06 0
2.94273e-06 0
3.07256e-06 0
3.20812e-06 0
3.34965e-06 0
3.49744e-06 0
3.65174e-06 0
3.81285e-06 0
3.98107e-06 0
4.15671e-06 0
4.3401e-06 0
4.53158e-06 0
4.73151e-06 0
4.94026e-06 0
5.15822e-06 0
5.3858e-06 0
5.62341e-06 0
5.87151e-06 0
6.13056e-06 0
6.40103e-06 0
6.68344e-06 0
6.97831e-06 0
7.28618e-06 0
7.60764e-06 0
7.94328e-06 0
8.29373e-06 0
8.65964e-06 0
9.0417e-06 0
9.44061e-06 0
9.85712e-06 0
1.0292e-05 0
1.07461e-05 0
1.12202e-05 0
1.17152e-05 0
1.22321e-05 0
1.27717e-05 0
1.33352e-05 0
1.39236e-05 0
1.45378e-05 0
1.51792e-05 0
1.58489e-05 0
1.65482e-05 0
1.72783e-05 0
1.80406e-05 0
1.88365e-05 0
1.96675e-05 0
2.05353e-05 0
2.14412e-05 0
2.23872e-05 0
2.33749e-05 0
2.44062e-05 0
2.5483e-05 0
2.66073e-05 0
2.77811e-05 0
2.90068e-05 0
3.02866e-05 0
3.16228e-05 0
3.30179e-05 0
3.44747e-05 0
3.59956e-05 0
3.75837e-05 0
3.92419e-05 0
4.09732e-05 0
4.27809e-05 0
4.46684e-05 0
4.66391e-05 0
4.86968e-05 0
5.08452e-05 0
5.30884e-05 0
5.54307e-05 0
5.78762e-05 0
6.04296e-05 0
6.30957e-05 0
6.58795e-05 0
6.8786e-05 0
7.18208e-05 0
7.49894e-05 0
7.82979e-05 0
8.17523e-05 0
8.53591e-05 0
8.91251e-05 0
9.30572e-05 0
9.71628e-05 0
0.00010145 0
0.000105925 0
0.000110599 0
0.000115478 0
0.000120573 0
0.000125893 0
0.000131447 0
0.000137246 0
0.000143301 0
0.000149624 0
0.000156225 0
0.000163117 0
0.000170314 57.4477
0.000177828 0
0.000185674 0
0.000193865 0
0.000202418 0
0.000211349 0
0.000220673 0
0.000230409 0
0.000240575 0
0.000251189 0
0.000262271 0
0.000273842 0
0.000285924 0
0.000298538 0
0.000311709 0
0.000325462 0
0.000339821 0
0.000354813 0
0.000370467 0
0.000386812 0
0.000403878 0
0.000421697 0
0.000440301 0
0.000459727 0
0.00048001 0
0.000501187 0
0.000523299 0
0.000546387 0
0.000570493 0
0.000595662 0
0.000621942 0
0.000649382 0
0.000678032 0
0.000707946 0
0.00073918 0
0.000771792 0
0.000805842 0
0.000841395 0
0.000878517 0
0.000917276 0
0.000957745 0
0.001 0
0.00104412 0
0.00109018 0
0.00113828 0
0.0011885 0
0.00124094 0
0.00129569 0
0.00135285 0
0.00141254 0
0.00147486 0
0.00153993 0
0.00160787 0
0.0016788 0
0.00175287 0
0.00183021 0
0.00191095 0
0.00199526 0
0.00208329 0
0.0021752 0
0.00227117 0
0.00237137 0
0.002476 0
0.00258523 0
0.00269929 111.36
0.00281838 0
0.00294273 0
0.00307256 0
0.00320812 0
0.00334965 0
0.00349744 0
0.00365174 0
0.00381285 0
0.00398107 0
0.00415671 0
0.0043401 0
0.00453158 0
0.00473151 0
0.00494026 83.2601
0.00515822 0
0.0053858 0
0.00562341 0
0.00587151 0
0.00613056 0
0.00640103 0
0.00668344 0
0.00697831 0
0.00728618 0
0.00760764 0
0.00794328 0
0.00829373 66.3096
0.00865964 76.3035
0.0090417 0
0.00944061 86.8003
0.00985712 83.9042
0.010292 0
0.0107461 0
0.0112202 196.19
0.0117152 0
0.0122321 0
0.0127717 0
0.0133352 0
0.0139236 120.43
0.0145378 104.983
0.0151792 0
0.0158489 0
0.0165482 94.7902
0.0172783 287.137
0.0180406 100.413
0.0188365 0
0.0196675 237.23
0.0205353 133.635
0.0214412 0
0.0223872 341.4
0.0233749 0
0.0244062 287.358
0.025483 221.621
0.0266073 286.962
0.0277811 165.614
0.0290068 84.4534
0.0302866 50.0409
0.0316228 72.4158
0.0330179 344.829
0.0344747 254.265
0.0359956 362.764
0.0375837 689.179
0.0392419 322.619
0.0409732 848.848
0.0427809 282.312
0.0446684 400.965
0.0466391 676.976
0.0486968 546.832
0.0508452 432.003
0.0530884 258.119
0.0554307 512.737
0.0578762 645.021
0.0604296 722.03
0.0630957 525.933
0.0658795 806.454
0.068786 208.989
0.0718208 777.103
0.0749894 525.093
0.0782979 1265.95
0.0817523 1038.39
0.0853591 723.15
0.0891251 792.115
0.0930572 864.146
0.0971628 1283.79
0.10145 1077.33
0.105925 1016.77
0.110599 992.094
0.115478 1600.81
0.120573 1077.89
0.125893 1569.38
0.131447 1072.4
0.137246 1160.45
0.143301 1300.62
0.149624 1448.32
0.156225 1177.87
0.163117 1618.71
0.170314 875.067
0.177828 1655.42
0.185674 1520.77
0.193865 1294.17
0.202418 1735.14
0.211349 2057.79
0.220673 1742.4
0.230409 1964.7
0.240575 2645.25
0.251189 1417.36
0.262271 2141.46
0.273842 2802.84
0.285924 2217.9
0.298538 1770.81
0.311709 1013.9
0.325462 1622.06
0.339821 2125.67
0.354813 1534.97
0.370467 2147.69
0.386812 1789.81
0.403878 2497.36
0.421697 1999.44
0.440301 1439.78
0.459727 1686.99
0.48001 1419.51
0.501187 1829.68
0.523299 1509.31
0.546387 1764.28
0.570493 2148.24
0.595662 1492.11
0.621942 1697.8
0.649382 1580.96
0.678032 1325.31
0.707946 1324.23
0.73918 1570.14
0.771792 1883.54
0.805842 2130.46
0.841395 1671.47
0.878517 987.463
0.917276 1322.02
0.957745 1521.93
1 1167.76
1.04412 640.888
1.09018 1196.14
1.13828 1063.14
1.1885 1164.48
1.24094 1397.16
1.29569 948.32
1.35285 758.497
1.41254 1160.87
1.47486 1027.89
1.53993 648.814
1.60787 932.005
1.6788 571.025
1.75287 348.62
1.83021 244.877
1.91095 193.57
1.99526 743.77
2.08329 568.832
2.1752 1092.89
2.27117 524.557
2.37137 794.331
2.476 581.786
2.58523 695.989
2.69929 773.16
2.81838 438.335
2.94273 671.877
3.07256 547.239
3.20812 932.775
3.34965 297.525
3.49744 85.6621
3.65174 439.473
3.81285 264.097
3.98107 396.346
4.15671 362.921
4.3401 579.545
4.53158 279.951
4.73151 284.013
4.94026 124.703
5.15822 497.524
5.3858 88.9571
5.62341 433.902
5.87151 298.449
6.13056 580.711
6.40103 184.54
6.68344 311.403
6.97831 724.24
7.28618 429.469
7.60764 0
7.94328 105.528
8.29373 681.519
8.65964 258.975
9.0417 84.5406
9.44061 55.5286
9.85712 304.658
10.292 298.916
10.7461 41.9756
11.2202 156.684
11.7152 228.563
12.2321 358.199
12.7717 0
13.3352 472.324
13.9236 100.642
14.5378 0
15.1792 328.923
15.8489 150.839
16.5482 283.357
17.2783 279.024
18.0406 296.41
18.8365 680.381
19.6675 173.393
20.5353 136.171
21.4412 0
22.3872 261.915
23.3749 173.559
24.4062 177.115
25.483 131.77
26.6073 327.164
27.7811 125.835
29.0068 100.759
30.2866 47.7197
31.6228 129.487
33.0179 119.585
34.4747 120.449
35.9956 322.964
37.5837 483.179
39.2419 197.385
40.9732 0
42.7809 256.59
44.6684 164.557
46.6391 290.114
48.6968 33.6775
50.8452 58.7589
53.0884 224.003
55.4307 216.93
57.8762 237.545
60.4296 0
63.0957 343.536
65.8795 189.024
68.786 87.1703
71.8208 165.653
74.9894 517.94
78.2979 494.202
81.7523 275.533
85.3591 92.7034
89.1251 0
93.0572 98.4691
97.1628 0
101.45 219.268
105.925 368.737
110.599 134.828
115.478 371.958
120.573 141.423
125.893 42.6208
131.447 85.8626
137.246 197.34
143.301 119.608
149.624 0
156.225 0
163.117 220.261
170.314 42.0133
177.828 306.445
185.674 226.224
193.865 354.695
202.418 181.473
211.349 0
220.673 200.659
230.409 183.919
240.575 52.0881
251.189 67.3995
262.271 101.619
273.842 113.871
285.924 156.34
298.538 0
311.709 0
325.462 197.068
339.821 70.8044
354.813 0
370.467 0
386.812 0
403.878 0
421.697 0
440.301 0
459.727 0
480.01 0
501.187 0
523.299 0
546.387 0
570.493 0
595.662 0
621.942 0
649.382 0
678.032 0
707.946 0
739.18 0
771.792 0
805.842 0
841.395 0
878.517 0
917.276 0
957.745 0
1000 0
