# First line is two numbers 
#     First value is '2', it means 'histogram mode'
#     Second value is 'Emin' of the histogram
# Other lines : 2 columns. 1) energy 2) probability (nb divided by NbEvent)
# Number of bins = 480
# Content below the first bin: 0
# Content above the last  bin: 0
# Content above the last  bin: 0
# Number of events: 209000
2 1e-06
1.04412e-06 0
1.09018e-06 0
1.13828e-06 0
1.1885e-06 0
1.24094e-06 0
1.29569e-06 0
1.35285e-06 0
1.41254e-06 0
1.47486e-06 0
1.53993e-06 0
1.60787e-06 0
1.6788e-06 0
1.75287e-06 0
1.83021e-06 0
1.91095e-06 0
1.99526e-06 0
2.08329e-06 0
2.1752e-06 0
2.27117e-06 0
2.37137e-06 0
2.476e-06 0
2.58523e-06 0
2.69929e-06 0
2.81838e-06 0
2.94273e-06 0
3.07256e-06 0
3.20812e-06 0
3.34965e-06 0
3.49744e-06 0
3.65174e-06 0
3.81285e-06 0
3.98107e-06 0
4.15671e-06 0
4.3401e-06 0
4.53158e-06 0
4.73151e-06 0
4.94026e-06 0
5.15822e-06 0
5.3858e-06 0
5.62341e-06 0
5.87151e-06 0
6.13056e-06 0
6.40103e-06 0
6.68344e-06 0
6.97831e-06 0
7.28618e-06 0
7.60764e-06 0
7.94328e-06 0
8.29373e-06 0
8.65964e-06 0
9.0417e-06 0
9.44061e-06 0
9.85712e-06 0
1.0292e-05 0
1.07461e-05 0
1.12202e-05 0
1.17152e-05 0
1.22321e-05 0
1.27717e-05 0
1.33352e-05 0
1.39236e-05 0
1.45378e-05 0
1.51792e-05 0
1.58489e-05 0
1.65482e-05 0
1.72783e-05 0
1.80406e-05 0
1.88365e-05 0
1.96675e-05 0
2.05353e-05 0
2.14412e-05 0
2.23872e-05 0
2.33749e-05 0
2.44062e-05 0
2.5483e-05 0
2.66073e-05 0
2.77811e-05 0
2.90068e-05 0
3.02866e-05 0
3.16228e-05 0
3.30179e-05 0
3.44747e-05 0
3.59956e-05 0
3.75837e-05 0
3.92419e-05 0
4.09732e-05 0
4.27809e-05 0
4.46684e-05 0
4.66391e-05 0
4.86968e-05 0
5.08452e-05 0
5.30884e-05 0
5.54307e-05 0
5.78762e-05 0
6.04296e-05 0
6.30957e-05 0
6.58795e-05 0
6.8786e-05 0
7.18208e-05 0
7.49894e-05 0
7.82979e-05 0
8.17523e-05 0
8.53591e-05 0
8.91251e-05 0
9.30572e-05 0
9.71628e-05 0
0.00010145 0
0.000105925 0
0.000110599 0
0.000115478 0
0.000120573 0
0.000125893 0
0.000131447 0
0.000137246 0
0.000143301 0
0.000149624 0
0.000156225 0
0.000163117 0
0.000170314 0
0.000177828 0
0.000185674 0
0.000193865 0
0.000202418 0
0.000211349 0
0.000220673 0
0.000230409 0
0.000240575 0
0.000251189 0
0.000262271 0
0.000273842 0
0.000285924 0
0.000298538 0
0.000311709 0
0.000325462 0
0.000339821 0
0.000354813 0
0.000370467 0
0.000386812 0
0.000403878 0
0.000421697 0
0.000440301 0
0.000459727 0
0.00048001 0
0.000501187 0
0.000523299 0
0.000546387 0
0.000570493 0
0.000595662 0
0.000621942 0
0.000649382 0
0.000678032 0
0.000707946 0
0.00073918 0
0.000771792 0
0.000805842 0
0.000841395 0
0.000878517 0
0.000917276 0
0.000957745 0
0.001 0
0.00104412 0
0.00109018 0
0.00113828 0
0.0011885 0
0.00124094 0
0.00129569 0
0.00135285 0
0.00141254 0
0.00147486 0
0.00153993 0
0.00160787 0
0.0016788 0
0.00175287 0
0.00183021 0
0.00191095 86.3034
0.00199526 0
0.00208329 0
0.0021752 0
0.00227117 79.5465
0.00237137 0
0.002476 0
0.00258523 0
0.00269929 0
0.00281838 0
0.00294273 0
0.00307256 0
0.00320812 0
0.00334965 0
0.00349744 0
0.00365174 0
0.00381285 0
0.00398107 0
0.00415671 0
0.0043401 0
0.00453158 0
0.00473151 0
0.00494026 99.8405
0.00515822 0
0.0053858 0
0.00562341 0
0.00587151 0
0.00613056 0
0.00640103 0
0.00668344 0
0.00697831 0
0.00728618 0
0.00760764 104.751
0.00794328 0
0.00829373 75.0501
0.00865964 79.8799
0.0090417 0
0.00944061 93.0466
0.00985712 0
0.010292 90.4406
0.0107461 0
0.0112202 0
0.0117152 0
0.0122321 87.6664
0.0127717 113.219
0.0133352 0
0.0139236 0
0.0145378 116.292
0.0151792 0
0.0158489 0
0.0165482 212.983
0.0172783 0
0.0180406 109.954
0.0188365 103.477
0.0196675 0
0.0205353 215.253
0.0214412 80.0983
0.0223872 91.4134
0.0233749 0
0.0244062 63.0547
0.025483 141.157
0.0266073 219.59
0.0277811 317.523
0.0290068 180.664
0.0302866 384.694
0.0316228 336.786
0.0330179 80.1036
0.0344747 308.935
0.0359956 365.221
0.0375837 607.929
0.0392419 610.251
0.0409732 370.873
0.0427809 484.939
0.0446684 838.341
0.0466391 346.418
0.0486968 334.084
0.0508452 336.15
0.0530884 325.297
0.0554307 711.878
0.0578762 676.283
0.0604296 427.599
0.0630957 873.305
0.0658795 1217.59
0.068786 817.762
0.0718208 755.397
0.0749894 1036.34
0.0782979 895.669
0.0817523 1556.64
0.0853591 1493.45
0.0891251 594.693
0.0930572 1005.81
0.0971628 641.063
0.10145 785.276
0.105925 1410.6
0.110599 1406.88
0.115478 1135.76
0.120573 1104.41
0.125893 1370.32
0.131447 1061.55
0.137246 1697.25
0.143301 1392.38
0.149624 1793.37
0.156225 1411.68
0.163117 1721.41
0.170314 1257.41
0.177828 1532.18
0.185674 1486.47
0.193865 2224.35
0.202418 1212.09
0.211349 2100.56
0.220673 1520.63
0.230409 1865.98
0.240575 1481.25
0.251189 2099.94
0.262271 2090.39
0.273842 1225.97
0.285924 1801.02
0.298538 1460.61
0.311709 1720.77
0.325462 1590.5
0.339821 1906.85
0.354813 1951.54
0.370467 2117.77
0.386812 1800.13
0.403878 1687.22
0.421697 1672.46
0.440301 1539.69
0.459727 2230.73
0.48001 2225.74
0.501187 2306.98
0.523299 1964.8
0.546387 2347.33
0.570493 1913.36
0.595662 2230.36
0.621942 2123.11
0.649382 1374.13
0.678032 1580.47
0.707946 1138.5
0.73918 1717.13
0.771792 1569.67
0.805842 1697.95
0.841395 1940.14
0.878517 1659.43
0.917276 1479.62
0.957745 1459.26
1 993.604
1.04412 1608.95
1.09018 1016.13
1.13828 768.721
1.1885 1083.19
1.24094 1099.85
1.29569 634.905
1.35285 743.212
1.41254 876.654
1.47486 1070.22
1.53993 659.005
1.60787 393.308
1.6788 1007.58
1.75287 1064.5
1.83021 836.525
1.91095 959.684
1.99526 215.022
2.08329 202.693
2.1752 575.349
2.27117 766.645
2.37137 1017.9
2.476 542.072
2.58523 770.45
2.69929 450.988
2.81838 455.137
2.94273 518.318
3.07256 257.206
3.20812 422.221
3.34965 358.369
3.49744 421.272
3.65174 569.44
3.81285 279.734
3.98107 115.811
4.15671 263.002
4.3401 243.256
4.53158 216.761
4.73151 272.419
4.94026 312.419
5.15822 266.505
5.3858 296.912
5.62341 196.656
5.87151 383.06
6.13056 158.986
6.40103 449.869
6.68344 260.872
6.97831 0
7.28618 441.852
7.60764 236.171
7.94328 0
8.29373 79.3146
8.65964 403.295
9.0417 0
9.44061 206.666
9.85712 227.121
10.292 205.741
10.7461 114.732
11.2202 280.702
11.7152 205.225
12.2321 79.2329
12.7717 152.889
13.3352 31.6552
13.9236 0
14.5378 336.089
15.1792 91.2886
15.8489 152.397
16.5482 84.9005
17.2783 116.199
18.0406 114.765
18.8365 114.912
19.6675 507.528
20.5353 56.5887
21.4412 200.267
22.3872 332.337
23.3749 49.769
24.4062 260.165
25.483 52.2159
26.6073 118.375
27.7811 199.323
29.0068 444.598
30.2866 245.187
31.6228 288.489
33.0179 204.851
34.4747 234.378
35.9956 201.196
37.5837 229.375
39.2419 86.3613
40.9732 409.737
42.7809 190.444
44.6684 327.202
46.6391 0
48.6968 237.377
50.8452 249.202
53.0884 198.223
55.4307 37.9278
57.8762 433.229
60.4296 119.101
63.0957 453.236
65.8795 207.697
68.786 133.612
71.8208 271.786
74.9894 313.235
78.2979 273.082
81.7523 473.829
85.3591 294.18
89.1251 237.926
93.0572 102.549
97.1628 177.048
101.45 241.169
105.925 35.8082
110.599 114.672
115.478 0
120.573 290.001
125.893 98.5826
131.447 90.6708
137.246 163.077
143.301 296.992
149.624 195.227
156.225 223.769
163.117 179.563
170.314 108.973
177.828 112.255
185.674 0
193.865 16.6349
202.418 30.5994
211.349 0
220.673 0
230.409 0
240.575 91.3287
251.189 0
262.271 169.419
273.842 243.954
285.924 0
298.538 106.084
311.709 56.2138
325.462 0
339.821 0
354.813 0
370.467 0
386.812 0
403.878 0
421.697 0
440.301 0
459.727 0
480.01 0
501.187 0
523.299 0
546.387 0
570.493 0
595.662 0
621.942 0
649.382 0
678.032 0
707.946 0
739.18 0
771.792 0
805.842 0
841.395 0
878.517 0
917.276 0
957.745 0
1000 0
