# First line is two numbers 
#     First value is '2', it means 'histogram mode'
#     Second value is 'Emin' of the histogram
# Other lines : 2 columns. 1) energy 2) probability (nb divided by NbEvent)
# Number of bins = 480
# Content below the first bin: 0
# Content above the last  bin: 0
# Content above the last  bin: 0
# Number of events: 209000
2 1e-06
1.04412e-06 0
1.09018e-06 0
1.13828e-06 0
1.1885e-06 0
1.24094e-06 0
1.29569e-06 0
1.35285e-06 0
1.41254e-06 0
1.47486e-06 0
1.53993e-06 0
1.60787e-06 0
1.6788e-06 0
1.75287e-06 0
1.83021e-06 0
1.91095e-06 0
1.99526e-06 0
2.08329e-06 0
2.1752e-06 0
2.27117e-06 0
2.37137e-06 0
2.476e-06 0
2.58523e-06 0
2.69929e-06 0
2.81838e-06 0
2.94273e-06 0
3.07256e-06 0
3.20812e-06 0
3.34965e-06 0
3.49744e-06 0
3.65174e-06 0
3.81285e-06 0
3.98107e-06 0
4.15671e-06 0
4.3401e-06 0
4.53158e-06 0
4.73151e-06 0
4.94026e-06 0
5.15822e-06 0
5.3858e-06 0
5.62341e-06 0
5.87151e-06 0
6.13056e-06 0
6.40103e-06 0
6.68344e-06 0
6.97831e-06 0
7.28618e-06 0
7.60764e-06 0
7.94328e-06 0
8.29373e-06 0
8.65964e-06 0
9.0417e-06 0
9.44061e-06 0
9.85712e-06 0
1.0292e-05 0
1.07461e-05 0
1.12202e-05 0
1.17152e-05 0
1.22321e-05 0
1.27717e-05 0
1.33352e-05 0
1.39236e-05 0
1.45378e-05 0
1.51792e-05 0
1.58489e-05 0
1.65482e-05 0
1.72783e-05 0
1.80406e-05 0
1.88365e-05 0
1.96675e-05 0
2.05353e-05 0
2.14412e-05 0
2.23872e-05 0
2.33749e-05 0
2.44062e-05 0
2.5483e-05 0
2.66073e-05 0
2.77811e-05 0
2.90068e-05 0
3.02866e-05 0
3.16228e-05 0
3.30179e-05 0
3.44747e-05 0
3.59956e-05 0
3.75837e-05 0
3.92419e-05 0
4.09732e-05 0
4.27809e-05 0
4.46684e-05 0
4.66391e-05 0
4.86968e-05 0
5.08452e-05 0
5.30884e-05 0
5.54307e-05 0
5.78762e-05 0
6.04296e-05 0
6.30957e-05 0
6.58795e-05 0
6.8786e-05 0
7.18208e-05 0
7.49894e-05 0
7.82979e-05 0
8.17523e-05 0
8.53591e-05 0
8.91251e-05 0
9.30572e-05 0
9.71628e-05 0
0.00010145 0
0.000105925 0
0.000110599 0
0.000115478 0
0.000120573 0
0.000125893 0
0.000131447 0
0.000137246 0
0.000143301 0
0.000149624 0
0.000156225 0
0.000163117 0
0.000170314 0
0.000177828 0
0.000185674 0
0.000193865 0
0.000202418 0
0.000211349 0
0.000220673 0
0.000230409 0
0.000240575 0
0.000251189 0
0.000262271 0
0.000273842 0
0.000285924 0
0.000298538 0
0.000311709 0
0.000325462 0
0.000339821 0
0.000354813 0
0.000370467 0
0.000386812 0
0.000403878 0
0.000421697 0
0.000440301 0
0.000459727 0
0.00048001 0
0.000501187 0
0.000523299 0
0.000546387 0
0.000570493 0
0.000595662 0
0.000621942 0
0.000649382 0
0.000678032 0
0.000707946 0
0.00073918 0
0.000771792 0
0.000805842 0
0.000841395 0
0.000878517 0
0.000917276 0
0.000957745 0
0.001 0
0.00104412 0
0.00109018 0
0.00113828 0
0.0011885 0
0.00124094 0
0.00129569 0
0.00135285 0
0.00141254 0
0.00147486 99.9661
0.00153993 0
0.00160787 0
0.0016788 86.5295
0.00175287 0
0.00183021 0
0.00191095 0
0.00199526 90.9928
0.00208329 0
0.0021752 0
0.00227117 0
0.00237137 0
0.002476 0
0.00258523 0
0.00269929 0
0.00281838 0
0.00294273 0
0.00307256 0
0.00320812 0
0.00334965 0
0.00349744 0
0.00365174 0
0.00381285 0
0.00398107 0
0.00415671 96.2955
0.0043401 0
0.00453158 45.5224
0.00473151 0
0.00494026 0
0.00515822 0
0.0053858 0
0.00562341 0
0.00587151 0
0.00613056 0
0.00640103 0
0.00668344 0
0.00697831 0
0.00728618 0
0.00760764 0
0.00794328 0
0.00829373 73.3207
0.00865964 110.685
0.0090417 0
0.00944061 0
0.00985712 0
0.010292 82.7633
0.0107461 0
0.0112202 0
0.0117152 50.4276
0.0122321 74.3882
0.0127717 33.2448
0.0133352 0
0.0139236 0
0.0145378 132.742
0.0151792 0
0.0158489 0
0.0165482 168.156
0.0172783 114.572
0.0180406 0
0.0188365 170.034
0.0196675 103.204
0.0205353 344.396
0.0214412 0
0.0223872 15.7312
0.0233749 161.004
0.0244062 218.499
0.025483 0
0.0266073 239.41
0.0277811 144.005
0.0290068 174.421
0.0302866 221.724
0.0316228 212.226
0.0330179 75.4722
0.0344747 280.527
0.0359956 423.833
0.0375837 363.189
0.0392419 234.163
0.0409732 86.8909
0.0427809 422.489
0.0446684 326.657
0.0466391 724.956
0.0486968 213.208
0.0508452 244.944
0.0530884 117.779
0.0554307 478.962
0.0578762 419.181
0.0604296 511.809
0.0630957 490.226
0.0658795 431.449
0.068786 683.139
0.0718208 722.741
0.0749894 389.982
0.0782979 815.583
0.0817523 458.107
0.0853591 706.896
0.0891251 922.997
0.0930572 435.358
0.0971628 822.981
0.10145 393.544
0.105925 914.145
0.110599 1226.48
0.115478 534.754
0.120573 475.4
0.125893 745.878
0.131447 1184.85
0.137246 1308.36
0.143301 742.329
0.149624 1438.89
0.156225 1110.97
0.163117 1180.58
0.170314 1195.24
0.177828 905.837
0.185674 869.792
0.193865 1338.62
0.202418 492.343
0.211349 730.507
0.220673 853.437
0.230409 1262.87
0.240575 815.243
0.251189 1486.76
0.262271 995.26
0.273842 563.215
0.285924 1040.63
0.298538 1058.99
0.311709 1112.32
0.325462 1351.87
0.339821 1115.84
0.354813 1568.37
0.370467 1344.6
0.386812 1532.21
0.403878 1756.02
0.421697 1173.61
0.440301 832.362
0.459727 1877.19
0.48001 1047.64
0.501187 1530.25
0.523299 985.939
0.546387 1649.17
0.570493 1538.09
0.595662 1676.72
0.621942 1547.86
0.649382 1509.93
0.678032 891.298
0.707946 953.312
0.73918 976.51
0.771792 1339.01
0.805842 843.724
0.841395 951.842
0.878517 1485.82
0.917276 1296.64
0.957745 1119.55
1 1241.51
1.04412 717.305
1.09018 994.01
1.13828 467.457
1.1885 603.17
1.24094 704.446
1.29569 742.019
1.35285 329.111
1.41254 517.202
1.47486 345.215
1.53993 532.498
1.60787 447.035
1.6788 451.733
1.75287 630.174
1.83021 423.891
1.91095 171.334
1.99526 351.793
2.08329 123.083
2.1752 111.566
2.27117 290.577
2.37137 467.459
2.476 602.902
2.58523 160.999
2.69929 302.09
2.81838 115.945
2.94273 116.701
3.07256 168.52
3.20812 98.4229
3.34965 214.188
3.49744 67.3024
3.65174 387.982
3.81285 574.683
3.98107 125.955
4.15671 299.117
4.3401 245.141
4.53158 307.31
4.73151 86.9345
4.94026 38.3092
5.15822 209.467
5.3858 186.268
5.62341 473.237
5.87151 57.3751
6.13056 239.194
6.40103 372.03
6.68344 0
6.97831 101.658
7.28618 319.537
7.60764 193.608
7.94328 281.396
8.29373 197.492
8.65964 131.633
9.0417 0
9.44061 94.8573
9.85712 0
10.292 103.322
10.7461 93.7857
11.2202 0
11.7152 92.607
12.2321 0
12.7717 117.296
13.3352 212.52
13.9236 121.116
14.5378 342.106
15.1792 0
15.8489 98.0888
16.5482 0
17.2783 76.4796
18.0406 0
18.8365 105.225
19.6675 71.8912
20.5353 0
21.4412 96.9818
22.3872 0
23.3749 0
24.4062 100.793
25.483 204.411
26.6073 113.213
27.7811 53.703
29.0068 150.095
30.2866 102.074
31.6228 373.386
33.0179 0
34.4747 475.149
35.9956 341.259
37.5837 173.776
39.2419 218.17
40.9732 0
42.7809 244.884
44.6684 271.57
46.6391 115.327
48.6968 196.624
50.8452 0
53.0884 217.317
55.4307 79.9921
57.8762 201.57
60.4296 83.2725
63.0957 171.962
65.8795 162.098
68.786 155.464
71.8208 196.4
74.9894 213.933
78.2979 198.309
81.7523 220.594
85.3591 63.2407
89.1251 379.235
93.0572 471.849
97.1628 185.572
101.45 211.564
105.925 358.317
110.599 273.576
115.478 184.36
120.573 192.484
125.893 73.3115
131.447 0
137.246 282.529
143.301 214.255
149.624 617.34
156.225 277.861
163.117 34.0728
170.314 348.386
177.828 298.057
185.674 303.749
193.865 298.301
202.418 449.07
211.349 115.612
220.673 102.924
230.409 191.312
240.575 240.644
251.189 84.0404
262.271 250.023
273.842 0
285.924 319.534
298.538 215.096
311.709 312.103
325.462 316.746
339.821 100.721
354.813 57.7775
370.467 58.492
386.812 0
403.878 197.59
421.697 0
440.301 0
459.727 0
480.01 0
501.187 111.581
523.299 114.165
546.387 0
570.493 90.1613
595.662 0
621.942 89.0763
649.382 0
678.032 0
707.946 0
739.18 86.3816
771.792 0
805.842 0
841.395 0
878.517 0
917.276 0
957.745 0
1000 0
