# First line is two numbers 
#     First value is '2', it means 'histogram mode'
#     Second value is 'Emin' of the histogram
# Other lines : 2 columns. 1) energy 2) probability (nb divided by NbEvent)
# Number of bins = 480
# Content below the first bin: 0
# Content above the last  bin: 0
# Content above the last  bin: 0
# Number of events: 209000
2 1e-06
1.04412e-06 0
1.09018e-06 0
1.13828e-06 0
1.1885e-06 0
1.24094e-06 0
1.29569e-06 0
1.35285e-06 0
1.41254e-06 0
1.47486e-06 0
1.53993e-06 0
1.60787e-06 0
1.6788e-06 0
1.75287e-06 0
1.83021e-06 0
1.91095e-06 0
1.99526e-06 0
2.08329e-06 0
2.1752e-06 0
2.27117e-06 0
2.37137e-06 0
2.476e-06 0
2.58523e-06 0
2.69929e-06 0
2.81838e-06 0
2.94273e-06 0
3.07256e-06 0
3.20812e-06 0
3.34965e-06 0
3.49744e-06 0
3.65174e-06 0
3.81285e-06 0
3.98107e-06 0
4.15671e-06 0
4.3401e-06 0
4.53158e-06 0
4.73151e-06 0
4.94026e-06 0
5.15822e-06 0
5.3858e-06 0
5.62341e-06 0
5.87151e-06 0
6.13056e-06 0
6.40103e-06 0
6.68344e-06 0
6.97831e-06 0
7.28618e-06 0
7.60764e-06 0
7.94328e-06 0
8.29373e-06 0
8.65964e-06 0
9.0417e-06 0
9.44061e-06 0
9.85712e-06 0
1.0292e-05 0
1.07461e-05 0
1.12202e-05 0
1.17152e-05 0
1.22321e-05 0
1.27717e-05 0
1.33352e-05 0
1.39236e-05 0
1.45378e-05 0
1.51792e-05 0
1.58489e-05 0
1.65482e-05 0
1.72783e-05 0
1.80406e-05 0
1.88365e-05 0
1.96675e-05 0
2.05353e-05 0
2.14412e-05 0
2.23872e-05 0
2.33749e-05 0
2.44062e-05 0
2.5483e-05 0
2.66073e-05 0
2.77811e-05 0
2.90068e-05 0
3.02866e-05 0
3.16228e-05 0
3.30179e-05 0
3.44747e-05 0
3.59956e-05 0
3.75837e-05 0
3.92419e-05 0
4.09732e-05 0
4.27809e-05 0
4.46684e-05 0
4.66391e-05 0
4.86968e-05 0
5.08452e-05 0
5.30884e-05 0
5.54307e-05 0
5.78762e-05 0
6.04296e-05 0
6.30957e-05 0
6.58795e-05 0
6.8786e-05 0
7.18208e-05 0
7.49894e-05 0
7.82979e-05 0
8.17523e-05 0
8.53591e-05 0
8.91251e-05 0
9.30572e-05 0
9.71628e-05 0
0.00010145 0
0.000105925 0
0.000110599 0
0.000115478 0
0.000120573 0
0.000125893 0
0.000131447 0
0.000137246 0
0.000143301 0
0.000149624 0
0.000156225 0
0.000163117 0
0.000170314 0
0.000177828 0
0.000185674 0
0.000193865 0
0.000202418 0
0.000211349 0
0.000220673 0
0.000230409 0
0.000240575 0
0.000251189 0
0.000262271 0
0.000273842 0
0.000285924 0
0.000298538 0
0.000311709 0
0.000325462 0
0.000339821 0
0.000354813 0
0.000370467 0
0.000386812 0
0.000403878 0
0.000421697 0
0.000440301 0
0.000459727 0
0.00048001 0
0.000501187 0
0.000523299 0
0.000546387 0
0.000570493 0
0.000595662 0
0.000621942 0
0.000649382 0
0.000678032 0
0.000707946 0
0.00073918 0
0.000771792 0
0.000805842 0
0.000841395 0
0.000878517 0
0.000917276 0
0.000957745 0
0.001 0
0.00104412 0
0.00109018 0
0.00113828 0
0.0011885 0
0.00124094 0
0.00129569 0
0.00135285 0
0.00141254 0
0.00147486 0
0.00153993 0
0.00160787 0
0.0016788 0
0.00175287 0
0.00183021 0
0.00191095 0
0.00199526 0
0.00208329 0
0.0021752 0
0.00227117 0
0.00237137 0
0.002476 0
0.00258523 0
0.00269929 0
0.00281838 0
0.00294273 0
0.00307256 0
0.00320812 105.818
0.00334965 0
0.00349744 0
0.00365174 0
0.00381285 0
0.00398107 0
0.00415671 0
0.0043401 0
0.00453158 0
0.00473151 0
0.00494026 0
0.00515822 0
0.0053858 117.82
0.00562341 0
0.00587151 0
0.00613056 0
0.00640103 0
0.00668344 0
0.00697831 0
0.00728618 0
0.00760764 0
0.00794328 0
0.00829373 0
0.00865964 0
0.0090417 0
0.00944061 0
0.00985712 0
0.010292 0
0.0107461 0
0.0112202 0
0.0117152 0
0.0122321 0
0.0127717 0
0.0133352 0
0.0139236 0
0.0145378 0
0.0151792 0
0.0158489 0
0.0165482 0
0.0172783 0
0.0180406 0
0.0188365 0
0.0196675 0
0.0205353 0
0.0214412 0
0.0223872 0
0.0233749 40.5516
0.0244062 0
0.025483 116.08
0.0266073 30.8152
0.0277811 0
0.0290068 0
0.0302866 0
0.0316228 0
0.0330179 0
0.0344747 0
0.0359956 0
0.0375837 0
0.0392419 0
0.0409732 0
0.0427809 0
0.0446684 0
0.0466391 0
0.0486968 87.6078
0.0508452 0
0.0530884 0
0.0554307 0
0.0578762 83.9552
0.0604296 113.807
0.0630957 0
0.0658795 174.121
0.068786 0
0.0718208 0
0.0749894 0
0.0782979 43.5246
0.0817523 100.306
0.0853591 319.728
0.0891251 0
0.0930572 0
0.0971628 105.28
0.10145 0
0.105925 0
0.110599 0
0.115478 0
0.120573 216.915
0.125893 0
0.131447 0
0.137246 131.03
0.143301 0
0.149624 65.479
0.156225 0
0.163117 63.3621
0.170314 116.104
0.177828 198.308
0.185674 423.908
0.193865 0
0.202418 62.2904
0.211349 0
0.220673 191.088
0.230409 0
0.240575 221.528
0.251189 152.608
0.262271 95.1398
0.273842 453.719
0.285924 0
0.298538 190.151
0.311709 426.187
0.325462 0
0.339821 89.0321
0.354813 334.115
0.370467 226.181
0.386812 354.752
0.403878 117.681
0.421697 359.253
0.440301 444.786
0.459727 342.15
0.48001 433.125
0.501187 136.867
0.523299 273.137
0.546387 826.608
0.570493 442.308
0.595662 607.778
0.621942 546.16
0.649382 572.164
0.678032 778.076
0.707946 979.1
0.73918 238.527
0.771792 217.553
0.805842 186.443
0.841395 246.428
0.878517 238.667
0.917276 945.326
0.957745 1120.94
1 337.866
1.04412 311.605
1.09018 447.769
1.13828 878.247
1.1885 546.379
1.24094 1258.95
1.29569 524.615
1.35285 832.254
1.41254 270.517
1.47486 407.029
1.53993 715.491
1.60787 290.855
1.6788 710.092
1.75287 494.775
1.83021 794.233
1.91095 111.527
1.99526 417.839
2.08329 611.346
2.1752 774.348
2.27117 366.896
2.37137 745.566
2.476 406.524
2.58523 478.312
2.69929 314.136
2.81838 410.104
2.94273 903.661
3.07256 472.522
3.20812 462.785
3.34965 693.59
3.49744 582.742
3.65174 487.677
3.81285 274.795
3.98107 483.919
4.15671 482.145
4.3401 336.389
4.53158 481.642
4.73151 294.489
4.94026 35.2437
5.15822 391.162
5.3858 270.509
5.62341 618.125
5.87151 226.965
6.13056 331.229
6.40103 131.918
6.68344 545.797
6.97831 283.751
7.28618 223.13
7.60764 333.745
7.94328 207.694
8.29373 201.096
8.65964 180.132
9.0417 578.645
9.44061 330.122
9.85712 305.138
10.292 279.617
10.7461 79.4406
11.2202 156.653
11.7152 390.526
12.2321 216.509
12.7717 426.149
13.3352 424.697
13.9236 142.424
14.5378 141.875
15.1792 288.529
15.8489 204.801
16.5482 244.311
17.2783 286.413
18.0406 546.949
18.8365 354.196
19.6675 268.467
20.5353 476.02
21.4412 587.704
22.3872 376.318
23.3749 244.76
24.4062 170.394
25.483 345.787
26.6073 342.085
27.7811 435.416
29.0068 67.8997
30.2866 415.837
31.6228 630.83
33.0179 373.669
34.4747 636.175
35.9956 509.638
37.5837 1088.62
39.2419 301.639
40.9732 500.539
42.7809 727.921
44.6684 278.124
46.6391 829.499
48.6968 604.947
50.8452 510.337
53.0884 1166.14
55.4307 584.453
57.8762 998.227
60.4296 1022.92
63.0957 970.311
65.8795 1314.96
68.786 940.72
71.8208 717.903
74.9894 1074.17
78.2979 883.984
81.7523 1102.69
85.3591 825.631
89.1251 1127.67
93.0572 1354.8
97.1628 1501.91
101.45 1318.92
105.925 1634.43
110.599 1649.86
115.478 1671.57
120.573 1360.66
125.893 1881.61
131.447 2100.39
137.246 1461.61
143.301 2573.06
149.624 3156.12
156.225 3304.84
163.117 2924.12
170.314 3102.79
177.828 2830.66
185.674 2531.29
193.865 2292.19
202.418 4541.08
211.349 3364.85
220.673 3959.37
230.409 4529.08
240.575 4362.16
251.189 4687.09
262.271 3837.82
273.842 4271.69
285.924 3134.61
298.538 2281.37
311.709 2638.51
325.462 1309.48
339.821 1773.55
354.813 1138.21
370.467 966.238
386.812 771.979
403.878 636.514
421.697 679.418
440.301 560.704
459.727 209.515
480.01 170.999
501.187 50.4441
523.299 68.9965
546.387 82.5441
570.493 0
595.662 88.1178
621.942 107.758
649.382 0
678.032 0
707.946 0
739.18 0
771.792 0
805.842 80.6244
841.395 0
878.517 0
917.276 0
957.745 0
1000 0
