# First line is two numbers 
#     First value is '2', it means 'histogram mode'
#     Second value is 'Emin' of the histogram
# Other lines : 2 columns. 1) energy 2) probability (nb divided by NbEvent)
# Number of bins = 480
# Content below the first bin: 0
# Content above the last  bin: 0
# Content above the last  bin: 0
# Number of events: 209000
2 1e-06
1.04412e-06 0
1.09018e-06 0
1.13828e-06 0
1.1885e-06 0
1.24094e-06 0
1.29569e-06 0
1.35285e-06 0
1.41254e-06 0
1.47486e-06 0
1.53993e-06 0
1.60787e-06 0
1.6788e-06 0
1.75287e-06 0
1.83021e-06 0
1.91095e-06 0
1.99526e-06 0
2.08329e-06 0
2.1752e-06 0
2.27117e-06 0
2.37137e-06 0
2.476e-06 0
2.58523e-06 0
2.69929e-06 0
2.81838e-06 0
2.94273e-06 0
3.07256e-06 0
3.20812e-06 0
3.34965e-06 0
3.49744e-06 0
3.65174e-06 0
3.81285e-06 0
3.98107e-06 0
4.15671e-06 0
4.3401e-06 0
4.53158e-06 0
4.73151e-06 0
4.94026e-06 0
5.15822e-06 0
5.3858e-06 0
5.62341e-06 0
5.87151e-06 0
6.13056e-06 0
6.40103e-06 0
6.68344e-06 0
6.97831e-06 0
7.28618e-06 0
7.60764e-06 0
7.94328e-06 0
8.29373e-06 0
8.65964e-06 0
9.0417e-06 0
9.44061e-06 0
9.85712e-06 0
1.0292e-05 0
1.07461e-05 0
1.12202e-05 0
1.17152e-05 0
1.22321e-05 0
1.27717e-05 0
1.33352e-05 0
1.39236e-05 0
1.45378e-05 0
1.51792e-05 0
1.58489e-05 0
1.65482e-05 0
1.72783e-05 0
1.80406e-05 0
1.88365e-05 0
1.96675e-05 0
2.05353e-05 0
2.14412e-05 0
2.23872e-05 0
2.33749e-05 0
2.44062e-05 0
2.5483e-05 0
2.66073e-05 0
2.77811e-05 0
2.90068e-05 0
3.02866e-05 0
3.16228e-05 0
3.30179e-05 0
3.44747e-05 0
3.59956e-05 0
3.75837e-05 0
3.92419e-05 0
4.09732e-05 0
4.27809e-05 0
4.46684e-05 0
4.66391e-05 0
4.86968e-05 0
5.08452e-05 0
5.30884e-05 0
5.54307e-05 0
5.78762e-05 0
6.04296e-05 0
6.30957e-05 0
6.58795e-05 0
6.8786e-05 0
7.18208e-05 0
7.49894e-05 0
7.82979e-05 0
8.17523e-05 0
8.53591e-05 0
8.91251e-05 0
9.30572e-05 0
9.71628e-05 0
0.00010145 0
0.000105925 0
0.000110599 0
0.000115478 0
0.000120573 0
0.000125893 0
0.000131447 0
0.000137246 0
0.000143301 0
0.000149624 0
0.000156225 0
0.000163117 0
0.000170314 0
0.000177828 0
0.000185674 0
0.000193865 0
0.000202418 0
0.000211349 0
0.000220673 0
0.000230409 0
0.000240575 0
0.000251189 0
0.000262271 0
0.000273842 0
0.000285924 0
0.000298538 0
0.000311709 0
0.000325462 0
0.000339821 0
0.000354813 0
0.000370467 0
0.000386812 0
0.000403878 0
0.000421697 0
0.000440301 0
0.000459727 0
0.00048001 0
0.000501187 0
0.000523299 0
0.000546387 0
0.000570493 0
0.000595662 0
0.000621942 0
0.000649382 0
0.000678032 0
0.000707946 0
0.00073918 0
0.000771792 0
0.000805842 0
0.000841395 0
0.000878517 0
0.000917276 0
0.000957745 0
0.001 0
0.00104412 0
0.00109018 0
0.00113828 0
0.0011885 0
0.00124094 0
0.00129569 0
0.00135285 0
0.00141254 0
0.00147486 0
0.00153993 0
0.00160787 0
0.0016788 0
0.00175287 0
0.00183021 0
0.00191095 0
0.00199526 0
0.00208329 0
0.0021752 0
0.00227117 0
0.00237137 0
0.002476 0
0.00258523 0
0.00269929 0
0.00281838 0
0.00294273 0
0.00307256 0
0.00320812 0
0.00334965 0
0.00349744 0
0.00365174 0
0.00381285 0
0.00398107 0
0.00415671 0
0.0043401 0
0.00453158 0
0.00473151 0
0.00494026 0
0.00515822 0
0.0053858 0
0.00562341 95.477
0.00587151 0
0.00613056 0
0.00640103 0
0.00668344 0
0.00697831 0
0.00728618 0
0.00760764 0
0.00794328 0
0.00829373 0
0.00865964 0
0.0090417 0
0.00944061 0
0.00985712 0
0.010292 0
0.0107461 0
0.0112202 0
0.0117152 0
0.0122321 0
0.0127717 0
0.0133352 0
0.0139236 0
0.0145378 0
0.0151792 0
0.0158489 0
0.0165482 0
0.0172783 0
0.0180406 0
0.0188365 0
0.0196675 0
0.0205353 0
0.0214412 77.8377
0.0223872 0
0.0233749 0
0.0244062 69.333
0.025483 79.7182
0.0266073 0
0.0277811 0
0.0290068 0
0.0302866 0
0.0316228 0
0.0330179 0
0.0344747 0
0.0359956 0
0.0375837 0
0.0392419 0
0.0409732 0
0.0427809 0
0.0446684 0
0.0466391 0
0.0486968 0
0.0508452 0
0.0530884 0
0.0554307 0
0.0578762 0
0.0604296 0
0.0630957 72.1438
0.0658795 136.157
0.068786 117.498
0.0718208 164.283
0.0749894 0
0.0782979 0
0.0817523 143.937
0.0853591 59.4868
0.0891251 0
0.0930572 41.8729
0.0971628 0
0.10145 0
0.105925 0
0.110599 0
0.115478 0
0.120573 0
0.125893 0
0.131447 0
0.137246 386.594
0.143301 205.791
0.149624 0
0.156225 72.4954
0.163117 0
0.170314 42.6702
0.177828 88.5452
0.185674 501.939
0.193865 0
0.202418 0
0.211349 0
0.220673 52.4619
0.230409 0
0.240575 0
0.251189 113.546
0.262271 0
0.273842 297.418
0.285924 262.544
0.298538 49.0411
0.311709 486.426
0.325462 89.7198
0.339821 28.7866
0.354813 553.251
0.370467 481.737
0.386812 323.891
0.403878 0
0.421697 38.9436
0.440301 379.368
0.459727 337.101
0.48001 104.569
0.501187 230.174
0.523299 185.47
0.546387 126.77
0.570493 489.466
0.595662 338.106
0.621942 561.401
0.649382 1142.36
0.678032 761.638
0.707946 1086.18
0.73918 438.419
0.771792 500.149
0.805842 407.599
0.841395 614.854
0.878517 454.24
0.917276 446.636
0.957745 827.365
1 505.188
1.04412 707.156
1.09018 238.695
1.13828 639.258
1.1885 475.601
1.24094 367.052
1.29569 717.713
1.35285 480.656
1.41254 761.418
1.47486 391.652
1.53993 479.504
1.60787 380.565
1.6788 560.327
1.75287 644.077
1.83021 1312.4
1.91095 455.844
1.99526 568.183
2.08329 752.192
2.1752 1006.74
2.27117 667.057
2.37137 686.216
2.476 478.761
2.58523 616.602
2.69929 681.705
2.81838 240.181
2.94273 244.683
3.07256 238.247
3.20812 248.867
3.34965 295.283
3.49744 217.617
3.65174 278.286
3.81285 453.671
3.98107 289.804
4.15671 233.401
4.3401 318.457
4.53158 370.756
4.73151 288.931
4.94026 198.095
5.15822 368.087
5.3858 222.745
5.62341 351.894
5.87151 353.858
6.13056 475.554
6.40103 89.9146
6.68344 54.3687
6.97831 181.353
7.28618 35.8203
7.60764 72.2873
7.94328 428.653
8.29373 446.464
8.65964 520.281
9.0417 76.5731
9.44061 205.405
9.85712 193.987
10.292 124.684
10.7461 118.565
11.2202 224.016
11.7152 294.573
12.2321 411.999
12.7717 0
13.3352 167.171
13.9236 295.3
14.5378 511.313
15.1792 267.453
15.8489 590.218
16.5482 410.144
17.2783 95.8555
18.0406 155.926
18.8365 76.8867
19.6675 113.393
20.5353 73.9179
21.4412 401.604
22.3872 486.834
23.3749 497.559
24.4062 164.849
25.483 313.024
26.6073 374.519
27.7811 544.787
29.0068 443.038
30.2866 79.8422
31.6228 522.749
33.0179 599.786
34.4747 329.282
35.9956 348.254
37.5837 617.112
39.2419 656.212
40.9732 752.319
42.7809 361.141
44.6684 736.415
46.6391 820.349
48.6968 564.213
50.8452 575.417
53.0884 726.591
55.4307 1098.47
57.8762 598.896
60.4296 307.736
63.0957 915.442
65.8795 888.176
68.786 969.667
71.8208 820.32
74.9894 1585.86
78.2979 745.188
81.7523 939.746
85.3591 1528.67
89.1251 924.541
93.0572 1135.88
97.1628 1515.99
101.45 1882.42
105.925 1970.12
110.599 1603.12
115.478 1602.78
120.573 2082.94
125.893 2470.77
131.447 1978.04
137.246 2117.53
143.301 2314.16
149.624 2059.11
156.225 2174.08
163.117 2421.14
170.314 2801.89
177.828 3227.5
185.674 3014.34
193.865 4023.1
202.418 2807.27
211.349 3407.81
220.673 2245.4
230.409 3862.16
240.575 3906.18
251.189 4447.15
262.271 4323.81
273.842 5155.51
285.924 4061.78
298.538 2812.73
311.709 3375.81
325.462 2131.48
339.821 2389.85
354.813 1636.24
370.467 638.261
386.812 467.933
403.878 743.11
421.697 698.585
440.301 101.517
459.727 159.921
480.01 333.56
501.187 0
523.299 103.408
546.387 0
570.493 107.538
595.662 0
621.942 0
649.382 0
678.032 0
707.946 82.8307
739.18 0
771.792 112.933
805.842 0
841.395 0
878.517 0
917.276 0
957.745 0
1000 0
