# First line is two numbers 
#     First value is '2', it means 'histogram mode'
#     Second value is 'Emin' of the histogram
# Other lines : 2 columns. 1) energy 2) probability (nb divided by NbEvent)
# Number of bins = 480
# Content below the first bin: 0
# Content above the last  bin: 0
# Content above the last  bin: 0
# Number of events: 209000
2 1e-06
1.04412e-06 0
1.09018e-06 0
1.13828e-06 0
1.1885e-06 0
1.24094e-06 0
1.29569e-06 0
1.35285e-06 0
1.41254e-06 0
1.47486e-06 0
1.53993e-06 0
1.60787e-06 0
1.6788e-06 0
1.75287e-06 0
1.83021e-06 0
1.91095e-06 0
1.99526e-06 0
2.08329e-06 0
2.1752e-06 0
2.27117e-06 0
2.37137e-06 0
2.476e-06 0
2.58523e-06 0
2.69929e-06 0
2.81838e-06 0
2.94273e-06 0
3.07256e-06 0
3.20812e-06 0
3.34965e-06 0
3.49744e-06 0
3.65174e-06 0
3.81285e-06 0
3.98107e-06 0
4.15671e-06 0
4.3401e-06 0
4.53158e-06 0
4.73151e-06 0
4.94026e-06 0
5.15822e-06 0
5.3858e-06 0
5.62341e-06 0
5.87151e-06 0
6.13056e-06 0
6.40103e-06 0
6.68344e-06 0
6.97831e-06 0
7.28618e-06 0
7.60764e-06 0
7.94328e-06 0
8.29373e-06 0
8.65964e-06 0
9.0417e-06 0
9.44061e-06 0
9.85712e-06 0
1.0292e-05 0
1.07461e-05 0
1.12202e-05 0
1.17152e-05 0
1.22321e-05 0
1.27717e-05 0
1.33352e-05 0
1.39236e-05 0
1.45378e-05 0
1.51792e-05 0
1.58489e-05 0
1.65482e-05 0
1.72783e-05 0
1.80406e-05 0
1.88365e-05 0
1.96675e-05 0
2.05353e-05 0
2.14412e-05 0
2.23872e-05 0
2.33749e-05 0
2.44062e-05 0
2.5483e-05 0
2.66073e-05 0
2.77811e-05 0
2.90068e-05 0
3.02866e-05 0
3.16228e-05 0
3.30179e-05 0
3.44747e-05 0
3.59956e-05 0
3.75837e-05 0
3.92419e-05 0
4.09732e-05 0
4.27809e-05 0
4.46684e-05 0
4.66391e-05 0
4.86968e-05 0
5.08452e-05 0
5.30884e-05 0
5.54307e-05 0
5.78762e-05 0
6.04296e-05 0
6.30957e-05 0
6.58795e-05 0
6.8786e-05 0
7.18208e-05 0
7.49894e-05 0
7.82979e-05 0
8.17523e-05 0
8.53591e-05 0
8.91251e-05 0
9.30572e-05 0
9.71628e-05 0
0.00010145 0
0.000105925 0
0.000110599 0
0.000115478 0
0.000120573 0
0.000125893 0
0.000131447 0
0.000137246 0
0.000143301 0
0.000149624 0
0.000156225 0
0.000163117 0
0.000170314 0
0.000177828 0
0.000185674 0
0.000193865 0
0.000202418 0
0.000211349 0
0.000220673 0
0.000230409 0
0.000240575 0
0.000251189 0
0.000262271 0
0.000273842 0
0.000285924 0
0.000298538 0
0.000311709 0
0.000325462 0
0.000339821 0
0.000354813 0
0.000370467 0
0.000386812 0
0.000403878 0
0.000421697 0
0.000440301 0
0.000459727 0
0.00048001 0
0.000501187 0
0.000523299 0
0.000546387 0
0.000570493 0
0.000595662 0
0.000621942 0
0.000649382 0
0.000678032 0
0.000707946 0
0.00073918 0
0.000771792 0
0.000805842 0
0.000841395 0
0.000878517 0
0.000917276 0
0.000957745 0
0.001 0
0.00104412 0
0.00109018 0
0.00113828 0
0.0011885 0
0.00124094 0
0.00129569 0
0.00135285 0
0.00141254 0
0.00147486 0
0.00153993 0
0.00160787 0
0.0016788 0
0.00175287 0
0.00183021 0
0.00191095 0
0.00199526 0
0.00208329 0
0.0021752 0
0.00227117 0
0.00237137 0
0.002476 94.9836
0.00258523 0
0.00269929 0
0.00281838 0
0.00294273 0
0.00307256 0
0.00320812 0
0.00334965 0
0.00349744 0
0.00365174 0
0.00381285 0
0.00398107 0
0.00415671 0
0.0043401 0
0.00453158 0
0.00473151 0
0.00494026 0
0.00515822 0
0.0053858 95.7987
0.00562341 0
0.00587151 0
0.00613056 0
0.00640103 0
0.00668344 0
0.00697831 75.9259
0.00728618 117.488
0.00760764 0
0.00794328 0
0.00829373 0
0.00865964 6.18021
0.0090417 0
0.00944061 0
0.00985712 107.655
0.010292 0
0.0107461 0
0.0112202 0
0.0117152 0
0.0122321 114.194
0.0127717 0
0.0133352 0
0.0139236 0
0.0145378 112.347
0.0151792 55.7211
0.0158489 0
0.0165482 147.162
0.0172783 0
0.0180406 304.458
0.0188365 0
0.0196675 37.5635
0.0205353 0
0.0214412 0
0.0223872 0
0.0233749 129.16
0.0244062 419.476
0.025483 257.92
0.0266073 104.621
0.0277811 198.82
0.0290068 95.3587
0.0302866 202.285
0.0316228 309.902
0.0330179 141.13
0.0344747 401.529
0.0359956 160.236
0.0375837 392.086
0.0392419 579.661
0.0409732 322.427
0.0427809 243.321
0.0446684 96.1743
0.0466391 397.659
0.0486968 544.675
0.0508452 738.544
0.0530884 562.479
0.0554307 561.592
0.0578762 737.932
0.0604296 423.986
0.0630957 717.758
0.0658795 750.516
0.068786 595.455
0.0718208 810.32
0.0749894 806.213
0.0782979 1081.48
0.0817523 1005
0.0853591 352.062
0.0891251 1011.83
0.0930572 1086.99
0.0971628 1229.98
0.10145 1205.99
0.105925 748.869
0.110599 634.637
0.115478 1620.96
0.120573 1142.53
0.125893 826.451
0.131447 1458.68
0.137246 623.332
0.143301 1379.74
0.149624 1118.82
0.156225 1109.58
0.163117 1745.47
0.170314 1452.03
0.177828 1325.09
0.185674 1374.61
0.193865 1232.88
0.202418 1761.7
0.211349 871.068
0.220673 993.185
0.230409 2005.75
0.240575 777.406
0.251189 1143.6
0.262271 1380.57
0.273842 980.703
0.285924 1812.72
0.298538 1222.55
0.311709 1666.58
0.325462 1887.18
0.339821 1461.49
0.354813 1199.48
0.370467 1944.96
0.386812 1038.3
0.403878 1347.31
0.421697 1498.38
0.440301 1382.04
0.459727 1597.31
0.48001 1161.13
0.501187 2163.97
0.523299 865.336
0.546387 1740.15
0.570493 2367.52
0.595662 1316.88
0.621942 1309.58
0.649382 1422.04
0.678032 1187.13
0.707946 1427.43
0.73918 922.629
0.771792 831.461
0.805842 1244.76
0.841395 755.124
0.878517 1541.58
0.917276 983.671
0.957745 269.092
1 509.418
1.04412 568.99
1.09018 1189.47
1.13828 950.33
1.1885 801.085
1.24094 863.489
1.29569 877.576
1.35285 1117.29
1.41254 900.01
1.47486 600.394
1.53993 750.133
1.60787 284.944
1.6788 153.255
1.75287 310.199
1.83021 476.448
1.91095 123.357
1.99526 402.141
2.08329 446.488
2.1752 339.019
2.27117 344.521
2.37137 691.966
2.476 761.377
2.58523 402.891
2.69929 99.5952
2.81838 404.284
2.94273 456.384
3.07256 426.18
3.20812 238.714
3.34965 314.564
3.49744 182.788
3.65174 157.051
3.81285 353.048
3.98107 484.914
4.15671 172.94
4.3401 126.444
4.53158 362.273
4.73151 624.483
4.94026 72.0722
5.15822 176.442
5.3858 352.878
5.62341 438.264
5.87151 317.075
6.13056 250.364
6.40103 117.33
6.68344 323.718
6.97831 364.812
7.28618 103.386
7.60764 185.721
7.94328 139.442
8.29373 433.712
8.65964 377.518
9.0417 0
9.44061 104.961
9.85712 169.579
10.292 166.766
10.7461 90.0484
11.2202 103.703
11.7152 143.312
12.2321 252.16
12.7717 182.48
13.3352 433.286
13.9236 169.02
14.5378 0
15.1792 213.455
15.8489 191.56
16.5482 93.0852
17.2783 208.752
18.0406 536.586
18.8365 225.343
19.6675 60.2341
20.5353 116.354
21.4412 0
22.3872 257.368
23.3749 109.019
24.4062 0
25.483 203.482
26.6073 94.2819
27.7811 169.769
29.0068 93.979
30.2866 100.237
31.6228 96.9697
33.0179 0
34.4747 70.2695
35.9956 363.452
37.5837 180.915
39.2419 0
40.9732 178.327
42.7809 236.256
44.6684 328.378
46.6391 327.024
48.6968 160.12
50.8452 447.763
53.0884 422.812
55.4307 115.171
57.8762 339.8
60.4296 553.541
63.0957 202.117
65.8795 27.9721
68.786 83.298
71.8208 94.8122
74.9894 236.933
78.2979 256.358
81.7523 186.398
85.3591 485.223
89.1251 361.729
93.0572 128.103
97.1628 75.9666
101.45 323.589
105.925 308.617
110.599 231.368
115.478 417.267
120.573 332.889
125.893 113.137
131.447 201.913
137.246 366.576
143.301 599.654
149.624 181.5
156.225 444.193
163.117 1294.45
170.314 1005.79
177.828 277.769
185.674 447.236
193.865 529.063
202.418 898.895
211.349 634.755
220.673 550.294
230.409 624.028
240.575 1357.32
251.189 1322.81
262.271 942.272
273.842 1532.66
285.924 1766.6
298.538 925.266
311.709 968.258
325.462 736.468
339.821 613.402
354.813 1082.11
370.467 1181.05
386.812 1138.62
403.878 691.315
421.697 479.32
440.301 172.586
459.727 213.965
480.01 270.339
501.187 287.161
523.299 175.511
546.387 0
570.493 111.147
595.662 0
621.942 87.4804
649.382 83.5226
678.032 0
707.946 0
739.18 0
771.792 0
805.842 0
841.395 61.6375
878.517 0
917.276 0
957.745 0
1000 0
