# First line is two numbers 
#     First value is '2', it means 'histogram mode'
#     Second value is 'Emin' of the histogram
# Other lines : 2 columns. 1) energy 2) probability (nb divided by NbEvent)
# Number of bins = 480
# Content below the first bin: 0
# Content above the last  bin: 0
# Content above the last  bin: 0
# Number of events: 209000
2 1e-06
1.04412e-06 0
1.09018e-06 0
1.13828e-06 0
1.1885e-06 0
1.24094e-06 0
1.29569e-06 0
1.35285e-06 0
1.41254e-06 0
1.47486e-06 0
1.53993e-06 0
1.60787e-06 0
1.6788e-06 0
1.75287e-06 0
1.83021e-06 0
1.91095e-06 0
1.99526e-06 0
2.08329e-06 0
2.1752e-06 0
2.27117e-06 0
2.37137e-06 0
2.476e-06 0
2.58523e-06 0
2.69929e-06 0
2.81838e-06 0
2.94273e-06 0
3.07256e-06 0
3.20812e-06 0
3.34965e-06 0
3.49744e-06 0
3.65174e-06 0
3.81285e-06 0
3.98107e-06 0
4.15671e-06 0
4.3401e-06 0
4.53158e-06 0
4.73151e-06 0
4.94026e-06 0
5.15822e-06 0
5.3858e-06 0
5.62341e-06 0
5.87151e-06 0
6.13056e-06 0
6.40103e-06 0
6.68344e-06 0
6.97831e-06 0
7.28618e-06 0
7.60764e-06 0
7.94328e-06 0
8.29373e-06 0
8.65964e-06 0
9.0417e-06 0
9.44061e-06 0
9.85712e-06 0
1.0292e-05 0
1.07461e-05 0
1.12202e-05 0
1.17152e-05 0
1.22321e-05 0
1.27717e-05 0
1.33352e-05 0
1.39236e-05 0
1.45378e-05 0
1.51792e-05 0
1.58489e-05 0
1.65482e-05 0
1.72783e-05 0
1.80406e-05 0
1.88365e-05 0
1.96675e-05 0
2.05353e-05 0
2.14412e-05 0
2.23872e-05 0
2.33749e-05 0
2.44062e-05 0
2.5483e-05 0
2.66073e-05 0
2.77811e-05 0
2.90068e-05 0
3.02866e-05 0
3.16228e-05 0
3.30179e-05 0
3.44747e-05 0
3.59956e-05 0
3.75837e-05 0
3.92419e-05 0
4.09732e-05 0
4.27809e-05 0
4.46684e-05 0
4.66391e-05 0
4.86968e-05 0
5.08452e-05 0
5.30884e-05 0
5.54307e-05 0
5.78762e-05 0
6.04296e-05 0
6.30957e-05 0
6.58795e-05 0
6.8786e-05 0
7.18208e-05 0
7.49894e-05 0
7.82979e-05 0
8.17523e-05 0
8.53591e-05 0
8.91251e-05 0
9.30572e-05 0
9.71628e-05 0
0.00010145 0
0.000105925 0
0.000110599 0
0.000115478 0
0.000120573 0
0.000125893 0
0.000131447 0
0.000137246 0
0.000143301 0
0.000149624 0
0.000156225 0
0.000163117 0
0.000170314 0
0.000177828 0
0.000185674 0
0.000193865 0
0.000202418 0
0.000211349 0
0.000220673 0
0.000230409 0
0.000240575 0
0.000251189 0
0.000262271 0
0.000273842 0
0.000285924 0
0.000298538 0
0.000311709 0
0.000325462 0
0.000339821 0
0.000354813 0
0.000370467 0
0.000386812 0
0.000403878 0
0.000421697 0
0.000440301 0
0.000459727 0
0.00048001 0
0.000501187 0
0.000523299 0
0.000546387 0
0.000570493 0
0.000595662 0
0.000621942 0
0.000649382 0
0.000678032 0
0.000707946 0
0.00073918 0
0.000771792 0
0.000805842 0
0.000841395 0
0.000878517 0
0.000917276 0
0.000957745 0
0.001 0
0.00104412 0
0.00109018 0
0.00113828 0
0.0011885 0
0.00124094 0
0.00129569 0
0.00135285 0
0.00141254 0
0.00147486 0
0.00153993 0
0.00160787 0
0.0016788 0
0.00175287 0
0.00183021 0
0.00191095 0
0.00199526 0
0.00208329 0
0.0021752 0
0.00227117 0
0.00237137 0
0.002476 0
0.00258523 0
0.00269929 0
0.00281838 0
0.00294273 0
0.00307256 0
0.00320812 0
0.00334965 0
0.00349744 0
0.00365174 0
0.00381285 0
0.00398107 0
0.00415671 0
0.0043401 0
0.00453158 0
0.00473151 0
0.00494026 0
0.00515822 0
0.0053858 0
0.00562341 0
0.00587151 0
0.00613056 0
0.00640103 0
0.00668344 0
0.00697831 0
0.00728618 0
0.00760764 0
0.00794328 0
0.00829373 0
0.00865964 0
0.0090417 0
0.00944061 0
0.00985712 0
0.010292 0
0.0107461 0
0.0112202 0
0.0117152 0
0.0122321 0
0.0127717 0
0.0133352 0
0.0139236 16.7618
0.0145378 0
0.0151792 0
0.0158489 0
0.0165482 0
0.0172783 0
0.0180406 0
0.0188365 60.6303
0.0196675 0
0.0205353 0
0.0214412 0
0.0223872 0
0.0233749 0
0.0244062 0
0.025483 0
0.0266073 92.8784
0.0277811 0
0.0290068 0
0.0302866 289.781
0.0316228 101.055
0.0330179 0
0.0344747 95.6648
0.0359956 43.9173
0.0375837 0
0.0392419 49.8304
0.0409732 0
0.0427809 106.799
0.0446684 0
0.0466391 0
0.0486968 0
0.0508452 86.1404
0.0530884 190.293
0.0554307 148.823
0.0578762 0
0.0604296 0
0.0630957 56.5695
0.0658795 168.87
0.068786 0
0.0718208 115.786
0.0749894 93.6135
0.0782979 0
0.0817523 159.439
0.0853591 35.6633
0.0891251 69.2921
0.0930572 156.022
0.0971628 193.644
0.10145 90.4173
0.105925 66.8172
0.110599 177.124
0.115478 0
0.120573 0
0.125893 0
0.131447 325.926
0.137246 324.803
0.143301 116.182
0.149624 45.2341
0.156225 431.827
0.163117 141.968
0.170314 93.1662
0.177828 172.721
0.185674 0
0.193865 195.891
0.202418 303.969
0.211349 106.767
0.220673 490.11
0.230409 171.666
0.240575 300.705
0.251189 290.436
0.262271 114.051
0.273842 316.321
0.285924 272.737
0.298538 117.584
0.311709 45.438
0.325462 329.812
0.339821 446.607
0.354813 214.38
0.370467 519.147
0.386812 374.991
0.403878 19.4516
0.421697 132.63
0.440301 205.948
0.459727 197.916
0.48001 412.451
0.501187 457.567
0.523299 286.379
0.546387 252.63
0.570493 259.206
0.595662 182.481
0.621942 391.21
0.649382 278.63
0.678032 355.063
0.707946 286.792
0.73918 323.714
0.771792 0
0.805842 248.57
0.841395 141.582
0.878517 252.349
0.917276 208.994
0.957745 337.609
1 57.3334
1.04412 100.342
1.09018 157.862
1.13828 171.863
1.1885 218.002
1.24094 54.8784
1.29569 167.993
1.35285 93.5347
1.41254 111.932
1.47486 144.792
1.53993 116.427
1.60787 238.563
1.6788 95.761
1.75287 146.294
1.83021 57.0569
1.91095 180.265
1.99526 204.456
2.08329 0
2.1752 0
2.27117 45.5897
2.37137 82.624
2.476 80.3789
2.58523 118.63
2.69929 95.513
2.81838 108.278
2.94273 130.824
3.07256 0
3.20812 78.6111
3.34965 0
3.49744 80.7371
3.65174 216.573
3.81285 0
3.98107 101.548
4.15671 0
4.3401 0
4.53158 0
4.73151 0
4.94026 0
5.15822 114.593
5.3858 80.5405
5.62341 0
5.87151 124.505
6.13056 78.2584
6.40103 0
6.68344 72.7399
6.97831 410.342
7.28618 208.267
7.60764 109.232
7.94328 0
8.29373 67.0502
8.65964 104.708
9.0417 101.297
9.44061 0
9.85712 0
10.292 0
10.7461 0
11.2202 0
11.7152 0
12.2321 108.441
12.7717 0
13.3352 75.3514
13.9236 0
14.5378 114.942
15.1792 0
15.8489 0
16.5482 40.9862
17.2783 0
18.0406 0
18.8365 116.641
19.6675 0
20.5353 109.408
21.4412 117.135
22.3872 0
23.3749 37.5818
24.4062 153.804
25.483 94.4283
26.6073 61.0323
27.7811 50.0583
29.0068 0
30.2866 61.2144
31.6228 0
33.0179 5.81431
34.4747 0
35.9956 90.7935
37.5837 82.0411
39.2419 0
40.9732 0
42.7809 323.975
44.6684 72.4998
46.6391 0
48.6968 95.4765
50.8452 0
53.0884 148.589
55.4307 0
57.8762 0
60.4296 0
63.0957 0
65.8795 0
68.786 0
71.8208 0
74.9894 134.198
78.2979 0
81.7523 141.14
85.3591 111.025
89.1251 95.1822
93.0572 51.5657
97.1628 0
101.45 98.1928
105.925 118.474
110.599 294.618
115.478 0
120.573 0
125.893 0
131.447 92.4846
137.246 113.726
143.301 0
149.624 0
156.225 0
163.117 0
170.314 0
177.828 0
185.674 50.8304
193.865 0
202.418 0
211.349 0
220.673 110.804
230.409 0
240.575 0
251.189 0
262.271 0
273.842 0
285.924 0
298.538 0
311.709 0
325.462 0
339.821 0
354.813 0
370.467 0
386.812 0
403.878 0
421.697 0
440.301 0
459.727 0
480.01 0
501.187 0
523.299 0
546.387 0
570.493 0
595.662 0
621.942 0
649.382 0
678.032 0
707.946 0
739.18 0
771.792 0
805.842 0
841.395 0
878.517 0
917.276 95.2162
957.745 0
1000 0
