# First line is two numbers 
#     First value is '2', it means 'histogram mode'
#     Second value is 'Emin' of the histogram
# Other lines : 2 columns. 1) energy 2) probability (nb divided by NbEvent)
# Number of bins = 480
# Content below the first bin: 0
# Content above the last  bin: 0
# Content above the last  bin: 0
# Number of events: 400000
2 1e-06
1.04412e-06 0
1.09018e-06 0
1.13828e-06 0
1.1885e-06 0
1.24094e-06 0
1.29569e-06 0
1.35285e-06 0
1.41254e-06 0
1.47486e-06 0
1.53993e-06 0
1.60787e-06 0
1.6788e-06 0
1.75287e-06 0
1.83021e-06 0
1.91095e-06 0
1.99526e-06 0
2.08329e-06 0
2.1752e-06 0
2.27117e-06 0
2.37137e-06 0
2.476e-06 0
2.58523e-06 0
2.69929e-06 0
2.81838e-06 0
2.94273e-06 0
3.07256e-06 0
3.20812e-06 0
3.34965e-06 0
3.49744e-06 0
3.65174e-06 0
3.81285e-06 0
3.98107e-06 0
4.15671e-06 0
4.3401e-06 0
4.53158e-06 0
4.73151e-06 0
4.94026e-06 0
5.15822e-06 0
5.3858e-06 0
5.62341e-06 0
5.87151e-06 0
6.13056e-06 0
6.40103e-06 0
6.68344e-06 0
6.97831e-06 0
7.28618e-06 0
7.60764e-06 0
7.94328e-06 0
8.29373e-06 0
8.65964e-06 0
9.0417e-06 0
9.44061e-06 0
9.85712e-06 0
1.0292e-05 0
1.07461e-05 0
1.12202e-05 0
1.17152e-05 0
1.22321e-05 0
1.27717e-05 0
1.33352e-05 0
1.39236e-05 0
1.45378e-05 0
1.51792e-05 0
1.58489e-05 0
1.65482e-05 0
1.72783e-05 0
1.80406e-05 0
1.88365e-05 0
1.96675e-05 0
2.05353e-05 0
2.14412e-05 0
2.23872e-05 0
2.33749e-05 0
2.44062e-05 0
2.5483e-05 0
2.66073e-05 0
2.77811e-05 0
2.90068e-05 0
3.02866e-05 0
3.16228e-05 0
3.30179e-05 0
3.44747e-05 0
3.59956e-05 0
3.75837e-05 0
3.92419e-05 0
4.09732e-05 0
4.27809e-05 0
4.46684e-05 0
4.66391e-05 0
4.86968e-05 0
5.08452e-05 0
5.30884e-05 0
5.54307e-05 0
5.78762e-05 0
6.04296e-05 0
6.30957e-05 0
6.58795e-05 0
6.8786e-05 0
7.18208e-05 0
7.49894e-05 0
7.82979e-05 0
8.17523e-05 0
8.53591e-05 0
8.91251e-05 0
9.30572e-05 0
9.71628e-05 0
0.00010145 0
0.000105925 0
0.000110599 0
0.000115478 0
0.000120573 0
0.000125893 0
0.000131447 0
0.000137246 0
0.000143301 0
0.000149624 0
0.000156225 0
0.000163117 0
0.000170314 0
0.000177828 0
0.000185674 0
0.000193865 0
0.000202418 0
0.000211349 0
0.000220673 0
0.000230409 0
0.000240575 0
0.000251189 0
0.000262271 0
0.000273842 0
0.000285924 0
0.000298538 0
0.000311709 0
0.000325462 0
0.000339821 0
0.000354813 0
0.000370467 0
0.000386812 0
0.000403878 0
0.000421697 0
0.000440301 0
0.000459727 0
0.00048001 0
0.000501187 0
0.000523299 0
0.000546387 0
0.000570493 0
0.000595662 0
0.000621942 0
0.000649382 0
0.000678032 0
0.000707946 0
0.00073918 0
0.000771792 0
0.000805842 0
0.000841395 0
0.000878517 0
0.000917276 0
0.000957745 0
0.001 0
0.00104412 0
0.00109018 0
0.00113828 0
0.0011885 0
0.00124094 0
0.00129569 0
0.00135285 0
0.00141254 0
0.00147486 0
0.00153993 0
0.00160787 0
0.0016788 0
0.00175287 0
0.00183021 0
0.00191095 0
0.00199526 0
0.00208329 0
0.0021752 0
0.00227117 0
0.00237137 0
0.002476 96.5386
0.00258523 0
0.00269929 0
0.00281838 0
0.00294273 0
0.00307256 0
0.00320812 0
0.00334965 0
0.00349744 0
0.00365174 0
0.00381285 0
0.00398107 0
0.00415671 0
0.0043401 0
0.00453158 0
0.00473151 0
0.00494026 0
0.00515822 0
0.0053858 0
0.00562341 0
0.00587151 0
0.00613056 0
0.00640103 0
0.00668344 0
0.00697831 0
0.00728618 0
0.00760764 0
0.00794328 0
0.00829373 0
0.00865964 0
0.0090417 0
0.00944061 0
0.00985712 0
0.010292 0
0.0107461 0
0.0112202 64.4613
0.0117152 0
0.0122321 0
0.0127717 0
0.0133352 0
0.0139236 0
0.0145378 0
0.0151792 0
0.0158489 0
0.0165482 0
0.0172783 0
0.0180406 0
0.0188365 0
0.0196675 0
0.0205353 0
0.0214412 0
0.0223872 113.172
0.0233749 84.2145
0.0244062 98.4896
0.025483 169.796
0.0266073 0
0.0277811 0
0.0290068 0
0.0302866 0
0.0316228 0
0.0330179 0
0.0344747 0
0.0359956 0
0.0375837 0
0.0392419 0
0.0409732 90.883
0.0427809 0
0.0446684 116.801
0.0466391 0
0.0486968 0
0.0508452 76.397
0.0530884 0
0.0554307 0
0.0578762 96.5239
0.0604296 0
0.0630957 0
0.0658795 104.809
0.068786 104.4
0.0718208 34.9279
0.0749894 0
0.0782979 0
0.0817523 33.5614
0.0853591 68.5099
0.0891251 0
0.0930572 110.752
0.0971628 159.016
0.10145 0
0.105925 153.48
0.110599 0
0.115478 118.523
0.120573 128.362
0.125893 0
0.131447 73.155
0.137246 98.9189
0.143301 317.915
0.149624 0
0.156225 0
0.163117 32.0986
0.170314 272.755
0.177828 92.3241
0.185674 140.047
0.193865 0
0.202418 0
0.211349 108.688
0.220673 339.213
0.230409 0
0.240575 287.172
0.251189 160.07
0.262271 90.8158
0.273842 274.02
0.285924 420.335
0.298538 574.749
0.311709 480.827
0.325462 88.8668
0.339821 203.037
0.354813 492.234
0.370467 200.491
0.386812 976.465
0.403878 92.3486
0.421697 310.408
0.440301 492.143
0.459727 167.813
0.48001 224.739
0.501187 292.465
0.523299 0
0.546387 362.258
0.570493 578.029
0.595662 244.623
0.621942 681.23
0.649382 1064.09
0.678032 754.19
0.707946 813.1
0.73918 158.331
0.771792 157.414
0.805842 194.535
0.841395 611.717
0.878517 359.514
0.917276 521.143
0.957745 509.482
1 229.865
1.04412 896.921
1.09018 241.798
1.13828 668.663
1.1885 783.712
1.24094 219.851
1.29569 223.042
1.35285 403.007
1.41254 186.344
1.47486 78.1902
1.53993 0
1.60787 186.751
1.6788 612.596
1.75287 400.835
1.83021 501.549
1.91095 273.573
1.99526 216.596
2.08329 76.7594
2.1752 327.756
2.27117 99.9802
2.37137 180.48
2.476 244.831
2.58523 249.091
2.69929 94.0254
2.81838 407.073
2.94273 223.417
3.07256 164.818
3.20812 169.148
3.34965 141.365
3.49744 111.511
3.65174 270.52
3.81285 110.578
3.98107 325.883
4.15671 180.77
4.3401 0
4.53158 219.472
4.73151 0
4.94026 82.1599
5.15822 118.363
5.3858 161.259
5.62341 0
5.87151 226.99
6.13056 60.6995
6.40103 211.834
6.68344 100.137
6.97831 84.5028
7.28618 0
7.60764 108.003
7.94328 0
8.29373 264.244
8.65964 267.858
9.0417 0
9.44061 118.434
9.85712 0
10.292 157.806
10.7461 26.5894
11.2202 211.15
11.7152 180.279
12.2321 0
12.7717 131.221
13.3352 116.45
13.9236 0
14.5378 0
15.1792 103.197
15.8489 234.893
16.5482 0
17.2783 285.625
18.0406 207.428
18.8365 95.5188
19.6675 0
20.5353 271.536
21.4412 145.642
22.3872 160.931
23.3749 0
24.4062 190.191
25.483 297.405
26.6073 0
27.7811 83.5235
29.0068 68.2563
30.2866 256.27
31.6228 119.38
33.0179 373.216
34.4747 194.159
35.9956 215.339
37.5837 110.151
39.2419 201.756
40.9732 25.7641
42.7809 451.244
44.6684 285.648
46.6391 76.8254
48.6968 175.876
50.8452 263.417
53.0884 388.466
55.4307 246.496
57.8762 158.993
60.4296 375.011
63.0957 92.259
65.8795 109.279
68.786 281.438
71.8208 0
74.9894 208.542
78.2979 124.688
81.7523 686.118
85.3591 376.702
89.1251 426.354
93.0572 740.673
97.1628 478.582
101.45 470.59
105.925 98.7352
110.599 143.138
115.478 764.766
120.573 821.063
125.893 391.202
131.447 237.883
137.246 302.993
143.301 609.653
149.624 536.657
156.225 674.746
163.117 177.116
170.314 842.351
177.828 1220.68
185.674 706.867
193.865 663.81
202.418 997.232
211.349 546.018
220.673 396.385
230.409 836.386
240.575 631.95
251.189 467.515
262.271 675.49
273.842 617.8
285.924 530.424
298.538 447.614
311.709 524.69
325.462 474.573
339.821 180.596
354.813 98.6552
370.467 177.982
386.812 586.961
403.878 204.937
421.697 0
440.301 77.6684
459.727 78.6725
480.01 0
501.187 0
523.299 100.762
546.387 21.4854
570.493 0
595.662 0
621.942 0
649.382 0
678.032 0
707.946 0
739.18 0
771.792 0
805.842 0
841.395 0
878.517 0
917.276 0
957.745 0
1000 0
