# First line is two numbers 
#     First value is '2', it means 'histogram mode'
#     Second value is 'Emin' of the histogram
# Other lines : 2 columns. 1) energy 2) probability (nb divided by NbEvent)
# Number of bins = 480
# Content below the first bin: 0
# Content above the last  bin: 0
# Content above the last  bin: 0
# Number of events: 209000
2 1e-06
1.04412e-06 0
1.09018e-06 0
1.13828e-06 0
1.1885e-06 0
1.24094e-06 0
1.29569e-06 0
1.35285e-06 0
1.41254e-06 0
1.47486e-06 0
1.53993e-06 0
1.60787e-06 0
1.6788e-06 0
1.75287e-06 0
1.83021e-06 0
1.91095e-06 0
1.99526e-06 0
2.08329e-06 0
2.1752e-06 0
2.27117e-06 0
2.37137e-06 0
2.476e-06 0
2.58523e-06 0
2.69929e-06 0
2.81838e-06 0
2.94273e-06 0
3.07256e-06 0
3.20812e-06 0
3.34965e-06 0
3.49744e-06 0
3.65174e-06 0
3.81285e-06 0
3.98107e-06 0
4.15671e-06 0
4.3401e-06 0
4.53158e-06 0
4.73151e-06 0
4.94026e-06 0
5.15822e-06 0
5.3858e-06 0
5.62341e-06 0
5.87151e-06 0
6.13056e-06 0
6.40103e-06 0
6.68344e-06 0
6.97831e-06 0
7.28618e-06 0
7.60764e-06 0
7.94328e-06 0
8.29373e-06 0
8.65964e-06 0
9.0417e-06 0
9.44061e-06 0
9.85712e-06 0
1.0292e-05 0
1.07461e-05 0
1.12202e-05 0
1.17152e-05 0
1.22321e-05 0
1.27717e-05 0
1.33352e-05 0
1.39236e-05 0
1.45378e-05 0
1.51792e-05 0
1.58489e-05 0
1.65482e-05 0
1.72783e-05 0
1.80406e-05 0
1.88365e-05 0
1.96675e-05 0
2.05353e-05 0
2.14412e-05 0
2.23872e-05 0
2.33749e-05 0
2.44062e-05 0
2.5483e-05 0
2.66073e-05 0
2.77811e-05 0
2.90068e-05 0
3.02866e-05 0
3.16228e-05 0
3.30179e-05 0
3.44747e-05 0
3.59956e-05 0
3.75837e-05 0
3.92419e-05 0
4.09732e-05 0
4.27809e-05 0
4.46684e-05 0
4.66391e-05 0
4.86968e-05 0
5.08452e-05 0
5.30884e-05 0
5.54307e-05 0
5.78762e-05 0
6.04296e-05 0
6.30957e-05 0
6.58795e-05 0
6.8786e-05 0
7.18208e-05 0
7.49894e-05 0
7.82979e-05 0
8.17523e-05 0
8.53591e-05 0
8.91251e-05 0
9.30572e-05 0
9.71628e-05 0
0.00010145 0
0.000105925 0
0.000110599 0
0.000115478 0
0.000120573 0
0.000125893 0
0.000131447 0
0.000137246 0
0.000143301 0
0.000149624 0
0.000156225 0
0.000163117 0
0.000170314 0
0.000177828 0
0.000185674 0
0.000193865 0
0.000202418 0
0.000211349 0
0.000220673 0
0.000230409 0
0.000240575 0
0.000251189 0
0.000262271 0
0.000273842 0
0.000285924 0
0.000298538 0
0.000311709 0
0.000325462 0
0.000339821 0
0.000354813 0
0.000370467 0
0.000386812 0
0.000403878 0
0.000421697 0
0.000440301 0
0.000459727 0
0.00048001 0
0.000501187 117.976
0.000523299 0
0.000546387 0
0.000570493 0
0.000595662 0
0.000621942 0
0.000649382 0
0.000678032 0
0.000707946 0
0.00073918 0
0.000771792 0
0.000805842 0
0.000841395 0
0.000878517 0
0.000917276 0
0.000957745 0
0.001 0
0.00104412 0
0.00109018 0
0.00113828 0
0.0011885 0
0.00124094 0
0.00129569 0
0.00135285 0
0.00141254 0
0.00147486 0
0.00153993 0
0.00160787 0
0.0016788 0
0.00175287 0
0.00183021 0
0.00191095 0
0.00199526 0
0.00208329 0
0.0021752 0
0.00227117 0
0.00237137 0
0.002476 0
0.00258523 0
0.00269929 0
0.00281838 0
0.00294273 0
0.00307256 0
0.00320812 0
0.00334965 0
0.00349744 0
0.00365174 0
0.00381285 0
0.00398107 0
0.00415671 0
0.0043401 0
0.00453158 0
0.00473151 0
0.00494026 0
0.00515822 0
0.0053858 114.562
0.00562341 0
0.00587151 0
0.00613056 58.5708
0.00640103 0
0.00668344 0
0.00697831 0
0.00728618 0
0.00760764 0
0.00794328 0
0.00829373 0
0.00865964 0
0.0090417 0
0.00944061 117.968
0.00985712 0
0.010292 0
0.0107461 0
0.0112202 0
0.0117152 0
0.0122321 28.7938
0.0127717 81.9814
0.0133352 0
0.0139236 0
0.0145378 0
0.0151792 234.971
0.0158489 0
0.0165482 93.6341
0.0172783 0
0.0180406 0
0.0188365 0
0.0196675 0
0.0205353 94.1251
0.0214412 0
0.0223872 0
0.0233749 0
0.0244062 0
0.025483 0
0.0266073 0
0.0277811 0
0.0290068 21.4071
0.0302866 35.0411
0.0316228 0
0.0330179 0
0.0344747 15.2129
0.0359956 231.473
0.0375837 145.522
0.0392419 0
0.0409732 393.002
0.0427809 198.221
0.0446684 115.757
0.0466391 146.77
0.0486968 476.473
0.0508452 188.066
0.0530884 269.179
0.0554307 280.54
0.0578762 315.481
0.0604296 281.645
0.0630957 117.356
0.0658795 179.157
0.068786 361.713
0.0718208 324.379
0.0749894 337.169
0.0782979 445.266
0.0817523 495.217
0.0853591 144.501
0.0891251 141.155
0.0930572 195.48
0.0971628 120.409
0.10145 240.901
0.105925 597.374
0.110599 649.462
0.115478 352.256
0.120573 506.899
0.125893 366.421
0.131447 424.58
0.137246 516.2
0.143301 166.858
0.149624 376.874
0.156225 845.327
0.163117 365.489
0.170314 212.532
0.177828 269.982
0.185674 833.683
0.193865 491.299
0.202418 846.448
0.211349 327.802
0.220673 893.25
0.230409 640.898
0.240575 514.989
0.251189 531.757
0.262271 750.487
0.273842 1077.59
0.285924 558.033
0.298538 604.897
0.311709 672.688
0.325462 1176.18
0.339821 958.485
0.354813 796.328
0.370467 820.826
0.386812 349.56
0.403878 966.035
0.421697 621.866
0.440301 864.457
0.459727 1061.04
0.48001 804.05
0.501187 368.599
0.523299 338.969
0.546387 614.964
0.570493 471.766
0.595662 811.723
0.621942 856.201
0.649382 881.375
0.678032 649.445
0.707946 686.996
0.73918 822.782
0.771792 562.655
0.805842 806.693
0.841395 499.862
0.878517 437.167
0.917276 599.082
0.957745 414.196
1 342.058
1.04412 608.647
1.09018 344.756
1.13828 260.657
1.1885 319.415
1.24094 591.742
1.29569 406.497
1.35285 321.187
1.41254 279.233
1.47486 701.727
1.53993 309.111
1.60787 142.821
1.6788 408.137
1.75287 59.8111
1.83021 213.655
1.91095 290.718
1.99526 201.229
2.08329 384.585
2.1752 0
2.27117 552.516
2.37137 60.1053
2.476 0
2.58523 252.319
2.69929 279.837
2.81838 103.089
2.94273 149.004
3.07256 188.361
3.20812 322.656
3.34965 311.248
3.49744 0
3.65174 264.205
3.81285 0
3.98107 172.97
4.15671 135.422
4.3401 73.9738
4.53158 145.402
4.73151 0
4.94026 0
5.15822 0
5.3858 145.211
5.62341 239.473
5.87151 28.8127
6.13056 0
6.40103 162.103
6.68344 113.648
6.97831 111.657
7.28618 115.842
7.60764 0
7.94328 72.5708
8.29373 35.5801
8.65964 99.5199
9.0417 0
9.44061 127.975
9.85712 155.936
10.292 268.802
10.7461 0
11.2202 75.0369
11.7152 165.586
12.2321 103.173
12.7717 165.729
13.3352 119.744
13.9236 107.747
14.5378 0
15.1792 95.9136
15.8489 0
16.5482 104.874
17.2783 160.944
18.0406 142.465
18.8365 0
19.6675 138.302
20.5353 60.3005
21.4412 202.758
22.3872 0
23.3749 62.5182
24.4062 0
25.483 207.273
26.6073 65.4234
27.7811 0
29.0068 382.501
30.2866 0
31.6228 0
33.0179 0
34.4747 187.827
35.9956 210.362
37.5837 191.716
39.2419 105.792
40.9732 0
42.7809 66.1701
44.6684 318.917
46.6391 0
48.6968 111.683
50.8452 49.0704
53.0884 0
55.4307 0
57.8762 0
60.4296 102.977
63.0957 53.3264
65.8795 114.208
68.786 158.148
71.8208 0
74.9894 240.579
78.2979 0
81.7523 37.9568
85.3591 0
89.1251 0
93.0572 0
97.1628 165.125
101.45 88.0494
105.925 529.177
110.599 49.4553
115.478 0
120.573 236.725
125.893 0
131.447 39.327
137.246 79.9792
143.301 216.729
149.624 0
156.225 18.2041
163.117 71.1926
170.314 112.162
177.828 0
185.674 91.1936
193.865 118.602
202.418 0
211.349 0
220.673 0
230.409 0
240.575 0
251.189 0
262.271 0
273.842 0
285.924 0
298.538 0
311.709 0
325.462 0
339.821 0
354.813 0
370.467 0
386.812 0
403.878 0
421.697 0
440.301 0
459.727 0
480.01 0
501.187 0
523.299 0
546.387 0
570.493 0
595.662 0
621.942 0
649.382 0
678.032 0
707.946 0
739.18 0
771.792 0
805.842 0
841.395 0
878.517 0
917.276 0
957.745 0
1000 0
