# First line is two numbers 
#     First value is '2', it means 'histogram mode'
#     Second value is 'Emin' of the histogram
# Other lines : 2 columns. 1) energy 2) probability (nb divided by NbEvent)
# Number of bins = 480
# Content below the first bin: 0
# Content above the last  bin: 0
# Content above the last  bin: 0
# Number of events: 209000
2 1e-06
1.04412e-06 0
1.09018e-06 0
1.13828e-06 0
1.1885e-06 0
1.24094e-06 0
1.29569e-06 0
1.35285e-06 0
1.41254e-06 0
1.47486e-06 0
1.53993e-06 0
1.60787e-06 0
1.6788e-06 0
1.75287e-06 0
1.83021e-06 0
1.91095e-06 0
1.99526e-06 0
2.08329e-06 0
2.1752e-06 0
2.27117e-06 0
2.37137e-06 0
2.476e-06 0
2.58523e-06 0
2.69929e-06 0
2.81838e-06 0
2.94273e-06 0
3.07256e-06 0
3.20812e-06 0
3.34965e-06 0
3.49744e-06 0
3.65174e-06 0
3.81285e-06 0
3.98107e-06 0
4.15671e-06 0
4.3401e-06 0
4.53158e-06 0
4.73151e-06 0
4.94026e-06 0
5.15822e-06 0
5.3858e-06 0
5.62341e-06 0
5.87151e-06 0
6.13056e-06 0
6.40103e-06 0
6.68344e-06 0
6.97831e-06 0
7.28618e-06 0
7.60764e-06 0
7.94328e-06 0
8.29373e-06 0
8.65964e-06 0
9.0417e-06 0
9.44061e-06 0
9.85712e-06 0
1.0292e-05 0
1.07461e-05 0
1.12202e-05 0
1.17152e-05 0
1.22321e-05 0
1.27717e-05 0
1.33352e-05 0
1.39236e-05 0
1.45378e-05 0
1.51792e-05 0
1.58489e-05 0
1.65482e-05 0
1.72783e-05 0
1.80406e-05 0
1.88365e-05 0
1.96675e-05 0
2.05353e-05 0
2.14412e-05 0
2.23872e-05 0
2.33749e-05 0
2.44062e-05 0
2.5483e-05 0
2.66073e-05 0
2.77811e-05 0
2.90068e-05 0
3.02866e-05 0
3.16228e-05 0
3.30179e-05 0
3.44747e-05 0
3.59956e-05 0
3.75837e-05 0
3.92419e-05 0
4.09732e-05 0
4.27809e-05 0
4.46684e-05 0
4.66391e-05 0
4.86968e-05 0
5.08452e-05 0
5.30884e-05 0
5.54307e-05 0
5.78762e-05 0
6.04296e-05 0
6.30957e-05 0
6.58795e-05 0
6.8786e-05 0
7.18208e-05 0
7.49894e-05 0
7.82979e-05 0
8.17523e-05 0
8.53591e-05 0
8.91251e-05 0
9.30572e-05 0
9.71628e-05 0
0.00010145 0
0.000105925 0
0.000110599 0
0.000115478 0
0.000120573 0
0.000125893 0
0.000131447 0
0.000137246 0
0.000143301 0
0.000149624 0
0.000156225 0
0.000163117 0
0.000170314 0
0.000177828 0
0.000185674 0
0.000193865 0
0.000202418 0
0.000211349 0
0.000220673 0
0.000230409 0
0.000240575 0
0.000251189 0
0.000262271 0
0.000273842 0
0.000285924 0
0.000298538 0
0.000311709 0
0.000325462 0
0.000339821 0
0.000354813 0
0.000370467 0
0.000386812 0
0.000403878 0
0.000421697 0
0.000440301 0
0.000459727 0
0.00048001 0
0.000501187 0
0.000523299 0
0.000546387 0
0.000570493 0
0.000595662 0
0.000621942 0
0.000649382 0
0.000678032 0
0.000707946 0
0.00073918 0
0.000771792 0
0.000805842 0
0.000841395 0
0.000878517 0
0.000917276 0
0.000957745 0
0.001 0
0.00104412 0
0.00109018 0
0.00113828 0
0.0011885 0
0.00124094 0
0.00129569 0
0.00135285 0
0.00141254 0
0.00147486 0
0.00153993 0
0.00160787 0
0.0016788 0
0.00175287 0
0.00183021 0
0.00191095 0
0.00199526 0
0.00208329 0
0.0021752 0
0.00227117 0
0.00237137 0
0.002476 0
0.00258523 0
0.00269929 0
0.00281838 0
0.00294273 0
0.00307256 0
0.00320812 0
0.00334965 0
0.00349744 0
0.00365174 0
0.00381285 0
0.00398107 0
0.00415671 0
0.0043401 0
0.00453158 0
0.00473151 0
0.00494026 0
0.00515822 0
0.0053858 0
0.00562341 0
0.00587151 0
0.00613056 0
0.00640103 0
0.00668344 0
0.00697831 0
0.00728618 0
0.00760764 0
0.00794328 0
0.00829373 0
0.00865964 0
0.0090417 0
0.00944061 60.4126
0.00985712 0
0.010292 0
0.0107461 0
0.0112202 0
0.0117152 0
0.0122321 0
0.0127717 115.222
0.0133352 0
0.0139236 90.7177
0.0145378 112.87
0.0151792 116.665
0.0158489 0
0.0165482 0
0.0172783 15.2294
0.0180406 46.6934
0.0188365 66.3712
0.0196675 0
0.0205353 88.0419
0.0214412 0
0.0223872 144.35
0.0233749 0
0.0244062 160.566
0.025483 0
0.0266073 128.457
0.0277811 281.303
0.0290068 189.507
0.0302866 0
0.0316228 0
0.0330179 0
0.0344747 56.8923
0.0359956 128.619
0.0375837 87.3043
0.0392419 139.325
0.0409732 146.642
0.0427809 239.242
0.0446684 136.262
0.0466391 0
0.0486968 8.30298
0.0508452 341.942
0.0530884 0
0.0554307 285.204
0.0578762 207.036
0.0604296 227.256
0.0630957 111.249
0.0658795 250.788
0.068786 354.898
0.0718208 256.368
0.0749894 179.405
0.0782979 304.482
0.0817523 372.511
0.0853591 0
0.0891251 471.481
0.0930572 140.424
0.0971628 245.478
0.10145 412.261
0.105925 339.696
0.110599 211.219
0.115478 488.348
0.120573 562.107
0.125893 584.136
0.131447 311.134
0.137246 198.647
0.143301 583.497
0.149624 963.341
0.156225 175.657
0.163117 645.517
0.170314 486.288
0.177828 746.562
0.185674 793.191
0.193865 503.345
0.202418 700.89
0.211349 298.98
0.220673 736.946
0.230409 724.71
0.240575 498.74
0.251189 557.506
0.262271 584.62
0.273842 788.134
0.285924 898.886
0.298538 565.722
0.311709 533.191
0.325462 606.622
0.339821 492.396
0.354813 1148.53
0.370467 1453.97
0.386812 429.473
0.403878 886.778
0.421697 932.49
0.440301 897.529
0.459727 743.522
0.48001 648.199
0.501187 583.541
0.523299 733.694
0.546387 421.55
0.570493 777.558
0.595662 850.965
0.621942 774.635
0.649382 864.591
0.678032 553.422
0.707946 841.284
0.73918 601.652
0.771792 550.226
0.805842 602.256
0.841395 196.109
0.878517 27.6762
0.917276 266.68
0.957745 228.794
1 419.979
1.04412 423.7
1.09018 452.763
1.13828 257.385
1.1885 614.538
1.24094 413.808
1.29569 134.004
1.35285 409.631
1.41254 416.255
1.47486 473.213
1.53993 294.534
1.60787 93.9061
1.6788 75.8099
1.75287 0
1.83021 388.754
1.91095 313.104
1.99526 139.503
2.08329 207.595
2.1752 227.696
2.27117 111.501
2.37137 132.133
2.476 265.692
2.58523 609.917
2.69929 175.188
2.81838 195.333
2.94273 96.9267
3.07256 84.9345
3.20812 351.355
3.34965 233.682
3.49744 0
3.65174 263.291
3.81285 0
3.98107 106.064
4.15671 0
4.3401 162.02
4.53158 146.097
4.73151 0
4.94026 308.935
5.15822 132.916
5.3858 34.6984
5.62341 107.889
5.87151 12.1963
6.13056 152.085
6.40103 193.966
6.68344 30.4914
6.97831 117.705
7.28618 0
7.60764 0
7.94328 0
8.29373 205.105
8.65964 79.5552
9.0417 81.4037
9.44061 0
9.85712 0
10.292 70.8606
10.7461 0
11.2202 190.317
11.7152 0
12.2321 111.116
12.7717 110.513
13.3352 0
13.9236 190.465
14.5378 100.57
15.1792 0
15.8489 0
16.5482 0
17.2783 115.439
18.0406 146.114
18.8365 50.178
19.6675 0
20.5353 87.369
21.4412 0
22.3872 221.119
23.3749 0
24.4062 85.5673
25.483 132.459
26.6073 0
27.7811 120.548
29.0068 104.149
30.2866 0
31.6228 245.479
33.0179 0
34.4747 77.9694
35.9956 41.2883
37.5837 139.696
39.2419 113.482
40.9732 112.373
42.7809 111.394
44.6684 104.572
46.6391 77.5965
48.6968 0
50.8452 26.8135
53.0884 0
55.4307 207.578
57.8762 231.228
60.4296 201.846
63.0957 0
65.8795 125.179
68.786 43.4499
71.8208 231.126
74.9894 112.56
78.2979 111.944
81.7523 205.04
85.3591 112.169
89.1251 115.823
93.0572 73.4253
97.1628 96.9792
101.45 84.083
105.925 0
110.599 0
115.478 0
120.573 74.7946
125.893 0
131.447 110.314
137.246 124.399
143.301 0
149.624 0
156.225 0
163.117 0
170.314 0
177.828 0
185.674 0
193.865 0
202.418 0
211.349 203.185
220.673 0
230.409 100.107
240.575 219.456
251.189 0
262.271 0
273.842 0
285.924 77.6309
298.538 0
311.709 0
325.462 0
339.821 0
354.813 0
370.467 0
386.812 0
403.878 0
421.697 0
440.301 0
459.727 0
480.01 0
501.187 0
523.299 0
546.387 0
570.493 0
595.662 0
621.942 0
649.382 0
678.032 0
707.946 0
739.18 0
771.792 0
805.842 0
841.395 0
878.517 0
917.276 0
957.745 0
1000 0
