# First line is two numbers 
#     First value is '2', it means 'histogram mode'
#     Second value is 'Emin' of the histogram
# Other lines : 2 columns. 1) energy 2) probability (nb divided by NbEvent)
# Number of bins = 480
# Content below the first bin: 0
# Content above the last  bin: 0
# Content above the last  bin: 0
# Number of events: 209000
2 1e-06
1.04412e-06 0
1.09018e-06 0
1.13828e-06 0
1.1885e-06 0
1.24094e-06 0
1.29569e-06 0
1.35285e-06 0
1.41254e-06 0
1.47486e-06 0
1.53993e-06 0
1.60787e-06 0
1.6788e-06 0
1.75287e-06 0
1.83021e-06 0
1.91095e-06 0
1.99526e-06 0
2.08329e-06 0
2.1752e-06 0
2.27117e-06 0
2.37137e-06 0
2.476e-06 0
2.58523e-06 0
2.69929e-06 0
2.81838e-06 0
2.94273e-06 0
3.07256e-06 0
3.20812e-06 0
3.34965e-06 0
3.49744e-06 0
3.65174e-06 0
3.81285e-06 0
3.98107e-06 0
4.15671e-06 0
4.3401e-06 0
4.53158e-06 0
4.73151e-06 0
4.94026e-06 0
5.15822e-06 0
5.3858e-06 0
5.62341e-06 0
5.87151e-06 0
6.13056e-06 0
6.40103e-06 0
6.68344e-06 0
6.97831e-06 0
7.28618e-06 0
7.60764e-06 0
7.94328e-06 0
8.29373e-06 0
8.65964e-06 0
9.0417e-06 0
9.44061e-06 0
9.85712e-06 0
1.0292e-05 0
1.07461e-05 0
1.12202e-05 0
1.17152e-05 0
1.22321e-05 0
1.27717e-05 0
1.33352e-05 0
1.39236e-05 0
1.45378e-05 0
1.51792e-05 0
1.58489e-05 0
1.65482e-05 0
1.72783e-05 0
1.80406e-05 0
1.88365e-05 0
1.96675e-05 0
2.05353e-05 0
2.14412e-05 0
2.23872e-05 0
2.33749e-05 0
2.44062e-05 0
2.5483e-05 0
2.66073e-05 0
2.77811e-05 0
2.90068e-05 0
3.02866e-05 0
3.16228e-05 0
3.30179e-05 0
3.44747e-05 0
3.59956e-05 0
3.75837e-05 0
3.92419e-05 0
4.09732e-05 0
4.27809e-05 0
4.46684e-05 0
4.66391e-05 0
4.86968e-05 0
5.08452e-05 0
5.30884e-05 0
5.54307e-05 0
5.78762e-05 0
6.04296e-05 0
6.30957e-05 0
6.58795e-05 0
6.8786e-05 0
7.18208e-05 0
7.49894e-05 0
7.82979e-05 0
8.17523e-05 0
8.53591e-05 0
8.91251e-05 0
9.30572e-05 0
9.71628e-05 0
0.00010145 0
0.000105925 0
0.000110599 0
0.000115478 0
0.000120573 0
0.000125893 0
0.000131447 0
0.000137246 0
0.000143301 0
0.000149624 0
0.000156225 0
0.000163117 0
0.000170314 0
0.000177828 0
0.000185674 0
0.000193865 0
0.000202418 0
0.000211349 0
0.000220673 0
0.000230409 0
0.000240575 0
0.000251189 0
0.000262271 0
0.000273842 0
0.000285924 0
0.000298538 0
0.000311709 0
0.000325462 0
0.000339821 0
0.000354813 0
0.000370467 0
0.000386812 0
0.000403878 0
0.000421697 0
0.000440301 0
0.000459727 0
0.00048001 0
0.000501187 0
0.000523299 0
0.000546387 0
0.000570493 0
0.000595662 0
0.000621942 0
0.000649382 0
0.000678032 0
0.000707946 0
0.00073918 0
0.000771792 0
0.000805842 0
0.000841395 0
0.000878517 0
0.000917276 0
0.000957745 0
0.001 0
0.00104412 0
0.00109018 0
0.00113828 0
0.0011885 0
0.00124094 0
0.00129569 0
0.00135285 0
0.00141254 0
0.00147486 0
0.00153993 0
0.00160787 0
0.0016788 0
0.00175287 0
0.00183021 0
0.00191095 0
0.00199526 0
0.00208329 0
0.0021752 0
0.00227117 0
0.00237137 0
0.002476 0
0.00258523 0
0.00269929 0
0.00281838 0
0.00294273 0
0.00307256 0
0.00320812 0
0.00334965 0
0.00349744 0
0.00365174 0
0.00381285 0
0.00398107 0
0.00415671 0
0.0043401 107.518
0.00453158 0
0.00473151 0
0.00494026 0
0.00515822 0
0.0053858 3.74028
0.00562341 0
0.00587151 0
0.00613056 0
0.00640103 0
0.00668344 0
0.00697831 67.5726
0.00728618 0
0.00760764 0
0.00794328 0
0.00829373 0
0.00865964 0
0.0090417 115.493
0.00944061 0
0.00985712 0
0.010292 0
0.0107461 0
0.0112202 0
0.0117152 0
0.0122321 0
0.0127717 115.218
0.0133352 0
0.0139236 89.2039
0.0145378 101.728
0.0151792 0
0.0158489 0
0.0165482 0
0.0172783 0
0.0180406 0
0.0188365 0
0.0196675 48.1361
0.0205353 0
0.0214412 43.9859
0.0223872 68.4884
0.0233749 206.971
0.0244062 209.714
0.025483 74.1603
0.0266073 183.531
0.0277811 162.526
0.0290068 105.107
0.0302866 105.018
0.0316228 387.109
0.0330179 175.469
0.0344747 0
0.0359956 95.5556
0.0375837 182.885
0.0392419 446.361
0.0409732 154.453
0.0427809 178.591
0.0446684 265.618
0.0466391 321.141
0.0486968 395.704
0.0508452 177.818
0.0530884 172.715
0.0554307 805.707
0.0578762 178.939
0.0604296 388.916
0.0630957 251.736
0.0658795 727.571
0.068786 421.424
0.0718208 82.7144
0.0749894 413.802
0.0782979 0
0.0817523 640.421
0.0853591 367.797
0.0891251 321.13
0.0930572 270.876
0.0971628 570.866
0.10145 339.13
0.105925 578.433
0.110599 644.777
0.115478 719.696
0.120573 333.908
0.125893 714.01
0.131447 543.594
0.137246 614.949
0.143301 940.84
0.149624 555.074
0.156225 994.704
0.163117 236.875
0.170314 1059.22
0.177828 713.08
0.185674 1418.68
0.193865 543.184
0.202418 1317.65
0.211349 892.248
0.220673 438.122
0.230409 714.482
0.240575 759.268
0.251189 502.867
0.262271 708.878
0.273842 972.224
0.285924 1059.63
0.298538 816.439
0.311709 549.958
0.325462 1022.24
0.339821 766.146
0.354813 715.965
0.370467 1234.11
0.386812 912.583
0.403878 1236.09
0.421697 769.33
0.440301 859.338
0.459727 373.08
0.48001 538.536
0.501187 997.748
0.523299 815.213
0.546387 492.25
0.570493 320.739
0.595662 1035.48
0.621942 563.445
0.649382 842.953
0.678032 317.1
0.707946 645.232
0.73918 569.537
0.771792 687.243
0.805842 602.932
0.841395 978.497
0.878517 778.867
0.917276 956.548
0.957745 461.199
1 163.569
1.04412 870.535
1.09018 241.663
1.13828 840.807
1.1885 309.499
1.24094 480.447
1.29569 635.211
1.35285 402.9
1.41254 726.529
1.47486 301.011
1.53993 276.424
1.60787 369.561
1.6788 269.343
1.75287 365.154
1.83021 323.688
1.91095 316.126
1.99526 77.5362
2.08329 232.215
2.1752 155.398
2.27117 50.9939
2.37137 286.997
2.476 162.176
2.58523 176.395
2.69929 314.476
2.81838 288.4
2.94273 380.734
3.07256 176.499
3.20812 433.495
3.34965 347.507
3.49744 390.689
3.65174 293.727
3.81285 73.7442
3.98107 326.717
4.15671 28.6462
4.3401 193.304
4.53158 366.451
4.73151 59.7308
4.94026 97.6433
5.15822 84.5059
5.3858 207.686
5.62341 29.7791
5.87151 0
6.13056 0
6.40103 101.701
6.68344 156.477
6.97831 0
7.28618 226.578
7.60764 122.502
7.94328 0
8.29373 219.202
8.65964 212.316
9.0417 94.0803
9.44061 165.161
9.85712 43.3781
10.292 0
10.7461 110.355
11.2202 107.578
11.7152 90.6237
12.2321 0
12.7717 0
13.3352 39.8433
13.9236 87.94
14.5378 119.168
15.1792 0
15.8489 91.8195
16.5482 90.9739
17.2783 100.987
18.0406 39.1015
18.8365 109.312
19.6675 166.801
20.5353 0
21.4412 128.832
22.3872 103.756
23.3749 33.5101
24.4062 58.9486
25.483 0
26.6073 227.451
27.7811 152.916
29.0068 159.02
30.2866 306.129
31.6228 0
33.0179 271.178
34.4747 76.6308
35.9956 0
37.5837 0
39.2419 0
40.9732 195.082
42.7809 0
44.6684 373.124
46.6391 209.58
48.6968 324.65
50.8452 151.51
53.0884 0
55.4307 242.548
57.8762 218.202
60.4296 333.856
63.0957 301.196
65.8795 148.6
68.786 79.8621
71.8208 78.9526
74.9894 326.699
78.2979 177.062
81.7523 175.057
85.3591 142.198
89.1251 0
93.0572 60.78
97.1628 211.448
101.45 148.736
105.925 192.715
110.599 513.999
115.478 124.691
120.573 40.5459
125.893 178.409
131.447 491.025
137.246 289.769
143.301 295.759
149.624 416.154
156.225 356.517
163.117 173.507
170.314 37.2541
177.828 0
185.674 130.883
193.865 360.707
202.418 89.2195
211.349 250.28
220.673 99.6185
230.409 288.187
240.575 429.866
251.189 295.306
262.271 215.077
273.842 115.111
285.924 0
298.538 94.8537
311.709 68.0364
325.462 0
339.821 111.273
354.813 313.644
370.467 0
386.812 0
403.878 0
421.697 0
440.301 0
459.727 0
480.01 0
501.187 0
523.299 0
546.387 0
570.493 0
595.662 0
621.942 0
649.382 0
678.032 0
707.946 0
739.18 0
771.792 0
805.842 0
841.395 0
878.517 0
917.276 0
957.745 0
1000 0
