# First line is two numbers 
#     First value is '2', it means 'histogram mode'
#     Second value is 'Emin' of the histogram
# Other lines : 2 columns. 1) energy 2) probability (nb divided by NbEvent)
# Number of bins = 480
# Content below the first bin: 0
# Content above the last  bin: 0
# Content above the last  bin: 0
# Number of events: 209000
2 1e-06
1.04412e-06 0
1.09018e-06 0
1.13828e-06 0
1.1885e-06 0
1.24094e-06 0
1.29569e-06 0
1.35285e-06 0
1.41254e-06 0
1.47486e-06 0
1.53993e-06 0
1.60787e-06 0
1.6788e-06 0
1.75287e-06 0
1.83021e-06 0
1.91095e-06 0
1.99526e-06 0
2.08329e-06 0
2.1752e-06 0
2.27117e-06 0
2.37137e-06 0
2.476e-06 0
2.58523e-06 0
2.69929e-06 0
2.81838e-06 0
2.94273e-06 0
3.07256e-06 0
3.20812e-06 0
3.34965e-06 0
3.49744e-06 0
3.65174e-06 0
3.81285e-06 0
3.98107e-06 0
4.15671e-06 0
4.3401e-06 0
4.53158e-06 0
4.73151e-06 0
4.94026e-06 0
5.15822e-06 0
5.3858e-06 0
5.62341e-06 0
5.87151e-06 0
6.13056e-06 0
6.40103e-06 0
6.68344e-06 0
6.97831e-06 0
7.28618e-06 0
7.60764e-06 0
7.94328e-06 0
8.29373e-06 0
8.65964e-06 0
9.0417e-06 0
9.44061e-06 0
9.85712e-06 0
1.0292e-05 0
1.07461e-05 0
1.12202e-05 0
1.17152e-05 0
1.22321e-05 0
1.27717e-05 0
1.33352e-05 0
1.39236e-05 0
1.45378e-05 0
1.51792e-05 0
1.58489e-05 0
1.65482e-05 0
1.72783e-05 0
1.80406e-05 0
1.88365e-05 0
1.96675e-05 0
2.05353e-05 0
2.14412e-05 0
2.23872e-05 0
2.33749e-05 0
2.44062e-05 0
2.5483e-05 0
2.66073e-05 0
2.77811e-05 0
2.90068e-05 0
3.02866e-05 0
3.16228e-05 0
3.30179e-05 0
3.44747e-05 0
3.59956e-05 0
3.75837e-05 0
3.92419e-05 0
4.09732e-05 0
4.27809e-05 0
4.46684e-05 0
4.66391e-05 0
4.86968e-05 0
5.08452e-05 0
5.30884e-05 0
5.54307e-05 0
5.78762e-05 0
6.04296e-05 0
6.30957e-05 0
6.58795e-05 0
6.8786e-05 0
7.18208e-05 0
7.49894e-05 0
7.82979e-05 0
8.17523e-05 0
8.53591e-05 0
8.91251e-05 0
9.30572e-05 0
9.71628e-05 0
0.00010145 0
0.000105925 0
0.000110599 0
0.000115478 0
0.000120573 0
0.000125893 0
0.000131447 0
0.000137246 0
0.000143301 0
0.000149624 0
0.000156225 0
0.000163117 0
0.000170314 0
0.000177828 0
0.000185674 0
0.000193865 0
0.000202418 0
0.000211349 0
0.000220673 0
0.000230409 0
0.000240575 0
0.000251189 0
0.000262271 0
0.000273842 0
0.000285924 0
0.000298538 0
0.000311709 0
0.000325462 0
0.000339821 0
0.000354813 0
0.000370467 0
0.000386812 0
0.000403878 0
0.000421697 0
0.000440301 0
0.000459727 0
0.00048001 0
0.000501187 0
0.000523299 0
0.000546387 0
0.000570493 0
0.000595662 0
0.000621942 0
0.000649382 0
0.000678032 0
0.000707946 0
0.00073918 0
0.000771792 0
0.000805842 0
0.000841395 0
0.000878517 0
0.000917276 0
0.000957745 0
0.001 0
0.00104412 0
0.00109018 0
0.00113828 0
0.0011885 0
0.00124094 0
0.00129569 0
0.00135285 0
0.00141254 0
0.00147486 82.9217
0.00153993 0
0.00160787 0
0.0016788 0
0.00175287 0
0.00183021 0
0.00191095 0
0.00199526 0
0.00208329 0
0.0021752 0
0.00227117 0
0.00237137 0
0.002476 0
0.00258523 0
0.00269929 0
0.00281838 0
0.00294273 0
0.00307256 0
0.00320812 0
0.00334965 0
0.00349744 0
0.00365174 0
0.00381285 0
0.00398107 0
0.00415671 0
0.0043401 0
0.00453158 52.109
0.00473151 0
0.00494026 0
0.00515822 0
0.0053858 96.9652
0.00562341 0
0.00587151 104.751
0.00613056 0
0.00640103 0
0.00668344 0
0.00697831 0
0.00728618 0
0.00760764 0
0.00794328 0
0.00829373 0
0.00865964 0
0.0090417 88.9798
0.00944061 0
0.00985712 0
0.010292 0
0.0107461 112.313
0.0112202 33.447
0.0117152 0
0.0122321 0
0.0127717 0
0.0133352 0
0.0139236 0
0.0145378 0
0.0151792 234.051
0.0158489 0
0.0165482 0
0.0172783 34.318
0.0180406 52.5264
0.0188365 92.1145
0.0196675 0
0.0205353 0
0.0214412 35.64
0.0223872 0
0.0233749 0
0.0244062 39.0151
0.025483 109.987
0.0266073 0
0.0277811 0
0.0290068 147.849
0.0302866 115.424
0.0316228 0
0.0330179 185.189
0.0344747 96.2744
0.0359956 0
0.0375837 157.328
0.0392419 230.009
0.0409732 0
0.0427809 102.338
0.0446684 116.008
0.0466391 78.4499
0.0486968 254.087
0.0508452 360.036
0.0530884 37.1134
0.0554307 53.9302
0.0578762 254.559
0.0604296 236.883
0.0630957 151.553
0.0658795 148.46
0.068786 272.417
0.0718208 187.92
0.0749894 835.868
0.0782979 303.375
0.0817523 195.879
0.0853591 298.954
0.0891251 419.546
0.0930572 547.177
0.0971628 662.477
0.10145 202.628
0.105925 419.57
0.110599 738.445
0.115478 834.976
0.120573 249.788
0.125893 1059.94
0.131447 870.91
0.137246 870.525
0.143301 292.116
0.149624 349.587
0.156225 1163.52
0.163117 449.626
0.170314 584.639
0.177828 1046.7
0.185674 868.776
0.193865 654.97
0.202418 740.096
0.211349 342.93
0.220673 634.356
0.230409 821.195
0.240575 716.906
0.251189 650.143
0.262271 1647.61
0.273842 577.682
0.285924 1192.31
0.298538 1047.68
0.311709 594.086
0.325462 485.018
0.339821 849.537
0.354813 544.213
0.370467 715.769
0.386812 652.79
0.403878 843.24
0.421697 1228.78
0.440301 474.7
0.459727 1528.73
0.48001 912.191
0.501187 687.322
0.523299 637.105
0.546387 482.846
0.570493 550.57
0.595662 1077.88
0.621942 646.961
0.649382 657.925
0.678032 699.186
0.707946 589.839
0.73918 670.25
0.771792 928.56
0.805842 782.475
0.841395 840.184
0.878517 532.697
0.917276 664.176
0.957745 791.088
1 475.941
1.04412 738.858
1.09018 265.8
1.13828 495.318
1.1885 490.365
1.24094 174.209
1.29569 267.181
1.35285 154.898
1.41254 314.788
1.47486 406.615
1.53993 355.374
1.60787 166.678
1.6788 234.489
1.75287 498.655
1.83021 0
1.91095 183.42
1.99526 135.363
2.08329 481.065
2.1752 375.881
2.27117 253.585
2.37137 53.0083
2.476 234.025
2.58523 82.8383
2.69929 361.636
2.81838 52.5209
2.94273 372.529
3.07256 278.025
3.20812 436.789
3.34965 102.144
3.49744 198.735
3.65174 151.031
3.81285 197.727
3.98107 266.387
4.15671 216.513
4.3401 233.951
4.53158 0
4.73151 0
4.94026 89.2159
5.15822 0
5.3858 144.622
5.62341 113.7
5.87151 0
6.13056 65.622
6.40103 250.509
6.68344 113.097
6.97831 23.6902
7.28618 0
7.60764 116.375
7.94328 0
8.29373 385.789
8.65964 122.919
9.0417 334.02
9.44061 65.491
9.85712 258.419
10.292 56.3083
10.7461 117.864
11.2202 0
11.7152 82.325
12.2321 0
12.7717 119.859
13.3352 226.907
13.9236 0
14.5378 0
15.1792 47.0749
15.8489 0
16.5482 0
17.2783 101.236
18.0406 121.534
18.8365 250.735
19.6675 0
20.5353 106.185
21.4412 210.245
22.3872 0
23.3749 218.491
24.4062 36.8537
25.483 82.4977
26.6073 242.549
27.7811 183.687
29.0068 119.662
30.2866 85.9389
31.6228 0
33.0179 0
34.4747 32.3387
35.9956 0
37.5837 183.422
39.2419 0
40.9732 0
42.7809 67.7016
44.6684 304.038
46.6391 229.359
48.6968 414.435
50.8452 506.502
53.0884 281.607
55.4307 193.041
57.8762 193.988
60.4296 106.066
63.0957 209.384
65.8795 0
68.786 133.819
71.8208 595.542
74.9894 217.55
78.2979 207.134
81.7523 189.027
85.3591 0
89.1251 279.609
93.0572 56.3622
97.1628 361.052
101.45 119.011
105.925 270.169
110.599 186.264
115.478 0
120.573 305.94
125.893 0
131.447 490.359
137.246 74.9224
143.301 204.035
149.624 84.6701
156.225 74.3358
163.117 272.437
170.314 194.281
177.828 49.4069
185.674 0
193.865 291.14
202.418 189.883
211.349 232.35
220.673 75.8245
230.409 565.092
240.575 192.382
251.189 172.136
262.271 246.248
273.842 0
285.924 0
298.538 0
311.709 111.5
325.462 163.192
339.821 70.0356
354.813 72.5559
370.467 66.1357
386.812 0
403.878 0
421.697 0
440.301 0
459.727 0
480.01 0
501.187 0
523.299 0
546.387 0
570.493 0
595.662 0
621.942 0
649.382 0
678.032 0
707.946 0
739.18 0
771.792 0
805.842 0
841.395 0
878.517 0
917.276 0
957.745 0
1000 0
