# First line is two numbers 
#     First value is '2', it means 'histogram mode'
#     Second value is 'Emin' of the histogram
# Other lines : 2 columns. 1) energy 2) probability (nb divided by NbEvent)
# Number of bins = 480
# Content below the first bin: 0
# Content above the last  bin: 0
# Content above the last  bin: 0
# Number of events: 209000
2 1e-06
1.04412e-06 0
1.09018e-06 0
1.13828e-06 0
1.1885e-06 0
1.24094e-06 0
1.29569e-06 0
1.35285e-06 0
1.41254e-06 0
1.47486e-06 0
1.53993e-06 0
1.60787e-06 0
1.6788e-06 0
1.75287e-06 0
1.83021e-06 0
1.91095e-06 0
1.99526e-06 0
2.08329e-06 0
2.1752e-06 0
2.27117e-06 0
2.37137e-06 0
2.476e-06 0
2.58523e-06 0
2.69929e-06 0
2.81838e-06 0
2.94273e-06 0
3.07256e-06 0
3.20812e-06 0
3.34965e-06 0
3.49744e-06 0
3.65174e-06 0
3.81285e-06 0
3.98107e-06 0
4.15671e-06 0
4.3401e-06 0
4.53158e-06 0
4.73151e-06 0
4.94026e-06 0
5.15822e-06 0
5.3858e-06 0
5.62341e-06 0
5.87151e-06 0
6.13056e-06 0
6.40103e-06 0
6.68344e-06 0
6.97831e-06 0
7.28618e-06 0
7.60764e-06 0
7.94328e-06 0
8.29373e-06 0
8.65964e-06 0
9.0417e-06 0
9.44061e-06 0
9.85712e-06 0
1.0292e-05 0
1.07461e-05 0
1.12202e-05 0
1.17152e-05 0
1.22321e-05 0
1.27717e-05 0
1.33352e-05 0
1.39236e-05 0
1.45378e-05 0
1.51792e-05 0
1.58489e-05 0
1.65482e-05 0
1.72783e-05 0
1.80406e-05 0
1.88365e-05 0
1.96675e-05 0
2.05353e-05 0
2.14412e-05 0
2.23872e-05 0
2.33749e-05 0
2.44062e-05 0
2.5483e-05 0
2.66073e-05 0
2.77811e-05 0
2.90068e-05 0
3.02866e-05 0
3.16228e-05 0
3.30179e-05 0
3.44747e-05 0
3.59956e-05 0
3.75837e-05 0
3.92419e-05 0
4.09732e-05 0
4.27809e-05 0
4.46684e-05 0
4.66391e-05 0
4.86968e-05 0
5.08452e-05 0
5.30884e-05 0
5.54307e-05 0
5.78762e-05 0
6.04296e-05 0
6.30957e-05 0
6.58795e-05 0
6.8786e-05 0
7.18208e-05 0
7.49894e-05 0
7.82979e-05 0
8.17523e-05 0
8.53591e-05 0
8.91251e-05 0
9.30572e-05 0
9.71628e-05 0
0.00010145 0
0.000105925 0
0.000110599 0
0.000115478 0
0.000120573 0
0.000125893 0
0.000131447 0
0.000137246 0
0.000143301 0
0.000149624 0
0.000156225 0
0.000163117 0
0.000170314 0
0.000177828 0
0.000185674 0
0.000193865 0
0.000202418 0
0.000211349 0
0.000220673 0
0.000230409 0
0.000240575 0
0.000251189 0
0.000262271 0
0.000273842 0
0.000285924 0
0.000298538 0
0.000311709 0
0.000325462 0
0.000339821 0
0.000354813 0
0.000370467 0
0.000386812 0
0.000403878 0
0.000421697 0
0.000440301 0
0.000459727 0
0.00048001 0
0.000501187 0
0.000523299 0
0.000546387 0
0.000570493 0
0.000595662 0
0.000621942 0
0.000649382 0
0.000678032 0
0.000707946 0
0.00073918 0
0.000771792 0
0.000805842 0
0.000841395 0
0.000878517 0
0.000917276 0
0.000957745 0
0.001 0
0.00104412 0
0.00109018 0
0.00113828 0
0.0011885 0
0.00124094 0
0.00129569 0
0.00135285 0
0.00141254 0
0.00147486 0
0.00153993 0
0.00160787 0
0.0016788 0
0.00175287 0
0.00183021 0
0.00191095 0
0.00199526 0
0.00208329 0
0.0021752 0
0.00227117 0
0.00237137 0
0.002476 0
0.00258523 0
0.00269929 0
0.00281838 0
0.00294273 0
0.00307256 0
0.00320812 0
0.00334965 0
0.00349744 0
0.00365174 0
0.00381285 0
0.00398107 0
0.00415671 0
0.0043401 0
0.00453158 63.5004
0.00473151 0
0.00494026 0
0.00515822 0
0.0053858 0
0.00562341 0
0.00587151 0
0.00613056 0
0.00640103 0
0.00668344 0
0.00697831 0
0.00728618 0
0.00760764 0
0.00794328 0
0.00829373 0
0.00865964 0
0.0090417 0
0.00944061 0
0.00985712 0
0.010292 0
0.0107461 104.219
0.0112202 0
0.0117152 0
0.0122321 0
0.0127717 0
0.0133352 100.656
0.0139236 85.9214
0.0145378 0
0.0151792 0
0.0158489 0
0.0165482 212.22
0.0172783 0
0.0180406 0
0.0188365 0
0.0196675 0
0.0205353 0
0.0214412 94.663
0.0223872 29.6251
0.0233749 0
0.0244062 75.5138
0.025483 105.773
0.0266073 228.807
0.0277811 92.939
0.0290068 99.7153
0.0302866 113.761
0.0316228 114.486
0.0330179 28.8576
0.0344747 90.9406
0.0359956 135.22
0.0375837 62.5772
0.0392419 284.273
0.0409732 80.4682
0.0427809 327.258
0.0446684 309.272
0.0466391 0
0.0486968 200.044
0.0508452 236.999
0.0530884 329.145
0.0554307 227.979
0.0578762 157.194
0.0604296 133.323
0.0630957 346.482
0.0658795 371.197
0.068786 0
0.0718208 269.632
0.0749894 231.459
0.0782979 762.544
0.0817523 0
0.0853591 597.565
0.0891251 743.223
0.0930572 349.23
0.0971628 383.441
0.10145 369.837
0.105925 628.118
0.110599 630.681
0.115478 577.296
0.120573 366.935
0.125893 477.013
0.131447 733.065
0.137246 561.421
0.143301 729.608
0.149624 549.763
0.156225 541.922
0.163117 989.983
0.170314 319.344
0.177828 431.422
0.185674 900.52
0.193865 821.13
0.202418 852.472
0.211349 448.632
0.220673 660.577
0.230409 498.278
0.240575 1451.72
0.251189 693.24
0.262271 606.894
0.273842 1153.11
0.285924 520.577
0.298538 908.313
0.311709 631.661
0.325462 262.871
0.339821 1083.98
0.354813 1416.3
0.370467 1046.61
0.386812 979.709
0.403878 921.156
0.421697 903.092
0.440301 1194.16
0.459727 985.76
0.48001 784.647
0.501187 1347.98
0.523299 858.689
0.546387 955.865
0.570493 1017.97
0.595662 516.472
0.621942 895.02
0.649382 1013.25
0.678032 460.383
0.707946 803.648
0.73918 902.861
0.771792 814.396
0.805842 692.064
0.841395 795.608
0.878517 853.134
0.917276 1164.21
0.957745 438.606
1 990.476
1.04412 324.041
1.09018 473.443
1.13828 249.756
1.1885 607.768
1.24094 263.4
1.29569 414.589
1.35285 442.154
1.41254 387.022
1.47486 477.491
1.53993 730.947
1.60787 388.11
1.6788 544.274
1.75287 231.627
1.83021 98.1453
1.91095 134.43
1.99526 68.2469
2.08329 329.388
2.1752 431.8
2.27117 136.224
2.37137 286.546
2.476 508.564
2.58523 367.337
2.69929 257.992
2.81838 52.5582
2.94273 401.118
3.07256 72.6493
3.20812 372.678
3.34965 152.869
3.49744 239.245
3.65174 204.277
3.81285 168.96
3.98107 0
4.15671 268.722
4.3401 390.594
4.53158 64.5677
4.73151 163.902
4.94026 175.063
5.15822 108.771
5.3858 0
5.62341 77.5659
5.87151 460.625
6.13056 0
6.40103 256.603
6.68344 171.711
6.97831 50.8755
7.28618 69.7762
7.60764 61.8719
7.94328 137.294
8.29373 107.944
8.65964 86.2915
9.0417 0
9.44061 251.773
9.85712 0
10.292 211.247
10.7461 219.155
11.2202 133.303
11.7152 0
12.2321 86.0052
12.7717 95.3048
13.3352 92.0812
13.9236 278.033
14.5378 156.352
15.1792 184.317
15.8489 0
16.5482 116.208
17.2783 106.963
18.0406 106.907
18.8365 0
19.6675 137.002
20.5353 118.404
21.4412 0
22.3872 124.773
23.3749 166.951
24.4062 170.486
25.483 72.9129
26.6073 0
27.7811 101.566
29.0068 0
30.2866 96.6812
31.6228 166.103
33.0179 112.939
34.4747 0
35.9956 47.2241
37.5837 173.845
39.2419 81.2551
40.9732 105.546
42.7809 268.084
44.6684 241.41
46.6391 102.914
48.6968 105.217
50.8452 70.9337
53.0884 138.641
55.4307 37.237
57.8762 127.498
60.4296 0
63.0957 257.78
65.8795 28.9245
68.786 227.533
71.8208 0
74.9894 168.959
78.2979 455.162
81.7523 51.9096
85.3591 233.571
89.1251 372.262
93.0572 40.1293
97.1628 166.965
101.45 376.259
105.925 410.93
110.599 17.9543
115.478 285.681
120.573 369.136
125.893 240.094
131.447 208.985
137.246 197.622
143.301 0
149.624 263.859
156.225 176.298
163.117 271.173
170.314 210.256
177.828 51.1048
185.674 33.6363
193.865 384.114
202.418 433.534
211.349 0
220.673 379.366
230.409 196.489
240.575 407.139
251.189 0
262.271 165.77
273.842 91.6557
285.924 0
298.538 74.3464
311.709 97.3046
325.462 0
339.821 105.427
354.813 0
370.467 27.1179
386.812 63.1246
403.878 69.3102
421.697 0
440.301 0
459.727 0
480.01 0
501.187 86.8711
523.299 0
546.387 74.3268
570.493 0
595.662 0
621.942 0
649.382 0
678.032 0
707.946 0
739.18 0
771.792 0
805.842 0
841.395 0
878.517 0
917.276 0
957.745 0
1000 0
