# First line is two numbers 
#     First value is '2', it means 'histogram mode'
#     Second value is 'Emin' of the histogram
# Other lines : 2 columns. 1) energy 2) probability (nb divided by NbEvent)
# Number of bins = 480
# Content below the first bin: 0
# Content above the last  bin: 0
# Content above the last  bin: 0
# Number of events: 209000
2 1e-06
1.04412e-06 0
1.09018e-06 0
1.13828e-06 0
1.1885e-06 0
1.24094e-06 0
1.29569e-06 0
1.35285e-06 0
1.41254e-06 0
1.47486e-06 0
1.53993e-06 0
1.60787e-06 0
1.6788e-06 0
1.75287e-06 0
1.83021e-06 0
1.91095e-06 0
1.99526e-06 0
2.08329e-06 0
2.1752e-06 0
2.27117e-06 0
2.37137e-06 0
2.476e-06 0
2.58523e-06 0
2.69929e-06 0
2.81838e-06 0
2.94273e-06 0
3.07256e-06 0
3.20812e-06 0
3.34965e-06 0
3.49744e-06 0
3.65174e-06 0
3.81285e-06 0
3.98107e-06 0
4.15671e-06 0
4.3401e-06 0
4.53158e-06 0
4.73151e-06 0
4.94026e-06 0
5.15822e-06 0
5.3858e-06 0
5.62341e-06 0
5.87151e-06 0
6.13056e-06 0
6.40103e-06 0
6.68344e-06 0
6.97831e-06 0
7.28618e-06 0
7.60764e-06 0
7.94328e-06 0
8.29373e-06 0
8.65964e-06 0
9.0417e-06 0
9.44061e-06 0
9.85712e-06 0
1.0292e-05 0
1.07461e-05 0
1.12202e-05 0
1.17152e-05 0
1.22321e-05 0
1.27717e-05 0
1.33352e-05 0
1.39236e-05 0
1.45378e-05 0
1.51792e-05 0
1.58489e-05 0
1.65482e-05 0
1.72783e-05 0
1.80406e-05 0
1.88365e-05 0
1.96675e-05 0
2.05353e-05 0
2.14412e-05 0
2.23872e-05 0
2.33749e-05 0
2.44062e-05 0
2.5483e-05 0
2.66073e-05 0
2.77811e-05 0
2.90068e-05 0
3.02866e-05 0
3.16228e-05 0
3.30179e-05 0
3.44747e-05 0
3.59956e-05 0
3.75837e-05 0
3.92419e-05 0
4.09732e-05 0
4.27809e-05 0
4.46684e-05 0
4.66391e-05 0
4.86968e-05 0
5.08452e-05 0
5.30884e-05 0
5.54307e-05 0
5.78762e-05 0
6.04296e-05 0
6.30957e-05 0
6.58795e-05 0
6.8786e-05 0
7.18208e-05 0
7.49894e-05 0
7.82979e-05 0
8.17523e-05 0
8.53591e-05 0
8.91251e-05 0
9.30572e-05 0
9.71628e-05 0
0.00010145 0
0.000105925 0
0.000110599 0
0.000115478 0
0.000120573 0
0.000125893 0
0.000131447 0
0.000137246 0
0.000143301 0
0.000149624 0
0.000156225 0
0.000163117 0
0.000170314 0
0.000177828 0
0.000185674 0
0.000193865 0
0.000202418 0
0.000211349 0
0.000220673 0
0.000230409 0
0.000240575 0
0.000251189 0
0.000262271 0
0.000273842 0
0.000285924 0
0.000298538 0
0.000311709 0
0.000325462 0
0.000339821 0
0.000354813 0
0.000370467 0
0.000386812 0
0.000403878 0
0.000421697 0
0.000440301 0
0.000459727 0
0.00048001 0
0.000501187 0
0.000523299 0
0.000546387 0
0.000570493 0
0.000595662 0
0.000621942 0
0.000649382 0
0.000678032 0
0.000707946 0
0.00073918 0
0.000771792 0
0.000805842 0
0.000841395 0
0.000878517 0
0.000917276 0
0.000957745 0
0.001 0
0.00104412 102.531
0.00109018 0
0.00113828 0
0.0011885 0
0.00124094 0
0.00129569 0
0.00135285 0
0.00141254 0
0.00147486 0
0.00153993 0
0.00160787 0
0.0016788 0
0.00175287 0
0.00183021 0
0.00191095 0
0.00199526 0
0.00208329 0
0.0021752 0
0.00227117 0
0.00237137 0
0.002476 0
0.00258523 0
0.00269929 0
0.00281838 0
0.00294273 113.913
0.00307256 0
0.00320812 0
0.00334965 0
0.00349744 0
0.00365174 115.218
0.00381285 0
0.00398107 0
0.00415671 110.233
0.0043401 0
0.00453158 0
0.00473151 0
0.00494026 0
0.00515822 0
0.0053858 0
0.00562341 0
0.00587151 0
0.00613056 0
0.00640103 0
0.00668344 0
0.00697831 0
0.00728618 112.277
0.00760764 0
0.00794328 0
0.00829373 114.88
0.00865964 112.05
0.0090417 103.618
0.00944061 43.8329
0.00985712 0
0.010292 0
0.0107461 0
0.0112202 210.562
0.0117152 224.418
0.0122321 188.784
0.0127717 171.903
0.0133352 0
0.0139236 140.888
0.0145378 187.151
0.0151792 202.165
0.0158489 443.791
0.0165482 210.008
0.0172783 404.361
0.0180406 37.8006
0.0188365 175.508
0.0196675 117.11
0.0205353 99.8427
0.0214412 437.909
0.0223872 631.836
0.0233749 265.458
0.0244062 52.1565
0.025483 92.8362
0.0266073 404.201
0.0277811 375.496
0.0290068 340.308
0.0302866 575.673
0.0316228 676.165
0.0330179 696.43
0.0344747 404.027
0.0359956 815.913
0.0375837 646.036
0.0392419 905.415
0.0409732 471.815
0.0427809 977.272
0.0446684 770.883
0.0466391 502.319
0.0486968 879.504
0.0508452 655.004
0.0530884 445.903
0.0554307 1333.74
0.0578762 725.214
0.0604296 1705.29
0.0630957 1365.91
0.0658795 1067.93
0.068786 1148.35
0.0718208 1520.66
0.0749894 1677.18
0.0782979 1351.15
0.0817523 1653.7
0.0853591 1383.24
0.0891251 1455.66
0.0930572 2679.22
0.0971628 1774.77
0.10145 1846.28
0.105925 1458.83
0.110599 1995.23
0.115478 2290.72
0.120573 2609.88
0.125893 1988.87
0.131447 2034.42
0.137246 2176.64
0.143301 2562.73
0.149624 2406.81
0.156225 3273.52
0.163117 2749.51
0.170314 2662.43
0.177828 2802.69
0.185674 2855.09
0.193865 2616.8
0.202418 2246.19
0.211349 2469.77
0.220673 1743.97
0.230409 2251.18
0.240575 3106.17
0.251189 2742
0.262271 2791.34
0.273842 2537.52
0.285924 1994.98
0.298538 2382.87
0.311709 2961.13
0.325462 2422.25
0.339821 3419.81
0.354813 3068.96
0.370467 3075.6
0.386812 3214.85
0.403878 3380.28
0.421697 2795.42
0.440301 3309.69
0.459727 3008.87
0.48001 2698.13
0.501187 3264.39
0.523299 3503.85
0.546387 2671.77
0.570493 2344.95
0.595662 3263.11
0.621942 2296.67
0.649382 3376.58
0.678032 2572.38
0.707946 2724.99
0.73918 2117.35
0.771792 2897.54
0.805842 1955.49
0.841395 2136.71
0.878517 1901.7
0.917276 1534.03
0.957745 2554.1
1 2591.82
1.04412 1508.9
1.09018 1748.88
1.13828 2129.8
1.1885 1534.61
1.24094 1956
1.29569 874.159
1.35285 1359.06
1.41254 1356.27
1.47486 1448.41
1.53993 1135.24
1.60787 753.979
1.6788 443.303
1.75287 923.642
1.83021 1482.18
1.91095 907.399
1.99526 427.357
2.08329 460.247
2.1752 1000.47
2.27117 561.752
2.37137 719.053
2.476 1409.69
2.58523 831.87
2.69929 528.554
2.81838 718.534
2.94273 290.419
3.07256 671.128
3.20812 288.282
3.34965 427.96
3.49744 476.228
3.65174 650.783
3.81285 764.338
3.98107 413.48
4.15671 167.921
4.3401 392.33
4.53158 783.374
4.73151 373.094
4.94026 628.53
5.15822 825.876
5.3858 880.657
5.62341 465.877
5.87151 94.5093
6.13056 342.14
6.40103 377.393
6.68344 480.174
6.97831 626.816
7.28618 292.807
7.60764 167.872
7.94328 172.543
8.29373 0
8.65964 105.544
9.0417 278.483
9.44061 248.195
9.85712 299.226
10.292 129.618
10.7461 63.3356
11.2202 422.753
11.7152 133.827
12.2321 307.364
12.7717 156.118
13.3352 102.518
13.9236 315.657
14.5378 130.954
15.1792 333.943
15.8489 365.124
16.5482 165.716
17.2783 324.366
18.0406 543.982
18.8365 74.9079
19.6675 242.579
20.5353 200.533
21.4412 41.8411
22.3872 428.636
23.3749 416.481
24.4062 284.347
25.483 252.854
26.6073 104.094
27.7811 165.689
29.0068 347.886
30.2866 372.798
31.6228 315.294
33.0179 422.455
34.4747 309.272
35.9956 408.521
37.5837 184.332
39.2419 340.469
40.9732 337.891
42.7809 307.87
44.6684 406.649
46.6391 243.915
48.6968 584.451
50.8452 225.13
53.0884 280.133
55.4307 624.573
57.8762 265.333
60.4296 678.342
63.0957 478.686
65.8795 330.29
68.786 157.765
71.8208 274.873
74.9894 309.336
78.2979 511.55
81.7523 120.141
85.3591 308.483
89.1251 229.43
93.0572 533.631
97.1628 253.569
101.45 322.419
105.925 260.863
110.599 406.334
115.478 415.792
120.573 476.998
125.893 480.009
131.447 580.791
137.246 156.178
143.301 148.996
149.624 522.116
156.225 255.207
163.117 243.911
170.314 110.55
177.828 266.648
185.674 375.543
193.865 307.074
202.418 112.361
211.349 109.736
220.673 402.726
230.409 392.825
240.575 233.835
251.189 77.925
262.271 202.806
273.842 113.451
285.924 309.909
298.538 198.838
311.709 152.295
325.462 69.4198
339.821 0
354.813 0
370.467 99.9367
386.812 0
403.878 0
421.697 0
440.301 0
459.727 0
480.01 0
501.187 0
523.299 0
546.387 80.4763
570.493 0
595.662 0
621.942 0
649.382 0
678.032 0
707.946 0
739.18 0
771.792 0
805.842 0
841.395 0
878.517 0
917.276 0
957.745 0
1000 0
