# First line is two numbers 
#     First value is '2', it means 'histogram mode'
#     Second value is 'Emin' of the histogram
# Other lines : 2 columns. 1) energy 2) probability (nb divided by NbEvent)
# Number of bins = 480
# Content below the first bin: 0
# Content above the last  bin: 0
# Content above the last  bin: 0
# Number of events: 209000
2 1e-06
1.04412e-06 0
1.09018e-06 0
1.13828e-06 0
1.1885e-06 0
1.24094e-06 0
1.29569e-06 0
1.35285e-06 0
1.41254e-06 0
1.47486e-06 0
1.53993e-06 0
1.60787e-06 0
1.6788e-06 0
1.75287e-06 0
1.83021e-06 0
1.91095e-06 0
1.99526e-06 0
2.08329e-06 0
2.1752e-06 0
2.27117e-06 0
2.37137e-06 0
2.476e-06 0
2.58523e-06 0
2.69929e-06 0
2.81838e-06 0
2.94273e-06 0
3.07256e-06 0
3.20812e-06 0
3.34965e-06 0
3.49744e-06 0
3.65174e-06 0
3.81285e-06 0
3.98107e-06 0
4.15671e-06 0
4.3401e-06 0
4.53158e-06 0
4.73151e-06 0
4.94026e-06 0
5.15822e-06 0
5.3858e-06 0
5.62341e-06 0
5.87151e-06 0
6.13056e-06 0
6.40103e-06 0
6.68344e-06 0
6.97831e-06 0
7.28618e-06 0
7.60764e-06 0
7.94328e-06 0
8.29373e-06 0
8.65964e-06 0
9.0417e-06 0
9.44061e-06 0
9.85712e-06 0
1.0292e-05 0
1.07461e-05 0
1.12202e-05 0
1.17152e-05 0
1.22321e-05 0
1.27717e-05 0
1.33352e-05 0
1.39236e-05 0
1.45378e-05 0
1.51792e-05 0
1.58489e-05 0
1.65482e-05 0
1.72783e-05 0
1.80406e-05 0
1.88365e-05 0
1.96675e-05 0
2.05353e-05 0
2.14412e-05 0
2.23872e-05 0
2.33749e-05 0
2.44062e-05 0
2.5483e-05 0
2.66073e-05 0
2.77811e-05 0
2.90068e-05 0
3.02866e-05 0
3.16228e-05 0
3.30179e-05 0
3.44747e-05 0
3.59956e-05 0
3.75837e-05 0
3.92419e-05 0
4.09732e-05 0
4.27809e-05 0
4.46684e-05 0
4.66391e-05 0
4.86968e-05 0
5.08452e-05 0
5.30884e-05 0
5.54307e-05 0
5.78762e-05 0
6.04296e-05 0
6.30957e-05 0
6.58795e-05 0
6.8786e-05 0
7.18208e-05 0
7.49894e-05 0
7.82979e-05 0
8.17523e-05 0
8.53591e-05 0
8.91251e-05 0
9.30572e-05 0
9.71628e-05 0
0.00010145 0
0.000105925 0
0.000110599 0
0.000115478 0
0.000120573 0
0.000125893 0
0.000131447 0
0.000137246 0
0.000143301 0
0.000149624 0
0.000156225 0
0.000163117 0
0.000170314 0
0.000177828 0
0.000185674 0
0.000193865 0
0.000202418 0
0.000211349 0
0.000220673 0
0.000230409 0
0.000240575 0
0.000251189 0
0.000262271 0
0.000273842 0
0.000285924 0
0.000298538 0
0.000311709 0
0.000325462 0
0.000339821 0
0.000354813 0
0.000370467 0
0.000386812 0
0.000403878 0
0.000421697 0
0.000440301 0
0.000459727 0
0.00048001 0
0.000501187 0
0.000523299 0
0.000546387 0
0.000570493 0
0.000595662 0
0.000621942 0
0.000649382 0
0.000678032 0
0.000707946 0
0.00073918 0
0.000771792 0
0.000805842 0
0.000841395 0
0.000878517 0
0.000917276 0
0.000957745 0
0.001 0
0.00104412 0
0.00109018 0
0.00113828 0
0.0011885 0
0.00124094 0
0.00129569 0
0.00135285 0
0.00141254 0
0.00147486 0
0.00153993 0
0.00160787 0
0.0016788 0
0.00175287 0
0.00183021 0
0.00191095 0
0.00199526 0
0.00208329 0
0.0021752 0
0.00227117 0
0.00237137 0
0.002476 0
0.00258523 79.6798
0.00269929 61.1852
0.00281838 0
0.00294273 0
0.00307256 0
0.00320812 0
0.00334965 0
0.00349744 0
0.00365174 0
0.00381285 0
0.00398107 0
0.00415671 0
0.0043401 0
0.00453158 113.706
0.00473151 0
0.00494026 0
0.00515822 0
0.0053858 0
0.00562341 0
0.00587151 0
0.00613056 0
0.00640103 98.4318
0.00668344 0
0.00697831 0
0.00728618 113.485
0.00760764 54.7613
0.00794328 0
0.00829373 0
0.00865964 84.6253
0.0090417 85.2909
0.00944061 0
0.00985712 0
0.010292 0
0.0107461 0
0.0112202 0
0.0117152 0
0.0122321 69.42
0.0127717 0
0.0133352 89.1557
0.0139236 0
0.0145378 108.944
0.0151792 177.601
0.0158489 57.4602
0.0165482 82.9488
0.0172783 64.6298
0.0180406 105.61
0.0188365 73.3979
0.0196675 191.41
0.0205353 284.112
0.0214412 138.036
0.0223872 62.4537
0.0233749 0
0.0244062 69.0672
0.025483 388.422
0.0266073 235.276
0.0277811 176.751
0.0290068 632.922
0.0302866 190.445
0.0316228 167.898
0.0330179 34.2694
0.0344747 221.668
0.0359956 421.374
0.0375837 55.0058
0.0392419 220.826
0.0409732 613.312
0.0427809 191.117
0.0446684 471.651
0.0466391 582.269
0.0486968 594.472
0.0508452 502.423
0.0530884 143.65
0.0554307 455.517
0.0578762 280.213
0.0604296 515.245
0.0630957 656.923
0.0658795 483.119
0.068786 328.507
0.0718208 937.283
0.0749894 723.227
0.0782979 1085.3
0.0817523 1070.6
0.0853591 471.768
0.0891251 934.457
0.0930572 1297
0.0971628 1041.16
0.10145 930.214
0.105925 618.65
0.110599 856.452
0.115478 1202.12
0.120573 1632.52
0.125893 1327.46
0.131447 1494.56
0.137246 1055.11
0.143301 593.305
0.149624 1140.88
0.156225 966.933
0.163117 1768.84
0.170314 1013.83
0.177828 1275.7
0.185674 1266.26
0.193865 1396.86
0.202418 1085.25
0.211349 1219.19
0.220673 1452.57
0.230409 1674.4
0.240575 1290.48
0.251189 997.61
0.262271 1061.79
0.273842 988.948
0.285924 1278
0.298538 1461.83
0.311709 1295.48
0.325462 883.175
0.339821 1456.63
0.354813 1033.85
0.370467 1835.95
0.386812 1278.8
0.403878 1301.33
0.421697 2266.04
0.440301 2052.97
0.459727 1576.25
0.48001 1534.08
0.501187 1693.68
0.523299 1762.48
0.546387 1906.39
0.570493 1462.23
0.595662 787.202
0.621942 1876.7
0.649382 1600.73
0.678032 1549.07
0.707946 952.536
0.73918 1368.02
0.771792 1360.46
0.805842 1070.69
0.841395 1164.81
0.878517 1067.54
0.917276 546.643
0.957745 1030.05
1 348.945
1.04412 513.207
1.09018 555.21
1.13828 803.254
1.1885 1058.45
1.24094 670.431
1.29569 1079.8
1.35285 422.232
1.41254 595.413
1.47486 604.339
1.53993 465.784
1.60787 533.953
1.6788 144.41
1.75287 749.105
1.83021 517.533
1.91095 369.502
1.99526 403.735
2.08329 355.295
2.1752 448.208
2.27117 424.501
2.37137 91.1137
2.476 196.477
2.58523 390.7
2.69929 581.344
2.81838 89.6066
2.94273 223.162
3.07256 306.892
3.20812 518.296
3.34965 183.86
3.49744 512.979
3.65174 202.452
3.81285 199.957
3.98107 280.438
4.15671 268.064
4.3401 238.648
4.53158 274.119
4.73151 444.593
4.94026 223.111
5.15822 405.328
5.3858 153.123
5.62341 346.368
5.87151 422.512
6.13056 338.645
6.40103 180.619
6.68344 374.782
6.97831 0
7.28618 18.0036
7.60764 37.8162
7.94328 0
8.29373 155.344
8.65964 0
9.0417 278.683
9.44061 322.995
9.85712 182.007
10.292 0
10.7461 129.204
11.2202 108.383
11.7152 109.564
12.2321 39.4722
12.7717 108.571
13.3352 219.77
13.9236 185.142
14.5378 0
15.1792 0
15.8489 65.9491
16.5482 163.679
17.2783 104.697
18.0406 340.591
18.8365 103.018
19.6675 0
20.5353 65.1795
21.4412 6.72155
22.3872 0
23.3749 83.0398
24.4062 49.2686
25.483 284.409
26.6073 267.387
27.7811 234.99
29.0068 298.158
30.2866 217
31.6228 45.988
33.0179 93.8445
34.4747 531.848
35.9956 218.6
37.5837 51.5016
39.2419 95.4622
40.9732 138.199
42.7809 331.015
44.6684 547.313
46.6391 81.1449
48.6968 191.206
50.8452 158.219
53.0884 117.811
55.4307 278.07
57.8762 193.067
60.4296 145.268
63.0957 453.551
65.8795 683.911
68.786 382.383
71.8208 115.228
74.9894 195.051
78.2979 175.013
81.7523 335.447
85.3591 207.017
89.1251 332.708
93.0572 168.914
97.1628 222.456
101.45 306.898
105.925 364.683
110.599 223.173
115.478 159.266
120.573 369.171
125.893 0
131.447 202.925
137.246 514.67
143.301 724.115
149.624 174.183
156.225 79.3486
163.117 778.208
170.314 161.147
177.828 413.839
185.674 231.319
193.865 428.972
202.418 200.193
211.349 371.483
220.673 205.488
230.409 122.759
240.575 327.251
251.189 895.269
262.271 132.172
273.842 304.711
285.924 310.216
298.538 199.003
311.709 274.429
325.462 269.765
339.821 0
354.813 113.33
370.467 0
386.812 0
403.878 0
421.697 0
440.301 6.11887
459.727 111.596
480.01 109.315
501.187 0
523.299 0
546.387 0
570.493 0
595.662 0
621.942 0
649.382 0
678.032 0
707.946 0
739.18 0
771.792 0
805.842 0
841.395 0
878.517 0
917.276 0
957.745 0
1000 0
