# First line is two numbers 
#     First value is '2', it means 'histogram mode'
#     Second value is 'Emin' of the histogram
# Other lines : 2 columns. 1) energy 2) probability (nb divided by NbEvent)
# Number of bins = 480
# Content below the first bin: 0
# Content above the last  bin: 0
# Content above the last  bin: 0
# Number of events: 209000
2 1e-06
1.04412e-06 0
1.09018e-06 0
1.13828e-06 0
1.1885e-06 0
1.24094e-06 0
1.29569e-06 0
1.35285e-06 0
1.41254e-06 0
1.47486e-06 0
1.53993e-06 0
1.60787e-06 0
1.6788e-06 0
1.75287e-06 0
1.83021e-06 0
1.91095e-06 0
1.99526e-06 0
2.08329e-06 0
2.1752e-06 0
2.27117e-06 0
2.37137e-06 0
2.476e-06 0
2.58523e-06 0
2.69929e-06 0
2.81838e-06 0
2.94273e-06 0
3.07256e-06 0
3.20812e-06 0
3.34965e-06 0
3.49744e-06 0
3.65174e-06 0
3.81285e-06 0
3.98107e-06 0
4.15671e-06 0
4.3401e-06 0
4.53158e-06 0
4.73151e-06 0
4.94026e-06 0
5.15822e-06 0
5.3858e-06 0
5.62341e-06 0
5.87151e-06 0
6.13056e-06 0
6.40103e-06 0
6.68344e-06 0
6.97831e-06 0
7.28618e-06 0
7.60764e-06 0
7.94328e-06 0
8.29373e-06 0
8.65964e-06 0
9.0417e-06 0
9.44061e-06 0
9.85712e-06 0
1.0292e-05 0
1.07461e-05 0
1.12202e-05 0
1.17152e-05 0
1.22321e-05 0
1.27717e-05 0
1.33352e-05 0
1.39236e-05 0
1.45378e-05 0
1.51792e-05 0
1.58489e-05 0
1.65482e-05 0
1.72783e-05 0
1.80406e-05 0
1.88365e-05 0
1.96675e-05 0
2.05353e-05 0
2.14412e-05 0
2.23872e-05 0
2.33749e-05 0
2.44062e-05 0
2.5483e-05 0
2.66073e-05 0
2.77811e-05 0
2.90068e-05 0
3.02866e-05 0
3.16228e-05 0
3.30179e-05 0
3.44747e-05 0
3.59956e-05 0
3.75837e-05 0
3.92419e-05 0
4.09732e-05 0
4.27809e-05 0
4.46684e-05 0
4.66391e-05 0
4.86968e-05 0
5.08452e-05 0
5.30884e-05 0
5.54307e-05 0
5.78762e-05 0
6.04296e-05 0
6.30957e-05 0
6.58795e-05 0
6.8786e-05 0
7.18208e-05 0
7.49894e-05 0
7.82979e-05 0
8.17523e-05 0
8.53591e-05 0
8.91251e-05 0
9.30572e-05 0
9.71628e-05 0
0.00010145 0
0.000105925 0
0.000110599 0
0.000115478 0
0.000120573 0
0.000125893 0
0.000131447 0
0.000137246 0
0.000143301 0
0.000149624 0
0.000156225 0
0.000163117 0
0.000170314 0
0.000177828 0
0.000185674 0
0.000193865 0
0.000202418 0
0.000211349 0
0.000220673 0
0.000230409 0
0.000240575 0
0.000251189 0
0.000262271 0
0.000273842 0
0.000285924 0
0.000298538 0
0.000311709 0
0.000325462 0
0.000339821 0
0.000354813 0
0.000370467 0
0.000386812 0
0.000403878 0
0.000421697 0
0.000440301 0
0.000459727 0
0.00048001 0
0.000501187 0
0.000523299 0
0.000546387 0
0.000570493 0
0.000595662 0
0.000621942 0
0.000649382 0
0.000678032 0
0.000707946 0
0.00073918 0
0.000771792 0
0.000805842 0
0.000841395 0
0.000878517 0
0.000917276 0
0.000957745 0
0.001 0
0.00104412 0
0.00109018 0
0.00113828 0
0.0011885 0
0.00124094 0
0.00129569 0
0.00135285 0
0.00141254 0
0.00147486 0
0.00153993 0
0.00160787 0
0.0016788 0
0.00175287 0
0.00183021 0
0.00191095 0
0.00199526 0
0.00208329 0
0.0021752 0
0.00227117 0
0.00237137 0
0.002476 0
0.00258523 0
0.00269929 0
0.00281838 113.854
0.00294273 116.392
0.00307256 0
0.00320812 0
0.00334965 82.9649
0.00349744 0
0.00365174 0
0.00381285 0
0.00398107 0
0.00415671 0
0.0043401 0
0.00453158 0
0.00473151 113.037
0.00494026 0
0.00515822 0
0.0053858 0
0.00562341 0
0.00587151 45.4391
0.00613056 0
0.00640103 0
0.00668344 0
0.00697831 0
0.00728618 0
0.00760764 0
0.00794328 0
0.00829373 23.9261
0.00865964 0
0.0090417 0
0.00944061 0
0.00985712 114.059
0.010292 0
0.0107461 0
0.0112202 0
0.0117152 0
0.0122321 0
0.0127717 138.585
0.0133352 0
0.0139236 0
0.0145378 112.289
0.0151792 0
0.0158489 0
0.0165482 0
0.0172783 186.56
0.0180406 144.29
0.0188365 98.3943
0.0196675 0
0.0205353 81.1323
0.0214412 41.3212
0.0223872 160.539
0.0233749 0
0.0244062 360.93
0.025483 89.1065
0.0266073 106.241
0.0277811 99.295
0.0290068 0
0.0302866 522.532
0.0316228 0
0.0330179 148.05
0.0344747 386.862
0.0359956 371.125
0.0375837 68.8196
0.0392419 170.656
0.0409732 303.027
0.0427809 445.6
0.0446684 0
0.0466391 632.736
0.0486968 683.754
0.0508452 527.171
0.0530884 353.981
0.0554307 178.341
0.0578762 389.373
0.0604296 538.035
0.0630957 379.038
0.0658795 622.212
0.068786 613.24
0.0718208 499.86
0.0749894 1033.4
0.0782979 547.191
0.0817523 1002.54
0.0853591 793.303
0.0891251 581.029
0.0930572 577.684
0.0971628 705.381
0.10145 1355.12
0.105925 942.563
0.110599 811.423
0.115478 1293.87
0.120573 1048.05
0.125893 1458.27
0.131447 1740.38
0.137246 1100.83
0.143301 721.534
0.149624 1018.7
0.156225 1273.44
0.163117 1489.63
0.170314 1224.74
0.177828 1784.07
0.185674 1468.4
0.193865 1351.82
0.202418 929.526
0.211349 1631.46
0.220673 1057.94
0.230409 1310.04
0.240575 1546.17
0.251189 2131.04
0.262271 1781.95
0.273842 1379.28
0.285924 2792.23
0.298538 2345.63
0.311709 2098.31
0.325462 1778.91
0.339821 2885.95
0.354813 1663.55
0.370467 1922.7
0.386812 2520.11
0.403878 2421.13
0.421697 1515.02
0.440301 1791.33
0.459727 1462.84
0.48001 2547.95
0.501187 1376.21
0.523299 1725.91
0.546387 1835.82
0.570493 1415.21
0.595662 1674.13
0.621942 1173.12
0.649382 2389.25
0.678032 1295.76
0.707946 2001.4
0.73918 1534.48
0.771792 1557.09
0.805842 1578.99
0.841395 1455.88
0.878517 1019.14
0.917276 1930.46
0.957745 1695.22
1 1904.74
1.04412 1235.95
1.09018 901.036
1.13828 1025.39
1.1885 1437.24
1.24094 1330.19
1.29569 955.699
1.35285 851.652
1.41254 1700.7
1.47486 1181.63
1.53993 579.427
1.60787 335.048
1.6788 330.878
1.75287 308.602
1.83021 682.878
1.91095 813.834
1.99526 855.957
2.08329 609.927
2.1752 228.753
2.27117 909.26
2.37137 515.768
2.476 178.218
2.58523 630.992
2.69929 853.319
2.81838 335.766
2.94273 174.784
3.07256 969.243
3.20812 241.309
3.34965 927.277
3.49744 407.461
3.65174 320.763
3.81285 260.998
3.98107 512.9
4.15671 988.654
4.3401 762.396
4.53158 427.635
4.73151 704.056
4.94026 394.197
5.15822 438.973
5.3858 476.425
5.62341 450.25
5.87151 466.322
6.13056 729.696
6.40103 412.363
6.68344 500.837
6.97831 106.996
7.28618 519.033
7.60764 238.992
7.94328 335.859
8.29373 702.583
8.65964 324.342
9.0417 279.277
9.44061 170.291
9.85712 565.704
10.292 287.466
10.7461 459.058
11.2202 397.58
11.7152 469.929
12.2321 352.573
12.7717 221.095
13.3352 536.991
13.9236 317.966
14.5378 614.665
15.1792 124.566
15.8489 347.116
16.5482 360.376
17.2783 680.27
18.0406 184.328
18.8365 205.047
19.6675 350.385
20.5353 529.854
21.4412 613.362
22.3872 369.547
23.3749 249.182
24.4062 462.566
25.483 195.37
26.6073 184.898
27.7811 125.974
29.0068 10.557
30.2866 517.392
31.6228 594.635
33.0179 524.651
34.4747 530.742
35.9956 658.018
37.5837 424.3
39.2419 342.56
40.9732 354.645
42.7809 400.351
44.6684 395.058
46.6391 391.633
48.6968 620.402
50.8452 506.256
53.0884 489.621
55.4307 580.389
57.8762 707.113
60.4296 861.178
63.0957 733.861
65.8795 561.43
68.786 676.149
71.8208 684.66
74.9894 798.954
78.2979 619.601
81.7523 755.302
85.3591 607.743
89.1251 934.794
93.0572 944.781
97.1628 870.652
101.45 810.136
105.925 835.051
110.599 1081.09
115.478 1397.66
120.573 1369.25
125.893 1136.33
131.447 1216.46
137.246 1104.4
143.301 1382.45
149.624 1149.54
156.225 1353.02
163.117 1664.59
170.314 1507.36
177.828 2103.23
185.674 1883.94
193.865 1752.91
202.418 2200.86
211.349 2591.42
220.673 2304.85
230.409 3419.94
240.575 4184.65
251.189 4117.74
262.271 3033.58
273.842 3464.77
285.924 2529.66
298.538 2650.27
311.709 2329.16
325.462 1875.7
339.821 1582.71
354.813 1269.53
370.467 996.993
386.812 492.503
403.878 162.238
421.697 287.23
440.301 258.841
459.727 106.075
480.01 284.263
501.187 0
523.299 115.793
546.387 78.0615
570.493 0
595.662 202.006
621.942 40.8087
649.382 81.2647
678.032 0
707.946 0
739.18 0
771.792 0
805.842 0
841.395 0
878.517 0
917.276 0
957.745 0
1000 0
