# First line is two numbers 
#     First value is '2', it means 'histogram mode'
#     Second value is 'Emin' of the histogram
# Other lines : 2 columns. 1) energy 2) probability (nb divided by NbEvent)
# Number of bins = 480
# Content below the first bin: 0
# Content above the last  bin: 0
# Content above the last  bin: 0
# Number of events: 209000
2 1e-06
1.04412e-06 0
1.09018e-06 0
1.13828e-06 0
1.1885e-06 0
1.24094e-06 0
1.29569e-06 0
1.35285e-06 0
1.41254e-06 0
1.47486e-06 0
1.53993e-06 0
1.60787e-06 0
1.6788e-06 0
1.75287e-06 0
1.83021e-06 0
1.91095e-06 0
1.99526e-06 0
2.08329e-06 0
2.1752e-06 0
2.27117e-06 0
2.37137e-06 0
2.476e-06 0
2.58523e-06 0
2.69929e-06 0
2.81838e-06 0
2.94273e-06 0
3.07256e-06 0
3.20812e-06 0
3.34965e-06 0
3.49744e-06 0
3.65174e-06 0
3.81285e-06 0
3.98107e-06 0
4.15671e-06 0
4.3401e-06 0
4.53158e-06 0
4.73151e-06 0
4.94026e-06 0
5.15822e-06 0
5.3858e-06 0
5.62341e-06 0
5.87151e-06 0
6.13056e-06 0
6.40103e-06 0
6.68344e-06 0
6.97831e-06 0
7.28618e-06 0
7.60764e-06 0
7.94328e-06 0
8.29373e-06 0
8.65964e-06 0
9.0417e-06 0
9.44061e-06 0
9.85712e-06 0
1.0292e-05 0
1.07461e-05 0
1.12202e-05 0
1.17152e-05 0
1.22321e-05 0
1.27717e-05 0
1.33352e-05 0
1.39236e-05 0
1.45378e-05 0
1.51792e-05 0
1.58489e-05 0
1.65482e-05 0
1.72783e-05 0
1.80406e-05 0
1.88365e-05 0
1.96675e-05 0
2.05353e-05 0
2.14412e-05 0
2.23872e-05 0
2.33749e-05 0
2.44062e-05 0
2.5483e-05 0
2.66073e-05 0
2.77811e-05 0
2.90068e-05 0
3.02866e-05 0
3.16228e-05 0
3.30179e-05 0
3.44747e-05 0
3.59956e-05 0
3.75837e-05 0
3.92419e-05 0
4.09732e-05 0
4.27809e-05 0
4.46684e-05 0
4.66391e-05 0
4.86968e-05 0
5.08452e-05 0
5.30884e-05 0
5.54307e-05 0
5.78762e-05 0
6.04296e-05 0
6.30957e-05 0
6.58795e-05 0
6.8786e-05 0
7.18208e-05 0
7.49894e-05 0
7.82979e-05 0
8.17523e-05 0
8.53591e-05 0
8.91251e-05 0
9.30572e-05 0
9.71628e-05 0
0.00010145 0
0.000105925 0
0.000110599 0
0.000115478 0
0.000120573 0
0.000125893 0
0.000131447 0
0.000137246 0
0.000143301 0
0.000149624 0
0.000156225 0
0.000163117 0
0.000170314 0
0.000177828 0
0.000185674 0
0.000193865 0
0.000202418 0
0.000211349 0
0.000220673 0
0.000230409 0
0.000240575 0
0.000251189 0
0.000262271 0
0.000273842 0
0.000285924 0
0.000298538 0
0.000311709 0
0.000325462 0
0.000339821 0
0.000354813 0
0.000370467 0
0.000386812 0
0.000403878 0
0.000421697 97.2729
0.000440301 0
0.000459727 0
0.00048001 0
0.000501187 0
0.000523299 0
0.000546387 0
0.000570493 0
0.000595662 0
0.000621942 0
0.000649382 0
0.000678032 0
0.000707946 0
0.00073918 0
0.000771792 0
0.000805842 0
0.000841395 0
0.000878517 0
0.000917276 0
0.000957745 0
0.001 0
0.00104412 0
0.00109018 59.926
0.00113828 0
0.0011885 0
0.00124094 0
0.00129569 0
0.00135285 0
0.00141254 0
0.00147486 0
0.00153993 0
0.00160787 0
0.0016788 0
0.00175287 0
0.00183021 0
0.00191095 0
0.00199526 0
0.00208329 0
0.0021752 0
0.00227117 0
0.00237137 55.1795
0.002476 0
0.00258523 0
0.00269929 0
0.00281838 0
0.00294273 0
0.00307256 0
0.00320812 0
0.00334965 0
0.00349744 0
0.00365174 0
0.00381285 0
0.00398107 0
0.00415671 0
0.0043401 0
0.00453158 0
0.00473151 0
0.00494026 0
0.00515822 0
0.0053858 0
0.00562341 0
0.00587151 0
0.00613056 100.615
0.00640103 0
0.00668344 0
0.00697831 0
0.00728618 0
0.00760764 119.964
0.00794328 0
0.00829373 0
0.00865964 0
0.0090417 119.929
0.00944061 0
0.00985712 0
0.010292 0
0.0107461 90.562
0.0112202 88.4582
0.0117152 0
0.0122321 91.825
0.0127717 219.061
0.0133352 105.436
0.0139236 0
0.0145378 155.164
0.0151792 0
0.0158489 212.901
0.0165482 29.9792
0.0172783 97.1013
0.0180406 108.968
0.0188365 162.221
0.0196675 23.236
0.0205353 116.163
0.0214412 70.0581
0.0223872 204.379
0.0233749 117.674
0.0244062 316.375
0.025483 99.5528
0.0266073 270.059
0.0277811 157.861
0.0290068 0
0.0302866 0
0.0316228 507.885
0.0330179 226.215
0.0344747 0
0.0359956 417.672
0.0375837 190.397
0.0392419 120.111
0.0409732 444.352
0.0427809 124.183
0.0446684 449.718
0.0466391 258.112
0.0486968 533.998
0.0508452 236.456
0.0530884 489.773
0.0554307 258.402
0.0578762 396.519
0.0604296 318.381
0.0630957 268.127
0.0658795 112.295
0.068786 202.92
0.0718208 963.207
0.0749894 561.034
0.0782979 997.725
0.0817523 665.969
0.0853591 918.567
0.0891251 1008.96
0.0930572 1028.48
0.0971628 822.55
0.10145 1182.21
0.105925 1143.86
0.110599 1057.05
0.115478 1097.43
0.120573 693.059
0.125893 1022.15
0.131447 1456.85
0.137246 836.697
0.143301 1257.1
0.149624 1440.72
0.156225 748.425
0.163117 701.313
0.170314 1142.98
0.177828 604.789
0.185674 1210.08
0.193865 1088.83
0.202418 1983.15
0.211349 970.667
0.220673 1246.8
0.230409 936.01
0.240575 1264.4
0.251189 1128.15
0.262271 1425.07
0.273842 1530.91
0.285924 738.756
0.298538 1412.29
0.311709 1746.01
0.325462 1451.03
0.339821 1163.83
0.354813 2031.76
0.370467 1494.22
0.386812 1046
0.403878 1141.23
0.421697 1822.08
0.440301 1886.33
0.459727 1603.07
0.48001 1555.87
0.501187 1511.52
0.523299 1268.17
0.546387 1284.78
0.570493 1391.46
0.595662 1184.62
0.621942 1515.07
0.649382 1451.11
0.678032 1307.45
0.707946 1653.15
0.73918 1154.44
0.771792 1048.67
0.805842 908.523
0.841395 904.82
0.878517 744.836
0.917276 817.96
0.957745 1138.7
1 989.78
1.04412 1428.18
1.09018 1292.08
1.13828 623.222
1.1885 525.464
1.24094 598.477
1.29569 1044.77
1.35285 581.318
1.41254 678.844
1.47486 469.408
1.53993 754.068
1.60787 739.376
1.6788 460.746
1.75287 952.686
1.83021 389.089
1.91095 587.231
1.99526 540.665
2.08329 562.604
2.1752 586.28
2.27117 536.484
2.37137 254.625
2.476 449.163
2.58523 382.516
2.69929 200.258
2.81838 367.229
2.94273 357.721
3.07256 244.676
3.20812 46.2439
3.34965 409.183
3.49744 245.76
3.65174 91.6942
3.81285 373.56
3.98107 59.7811
4.15671 677.132
4.3401 631.318
4.53158 320.867
4.73151 184.517
4.94026 228.033
5.15822 399.68
5.3858 212.312
5.62341 452.708
5.87151 201.727
6.13056 235.848
6.40103 0
6.68344 30.6967
6.97831 128.896
7.28618 361.721
7.60764 0
7.94328 153.248
8.29373 315.443
8.65964 309.412
9.0417 174.802
9.44061 116.139
9.85712 162.831
10.292 82.0876
10.7461 114.059
11.2202 94.305
11.7152 246.003
12.2321 68.9569
12.7717 41.6448
13.3352 358.608
13.9236 0
14.5378 0
15.1792 139.786
15.8489 236.19
16.5482 90.0613
17.2783 58.6045
18.0406 66.8822
18.8365 158.931
19.6675 213.997
20.5353 296.763
21.4412 201.737
22.3872 279.659
23.3749 186.597
24.4062 0
25.483 53.3756
26.6073 90.3093
27.7811 62.6686
29.0068 375.746
30.2866 148.708
31.6228 304.645
33.0179 80.6026
34.4747 195.927
35.9956 117.949
37.5837 342.213
39.2419 93.2537
40.9732 229.47
42.7809 0
44.6684 0
46.6391 350.506
48.6968 341.726
50.8452 395.895
53.0884 106.236
55.4307 347.514
57.8762 461.41
60.4296 459.225
63.0957 329.827
65.8795 188.125
68.786 496.576
71.8208 169.027
74.9894 268.945
78.2979 158.26
81.7523 474.1
85.3591 374.927
89.1251 378.599
93.0572 420.922
97.1628 307.951
101.45 530.119
105.925 240.387
110.599 341.837
115.478 476.475
120.573 255.731
125.893 504.588
131.447 710.177
137.246 679.088
143.301 389.823
149.624 455.012
156.225 307.06
163.117 180.243
170.314 720.097
177.828 437.091
185.674 522.496
193.865 738.844
202.418 817.025
211.349 481.143
220.673 826.517
230.409 693.411
240.575 778.469
251.189 908.286
262.271 638.617
273.842 1254.96
285.924 1251.42
298.538 1106.8
311.709 1367.86
325.462 709.593
339.821 636.295
354.813 871.96
370.467 429.317
386.812 745.063
403.878 670.525
421.697 741.209
440.301 187.593
459.727 295.836
480.01 282.81
501.187 83.7692
523.299 199.592
546.387 62.0704
570.493 110.929
595.662 0
621.942 0
649.382 192.063
678.032 0
707.946 0
739.18 0
771.792 0
805.842 0
841.395 0
878.517 0
917.276 0
957.745 105.696
1000 0
