# First line is two numbers 
#     First value is '2', it means 'histogram mode'
#     Second value is 'Emin' of the histogram
# Other lines : 2 columns. 1) energy 2) probability (nb divided by NbEvent)
# Number of bins = 480
# Content below the first bin: 0
# Content above the last  bin: 0
# Content above the last  bin: 0
# Number of events: 209000
2 1e-06
1.04412e-06 0
1.09018e-06 0
1.13828e-06 0
1.1885e-06 0
1.24094e-06 0
1.29569e-06 0
1.35285e-06 0
1.41254e-06 0
1.47486e-06 0
1.53993e-06 0
1.60787e-06 0
1.6788e-06 0
1.75287e-06 0
1.83021e-06 0
1.91095e-06 0
1.99526e-06 0
2.08329e-06 0
2.1752e-06 0
2.27117e-06 0
2.37137e-06 0
2.476e-06 0
2.58523e-06 0
2.69929e-06 0
2.81838e-06 0
2.94273e-06 0
3.07256e-06 0
3.20812e-06 0
3.34965e-06 0
3.49744e-06 0
3.65174e-06 0
3.81285e-06 0
3.98107e-06 0
4.15671e-06 0
4.3401e-06 0
4.53158e-06 0
4.73151e-06 0
4.94026e-06 0
5.15822e-06 0
5.3858e-06 0
5.62341e-06 0
5.87151e-06 0
6.13056e-06 0
6.40103e-06 0
6.68344e-06 0
6.97831e-06 0
7.28618e-06 0
7.60764e-06 0
7.94328e-06 0
8.29373e-06 0
8.65964e-06 0
9.0417e-06 0
9.44061e-06 0
9.85712e-06 0
1.0292e-05 0
1.07461e-05 0
1.12202e-05 0
1.17152e-05 0
1.22321e-05 0
1.27717e-05 0
1.33352e-05 0
1.39236e-05 0
1.45378e-05 0
1.51792e-05 0
1.58489e-05 0
1.65482e-05 0
1.72783e-05 0
1.80406e-05 0
1.88365e-05 0
1.96675e-05 0
2.05353e-05 0
2.14412e-05 0
2.23872e-05 0
2.33749e-05 0
2.44062e-05 0
2.5483e-05 0
2.66073e-05 0
2.77811e-05 0
2.90068e-05 0
3.02866e-05 0
3.16228e-05 0
3.30179e-05 0
3.44747e-05 0
3.59956e-05 0
3.75837e-05 0
3.92419e-05 0
4.09732e-05 0
4.27809e-05 0
4.46684e-05 0
4.66391e-05 0
4.86968e-05 0
5.08452e-05 0
5.30884e-05 0
5.54307e-05 0
5.78762e-05 0
6.04296e-05 0
6.30957e-05 0
6.58795e-05 0
6.8786e-05 0
7.18208e-05 0
7.49894e-05 0
7.82979e-05 0
8.17523e-05 0
8.53591e-05 0
8.91251e-05 0
9.30572e-05 0
9.71628e-05 0
0.00010145 0
0.000105925 0
0.000110599 0
0.000115478 0
0.000120573 0
0.000125893 0
0.000131447 0
0.000137246 0
0.000143301 0
0.000149624 0
0.000156225 0
0.000163117 0
0.000170314 0
0.000177828 0
0.000185674 0
0.000193865 0
0.000202418 0
0.000211349 0
0.000220673 0
0.000230409 0
0.000240575 0
0.000251189 0
0.000262271 0
0.000273842 0
0.000285924 0
0.000298538 0
0.000311709 0
0.000325462 0
0.000339821 0
0.000354813 0
0.000370467 0
0.000386812 0
0.000403878 0
0.000421697 0
0.000440301 0
0.000459727 0
0.00048001 0
0.000501187 0
0.000523299 0
0.000546387 0
0.000570493 0
0.000595662 0
0.000621942 0
0.000649382 0
0.000678032 0
0.000707946 0
0.00073918 0
0.000771792 0
0.000805842 0
0.000841395 0
0.000878517 0
0.000917276 0
0.000957745 0
0.001 0
0.00104412 0
0.00109018 0
0.00113828 0
0.0011885 0
0.00124094 0
0.00129569 0
0.00135285 0
0.00141254 0
0.00147486 0
0.00153993 0
0.00160787 0
0.0016788 0
0.00175287 0
0.00183021 0
0.00191095 0
0.00199526 0
0.00208329 0
0.0021752 0
0.00227117 0
0.00237137 0
0.002476 107.753
0.00258523 0
0.00269929 0
0.00281838 0
0.00294273 111.799
0.00307256 0
0.00320812 0
0.00334965 0
0.00349744 0
0.00365174 0
0.00381285 0
0.00398107 0
0.00415671 0
0.0043401 0
0.00453158 0
0.00473151 0
0.00494026 0
0.00515822 0
0.0053858 0
0.00562341 0
0.00587151 0
0.00613056 0
0.00640103 0
0.00668344 0
0.00697831 71.7346
0.00728618 0
0.00760764 0
0.00794328 0
0.00829373 0
0.00865964 0
0.0090417 0
0.00944061 0
0.00985712 0
0.010292 69.4427
0.0107461 117.739
0.0112202 0
0.0117152 0
0.0122321 0
0.0127717 0
0.0133352 61.5543
0.0139236 0
0.0145378 0
0.0151792 109.281
0.0158489 230.199
0.0165482 194.515
0.0172783 174.625
0.0180406 104.493
0.0188365 227.69
0.0196675 97.8602
0.0205353 98.1297
0.0214412 210.378
0.0223872 0
0.0233749 85.2313
0.0244062 41.3029
0.025483 146.915
0.0266073 0
0.0277811 322.959
0.0290068 588.111
0.0302866 331.432
0.0316228 218.713
0.0330179 483.703
0.0344747 478.04
0.0359956 347.858
0.0375837 162.212
0.0392419 423.637
0.0409732 272.606
0.0427809 376.033
0.0446684 427.438
0.0466391 295.715
0.0486968 333.254
0.0508452 434.13
0.0530884 311.741
0.0554307 350.822
0.0578762 238.958
0.0604296 389.81
0.0630957 647.231
0.0658795 508.291
0.068786 738.81
0.0718208 236.901
0.0749894 732.554
0.0782979 165.692
0.0817523 219.753
0.0853591 845.378
0.0891251 1088.86
0.0930572 803.003
0.0971628 852.175
0.10145 1084.14
0.105925 1478.95
0.110599 926.578
0.115478 716.799
0.120573 1224.3
0.125893 1218.08
0.131447 898.753
0.137246 1063.78
0.143301 1332.36
0.149624 1516.05
0.156225 1329.19
0.163117 1563.11
0.170314 1503.67
0.177828 1262.79
0.185674 1123.98
0.193865 1430.97
0.202418 1157.03
0.211349 1619.43
0.220673 1333.66
0.230409 1572.37
0.240575 1556.36
0.251189 1030.66
0.262271 713.767
0.273842 1938.19
0.285924 1851.84
0.298538 1723.29
0.311709 1038.14
0.325462 1151.67
0.339821 1386.19
0.354813 1107.04
0.370467 2533.82
0.386812 1035.39
0.403878 1895.55
0.421697 1599.7
0.440301 1097.84
0.459727 1546.6
0.48001 1301.43
0.501187 976.101
0.523299 1079.68
0.546387 1255.23
0.570493 1618.31
0.595662 1737.33
0.621942 1704.89
0.649382 1771.5
0.678032 1020.03
0.707946 1455.48
0.73918 1116.98
0.771792 1314.17
0.805842 913.874
0.841395 755.278
0.878517 608.296
0.917276 1546.54
0.957745 733.464
1 604.021
1.04412 897.085
1.09018 851.716
1.13828 482.378
1.1885 687.042
1.24094 493.631
1.29569 855.074
1.35285 709.712
1.41254 687.272
1.47486 612.626
1.53993 412.712
1.60787 328.153
1.6788 1037.05
1.75287 218.182
1.83021 188.026
1.91095 486.088
1.99526 202.611
2.08329 395.834
2.1752 448.533
2.27117 332.122
2.37137 230.533
2.476 386.095
2.58523 302.872
2.69929 0
2.81838 432.37
2.94273 565.116
3.07256 517.155
3.20812 605.024
3.34965 0
3.49744 282.512
3.65174 381.185
3.81285 569.901
3.98107 81.1126
4.15671 360.077
4.3401 264.65
4.53158 416.984
4.73151 0
4.94026 260.404
5.15822 164.769
5.3858 204.27
5.62341 128.353
5.87151 82.2481
6.13056 360.88
6.40103 160.268
6.68344 81.4439
6.97831 78.8356
7.28618 271.176
7.60764 362.363
7.94328 39.3944
8.29373 421.549
8.65964 279.62
9.0417 342.864
9.44061 278.036
9.85712 0
10.292 307.888
10.7461 230.766
11.2202 97.2658
11.7152 0
12.2321 116.848
12.7717 352.968
13.3352 218.363
13.9236 0
14.5378 155.554
15.1792 143.964
15.8489 100.415
16.5482 83.1103
17.2783 165.872
18.0406 35.2105
18.8365 139.598
19.6675 0
20.5353 187.109
21.4412 79.9019
22.3872 75.7442
23.3749 91.3578
24.4062 344.943
25.483 97.032
26.6073 72.4978
27.7811 82.8937
29.0068 32.1914
30.2866 112.196
31.6228 59.0503
33.0179 0
34.4747 95.7814
35.9956 337.592
37.5837 0
39.2419 137.988
40.9732 195.059
42.7809 214.165
44.6684 95.8473
46.6391 341.595
48.6968 521.125
50.8452 302.464
53.0884 172.284
55.4307 212.788
57.8762 407.333
60.4296 171.698
63.0957 291.281
65.8795 212.136
68.786 123.349
71.8208 153.996
74.9894 257.418
78.2979 307.81
81.7523 241.265
85.3591 221.78
89.1251 190.205
93.0572 385.675
97.1628 156.439
101.45 257.935
105.925 513.824
110.599 526.129
115.478 295.158
120.573 519.748
125.893 525.426
131.447 453.874
137.246 556.963
143.301 683.097
149.624 313.599
156.225 249.151
163.117 200.732
170.314 246.358
177.828 321.89
185.674 402.792
193.865 0
202.418 709.31
211.349 478.436
220.673 481.336
230.409 210.392
240.575 807.884
251.189 462.376
262.271 554.016
273.842 1071.17
285.924 806.153
298.538 1112.14
311.709 837.179
325.462 1111.36
339.821 827.824
354.813 797.513
370.467 1023.15
386.812 721.922
403.878 339.509
421.697 408.92
440.301 173.867
459.727 281.098
480.01 457.463
501.187 116.983
523.299 94.5628
546.387 55.3131
570.493 51.4598
595.662 65.8577
621.942 96.3459
649.382 78.4025
678.032 284.962
707.946 0
739.18 0
771.792 118.338
805.842 0
841.395 79.2014
878.517 0
917.276 0
957.745 0
1000 0
