# First line is two numbers 
#     First value is '2', it means 'histogram mode'
#     Second value is 'Emin' of the histogram
# Other lines : 2 columns. 1) energy 2) probability (nb divided by NbEvent)
# Number of bins = 480
# Content below the first bin: 11957.7
# Content above the last  bin: 0
# Content above the last  bin: 0
# Number of events: 209000
2 1e-06
1.04412e-06 0
1.09018e-06 0
1.13828e-06 0
1.1885e-06 0
1.24094e-06 0
1.29569e-06 0
1.35285e-06 0
1.41254e-06 0
1.47486e-06 0
1.53993e-06 0
1.60787e-06 0
1.6788e-06 0
1.75287e-06 101.328
1.83021e-06 0
1.91095e-06 0
1.99526e-06 0
2.08329e-06 0
2.1752e-06 0
2.27117e-06 112.701
2.37137e-06 0
2.476e-06 0
2.58523e-06 0
2.69929e-06 0
2.81838e-06 106.28
2.94273e-06 101.792
3.07256e-06 0
3.20812e-06 0
3.34965e-06 0
3.49744e-06 0
3.65174e-06 0
3.81285e-06 0
3.98107e-06 0
4.15671e-06 0
4.3401e-06 44.6417
4.53158e-06 0
4.73151e-06 0
4.94026e-06 0
5.15822e-06 113.423
5.3858e-06 0
5.62341e-06 0
5.87151e-06 0
6.13056e-06 0
6.40103e-06 0
6.68344e-06 0
6.97831e-06 82.1385
7.28618e-06 0
7.60764e-06 0
7.94328e-06 0
8.29373e-06 67.7335
8.65964e-06 0
9.0417e-06 116.366
9.44061e-06 0
9.85712e-06 0
1.0292e-05 70.853
1.07461e-05 0
1.12202e-05 0
1.17152e-05 0
1.22321e-05 0
1.27717e-05 0
1.33352e-05 46.2967
1.39236e-05 0
1.45378e-05 0
1.51792e-05 146.4
1.58489e-05 0
1.65482e-05 0
1.72783e-05 0
1.80406e-05 0
1.88365e-05 89.137
1.96675e-05 0
2.05353e-05 0
2.14412e-05 80.9007
2.23872e-05 0
2.33749e-05 0
2.44062e-05 0
2.5483e-05 0
2.66073e-05 54.0764
2.77811e-05 0
2.90068e-05 0
3.02866e-05 7.03995
3.16228e-05 0
3.30179e-05 62.9016
3.44747e-05 0
3.59956e-05 73.7338
3.75837e-05 0
3.92419e-05 0
4.09732e-05 61.3163
4.27809e-05 0
4.46684e-05 0
4.66391e-05 103.886
4.86968e-05 0
5.08452e-05 0
5.30884e-05 101.942
5.54307e-05 0
5.78762e-05 0
6.04296e-05 0
6.30957e-05 0
6.58795e-05 0
6.8786e-05 0
7.18208e-05 77.5482
7.49894e-05 0
7.82979e-05 0
8.17523e-05 0
8.53591e-05 109.324
8.91251e-05 107.728
9.30572e-05 0
9.71628e-05 61.9105
0.00010145 84.8303
0.000105925 0
0.000110599 137.885
0.000115478 0
0.000120573 0
0.000125893 0
0.000131447 0
0.000137246 0
0.000143301 0
0.000149624 74.1936
0.000156225 0
0.000163117 100.533
0.000170314 0
0.000177828 0
0.000185674 0
0.000193865 40.969
0.000202418 106.59
0.000211349 72.1976
0.000220673 0
0.000230409 0
0.000240575 0
0.000251189 0
0.000262271 0
0.000273842 0
0.000285924 0
0.000298538 0
0.000311709 0
0.000325462 56.0115
0.000339821 0
0.000354813 75.0801
0.000370467 0
0.000386812 0
0.000403878 98.4734
0.000421697 0
0.000440301 0
0.000459727 164.449
0.00048001 0
0.000501187 97.5306
0.000523299 28.4872
0.000546387 233.166
0.000570493 0
0.000595662 0
0.000621942 0
0.000649382 0
0.000678032 0
0.000707946 92.3528
0.00073918 0
0.000771792 43.4714
0.000805842 0
0.000841395 0
0.000878517 0
0.000917276 0
0.000957745 0
0.001 0
0.00104412 0
0.00109018 0
0.00113828 0
0.0011885 0
0.00124094 40.5511
0.00129569 0
0.00135285 37.1792
0.00141254 68.8176
0.00147486 0
0.00153993 0
0.00160787 0
0.0016788 0
0.00175287 0
0.00183021 0
0.00191095 0
0.00199526 93.6542
0.00208329 117.624
0.0021752 0
0.00227117 0
0.00237137 0
0.002476 0
0.00258523 0
0.00269929 0
0.00281838 70.9018
0.00294273 0
0.00307256 0
0.00320812 0
0.00334965 0
0.00349744 58.7685
0.00365174 0
0.00381285 0
0.00398107 101.329
0.00415671 0
0.0043401 0
0.00453158 0
0.00473151 0
0.00494026 0
0.00515822 0
0.0053858 76.1204
0.00562341 0
0.00587151 0
0.00613056 0
0.00640103 0
0.00668344 0
0.00697831 0
0.00728618 0
0.00760764 0
0.00794328 113.338
0.00829373 0
0.00865964 0
0.0090417 153.791
0.00944061 0
0.00985712 132.383
0.010292 0
0.0107461 67.3064
0.0112202 0
0.0117152 102.017
0.0122321 0
0.0127717 0
0.0133352 0
0.0139236 0
0.0145378 0
0.0151792 204.459
0.0158489 0
0.0165482 0
0.0172783 0
0.0180406 0
0.0188365 0
0.0196675 88.3694
0.0205353 0
0.0214412 55.117
0.0223872 0
0.0233749 61.3951
0.0244062 0
0.025483 106.46
0.0266073 0
0.0277811 0
0.0290068 40.0402
0.0302866 0
0.0316228 0
0.0330179 115.368
0.0344747 0
0.0359956 0
0.0375837 0
0.0392419 227.387
0.0409732 0
0.0427809 0
0.0446684 0
0.0466391 103.008
0.0486968 175.384
0.0508452 62.76
0.0530884 118.823
0.0554307 0
0.0578762 174.193
0.0604296 169.662
0.0630957 77.198
0.0658795 43.897
0.068786 97.8692
0.0718208 94.8788
0.0749894 0
0.0782979 0
0.0817523 118.814
0.0853591 263.322
0.0891251 251.897
0.0930572 101.795
0.0971628 0
0.10145 65.5209
0.105925 0
0.110599 202.588
0.115478 257.082
0.120573 344.382
0.125893 0
0.131447 533
0.137246 69.216
0.143301 119.129
0.149624 0
0.156225 106.529
0.163117 389.181
0.170314 256.119
0.177828 427.156
0.185674 503.596
0.193865 45.418
0.202418 149.827
0.211349 0
0.220673 208.397
0.230409 542.892
0.240575 388.08
0.251189 342.204
0.262271 205.867
0.273842 253.004
0.285924 227.397
0.298538 506.131
0.311709 645.156
0.325462 524.13
0.339821 543.06
0.354813 1055.54
0.370467 317.237
0.386812 501.704
0.403878 140.206
0.421697 166.17
0.440301 613.653
0.459727 461.538
0.48001 779.667
0.501187 570.939
0.523299 635.314
0.546387 813.588
0.570493 810.504
0.595662 720.654
0.621942 1321.31
0.649382 1404.49
0.678032 633.775
0.707946 1088.97
0.73918 1182.14
0.771792 950.464
0.805842 949.891
0.841395 1000.56
0.878517 1072.37
0.917276 1586.04
0.957745 2043.49
1 995.37
1.04412 1232.06
1.09018 1120.73
1.13828 1126.03
1.1885 1367.9
1.24094 1347.83
1.29569 905.672
1.35285 774.926
1.41254 2184.94
1.47486 1691.61
1.53993 926.843
1.60787 1162.77
1.6788 1056.25
1.75287 1008.48
1.83021 947.162
1.91095 1228.02
1.99526 1040.72
2.08329 1281.51
2.1752 943.675
2.27117 2121.38
2.37137 1106.19
2.476 1921.99
2.58523 1247.88
2.69929 1072.01
2.81838 1276.85
2.94273 1342.08
3.07256 1259.62
3.20812 676.531
3.34965 748.058
3.49744 1105.03
3.65174 1000.84
3.81285 863.124
3.98107 1079.61
4.15671 738.498
4.3401 879.569
4.53158 601.946
4.73151 652.161
4.94026 1104.48
5.15822 1203.24
5.3858 584.816
5.62341 770.153
5.87151 637.411
6.13056 1382.18
6.40103 698.371
6.68344 1173.42
6.97831 969.539
7.28618 397.14
7.60764 85.8427
7.94328 1017.07
8.29373 1365.34
8.65964 767.563
9.0417 1206.42
9.44061 973.269
9.85712 758.78
10.292 452.717
10.7461 1234.78
11.2202 1100.28
11.7152 625.633
12.2321 759.131
12.7717 1128.56
13.3352 679.81
13.9236 429.883
14.5378 635.861
15.1792 1375.77
15.8489 566.478
16.5482 1180.85
17.2783 556.917
18.0406 1397.59
18.8365 694.151
19.6675 1028.13
20.5353 835.255
21.4412 1555.94
22.3872 1067.36
23.3749 792.411
24.4062 1241.5
25.483 1001.81
26.6073 1675.63
27.7811 974.436
29.0068 1301.84
30.2866 1156.14
31.6228 1302.18
33.0179 1341.22
34.4747 800.282
35.9956 2191.39
37.5837 1237.86
39.2419 1828.63
40.9732 691.931
42.7809 1313.42
44.6684 1845.15
46.6391 2278.94
48.6968 2179.13
50.8452 2430.42
53.0884 1834.09
55.4307 1971.38
57.8762 2421.46
60.4296 2396.55
63.0957 2200.36
65.8795 1934.96
68.786 2171.4
71.8208 1552.28
74.9894 1440.93
78.2979 3056.17
81.7523 2958.3
85.3591 1893.75
89.1251 2502.79
93.0572 2547.59
97.1628 2402.94
101.45 1661.74
105.925 2394.6
110.599 2885.67
115.478 2466.37
120.573 3397.98
125.893 1675.85
131.447 2433.38
137.246 2690.24
143.301 3192.5
149.624 3308.28
156.225 2855.25
163.117 2494.78
170.314 3026.14
177.828 2597.96
185.674 2408.99
193.865 2621.52
202.418 3267.34
211.349 2259.59
220.673 2519.12
230.409 2034.09
240.575 2731.04
251.189 2771.75
262.271 2231.95
273.842 3091.28
285.924 1582.43
298.538 2928.31
311.709 1160.95
325.462 1429.1
339.821 950.912
354.813 1005.9
370.467 458.942
386.812 684.324
403.878 776.265
421.697 771.927
440.301 281.469
459.727 389.133
480.01 61.8694
501.187 0
523.299 72.4762
546.387 0
570.493 281.402
595.662 0
621.942 183.762
649.382 0
678.032 0
707.946 0
739.18 0
771.792 0
805.842 0
841.395 0
878.517 0
917.276 0
957.745 0
1000 0
