# First line is two numbers 
#     First value is '2', it means 'histogram mode'
#     Second value is 'Emin' of the histogram
# Other lines : 2 columns. 1) energy 2) probability (nb divided by NbEvent)
# Number of bins = 480
# Content below the first bin: 0
# Content above the last  bin: 0
# Content above the last  bin: 0
# Number of events: 209000
2 1e-06
1.04412e-06 0
1.09018e-06 0
1.13828e-06 0
1.1885e-06 0
1.24094e-06 0
1.29569e-06 0
1.35285e-06 0
1.41254e-06 0
1.47486e-06 0
1.53993e-06 0
1.60787e-06 0
1.6788e-06 0
1.75287e-06 0
1.83021e-06 0
1.91095e-06 0
1.99526e-06 0
2.08329e-06 0
2.1752e-06 0
2.27117e-06 0
2.37137e-06 0
2.476e-06 0
2.58523e-06 0
2.69929e-06 0
2.81838e-06 0
2.94273e-06 0
3.07256e-06 0
3.20812e-06 0
3.34965e-06 0
3.49744e-06 0
3.65174e-06 0
3.81285e-06 0
3.98107e-06 0
4.15671e-06 0
4.3401e-06 0
4.53158e-06 0
4.73151e-06 0
4.94026e-06 0
5.15822e-06 0
5.3858e-06 0
5.62341e-06 0
5.87151e-06 0
6.13056e-06 0
6.40103e-06 0
6.68344e-06 0
6.97831e-06 0
7.28618e-06 0
7.60764e-06 0
7.94328e-06 0
8.29373e-06 0
8.65964e-06 0
9.0417e-06 0
9.44061e-06 0
9.85712e-06 0
1.0292e-05 0
1.07461e-05 0
1.12202e-05 0
1.17152e-05 0
1.22321e-05 0
1.27717e-05 0
1.33352e-05 0
1.39236e-05 0
1.45378e-05 0
1.51792e-05 0
1.58489e-05 0
1.65482e-05 0
1.72783e-05 0
1.80406e-05 0
1.88365e-05 0
1.96675e-05 0
2.05353e-05 0
2.14412e-05 0
2.23872e-05 0
2.33749e-05 0
2.44062e-05 0
2.5483e-05 0
2.66073e-05 0
2.77811e-05 0
2.90068e-05 0
3.02866e-05 0
3.16228e-05 0
3.30179e-05 0
3.44747e-05 0
3.59956e-05 0
3.75837e-05 0
3.92419e-05 0
4.09732e-05 0
4.27809e-05 0
4.46684e-05 0
4.66391e-05 0
4.86968e-05 0
5.08452e-05 0
5.30884e-05 0
5.54307e-05 0
5.78762e-05 0
6.04296e-05 0
6.30957e-05 0
6.58795e-05 0
6.8786e-05 0
7.18208e-05 0
7.49894e-05 0
7.82979e-05 0
8.17523e-05 0
8.53591e-05 0
8.91251e-05 0
9.30572e-05 0
9.71628e-05 0
0.00010145 0
0.000105925 0
0.000110599 0
0.000115478 0
0.000120573 0
0.000125893 0
0.000131447 0
0.000137246 0
0.000143301 0
0.000149624 0
0.000156225 0
0.000163117 0
0.000170314 0
0.000177828 0
0.000185674 0
0.000193865 0
0.000202418 0
0.000211349 0
0.000220673 0
0.000230409 0
0.000240575 0
0.000251189 0
0.000262271 0
0.000273842 0
0.000285924 0
0.000298538 0
0.000311709 0
0.000325462 0
0.000339821 0
0.000354813 0
0.000370467 0
0.000386812 0
0.000403878 0
0.000421697 0
0.000440301 0
0.000459727 0
0.00048001 0
0.000501187 0
0.000523299 0
0.000546387 0
0.000570493 0
0.000595662 0
0.000621942 0
0.000649382 0
0.000678032 0
0.000707946 0
0.00073918 0
0.000771792 0
0.000805842 0
0.000841395 0
0.000878517 0
0.000917276 0
0.000957745 0
0.001 0
0.00104412 0
0.00109018 0
0.00113828 0
0.0011885 0
0.00124094 0
0.00129569 0
0.00135285 0
0.00141254 0
0.00147486 0
0.00153993 0
0.00160787 0
0.0016788 0
0.00175287 0
0.00183021 0
0.00191095 0
0.00199526 0
0.00208329 0
0.0021752 0
0.00227117 0
0.00237137 0
0.002476 0
0.00258523 0
0.00269929 0
0.00281838 0
0.00294273 0
0.00307256 0
0.00320812 0
0.00334965 0
0.00349744 0
0.00365174 0
0.00381285 102.449
0.00398107 0
0.00415671 0
0.0043401 0
0.00453158 0
0.00473151 0
0.00494026 0
0.00515822 0
0.0053858 0
0.00562341 0
0.00587151 0
0.00613056 0
0.00640103 0
0.00668344 0
0.00697831 0
0.00728618 0
0.00760764 0
0.00794328 0
0.00829373 0
0.00865964 0
0.0090417 0
0.00944061 0
0.00985712 0
0.010292 90.0019
0.0107461 0
0.0112202 0
0.0117152 0
0.0122321 0
0.0127717 0
0.0133352 0
0.0139236 0
0.0145378 158.095
0.0151792 0
0.0158489 0
0.0165482 0
0.0172783 0
0.0180406 74.4732
0.0188365 86.0618
0.0196675 113.358
0.0205353 95.6831
0.0214412 73.522
0.0223872 59.0248
0.0233749 65.5777
0.0244062 96.485
0.025483 138.999
0.0266073 0
0.0277811 108.314
0.0290068 0
0.0302866 0
0.0316228 0
0.0330179 199.946
0.0344747 0
0.0359956 103.041
0.0375837 109.236
0.0392419 0
0.0409732 0
0.0427809 200.819
0.0446684 175.974
0.0466391 213.394
0.0486968 75.7673
0.0508452 223.814
0.0530884 219.442
0.0554307 0
0.0578762 368.844
0.0604296 215.319
0.0630957 204.889
0.0658795 227.895
0.068786 106.369
0.0718208 109.795
0.0749894 25.3707
0.0782979 195.891
0.0817523 74.4529
0.0853591 192.595
0.0891251 382.427
0.0930572 580.309
0.0971628 398.492
0.10145 417.9
0.105925 502.26
0.110599 343.243
0.115478 252.437
0.120573 637.088
0.125893 215.305
0.131447 235.612
0.137246 317.196
0.143301 535.356
0.149624 903.72
0.156225 530.369
0.163117 413.91
0.170314 417.524
0.177828 574.259
0.185674 324.295
0.193865 469.868
0.202418 830.217
0.211349 339.814
0.220673 867.589
0.230409 823.016
0.240575 612.287
0.251189 283.726
0.262271 377.209
0.273842 413.311
0.285924 426.666
0.298538 596.409
0.311709 438.528
0.325462 906.947
0.339821 519.129
0.354813 316.064
0.370467 741.957
0.386812 772.951
0.403878 1065.02
0.421697 634.976
0.440301 762.127
0.459727 858.603
0.48001 777.108
0.501187 1148.66
0.523299 1019.27
0.546387 1605.84
0.570493 818.862
0.595662 420.974
0.621942 1123.11
0.649382 1173.91
0.678032 805.935
0.707946 626.747
0.73918 1243.54
0.771792 478.093
0.805842 686.192
0.841395 899.963
0.878517 893.828
0.917276 722.231
0.957745 553.884
1 838.606
1.04412 553.214
1.09018 652.577
1.13828 783.676
1.1885 537.563
1.24094 118.18
1.29569 481.453
1.35285 766.762
1.41254 224.861
1.47486 311.876
1.53993 473.798
1.60787 57.3164
1.6788 110.7
1.75287 213.115
1.83021 10.4986
1.91095 314.624
1.99526 138.715
2.08329 0
2.1752 317.731
2.27117 473.824
2.37137 599.032
2.476 216.054
2.58523 183.981
2.69929 82.3925
2.81838 676.205
2.94273 382.092
3.07256 238.542
3.20812 296.84
3.34965 95.7226
3.49744 216.506
3.65174 169.919
3.81285 216.314
3.98107 71.7384
4.15671 0
4.3401 91.685
4.53158 150.004
4.73151 131.25
4.94026 0
5.15822 177.829
5.3858 280.231
5.62341 0
5.87151 239.828
6.13056 352.307
6.40103 295.984
6.68344 49.7813
6.97831 144.349
7.28618 172.334
7.60764 105.728
7.94328 0
8.29373 355.749
8.65964 179.975
9.0417 275.493
9.44061 97.6577
9.85712 170.977
10.292 253.042
10.7461 200.215
11.2202 273.614
11.7152 56.4969
12.2321 124.883
12.7717 121.854
13.3352 211.63
13.9236 68.5579
14.5378 244.757
15.1792 0
15.8489 318.468
16.5482 81.6158
17.2783 60.3635
18.0406 254.675
18.8365 0
19.6675 0
20.5353 0
21.4412 110.411
22.3872 0
23.3749 117.768
24.4062 310.171
25.483 360.229
26.6073 208.841
27.7811 64.928
29.0068 261.258
30.2866 175.119
31.6228 206.123
33.0179 331.634
34.4747 81.6325
35.9956 221.556
37.5837 235.884
39.2419 328.885
40.9732 89.1534
42.7809 229.911
44.6684 69.3147
46.6391 235.862
48.6968 232.749
50.8452 289.717
53.0884 101.831
55.4307 0
57.8762 226.246
60.4296 190.579
63.0957 150.291
65.8795 109.225
68.786 293.167
71.8208 258.903
74.9894 72.4408
78.2979 310.034
81.7523 229.993
85.3591 269.222
89.1251 271.131
93.0572 218.457
97.1628 174.936
101.45 266.971
105.925 56.381
110.599 99.334
115.478 307.275
120.573 475.05
125.893 363.906
131.447 382.673
137.246 346.52
143.301 220.436
149.624 428.179
156.225 386.105
163.117 711.947
170.314 392.741
177.828 148.787
185.674 565.73
193.865 245.951
202.418 247.451
211.349 378.289
220.673 206.643
230.409 546.41
240.575 62.2973
251.189 417.968
262.271 112.623
273.842 59.7546
285.924 430.888
298.538 120.685
311.709 194.863
325.462 236.889
339.821 301.598
354.813 243.678
370.467 134.462
386.812 48.3521
403.878 56.4883
421.697 73.2355
440.301 56.9481
459.727 0
480.01 11.2679
501.187 0
523.299 0
546.387 0
570.493 0
595.662 91.856
621.942 0
649.382 0
678.032 0
707.946 0
739.18 0
771.792 0
805.842 0
841.395 0
878.517 0
917.276 0
957.745 0
1000 0
