# First line is two numbers 
#     First value is '2', it means 'histogram mode'
#     Second value is 'Emin' of the histogram
# Other lines : 2 columns. 1) energy 2) probability (nb divided by NbEvent)
# Number of bins = 480
# Content below the first bin: 0
# Content above the last  bin: 0
# Content above the last  bin: 0
# Number of events: 209000
2 1e-06
1.04412e-06 0
1.09018e-06 0
1.13828e-06 0
1.1885e-06 0
1.24094e-06 0
1.29569e-06 0
1.35285e-06 0
1.41254e-06 0
1.47486e-06 0
1.53993e-06 0
1.60787e-06 0
1.6788e-06 0
1.75287e-06 0
1.83021e-06 0
1.91095e-06 0
1.99526e-06 0
2.08329e-06 0
2.1752e-06 0
2.27117e-06 0
2.37137e-06 0
2.476e-06 0
2.58523e-06 0
2.69929e-06 0
2.81838e-06 0
2.94273e-06 0
3.07256e-06 0
3.20812e-06 0
3.34965e-06 0
3.49744e-06 0
3.65174e-06 0
3.81285e-06 0
3.98107e-06 0
4.15671e-06 0
4.3401e-06 0
4.53158e-06 0
4.73151e-06 0
4.94026e-06 0
5.15822e-06 0
5.3858e-06 0
5.62341e-06 0
5.87151e-06 0
6.13056e-06 0
6.40103e-06 0
6.68344e-06 0
6.97831e-06 0
7.28618e-06 0
7.60764e-06 0
7.94328e-06 0
8.29373e-06 0
8.65964e-06 0
9.0417e-06 0
9.44061e-06 0
9.85712e-06 0
1.0292e-05 0
1.07461e-05 0
1.12202e-05 0
1.17152e-05 0
1.22321e-05 0
1.27717e-05 0
1.33352e-05 0
1.39236e-05 0
1.45378e-05 0
1.51792e-05 0
1.58489e-05 0
1.65482e-05 0
1.72783e-05 0
1.80406e-05 0
1.88365e-05 0
1.96675e-05 0
2.05353e-05 0
2.14412e-05 0
2.23872e-05 0
2.33749e-05 0
2.44062e-05 0
2.5483e-05 0
2.66073e-05 0
2.77811e-05 0
2.90068e-05 0
3.02866e-05 0
3.16228e-05 0
3.30179e-05 0
3.44747e-05 0
3.59956e-05 0
3.75837e-05 0
3.92419e-05 0
4.09732e-05 0
4.27809e-05 0
4.46684e-05 0
4.66391e-05 0
4.86968e-05 0
5.08452e-05 0
5.30884e-05 0
5.54307e-05 0
5.78762e-05 0
6.04296e-05 0
6.30957e-05 0
6.58795e-05 0
6.8786e-05 0
7.18208e-05 0
7.49894e-05 0
7.82979e-05 0
8.17523e-05 0
8.53591e-05 0
8.91251e-05 0
9.30572e-05 0
9.71628e-05 0
0.00010145 0
0.000105925 0
0.000110599 0
0.000115478 0
0.000120573 0
0.000125893 0
0.000131447 0
0.000137246 0
0.000143301 0
0.000149624 0
0.000156225 0
0.000163117 0
0.000170314 0
0.000177828 0
0.000185674 0
0.000193865 0
0.000202418 0
0.000211349 0
0.000220673 0
0.000230409 0
0.000240575 0
0.000251189 0
0.000262271 0
0.000273842 0
0.000285924 0
0.000298538 0
0.000311709 0
0.000325462 0
0.000339821 0
0.000354813 0
0.000370467 0
0.000386812 0
0.000403878 0
0.000421697 0
0.000440301 0
0.000459727 0
0.00048001 0
0.000501187 0
0.000523299 0
0.000546387 0
0.000570493 0
0.000595662 0
0.000621942 0
0.000649382 0
0.000678032 0
0.000707946 0
0.00073918 0
0.000771792 0
0.000805842 0
0.000841395 0
0.000878517 0
0.000917276 0
0.000957745 0
0.001 0
0.00104412 0
0.00109018 0
0.00113828 0
0.0011885 0
0.00124094 0
0.00129569 0
0.00135285 0
0.00141254 0
0.00147486 0
0.00153993 0
0.00160787 0
0.0016788 0
0.00175287 0
0.00183021 0
0.00191095 0
0.00199526 0
0.00208329 0
0.0021752 0
0.00227117 0
0.00237137 0
0.002476 22.5404
0.00258523 0
0.00269929 0
0.00281838 0
0.00294273 0
0.00307256 0
0.00320812 0
0.00334965 0
0.00349744 0
0.00365174 0
0.00381285 0
0.00398107 0
0.00415671 0
0.0043401 87.607
0.00453158 0
0.00473151 0
0.00494026 0
0.00515822 0
0.0053858 0
0.00562341 0
0.00587151 0
0.00613056 0
0.00640103 0
0.00668344 0
0.00697831 0
0.00728618 0
0.00760764 86.2211
0.00794328 0
0.00829373 0
0.00865964 0
0.0090417 0
0.00944061 0
0.00985712 0
0.010292 0
0.0107461 0
0.0112202 0
0.0117152 0
0.0122321 0
0.0127717 0
0.0133352 52.5226
0.0139236 92.5701
0.0145378 87.0708
0.0151792 101.209
0.0158489 0
0.0165482 0
0.0172783 0
0.0180406 141.098
0.0188365 218.412
0.0196675 71.3171
0.0205353 0
0.0214412 162.796
0.0223872 0
0.0233749 0
0.0244062 0
0.025483 173.479
0.0266073 0
0.0277811 93.4766
0.0290068 429.295
0.0302866 106.097
0.0316228 191.565
0.0330179 0
0.0344747 32.5044
0.0359956 88.5207
0.0375837 51.543
0.0392419 132.526
0.0409732 48.0934
0.0427809 89.0126
0.0446684 0
0.0466391 84.2815
0.0486968 44.1343
0.0508452 45.7281
0.0530884 126.886
0.0554307 75.1118
0.0578762 64.4715
0.0604296 294.083
0.0630957 185.52
0.0658795 224.221
0.068786 198.749
0.0718208 223.775
0.0749894 81.0271
0.0782979 189.107
0.0817523 275.798
0.0853591 387.525
0.0891251 733.318
0.0930572 171.315
0.0971628 230.874
0.10145 140.733
0.105925 246.07
0.110599 397.472
0.115478 269.829
0.120573 173.781
0.125893 232.266
0.131447 449.595
0.137246 283.457
0.143301 752.256
0.149624 627.198
0.156225 820.464
0.163117 561.16
0.170314 640.234
0.177828 577.541
0.185674 466.703
0.193865 542.157
0.202418 982.505
0.211349 642.719
0.220673 684.919
0.230409 406.426
0.240575 354.924
0.251189 558.166
0.262271 625.115
0.273842 640.852
0.285924 489.482
0.298538 189.59
0.311709 632.607
0.325462 662.742
0.339821 461.468
0.354813 943.682
0.370467 1261.91
0.386812 729.905
0.403878 1187.02
0.421697 336.096
0.440301 512.406
0.459727 655.145
0.48001 1227.41
0.501187 669.334
0.523299 598.247
0.546387 858.357
0.570493 644.948
0.595662 1017.51
0.621942 891.95
0.649382 741.588
0.678032 458.109
0.707946 1007.34
0.73918 411.283
0.771792 650.341
0.805842 999.033
0.841395 648.566
0.878517 510.495
0.917276 468.886
0.957745 466.415
1 766.729
1.04412 392.91
1.09018 601.827
1.13828 395.92
1.1885 340.054
1.24094 250.599
1.29569 730.754
1.35285 272.148
1.41254 903.362
1.47486 265.456
1.53993 373.008
1.60787 0
1.6788 188.625
1.75287 66.646
1.83021 151.137
1.91095 333.622
1.99526 365.639
2.08329 518.503
2.1752 426.167
2.27117 562.488
2.37137 391.61
2.476 188.092
2.58523 0
2.69929 467.711
2.81838 289.869
2.94273 141.535
3.07256 214.023
3.20812 370.508
3.34965 197.263
3.49744 219.381
3.65174 0
3.81285 0
3.98107 0
4.15671 219.315
4.3401 108.416
4.53158 29.2593
4.73151 303.689
4.94026 328.819
5.15822 78.7525
5.3858 79.1521
5.62341 20.8208
5.87151 377.705
6.13056 162.082
6.40103 176.296
6.68344 305.864
6.97831 235.292
7.28618 122.058
7.60764 187.745
7.94328 177.66
8.29373 194.241
8.65964 596.116
9.0417 94.1465
9.44061 0
9.85712 91.3434
10.292 242.489
10.7461 146.117
11.2202 122.562
11.7152 373.859
12.2321 0
12.7717 302.958
13.3352 0
13.9236 68.8904
14.5378 272.19
15.1792 210.75
15.8489 215.998
16.5482 137.437
17.2783 68.5687
18.0406 359.327
18.8365 101.684
19.6675 103.897
20.5353 64.5803
21.4412 255.621
22.3872 67.3582
23.3749 0
24.4062 71.4877
25.483 219.357
26.6073 35.0674
27.7811 321.114
29.0068 175.391
30.2866 0
31.6228 315.756
33.0179 0
34.4747 155.963
35.9956 483.178
37.5837 184.108
39.2419 167.831
40.9732 175.953
42.7809 296.464
44.6684 273.842
46.6391 0
48.6968 365.016
50.8452 263.334
53.0884 0
55.4307 296.917
57.8762 120.811
60.4296 511
63.0957 341.575
65.8795 283.098
68.786 80.4814
71.8208 166.313
74.9894 370.4
78.2979 266.929
81.7523 411.395
85.3591 218.15
89.1251 196.788
93.0572 347.095
97.1628 215.538
101.45 0
105.925 489.942
110.599 334.269
115.478 28.1126
120.573 177.309
125.893 342.016
131.447 72.7782
137.246 417.21
143.301 511.771
149.624 199.356
156.225 406.655
163.117 433.935
170.314 73.8171
177.828 220.819
185.674 90.8582
193.865 30.1185
202.418 293.895
211.349 672.693
220.673 388.205
230.409 656.659
240.575 453.945
251.189 233.95
262.271 358.407
273.842 594.474
285.924 176.901
298.538 110.249
311.709 0
325.462 47.6565
339.821 305.188
354.813 174.258
370.467 0
386.812 168.997
403.878 88.1968
421.697 71.9049
440.301 0
459.727 117.128
480.01 0
501.187 0
523.299 93.4172
546.387 0
570.493 0
595.662 0
621.942 0
649.382 0
678.032 0
707.946 0
739.18 0
771.792 0
805.842 0
841.395 0
878.517 0
917.276 0
957.745 0
1000 0
