# First line is two numbers 
#     First value is '2', it means 'histogram mode'
#     Second value is 'Emin' of the histogram
# Other lines : 2 columns. 1) energy 2) probability (nb divided by NbEvent)
# Number of bins = 480
# Content below the first bin: 0
# Content above the last  bin: 0
# Content above the last  bin: 0
# Number of events: 209000
2 1e-06
1.04412e-06 0
1.09018e-06 0
1.13828e-06 0
1.1885e-06 0
1.24094e-06 0
1.29569e-06 0
1.35285e-06 0
1.41254e-06 0
1.47486e-06 0
1.53993e-06 0
1.60787e-06 0
1.6788e-06 0
1.75287e-06 0
1.83021e-06 0
1.91095e-06 0
1.99526e-06 0
2.08329e-06 0
2.1752e-06 0
2.27117e-06 0
2.37137e-06 0
2.476e-06 0
2.58523e-06 0
2.69929e-06 0
2.81838e-06 0
2.94273e-06 0
3.07256e-06 0
3.20812e-06 0
3.34965e-06 0
3.49744e-06 0
3.65174e-06 0
3.81285e-06 0
3.98107e-06 0
4.15671e-06 0
4.3401e-06 0
4.53158e-06 0
4.73151e-06 0
4.94026e-06 0
5.15822e-06 0
5.3858e-06 0
5.62341e-06 0
5.87151e-06 0
6.13056e-06 0
6.40103e-06 0
6.68344e-06 0
6.97831e-06 0
7.28618e-06 0
7.60764e-06 0
7.94328e-06 0
8.29373e-06 0
8.65964e-06 0
9.0417e-06 0
9.44061e-06 0
9.85712e-06 0
1.0292e-05 0
1.07461e-05 0
1.12202e-05 0
1.17152e-05 0
1.22321e-05 0
1.27717e-05 0
1.33352e-05 0
1.39236e-05 0
1.45378e-05 0
1.51792e-05 0
1.58489e-05 0
1.65482e-05 0
1.72783e-05 0
1.80406e-05 0
1.88365e-05 0
1.96675e-05 0
2.05353e-05 0
2.14412e-05 0
2.23872e-05 0
2.33749e-05 0
2.44062e-05 0
2.5483e-05 0
2.66073e-05 0
2.77811e-05 0
2.90068e-05 0
3.02866e-05 0
3.16228e-05 0
3.30179e-05 0
3.44747e-05 0
3.59956e-05 0
3.75837e-05 0
3.92419e-05 0
4.09732e-05 0
4.27809e-05 0
4.46684e-05 0
4.66391e-05 0
4.86968e-05 0
5.08452e-05 0
5.30884e-05 0
5.54307e-05 0
5.78762e-05 0
6.04296e-05 0
6.30957e-05 0
6.58795e-05 0
6.8786e-05 0
7.18208e-05 0
7.49894e-05 0
7.82979e-05 0
8.17523e-05 0
8.53591e-05 0
8.91251e-05 0
9.30572e-05 0
9.71628e-05 0
0.00010145 0
0.000105925 0
0.000110599 0
0.000115478 0
0.000120573 0
0.000125893 0
0.000131447 0
0.000137246 0
0.000143301 0
0.000149624 0
0.000156225 0
0.000163117 0
0.000170314 0
0.000177828 0
0.000185674 0
0.000193865 0
0.000202418 0
0.000211349 0
0.000220673 0
0.000230409 0
0.000240575 0
0.000251189 0
0.000262271 0
0.000273842 0
0.000285924 0
0.000298538 0
0.000311709 0
0.000325462 0
0.000339821 0
0.000354813 0
0.000370467 0
0.000386812 0
0.000403878 0
0.000421697 0
0.000440301 0
0.000459727 0
0.00048001 0
0.000501187 0
0.000523299 0
0.000546387 0
0.000570493 0
0.000595662 0
0.000621942 0
0.000649382 0
0.000678032 0
0.000707946 0
0.00073918 0
0.000771792 0
0.000805842 0
0.000841395 0
0.000878517 0
0.000917276 0
0.000957745 0
0.001 0
0.00104412 0
0.00109018 0
0.00113828 0
0.0011885 0
0.00124094 0
0.00129569 0
0.00135285 0
0.00141254 0
0.00147486 0
0.00153993 0
0.00160787 0
0.0016788 0
0.00175287 0
0.00183021 0
0.00191095 0
0.00199526 0
0.00208329 0
0.0021752 0
0.00227117 0
0.00237137 0
0.002476 0
0.00258523 0
0.00269929 63.1567
0.00281838 0
0.00294273 0
0.00307256 0
0.00320812 0
0.00334965 0
0.00349744 75.6792
0.00365174 0
0.00381285 0
0.00398107 0
0.00415671 0
0.0043401 0
0.00453158 0
0.00473151 0
0.00494026 0
0.00515822 0
0.0053858 0
0.00562341 0
0.00587151 0
0.00613056 0
0.00640103 0
0.00668344 0
0.00697831 0
0.00728618 0
0.00760764 0
0.00794328 0
0.00829373 0
0.00865964 0
0.0090417 0
0.00944061 0
0.00985712 0
0.010292 0
0.0107461 0
0.0112202 0
0.0117152 112.103
0.0122321 0
0.0127717 0
0.0133352 92.3515
0.0139236 0
0.0145378 143.336
0.0151792 45.922
0.0158489 100.628
0.0165482 0
0.0172783 0
0.0180406 0
0.0188365 0
0.0196675 0
0.0205353 0
0.0214412 196.467
0.0223872 0
0.0233749 0
0.0244062 153.943
0.025483 0
0.0266073 0
0.0277811 81.1166
0.0290068 534.164
0.0302866 51.8849
0.0316228 188.829
0.0330179 0
0.0344747 0
0.0359956 0
0.0375837 57.0563
0.0392419 0
0.0409732 125.041
0.0427809 117.355
0.0446684 111.027
0.0466391 298.022
0.0486968 316.652
0.0508452 54.4577
0.0530884 100.144
0.0554307 110.343
0.0578762 109.188
0.0604296 107.82
0.0630957 158.474
0.0658795 206.151
0.068786 204.5
0.0718208 116.066
0.0749894 531.268
0.0782979 212.409
0.0817523 326.079
0.0853591 85.4285
0.0891251 314.512
0.0930572 105.61
0.0971628 570.337
0.10145 537.857
0.105925 229.096
0.110599 358.74
0.115478 489.186
0.120573 291.484
0.125893 431.347
0.131447 597.325
0.137246 595.389
0.143301 533.752
0.149624 195.259
0.156225 526.594
0.163117 546.778
0.170314 469.925
0.177828 458.175
0.185674 840.669
0.193865 788.331
0.202418 489.205
0.211349 552.62
0.220673 594.783
0.230409 876.922
0.240575 576.458
0.251189 503.84
0.262271 651.678
0.273842 59.1479
0.285924 1059.56
0.298538 262.76
0.311709 801.106
0.325462 553.031
0.339821 970.025
0.354813 657.838
0.370467 629.552
0.386812 783.697
0.403878 664.613
0.421697 570.455
0.440301 598.141
0.459727 659.558
0.48001 806.981
0.501187 1253.9
0.523299 516.422
0.546387 817.942
0.570493 833.382
0.595662 1104.02
0.621942 1079.13
0.649382 554.102
0.678032 447.321
0.707946 1078.81
0.73918 682.622
0.771792 972.781
0.805842 843.708
0.841395 682.891
0.878517 386.369
0.917276 870.718
0.957745 248.66
1 228.767
1.04412 624.446
1.09018 355.824
1.13828 825.855
1.1885 125.373
1.24094 637.826
1.29569 623.587
1.35285 225.205
1.41254 1038.26
1.47486 198.055
1.53993 207.361
1.60787 324.365
1.6788 371.377
1.75287 145.622
1.83021 430.647
1.91095 116.872
1.99526 594.457
2.08329 254.828
2.1752 463.297
2.27117 284.063
2.37137 343.85
2.476 207.165
2.58523 312.677
2.69929 227.515
2.81838 81.2455
2.94273 316.33
3.07256 194.975
3.20812 221.36
3.34965 233.853
3.49744 213.647
3.65174 211.661
3.81285 57.9836
3.98107 157.515
4.15671 95.2431
4.3401 182.957
4.53158 0
4.73151 87.4823
4.94026 177.843
5.15822 110.169
5.3858 57.3802
5.62341 33.4867
5.87151 183.771
6.13056 133.068
6.40103 0
6.68344 118.127
6.97831 127.48
7.28618 0
7.60764 96.3955
7.94328 297.853
8.29373 262.103
8.65964 0
9.0417 540.848
9.44061 0
9.85712 59.0754
10.292 120.765
10.7461 146.927
11.2202 82.3073
11.7152 0
12.2321 151.068
12.7717 89.1838
13.3352 204.627
13.9236 189.268
14.5378 21.938
15.1792 245.683
15.8489 174.216
16.5482 0
17.2783 99.3412
18.0406 251.012
18.8365 59.1753
19.6675 232.291
20.5353 153.034
21.4412 0
22.3872 163.457
23.3749 0
24.4062 79.1165
25.483 187.181
26.6073 187.08
27.7811 169.055
29.0068 0
30.2866 71.0361
31.6228 237.021
33.0179 199.58
34.4747 0
35.9956 165.393
37.5837 0
39.2419 185.914
40.9732 36.5678
42.7809 0
44.6684 154.882
46.6391 27.6491
48.6968 157.719
50.8452 498.689
53.0884 184.428
55.4307 219.12
57.8762 174.034
60.4296 199.961
63.0957 38.2564
65.8795 225.296
68.786 554.436
71.8208 85.2277
74.9894 339.471
78.2979 0
81.7523 104.83
85.3591 110.653
89.1251 176.765
93.0572 465.727
97.1628 221.957
101.45 230.816
105.925 159.748
110.599 237.876
115.478 174.688
120.573 306.087
125.893 198.608
131.447 72.1958
137.246 307.018
143.301 507.058
149.624 485.205
156.225 107.458
163.117 547.102
170.314 220.835
177.828 218.091
185.674 286.013
193.865 115.985
202.418 547.85
211.349 270.781
220.673 224.928
230.409 274.561
240.575 383.85
251.189 503.064
262.271 73.2432
273.842 169.141
285.924 201.638
298.538 74.096
311.709 242.704
325.462 173.795
339.821 120.333
354.813 152.085
370.467 111.699
386.812 0
403.878 22.766
421.697 0
440.301 0
459.727 0
480.01 57.7741
501.187 0
523.299 0
546.387 0
570.493 0
595.662 0
621.942 0
649.382 0
678.032 0
707.946 0
739.18 0
771.792 0
805.842 0
841.395 0
878.517 0
917.276 0
957.745 0
1000 0
