# First line is two numbers 
#     First value is '2', it means 'histogram mode'
#     Second value is 'Emin' of the histogram
# Other lines : 2 columns. 1) energy 2) probability (nb divided by NbEvent)
# Number of bins = 480
# Content below the first bin: 0
# Content above the last  bin: 0
# Content above the last  bin: 0
# Number of events: 209000
2 1e-06
1.04412e-06 0
1.09018e-06 0
1.13828e-06 0
1.1885e-06 0
1.24094e-06 0
1.29569e-06 0
1.35285e-06 0
1.41254e-06 0
1.47486e-06 0
1.53993e-06 0
1.60787e-06 0
1.6788e-06 0
1.75287e-06 0
1.83021e-06 0
1.91095e-06 0
1.99526e-06 0
2.08329e-06 0
2.1752e-06 0
2.27117e-06 0
2.37137e-06 0
2.476e-06 0
2.58523e-06 0
2.69929e-06 0
2.81838e-06 0
2.94273e-06 0
3.07256e-06 0
3.20812e-06 0
3.34965e-06 0
3.49744e-06 0
3.65174e-06 0
3.81285e-06 0
3.98107e-06 0
4.15671e-06 0
4.3401e-06 0
4.53158e-06 0
4.73151e-06 0
4.94026e-06 0
5.15822e-06 0
5.3858e-06 0
5.62341e-06 0
5.87151e-06 0
6.13056e-06 0
6.40103e-06 0
6.68344e-06 0
6.97831e-06 0
7.28618e-06 0
7.60764e-06 0
7.94328e-06 0
8.29373e-06 0
8.65964e-06 0
9.0417e-06 0
9.44061e-06 0
9.85712e-06 0
1.0292e-05 0
1.07461e-05 0
1.12202e-05 0
1.17152e-05 0
1.22321e-05 0
1.27717e-05 0
1.33352e-05 0
1.39236e-05 0
1.45378e-05 0
1.51792e-05 0
1.58489e-05 0
1.65482e-05 0
1.72783e-05 0
1.80406e-05 0
1.88365e-05 0
1.96675e-05 0
2.05353e-05 0
2.14412e-05 0
2.23872e-05 0
2.33749e-05 0
2.44062e-05 0
2.5483e-05 0
2.66073e-05 0
2.77811e-05 0
2.90068e-05 0
3.02866e-05 0
3.16228e-05 0
3.30179e-05 0
3.44747e-05 0
3.59956e-05 0
3.75837e-05 0
3.92419e-05 0
4.09732e-05 0
4.27809e-05 0
4.46684e-05 0
4.66391e-05 0
4.86968e-05 0
5.08452e-05 104.806
5.30884e-05 0
5.54307e-05 0
5.78762e-05 0
6.04296e-05 0
6.30957e-05 0
6.58795e-05 0
6.8786e-05 0
7.18208e-05 0
7.49894e-05 0
7.82979e-05 0
8.17523e-05 0
8.53591e-05 0
8.91251e-05 0
9.30572e-05 0
9.71628e-05 0
0.00010145 0
0.000105925 0
0.000110599 0
0.000115478 0
0.000120573 0
0.000125893 0
0.000131447 0
0.000137246 0
0.000143301 0
0.000149624 0
0.000156225 0
0.000163117 0
0.000170314 0
0.000177828 0
0.000185674 0
0.000193865 0
0.000202418 0
0.000211349 0
0.000220673 0
0.000230409 0
0.000240575 0
0.000251189 0
0.000262271 0
0.000273842 0
0.000285924 0
0.000298538 0
0.000311709 0
0.000325462 0
0.000339821 0
0.000354813 0
0.000370467 0
0.000386812 0
0.000403878 0
0.000421697 0
0.000440301 0
0.000459727 0
0.00048001 0
0.000501187 0
0.000523299 0
0.000546387 0
0.000570493 0
0.000595662 0
0.000621942 0
0.000649382 114.463
0.000678032 0
0.000707946 0
0.00073918 0
0.000771792 0
0.000805842 0
0.000841395 0
0.000878517 0
0.000917276 0
0.000957745 0
0.001 48.0842
0.00104412 0
0.00109018 0
0.00113828 0
0.0011885 0
0.00124094 0
0.00129569 0
0.00135285 0
0.00141254 0
0.00147486 0
0.00153993 0
0.00160787 0
0.0016788 10.6526
0.00175287 0
0.00183021 0
0.00191095 20.5089
0.00199526 0
0.00208329 0
0.0021752 0
0.00227117 0
0.00237137 88.294
0.002476 148.746
0.00258523 0
0.00269929 0
0.00281838 10.6448
0.00294273 78.3484
0.00307256 73.7184
0.00320812 180.4
0.00334965 106.081
0.00349744 91.793
0.00365174 0
0.00381285 0
0.00398107 0
0.00415671 0
0.0043401 62.049
0.00453158 304.351
0.00473151 326.281
0.00494026 151.733
0.00515822 198.704
0.0053858 307.265
0.00562341 37.0698
0.00587151 0
0.00613056 308.951
0.00640103 43.2087
0.00668344 217.682
0.00697831 450.748
0.00728618 191.928
0.00760764 361.555
0.00794328 0
0.00829373 855.437
0.00865964 551.459
0.0090417 861.1
0.00944061 429.019
0.00985712 281.694
0.010292 316.742
0.0107461 1008.34
0.0112202 760.477
0.0117152 444.134
0.0122321 913.041
0.0127717 545.692
0.0133352 590.253
0.0139236 1043.26
0.0145378 1303.65
0.0151792 727.889
0.0158489 1389.33
0.0165482 1555.53
0.0172783 1212.37
0.0180406 1023.02
0.0188365 1144.32
0.0196675 1975.48
0.0205353 1573.95
0.0214412 1570.04
0.0223872 1639.11
0.0233749 2115.91
0.0244062 2731.43
0.025483 2153.04
0.0266073 2041.15
0.0277811 2104.53
0.0290068 4214.4
0.0302866 2849.97
0.0316228 2806.89
0.0330179 3793
0.0344747 3199.26
0.0359956 4709.35
0.0375837 5045.08
0.0392419 4471.85
0.0409732 4754.27
0.0427809 4103.2
0.0446684 5044.15
0.0466391 6142.01
0.0486968 5271.41
0.0508452 6798.77
0.0530884 6570.12
0.0554307 5141.04
0.0578762 7845.6
0.0604296 7011.82
0.0630957 7161.19
0.0658795 9197.46
0.068786 8913.32
0.0718208 11201.5
0.0749894 8841.29
0.0782979 10179.3
0.0817523 9136.45
0.0853591 11863.9
0.0891251 11439.2
0.0930572 13745.5
0.0971628 11341.4
0.10145 12722.9
0.105925 14415.2
0.110599 14353.2
0.115478 13615.1
0.120573 14423.8
0.125893 16080.2
0.131447 16036.6
0.137246 17608.2
0.143301 15031.4
0.149624 17428.1
0.156225 15729
0.163117 17307.9
0.170314 17508.1
0.177828 17902.6
0.185674 16880.5
0.193865 17701.4
0.202418 18658.6
0.211349 17813.3
0.220673 18348.2
0.230409 21072.5
0.240575 18360.1
0.251189 20606.7
0.262271 19219.1
0.273842 18147.8
0.285924 15908.3
0.298538 18563.9
0.311709 20940.1
0.325462 19872.7
0.339821 21736
0.354813 17911.4
0.370467 19727
0.386812 20031.2
0.403878 22338.1
0.421697 21049.7
0.440301 21893.5
0.459727 23156.5
0.48001 20439.2
0.501187 19280.9
0.523299 21259.7
0.546387 19011.9
0.570493 19791.5
0.595662 19667.9
0.621942 18204.6
0.649382 18350.3
0.678032 16923.1
0.707946 18089
0.73918 17699.5
0.771792 15110.4
0.805842 16280.2
0.841395 17032.1
0.878517 14634.2
0.917276 14419.5
0.957745 11527.7
1 12812.7
1.04412 12957.3
1.09018 12042.5
1.13828 11282.4
1.1885 10049.2
1.24094 11992.2
1.29569 9325.73
1.35285 8450.13
1.41254 8330.86
1.47486 7791.61
1.53993 7704.11
1.60787 6947.05
1.6788 6832.97
1.75287 6520.7
1.83021 4407.3
1.91095 5473.17
1.99526 5430.52
2.08329 6272.25
2.1752 5433.05
2.27117 4939.74
2.37137 5101.1
2.476 5414.08
2.58523 4645.08
2.69929 5033.6
2.81838 4830.13
2.94273 6069.04
3.07256 5125.87
3.20812 4812.11
3.34965 4050.54
3.49744 5124.21
3.65174 4154.55
3.81285 4202.07
3.98107 3284
4.15671 3531.45
4.3401 3652.01
4.53158 2962.6
4.73151 3056.84
4.94026 2355.23
5.15822 3146.27
5.3858 2765.41
5.62341 1992.2
5.87151 2619.84
6.13056 2418.07
6.40103 2722.36
6.68344 3493.48
6.97831 3000.65
7.28618 2382.17
7.60764 1609.19
7.94328 2394.75
8.29373 2216.65
8.65964 2278.69
9.0417 1467.1
9.44061 2097.32
9.85712 1861.57
10.292 2456.59
10.7461 2568.84
11.2202 1716.81
11.7152 1632.48
12.2321 1749.35
12.7717 2654.36
13.3352 2213.98
13.9236 2481.2
14.5378 2075.2
15.1792 2191.99
15.8489 1896.54
16.5482 2234.5
17.2783 1212.68
18.0406 2217.97
18.8365 1668.9
19.6675 1988.64
20.5353 1773.45
21.4412 1495.25
22.3872 1455.94
23.3749 1420.96
24.4062 1780.74
25.483 1971.42
26.6073 1786.23
27.7811 1642.32
29.0068 2526.16
30.2866 1859.49
31.6228 3397.51
33.0179 2744.85
34.4747 2397.6
35.9956 2806.56
37.5837 2456.13
39.2419 1780.33
40.9732 2337.92
42.7809 1916.11
44.6684 2524.98
46.6391 3207.15
48.6968 3769.49
50.8452 4124.94
53.0884 3862.59
55.4307 2590.27
57.8762 2804.27
60.4296 3219.31
63.0957 2993.67
65.8795 2795.06
68.786 3219.58
71.8208 4645.47
74.9894 3448.71
78.2979 4381.37
81.7523 4728.53
85.3591 3950.91
89.1251 3968.17
93.0572 3977.51
97.1628 4398.92
101.45 3305.5
105.925 5349.13
110.599 4493.88
115.478 4075.67
120.573 4737.33
125.893 3442.66
131.447 4966.61
137.246 5713.29
143.301 6690.08
149.624 4788.28
156.225 5752.42
163.117 6376.04
170.314 4838.96
177.828 6822.1
185.674 6888.39
193.865 8080.03
202.418 7518.68
211.349 7120.75
220.673 8039.14
230.409 8276.28
240.575 7731.79
251.189 9307.29
262.271 8353.36
273.842 10731.5
285.924 9875.02
298.538 8296.09
311.709 10726.1
325.462 9562.26
339.821 8898.12
354.813 10316.5
370.467 7684.96
386.812 6632.8
403.878 4625.6
421.697 2832.02
440.301 2993.21
459.727 1818.35
480.01 1401.69
501.187 1608.11
523.299 1339.35
546.387 1049.56
570.493 357.289
595.662 907.659
621.942 683.268
649.382 109.491
678.032 367.392
707.946 34.4442
739.18 98.0644
771.792 287.316
805.842 107.794
841.395 77.7278
878.517 143.479
917.276 112.909
957.745 0
1000 2.44202
