# First line is two numbers 
#     First value is '2', it means 'histogram mode'
#     Second value is 'Emin' of the histogram
# Other lines : 2 columns. 1) energy 2) probability (nb divided by NbEvent)
# Number of bins = 480
# Content below the first bin: 0
# Content above the last  bin: 0
# Content above the last  bin: 0
# Number of events: 209000
2 1e-06
1.04412e-06 0
1.09018e-06 0
1.13828e-06 0
1.1885e-06 0
1.24094e-06 0
1.29569e-06 0
1.35285e-06 0
1.41254e-06 0
1.47486e-06 0
1.53993e-06 0
1.60787e-06 0
1.6788e-06 0
1.75287e-06 0
1.83021e-06 0
1.91095e-06 0
1.99526e-06 0
2.08329e-06 0
2.1752e-06 0
2.27117e-06 0
2.37137e-06 0
2.476e-06 0
2.58523e-06 0
2.69929e-06 0
2.81838e-06 0
2.94273e-06 0
3.07256e-06 0
3.20812e-06 0
3.34965e-06 0
3.49744e-06 0
3.65174e-06 0
3.81285e-06 0
3.98107e-06 0
4.15671e-06 0
4.3401e-06 0
4.53158e-06 0
4.73151e-06 0
4.94026e-06 0
5.15822e-06 0
5.3858e-06 0
5.62341e-06 0
5.87151e-06 0
6.13056e-06 0
6.40103e-06 0
6.68344e-06 0
6.97831e-06 0
7.28618e-06 0
7.60764e-06 0
7.94328e-06 0
8.29373e-06 0
8.65964e-06 0
9.0417e-06 0
9.44061e-06 0
9.85712e-06 0
1.0292e-05 0
1.07461e-05 0
1.12202e-05 0
1.17152e-05 0
1.22321e-05 0
1.27717e-05 0
1.33352e-05 0
1.39236e-05 0
1.45378e-05 0
1.51792e-05 0
1.58489e-05 0
1.65482e-05 0
1.72783e-05 0
1.80406e-05 0
1.88365e-05 0
1.96675e-05 0
2.05353e-05 0
2.14412e-05 0
2.23872e-05 0
2.33749e-05 0
2.44062e-05 0
2.5483e-05 0
2.66073e-05 0
2.77811e-05 0
2.90068e-05 0
3.02866e-05 0
3.16228e-05 0
3.30179e-05 0
3.44747e-05 0
3.59956e-05 0
3.75837e-05 0
3.92419e-05 0
4.09732e-05 0
4.27809e-05 0
4.46684e-05 0
4.66391e-05 0
4.86968e-05 0
5.08452e-05 0
5.30884e-05 0
5.54307e-05 0
5.78762e-05 0
6.04296e-05 0
6.30957e-05 0
6.58795e-05 0
6.8786e-05 0
7.18208e-05 0
7.49894e-05 0
7.82979e-05 0
8.17523e-05 0
8.53591e-05 0
8.91251e-05 0
9.30572e-05 0
9.71628e-05 0
0.00010145 0
0.000105925 0
0.000110599 0
0.000115478 0
0.000120573 0
0.000125893 0
0.000131447 0
0.000137246 0
0.000143301 0
0.000149624 0
0.000156225 0
0.000163117 0
0.000170314 0
0.000177828 0
0.000185674 0
0.000193865 0
0.000202418 0
0.000211349 0
0.000220673 0
0.000230409 0
0.000240575 0
0.000251189 0
0.000262271 0
0.000273842 0
0.000285924 0
0.000298538 0
0.000311709 76.8333
0.000325462 0
0.000339821 0
0.000354813 0
0.000370467 0
0.000386812 0
0.000403878 0
0.000421697 0
0.000440301 0
0.000459727 0
0.00048001 0
0.000501187 0
0.000523299 0
0.000546387 0
0.000570493 0
0.000595662 0
0.000621942 0
0.000649382 0
0.000678032 0
0.000707946 108.675
0.00073918 0
0.000771792 0
0.000805842 0
0.000841395 0
0.000878517 84.8392
0.000917276 0
0.000957745 0
0.001 0
0.00104412 0
0.00109018 0
0.00113828 0
0.0011885 0
0.00124094 0
0.00129569 0
0.00135285 0
0.00141254 0
0.00147486 0
0.00153993 0
0.00160787 63.924
0.0016788 0
0.00175287 0
0.00183021 0
0.00191095 0
0.00199526 0
0.00208329 30.9315
0.0021752 0
0.00227117 0
0.00237137 167.432
0.002476 0
0.00258523 171.58
0.00269929 0
0.00281838 7.58658
0.00294273 115.294
0.00307256 75.4588
0.00320812 0
0.00334965 403.922
0.00349744 0
0.00365174 0
0.00381285 285.246
0.00398107 0
0.00415671 182.665
0.0043401 89.628
0.00453158 115.655
0.00473151 188.111
0.00494026 43.9319
0.00515822 96.1121
0.0053858 87.6015
0.00562341 89.7821
0.00587151 117.432
0.00613056 0
0.00640103 65.6114
0.00668344 505.962
0.00697831 251.473
0.00728618 133.904
0.00760764 336.458
0.00794328 195.101
0.00829373 277.959
0.00865964 493.275
0.0090417 480.227
0.00944061 213.73
0.00985712 187.962
0.010292 380.78
0.0107461 408.048
0.0112202 465.658
0.0117152 296.449
0.0122321 470.054
0.0127717 992.112
0.0133352 544.591
0.0139236 847.447
0.0145378 1426.91
0.0151792 774.271
0.0158489 1099.28
0.0165482 1166.61
0.0172783 1017.49
0.0180406 1747.62
0.0188365 812.985
0.0196675 1285.65
0.0205353 1359.33
0.0214412 1609.7
0.0223872 2171.07
0.0233749 2698.49
0.0244062 1519.15
0.025483 3047.58
0.0266073 2802.74
0.0277811 3492.94
0.0290068 3050.25
0.0302866 2525.28
0.0316228 3345.1
0.0330179 2959.52
0.0344747 3351.31
0.0359956 4885.37
0.0375837 4630.8
0.0392419 4592.51
0.0409732 3647.97
0.0427809 3493.69
0.0446684 4814.23
0.0466391 6472.87
0.0486968 7925.15
0.0508452 4948.98
0.0530884 6006.17
0.0554307 5693.16
0.0578762 6109.79
0.0604296 7445.49
0.0630957 7906.24
0.0658795 8562.54
0.068786 8358.07
0.0718208 9003.04
0.0749894 8359.29
0.0782979 10489.2
0.0817523 9301.82
0.0853591 10495.2
0.0891251 12390.8
0.0930572 10782.7
0.0971628 11455.8
0.10145 13807
0.105925 13330.3
0.110599 12993.1
0.115478 13551.8
0.120573 14363.7
0.125893 16677
0.131447 14605.2
0.137246 14275.5
0.143301 14164.4
0.149624 16627.9
0.156225 15346.4
0.163117 18057.4
0.170314 16426.2
0.177828 18109.5
0.185674 16710.5
0.193865 19269.5
0.202418 18849.2
0.211349 18346.8
0.220673 17334.7
0.230409 18034.4
0.240575 19105.6
0.251189 18280.8
0.262271 15897.3
0.273842 19468.9
0.285924 19644
0.298538 18027.8
0.311709 21774.9
0.325462 21944.8
0.339821 23669.7
0.354813 22106.1
0.370467 21816
0.386812 19544.1
0.403878 21430.4
0.421697 21637
0.440301 18860.4
0.459727 19760.2
0.48001 20202.1
0.501187 19454.6
0.523299 20253.4
0.546387 18285.1
0.570493 18291.7
0.595662 20685.3
0.621942 18114.1
0.649382 19346.7
0.678032 19807.8
0.707946 18632.2
0.73918 17856.7
0.771792 16099.1
0.805842 17759.5
0.841395 16024.6
0.878517 14546.5
0.917276 13015.3
0.957745 12768.9
1 12489.8
1.04412 12029.3
1.09018 12087.3
1.13828 12135.5
1.1885 8472.42
1.24094 8875.79
1.29569 9471.07
1.35285 8480.13
1.41254 7400.22
1.47486 7701.65
1.53993 7004.87
1.60787 7593.01
1.6788 5920.65
1.75287 5209.42
1.83021 6248.37
1.91095 7033.5
1.99526 6982.2
2.08329 4868.63
2.1752 6461.59
2.27117 5734.68
2.37137 4547.08
2.476 5106.83
2.58523 5312.92
2.69929 3464.95
2.81838 5139.25
2.94273 4558.5
3.07256 4058.92
3.20812 3116.99
3.34965 3325.38
3.49744 3537.35
3.65174 4213
3.81285 4931.06
3.98107 3167.33
4.15671 4419.57
4.3401 3125.66
4.53158 3442.41
4.73151 2502.6
4.94026 3118.12
5.15822 2926.45
5.3858 4033.49
5.62341 2928.79
5.87151 2889.59
6.13056 2540.66
6.40103 2095.01
6.68344 2562.65
6.97831 2604.19
7.28618 3076.89
7.60764 1983.99
7.94328 2595.47
8.29373 1679.04
8.65964 2801.09
9.0417 2870.87
9.44061 1749.63
9.85712 2809.77
10.292 1376.93
10.7461 1203.55
11.2202 1875.55
11.7152 2050.09
12.2321 2276.49
12.7717 1747.27
13.3352 1761.75
13.9236 2099.22
14.5378 1577.87
15.1792 2065.09
15.8489 1815.49
16.5482 1470.42
17.2783 1658.42
18.0406 1410.81
18.8365 2332.9
19.6675 1153.34
20.5353 2298.62
21.4412 1742.91
22.3872 1207.2
23.3749 1958.2
24.4062 2370.5
25.483 2294.75
26.6073 2191.67
27.7811 2367.58
29.0068 2749.67
30.2866 1706.32
31.6228 1602.13
33.0179 1994.41
34.4747 1786.3
35.9956 2404.72
37.5837 2570.66
39.2419 2269.57
40.9732 2135.38
42.7809 2312
44.6684 2453.79
46.6391 3138.21
48.6968 2534.5
50.8452 2171.53
53.0884 3845.14
55.4307 3234.65
57.8762 3921.21
60.4296 3620.21
63.0957 3242.54
65.8795 3695.15
68.786 3931.98
71.8208 4308.59
74.9894 3176.72
78.2979 3961.21
81.7523 4565.61
85.3591 5569.48
89.1251 4476.17
93.0572 3423.75
97.1628 2830.16
101.45 5754.86
105.925 4638.17
110.599 4824.05
115.478 3616.17
120.573 5086.75
125.893 5233.78
131.447 5723.27
137.246 6055.5
143.301 5258.01
149.624 4602.96
156.225 4813.09
163.117 6556.95
170.314 6968.6
177.828 6701.85
185.674 5727.77
193.865 7726.3
202.418 8645.05
211.349 6131.32
220.673 7721.29
230.409 9283.26
240.575 8111.59
251.189 7935.28
262.271 8207.27
273.842 10029.1
285.924 8966.08
298.538 8329.63
311.709 11076.7
325.462 9960.88
339.821 9834.68
354.813 8856.65
370.467 6831.27
386.812 6246.92
403.878 4295.86
421.697 3188.93
440.301 3057.18
459.727 2058.57
480.01 1611.63
501.187 1938.05
523.299 733.738
546.387 942.913
570.493 1403.41
595.662 724.002
621.942 841.953
649.382 306.079
678.032 207.146
707.946 545.057
739.18 249.01
771.792 513.161
805.842 233.048
841.395 201.443
878.517 103.523
917.276 0
957.745 260.467
1000 0
