# First line is two numbers 
#     First value is '2', it means 'histogram mode'
#     Second value is 'Emin' of the histogram
# Other lines : 2 columns. 1) energy 2) probability (nb divided by NbEvent)
# Number of bins = 480
# Content below the first bin: 0
# Content above the last  bin: 0
# Content above the last  bin: 0
# Number of events: 209000
2 1e-06
1.04412e-06 0
1.09018e-06 0
1.13828e-06 0
1.1885e-06 0
1.24094e-06 0
1.29569e-06 0
1.35285e-06 0
1.41254e-06 0
1.47486e-06 0
1.53993e-06 0
1.60787e-06 0
1.6788e-06 0
1.75287e-06 0
1.83021e-06 0
1.91095e-06 0
1.99526e-06 0
2.08329e-06 0
2.1752e-06 0
2.27117e-06 0
2.37137e-06 0
2.476e-06 0
2.58523e-06 0
2.69929e-06 0
2.81838e-06 0
2.94273e-06 0
3.07256e-06 0
3.20812e-06 0
3.34965e-06 0
3.49744e-06 0
3.65174e-06 0
3.81285e-06 0
3.98107e-06 0
4.15671e-06 0
4.3401e-06 0
4.53158e-06 0
4.73151e-06 0
4.94026e-06 0
5.15822e-06 0
5.3858e-06 0
5.62341e-06 0
5.87151e-06 0
6.13056e-06 0
6.40103e-06 0
6.68344e-06 0
6.97831e-06 0
7.28618e-06 0
7.60764e-06 0
7.94328e-06 0
8.29373e-06 0
8.65964e-06 0
9.0417e-06 0
9.44061e-06 0
9.85712e-06 0
1.0292e-05 0
1.07461e-05 0
1.12202e-05 0
1.17152e-05 0
1.22321e-05 0
1.27717e-05 0
1.33352e-05 0
1.39236e-05 0
1.45378e-05 0
1.51792e-05 0
1.58489e-05 0
1.65482e-05 0
1.72783e-05 0
1.80406e-05 0
1.88365e-05 0
1.96675e-05 0
2.05353e-05 0
2.14412e-05 0
2.23872e-05 0
2.33749e-05 0
2.44062e-05 0
2.5483e-05 0
2.66073e-05 0
2.77811e-05 0
2.90068e-05 0
3.02866e-05 0
3.16228e-05 0
3.30179e-05 0
3.44747e-05 0
3.59956e-05 0
3.75837e-05 0
3.92419e-05 0
4.09732e-05 0
4.27809e-05 0
4.46684e-05 0
4.66391e-05 0
4.86968e-05 0
5.08452e-05 0
5.30884e-05 0
5.54307e-05 0
5.78762e-05 0
6.04296e-05 0
6.30957e-05 0
6.58795e-05 0
6.8786e-05 0
7.18208e-05 0
7.49894e-05 0
7.82979e-05 0
8.17523e-05 0
8.53591e-05 0
8.91251e-05 0
9.30572e-05 0
9.71628e-05 0
0.00010145 0
0.000105925 0
0.000110599 0
0.000115478 0
0.000120573 0
0.000125893 0
0.000131447 0
0.000137246 0
0.000143301 65.6718
0.000149624 0
0.000156225 0
0.000163117 0
0.000170314 0
0.000177828 0
0.000185674 0
0.000193865 0
0.000202418 0
0.000211349 0
0.000220673 0
0.000230409 0
0.000240575 0
0.000251189 0
0.000262271 0
0.000273842 0
0.000285924 0
0.000298538 0
0.000311709 0
0.000325462 0
0.000339821 0
0.000354813 0
0.000370467 0
0.000386812 0
0.000403878 0
0.000421697 0
0.000440301 0
0.000459727 0
0.00048001 0
0.000501187 0
0.000523299 0
0.000546387 0
0.000570493 0
0.000595662 0
0.000621942 0
0.000649382 0
0.000678032 0
0.000707946 0
0.00073918 0
0.000771792 0
0.000805842 0
0.000841395 0
0.000878517 0
0.000917276 0
0.000957745 0
0.001 0
0.00104412 0
0.00109018 0
0.00113828 0
0.0011885 0
0.00124094 0
0.00129569 0
0.00135285 0
0.00141254 4.59908
0.00147486 94.0204
0.00153993 0
0.00160787 0
0.0016788 96.2219
0.00175287 0
0.00183021 89.2126
0.00191095 88.8633
0.00199526 0
0.00208329 0
0.0021752 0
0.00227117 71.4936
0.00237137 0
0.002476 109.975
0.00258523 115.332
0.00269929 104.966
0.00281838 0
0.00294273 134.983
0.00307256 113.602
0.00320812 0
0.00334965 0
0.00349744 225.249
0.00365174 162.761
0.00381285 258.078
0.00398107 0
0.00415671 0
0.0043401 187.822
0.00453158 0
0.00473151 147.568
0.00494026 0
0.00515822 191.974
0.0053858 112.491
0.00562341 0
0.00587151 102.323
0.00613056 0
0.00640103 0
0.00668344 135.133
0.00697831 507.463
0.00728618 129.094
0.00760764 129.452
0.00794328 265.195
0.00829373 0
0.00865964 309.984
0.0090417 673.903
0.00944061 307.614
0.00985712 537.926
0.010292 335.96
0.0107461 698.381
0.0112202 671.524
0.0117152 501.06
0.0122321 525.159
0.0127717 596.438
0.0133352 1178.96
0.0139236 1668.81
0.0145378 842.404
0.0151792 1128.65
0.0158489 1356.25
0.0165482 1238.21
0.0172783 1207.34
0.0180406 749.892
0.0188365 1611.83
0.0196675 1202.34
0.0205353 1623.74
0.0214412 1783.2
0.0223872 2386.36
0.0233749 2057.16
0.0244062 2141.02
0.025483 2655.67
0.0266073 2693.5
0.0277811 2215.58
0.0290068 3570.9
0.0302866 3850.51
0.0316228 3881.63
0.0330179 3824.87
0.0344747 2691.73
0.0359956 4290.82
0.0375837 3923.5
0.0392419 4416.21
0.0409732 4580.02
0.0427809 4115.1
0.0446684 5790.25
0.0466391 4277.73
0.0486968 4542.53
0.0508452 6071.6
0.0530884 7787.21
0.0554307 6078.2
0.0578762 6406.98
0.0604296 7557.73
0.0630957 9442.48
0.0658795 8022.92
0.068786 8289.97
0.0718208 10313.2
0.0749894 9616.31
0.0782979 7879.47
0.0817523 12025.9
0.0853591 11986
0.0891251 11342.1
0.0930572 13066.5
0.0971628 12157.8
0.10145 12082.4
0.105925 14631.6
0.110599 12979.2
0.115478 14633.7
0.120573 16287.7
0.125893 15583.8
0.131447 14804.7
0.137246 16118.5
0.143301 14295.4
0.149624 16352.8
0.156225 17459.6
0.163117 16676.6
0.170314 15537
0.177828 14545.3
0.185674 17081.3
0.193865 15907.6
0.202418 16977.7
0.211349 17712.3
0.220673 16348.1
0.230409 15237.3
0.240575 21313.5
0.251189 20135.7
0.262271 19903.7
0.273842 21352.6
0.285924 20244.6
0.298538 19191.8
0.311709 22137.3
0.325462 20286.4
0.339821 20501.4
0.354813 20459.9
0.370467 21026.4
0.386812 23841.5
0.403878 19526.7
0.421697 19634.5
0.440301 21189.7
0.459727 19300.8
0.48001 21311.9
0.501187 19723
0.523299 21435.6
0.546387 19789.3
0.570493 19590.2
0.595662 20835.9
0.621942 18793.8
0.649382 17049.2
0.678032 17204.7
0.707946 18110.9
0.73918 16204
0.771792 17888.9
0.805842 17028.9
0.841395 16924.4
0.878517 15212.8
0.917276 13240.6
0.957745 14495.8
1 12573.1
1.04412 12094.5
1.09018 10120.4
1.13828 12400.5
1.1885 9336.16
1.24094 9093.51
1.29569 8890.43
1.35285 7186.13
1.41254 9340.22
1.47486 7785.57
1.53993 7648.61
1.60787 8134.18
1.6788 5590.14
1.75287 6588.19
1.83021 6827.49
1.91095 5514.31
1.99526 7080.29
2.08329 6009.67
2.1752 4980.75
2.27117 5158.41
2.37137 5788.03
2.476 6296.07
2.58523 5665.6
2.69929 5638.04
2.81838 4951.37
2.94273 4690.08
3.07256 4191.79
3.20812 3735.67
3.34965 4423.34
3.49744 4919.78
3.65174 5138.46
3.81285 4035.61
3.98107 3510.69
4.15671 3327.32
4.3401 3004.44
4.53158 4832.43
4.73151 3027.71
4.94026 3629.71
5.15822 3820.21
5.3858 2378.31
5.62341 3354.43
5.87151 2892.62
6.13056 2275.97
6.40103 3107.79
6.68344 2424.38
6.97831 2937.05
7.28618 2572.06
7.60764 2244.36
7.94328 1967.57
8.29373 2308.86
8.65964 2502.71
9.0417 1711.79
9.44061 2434.42
9.85712 1867.26
10.292 1303.67
10.7461 1846.32
11.2202 2196.11
11.7152 1995.87
12.2321 1517.51
12.7717 1487.52
13.3352 1302.44
13.9236 2034.02
14.5378 2154.17
15.1792 1569.42
15.8489 2286.38
16.5482 1782.82
17.2783 1866.12
18.0406 2060.28
18.8365 1465.16
19.6675 1588.08
20.5353 2637.23
21.4412 1987.61
22.3872 2071.96
23.3749 1914.45
24.4062 2149.56
25.483 2794.43
26.6073 1761.11
27.7811 2852.76
29.0068 1601.87
30.2866 2494.77
31.6228 1755.17
33.0179 2063.89
34.4747 2070.65
35.9956 2281.83
37.5837 2596.5
39.2419 1570.62
40.9732 2282.01
42.7809 2489.57
44.6684 3199.03
46.6391 2888.41
48.6968 2739.53
50.8452 2549.92
53.0884 3374.54
55.4307 3259.94
57.8762 3026.79
60.4296 2996.94
63.0957 3588.52
65.8795 3751.14
68.786 4327.55
71.8208 4376.76
74.9894 3054.36
78.2979 3600.99
81.7523 4183.26
85.3591 3163.46
89.1251 3962.91
93.0572 4596.43
97.1628 4270.36
101.45 4821.72
105.925 5034.74
110.599 5006.73
115.478 3893.66
120.573 3990.63
125.893 5659.7
131.447 6785.29
137.246 5984.03
143.301 4861.08
149.624 5626.73
156.225 6815.86
163.117 4602.32
170.314 6779.13
177.828 6608.91
185.674 5785.83
193.865 7097.25
202.418 6241.72
211.349 7792.94
220.673 8306.25
230.409 8694.77
240.575 8148.59
251.189 9390.54
262.271 7521.94
273.842 7078.39
285.924 8322.76
298.538 11446.5
311.709 10365.3
325.462 9064.01
339.821 9030.24
354.813 7689.02
370.467 5540.39
386.812 6076.27
403.878 5175.4
421.697 2970.55
440.301 2125.97
459.727 2400.98
480.01 1313.19
501.187 1678.58
523.299 1303.8
546.387 888.838
570.493 816.335
595.662 597.217
621.942 152.673
649.382 383.661
678.032 316.207
707.946 0
739.18 311.817
771.792 282.154
805.842 221.412
841.395 90.9266
878.517 0
917.276 0
957.745 0
1000 0
