# First line is two numbers 
#     First value is '2', it means 'histogram mode'
#     Second value is 'Emin' of the histogram
# Other lines : 2 columns. 1) energy 2) probability (nb divided by NbEvent)
# Number of bins = 480
# Content below the first bin: 0
# Content above the last  bin: 0
# Content above the last  bin: 0
# Number of events: 209000
2 1e-06
1.04412e-06 0
1.09018e-06 0
1.13828e-06 0
1.1885e-06 0
1.24094e-06 0
1.29569e-06 0
1.35285e-06 0
1.41254e-06 0
1.47486e-06 0
1.53993e-06 0
1.60787e-06 0
1.6788e-06 0
1.75287e-06 0
1.83021e-06 0
1.91095e-06 0
1.99526e-06 0
2.08329e-06 0
2.1752e-06 0
2.27117e-06 0
2.37137e-06 0
2.476e-06 0
2.58523e-06 0
2.69929e-06 0
2.81838e-06 0
2.94273e-06 0
3.07256e-06 0
3.20812e-06 0
3.34965e-06 0
3.49744e-06 0
3.65174e-06 0
3.81285e-06 0
3.98107e-06 0
4.15671e-06 0
4.3401e-06 0
4.53158e-06 0
4.73151e-06 0
4.94026e-06 0
5.15822e-06 0
5.3858e-06 0
5.62341e-06 0
5.87151e-06 0
6.13056e-06 0
6.40103e-06 0
6.68344e-06 0
6.97831e-06 0
7.28618e-06 0
7.60764e-06 0
7.94328e-06 0
8.29373e-06 0
8.65964e-06 0
9.0417e-06 0
9.44061e-06 0
9.85712e-06 0
1.0292e-05 0
1.07461e-05 0
1.12202e-05 0
1.17152e-05 0
1.22321e-05 0
1.27717e-05 0
1.33352e-05 0
1.39236e-05 0
1.45378e-05 0
1.51792e-05 0
1.58489e-05 0
1.65482e-05 0
1.72783e-05 0
1.80406e-05 0
1.88365e-05 0
1.96675e-05 0
2.05353e-05 0
2.14412e-05 0
2.23872e-05 0
2.33749e-05 0
2.44062e-05 0
2.5483e-05 0
2.66073e-05 0
2.77811e-05 0
2.90068e-05 0
3.02866e-05 0
3.16228e-05 0
3.30179e-05 0
3.44747e-05 0
3.59956e-05 0
3.75837e-05 0
3.92419e-05 0
4.09732e-05 0
4.27809e-05 0
4.46684e-05 0
4.66391e-05 0
4.86968e-05 0
5.08452e-05 0
5.30884e-05 0
5.54307e-05 0
5.78762e-05 0
6.04296e-05 0
6.30957e-05 0
6.58795e-05 0
6.8786e-05 79.6509
7.18208e-05 0
7.49894e-05 0
7.82979e-05 0
8.17523e-05 0
8.53591e-05 0
8.91251e-05 0
9.30572e-05 0
9.71628e-05 0
0.00010145 0
0.000105925 0
0.000110599 0
0.000115478 0
0.000120573 0
0.000125893 0
0.000131447 0
0.000137246 0
0.000143301 0
0.000149624 0
0.000156225 0
0.000163117 0
0.000170314 0
0.000177828 0
0.000185674 0
0.000193865 0
0.000202418 0
0.000211349 0
0.000220673 0
0.000230409 0
0.000240575 0
0.000251189 0
0.000262271 0
0.000273842 0
0.000285924 0
0.000298538 0
0.000311709 0
0.000325462 0
0.000339821 0
0.000354813 0
0.000370467 0
0.000386812 0
0.000403878 0
0.000421697 0
0.000440301 43.6272
0.000459727 0
0.00048001 0
0.000501187 0
0.000523299 0
0.000546387 0
0.000570493 0
0.000595662 0
0.000621942 0
0.000649382 0
0.000678032 0
0.000707946 0
0.00073918 0
0.000771792 0
0.000805842 0
0.000841395 0
0.000878517 0
0.000917276 0
0.000957745 0
0.001 0
0.00104412 0
0.00109018 0
0.00113828 0
0.0011885 0
0.00124094 0
0.00129569 0
0.00135285 0
0.00141254 0
0.00147486 135.032
0.00153993 109.56
0.00160787 104.76
0.0016788 0
0.00175287 0
0.00183021 0
0.00191095 0
0.00199526 102.618
0.00208329 0
0.0021752 0
0.00227117 0
0.00237137 0
0.002476 0
0.00258523 0
0.00269929 0
0.00281838 108.666
0.00294273 89.5594
0.00307256 0
0.00320812 115.765
0.00334965 127.119
0.00349744 0
0.00365174 97.9221
0.00381285 0
0.00398107 0
0.00415671 28.1458
0.0043401 80.8353
0.00453158 0
0.00473151 212.282
0.00494026 162.206
0.00515822 42.6471
0.0053858 347.061
0.00562341 0
0.00587151 421.576
0.00613056 76.5008
0.00640103 171.81
0.00668344 87.5419
0.00697831 149.768
0.00728618 445.825
0.00760764 368.524
0.00794328 243.535
0.00829373 461.615
0.00865964 143.981
0.0090417 371.693
0.00944061 532.755
0.00985712 291.453
0.010292 194.674
0.0107461 692.871
0.0112202 458.256
0.0117152 730.757
0.0122321 1106.61
0.0127717 658.947
0.0133352 602.743
0.0139236 482.872
0.0145378 993.296
0.0151792 1439.46
0.0158489 1321.81
0.0165482 1763.57
0.0172783 1344.33
0.0180406 1623.42
0.0188365 1617.59
0.0196675 1631.63
0.0205353 1461.16
0.0214412 1667.2
0.0223872 1561.51
0.0233749 2440.95
0.0244062 2045.28
0.025483 2146.37
0.0266073 2864.81
0.0277811 3302.28
0.0290068 2037.95
0.0302866 3297.4
0.0316228 3103.8
0.0330179 3714.64
0.0344747 2494.13
0.0359956 4926.01
0.0375837 4200.06
0.0392419 4912.92
0.0409732 4871.01
0.0427809 4452.08
0.0446684 4694.16
0.0466391 6392.44
0.0486968 5041.33
0.0508452 6827.69
0.0530884 6147.12
0.0554307 7211.54
0.0578762 6135.35
0.0604296 7105.45
0.0630957 7223.32
0.0658795 8583.38
0.068786 8013.77
0.0718208 9730.9
0.0749894 8875.68
0.0782979 9277.45
0.0817523 9741.49
0.0853591 10565.4
0.0891251 10750.1
0.0930572 11569.8
0.0971628 12886.4
0.10145 12635.5
0.105925 11902.9
0.110599 12275.8
0.115478 13097.4
0.120573 16256.9
0.125893 15018.1
0.131447 17307.5
0.137246 14932.6
0.143301 10091.4
0.149624 16554.6
0.156225 16048
0.163117 15877.9
0.170314 16788.2
0.177828 17019.9
0.185674 19271.5
0.193865 16273.9
0.202418 16671.9
0.211349 20077.6
0.220673 20719.2
0.230409 18319.7
0.240575 19003.7
0.251189 17903.2
0.262271 19660.2
0.273842 19442.6
0.285924 20617.2
0.298538 22508.4
0.311709 17950.3
0.325462 18927.1
0.339821 18931.8
0.354813 20378.4
0.370467 18361.3
0.386812 20901.7
0.403878 19086.1
0.421697 19456.8
0.440301 19793.9
0.459727 20372.1
0.48001 19348.9
0.501187 19597.4
0.523299 20733.5
0.546387 17068.3
0.570493 21893.6
0.595662 18200.2
0.621942 19541.1
0.649382 17172.2
0.678032 16295.6
0.707946 19347
0.73918 17723.6
0.771792 17918.3
0.805842 15281
0.841395 15623.6
0.878517 15049.5
0.917276 13793.1
0.957745 11281.5
1 12194.5
1.04412 12543
1.09018 10737.4
1.13828 11682.6
1.1885 8614.59
1.24094 8779.37
1.29569 8830.18
1.35285 9529.32
1.41254 7796.75
1.47486 7560.48
1.53993 8064.01
1.60787 6465
1.6788 7167.97
1.75287 6620.81
1.83021 6737.84
1.91095 5380.78
1.99526 6867.87
2.08329 5241.34
2.1752 5040.52
2.27117 5887.48
2.37137 4716.62
2.476 5574.92
2.58523 4725.5
2.69929 5389.12
2.81838 4440.44
2.94273 4505.78
3.07256 4797.69
3.20812 4884.84
3.34965 4706.55
3.49744 4212.93
3.65174 3114.7
3.81285 4359.01
3.98107 3524.21
4.15671 2717.44
4.3401 4118.35
4.53158 3121.96
4.73151 3391.05
4.94026 2781.68
5.15822 2710.57
5.3858 3480.95
5.62341 2150.15
5.87151 3025.76
6.13056 2298.04
6.40103 2271.32
6.68344 2683.21
6.97831 2981.6
7.28618 3763.75
7.60764 2216.72
7.94328 2213.32
8.29373 2877.99
8.65964 1385.61
9.0417 1310.94
9.44061 2470.08
9.85712 1425.08
10.292 2799.64
10.7461 3041.07
11.2202 2475.23
11.7152 1660.1
12.2321 1938.28
12.7717 2272.87
13.3352 1231.75
13.9236 1579.25
14.5378 1629.23
15.1792 1995.83
15.8489 1803.19
16.5482 1635.21
17.2783 1819.49
18.0406 1727.23
18.8365 2043.51
19.6675 1439.43
20.5353 2143.64
21.4412 1676.69
22.3872 2048.87
23.3749 1734.41
24.4062 2403.76
25.483 1913.36
26.6073 1766.29
27.7811 2006.09
29.0068 1340.57
30.2866 2119.36
31.6228 2479.66
33.0179 2587.89
34.4747 2287.21
35.9956 1891.28
37.5837 2839.8
39.2419 2223.36
40.9732 2647.72
42.7809 2048.86
44.6684 2725.04
46.6391 3269.47
48.6968 4493.2
50.8452 3021.02
53.0884 2388.26
55.4307 3302.97
57.8762 3527.93
60.4296 3183.94
63.0957 3805.34
65.8795 2990.83
68.786 4001.11
71.8208 3717.29
74.9894 4019.74
78.2979 4748.47
81.7523 3864.7
85.3591 3853.23
89.1251 4309.04
93.0572 4655.81
97.1628 4052.39
101.45 4330.54
105.925 4385.48
110.599 4550.46
115.478 5801.94
120.573 4397.21
125.893 4976.37
131.447 4295.53
137.246 6036.32
143.301 5276.75
149.624 4919.1
156.225 5120.15
163.117 6468.37
170.314 6349.35
177.828 6749.58
185.674 7234.9
193.865 6997.38
202.418 7601.67
211.349 6724.69
220.673 7155.14
230.409 9770.06
240.575 8944.47
251.189 8125.26
262.271 8784.01
273.842 7609.21
285.924 8045.87
298.538 11290.7
311.709 9075.48
325.462 9445.78
339.821 9214.9
354.813 8276.12
370.467 6261.87
386.812 6330.34
403.878 4593.83
421.697 2735.7
440.301 3052.62
459.727 2228.11
480.01 1284.7
501.187 1017.28
523.299 1715.85
546.387 684.96
570.493 873.386
595.662 1286.2
621.942 481.098
649.382 432.247
678.032 99.6067
707.946 601.404
739.18 166.879
771.792 323.846
805.842 126.849
841.395 117.227
878.517 250.638
917.276 57.8097
957.745 106.536
1000 0
