# First line is two numbers 
#     First value is '2', it means 'histogram mode'
#     Second value is 'Emin' of the histogram
# Other lines : 2 columns. 1) energy 2) probability (nb divided by NbEvent)
# Number of bins = 480
# Content below the first bin: 0
# Content above the last  bin: 0
# Content above the last  bin: 0
# Number of events: 209000
2 1e-06
1.04412e-06 0
1.09018e-06 0
1.13828e-06 0
1.1885e-06 0
1.24094e-06 0
1.29569e-06 0
1.35285e-06 0
1.41254e-06 0
1.47486e-06 0
1.53993e-06 0
1.60787e-06 0
1.6788e-06 0
1.75287e-06 0
1.83021e-06 0
1.91095e-06 0
1.99526e-06 0
2.08329e-06 0
2.1752e-06 0
2.27117e-06 0
2.37137e-06 0
2.476e-06 0
2.58523e-06 0
2.69929e-06 0
2.81838e-06 0
2.94273e-06 0
3.07256e-06 0
3.20812e-06 0
3.34965e-06 0
3.49744e-06 0
3.65174e-06 0
3.81285e-06 0
3.98107e-06 0
4.15671e-06 0
4.3401e-06 0
4.53158e-06 0
4.73151e-06 0
4.94026e-06 0
5.15822e-06 0
5.3858e-06 0
5.62341e-06 0
5.87151e-06 0
6.13056e-06 0
6.40103e-06 0
6.68344e-06 0
6.97831e-06 0
7.28618e-06 0
7.60764e-06 0
7.94328e-06 0
8.29373e-06 0
8.65964e-06 0
9.0417e-06 0
9.44061e-06 0
9.85712e-06 0
1.0292e-05 0
1.07461e-05 0
1.12202e-05 0
1.17152e-05 0
1.22321e-05 0
1.27717e-05 0
1.33352e-05 0
1.39236e-05 0
1.45378e-05 0
1.51792e-05 0
1.58489e-05 0
1.65482e-05 0
1.72783e-05 0
1.80406e-05 0
1.88365e-05 0
1.96675e-05 0
2.05353e-05 0
2.14412e-05 0
2.23872e-05 0
2.33749e-05 0
2.44062e-05 0
2.5483e-05 0
2.66073e-05 0
2.77811e-05 0
2.90068e-05 0
3.02866e-05 0
3.16228e-05 0
3.30179e-05 0
3.44747e-05 0
3.59956e-05 0
3.75837e-05 0
3.92419e-05 0
4.09732e-05 0
4.27809e-05 0
4.46684e-05 0
4.66391e-05 0
4.86968e-05 0
5.08452e-05 0
5.30884e-05 0
5.54307e-05 0
5.78762e-05 0
6.04296e-05 0
6.30957e-05 0
6.58795e-05 0
6.8786e-05 0
7.18208e-05 0
7.49894e-05 0
7.82979e-05 0
8.17523e-05 0
8.53591e-05 0
8.91251e-05 0
9.30572e-05 0
9.71628e-05 0
0.00010145 0
0.000105925 0
0.000110599 0
0.000115478 0
0.000120573 0
0.000125893 0
0.000131447 0
0.000137246 0
0.000143301 0
0.000149624 0
0.000156225 0
0.000163117 0
0.000170314 0
0.000177828 0
0.000185674 0
0.000193865 0
0.000202418 0
0.000211349 0
0.000220673 0
0.000230409 0
0.000240575 0
0.000251189 0
0.000262271 0
0.000273842 0
0.000285924 0
0.000298538 0
0.000311709 0
0.000325462 0
0.000339821 0
0.000354813 0
0.000370467 0
0.000386812 0
0.000403878 0
0.000421697 0
0.000440301 0
0.000459727 0
0.00048001 0
0.000501187 0
0.000523299 0
0.000546387 0
0.000570493 0
0.000595662 0
0.000621942 0
0.000649382 0
0.000678032 0
0.000707946 0
0.00073918 0
0.000771792 0
0.000805842 0
0.000841395 0
0.000878517 0
0.000917276 0
0.000957745 0
0.001 0
0.00104412 31.7599
0.00109018 0
0.00113828 0
0.0011885 0
0.00124094 0
0.00129569 89.0856
0.00135285 0
0.00141254 114.328
0.00147486 0
0.00153993 0
0.00160787 0
0.0016788 59.0505
0.00175287 0
0.00183021 0
0.00191095 52.8754
0.00199526 0
0.00208329 107.778
0.0021752 90.6818
0.00227117 228.862
0.00237137 86.5135
0.002476 70.2369
0.00258523 0
0.00269929 0
0.00281838 0
0.00294273 92.6688
0.00307256 0
0.00320812 72.6721
0.00334965 115.084
0.00349744 74.983
0.00365174 0
0.00381285 81.9151
0.00398107 0
0.00415671 0
0.0043401 0
0.00453158 89.9036
0.00473151 116.623
0.00494026 51.0223
0.00515822 119.955
0.0053858 212.898
0.00562341 330.568
0.00587151 181.404
0.00613056 246.594
0.00640103 116.62
0.00668344 302.042
0.00697831 295.399
0.00728618 581.114
0.00760764 235.55
0.00794328 181.609
0.00829373 219.812
0.00865964 287.375
0.0090417 730.942
0.00944061 461.401
0.00985712 94.0512
0.010292 241.491
0.0107461 647.074
0.0112202 533.087
0.0117152 439.314
0.0122321 834.519
0.0127717 596.176
0.0133352 749.037
0.0139236 365.135
0.0145378 1156.6
0.0151792 1409
0.0158489 1308.57
0.0165482 1513.7
0.0172783 1064.44
0.0180406 1141.03
0.0188365 2090.61
0.0196675 1618.5
0.0205353 2037.38
0.0214412 1765.85
0.0223872 1943.05
0.0233749 1592.87
0.0244062 2225.37
0.025483 2330.35
0.0266073 1950.57
0.0277811 2827.98
0.0290068 2393.62
0.0302866 3161.28
0.0316228 2389.19
0.0330179 3806.17
0.0344747 4112.02
0.0359956 3941.25
0.0375837 3585.9
0.0392419 5412.26
0.0409732 4689.41
0.0427809 5733.24
0.0446684 5861.92
0.0466391 4853.61
0.0486968 6415.78
0.0508452 5176.19
0.0530884 7014.95
0.0554307 6254.72
0.0578762 6395.55
0.0604296 8578.08
0.0630957 9332.42
0.0658795 8823.5
0.068786 7894.83
0.0718208 9953.85
0.0749894 8166.17
0.0782979 7530.86
0.0817523 9796.81
0.0853591 11659.7
0.0891251 11818.5
0.0930572 11733.5
0.0971628 12030.2
0.10145 12855.3
0.105925 11705.3
0.110599 11855.5
0.115478 13643.3
0.120573 15636.5
0.125893 15798.9
0.131447 15890.5
0.137246 15895.6
0.143301 17520.5
0.149624 16289.2
0.156225 15347.2
0.163117 15978.5
0.170314 17508.5
0.177828 16925.9
0.185674 14116.1
0.193865 16583.5
0.202418 17495.6
0.211349 17514.9
0.220673 19699.9
0.230409 17368.3
0.240575 17588.5
0.251189 15855.7
0.262271 18545.3
0.273842 18126.5
0.285924 18022
0.298538 17042.9
0.311709 17579.9
0.325462 19377.4
0.339821 22019.8
0.354813 20425.8
0.370467 21246.9
0.386812 19578.6
0.403878 17696.7
0.421697 20102.4
0.440301 17959.8
0.459727 21004.4
0.48001 21755.3
0.501187 19618.5
0.523299 20692.3
0.546387 19306.1
0.570493 20184.3
0.595662 19837.5
0.621942 18786.3
0.649382 18723
0.678032 19754.2
0.707946 16431.7
0.73918 17811.8
0.771792 18642.8
0.805842 17655.3
0.841395 15864
0.878517 16060.7
0.917276 16308.8
0.957745 12443.2
1 12767.8
1.04412 12159.9
1.09018 11827.9
1.13828 11061.1
1.1885 11035.8
1.24094 8233.74
1.29569 9058.89
1.35285 9497
1.41254 8106.11
1.47486 6598.57
1.53993 6535.09
1.60787 7472.14
1.6788 8094.85
1.75287 7152.18
1.83021 7794.38
1.91095 6383.62
1.99526 4996.57
2.08329 6024.73
2.1752 6571.8
2.27117 4884.81
2.37137 6280.17
2.476 6322.5
2.58523 6309.36
2.69929 5185.18
2.81838 5163.94
2.94273 4243.75
3.07256 3950.05
3.20812 4112.68
3.34965 5082.64
3.49744 4233.05
3.65174 2948.88
3.81285 3663.54
3.98107 3759.26
4.15671 3911.96
4.3401 3790.37
4.53158 3492.35
4.73151 3705.85
4.94026 3687.75
5.15822 3864.62
5.3858 2880.52
5.62341 2928.88
5.87151 3056.33
6.13056 2964.8
6.40103 3096.11
6.68344 1875.21
6.97831 2327.43
7.28618 2204.68
7.60764 2534.08
7.94328 2066.95
8.29373 1816.57
8.65964 1914.98
9.0417 2507.43
9.44061 2519.12
9.85712 1950.8
10.292 1771.04
10.7461 1816.86
11.2202 1847.28
11.7152 2202.89
12.2321 2252.9
12.7717 2167.66
13.3352 2292.18
13.9236 1830.43
14.5378 1600.79
15.1792 1550.55
15.8489 2290.59
16.5482 1290.53
17.2783 1369.09
18.0406 2261.37
18.8365 1309.95
19.6675 1322.34
20.5353 1778.65
21.4412 1682.46
22.3872 1262.02
23.3749 1330.71
24.4062 1633.2
25.483 2243.35
26.6073 1947.34
27.7811 2145.79
29.0068 2032.37
30.2866 2555.76
31.6228 2073.44
33.0179 1614.41
34.4747 2678.01
35.9956 2474.49
37.5837 3165.34
39.2419 2379.9
40.9732 2796.82
42.7809 2494.25
44.6684 3363.01
46.6391 2178.14
48.6968 2633.25
50.8452 2682.82
53.0884 2851.44
55.4307 2203.16
57.8762 3403.17
60.4296 3671.68
63.0957 3927.11
65.8795 3475.05
68.786 3894.2
71.8208 3801.42
74.9894 3455.38
78.2979 3096.02
81.7523 4393.34
85.3591 3153.01
89.1251 4324.7
93.0572 5268.37
97.1628 4582.61
101.45 5266.9
105.925 5293
110.599 4829.26
115.478 4809.93
120.573 5336.74
125.893 4683.43
131.447 5014.89
137.246 5278.44
143.301 5142.2
149.624 6202.3
156.225 5166.72
163.117 5108.38
170.314 5892.93
177.828 5253.92
185.674 5807.57
193.865 5096.08
202.418 7814.52
211.349 8104.65
220.673 7320.43
230.409 8535.38
240.575 9238.78
251.189 9201.7
262.271 8437.48
273.842 8745.26
285.924 8422.72
298.538 10325.5
311.709 10349.4
325.462 9972.08
339.821 8265.88
354.813 7664.06
370.467 8305.82
386.812 5247.25
403.878 4364.53
421.697 3122.28
440.301 2368.04
459.727 2682.35
480.01 1515.75
501.187 1043.67
523.299 910.048
546.387 1174.9
570.493 795.835
595.662 584.163
621.942 849.046
649.382 445.114
678.032 316.032
707.946 530.758
739.18 134.865
771.792 500.711
805.842 56.2264
841.395 119.919
878.517 85.6375
917.276 158.212
957.745 0
1000 0
