# First line is two numbers 
#     First value is '2', it means 'histogram mode'
#     Second value is 'Emin' of the histogram
# Other lines : 2 columns. 1) energy 2) probability (nb divided by NbEvent)
# Number of bins = 480
# Content below the first bin: 0
# Content above the last  bin: 0
# Content above the last  bin: 0
# Number of events: 209000
2 1e-06
1.04412e-06 0
1.09018e-06 0
1.13828e-06 0
1.1885e-06 0
1.24094e-06 0
1.29569e-06 0
1.35285e-06 0
1.41254e-06 0
1.47486e-06 0
1.53993e-06 0
1.60787e-06 0
1.6788e-06 0
1.75287e-06 0
1.83021e-06 0
1.91095e-06 0
1.99526e-06 0
2.08329e-06 0
2.1752e-06 0
2.27117e-06 0
2.37137e-06 0
2.476e-06 0
2.58523e-06 0
2.69929e-06 0
2.81838e-06 0
2.94273e-06 0
3.07256e-06 0
3.20812e-06 0
3.34965e-06 0
3.49744e-06 0
3.65174e-06 0
3.81285e-06 0
3.98107e-06 0
4.15671e-06 0
4.3401e-06 0
4.53158e-06 0
4.73151e-06 0
4.94026e-06 0
5.15822e-06 0
5.3858e-06 0
5.62341e-06 0
5.87151e-06 0
6.13056e-06 0
6.40103e-06 0
6.68344e-06 0
6.97831e-06 0
7.28618e-06 0
7.60764e-06 0
7.94328e-06 0
8.29373e-06 0
8.65964e-06 0
9.0417e-06 0
9.44061e-06 0
9.85712e-06 0
1.0292e-05 0
1.07461e-05 0
1.12202e-05 0
1.17152e-05 0
1.22321e-05 0
1.27717e-05 0
1.33352e-05 0
1.39236e-05 0
1.45378e-05 0
1.51792e-05 0
1.58489e-05 0
1.65482e-05 0
1.72783e-05 0
1.80406e-05 0
1.88365e-05 0
1.96675e-05 0
2.05353e-05 0
2.14412e-05 0
2.23872e-05 0
2.33749e-05 0
2.44062e-05 0
2.5483e-05 0
2.66073e-05 0
2.77811e-05 0
2.90068e-05 0
3.02866e-05 0
3.16228e-05 0
3.30179e-05 0
3.44747e-05 0
3.59956e-05 0
3.75837e-05 0
3.92419e-05 0
4.09732e-05 0
4.27809e-05 0
4.46684e-05 0
4.66391e-05 0
4.86968e-05 0
5.08452e-05 0
5.30884e-05 0
5.54307e-05 0
5.78762e-05 0
6.04296e-05 0
6.30957e-05 0
6.58795e-05 0
6.8786e-05 0
7.18208e-05 0
7.49894e-05 0
7.82979e-05 0
8.17523e-05 0
8.53591e-05 0
8.91251e-05 0
9.30572e-05 0
9.71628e-05 0
0.00010145 0
0.000105925 0
0.000110599 0
0.000115478 0
0.000120573 0
0.000125893 0
0.000131447 0
0.000137246 0
0.000143301 0
0.000149624 0
0.000156225 0
0.000163117 0
0.000170314 0
0.000177828 0
0.000185674 0
0.000193865 0
0.000202418 0
0.000211349 0
0.000220673 0
0.000230409 0
0.000240575 0
0.000251189 0
0.000262271 0
0.000273842 0
0.000285924 0
0.000298538 0
0.000311709 0
0.000325462 0
0.000339821 0
0.000354813 0
0.000370467 0
0.000386812 0
0.000403878 0
0.000421697 0
0.000440301 0
0.000459727 0
0.00048001 0
0.000501187 0
0.000523299 0
0.000546387 0
0.000570493 0
0.000595662 0
0.000621942 0
0.000649382 0
0.000678032 0
0.000707946 0
0.00073918 0
0.000771792 0
0.000805842 0
0.000841395 0
0.000878517 0
0.000917276 0
0.000957745 0
0.001 0
0.00104412 0
0.00109018 0
0.00113828 0
0.0011885 0
0.00124094 0
0.00129569 0
0.00135285 0
0.00141254 0
0.00147486 0
0.00153993 0
0.00160787 0
0.0016788 0
0.00175287 0
0.00183021 0
0.00191095 0
0.00199526 0
0.00208329 0
0.0021752 0
0.00227117 0
0.00237137 0
0.002476 0
0.00258523 0
0.00269929 0
0.00281838 0
0.00294273 0
0.00307256 0
0.00320812 0
0.00334965 0
0.00349744 0
0.00365174 0
0.00381285 0
0.00398107 0
0.00415671 0
0.0043401 0
0.00453158 0
0.00473151 0
0.00494026 0
0.00515822 0
0.0053858 0
0.00562341 0
0.00587151 0
0.00613056 0
0.00640103 0
0.00668344 0
0.00697831 0
0.00728618 0
0.00760764 0
0.00794328 0
0.00829373 0
0.00865964 0
0.0090417 0
0.00944061 0
0.00985712 0
0.010292 0
0.0107461 0
0.0112202 0
0.0117152 110.259
0.0122321 0
0.0127717 0
0.0133352 0
0.0139236 0
0.0145378 0
0.0151792 0
0.0158489 0
0.0165482 0
0.0172783 82.512
0.0180406 0
0.0188365 0
0.0196675 168.036
0.0205353 0
0.0214412 103.491
0.0223872 0
0.0233749 79.0546
0.0244062 0
0.025483 0
0.0266073 0
0.0277811 0
0.0290068 0
0.0302866 0
0.0316228 0
0.0330179 0
0.0344747 0
0.0359956 0
0.0375837 46.0586
0.0392419 305.041
0.0409732 88.4326
0.0427809 0
0.0446684 43.334
0.0466391 55.1452
0.0486968 0
0.0508452 0
0.0530884 39.3501
0.0554307 156.203
0.0578762 116.61
0.0604296 0
0.0630957 0
0.0658795 224.015
0.068786 44.3356
0.0718208 0
0.0749894 301.854
0.0782979 0
0.0817523 114.162
0.0853591 135.382
0.0891251 109.746
0.0930572 412.842
0.0971628 112.243
0.10145 344.681
0.105925 113.395
0.110599 144.597
0.115478 248.183
0.120573 216.243
0.125893 241.892
0.131447 282.591
0.137246 274.132
0.143301 120.44
0.149624 246.81
0.156225 421.807
0.163117 387.614
0.170314 286.513
0.177828 207.517
0.185674 203.228
0.193865 512.488
0.202418 473.252
0.211349 103.159
0.220673 190.774
0.230409 280.494
0.240575 169.68
0.251189 402.52
0.262271 153.537
0.273842 485.104
0.285924 70.7021
0.298538 64.1939
0.311709 642.734
0.325462 321.828
0.339821 260.14
0.354813 89.4819
0.370467 444.695
0.386812 425.361
0.403878 957.543
0.421697 219.71
0.440301 185.456
0.459727 256.472
0.48001 945.45
0.501187 709.058
0.523299 601.409
0.546387 501.721
0.570493 628.212
0.595662 318.404
0.621942 230.266
0.649382 676.866
0.678032 376.006
0.707946 372.014
0.73918 171.014
0.771792 445.147
0.805842 538.218
0.841395 346.893
0.878517 401.888
0.917276 110.144
0.957745 317.66
1 727.775
1.04412 185.036
1.09018 448.014
1.13828 629.287
1.1885 522.983
1.24094 202.906
1.29569 83.6538
1.35285 208.274
1.41254 176.553
1.47486 58.5192
1.53993 415.234
1.60787 286.454
1.6788 0
1.75287 240.806
1.83021 62.3862
1.91095 195.609
1.99526 259.023
2.08329 185.899
2.1752 67.3073
2.27117 226.204
2.37137 107.947
2.476 272.803
2.58523 354.506
2.69929 0
2.81838 103.996
2.94273 280.576
3.07256 181.692
3.20812 0
3.34965 0
3.49744 637.702
3.65174 188.797
3.81285 120.242
3.98107 158.78
4.15671 0
4.3401 171.179
4.53158 318.001
4.73151 183.672
4.94026 0
5.15822 0
5.3858 292.741
5.62341 0
5.87151 108.444
6.13056 72.6563
6.40103 245.035
6.68344 0
6.97831 0
7.28618 102.468
7.60764 0
7.94328 0
8.29373 0
8.65964 74.2336
9.0417 90.3555
9.44061 236.106
9.85712 0
10.292 53.1022
10.7461 92.4411
11.2202 87.8552
11.7152 24.2779
12.2321 0
12.7717 163.774
13.3352 0
13.9236 0
14.5378 0
15.1792 0
15.8489 0
16.5482 74.097
17.2783 67.7137
18.0406 0
18.8365 0
19.6675 157.385
20.5353 29.3536
21.4412 0
22.3872 0
23.3749 119.914
24.4062 117.476
25.483 0
26.6073 0
27.7811 26.4039
29.0068 101.713
30.2866 0
31.6228 61.1821
33.0179 0
34.4747 102.452
35.9956 0
37.5837 29.0175
39.2419 69.8392
40.9732 183.526
42.7809 301.869
44.6684 12.6356
46.6391 59.8784
48.6968 0
50.8452 44.611
53.0884 79.9583
55.4307 66.9456
57.8762 293.033
60.4296 36.0737
63.0957 120.851
65.8795 0
68.786 110.56
71.8208 217.593
74.9894 101.908
78.2979 0
81.7523 0
85.3591 99.2227
89.1251 66.145
93.0572 66.2937
97.1628 210.344
101.45 26.9683
105.925 92.8583
110.599 109.553
115.478 103.405
120.573 404.444
125.893 76.6033
131.447 204.779
137.246 188.688
143.301 324.212
149.624 83.6014
156.225 0
163.117 99.5814
170.314 49.7013
177.828 103.627
185.674 181.432
193.865 254.83
202.418 0
211.349 151.923
220.673 88.9511
230.409 0
240.575 58.74
251.189 0
262.271 98.8206
273.842 0
285.924 168.289
298.538 0
311.709 273.705
325.462 297.097
339.821 68.6605
354.813 0
370.467 0
386.812 48.3761
403.878 0
421.697 0
440.301 0
459.727 0
480.01 0
501.187 0
523.299 0
546.387 0
570.493 0
595.662 107.455
621.942 0
649.382 0
678.032 0
707.946 0
739.18 0
771.792 0
805.842 0
841.395 0
878.517 0
917.276 0
957.745 0
1000 0
