# First line is two numbers 
#     First value is '2', it means 'histogram mode'
#     Second value is 'Emin' of the histogram
# Other lines : 2 columns. 1) energy 2) probability (nb divided by NbEvent)
# Number of bins = 480
# Content below the first bin: 0
# Content above the last  bin: 0
# Content above the last  bin: 0
# Number of events: 209000
2 1e-06
1.04412e-06 0
1.09018e-06 0
1.13828e-06 0
1.1885e-06 0
1.24094e-06 0
1.29569e-06 0
1.35285e-06 0
1.41254e-06 0
1.47486e-06 0
1.53993e-06 0
1.60787e-06 0
1.6788e-06 0
1.75287e-06 0
1.83021e-06 0
1.91095e-06 0
1.99526e-06 0
2.08329e-06 0
2.1752e-06 0
2.27117e-06 0
2.37137e-06 0
2.476e-06 0
2.58523e-06 0
2.69929e-06 0
2.81838e-06 0
2.94273e-06 0
3.07256e-06 0
3.20812e-06 0
3.34965e-06 0
3.49744e-06 0
3.65174e-06 0
3.81285e-06 0
3.98107e-06 0
4.15671e-06 0
4.3401e-06 0
4.53158e-06 0
4.73151e-06 0
4.94026e-06 0
5.15822e-06 0
5.3858e-06 0
5.62341e-06 0
5.87151e-06 0
6.13056e-06 0
6.40103e-06 0
6.68344e-06 0
6.97831e-06 0
7.28618e-06 0
7.60764e-06 0
7.94328e-06 0
8.29373e-06 0
8.65964e-06 0
9.0417e-06 0
9.44061e-06 0
9.85712e-06 0
1.0292e-05 0
1.07461e-05 0
1.12202e-05 0
1.17152e-05 0
1.22321e-05 0
1.27717e-05 0
1.33352e-05 0
1.39236e-05 0
1.45378e-05 0
1.51792e-05 0
1.58489e-05 0
1.65482e-05 0
1.72783e-05 0
1.80406e-05 0
1.88365e-05 0
1.96675e-05 0
2.05353e-05 0
2.14412e-05 0
2.23872e-05 0
2.33749e-05 0
2.44062e-05 0
2.5483e-05 0
2.66073e-05 0
2.77811e-05 0
2.90068e-05 0
3.02866e-05 0
3.16228e-05 0
3.30179e-05 0
3.44747e-05 0
3.59956e-05 0
3.75837e-05 0
3.92419e-05 0
4.09732e-05 0
4.27809e-05 0
4.46684e-05 0
4.66391e-05 0
4.86968e-05 0
5.08452e-05 0
5.30884e-05 0
5.54307e-05 0
5.78762e-05 0
6.04296e-05 0
6.30957e-05 0
6.58795e-05 0
6.8786e-05 0
7.18208e-05 0
7.49894e-05 0
7.82979e-05 0
8.17523e-05 0
8.53591e-05 0
8.91251e-05 0
9.30572e-05 0
9.71628e-05 0
0.00010145 0
0.000105925 0
0.000110599 0
0.000115478 0
0.000120573 0
0.000125893 0
0.000131447 0
0.000137246 0
0.000143301 0
0.000149624 0
0.000156225 0
0.000163117 0
0.000170314 0
0.000177828 0
0.000185674 0
0.000193865 0
0.000202418 0
0.000211349 0
0.000220673 0
0.000230409 0
0.000240575 0
0.000251189 0
0.000262271 0
0.000273842 0
0.000285924 0
0.000298538 0
0.000311709 0
0.000325462 0
0.000339821 0
0.000354813 0
0.000370467 0
0.000386812 0
0.000403878 0
0.000421697 0
0.000440301 0
0.000459727 0
0.00048001 0
0.000501187 0
0.000523299 0
0.000546387 0
0.000570493 0
0.000595662 0
0.000621942 0
0.000649382 0
0.000678032 0
0.000707946 0
0.00073918 0
0.000771792 0
0.000805842 0
0.000841395 0
0.000878517 0
0.000917276 0
0.000957745 0
0.001 0
0.00104412 0
0.00109018 0
0.00113828 0
0.0011885 0
0.00124094 0
0.00129569 0
0.00135285 0
0.00141254 0
0.00147486 0
0.00153993 0
0.00160787 0
0.0016788 0
0.00175287 0
0.00183021 0
0.00191095 0
0.00199526 0
0.00208329 0
0.0021752 0
0.00227117 0
0.00237137 0
0.002476 0
0.00258523 0
0.00269929 0
0.00281838 0
0.00294273 0
0.00307256 0
0.00320812 0
0.00334965 0
0.00349744 0
0.00365174 0
0.00381285 0
0.00398107 0
0.00415671 0
0.0043401 0
0.00453158 0
0.00473151 0
0.00494026 0
0.00515822 0
0.0053858 0
0.00562341 0
0.00587151 0
0.00613056 0
0.00640103 0
0.00668344 0
0.00697831 0
0.00728618 0
0.00760764 0
0.00794328 0
0.00829373 0
0.00865964 0
0.0090417 0
0.00944061 0
0.00985712 0
0.010292 0
0.0107461 0
0.0112202 0
0.0117152 0
0.0122321 83.2547
0.0127717 0
0.0133352 0
0.0139236 0
0.0145378 0
0.0151792 0
0.0158489 0
0.0165482 0
0.0172783 0
0.0180406 0
0.0188365 0
0.0196675 0
0.0205353 0
0.0214412 45.0609
0.0223872 115.351
0.0233749 0
0.0244062 0
0.025483 98.2538
0.0266073 84.0773
0.0277811 0
0.0290068 0
0.0302866 96.502
0.0316228 0
0.0330179 113.927
0.0344747 0
0.0359956 0
0.0375837 0
0.0392419 0
0.0409732 0
0.0427809 43.0799
0.0446684 28.9453
0.0466391 290.716
0.0486968 0
0.0508452 66.8411
0.0530884 0
0.0554307 71.1133
0.0578762 0
0.0604296 67.9215
0.0630957 166.891
0.0658795 165.009
0.068786 80.6918
0.0718208 106.963
0.0749894 0
0.0782979 11.5599
0.0817523 0
0.0853591 141.628
0.0891251 172.805
0.0930572 255.458
0.0971628 279.71
0.10145 86.535
0.105925 630.437
0.110599 0
0.115478 214.626
0.120573 0
0.125893 0
0.131447 1.59471
0.137246 196.967
0.143301 0
0.149624 0
0.156225 137.763
0.163117 170.442
0.170314 181.301
0.177828 231.757
0.185674 612.8
0.193865 103.709
0.202418 103.816
0.211349 170.602
0.220673 343.382
0.230409 240.7
0.240575 165.018
0.251189 303.698
0.262271 490.008
0.273842 661.86
0.285924 301.376
0.298538 261.892
0.311709 688.49
0.325462 258.456
0.339821 249.618
0.354813 759.46
0.370467 371.82
0.386812 215.715
0.403878 285.077
0.421697 479.796
0.440301 326.312
0.459727 68.5168
0.48001 434.361
0.501187 496.166
0.523299 400.126
0.546387 185.324
0.570493 522.379
0.595662 450.214
0.621942 289.21
0.649382 193.234
0.678032 243.025
0.707946 482.058
0.73918 349.123
0.771792 89.0887
0.805842 273.327
0.841395 602.26
0.878517 119.495
0.917276 476.178
0.957745 485.825
1 562.652
1.04412 318.962
1.09018 341.39
1.13828 515.69
1.1885 21.4253
1.24094 55.3591
1.29569 141.827
1.35285 113.748
1.41254 228.845
1.47486 526.743
1.53993 181.906
1.60787 359.583
1.6788 226.458
1.75287 153.724
1.83021 329.497
1.91095 224.314
1.99526 288.559
2.08329 288.508
2.1752 0
2.27117 170.764
2.37137 90.9975
2.476 104.534
2.58523 214.845
2.69929 0
2.81838 272.835
2.94273 126.184
3.07256 197.706
3.20812 72.9231
3.34965 209.002
3.49744 34.0679
3.65174 0
3.81285 191.631
3.98107 0
4.15671 0
4.3401 0
4.53158 192.271
4.73151 0
4.94026 104.139
5.15822 0
5.3858 81.9114
5.62341 129.78
5.87151 189.905
6.13056 157.012
6.40103 100.309
6.68344 80.8416
6.97831 153.768
7.28618 187.49
7.60764 658.475
7.94328 23.6151
8.29373 74.0703
8.65964 0
9.0417 0
9.44061 186.508
9.85712 217.048
10.292 225.709
10.7461 204.823
11.2202 0
11.7152 0
12.2321 110.923
12.7717 91.3572
13.3352 0
13.9236 90.089
14.5378 0
15.1792 0
15.8489 189.129
16.5482 156.901
17.2783 106.464
18.0406 0
18.8365 0
19.6675 100.259
20.5353 210.506
21.4412 24.1001
22.3872 0
23.3749 65.7351
24.4062 96.6425
25.483 0
26.6073 0
27.7811 0
29.0068 95.0579
30.2866 271.413
31.6228 100.205
33.0179 85.7893
34.4747 78.7043
35.9956 0
37.5837 85.1395
39.2419 282.107
40.9732 113.207
42.7809 0
44.6684 110.159
46.6391 89.9703
48.6968 115.328
50.8452 0
53.0884 460.255
55.4307 120.382
57.8762 372.801
60.4296 76.3076
63.0957 33.964
65.8795 0
68.786 0
71.8208 140.147
74.9894 0
78.2979 0
81.7523 214.429
85.3591 155.283
89.1251 107.733
93.0572 112.06
97.1628 25.3128
101.45 72.6867
105.925 85.1156
110.599 72.668
115.478 189.428
120.573 114.659
125.893 124.108
131.447 66.8106
137.246 137.08
143.301 143.891
149.624 201.829
156.225 376.867
163.117 119.133
170.314 177.97
177.828 0
185.674 0
193.865 175.055
202.418 106.304
211.349 126.567
220.673 0
230.409 115.462
240.575 195.948
251.189 82.8731
262.271 106.446
273.842 108.109
285.924 341.976
298.538 0
311.709 186.896
325.462 0
339.821 0
354.813 0
370.467 0
386.812 70.7338
403.878 0
421.697 0
440.301 0
459.727 0
480.01 0
501.187 0
523.299 0
546.387 0
570.493 0
595.662 0
621.942 0
649.382 0
678.032 0
707.946 0
739.18 0
771.792 69.3795
805.842 0
841.395 0
878.517 0
917.276 0
957.745 0
1000 0
