# First line is two numbers 
#     First value is '2', it means 'histogram mode'
#     Second value is 'Emin' of the histogram
# Other lines : 2 columns. 1) energy 2) probability (nb divided by NbEvent)
# Number of bins = 480
# Content below the first bin: 0
# Content above the last  bin: 0
# Content above the last  bin: 0
# Number of events: 209000
2 1e-06
1.04412e-06 0
1.09018e-06 0
1.13828e-06 0
1.1885e-06 0
1.24094e-06 0
1.29569e-06 0
1.35285e-06 0
1.41254e-06 0
1.47486e-06 0
1.53993e-06 0
1.60787e-06 0
1.6788e-06 0
1.75287e-06 0
1.83021e-06 0
1.91095e-06 0
1.99526e-06 0
2.08329e-06 0
2.1752e-06 0
2.27117e-06 0
2.37137e-06 0
2.476e-06 0
2.58523e-06 0
2.69929e-06 0
2.81838e-06 0
2.94273e-06 0
3.07256e-06 0
3.20812e-06 0
3.34965e-06 0
3.49744e-06 0
3.65174e-06 0
3.81285e-06 0
3.98107e-06 0
4.15671e-06 0
4.3401e-06 0
4.53158e-06 0
4.73151e-06 0
4.94026e-06 0
5.15822e-06 0
5.3858e-06 0
5.62341e-06 0
5.87151e-06 0
6.13056e-06 0
6.40103e-06 0
6.68344e-06 0
6.97831e-06 0
7.28618e-06 0
7.60764e-06 0
7.94328e-06 0
8.29373e-06 0
8.65964e-06 0
9.0417e-06 0
9.44061e-06 0
9.85712e-06 0
1.0292e-05 0
1.07461e-05 0
1.12202e-05 0
1.17152e-05 0
1.22321e-05 0
1.27717e-05 0
1.33352e-05 0
1.39236e-05 0
1.45378e-05 0
1.51792e-05 0
1.58489e-05 0
1.65482e-05 0
1.72783e-05 0
1.80406e-05 0
1.88365e-05 0
1.96675e-05 0
2.05353e-05 0
2.14412e-05 0
2.23872e-05 0
2.33749e-05 0
2.44062e-05 0
2.5483e-05 0
2.66073e-05 0
2.77811e-05 0
2.90068e-05 0
3.02866e-05 0
3.16228e-05 0
3.30179e-05 0
3.44747e-05 0
3.59956e-05 0
3.75837e-05 0
3.92419e-05 0
4.09732e-05 0
4.27809e-05 0
4.46684e-05 0
4.66391e-05 0
4.86968e-05 0
5.08452e-05 0
5.30884e-05 0
5.54307e-05 0
5.78762e-05 0
6.04296e-05 0
6.30957e-05 0
6.58795e-05 0
6.8786e-05 0
7.18208e-05 0
7.49894e-05 0
7.82979e-05 0
8.17523e-05 0
8.53591e-05 0
8.91251e-05 0
9.30572e-05 0
9.71628e-05 0
0.00010145 0
0.000105925 0
0.000110599 0
0.000115478 0
0.000120573 0
0.000125893 0
0.000131447 0
0.000137246 0
0.000143301 0
0.000149624 0
0.000156225 0
0.000163117 0
0.000170314 0
0.000177828 0
0.000185674 0
0.000193865 0
0.000202418 0
0.000211349 0
0.000220673 0
0.000230409 0
0.000240575 0
0.000251189 0
0.000262271 0
0.000273842 0
0.000285924 0
0.000298538 0
0.000311709 0
0.000325462 0
0.000339821 0
0.000354813 0
0.000370467 0
0.000386812 0
0.000403878 0
0.000421697 0
0.000440301 0
0.000459727 0
0.00048001 0
0.000501187 0
0.000523299 0
0.000546387 0
0.000570493 0
0.000595662 0
0.000621942 0
0.000649382 0
0.000678032 0
0.000707946 0
0.00073918 0
0.000771792 0
0.000805842 0
0.000841395 0
0.000878517 0
0.000917276 0
0.000957745 0
0.001 0
0.00104412 0
0.00109018 0
0.00113828 0
0.0011885 0
0.00124094 0
0.00129569 0
0.00135285 0
0.00141254 0
0.00147486 0
0.00153993 0
0.00160787 0
0.0016788 0
0.00175287 0
0.00183021 0
0.00191095 0
0.00199526 0
0.00208329 0
0.0021752 0
0.00227117 0
0.00237137 0
0.002476 0
0.00258523 0
0.00269929 0
0.00281838 0
0.00294273 0
0.00307256 0
0.00320812 0
0.00334965 0
0.00349744 0
0.00365174 0
0.00381285 0
0.00398107 0
0.00415671 0
0.0043401 86.7819
0.00453158 0
0.00473151 0
0.00494026 0
0.00515822 86.7146
0.0053858 0
0.00562341 0
0.00587151 0
0.00613056 0
0.00640103 118.588
0.00668344 0
0.00697831 116.667
0.00728618 0
0.00760764 0
0.00794328 407.528
0.00829373 0
0.00865964 0
0.0090417 0
0.00944061 0
0.00985712 338.643
0.010292 56.5641
0.0107461 0
0.0112202 66.4758
0.0117152 203.89
0.0122321 189.036
0.0127717 334.09
0.0133352 443.588
0.0139236 101.049
0.0145378 0
0.0151792 161.546
0.0158489 34.5897
0.0165482 78.487
0.0172783 142.228
0.0180406 495.566
0.0188365 91.8025
0.0196675 156.917
0.0205353 282.204
0.0214412 102.445
0.0223872 405.245
0.0233749 479.496
0.0244062 258.983
0.025483 678.902
0.0266073 371.422
0.0277811 540.336
0.0290068 556.589
0.0302866 449.082
0.0316228 406.772
0.0330179 686.36
0.0344747 676.084
0.0359956 775.916
0.0375837 506.76
0.0392419 1191.15
0.0409732 1165.46
0.0427809 715.427
0.0446684 433.334
0.0466391 881.602
0.0486968 1137.93
0.0508452 1486.31
0.0530884 801.902
0.0554307 1228.04
0.0578762 573.942
0.0604296 1532.63
0.0630957 1897.41
0.0658795 1213.92
0.068786 2086.06
0.0718208 1493.26
0.0749894 1671.56
0.0782979 1589.87
0.0817523 2046.97
0.0853591 2507.11
0.0891251 1720.78
0.0930572 1576.29
0.0971628 1671.6
0.10145 1957.74
0.105925 1738.63
0.110599 2167.72
0.115478 2641.18
0.120573 1693.32
0.125893 2298.52
0.131447 2009.33
0.137246 2560.3
0.143301 2025.25
0.149624 2154.6
0.156225 3126.38
0.163117 3293.31
0.170314 2803
0.177828 2464.82
0.185674 2711.52
0.193865 3094.74
0.202418 3608.88
0.211349 2252.53
0.220673 3036.38
0.230409 3015.27
0.240575 3215.23
0.251189 3173.7
0.262271 2668.28
0.273842 2836.98
0.285924 3683.1
0.298538 3113.9
0.311709 3559.61
0.325462 3440.08
0.339821 2834.29
0.354813 3545.32
0.370467 2342.89
0.386812 2053.9
0.403878 3354.34
0.421697 3110.44
0.440301 2452.39
0.459727 3329.55
0.48001 3115.09
0.501187 2928.98
0.523299 3799.27
0.546387 2814.6
0.570493 3775.7
0.595662 3313.07
0.621942 2729.27
0.649382 3004.83
0.678032 3036.98
0.707946 3131.44
0.73918 2032.45
0.771792 2672.32
0.805842 3209.67
0.841395 1905.8
0.878517 3142.14
0.917276 2445.64
0.957745 1811.21
1 1219.61
1.04412 2366.88
1.09018 2243.87
1.13828 2019.3
1.1885 1846.37
1.24094 2068.18
1.29569 1788.92
1.35285 718.52
1.41254 548.451
1.47486 929.802
1.53993 1453.12
1.60787 859.672
1.6788 1216.59
1.75287 432.105
1.83021 708.987
1.91095 1104.13
1.99526 911.111
2.08329 606.351
2.1752 646.805
2.27117 212.891
2.37137 791.056
2.476 694.404
2.58523 547.446
2.69929 455.038
2.81838 852.605
2.94273 999.933
3.07256 810.63
3.20812 1172.23
3.34965 534.035
3.49744 393.873
3.65174 818.419
3.81285 296.553
3.98107 664.443
4.15671 307.326
4.3401 402.719
4.53158 489.816
4.73151 923.577
4.94026 653.316
5.15822 856.981
5.3858 347.874
5.62341 175.59
5.87151 323.973
6.13056 317.515
6.40103 317.312
6.68344 476.582
6.97831 454.643
7.28618 129.77
7.60764 404.158
7.94328 275.725
8.29373 354.129
8.65964 392.372
9.0417 239.106
9.44061 210.753
9.85712 369.581
10.292 259.294
10.7461 483.001
11.2202 322.145
11.7152 276.835
12.2321 233.154
12.7717 408.315
13.3352 183.181
13.9236 494.021
14.5378 96.1535
15.1792 459.826
15.8489 308.58
16.5482 268.521
17.2783 400.353
18.0406 316.385
18.8365 289.259
19.6675 209.448
20.5353 283.791
21.4412 304.235
22.3872 292.529
23.3749 474.076
24.4062 541.72
25.483 632.494
26.6073 395.138
27.7811 495.551
29.0068 405.216
30.2866 412.35
31.6228 538.336
33.0179 6.07449
34.4747 260.577
35.9956 332.215
37.5837 309.608
39.2419 451.055
40.9732 617.353
42.7809 387.186
44.6684 139.158
46.6391 499.018
48.6968 809.799
50.8452 472.294
53.0884 202.471
55.4307 1310.08
57.8762 756.296
60.4296 657.743
63.0957 594.05
65.8795 1019.84
68.786 695.637
71.8208 367.965
74.9894 1027.31
78.2979 682.916
81.7523 714.395
85.3591 886.287
89.1251 982.438
93.0572 885.643
97.1628 890.386
101.45 852.219
105.925 834.428
110.599 717.06
115.478 1706.31
120.573 1356.83
125.893 1301.22
131.447 1644.81
137.246 1018.19
143.301 1876.4
149.624 1318.65
156.225 1162.86
163.117 1053.2
170.314 921.664
177.828 1524.67
185.674 1433.21
193.865 1163.1
202.418 1235.91
211.349 1157.24
220.673 1137.03
230.409 954.891
240.575 1324.82
251.189 796.103
262.271 561.095
273.842 666.15
285.924 536.445
298.538 375.412
311.709 474.657
325.462 285.883
339.821 362.537
354.813 411.906
370.467 0
386.812 66.7417
403.878 0
421.697 338.504
440.301 0
459.727 10.3352
480.01 111.468
501.187 32.7791
523.299 0
546.387 74.2381
570.493 87.8763
595.662 0
621.942 0
649.382 12.772
678.032 0
707.946 0
739.18 0
771.792 116.785
805.842 0
841.395 0
878.517 0
917.276 0
957.745 0
1000 0
