# First line is two numbers 
#     First value is '2', it means 'histogram mode'
#     Second value is 'Emin' of the histogram
# Other lines : 2 columns. 1) energy 2) probability (nb divided by NbEvent)
# Number of bins = 480
# Content below the first bin: 0
# Content above the last  bin: 0
# Content above the last  bin: 0
# Number of events: 209000
2 1e-06
1.04412e-06 0
1.09018e-06 0
1.13828e-06 0
1.1885e-06 0
1.24094e-06 0
1.29569e-06 0
1.35285e-06 0
1.41254e-06 0
1.47486e-06 0
1.53993e-06 0
1.60787e-06 0
1.6788e-06 0
1.75287e-06 0
1.83021e-06 0
1.91095e-06 0
1.99526e-06 0
2.08329e-06 0
2.1752e-06 0
2.27117e-06 0
2.37137e-06 0
2.476e-06 0
2.58523e-06 0
2.69929e-06 0
2.81838e-06 0
2.94273e-06 0
3.07256e-06 0
3.20812e-06 0
3.34965e-06 0
3.49744e-06 0
3.65174e-06 0
3.81285e-06 0
3.98107e-06 0
4.15671e-06 0
4.3401e-06 0
4.53158e-06 0
4.73151e-06 0
4.94026e-06 0
5.15822e-06 0
5.3858e-06 0
5.62341e-06 0
5.87151e-06 0
6.13056e-06 0
6.40103e-06 0
6.68344e-06 0
6.97831e-06 0
7.28618e-06 0
7.60764e-06 0
7.94328e-06 0
8.29373e-06 0
8.65964e-06 0
9.0417e-06 0
9.44061e-06 0
9.85712e-06 0
1.0292e-05 0
1.07461e-05 0
1.12202e-05 0
1.17152e-05 0
1.22321e-05 0
1.27717e-05 0
1.33352e-05 0
1.39236e-05 0
1.45378e-05 0
1.51792e-05 0
1.58489e-05 0
1.65482e-05 0
1.72783e-05 0
1.80406e-05 0
1.88365e-05 0
1.96675e-05 0
2.05353e-05 0
2.14412e-05 0
2.23872e-05 0
2.33749e-05 0
2.44062e-05 0
2.5483e-05 0
2.66073e-05 0
2.77811e-05 0
2.90068e-05 0
3.02866e-05 0
3.16228e-05 0
3.30179e-05 0
3.44747e-05 0
3.59956e-05 0
3.75837e-05 0
3.92419e-05 0
4.09732e-05 0
4.27809e-05 0
4.46684e-05 0
4.66391e-05 0
4.86968e-05 0
5.08452e-05 0
5.30884e-05 0
5.54307e-05 0
5.78762e-05 0
6.04296e-05 0
6.30957e-05 0
6.58795e-05 0
6.8786e-05 0
7.18208e-05 0
7.49894e-05 0
7.82979e-05 0
8.17523e-05 0
8.53591e-05 0
8.91251e-05 0
9.30572e-05 0
9.71628e-05 0
0.00010145 0
0.000105925 0
0.000110599 0
0.000115478 0
0.000120573 0
0.000125893 0
0.000131447 0
0.000137246 0
0.000143301 0
0.000149624 0
0.000156225 0
0.000163117 0
0.000170314 0
0.000177828 0
0.000185674 0
0.000193865 0
0.000202418 0
0.000211349 0
0.000220673 0
0.000230409 0
0.000240575 0
0.000251189 0
0.000262271 0
0.000273842 0
0.000285924 0
0.000298538 0
0.000311709 0
0.000325462 0
0.000339821 0
0.000354813 0
0.000370467 0
0.000386812 0
0.000403878 0
0.000421697 0
0.000440301 0
0.000459727 0
0.00048001 0
0.000501187 0
0.000523299 0
0.000546387 0
0.000570493 0
0.000595662 0
0.000621942 0
0.000649382 0
0.000678032 0
0.000707946 0
0.00073918 0
0.000771792 0
0.000805842 0
0.000841395 0
0.000878517 0
0.000917276 0
0.000957745 0
0.001 75.5225
0.00104412 0
0.00109018 0
0.00113828 0
0.0011885 0
0.00124094 0
0.00129569 0
0.00135285 0
0.00141254 0
0.00147486 0
0.00153993 0
0.00160787 0
0.0016788 0
0.00175287 0
0.00183021 0
0.00191095 0
0.00199526 0
0.00208329 0
0.0021752 0
0.00227117 0
0.00237137 0
0.002476 106.893
0.00258523 0
0.00269929 0
0.00281838 0
0.00294273 0
0.00307256 0
0.00320812 0
0.00334965 107.955
0.00349744 0
0.00365174 0
0.00381285 0
0.00398107 113.198
0.00415671 0
0.0043401 107.443
0.00453158 0
0.00473151 0
0.00494026 41.6633
0.00515822 0
0.0053858 106.59
0.00562341 0
0.00587151 0
0.00613056 207.388
0.00640103 293.418
0.00668344 95.2553
0.00697831 117.328
0.00728618 208.284
0.00760764 175.103
0.00794328 111.435
0.00829373 0
0.00865964 101.782
0.0090417 209.971
0.00944061 254.98
0.00985712 128.283
0.010292 101.684
0.0107461 144.786
0.0112202 191.26
0.0117152 335.753
0.0122321 136.167
0.0127717 460.617
0.0133352 472.806
0.0139236 178.046
0.0145378 102.334
0.0151792 381.397
0.0158489 116.182
0.0165482 385.019
0.0172783 904.419
0.0180406 395.915
0.0188365 978.564
0.0196675 393.749
0.0205353 498.163
0.0214412 746.952
0.0223872 432.303
0.0233749 903.76
0.0244062 701.81
0.025483 638.883
0.0266073 772.257
0.0277811 1569.57
0.0290068 846.786
0.0302866 836.677
0.0316228 1348.79
0.0330179 1250.4
0.0344747 1263.03
0.0359956 1641.11
0.0375837 1749.52
0.0392419 1892.54
0.0409732 1478.54
0.0427809 1803.76
0.0446684 2299.35
0.0466391 1828.24
0.0486968 2609.2
0.0508452 2328.02
0.0530884 2040.48
0.0554307 1604.29
0.0578762 2472.83
0.0604296 2500.96
0.0630957 2254.79
0.0658795 3306.89
0.068786 2595.96
0.0718208 4219.59
0.0749894 3191.39
0.0782979 4088.42
0.0817523 4143.61
0.0853591 3883.97
0.0891251 4760.34
0.0930572 4509.46
0.0971628 6045.35
0.10145 4910.57
0.105925 4414.3
0.110599 4978.07
0.115478 5128.27
0.120573 5891.99
0.125893 6676.84
0.131447 6199.15
0.137246 4742.17
0.143301 5675.58
0.149624 7127.95
0.156225 6300.2
0.163117 7195.4
0.170314 8440.92
0.177828 7280.03
0.185674 5789.33
0.193865 6922.77
0.202418 7314.67
0.211349 7950.86
0.220673 8952.59
0.230409 7070.14
0.240575 7148.47
0.251189 8499.25
0.262271 8807.49
0.273842 7998.4
0.285924 8468.56
0.298538 8687.25
0.311709 8821.55
0.325462 8620.75
0.339821 10886.5
0.354813 9006.89
0.370467 7636.98
0.386812 9520.78
0.403878 9978.79
0.421697 9408.96
0.440301 8155.12
0.459727 6425.9
0.48001 10427.2
0.501187 11120.4
0.523299 8949.15
0.546387 8711.81
0.570493 9027.9
0.595662 8933.36
0.621942 8982.33
0.649382 8482.19
0.678032 9653.58
0.707946 8639.26
0.73918 9061.98
0.771792 6733.85
0.805842 7107.96
0.841395 7712.06
0.878517 6750.45
0.917276 7096.07
0.957745 6598.99
1 6040.32
1.04412 6007.4
1.09018 6630.84
1.13828 5169.1
1.1885 4910.58
1.24094 4997.05
1.29569 4844.68
1.35285 5184.22
1.41254 4659.78
1.47486 3915.25
1.53993 3457.69
1.60787 2822.73
1.6788 3968.97
1.75287 2770.57
1.83021 4104.09
1.91095 2604.85
1.99526 2897.23
2.08329 2725.02
2.1752 2531.35
2.27117 2219.24
2.37137 3278.31
2.476 3045.87
2.58523 2106.69
2.69929 1796.76
2.81838 2858.99
2.94273 2648.7
3.07256 2321.82
3.20812 1538.88
3.34965 1775.36
3.49744 2094.56
3.65174 2357.12
3.81285 2194.93
3.98107 1236.45
4.15671 2637.06
4.3401 1971.01
4.53158 1132.51
4.73151 1648.54
4.94026 1567.56
5.15822 1082.73
5.3858 1317.98
5.62341 1033.59
5.87151 1546.79
6.13056 1693.23
6.40103 1522.04
6.68344 1117.33
6.97831 1048.77
7.28618 786.957
7.60764 1409.16
7.94328 1811.27
8.29373 469.692
8.65964 1433.35
9.0417 1197.5
9.44061 1228.46
9.85712 1217.51
10.292 471.352
10.7461 1046.41
11.2202 554.889
11.7152 1247.96
12.2321 1022.1
12.7717 1050.46
13.3352 891.702
13.9236 965.427
14.5378 1227.53
15.1792 1136.78
15.8489 1076.1
16.5482 1185.11
17.2783 1017.63
18.0406 680.214
18.8365 892.239
19.6675 624.374
20.5353 830.02
21.4412 1100.52
22.3872 1152.11
23.3749 963.969
24.4062 762.396
25.483 950.73
26.6073 906.045
27.7811 858.406
29.0068 1664.44
30.2866 1008.28
31.6228 1945.17
33.0179 1563.35
34.4747 923.545
35.9956 1704.26
37.5837 1211.26
39.2419 1129.82
40.9732 1379.41
42.7809 1263.03
44.6684 1372.73
46.6391 1811.97
48.6968 1480.99
50.8452 1108.93
53.0884 1816.65
55.4307 1007.51
57.8762 2794.59
60.4296 1753.42
63.0957 1498.49
65.8795 2416.16
68.786 1707.15
71.8208 2392.66
74.9894 1790.28
78.2979 1641.58
81.7523 1898.51
85.3591 2205.62
89.1251 2008.83
93.0572 2073.4
97.1628 1992.18
101.45 2007.88
105.925 1350.72
110.599 2559.94
115.478 3124.3
120.573 1965.5
125.893 3218.7
131.447 2356.93
137.246 2657.75
143.301 3281.43
149.624 3104.11
156.225 2940.63
163.117 2415.39
170.314 3436.36
177.828 2570.8
185.674 4361.16
193.865 3308.52
202.418 3669.7
211.349 3932.95
220.673 4204.59
230.409 4178.63
240.575 6060.84
251.189 4230.5
262.271 6513.54
273.842 5727.19
285.924 6406.96
298.538 6503.39
311.709 6847.79
325.462 5484.69
339.821 7368.87
354.813 7099.26
370.467 7084.68
386.812 6663.95
403.878 4271.85
421.697 3513.99
440.301 3316.1
459.727 2036.88
480.01 2294.97
501.187 1193.32
523.299 905.243
546.387 612.701
570.493 287.24
595.662 117.053
621.942 171.887
649.382 264.963
678.032 129.185
707.946 140.66
739.18 148.703
771.792 0
805.842 84.996
841.395 169.223
878.517 72.0283
917.276 0
957.745 0
1000 0
