# First line is two numbers 
#     First value is '2', it means 'histogram mode'
#     Second value is 'Emin' of the histogram
# Other lines : 2 columns. 1) energy 2) probability (nb divided by NbEvent)
# Number of bins = 480
# Content below the first bin: 0
# Content above the last  bin: 0
# Content above the last  bin: 0
# Number of events: 209000
2 1e-06
1.04412e-06 0
1.09018e-06 0
1.13828e-06 0
1.1885e-06 0
1.24094e-06 0
1.29569e-06 0
1.35285e-06 0
1.41254e-06 0
1.47486e-06 0
1.53993e-06 0
1.60787e-06 0
1.6788e-06 0
1.75287e-06 0
1.83021e-06 0
1.91095e-06 0
1.99526e-06 0
2.08329e-06 0
2.1752e-06 0
2.27117e-06 0
2.37137e-06 0
2.476e-06 0
2.58523e-06 0
2.69929e-06 0
2.81838e-06 0
2.94273e-06 0
3.07256e-06 0
3.20812e-06 0
3.34965e-06 0
3.49744e-06 0
3.65174e-06 0
3.81285e-06 0
3.98107e-06 0
4.15671e-06 0
4.3401e-06 0
4.53158e-06 0
4.73151e-06 0
4.94026e-06 0
5.15822e-06 0
5.3858e-06 0
5.62341e-06 0
5.87151e-06 0
6.13056e-06 0
6.40103e-06 0
6.68344e-06 0
6.97831e-06 0
7.28618e-06 0
7.60764e-06 0
7.94328e-06 0
8.29373e-06 0
8.65964e-06 0
9.0417e-06 0
9.44061e-06 0
9.85712e-06 0
1.0292e-05 0
1.07461e-05 0
1.12202e-05 0
1.17152e-05 0
1.22321e-05 0
1.27717e-05 0
1.33352e-05 0
1.39236e-05 0
1.45378e-05 0
1.51792e-05 0
1.58489e-05 0
1.65482e-05 0
1.72783e-05 0
1.80406e-05 0
1.88365e-05 0
1.96675e-05 0
2.05353e-05 0
2.14412e-05 0
2.23872e-05 0
2.33749e-05 0
2.44062e-05 0
2.5483e-05 0
2.66073e-05 0
2.77811e-05 0
2.90068e-05 0
3.02866e-05 0
3.16228e-05 0
3.30179e-05 0
3.44747e-05 0
3.59956e-05 0
3.75837e-05 0
3.92419e-05 0
4.09732e-05 0
4.27809e-05 0
4.46684e-05 0
4.66391e-05 0
4.86968e-05 0
5.08452e-05 0
5.30884e-05 0
5.54307e-05 0
5.78762e-05 0
6.04296e-05 0
6.30957e-05 119.279
6.58795e-05 0
6.8786e-05 0
7.18208e-05 0
7.49894e-05 0
7.82979e-05 0
8.17523e-05 0
8.53591e-05 0
8.91251e-05 0
9.30572e-05 0
9.71628e-05 0
0.00010145 0
0.000105925 0
0.000110599 0
0.000115478 0
0.000120573 0
0.000125893 0
0.000131447 0
0.000137246 0
0.000143301 0
0.000149624 0
0.000156225 0
0.000163117 0
0.000170314 0
0.000177828 0
0.000185674 0
0.000193865 0
0.000202418 0
0.000211349 0
0.000220673 0
0.000230409 0
0.000240575 0
0.000251189 0
0.000262271 0
0.000273842 0
0.000285924 0
0.000298538 0
0.000311709 0
0.000325462 0
0.000339821 0
0.000354813 88.3297
0.000370467 0
0.000386812 0
0.000403878 0
0.000421697 0
0.000440301 0
0.000459727 0
0.00048001 0
0.000501187 0
0.000523299 0
0.000546387 0
0.000570493 0
0.000595662 0
0.000621942 98.1124
0.000649382 0
0.000678032 0
0.000707946 0
0.00073918 0
0.000771792 0
0.000805842 0
0.000841395 0
0.000878517 0
0.000917276 0
0.000957745 0
0.001 0
0.00104412 0
0.00109018 0
0.00113828 0
0.0011885 0
0.00124094 0
0.00129569 0
0.00135285 0
0.00141254 0
0.00147486 0
0.00153993 0
0.00160787 0
0.0016788 0
0.00175287 0
0.00183021 0
0.00191095 0
0.00199526 0
0.00208329 0
0.0021752 0
0.00227117 0
0.00237137 90.6518
0.002476 89.1356
0.00258523 0
0.00269929 0
0.00281838 0
0.00294273 16.0004
0.00307256 0
0.00320812 0
0.00334965 0
0.00349744 24.3766
0.00365174 0
0.00381285 0
0.00398107 0
0.00415671 0
0.0043401 0
0.00453158 0
0.00473151 162.755
0.00494026 0
0.00515822 0
0.0053858 233.385
0.00562341 0
0.00587151 0
0.00613056 0
0.00640103 0
0.00668344 0
0.00697831 206.294
0.00728618 204.815
0.00760764 170.725
0.00794328 20.3912
0.00829373 107.035
0.00865964 253.839
0.0090417 257.059
0.00944061 116.29
0.00985712 246.185
0.010292 168.704
0.0107461 0
0.0112202 445.771
0.0117152 99.9422
0.0122321 70.7054
0.0127717 518.061
0.0133352 382.712
0.0139236 366.471
0.0145378 419.03
0.0151792 322.831
0.0158489 677.474
0.0165482 230.708
0.0172783 517.046
0.0180406 400
0.0188365 516.402
0.0196675 876.296
0.0205353 686.417
0.0214412 528.702
0.0223872 702.652
0.0233749 479.352
0.0244062 845.195
0.025483 833.284
0.0266073 878.416
0.0277811 2023.81
0.0290068 1309.71
0.0302866 998.42
0.0316228 863.446
0.0330179 1306.54
0.0344747 1341.27
0.0359956 1377.54
0.0375837 1025.5
0.0392419 1235.34
0.0409732 893.171
0.0427809 1754.94
0.0446684 2098.04
0.0466391 1977.92
0.0486968 1959.93
0.0508452 2124.08
0.0530884 1860.3
0.0554307 2189.16
0.0578762 2315.14
0.0604296 3439.9
0.0630957 3336
0.0658795 2958.94
0.068786 3266.04
0.0718208 3770.99
0.0749894 3565.68
0.0782979 3960.58
0.0817523 4044.62
0.0853591 3495.02
0.0891251 4538.82
0.0930572 4375.65
0.0971628 4612.76
0.10145 4431.89
0.105925 5115.89
0.110599 5578.36
0.115478 6370.42
0.120573 6233.81
0.125893 6331.49
0.131447 5936.74
0.137246 5919.3
0.143301 5767.72
0.149624 6526.58
0.156225 6631.46
0.163117 5537.8
0.170314 6580.35
0.177828 7290.75
0.185674 8166.78
0.193865 7030.49
0.202418 7066.29
0.211349 8547.71
0.220673 7728.85
0.230409 7632.76
0.240575 8499.61
0.251189 8621.08
0.262271 8542.19
0.273842 7846.67
0.285924 9537.32
0.298538 8104.01
0.311709 7821.08
0.325462 9331.4
0.339821 7824.39
0.354813 8579.57
0.370467 9308.79
0.386812 8388.38
0.403878 8145.28
0.421697 9022.96
0.440301 8346.3
0.459727 8096.12
0.48001 8574.08
0.501187 8505.28
0.523299 10320.3
0.546387 9042.37
0.570493 10643.1
0.595662 8750.13
0.621942 9365.55
0.649382 8256.25
0.678032 7688.57
0.707946 8871.92
0.73918 8298.47
0.771792 8869.95
0.805842 7985.88
0.841395 9009.06
0.878517 7486.83
0.917276 8475.97
0.957745 6461.45
1 5458.78
1.04412 6206.57
1.09018 4994.63
1.13828 6034.24
1.1885 5325.7
1.24094 5145.59
1.29569 5054.75
1.35285 5212.71
1.41254 4151.42
1.47486 3944.86
1.53993 3436.28
1.60787 3096.46
1.6788 2728.07
1.75287 4310.94
1.83021 4302.85
1.91095 3109.14
1.99526 3335.03
2.08329 3214.58
2.1752 1832.75
2.27117 2870.28
2.37137 2021.65
2.476 1522.38
2.58523 2760.67
2.69929 2661.66
2.81838 1816.57
2.94273 2110.12
3.07256 2401.96
3.20812 2012.7
3.34965 1734.99
3.49744 1597.27
3.65174 2032.39
3.81285 1845.94
3.98107 1428.08
4.15671 1580.19
4.3401 1117.94
4.53158 2020.46
4.73151 1623.21
4.94026 1374.93
5.15822 1820.31
5.3858 1599.44
5.62341 1459.34
5.87151 1478.85
6.13056 1128.77
6.40103 1729.04
6.68344 1673.57
6.97831 654.966
7.28618 1328.92
7.60764 1318.81
7.94328 1109.64
8.29373 962.581
8.65964 725.422
9.0417 1069.38
9.44061 1159.19
9.85712 1253.06
10.292 1063.26
10.7461 1289.5
11.2202 988.789
11.7152 1381.92
12.2321 1254.06
12.7717 1118.48
13.3352 1059.85
13.9236 856.329
14.5378 615.084
15.1792 894.448
15.8489 1058.91
16.5482 945.958
17.2783 861.384
18.0406 1118.41
18.8365 1169.28
19.6675 842.985
20.5353 492.274
21.4412 1311.6
22.3872 1048.92
23.3749 1047.5
24.4062 1130.79
25.483 797.258
26.6073 1123.93
27.7811 1098.64
29.0068 1276.71
30.2866 1538.45
31.6228 1516.31
33.0179 1206.63
34.4747 1085.83
35.9956 1198.29
37.5837 1198.82
39.2419 1549.91
40.9732 1103.88
42.7809 1862.07
44.6684 1348.07
46.6391 1987.4
48.6968 1099.66
50.8452 1857.91
53.0884 1846.16
55.4307 1155.45
57.8762 2113.44
60.4296 2020.66
63.0957 1663.76
65.8795 2042.16
68.786 2010.94
71.8208 1641.19
74.9894 1657.9
78.2979 1718.26
81.7523 1777.08
85.3591 1511.12
89.1251 2832.99
93.0572 2173.61
97.1628 2834.57
101.45 1800.2
105.925 2496.85
110.599 1914.56
115.478 2575.53
120.573 2645.97
125.893 3169.3
131.447 2272.3
137.246 2165.14
143.301 2846.73
149.624 2713.25
156.225 1864.37
163.117 4744.57
170.314 3154.36
177.828 3278.97
185.674 3042.11
193.865 2314.93
202.418 4005.38
211.349 3080.38
220.673 4287.7
230.409 4365.57
240.575 3761.3
251.189 4056.43
262.271 4645.12
273.842 4964.25
285.924 6158.4
298.538 7596.62
311.709 5980.11
325.462 7451.9
339.821 8409.95
354.813 6517.66
370.467 6596.66
386.812 6800.9
403.878 4287.32
421.697 3434.68
440.301 3784.08
459.727 2460.18
480.01 1700.51
501.187 1380.87
523.299 1318.09
546.387 832.971
570.493 864.25
595.662 458.286
621.942 123.29
649.382 572.344
678.032 213.114
707.946 175.663
739.18 286.257
771.792 376.315
805.842 205.831
841.395 70.7525
878.517 0
917.276 0
957.745 61.279
1000 0
