# First line is two numbers 
#     First value is '2', it means 'histogram mode'
#     Second value is 'Emin' of the histogram
# Other lines : 2 columns. 1) energy 2) probability (nb divided by NbEvent)
# Number of bins = 480
# Content below the first bin: 0
# Content above the last  bin: 0
# Content above the last  bin: 0
# Number of events: 209000
2 1e-06
1.04412e-06 0
1.09018e-06 0
1.13828e-06 0
1.1885e-06 0
1.24094e-06 0
1.29569e-06 0
1.35285e-06 0
1.41254e-06 0
1.47486e-06 0
1.53993e-06 0
1.60787e-06 0
1.6788e-06 0
1.75287e-06 0
1.83021e-06 0
1.91095e-06 0
1.99526e-06 0
2.08329e-06 0
2.1752e-06 0
2.27117e-06 0
2.37137e-06 0
2.476e-06 0
2.58523e-06 0
2.69929e-06 0
2.81838e-06 0
2.94273e-06 0
3.07256e-06 0
3.20812e-06 0
3.34965e-06 0
3.49744e-06 0
3.65174e-06 0
3.81285e-06 0
3.98107e-06 0
4.15671e-06 0
4.3401e-06 0
4.53158e-06 0
4.73151e-06 0
4.94026e-06 0
5.15822e-06 0
5.3858e-06 0
5.62341e-06 0
5.87151e-06 0
6.13056e-06 0
6.40103e-06 0
6.68344e-06 0
6.97831e-06 0
7.28618e-06 0
7.60764e-06 0
7.94328e-06 0
8.29373e-06 0
8.65964e-06 0
9.0417e-06 0
9.44061e-06 0
9.85712e-06 0
1.0292e-05 0
1.07461e-05 0
1.12202e-05 0
1.17152e-05 0
1.22321e-05 0
1.27717e-05 0
1.33352e-05 0
1.39236e-05 0
1.45378e-05 0
1.51792e-05 0
1.58489e-05 0
1.65482e-05 0
1.72783e-05 0
1.80406e-05 0
1.88365e-05 0
1.96675e-05 0
2.05353e-05 0
2.14412e-05 0
2.23872e-05 0
2.33749e-05 0
2.44062e-05 0
2.5483e-05 0
2.66073e-05 0
2.77811e-05 0
2.90068e-05 0
3.02866e-05 0
3.16228e-05 0
3.30179e-05 0
3.44747e-05 0
3.59956e-05 0
3.75837e-05 0
3.92419e-05 0
4.09732e-05 0
4.27809e-05 0
4.46684e-05 0
4.66391e-05 0
4.86968e-05 0
5.08452e-05 0
5.30884e-05 0
5.54307e-05 0
5.78762e-05 0
6.04296e-05 0
6.30957e-05 0
6.58795e-05 0
6.8786e-05 0
7.18208e-05 0
7.49894e-05 0
7.82979e-05 0
8.17523e-05 0
8.53591e-05 0
8.91251e-05 0
9.30572e-05 0
9.71628e-05 0
0.00010145 0
0.000105925 0
0.000110599 0
0.000115478 0
0.000120573 0
0.000125893 0
0.000131447 0
0.000137246 0
0.000143301 0
0.000149624 0
0.000156225 0
0.000163117 0
0.000170314 0
0.000177828 0
0.000185674 0
0.000193865 0
0.000202418 0
0.000211349 0
0.000220673 0
0.000230409 0
0.000240575 0
0.000251189 0
0.000262271 0
0.000273842 0
0.000285924 0
0.000298538 0
0.000311709 0
0.000325462 0
0.000339821 0
0.000354813 0
0.000370467 0
0.000386812 0
0.000403878 0
0.000421697 0
0.000440301 0
0.000459727 0
0.00048001 100.276
0.000501187 0
0.000523299 0
0.000546387 0
0.000570493 0
0.000595662 0
0.000621942 0
0.000649382 0
0.000678032 0
0.000707946 0
0.00073918 0
0.000771792 0
0.000805842 0
0.000841395 0
0.000878517 0
0.000917276 0
0.000957745 0
0.001 0
0.00104412 0
0.00109018 0
0.00113828 0
0.0011885 77.1844
0.00124094 0
0.00129569 22.3597
0.00135285 59.6331
0.00141254 0
0.00147486 0
0.00153993 0
0.00160787 0
0.0016788 81.0663
0.00175287 0
0.00183021 0
0.00191095 0
0.00199526 0
0.00208329 0
0.0021752 0
0.00227117 166.895
0.00237137 0
0.002476 0
0.00258523 0
0.00269929 0
0.00281838 0
0.00294273 0
0.00307256 0
0.00320812 0
0.00334965 0
0.00349744 0
0.00365174 90.5689
0.00381285 0
0.00398107 0
0.00415671 38.1593
0.0043401 224.634
0.00453158 0
0.00473151 0
0.00494026 72.3307
0.00515822 85.7133
0.0053858 0
0.00562341 0
0.00587151 56.9404
0.00613056 0
0.00640103 182.933
0.00668344 0
0.00697831 0
0.00728618 0
0.00760764 354.52
0.00794328 118.21
0.00829373 0
0.00865964 214.576
0.0090417 79.8871
0.00944061 174.492
0.00985712 91.6942
0.010292 196.066
0.0107461 230.499
0.0112202 318.067
0.0117152 81.3802
0.0122321 198.744
0.0127717 498.267
0.0133352 350.347
0.0139236 540.138
0.0145378 309.889
0.0151792 0
0.0158489 190.71
0.0165482 485.117
0.0172783 853.874
0.0180406 680.977
0.0188365 511.988
0.0196675 456.731
0.0205353 624.919
0.0214412 979.898
0.0223872 578.681
0.0233749 589.238
0.0244062 622.475
0.025483 1260.61
0.0266073 1023.17
0.0277811 964.886
0.0290068 1497.47
0.0302866 1239.16
0.0316228 985.606
0.0330179 1337.29
0.0344747 804.311
0.0359956 1709.28
0.0375837 1795.91
0.0392419 1882.26
0.0409732 2034.18
0.0427809 1049.88
0.0446684 1477.81
0.0466391 1800
0.0486968 1893.9
0.0508452 1921.73
0.0530884 1328.68
0.0554307 2456.49
0.0578762 3592.16
0.0604296 3109.12
0.0630957 2474.18
0.0658795 2870.23
0.068786 3003.97
0.0718208 3380.09
0.0749894 3810.76
0.0782979 2652.74
0.0817523 4095.17
0.0853591 5233.09
0.0891251 3824.62
0.0930572 4315.24
0.0971628 4869.23
0.10145 3495.87
0.105925 5350.13
0.110599 5619.13
0.115478 4613.46
0.120573 5721.16
0.125893 5591.25
0.131447 4401.46
0.137246 5790.7
0.143301 6215.35
0.149624 6249.66
0.156225 6672.39
0.163117 6233.25
0.170314 6971.41
0.177828 7171.91
0.185674 6709.22
0.193865 6518.82
0.202418 7639.63
0.211349 7649.1
0.220673 7645.91
0.230409 6870.82
0.240575 7631.63
0.251189 8537.37
0.262271 7151.54
0.273842 7643.9
0.285924 8105.4
0.298538 9088.65
0.311709 9464.36
0.325462 8035.57
0.339821 9986.41
0.354813 8805.26
0.370467 8444.15
0.386812 8220.53
0.403878 9187.61
0.421697 9572.13
0.440301 7853.23
0.459727 8459.89
0.48001 9068.93
0.501187 8369.7
0.523299 9424.8
0.546387 10104.8
0.570493 9428.93
0.595662 9198.5
0.621942 7912.12
0.649382 8073.32
0.678032 8402.95
0.707946 8880.57
0.73918 7371.83
0.771792 7901.18
0.805842 6930.24
0.841395 6461.33
0.878517 7446.15
0.917276 7846.31
0.957745 6553.76
1 5974.27
1.04412 6677.78
1.09018 5260.6
1.13828 5503.8
1.1885 5135.5
1.24094 5159.04
1.29569 4453
1.35285 3606.62
1.41254 2583.39
1.47486 3771
1.53993 4294.63
1.60787 3179.54
1.6788 2526.62
1.75287 3622.69
1.83021 2418.34
1.91095 2804.73
1.99526 3125.28
2.08329 2740.17
2.1752 2790.58
2.27117 2955.66
2.37137 2788.65
2.476 1972.16
2.58523 2726.29
2.69929 2316.02
2.81838 1801.36
2.94273 1731.97
3.07256 1749.38
3.20812 1613.24
3.34965 2210.9
3.49744 1589.36
3.65174 2366.35
3.81285 1558.67
3.98107 1419.87
4.15671 1632.96
4.3401 1635.79
4.53158 2170.06
4.73151 1636.41
4.94026 1468.41
5.15822 1086.98
5.3858 995.075
5.62341 1195.27
5.87151 1865.17
6.13056 1440.64
6.40103 1127.19
6.68344 1112.59
6.97831 846.137
7.28618 1812.74
7.60764 889.543
7.94328 1257.01
8.29373 1059.63
8.65964 919.506
9.0417 1054.76
9.44061 1164.34
9.85712 1199.56
10.292 584.314
10.7461 915.113
11.2202 777.789
11.7152 1035.85
12.2321 1223.24
12.7717 578.706
13.3352 1261.42
13.9236 936.609
14.5378 1242.13
15.1792 1042.59
15.8489 737.59
16.5482 761.131
17.2783 914.044
18.0406 705.008
18.8365 775.466
19.6675 1077.95
20.5353 1006.33
21.4412 738.221
22.3872 1547.16
23.3749 1150.27
24.4062 880.867
25.483 1256.61
26.6073 1350.91
27.7811 887.732
29.0068 550.773
30.2866 1198.86
31.6228 823.461
33.0179 1601.84
34.4747 532.965
35.9956 1490.62
37.5837 1067.32
39.2419 1843.85
40.9732 101.425
42.7809 903.217
44.6684 1464.71
46.6391 1725.61
48.6968 1513.53
50.8452 1948.35
53.0884 961.102
55.4307 1206.03
57.8762 1374.39
60.4296 1622.86
63.0957 1685.58
65.8795 1936.35
68.786 1560.69
71.8208 2836.67
74.9894 1489.49
78.2979 1716.03
81.7523 2272.43
85.3591 2841.67
89.1251 1891.32
93.0572 2324.73
97.1628 2406.76
101.45 2258.92
105.925 2616.02
110.599 2447.92
115.478 2138.65
120.573 3442.08
125.893 2093.24
131.447 2867.27
137.246 1933.32
143.301 2611.17
149.624 3192.19
156.225 2370.37
163.117 3092.98
170.314 3234.71
177.828 3270
185.674 3523.71
193.865 3792.39
202.418 4296.19
211.349 3108.06
220.673 3250.55
230.409 3431.15
240.575 4259.69
251.189 5160.53
262.271 5023.66
273.842 5721.43
285.924 5509.08
298.538 6484.77
311.709 7171.98
325.462 5247.34
339.821 8215.83
354.813 7077.26
370.467 5638.28
386.812 5124.28
403.878 4483.97
421.697 4750.46
440.301 2728.64
459.727 3092.67
480.01 1843.98
501.187 1642.76
523.299 987.075
546.387 598.959
570.493 432.528
595.662 443.76
621.942 427.392
649.382 182.377
678.032 299.193
707.946 86.7711
739.18 158.655
771.792 251.387
805.842 224.388
841.395 90.0757
878.517 98.04
917.276 0
957.745 0
1000 0
