# First line is two numbers 
#     First value is '2', it means 'histogram mode'
#     Second value is 'Emin' of the histogram
# Other lines : 2 columns. 1) energy 2) probability (nb divided by NbEvent)
# Number of bins = 480
# Content below the first bin: 0
# Content above the last  bin: 0
# Content above the last  bin: 0
# Number of events: 209000
2 1e-06
1.04412e-06 0
1.09018e-06 0
1.13828e-06 0
1.1885e-06 0
1.24094e-06 0
1.29569e-06 0
1.35285e-06 0
1.41254e-06 0
1.47486e-06 0
1.53993e-06 0
1.60787e-06 0
1.6788e-06 0
1.75287e-06 0
1.83021e-06 0
1.91095e-06 0
1.99526e-06 0
2.08329e-06 0
2.1752e-06 0
2.27117e-06 0
2.37137e-06 0
2.476e-06 0
2.58523e-06 0
2.69929e-06 0
2.81838e-06 0
2.94273e-06 0
3.07256e-06 0
3.20812e-06 0
3.34965e-06 0
3.49744e-06 0
3.65174e-06 0
3.81285e-06 0
3.98107e-06 0
4.15671e-06 0
4.3401e-06 0
4.53158e-06 0
4.73151e-06 0
4.94026e-06 0
5.15822e-06 0
5.3858e-06 0
5.62341e-06 0
5.87151e-06 0
6.13056e-06 0
6.40103e-06 0
6.68344e-06 0
6.97831e-06 0
7.28618e-06 0
7.60764e-06 0
7.94328e-06 0
8.29373e-06 0
8.65964e-06 0
9.0417e-06 0
9.44061e-06 0
9.85712e-06 0
1.0292e-05 0
1.07461e-05 0
1.12202e-05 0
1.17152e-05 0
1.22321e-05 0
1.27717e-05 0
1.33352e-05 0
1.39236e-05 0
1.45378e-05 0
1.51792e-05 0
1.58489e-05 0
1.65482e-05 0
1.72783e-05 0
1.80406e-05 0
1.88365e-05 0
1.96675e-05 0
2.05353e-05 0
2.14412e-05 0
2.23872e-05 0
2.33749e-05 0
2.44062e-05 0
2.5483e-05 0
2.66073e-05 0
2.77811e-05 0
2.90068e-05 0
3.02866e-05 0
3.16228e-05 0
3.30179e-05 0
3.44747e-05 0
3.59956e-05 0
3.75837e-05 0
3.92419e-05 0
4.09732e-05 0
4.27809e-05 0
4.46684e-05 0
4.66391e-05 0
4.86968e-05 0
5.08452e-05 0
5.30884e-05 0
5.54307e-05 0
5.78762e-05 0
6.04296e-05 0
6.30957e-05 0
6.58795e-05 0
6.8786e-05 0
7.18208e-05 0
7.49894e-05 0
7.82979e-05 0
8.17523e-05 0
8.53591e-05 0
8.91251e-05 0
9.30572e-05 0
9.71628e-05 0
0.00010145 0
0.000105925 0
0.000110599 0
0.000115478 0
0.000120573 0
0.000125893 0
0.000131447 0
0.000137246 0
0.000143301 0
0.000149624 0
0.000156225 0
0.000163117 0
0.000170314 0
0.000177828 0
0.000185674 0
0.000193865 0
0.000202418 0
0.000211349 0
0.000220673 0
0.000230409 0
0.000240575 0
0.000251189 0
0.000262271 0
0.000273842 0
0.000285924 0
0.000298538 0
0.000311709 0
0.000325462 0
0.000339821 0
0.000354813 0
0.000370467 0
0.000386812 0
0.000403878 0
0.000421697 0
0.000440301 0
0.000459727 0
0.00048001 0
0.000501187 0
0.000523299 0
0.000546387 0
0.000570493 0
0.000595662 0
0.000621942 0
0.000649382 0
0.000678032 0
0.000707946 0
0.00073918 0
0.000771792 0
0.000805842 0
0.000841395 0
0.000878517 0
0.000917276 0
0.000957745 0
0.001 0
0.00104412 0
0.00109018 0
0.00113828 0
0.0011885 0
0.00124094 0
0.00129569 0
0.00135285 0
0.00141254 0
0.00147486 0
0.00153993 0
0.00160787 0
0.0016788 0
0.00175287 0
0.00183021 0
0.00191095 0
0.00199526 0
0.00208329 0
0.0021752 52.3665
0.00227117 0
0.00237137 0
0.002476 0
0.00258523 98.7362
0.00269929 0
0.00281838 0
0.00294273 115.548
0.00307256 0
0.00320812 0
0.00334965 0
0.00349744 86.4668
0.00365174 0
0.00381285 0
0.00398107 0
0.00415671 0
0.0043401 155.098
0.00453158 0
0.00473151 0
0.00494026 302.784
0.00515822 0
0.0053858 0
0.00562341 0
0.00587151 0
0.00613056 77.5343
0.00640103 0
0.00668344 167.616
0.00697831 91.2214
0.00728618 92.6829
0.00760764 189.688
0.00794328 47.7258
0.00829373 0
0.00865964 222.23
0.0090417 66.2618
0.00944061 78.5729
0.00985712 207.364
0.010292 78.496
0.0107461 241.875
0.0112202 106.833
0.0117152 273.782
0.0122321 0
0.0127717 147.309
0.0133352 263.455
0.0139236 181.044
0.0145378 625.724
0.0151792 254.47
0.0158489 130.031
0.0165482 278.804
0.0172783 322.99
0.0180406 321.243
0.0188365 508.079
0.0196675 455.179
0.0205353 295.569
0.0214412 886.309
0.0223872 496.556
0.0233749 921.982
0.0244062 1255.63
0.025483 880.736
0.0266073 273.015
0.0277811 607.543
0.0290068 899.514
0.0302866 1217.19
0.0316228 1084.54
0.0330179 1132.66
0.0344747 1129.41
0.0359956 853.89
0.0375837 1837.23
0.0392419 1594.58
0.0409732 1899.22
0.0427809 1950.2
0.0446684 2498.24
0.0466391 2357.9
0.0486968 2262.73
0.0508452 2696.6
0.0530884 2092.38
0.0554307 1584.12
0.0578762 2716.34
0.0604296 2610.1
0.0630957 3476.2
0.0658795 3481.92
0.068786 3310.43
0.0718208 3099.22
0.0749894 3572.85
0.0782979 4322.72
0.0817523 3886.52
0.0853591 4088.95
0.0891251 5548.73
0.0930572 5142.85
0.0971628 4397.11
0.10145 5595.8
0.105925 3767.1
0.110599 5131.3
0.115478 6811.66
0.120573 6080.43
0.125893 6125.01
0.131447 6137.28
0.137246 6774.06
0.143301 6196.38
0.149624 5651.17
0.156225 6724.54
0.163117 6304.15
0.170314 8112.02
0.177828 6634.51
0.185674 7426.91
0.193865 8179.81
0.202418 5813.69
0.211349 6810.44
0.220673 8391.86
0.230409 7342.13
0.240575 7118.97
0.251189 7970.02
0.262271 6926.28
0.273842 7689.04
0.285924 9161.57
0.298538 7474.5
0.311709 8067.38
0.325462 8699.95
0.339821 9561.06
0.354813 7112.67
0.370467 9922.72
0.386812 8282.42
0.403878 10101.8
0.421697 8926.01
0.440301 9233.43
0.459727 8191.38
0.48001 7589.45
0.501187 8557.84
0.523299 7005.46
0.546387 8875.99
0.570493 10691.6
0.595662 7099.2
0.621942 8421.53
0.649382 8590.56
0.678032 7635.75
0.707946 7008.32
0.73918 7118.1
0.771792 6031.18
0.805842 7387.13
0.841395 7389.41
0.878517 7132.81
0.917276 6102.18
0.957745 6125.08
1 6342.31
1.04412 6404.18
1.09018 4520.8
1.13828 5392.35
1.1885 5333.15
1.24094 5259.65
1.29569 4922.09
1.35285 4621.34
1.41254 2716.55
1.47486 3251.14
1.53993 3620.94
1.60787 3741.28
1.6788 2757.11
1.75287 2491.66
1.83021 3188.67
1.91095 2490.46
1.99526 2868.49
2.08329 1951.79
2.1752 2973.99
2.27117 2658.19
2.37137 2075.56
2.476 1980.6
2.58523 2658.04
2.69929 2781.51
2.81838 2487.45
2.94273 1941.41
3.07256 2039.27
3.20812 1786.19
3.34965 1430.16
3.49744 1968.78
3.65174 1609.38
3.81285 2966.27
3.98107 2055.26
4.15671 2304.92
4.3401 1516.94
4.53158 1689.95
4.73151 1408.71
4.94026 1080.78
5.15822 1209.52
5.3858 1330.28
5.62341 1122.37
5.87151 1508.24
6.13056 1063.3
6.40103 1567.3
6.68344 1341.96
6.97831 1343.67
7.28618 1287.1
7.60764 1355.04
7.94328 1094.29
8.29373 754.024
8.65964 727.594
9.0417 857.353
9.44061 941.613
9.85712 981.519
10.292 2044.37
10.7461 1186.21
11.2202 672.308
11.7152 1068.62
12.2321 955.505
12.7717 1093.97
13.3352 1025.41
13.9236 1255.45
14.5378 1241.96
15.1792 1628.79
15.8489 1333.62
16.5482 900.863
17.2783 667.02
18.0406 932.719
18.8365 1569.24
19.6675 758.627
20.5353 679.878
21.4412 1261.14
22.3872 1329.29
23.3749 1478.72
24.4062 761.672
25.483 1302.7
26.6073 1837.48
27.7811 1512.97
29.0068 1368.2
30.2866 1398.9
31.6228 1333.77
33.0179 1244.31
34.4747 994.747
35.9956 1582.47
37.5837 1393.49
39.2419 1191.15
40.9732 815.482
42.7809 1407.37
44.6684 600.021
46.6391 1560.69
48.6968 1857.09
50.8452 1395.57
53.0884 1767.12
55.4307 1673.38
57.8762 1671.93
60.4296 1844.85
63.0957 1187.21
65.8795 1755.67
68.786 2319.4
71.8208 1247.58
74.9894 1702.96
78.2979 2049.28
81.7523 2266.53
85.3591 1571.56
89.1251 2593.52
93.0572 1863.12
97.1628 2154.35
101.45 2263.6
105.925 1838.36
110.599 2276.77
115.478 1717.59
120.573 3242.89
125.893 2469.69
131.447 2483.02
137.246 2779.59
143.301 2987.59
149.624 2830.34
156.225 2564.8
163.117 2590.8
170.314 3135.14
177.828 3584.75
185.674 2699.45
193.865 3429.58
202.418 3296.73
211.349 2799.89
220.673 4435.1
230.409 4761.25
240.575 5604.85
251.189 6627
262.271 4444
273.842 4366.01
285.924 6185.19
298.538 5661.47
311.709 6816.18
325.462 5950.69
339.821 6577.58
354.813 7222.42
370.467 5230.86
386.812 6364.82
403.878 4944.5
421.697 2297.65
440.301 1919.44
459.727 2619.03
480.01 2453.3
501.187 1515.36
523.299 647.044
546.387 654.681
570.493 245.248
595.662 420.792
621.942 257.8
649.382 95.3464
678.032 0
707.946 94.0812
739.18 88.8759
771.792 86.9823
805.842 230.97
841.395 169.817
878.517 0
917.276 0
957.745 112.713
1000 110.014
