# First line is two numbers 
#     First value is '2', it means 'histogram mode'
#     Second value is 'Emin' of the histogram
# Other lines : 2 columns. 1) energy 2) probability (nb divided by NbEvent)
# Number of bins = 480
# Content below the first bin: 0
# Content above the last  bin: 0
# Content above the last  bin: 0
# Number of events: 209000
2 1e-06
1.04412e-06 0
1.09018e-06 0
1.13828e-06 0
1.1885e-06 0
1.24094e-06 0
1.29569e-06 0
1.35285e-06 0
1.41254e-06 0
1.47486e-06 0
1.53993e-06 0
1.60787e-06 0
1.6788e-06 0
1.75287e-06 0
1.83021e-06 0
1.91095e-06 0
1.99526e-06 0
2.08329e-06 0
2.1752e-06 0
2.27117e-06 0
2.37137e-06 0
2.476e-06 0
2.58523e-06 0
2.69929e-06 0
2.81838e-06 0
2.94273e-06 0
3.07256e-06 0
3.20812e-06 0
3.34965e-06 0
3.49744e-06 0
3.65174e-06 0
3.81285e-06 0
3.98107e-06 0
4.15671e-06 0
4.3401e-06 0
4.53158e-06 0
4.73151e-06 0
4.94026e-06 0
5.15822e-06 0
5.3858e-06 0
5.62341e-06 0
5.87151e-06 0
6.13056e-06 0
6.40103e-06 0
6.68344e-06 0
6.97831e-06 0
7.28618e-06 0
7.60764e-06 0
7.94328e-06 0
8.29373e-06 0
8.65964e-06 0
9.0417e-06 0
9.44061e-06 0
9.85712e-06 0
1.0292e-05 0
1.07461e-05 0
1.12202e-05 0
1.17152e-05 0
1.22321e-05 0
1.27717e-05 0
1.33352e-05 0
1.39236e-05 0
1.45378e-05 0
1.51792e-05 0
1.58489e-05 0
1.65482e-05 0
1.72783e-05 0
1.80406e-05 0
1.88365e-05 0
1.96675e-05 0
2.05353e-05 0
2.14412e-05 0
2.23872e-05 0
2.33749e-05 0
2.44062e-05 0
2.5483e-05 0
2.66073e-05 0
2.77811e-05 0
2.90068e-05 0
3.02866e-05 0
3.16228e-05 0
3.30179e-05 0
3.44747e-05 0
3.59956e-05 0
3.75837e-05 0
3.92419e-05 0
4.09732e-05 0
4.27809e-05 0
4.46684e-05 0
4.66391e-05 0
4.86968e-05 0
5.08452e-05 0
5.30884e-05 0
5.54307e-05 0
5.78762e-05 0
6.04296e-05 0
6.30957e-05 0
6.58795e-05 0
6.8786e-05 0
7.18208e-05 0
7.49894e-05 0
7.82979e-05 0
8.17523e-05 0
8.53591e-05 0
8.91251e-05 0
9.30572e-05 0
9.71628e-05 0
0.00010145 0
0.000105925 0
0.000110599 0
0.000115478 0
0.000120573 0
0.000125893 0
0.000131447 0
0.000137246 0
0.000143301 0
0.000149624 0
0.000156225 0
0.000163117 0
0.000170314 0
0.000177828 0
0.000185674 0
0.000193865 0
0.000202418 0
0.000211349 0
0.000220673 0
0.000230409 0
0.000240575 0
0.000251189 0
0.000262271 0
0.000273842 0
0.000285924 0
0.000298538 0
0.000311709 0
0.000325462 0
0.000339821 0
0.000354813 0
0.000370467 0
0.000386812 0
0.000403878 0
0.000421697 0
0.000440301 0
0.000459727 117.24
0.00048001 0
0.000501187 0
0.000523299 0
0.000546387 0
0.000570493 0
0.000595662 73.3777
0.000621942 0
0.000649382 0
0.000678032 0
0.000707946 0
0.00073918 0
0.000771792 0
0.000805842 0
0.000841395 0
0.000878517 0
0.000917276 0
0.000957745 0
0.001 0
0.00104412 0
0.00109018 0
0.00113828 0
0.0011885 0
0.00124094 0
0.00129569 0
0.00135285 0
0.00141254 0
0.00147486 0
0.00153993 0
0.00160787 0
0.0016788 0
0.00175287 0
0.00183021 0
0.00191095 0
0.00199526 0
0.00208329 0
0.0021752 0
0.00227117 0
0.00237137 0
0.002476 0
0.00258523 0
0.00269929 0
0.00281838 0
0.00294273 0
0.00307256 76.5298
0.00320812 0
0.00334965 0
0.00349744 0
0.00365174 0
0.00381285 0
0.00398107 0
0.00415671 73.0694
0.0043401 0
0.00453158 0
0.00473151 0
0.00494026 0
0.00515822 0
0.0053858 0
0.00562341 0
0.00587151 0
0.00613056 0
0.00640103 0
0.00668344 174.82
0.00697831 0
0.00728618 111.316
0.00760764 203.358
0.00794328 93.2862
0.00829373 0
0.00865964 13.3203
0.0090417 186.159
0.00944061 89.0363
0.00985712 23.7293
0.010292 99.7126
0.0107461 182.629
0.0112202 121.702
0.0117152 167.372
0.0122321 54.782
0.0127717 74.5495
0.0133352 202.88
0.0139236 368.093
0.0145378 404.208
0.0151792 143.478
0.0158489 356.715
0.0165482 285.923
0.0172783 216.804
0.0180406 260.573
0.0188365 398.342
0.0196675 391.572
0.0205353 121.694
0.0214412 478.092
0.0223872 257.766
0.0233749 202.245
0.0244062 377.204
0.025483 462.04
0.0266073 465.431
0.0277811 362.935
0.0290068 249.625
0.0302866 194.464
0.0316228 817.542
0.0330179 657.173
0.0344747 864.216
0.0359956 709.393
0.0375837 787.016
0.0392419 1072.12
0.0409732 863.775
0.0427809 941.505
0.0446684 1041.75
0.0466391 1885.52
0.0486968 821.631
0.0508452 1294.19
0.0530884 2110.21
0.0554307 1383.58
0.0578762 1662.12
0.0604296 1251.5
0.0630957 2429.63
0.0658795 2259.57
0.068786 2484.55
0.0718208 1993.51
0.0749894 2047.01
0.0782979 2192.38
0.0817523 1836.03
0.0853591 2856.87
0.0891251 2267.13
0.0930572 2769.75
0.0971628 2678.65
0.10145 3261.26
0.105925 2711.06
0.110599 3628.56
0.115478 4105.1
0.120573 3287.55
0.125893 4373.06
0.131447 4519.99
0.137246 3867.85
0.143301 3494.34
0.149624 3799.27
0.156225 3977.38
0.163117 4216.45
0.170314 3732.01
0.177828 3706.39
0.185674 4153.55
0.193865 6229.44
0.202418 4062.23
0.211349 4495.76
0.220673 5276.73
0.230409 3970.68
0.240575 3963.77
0.251189 4208.73
0.262271 5051.24
0.273842 6570.6
0.285924 4850.85
0.298538 5201.66
0.311709 6338.52
0.325462 6018.97
0.339821 5538.94
0.354813 5471.83
0.370467 4888.24
0.386812 4990.27
0.403878 7406.34
0.421697 5326.13
0.440301 5395.01
0.459727 5107.72
0.48001 4728.58
0.501187 5510.52
0.523299 6203.37
0.546387 5023.84
0.570493 5284.67
0.595662 6237.23
0.621942 4929.5
0.649382 6098.29
0.678032 5343.08
0.707946 5217.62
0.73918 5709.18
0.771792 4818.69
0.805842 4943.84
0.841395 4482.6
0.878517 3668.89
0.917276 3242.49
0.957745 5057.58
1 3539.08
1.04412 3930.68
1.09018 3715.75
1.13828 3122.49
1.1885 2771.8
1.24094 2794.69
1.29569 2572.37
1.35285 3202.55
1.41254 2991.76
1.47486 1665.73
1.53993 2404.02
1.60787 2124.19
1.6788 2927.51
1.75287 2638.85
1.83021 2719.59
1.91095 1780.37
1.99526 1209.57
2.08329 1249.38
2.1752 1030.78
2.27117 1571.44
2.37137 2344.14
2.476 1226.15
2.58523 1254.72
2.69929 1489.12
2.81838 492.327
2.94273 1830.4
3.07256 1409.7
3.20812 1461.92
3.34965 1085.4
3.49744 1951.22
3.65174 1266.09
3.81285 1548.56
3.98107 1083.07
4.15671 1633.72
4.3401 1165.23
4.53158 864.615
4.73151 1137.37
4.94026 966.614
5.15822 805.803
5.3858 874.374
5.62341 483.429
5.87151 744.023
6.13056 1157.37
6.40103 995.965
6.68344 705.073
6.97831 301.803
7.28618 388.802
7.60764 744.038
7.94328 623.753
8.29373 849.297
8.65964 767.237
9.0417 302.223
9.44061 696.17
9.85712 607.033
10.292 797.379
10.7461 234.721
11.2202 574.803
11.7152 522.575
12.2321 796.418
12.7717 662.765
13.3352 369.017
13.9236 739.496
14.5378 562.472
15.1792 399.409
15.8489 729.14
16.5482 777.173
17.2783 447.949
18.0406 516.587
18.8365 787.346
19.6675 518.186
20.5353 330.721
21.4412 549.881
22.3872 592.423
23.3749 344.73
24.4062 565.917
25.483 901.759
26.6073 509.396
27.7811 536.649
29.0068 466.201
30.2866 635.103
31.6228 424.244
33.0179 451.308
34.4747 663.004
35.9956 774.191
37.5837 1100.11
39.2419 877.804
40.9732 680.189
42.7809 794.261
44.6684 416.036
46.6391 852.464
48.6968 1024.69
50.8452 971.366
53.0884 653.59
55.4307 758.455
57.8762 992.016
60.4296 1392.33
63.0957 1298.14
65.8795 1103.57
68.786 899.788
71.8208 1145.28
74.9894 1952.95
78.2979 1658.46
81.7523 1381.97
85.3591 1156.76
89.1251 1122.07
93.0572 964.771
97.1628 1391.03
101.45 1212.76
105.925 1148.62
110.599 1441.7
115.478 1354.78
120.573 1306.15
125.893 1531.39
131.447 1690.96
137.246 1795.31
143.301 1927.01
149.624 2127.44
156.225 1938.16
163.117 1367.82
170.314 1983.64
177.828 2537.66
185.674 2970
193.865 2774.88
202.418 2728.65
211.349 2131.93
220.673 2418.47
230.409 2783.85
240.575 2812.3
251.189 3092.95
262.271 2865.3
273.842 3013.22
285.924 3918.9
298.538 3814.5
311.709 4800.05
325.462 6132.48
339.821 5451.17
354.813 5393.39
370.467 5138.98
386.812 4673.95
403.878 2895.73
421.697 3551.06
440.301 2473.12
459.727 1803
480.01 976.054
501.187 565.856
523.299 675.215
546.387 573.851
570.493 546.943
595.662 399.939
621.942 165.356
649.382 176.427
678.032 323.457
707.946 282.261
739.18 0
771.792 55.9586
805.842 70.1483
841.395 0
878.517 0
917.276 0
957.745 0
1000 0
