# First line is two numbers 
#     First value is '2', it means 'histogram mode'
#     Second value is 'Emin' of the histogram
# Other lines : 2 columns. 1) energy 2) probability (nb divided by NbEvent)
# Number of bins = 480
# Content below the first bin: 0
# Content above the last  bin: 0
# Content above the last  bin: 0
# Number of events: 209000
2 1e-06
1.04412e-06 0
1.09018e-06 0
1.13828e-06 0
1.1885e-06 0
1.24094e-06 0
1.29569e-06 0
1.35285e-06 0
1.41254e-06 0
1.47486e-06 0
1.53993e-06 0
1.60787e-06 0
1.6788e-06 0
1.75287e-06 0
1.83021e-06 0
1.91095e-06 0
1.99526e-06 0
2.08329e-06 0
2.1752e-06 0
2.27117e-06 0
2.37137e-06 0
2.476e-06 0
2.58523e-06 0
2.69929e-06 0
2.81838e-06 0
2.94273e-06 0
3.07256e-06 0
3.20812e-06 0
3.34965e-06 0
3.49744e-06 0
3.65174e-06 0
3.81285e-06 0
3.98107e-06 0
4.15671e-06 0
4.3401e-06 0
4.53158e-06 0
4.73151e-06 0
4.94026e-06 0
5.15822e-06 0
5.3858e-06 0
5.62341e-06 0
5.87151e-06 0
6.13056e-06 0
6.40103e-06 0
6.68344e-06 0
6.97831e-06 0
7.28618e-06 0
7.60764e-06 0
7.94328e-06 0
8.29373e-06 0
8.65964e-06 0
9.0417e-06 0
9.44061e-06 0
9.85712e-06 0
1.0292e-05 0
1.07461e-05 0
1.12202e-05 0
1.17152e-05 0
1.22321e-05 0
1.27717e-05 0
1.33352e-05 0
1.39236e-05 0
1.45378e-05 0
1.51792e-05 0
1.58489e-05 0
1.65482e-05 0
1.72783e-05 0
1.80406e-05 0
1.88365e-05 0
1.96675e-05 0
2.05353e-05 0
2.14412e-05 0
2.23872e-05 0
2.33749e-05 0
2.44062e-05 0
2.5483e-05 0
2.66073e-05 0
2.77811e-05 0
2.90068e-05 0
3.02866e-05 0
3.16228e-05 0
3.30179e-05 0
3.44747e-05 0
3.59956e-05 0
3.75837e-05 0
3.92419e-05 0
4.09732e-05 0
4.27809e-05 0
4.46684e-05 0
4.66391e-05 0
4.86968e-05 0
5.08452e-05 0
5.30884e-05 0
5.54307e-05 0
5.78762e-05 0
6.04296e-05 0
6.30957e-05 0
6.58795e-05 0
6.8786e-05 0
7.18208e-05 0
7.49894e-05 0
7.82979e-05 0
8.17523e-05 0
8.53591e-05 0
8.91251e-05 0
9.30572e-05 0
9.71628e-05 0
0.00010145 0
0.000105925 0
0.000110599 0
0.000115478 0
0.000120573 0
0.000125893 0
0.000131447 0
0.000137246 0
0.000143301 0
0.000149624 0
0.000156225 0
0.000163117 0
0.000170314 0
0.000177828 0
0.000185674 0
0.000193865 0
0.000202418 0
0.000211349 0
0.000220673 0
0.000230409 0
0.000240575 83.8489
0.000251189 0
0.000262271 0
0.000273842 0
0.000285924 0
0.000298538 0
0.000311709 0
0.000325462 0
0.000339821 0
0.000354813 0
0.000370467 0
0.000386812 0
0.000403878 0
0.000421697 0
0.000440301 0
0.000459727 0
0.00048001 0
0.000501187 0
0.000523299 0
0.000546387 0
0.000570493 0
0.000595662 0
0.000621942 0
0.000649382 0
0.000678032 0
0.000707946 0
0.00073918 0
0.000771792 0
0.000805842 0
0.000841395 0
0.000878517 0
0.000917276 0
0.000957745 0
0.001 0
0.00104412 0
0.00109018 0
0.00113828 0
0.0011885 0
0.00124094 0
0.00129569 0
0.00135285 0
0.00141254 0
0.00147486 0
0.00153993 0
0.00160787 0
0.0016788 0
0.00175287 0
0.00183021 0
0.00191095 0
0.00199526 0
0.00208329 0
0.0021752 0
0.00227117 0
0.00237137 0
0.002476 69.8739
0.00258523 0
0.00269929 102.436
0.00281838 0
0.00294273 0
0.00307256 0
0.00320812 0
0.00334965 106.325
0.00349744 0
0.00365174 0
0.00381285 0
0.00398107 78.5621
0.00415671 0
0.0043401 118.61
0.00453158 0
0.00473151 0
0.00494026 55.5425
0.00515822 0
0.0053858 110.143
0.00562341 0
0.00587151 0
0.00613056 160.481
0.00640103 176.47
0.00668344 77.4058
0.00697831 119.852
0.00728618 115.264
0.00760764 0
0.00794328 98.8709
0.00829373 0
0.00865964 112.079
0.0090417 204.085
0.00944061 201.477
0.00985712 0
0.010292 57.7602
0.0107461 98.3989
0.0112202 194.701
0.0117152 284.826
0.0122321 0
0.0127717 146.041
0.0133352 334.947
0.0139236 94.9951
0.0145378 55.4788
0.0151792 254.635
0.0158489 150.584
0.0165482 385.71
0.0172783 600.197
0.0180406 92.3903
0.0188365 855.35
0.0196675 231.625
0.0205353 339.452
0.0214412 432.285
0.0223872 352.233
0.0233749 720.164
0.0244062 531.119
0.025483 398.751
0.0266073 446.776
0.0277811 998.022
0.0290068 447.042
0.0302866 627.389
0.0316228 1106.41
0.0330179 879.82
0.0344747 452.379
0.0359956 1178.97
0.0375837 1274.57
0.0392419 1309.08
0.0409732 1114.84
0.0427809 1358.65
0.0446684 1690.2
0.0466391 1277.06
0.0486968 1555.58
0.0508452 1492.86
0.0530884 1191.35
0.0554307 1039.02
0.0578762 1274.76
0.0604296 1616.93
0.0630957 1427.2
0.0658795 2334.26
0.068786 1685.87
0.0718208 1991.96
0.0749894 1937.82
0.0782979 2635.57
0.0817523 2256.81
0.0853591 2493.66
0.0891251 2973.46
0.0930572 3149.29
0.0971628 4020.75
0.10145 3217.23
0.105925 2367.72
0.110599 3245.99
0.115478 3146.78
0.120573 2958.36
0.125893 4296.51
0.131447 3573.99
0.137246 2883.04
0.143301 3572.79
0.149624 4462.6
0.156225 3775.74
0.163117 4306.54
0.170314 5261.26
0.177828 5317.45
0.185674 3522.27
0.193865 4477.05
0.202418 4078.37
0.211349 5022.29
0.220673 6306.73
0.230409 4748.67
0.240575 3989.58
0.251189 4839.26
0.262271 5828.97
0.273842 5478.16
0.285924 5512.58
0.298538 5682.04
0.311709 5729.42
0.325462 5257.27
0.339821 7438.16
0.354813 5499.23
0.370467 4652.62
0.386812 5996.19
0.403878 7295.08
0.421697 5760.44
0.440301 5414.55
0.459727 4558.74
0.48001 6592.13
0.501187 7234.01
0.523299 5483.87
0.546387 5481
0.570493 5719.19
0.595662 5678.82
0.621942 5614.77
0.649382 5255.27
0.678032 6536.37
0.707946 5726.16
0.73918 6130.85
0.771792 4620.88
0.805842 3833.32
0.841395 4662.62
0.878517 4153.41
0.917276 4589.27
0.957745 4090.82
1 3148.52
1.04412 3703.2
1.09018 3903.33
1.13828 2783.61
1.1885 3331.9
1.24094 3194.3
1.29569 2992.26
1.35285 3046.74
1.41254 3015.07
1.47486 2237.73
1.53993 2442.71
1.60787 2156.78
1.6788 2617.34
1.75287 1845.34
1.83021 2420.15
1.91095 1619.88
1.99526 1826.12
2.08329 1746.35
2.1752 1474.41
2.27117 1352.9
2.37137 2007.57
2.476 1831.09
2.58523 1477.39
2.69929 1163.14
2.81838 1840.73
2.94273 1831.4
3.07256 1464.72
3.20812 912.337
3.34965 979.646
3.49744 1331.22
3.65174 1764.46
3.81285 1250.46
3.98107 776.36
4.15671 1588.64
4.3401 1241.26
4.53158 936.768
4.73151 971.085
4.94026 1096.89
5.15822 776.395
5.3858 994.675
5.62341 292.353
5.87151 949.92
6.13056 1045.15
6.40103 1261.74
6.68344 902.136
6.97831 736.316
7.28618 691.955
7.60764 1001.96
7.94328 962.617
8.29373 553.513
8.65964 992.825
9.0417 815.095
9.44061 665.995
9.85712 761.399
10.292 205.671
10.7461 747.09
11.2202 321.938
11.7152 589.609
12.2321 694.818
12.7717 709.16
13.3352 631.405
13.9236 593.763
14.5378 778.201
15.1792 772.85
15.8489 710.246
16.5482 977.766
17.2783 722.827
18.0406 597.214
18.8365 614.503
19.6675 298.51
20.5353 637.674
21.4412 781.03
22.3872 694.302
23.3749 885.426
24.4062 592.319
25.483 701.866
26.6073 666.004
27.7811 670.394
29.0068 1092.39
30.2866 543.86
31.6228 1274.62
33.0179 1001.48
34.4747 636.344
35.9956 1277.05
37.5837 656.963
39.2419 500.662
40.9732 983.945
42.7809 1037
44.6684 982.773
46.6391 1407.11
48.6968 1078.41
50.8452 708.769
53.0884 1393.43
55.4307 749.351
57.8762 1941.94
60.4296 1230.96
63.0957 821.872
65.8795 822.549
68.786 1105.59
71.8208 1747.14
74.9894 1045.75
78.2979 1031.72
81.7523 1107.81
85.3591 1316.29
89.1251 1236.55
93.0572 1254.79
97.1628 1231.79
101.45 1254.52
105.925 656.707
110.599 1721.94
115.478 1772.5
120.573 1205.83
125.893 2257.13
131.447 1809.69
137.246 1749.48
143.301 2197.86
149.624 1664.99
156.225 2203.01
163.117 1523.73
170.314 2245.06
177.828 1465.57
185.674 3262.11
193.865 1765.01
202.418 1970.72
211.349 2851.44
220.673 2652.54
230.409 2154.9
240.575 3827.6
251.189 2932.04
262.271 4536.94
273.842 3406.34
285.924 4878.63
298.538 4697.19
311.709 5128.99
325.462 4431.8
339.821 6433.23
354.813 5386.6
370.467 4873.23
386.812 5004.58
403.878 3302.47
421.697 2438.32
440.301 2697.84
459.727 1470.87
480.01 1643.89
501.187 966.04
523.299 626.088
546.387 460.879
570.493 222.148
595.662 78.6979
621.942 98.2882
649.382 186.712
678.032 78.0821
707.946 106.408
739.18 90.793
771.792 0
805.842 0
841.395 155.817
878.517 168.223
917.276 0
957.745 0
1000 0
