# First line is two numbers 
#     First value is '2', it means 'histogram mode'
#     Second value is 'Emin' of the histogram
# Other lines : 2 columns. 1) energy 2) probability (nb divided by NbEvent)
# Number of bins = 480
# Content below the first bin: 0
# Content above the last  bin: 0
# Content above the last  bin: 0
# Number of events: 209000
2 1e-06
1.04412e-06 0
1.09018e-06 0
1.13828e-06 0
1.1885e-06 0
1.24094e-06 0
1.29569e-06 0
1.35285e-06 0
1.41254e-06 0
1.47486e-06 0
1.53993e-06 0
1.60787e-06 0
1.6788e-06 0
1.75287e-06 0
1.83021e-06 0
1.91095e-06 0
1.99526e-06 0
2.08329e-06 0
2.1752e-06 0
2.27117e-06 0
2.37137e-06 0
2.476e-06 0
2.58523e-06 0
2.69929e-06 0
2.81838e-06 0
2.94273e-06 0
3.07256e-06 0
3.20812e-06 0
3.34965e-06 0
3.49744e-06 0
3.65174e-06 0
3.81285e-06 0
3.98107e-06 0
4.15671e-06 0
4.3401e-06 0
4.53158e-06 0
4.73151e-06 0
4.94026e-06 0
5.15822e-06 0
5.3858e-06 0
5.62341e-06 0
5.87151e-06 0
6.13056e-06 0
6.40103e-06 0
6.68344e-06 0
6.97831e-06 0
7.28618e-06 0
7.60764e-06 0
7.94328e-06 0
8.29373e-06 0
8.65964e-06 0
9.0417e-06 0
9.44061e-06 0
9.85712e-06 0
1.0292e-05 0
1.07461e-05 0
1.12202e-05 0
1.17152e-05 0
1.22321e-05 0
1.27717e-05 0
1.33352e-05 0
1.39236e-05 0
1.45378e-05 0
1.51792e-05 0
1.58489e-05 0
1.65482e-05 0
1.72783e-05 0
1.80406e-05 0
1.88365e-05 0
1.96675e-05 0
2.05353e-05 0
2.14412e-05 0
2.23872e-05 0
2.33749e-05 0
2.44062e-05 0
2.5483e-05 0
2.66073e-05 0
2.77811e-05 0
2.90068e-05 0
3.02866e-05 0
3.16228e-05 0
3.30179e-05 0
3.44747e-05 0
3.59956e-05 0
3.75837e-05 0
3.92419e-05 0
4.09732e-05 0
4.27809e-05 0
4.46684e-05 0
4.66391e-05 0
4.86968e-05 0
5.08452e-05 0
5.30884e-05 0
5.54307e-05 0
5.78762e-05 0
6.04296e-05 0
6.30957e-05 0
6.58795e-05 0
6.8786e-05 0
7.18208e-05 0
7.49894e-05 0
7.82979e-05 0
8.17523e-05 0
8.53591e-05 0
8.91251e-05 0
9.30572e-05 0
9.71628e-05 0
0.00010145 0
0.000105925 0
0.000110599 0
0.000115478 0
0.000120573 0
0.000125893 0
0.000131447 0
0.000137246 0
0.000143301 0
0.000149624 0
0.000156225 0
0.000163117 0
0.000170314 0
0.000177828 0
0.000185674 0
0.000193865 0
0.000202418 0
0.000211349 0
0.000220673 0
0.000230409 0
0.000240575 0
0.000251189 0
0.000262271 0
0.000273842 0
0.000285924 0
0.000298538 0
0.000311709 0
0.000325462 0
0.000339821 0
0.000354813 0
0.000370467 0
0.000386812 0
0.000403878 0
0.000421697 0
0.000440301 0
0.000459727 0
0.00048001 0
0.000501187 0
0.000523299 0
0.000546387 0
0.000570493 0
0.000595662 0
0.000621942 0
0.000649382 0
0.000678032 0
0.000707946 0
0.00073918 0
0.000771792 0
0.000805842 0
0.000841395 0
0.000878517 0
0.000917276 0
0.000957745 0
0.001 0
0.00104412 0
0.00109018 0
0.00113828 0
0.0011885 0
0.00124094 0
0.00129569 0
0.00135285 0
0.00141254 0
0.00147486 0
0.00153993 0
0.00160787 0
0.0016788 0
0.00175287 0
0.00183021 0
0.00191095 0
0.00199526 0
0.00208329 0
0.0021752 0
0.00227117 0
0.00237137 0
0.002476 0
0.00258523 0
0.00269929 0
0.00281838 0
0.00294273 0
0.00307256 0
0.00320812 0
0.00334965 0
0.00349744 0
0.00365174 0
0.00381285 0
0.00398107 0
0.00415671 0
0.0043401 0
0.00453158 83.7594
0.00473151 0
0.00494026 0
0.00515822 0
0.0053858 75.4293
0.00562341 96.842
0.00587151 0
0.00613056 116.799
0.00640103 84.6339
0.00668344 0
0.00697831 0
0.00728618 0
0.00760764 83.2676
0.00794328 112.234
0.00829373 0
0.00865964 0
0.0090417 0
0.00944061 0
0.00985712 235.034
0.010292 0
0.0107461 0
0.0112202 217.207
0.0117152 0
0.0122321 0
0.0127717 152.309
0.0133352 0
0.0139236 241.282
0.0145378 0
0.0151792 85.245
0.0158489 274.35
0.0165482 192.314
0.0172783 351.717
0.0180406 0
0.0188365 164.394
0.0196675 102.943
0.0205353 286.226
0.0214412 492.227
0.0223872 239.836
0.0233749 388.926
0.0244062 119.869
0.025483 232.889
0.0266073 652.614
0.0277811 178.969
0.0290068 335.421
0.0302866 469.541
0.0316228 818.777
0.0330179 961.237
0.0344747 445.447
0.0359956 151.728
0.0375837 557.828
0.0392419 620.315
0.0409732 976.045
0.0427809 404.524
0.0446684 708.199
0.0466391 601.387
0.0486968 779.855
0.0508452 1204.4
0.0530884 572.647
0.0554307 1125.09
0.0578762 1593.23
0.0604296 1045.18
0.0630957 1358.54
0.0658795 825.592
0.068786 1489.06
0.0718208 1392.5
0.0749894 1192.67
0.0782979 1189.85
0.0817523 1365.64
0.0853591 1179.35
0.0891251 1963.91
0.0930572 1063.47
0.0971628 2708.17
0.10145 1555.53
0.105925 1932.58
0.110599 2112.68
0.115478 2438.55
0.120573 1914.56
0.125893 2307.69
0.131447 2128.62
0.137246 2679.68
0.143301 2249.14
0.149624 2282.39
0.156225 2813.57
0.163117 2592.9
0.170314 3222.6
0.177828 1895.75
0.185674 2071.26
0.193865 3076.97
0.202418 1465.68
0.211349 2044.95
0.220673 2383.6
0.230409 2349.9
0.240575 1923.81
0.251189 2516.9
0.262271 2174.98
0.273842 2127.61
0.285924 3304.57
0.298538 2570.51
0.311709 3311.38
0.325462 2949.45
0.339821 2114.84
0.354813 3032.15
0.370467 3052.65
0.386812 3155.33
0.403878 3141.66
0.421697 2561.13
0.440301 3111.46
0.459727 3779.17
0.48001 2356.43
0.501187 2513.78
0.523299 2298.68
0.546387 3328.39
0.570493 2207.21
0.595662 2567.09
0.621942 2443.03
0.649382 3004.74
0.678032 2828.82
0.707946 2872.13
0.73918 2678.48
0.771792 2869.67
0.805842 2648.61
0.841395 2284.76
0.878517 2275.82
0.917276 2488.52
0.957745 1404.58
1 1866.27
1.04412 1765.76
1.09018 1105.57
1.13828 1449.23
1.1885 1061.13
1.24094 1363.45
1.29569 1270
1.35285 855.414
1.41254 889.011
1.47486 1124.08
1.53993 1384.92
1.60787 1275.31
1.6788 720.761
1.75287 903.041
1.83021 921.993
1.91095 884.495
1.99526 637.215
2.08329 593.686
2.1752 747.66
2.27117 785.563
2.37137 572.558
2.476 680.789
2.58523 573.904
2.69929 483.995
2.81838 350.182
2.94273 543.234
3.07256 511.879
3.20812 459.16
3.34965 733.42
3.49744 494.133
3.65174 419.36
3.81285 483.2
3.98107 348.44
4.15671 594.135
4.3401 575.578
4.53158 441.176
4.73151 600.264
4.94026 499.437
5.15822 538.005
5.3858 461.43
5.62341 522.344
5.87151 190.896
6.13056 253.897
6.40103 344.932
6.68344 196.291
6.97831 363.114
7.28618 150.386
7.60764 472.382
7.94328 0
8.29373 549.176
8.65964 687.995
9.0417 375.407
9.44061 333.861
9.85712 159.463
10.292 0
10.7461 92.0614
11.2202 104.095
11.7152 344.867
12.2321 136.926
12.7717 15.7116
13.3352 184.553
13.9236 139.766
14.5378 160.922
15.1792 272.131
15.8489 326.765
16.5482 356.658
17.2783 516.791
18.0406 138.401
18.8365 258.922
19.6675 123.95
20.5353 344.854
21.4412 277.636
22.3872 100.388
23.3749 313.585
24.4062 75.4181
25.483 235.228
26.6073 345.437
27.7811 238.233
29.0068 268.362
30.2866 526.475
31.6228 441.122
33.0179 316.689
34.4747 139.615
35.9956 241.022
37.5837 650.17
39.2419 449.175
40.9732 206.883
42.7809 0
44.6684 481.337
46.6391 264.757
48.6968 292.658
50.8452 76.7573
53.0884 385.593
55.4307 421.525
57.8762 512.45
60.4296 561.467
63.0957 688.59
65.8795 289.902
68.786 372.847
71.8208 661.904
74.9894 263.206
78.2979 633.974
81.7523 758.722
85.3591 645.947
89.1251 589.026
93.0572 792.028
97.1628 568.617
101.45 1053.71
105.925 149.465
110.599 430.505
115.478 808.263
120.573 346.618
125.893 720.43
131.447 709.5
137.246 805.92
143.301 566.334
149.624 646.519
156.225 700.318
163.117 746.035
170.314 897.441
177.828 604.517
185.674 869.758
193.865 436.541
202.418 561.57
211.349 313.683
220.673 220.279
230.409 386.322
240.575 196.254
251.189 288.176
262.271 621.06
273.842 356.136
285.924 118.477
298.538 138.578
311.709 23.0051
325.462 115.306
339.821 107.014
354.813 27.5673
370.467 0
386.812 52.2233
403.878 110.102
421.697 0
440.301 95.8007
459.727 0
480.01 0
501.187 0
523.299 0
546.387 54.4684
570.493 0
595.662 0
621.942 0
649.382 0
678.032 0
707.946 0
739.18 0
771.792 0
805.842 0
841.395 0
878.517 0
917.276 0
957.745 0
1000 0
