# First line is two numbers 
#     First value is '2', it means 'histogram mode'
#     Second value is 'Emin' of the histogram
# Other lines : 2 columns. 1) energy 2) probability (nb divided by NbEvent)
# Number of bins = 480
# Content below the first bin: 0
# Content above the last  bin: 0
# Content above the last  bin: 0
# Number of events: 209000
2 1e-06
1.04412e-06 0
1.09018e-06 0
1.13828e-06 0
1.1885e-06 0
1.24094e-06 0
1.29569e-06 0
1.35285e-06 0
1.41254e-06 0
1.47486e-06 0
1.53993e-06 0
1.60787e-06 0
1.6788e-06 0
1.75287e-06 0
1.83021e-06 0
1.91095e-06 0
1.99526e-06 0
2.08329e-06 0
2.1752e-06 0
2.27117e-06 0
2.37137e-06 0
2.476e-06 0
2.58523e-06 0
2.69929e-06 0
2.81838e-06 0
2.94273e-06 0
3.07256e-06 0
3.20812e-06 0
3.34965e-06 0
3.49744e-06 0
3.65174e-06 0
3.81285e-06 0
3.98107e-06 0
4.15671e-06 0
4.3401e-06 0
4.53158e-06 0
4.73151e-06 0
4.94026e-06 0
5.15822e-06 0
5.3858e-06 0
5.62341e-06 0
5.87151e-06 0
6.13056e-06 0
6.40103e-06 0
6.68344e-06 0
6.97831e-06 0
7.28618e-06 0
7.60764e-06 0
7.94328e-06 0
8.29373e-06 0
8.65964e-06 0
9.0417e-06 0
9.44061e-06 0
9.85712e-06 0
1.0292e-05 0
1.07461e-05 0
1.12202e-05 0
1.17152e-05 0
1.22321e-05 0
1.27717e-05 0
1.33352e-05 0
1.39236e-05 0
1.45378e-05 0
1.51792e-05 0
1.58489e-05 0
1.65482e-05 0
1.72783e-05 0
1.80406e-05 0
1.88365e-05 0
1.96675e-05 0
2.05353e-05 0
2.14412e-05 0
2.23872e-05 0
2.33749e-05 0
2.44062e-05 0
2.5483e-05 0
2.66073e-05 0
2.77811e-05 0
2.90068e-05 0
3.02866e-05 0
3.16228e-05 0
3.30179e-05 0
3.44747e-05 0
3.59956e-05 0
3.75837e-05 0
3.92419e-05 0
4.09732e-05 0
4.27809e-05 0
4.46684e-05 0
4.66391e-05 0
4.86968e-05 0
5.08452e-05 0
5.30884e-05 0
5.54307e-05 0
5.78762e-05 0
6.04296e-05 0
6.30957e-05 0
6.58795e-05 0
6.8786e-05 0
7.18208e-05 0
7.49894e-05 0
7.82979e-05 0
8.17523e-05 0
8.53591e-05 0
8.91251e-05 0
9.30572e-05 0
9.71628e-05 0
0.00010145 0
0.000105925 0
0.000110599 0
0.000115478 0
0.000120573 0
0.000125893 0
0.000131447 0
0.000137246 0
0.000143301 0
0.000149624 0
0.000156225 0
0.000163117 0
0.000170314 0
0.000177828 0
0.000185674 0
0.000193865 0
0.000202418 0
0.000211349 0
0.000220673 0
0.000230409 0
0.000240575 0
0.000251189 0
0.000262271 0
0.000273842 0
0.000285924 0
0.000298538 0
0.000311709 0
0.000325462 0
0.000339821 0
0.000354813 0
0.000370467 0
0.000386812 0
0.000403878 0
0.000421697 0
0.000440301 0
0.000459727 0
0.00048001 0
0.000501187 0
0.000523299 0
0.000546387 0
0.000570493 0
0.000595662 0
0.000621942 0
0.000649382 0
0.000678032 0
0.000707946 0
0.00073918 0
0.000771792 0
0.000805842 0
0.000841395 0
0.000878517 0
0.000917276 0
0.000957745 90.0496
0.001 0
0.00104412 0
0.00109018 0
0.00113828 0
0.0011885 0
0.00124094 0
0.00129569 0
0.00135285 0
0.00141254 0
0.00147486 0
0.00153993 0
0.00160787 0
0.0016788 0
0.00175287 0
0.00183021 57.107
0.00191095 0
0.00199526 0
0.00208329 0
0.0021752 168.43
0.00227117 0
0.00237137 0
0.002476 0
0.00258523 0
0.00269929 0
0.00281838 0
0.00294273 112.579
0.00307256 0
0.00320812 0
0.00334965 54.2887
0.00349744 42.3181
0.00365174 97.8734
0.00381285 33.3828
0.00398107 41.5024
0.00415671 0
0.0043401 265.783
0.00453158 0
0.00473151 230.944
0.00494026 0
0.00515822 191.528
0.0053858 205.246
0.00562341 44.0157
0.00587151 0
0.00613056 24.2825
0.00640103 115.695
0.00668344 56.9104
0.00697831 218.732
0.00728618 110.01
0.00760764 203.498
0.00794328 0
0.00829373 227.889
0.00865964 335.282
0.0090417 222.768
0.00944061 305.836
0.00985712 72.3934
0.010292 278.216
0.0107461 417.035
0.0112202 354.216
0.0117152 142.338
0.0122321 660.541
0.0127717 422.332
0.0133352 222.15
0.0139236 575.559
0.0145378 437.55
0.0151792 1058.28
0.0158489 586.55
0.0165482 652.84
0.0172783 928.041
0.0180406 767.059
0.0188365 963.787
0.0196675 821.559
0.0205353 1429
0.0214412 984.554
0.0223872 1272.73
0.0233749 1379.52
0.0244062 934.465
0.025483 1804.17
0.0266073 1237.52
0.0277811 2039.44
0.0290068 1720.53
0.0302866 1893.98
0.0316228 2169.4
0.0330179 2567.53
0.0344747 2552.37
0.0359956 2157.35
0.0375837 2404.08
0.0392419 3386.29
0.0409732 2581.56
0.0427809 3481.92
0.0446684 2254.05
0.0466391 4602.17
0.0486968 2764.25
0.0508452 3453.04
0.0530884 4541.57
0.0554307 2545.09
0.0578762 2865.61
0.0604296 4046.76
0.0630957 4621
0.0658795 4967.53
0.068786 5162.14
0.0718208 5486.71
0.0749894 7029.55
0.0782979 5086.62
0.0817523 6263.05
0.0853591 7622.43
0.0891251 6331.41
0.0930572 8927.96
0.0971628 7990.92
0.10145 7747.51
0.105925 7814.86
0.110599 7016.75
0.115478 6704.78
0.120573 9425.54
0.125893 8819.79
0.131447 10090.2
0.137246 9129.68
0.143301 9819.62
0.149624 10115.4
0.156225 9865.63
0.163117 9318.29
0.170314 7694.88
0.177828 9367.79
0.185674 9592.73
0.193865 11393.6
0.202418 11894.7
0.211349 9491.74
0.220673 11080.3
0.230409 10866.1
0.240575 12237.3
0.251189 10664.7
0.262271 11859.7
0.273842 11756.9
0.285924 9877.09
0.298538 11084.5
0.311709 11803.4
0.325462 10700.4
0.339821 11703.1
0.354813 11841
0.370467 12938.6
0.386812 12167
0.403878 11788
0.421697 11727.5
0.440301 12957.1
0.459727 12616.8
0.48001 13671.7
0.501187 12882.2
0.523299 12818.5
0.546387 13744.1
0.570493 13267.5
0.595662 14914.9
0.621942 12259.9
0.649382 10374.8
0.678032 10664.8
0.707946 11482.4
0.73918 11137.1
0.771792 9825.31
0.805842 7895.97
0.841395 9346.38
0.878517 8070.7
0.917276 8530.49
0.957745 9883.16
1 6618.1
1.04412 7327.76
1.09018 8405.12
1.13828 6326.04
1.1885 6248.53
1.24094 4971.12
1.29569 6491.76
1.35285 6786.07
1.41254 5835.04
1.47486 5621.53
1.53993 3822.73
1.60787 4867.62
1.6788 3713.21
1.75287 4271.41
1.83021 4462.74
1.91095 3446.32
1.99526 3505.77
2.08329 3661.3
2.1752 3981.42
2.27117 2871.42
2.37137 2710.49
2.476 3483.22
2.58523 3129.95
2.69929 2533.67
2.81838 3100.11
2.94273 3488.54
3.07256 2696.84
3.20812 2700.65
3.34965 2407.31
3.49744 2297.78
3.65174 1504.47
3.81285 2475.3
3.98107 2960.87
4.15671 1835.36
4.3401 2948.03
4.53158 3066.07
4.73151 1675.89
4.94026 2132.36
5.15822 1949.03
5.3858 1882.71
5.62341 967.751
5.87151 2210.08
6.13056 1352.98
6.40103 1684.32
6.68344 1613.23
6.97831 1337.41
7.28618 1487.09
7.60764 800.719
7.94328 1814.97
8.29373 1369.83
8.65964 1727.06
9.0417 1309.51
9.44061 1465.21
9.85712 1218.85
10.292 1908.35
10.7461 896.722
11.2202 954.103
11.7152 1287.94
12.2321 946.771
12.7717 1169.49
13.3352 1052.92
13.9236 1203.8
14.5378 1268.69
15.1792 1699.03
15.8489 1037.8
16.5482 909.544
17.2783 1297.4
18.0406 684.408
18.8365 1658.84
19.6675 675.894
20.5353 1055.47
21.4412 934.42
22.3872 1238.47
23.3749 1131.82
24.4062 1266.45
25.483 1066.39
26.6073 1691.21
27.7811 1498.02
29.0068 1112.32
30.2866 1381.57
31.6228 1745.28
33.0179 1437.14
34.4747 778.085
35.9956 1507.66
37.5837 1289.52
39.2419 1573.03
40.9732 1630.88
42.7809 1924.08
44.6684 1356.54
46.6391 1785.51
48.6968 1648.23
50.8452 1900.86
53.0884 1128.38
55.4307 1224.53
57.8762 2021.2
60.4296 2683.39
63.0957 2862.34
65.8795 2514.56
68.786 2643.74
71.8208 2372.28
74.9894 2663.32
78.2979 2037.89
81.7523 2645.6
85.3591 2545.93
89.1251 2420.73
93.0572 3185.42
97.1628 2629.69
101.45 3129.45
105.925 2052.1
110.599 2125.72
115.478 2013.67
120.573 2452.47
125.893 3621.36
131.447 3700.93
137.246 3074.48
143.301 2681.57
149.624 3559.39
156.225 3421.58
163.117 3538.42
170.314 4314.91
177.828 3787.82
185.674 2649.51
193.865 4829.52
202.418 4132.99
211.349 4441.15
220.673 4542.82
230.409 3594.39
240.575 6444.32
251.189 4741.56
262.271 5693.55
273.842 6396.63
285.924 5946.83
298.538 6191.8
311.709 6701.96
325.462 6486.14
339.821 7041.59
354.813 5738.8
370.467 4852.64
386.812 3831.47
403.878 3183.57
421.697 2886.14
440.301 2301.26
459.727 2169.89
480.01 1573.59
501.187 738.319
523.299 188.21
546.387 635.423
570.493 486.423
595.662 376.748
621.942 484.396
649.382 0
678.032 171.42
707.946 310.379
739.18 88.6338
771.792 0
805.842 442.373
841.395 0
878.517 109.284
917.276 0
957.745 0
1000 0
