# First line is two numbers 
#     First value is '2', it means 'histogram mode'
#     Second value is 'Emin' of the histogram
# Other lines : 2 columns. 1) energy 2) probability (nb divided by NbEvent)
# Number of bins = 480
# Content below the first bin: 4683.17
# Content above the last  bin: 0
# Content above the last  bin: 0
# Number of events: 209000
2 1e-06
1.04412e-06 0
1.09018e-06 0
1.13828e-06 0
1.1885e-06 119.294
1.24094e-06 0
1.29569e-06 0
1.35285e-06 0
1.41254e-06 0
1.47486e-06 0
1.53993e-06 0
1.60787e-06 102.304
1.6788e-06 0
1.75287e-06 0
1.83021e-06 0
1.91095e-06 0
1.99526e-06 0
2.08329e-06 173.702
2.1752e-06 0
2.27117e-06 0
2.37137e-06 88.4392
2.476e-06 0
2.58523e-06 0
2.69929e-06 0
2.81838e-06 0
2.94273e-06 0
3.07256e-06 0
3.20812e-06 0
3.34965e-06 0
3.49744e-06 187.414
3.65174e-06 0
3.81285e-06 115.996
3.98107e-06 0
4.15671e-06 0
4.3401e-06 0
4.53158e-06 0
4.73151e-06 0
4.94026e-06 66.0367
5.15822e-06 0
5.3858e-06 0
5.62341e-06 0
5.87151e-06 0
6.13056e-06 0
6.40103e-06 0
6.68344e-06 0
6.97831e-06 0
7.28618e-06 0
7.60764e-06 0
7.94328e-06 0
8.29373e-06 0
8.65964e-06 0
9.0417e-06 0
9.44061e-06 88.8893
9.85712e-06 107.769
1.0292e-05 0
1.07461e-05 88.6617
1.12202e-05 0
1.17152e-05 0
1.22321e-05 0
1.27717e-05 0
1.33352e-05 0
1.39236e-05 42.0175
1.45378e-05 0
1.51792e-05 0
1.58489e-05 112.41
1.65482e-05 0
1.72783e-05 0
1.80406e-05 0
1.88365e-05 0
1.96675e-05 0
2.05353e-05 0
2.14412e-05 0
2.23872e-05 0
2.33749e-05 0
2.44062e-05 0
2.5483e-05 0
2.66073e-05 0
2.77811e-05 0
2.90068e-05 0
3.02866e-05 117.837
3.16228e-05 0
3.30179e-05 0
3.44747e-05 0
3.59956e-05 0
3.75837e-05 0
3.92419e-05 0
4.09732e-05 0
4.27809e-05 0
4.46684e-05 0
4.66391e-05 0
4.86968e-05 0
5.08452e-05 0
5.30884e-05 0
5.54307e-05 0
5.78762e-05 0
6.04296e-05 0
6.30957e-05 0
6.58795e-05 104.128
6.8786e-05 0
7.18208e-05 0
7.49894e-05 0
7.82979e-05 54.6277
8.17523e-05 0
8.53591e-05 0
8.91251e-05 0
9.30572e-05 0
9.71628e-05 0
0.00010145 0
0.000105925 0
0.000110599 0
0.000115478 0
0.000120573 74.3063
0.000125893 0
0.000131447 0
0.000137246 0
0.000143301 0
0.000149624 0
0.000156225 6.43874
0.000163117 0
0.000170314 0
0.000177828 0
0.000185674 60.5879
0.000193865 0
0.000202418 0
0.000211349 51.4984
0.000220673 0
0.000230409 0
0.000240575 0
0.000251189 98.0933
0.000262271 0
0.000273842 0
0.000285924 209.142
0.000298538 0
0.000311709 0
0.000325462 0
0.000339821 0
0.000354813 0
0.000370467 0
0.000386812 100.14
0.000403878 100.481
0.000421697 0
0.000440301 0
0.000459727 0
0.00048001 0
0.000501187 0
0.000523299 0
0.000546387 0
0.000570493 0
0.000595662 0
0.000621942 0
0.000649382 0
0.000678032 84.8009
0.000707946 73.5281
0.00073918 0
0.000771792 0
0.000805842 0
0.000841395 0
0.000878517 0
0.000917276 48.7612
0.000957745 0
0.001 0
0.00104412 0
0.00109018 94.9333
0.00113828 195.954
0.0011885 0
0.00124094 0
0.00129569 0
0.00135285 0
0.00141254 15.4397
0.00147486 0
0.00153993 114.094
0.00160787 110.738
0.0016788 0
0.00175287 0
0.00183021 0
0.00191095 0
0.00199526 0
0.00208329 114.074
0.0021752 0
0.00227117 75.5724
0.00237137 0
0.002476 0
0.00258523 0
0.00269929 0
0.00281838 0
0.00294273 0
0.00307256 0
0.00320812 0
0.00334965 0
0.00349744 83.3479
0.00365174 0
0.00381285 0
0.00398107 0
0.00415671 0
0.0043401 0
0.00453158 0
0.00473151 0
0.00494026 177.209
0.00515822 0
0.0053858 0
0.00562341 0
0.00587151 0
0.00613056 0
0.00640103 65.4238
0.00668344 80.5334
0.00697831 0
0.00728618 0
0.00760764 101.92
0.00794328 277.282
0.00829373 0
0.00865964 0
0.0090417 0
0.00944061 0
0.00985712 100.11
0.010292 68.71
0.0107461 0
0.0112202 0
0.0117152 190.596
0.0122321 220.706
0.0127717 120.778
0.0133352 0
0.0139236 251.452
0.0145378 62.8401
0.0151792 93.7546
0.0158489 186.513
0.0165482 195.878
0.0172783 316.109
0.0180406 271.687
0.0188365 112.097
0.0196675 116.602
0.0205353 81.5861
0.0214412 201.649
0.0223872 295.684
0.0233749 63.0568
0.0244062 111.412
0.025483 210.397
0.0266073 277.924
0.0277811 14.1733
0.0290068 214.991
0.0302866 342.565
0.0316228 200.021
0.0330179 561.495
0.0344747 430.765
0.0359956 60.7408
0.0375837 258.019
0.0392419 288.809
0.0409732 308.894
0.0427809 386.32
0.0446684 162.278
0.0466391 297.451
0.0486968 363.873
0.0508452 250.445
0.0530884 696.329
0.0554307 566.591
0.0578762 491.748
0.0604296 345.928
0.0630957 865.217
0.0658795 296.408
0.068786 809.438
0.0718208 841.143
0.0749894 753.398
0.0782979 1268.69
0.0817523 1196.31
0.0853591 946.224
0.0891251 1287.75
0.0930572 997.48
0.0971628 923.283
0.10145 1262.37
0.105925 1137.3
0.110599 921.428
0.115478 708.107
0.120573 1336.78
0.125893 1410.43
0.131447 2062.71
0.137246 1515.33
0.143301 2120.96
0.149624 2044.11
0.156225 1157.32
0.163117 1983.71
0.170314 1805.35
0.177828 976.332
0.185674 1805.19
0.193865 2438.61
0.202418 2760.22
0.211349 2209.41
0.220673 2095.4
0.230409 2691.89
0.240575 2188.79
0.251189 2955.66
0.262271 2264.93
0.273842 2020.82
0.285924 2156.6
0.298538 2723.31
0.311709 2731.46
0.325462 2534.42
0.339821 2639.64
0.354813 2378.32
0.370467 2832.27
0.386812 2883.8
0.403878 2870.38
0.421697 1838.21
0.440301 2347.86
0.459727 2950.62
0.48001 3006.88
0.501187 3755.18
0.523299 3207.96
0.546387 3465.27
0.570493 2941.6
0.595662 2939.93
0.621942 2015.8
0.649382 2151.74
0.678032 2169.69
0.707946 2672.69
0.73918 2204.61
0.771792 2594.86
0.805842 1678.49
0.841395 1878.13
0.878517 2988.28
0.917276 3053.21
0.957745 2140.52
1 2547.94
1.04412 2258.72
1.09018 2206.36
1.13828 1869.37
1.1885 1394.15
1.24094 1652.68
1.29569 1301.92
1.35285 1590.84
1.41254 1456.12
1.47486 1395.1
1.53993 1183.52
1.60787 1241.01
1.6788 1459.22
1.75287 1284.75
1.83021 831.62
1.91095 1251.75
1.99526 1090.94
2.08329 709.46
2.1752 820.22
2.27117 752.139
2.37137 874.003
2.476 963.627
2.58523 832.11
2.69929 1031.35
2.81838 1120.35
2.94273 600.63
3.07256 1196.77
3.20812 1176.74
3.34965 745.566
3.49744 1288.63
3.65174 415.158
3.81285 359.08
3.98107 1093.49
4.15671 1255.31
4.3401 1178.48
4.53158 582.754
4.73151 1267.55
4.94026 1309.53
5.15822 1352.92
5.3858 668.71
5.62341 813.677
5.87151 628.479
6.13056 1097.97
6.40103 400.16
6.68344 771.842
6.97831 748.373
7.28618 867.289
7.60764 361.627
7.94328 563.257
8.29373 920.433
8.65964 1000.27
9.0417 482.869
9.44061 792.013
9.85712 222.995
10.292 1139.08
10.7461 550.654
11.2202 503.634
11.7152 857.906
12.2321 781.142
12.7717 367.471
13.3352 971.12
13.9236 800.274
14.5378 931.8
15.1792 681.972
15.8489 646.496
16.5482 823.285
17.2783 583.579
18.0406 618.697
18.8365 476.696
19.6675 427.82
20.5353 766.994
21.4412 1089.34
22.3872 560.504
23.3749 839.906
24.4062 508.882
25.483 509.605
26.6073 731.07
27.7811 548.208
29.0068 1014.52
30.2866 450.529
31.6228 807.709
33.0179 387.842
34.4747 456.804
35.9956 636.04
37.5837 971.271
39.2419 897.666
40.9732 507.372
42.7809 1266.8
44.6684 842.338
46.6391 1089.69
48.6968 478.783
50.8452 780.44
53.0884 433.097
55.4307 812.185
57.8762 1004.4
60.4296 856.767
63.0957 847.013
65.8795 1152.87
68.786 898.01
71.8208 1217.2
74.9894 636.978
78.2979 853.257
81.7523 1410.55
85.3591 255.447
89.1251 756.807
93.0572 975.764
97.1628 933.353
101.45 1226.28
105.925 1154.2
110.599 371.488
115.478 379.303
120.573 579.879
125.893 691.232
131.447 656.289
137.246 923.676
143.301 430.28
149.624 605.682
156.225 591.565
163.117 631.981
170.314 597.812
177.828 615.904
185.674 335.552
193.865 620.628
202.418 335.232
211.349 552.021
220.673 182.077
230.409 980.561
240.575 455.81
251.189 502.656
262.271 966.231
273.842 407.949
285.924 540.313
298.538 527.013
311.709 404.381
325.462 166.088
339.821 461.747
354.813 170.621
370.467 171.45
386.812 234.776
403.878 68.7274
421.697 371.326
440.301 104.926
459.727 0
480.01 0
501.187 0
523.299 0
546.387 0
570.493 59.1342
595.662 70.669
621.942 0
649.382 0
678.032 0
707.946 0
739.18 0
771.792 0
805.842 0
841.395 0
878.517 0
917.276 0
957.745 0
1000 0
