# First line is two numbers 
#     First value is '2', it means 'histogram mode'
#     Second value is 'Emin' of the histogram
# Other lines : 2 columns. 1) energy 2) probability (nb divided by NbEvent)
# Number of bins = 480
# Content below the first bin: 0
# Content above the last  bin: 64.32
# Content above the last  bin: 64.32
# Number of events: 209000
2 1e-06
1.04412e-06 0
1.09018e-06 0
1.13828e-06 0
1.1885e-06 0
1.24094e-06 0
1.29569e-06 0
1.35285e-06 0
1.41254e-06 0
1.47486e-06 0
1.53993e-06 0
1.60787e-06 0
1.6788e-06 0
1.75287e-06 0
1.83021e-06 0
1.91095e-06 0
1.99526e-06 0
2.08329e-06 0
2.1752e-06 0
2.27117e-06 0
2.37137e-06 0
2.476e-06 0
2.58523e-06 0
2.69929e-06 0
2.81838e-06 0
2.94273e-06 0
3.07256e-06 0
3.20812e-06 0
3.34965e-06 0
3.49744e-06 0
3.65174e-06 0
3.81285e-06 0
3.98107e-06 0
4.15671e-06 0
4.3401e-06 0
4.53158e-06 0
4.73151e-06 0
4.94026e-06 0
5.15822e-06 0
5.3858e-06 0
5.62341e-06 0
5.87151e-06 0
6.13056e-06 0
6.40103e-06 0
6.68344e-06 0
6.97831e-06 0
7.28618e-06 0
7.60764e-06 0
7.94328e-06 0
8.29373e-06 0
8.65964e-06 0
9.0417e-06 0
9.44061e-06 0
9.85712e-06 0
1.0292e-05 0
1.07461e-05 0
1.12202e-05 0
1.17152e-05 0
1.22321e-05 0
1.27717e-05 0
1.33352e-05 0
1.39236e-05 0
1.45378e-05 0
1.51792e-05 0
1.58489e-05 0
1.65482e-05 0
1.72783e-05 0
1.80406e-05 0
1.88365e-05 0
1.96675e-05 0
2.05353e-05 0
2.14412e-05 0
2.23872e-05 0
2.33749e-05 0
2.44062e-05 0
2.5483e-05 0
2.66073e-05 0
2.77811e-05 0
2.90068e-05 0
3.02866e-05 0
3.16228e-05 0
3.30179e-05 0
3.44747e-05 0
3.59956e-05 0
3.75837e-05 0
3.92419e-05 0
4.09732e-05 0
4.27809e-05 0
4.46684e-05 0
4.66391e-05 0
4.86968e-05 0
5.08452e-05 0
5.30884e-05 0
5.54307e-05 0
5.78762e-05 0
6.04296e-05 0
6.30957e-05 0
6.58795e-05 0
6.8786e-05 0
7.18208e-05 0
7.49894e-05 0
7.82979e-05 0
8.17523e-05 0
8.53591e-05 0
8.91251e-05 0
9.30572e-05 0
9.71628e-05 0
0.00010145 0
0.000105925 0
0.000110599 0
0.000115478 0
0.000120573 0
0.000125893 0
0.000131447 0
0.000137246 0
0.000143301 0
0.000149624 0
0.000156225 0
0.000163117 0
0.000170314 0
0.000177828 0
0.000185674 0
0.000193865 0
0.000202418 0
0.000211349 0
0.000220673 0
0.000230409 0
0.000240575 0
0.000251189 0
0.000262271 0
0.000273842 0
0.000285924 0
0.000298538 0
0.000311709 0
0.000325462 0
0.000339821 0
0.000354813 0
0.000370467 0
0.000386812 0
0.000403878 104.391
0.000421697 0
0.000440301 0
0.000459727 0
0.00048001 0
0.000501187 0
0.000523299 0
0.000546387 0
0.000570493 0
0.000595662 0
0.000621942 0
0.000649382 0
0.000678032 0
0.000707946 0
0.00073918 0
0.000771792 0
0.000805842 0
0.000841395 0
0.000878517 0
0.000917276 0
0.000957745 0
0.001 0
0.00104412 0
0.00109018 0
0.00113828 0
0.0011885 0
0.00124094 0
0.00129569 0
0.00135285 0
0.00141254 0
0.00147486 0
0.00153993 7.0843
0.00160787 0
0.0016788 0
0.00175287 0
0.00183021 0
0.00191095 0
0.00199526 0
0.00208329 0
0.0021752 0
0.00227117 82.7757
0.00237137 0
0.002476 57.2975
0.00258523 111.506
0.00269929 0
0.00281838 0
0.00294273 99.3275
0.00307256 0
0.00320812 75.4545
0.00334965 0
0.00349744 91.2418
0.00365174 99.3802
0.00381285 0
0.00398107 87.5259
0.00415671 0
0.0043401 0
0.00453158 100.444
0.00473151 86.0696
0.00494026 53.2316
0.00515822 86.3035
0.0053858 0
0.00562341 103.753
0.00587151 0
0.00613056 117.508
0.00640103 0
0.00668344 350.346
0.00697831 111.496
0.00728618 197.529
0.00760764 409.532
0.00794328 113.837
0.00829373 56.0493
0.00865964 196.665
0.0090417 494.999
0.00944061 489.667
0.00985712 514.263
0.010292 447.022
0.0107461 269.941
0.0112202 739.099
0.0117152 354.297
0.0122321 264.896
0.0127717 256.498
0.0133352 613.561
0.0139236 690.686
0.0145378 1123.82
0.0151792 669.69
0.0158489 643.363
0.0165482 825.056
0.0172783 696.237
0.0180406 887.367
0.0188365 1073.41
0.0196675 1026.77
0.0205353 755.985
0.0214412 1171.09
0.0223872 1404.85
0.0233749 1412.69
0.0244062 937.321
0.025483 1205.74
0.0266073 1006.22
0.0277811 1785.12
0.0290068 1907.4
0.0302866 2502.44
0.0316228 2540.97
0.0330179 2128.04
0.0344747 2403.76
0.0359956 2031.56
0.0375837 2744.81
0.0392419 2456.41
0.0409732 2571.22
0.0427809 3232.49
0.0446684 3527.31
0.0466391 4149.15
0.0486968 4322.7
0.0508452 4321.59
0.0530884 3753.24
0.0554307 3692.67
0.0578762 4119.94
0.0604296 4855.27
0.0630957 4856.09
0.0658795 6051.16
0.068786 7548.15
0.0718208 6309.39
0.0749894 5483.31
0.0782979 7205.91
0.0817523 6792.59
0.0853591 6387.5
0.0891251 7874.82
0.0930572 8474.64
0.0971628 7995.07
0.10145 7965.17
0.105925 7891.61
0.110599 8805.13
0.115478 8440.07
0.120573 10251.9
0.125893 8248.91
0.131447 9288.61
0.137246 9306.04
0.143301 9161.94
0.149624 10784.2
0.156225 9790.84
0.163117 10317.3
0.170314 12127.5
0.177828 12495.6
0.185674 11887.9
0.193865 12820.2
0.202418 12214.2
0.211349 12887.6
0.220673 12218.8
0.230409 12766.9
0.240575 10548
0.251189 13776.7
0.262271 13370.3
0.273842 12211.7
0.285924 13445.9
0.298538 13658.2
0.311709 13221.5
0.325462 13172.6
0.339821 12402.5
0.354813 14334.6
0.370467 11343.1
0.386812 13172
0.403878 14230.5
0.421697 12948.3
0.440301 12961.3
0.459727 15342.5
0.48001 13520.5
0.501187 13951.8
0.523299 14837.6
0.546387 13623.6
0.570493 12325.8
0.595662 13440.3
0.621942 12118
0.649382 13079.3
0.678032 11017.9
0.707946 12683.5
0.73918 11877.9
0.771792 10819.7
0.805842 11077.1
0.841395 8836.28
0.878517 9699.11
0.917276 10029.5
0.957745 8977.38
1 8808
1.04412 6765.06
1.09018 8188.24
1.13828 6912.73
1.1885 7988.98
1.24094 6501.99
1.29569 5761.07
1.35285 6175.03
1.41254 6243.55
1.47486 5646.24
1.53993 3518.11
1.60787 4242.72
1.6788 3763.56
1.75287 3171.65
1.83021 4382.95
1.91095 3826.12
1.99526 3982.36
2.08329 4199.65
2.1752 4214.42
2.27117 2710.91
2.37137 3183.69
2.476 3608.38
2.58523 3489.31
2.69929 3573.99
2.81838 4179.76
2.94273 1833.45
3.07256 2903.5
3.20812 3185.47
3.34965 2543.1
3.49744 1998.72
3.65174 4284.59
3.81285 2592.11
3.98107 2680.45
4.15671 2734.89
4.3401 3033.49
4.53158 1590.91
4.73151 1707.52
4.94026 1805.75
5.15822 2574.76
5.3858 3153.74
5.62341 2808.1
5.87151 1895.26
6.13056 2533.22
6.40103 1583.72
6.68344 2056.77
6.97831 1552.29
7.28618 1753.85
7.60764 1518.53
7.94328 1837.63
8.29373 1463.96
8.65964 1939.92
9.0417 1129.26
9.44061 1285.71
9.85712 1827.24
10.292 1761.35
10.7461 1172.86
11.2202 885.472
11.7152 1215.73
12.2321 921.445
12.7717 1208.71
13.3352 1163.54
13.9236 931.125
14.5378 1151.03
15.1792 765.034
15.8489 1285.39
16.5482 1154.73
17.2783 1715.53
18.0406 1242.09
18.8365 1414.59
19.6675 828.236
20.5353 791.235
21.4412 817.361
22.3872 1438.98
23.3749 1471.05
24.4062 1481.29
25.483 1067.21
26.6073 904.127
27.7811 1593.77
29.0068 934.356
30.2866 1777.21
31.6228 1869.29
33.0179 1893.75
34.4747 1556.1
35.9956 1446.06
37.5837 2040.04
39.2419 1553.92
40.9732 1847.63
42.7809 1629.85
44.6684 2034.01
46.6391 2920.42
48.6968 1948.96
50.8452 2348.28
53.0884 2506.71
55.4307 2518.15
57.8762 2177.07
60.4296 1150.57
63.0957 1160.18
65.8795 2286.61
68.786 1555.53
71.8208 2423.76
74.9894 2987.51
78.2979 2702.21
81.7523 2553.84
85.3591 2489.64
89.1251 3425.73
93.0572 2226.54
97.1628 3250.82
101.45 3143.07
105.925 2332.88
110.599 3124.33
115.478 3495.18
120.573 2973.63
125.893 3582.22
131.447 2943.29
137.246 3877
143.301 3661.97
149.624 3470.97
156.225 3763.22
163.117 4118.47
170.314 3506.94
177.828 3907.43
185.674 3853.25
193.865 4411.29
202.418 4259.9
211.349 4383.53
220.673 3764.32
230.409 4417.66
240.575 4070.11
251.189 4674.24
262.271 5244.63
273.842 3899.08
285.924 4780.99
298.538 4737.23
311.709 4637.48
325.462 5354.04
339.821 3875.97
354.813 4029.87
370.467 5529
386.812 3782.79
403.878 2612.7
421.697 2963.95
440.301 1876.4
459.727 1333.07
480.01 1077.02
501.187 1470.32
523.299 469.967
546.387 437.231
570.493 750.781
595.662 408.811
621.942 338.227
649.382 253.674
678.032 306.329
707.946 227.997
739.18 117.938
771.792 133.345
805.842 76.682
841.395 93.7059
878.517 172.762
917.276 0
957.745 106.49
1000 0
