# First line is two numbers 
#     First value is '2', it means 'histogram mode'
#     Second value is 'Emin' of the histogram
# Other lines : 2 columns. 1) energy 2) probability (nb divided by NbEvent)
# Number of bins = 480
# Content below the first bin: 0
# Content above the last  bin: 0
# Content above the last  bin: 0
# Number of events: 209000
2 1e-06
1.04412e-06 0
1.09018e-06 0
1.13828e-06 0
1.1885e-06 0
1.24094e-06 0
1.29569e-06 0
1.35285e-06 0
1.41254e-06 0
1.47486e-06 0
1.53993e-06 0
1.60787e-06 0
1.6788e-06 0
1.75287e-06 0
1.83021e-06 0
1.91095e-06 0
1.99526e-06 0
2.08329e-06 0
2.1752e-06 0
2.27117e-06 0
2.37137e-06 0
2.476e-06 0
2.58523e-06 0
2.69929e-06 0
2.81838e-06 0
2.94273e-06 0
3.07256e-06 0
3.20812e-06 0
3.34965e-06 0
3.49744e-06 0
3.65174e-06 0
3.81285e-06 0
3.98107e-06 0
4.15671e-06 0
4.3401e-06 0
4.53158e-06 0
4.73151e-06 0
4.94026e-06 0
5.15822e-06 0
5.3858e-06 0
5.62341e-06 0
5.87151e-06 0
6.13056e-06 0
6.40103e-06 0
6.68344e-06 0
6.97831e-06 0
7.28618e-06 0
7.60764e-06 0
7.94328e-06 0
8.29373e-06 0
8.65964e-06 0
9.0417e-06 0
9.44061e-06 0
9.85712e-06 0
1.0292e-05 0
1.07461e-05 0
1.12202e-05 0
1.17152e-05 0
1.22321e-05 0
1.27717e-05 0
1.33352e-05 0
1.39236e-05 0
1.45378e-05 0
1.51792e-05 0
1.58489e-05 0
1.65482e-05 0
1.72783e-05 0
1.80406e-05 0
1.88365e-05 0
1.96675e-05 0
2.05353e-05 0
2.14412e-05 0
2.23872e-05 0
2.33749e-05 0
2.44062e-05 0
2.5483e-05 0
2.66073e-05 0
2.77811e-05 0
2.90068e-05 0
3.02866e-05 0
3.16228e-05 0
3.30179e-05 0
3.44747e-05 0
3.59956e-05 0
3.75837e-05 0
3.92419e-05 0
4.09732e-05 0
4.27809e-05 0
4.46684e-05 0
4.66391e-05 0
4.86968e-05 0
5.08452e-05 72.8114
5.30884e-05 0
5.54307e-05 0
5.78762e-05 0
6.04296e-05 0
6.30957e-05 0
6.58795e-05 0
6.8786e-05 0
7.18208e-05 0
7.49894e-05 0
7.82979e-05 0
8.17523e-05 0
8.53591e-05 0
8.91251e-05 0
9.30572e-05 0
9.71628e-05 0
0.00010145 0
0.000105925 0
0.000110599 0
0.000115478 0
0.000120573 0
0.000125893 0
0.000131447 0
0.000137246 0
0.000143301 0
0.000149624 0
0.000156225 0
0.000163117 0
0.000170314 0
0.000177828 0
0.000185674 0
0.000193865 0
0.000202418 0
0.000211349 0
0.000220673 0
0.000230409 0
0.000240575 0
0.000251189 0
0.000262271 0
0.000273842 0
0.000285924 0
0.000298538 0
0.000311709 0
0.000325462 0
0.000339821 0
0.000354813 0
0.000370467 0
0.000386812 0
0.000403878 0
0.000421697 114.163
0.000440301 0
0.000459727 0
0.00048001 0
0.000501187 0
0.000523299 0
0.000546387 0
0.000570493 0
0.000595662 0
0.000621942 0
0.000649382 0
0.000678032 0
0.000707946 0
0.00073918 0
0.000771792 0
0.000805842 0
0.000841395 0
0.000878517 0
0.000917276 73.867
0.000957745 0
0.001 0
0.00104412 0
0.00109018 0
0.00113828 0
0.0011885 0
0.00124094 0
0.00129569 0
0.00135285 0
0.00141254 0
0.00147486 0
0.00153993 0
0.00160787 0
0.0016788 16.8368
0.00175287 0
0.00183021 0
0.00191095 0
0.00199526 0
0.00208329 0
0.0021752 0
0.00227117 0
0.00237137 117.326
0.002476 0
0.00258523 106.592
0.00269929 0
0.00281838 118.3
0.00294273 0
0.00307256 114.87
0.00320812 0
0.00334965 0
0.00349744 0
0.00365174 0
0.00381285 0
0.00398107 0
0.00415671 0
0.0043401 0
0.00453158 149.55
0.00473151 41.8097
0.00494026 22.2061
0.00515822 0
0.0053858 162.168
0.00562341 93.8916
0.00587151 0
0.00613056 266.122
0.00640103 244.271
0.00668344 156.27
0.00697831 98.1224
0.00728618 388.927
0.00760764 14.1039
0.00794328 117.305
0.00829373 98.4925
0.00865964 441.15
0.0090417 442.886
0.00944061 472.541
0.00985712 99.1301
0.010292 104.619
0.0107461 356.448
0.0112202 376.343
0.0117152 803.067
0.0122321 339.228
0.0127717 418.226
0.0133352 569.509
0.0139236 488.501
0.0145378 926.31
0.0151792 520.371
0.0158489 1024.22
0.0165482 639.754
0.0172783 444.215
0.0180406 529.624
0.0188365 1254.24
0.0196675 1122.27
0.0205353 1012.45
0.0214412 1499.51
0.0223872 705.444
0.0233749 822.523
0.0244062 1312.43
0.025483 1366.02
0.0266073 1819.73
0.0277811 2231.66
0.0290068 1876.65
0.0302866 2342.33
0.0316228 2124.36
0.0330179 2080.93
0.0344747 2007.54
0.0359956 2325.6
0.0375837 2366.61
0.0392419 3298.98
0.0409732 4282.91
0.0427809 3674.5
0.0446684 3614.4
0.0466391 3436.94
0.0486968 3091.69
0.0508452 3768.95
0.0530884 5025.28
0.0554307 3642.03
0.0578762 4029.07
0.0604296 4940.67
0.0630957 4378.44
0.0658795 6178.42
0.068786 5587.96
0.0718208 6947.37
0.0749894 7348.97
0.0782979 7315.44
0.0817523 7259.94
0.0853591 7280.45
0.0891251 7633.39
0.0930572 9726.31
0.0971628 8260.2
0.10145 9375.52
0.105925 7758.55
0.110599 9833.39
0.115478 9463.93
0.120573 9559.75
0.125893 10110.6
0.131447 9228.99
0.137246 8839.91
0.143301 10192.8
0.149624 9387.7
0.156225 10434.9
0.163117 11491.2
0.170314 10210.6
0.177828 11656.3
0.185674 9953.91
0.193865 11699.4
0.202418 10960.9
0.211349 12542.2
0.220673 9291.63
0.230409 13172.6
0.240575 10550.8
0.251189 14779.2
0.262271 12749.3
0.273842 13570.9
0.285924 14764.7
0.298538 13336.1
0.311709 14363.3
0.325462 13077.2
0.339821 13164.1
0.354813 13100.1
0.370467 14190.9
0.386812 14260
0.403878 12326.4
0.421697 13618.9
0.440301 14206.7
0.459727 12462.7
0.48001 14752.3
0.501187 13780.1
0.523299 13766.2
0.546387 14607.9
0.570493 12089.5
0.595662 14131.3
0.621942 13041
0.649382 14212.7
0.678032 11526.4
0.707946 11067.2
0.73918 12018.6
0.771792 10533.6
0.805842 10972
0.841395 10318.3
0.878517 11654
0.917276 9995.24
0.957745 9666.85
1 10429.2
1.04412 7395.32
1.09018 6785.49
1.13828 6349.32
1.1885 7057.33
1.24094 6933.34
1.29569 6155.51
1.35285 5207.67
1.41254 5667.14
1.47486 4551.05
1.53993 5613.49
1.60787 5057.89
1.6788 4200.75
1.75287 4014.8
1.83021 4248.44
1.91095 4469.21
1.99526 3710.38
2.08329 3208.39
2.1752 3581.91
2.27117 2800
2.37137 3591.86
2.476 2799.03
2.58523 3431.22
2.69929 3428.91
2.81838 3082.95
2.94273 2529.08
3.07256 3436.05
3.20812 2561.71
3.34965 3670.03
3.49744 2079.74
3.65174 2422.76
3.81285 2070.56
3.98107 2622
4.15671 1995.47
4.3401 3618.96
4.53158 2282.99
4.73151 1665.55
4.94026 2221.97
5.15822 1661.7
5.3858 1681.19
5.62341 1579.82
5.87151 2376.75
6.13056 2154.95
6.40103 2063.41
6.68344 1688.3
6.97831 1771.63
7.28618 1628.58
7.60764 958.345
7.94328 1556.73
8.29373 1292.82
8.65964 1843.6
9.0417 1176.94
9.44061 1203.37
9.85712 1260.09
10.292 1362.13
10.7461 1249.6
11.2202 1239.73
11.7152 1505.28
12.2321 1378.22
12.7717 1234.58
13.3352 639.929
13.9236 1478.16
14.5378 996.031
15.1792 1388.18
15.8489 937.115
16.5482 921.126
17.2783 1522.83
18.0406 1225.78
18.8365 1079.97
19.6675 1286.35
20.5353 1369.52
21.4412 1279.18
22.3872 1739.24
23.3749 2132.82
24.4062 1222.62
25.483 1339.71
26.6073 1784.34
27.7811 1962.96
29.0068 1801.29
30.2866 1099.94
31.6228 1181.82
33.0179 1666.36
34.4747 1486.25
35.9956 795.56
37.5837 1663.72
39.2419 1723.1
40.9732 1088.73
42.7809 1420.75
44.6684 1478.82
46.6391 1649.11
48.6968 1924.97
50.8452 1998.56
53.0884 2245.57
55.4307 2630.48
57.8762 2309.23
60.4296 2728.23
63.0957 2001.89
65.8795 2677.27
68.786 2790.05
71.8208 2077.75
74.9894 2746.47
78.2979 2879.44
81.7523 2638.13
85.3591 2533.72
89.1251 1857.08
93.0572 2711.79
97.1628 2558.15
101.45 2404.09
105.925 2452.36
110.599 3539.29
115.478 2816.29
120.573 2555.77
125.893 3354.27
131.447 3398.8
137.246 2924.91
143.301 3291.59
149.624 3899.95
156.225 2747.76
163.117 3885.6
170.314 3271.64
177.828 4564.58
185.674 2823.49
193.865 4691.21
202.418 5054.73
211.349 4864.99
220.673 5318.29
230.409 4409.93
240.575 4119.21
251.189 4533.29
262.271 5175.34
273.842 5050.14
285.924 4948.36
298.538 4274.9
311.709 4885.69
325.462 5163.07
339.821 5020.09
354.813 4523.65
370.467 4300.11
386.812 4270.94
403.878 2567.35
421.697 1561.9
440.301 2044.26
459.727 1137.29
480.01 930.196
501.187 825.38
523.299 713.381
546.387 573.576
570.493 564.156
595.662 267.569
621.942 431.647
649.382 262.948
678.032 23.2227
707.946 191.857
739.18 222.743
771.792 301.279
805.842 51.7228
841.395 225.995
878.517 139.232
917.276 0
957.745 102.159
1000 0
