# First line is two numbers 
#     First value is '2', it means 'histogram mode'
#     Second value is 'Emin' of the histogram
# Other lines : 2 columns. 1) energy 2) probability (nb divided by NbEvent)
# Number of bins = 480
# Content below the first bin: 20190.9
# Content above the last  bin: 0
# Content above the last  bin: 0
# Number of events: 209000
2 1e-06
1.04412e-06 170.095
1.09018e-06 0
1.13828e-06 296.84
1.1885e-06 0
1.24094e-06 0
1.29569e-06 88.203
1.35285e-06 0
1.41254e-06 0
1.47486e-06 0
1.53993e-06 0
1.60787e-06 0
1.6788e-06 0
1.75287e-06 116.055
1.83021e-06 0
1.91095e-06 0
1.99526e-06 136.134
2.08329e-06 0
2.1752e-06 55.0446
2.27117e-06 127
2.37137e-06 0
2.476e-06 0
2.58523e-06 0
2.69929e-06 0
2.81838e-06 0
2.94273e-06 0
3.07256e-06 230.138
3.20812e-06 0
3.34965e-06 69.6533
3.49744e-06 109.65
3.65174e-06 0
3.81285e-06 0
3.98107e-06 0
4.15671e-06 0
4.3401e-06 0
4.53158e-06 0
4.73151e-06 0
4.94026e-06 104.193
5.15822e-06 0
5.3858e-06 0
5.62341e-06 71.1467
5.87151e-06 0
6.13056e-06 0
6.40103e-06 0
6.68344e-06 0
6.97831e-06 116.038
7.28618e-06 0
7.60764e-06 68.1778
7.94328e-06 0
8.29373e-06 83.6339
8.65964e-06 0
9.0417e-06 0
9.44061e-06 0
9.85712e-06 0
1.0292e-05 114.912
1.07461e-05 0
1.12202e-05 76.1179
1.17152e-05 0
1.22321e-05 54.202
1.27717e-05 0
1.33352e-05 0
1.39236e-05 0
1.45378e-05 0
1.51792e-05 96.9269
1.58489e-05 18.9266
1.65482e-05 0
1.72783e-05 0
1.80406e-05 83.046
1.88365e-05 0
1.96675e-05 87.6245
2.05353e-05 178.663
2.14412e-05 0
2.23872e-05 0
2.33749e-05 0
2.44062e-05 0
2.5483e-05 0
2.66073e-05 0
2.77811e-05 0
2.90068e-05 0
3.02866e-05 79.3823
3.16228e-05 71.2573
3.30179e-05 345.147
3.44747e-05 0
3.59956e-05 176.463
3.75837e-05 173.313
3.92419e-05 0
4.09732e-05 116.509
4.27809e-05 51.82
4.46684e-05 0
4.66391e-05 24.8982
4.86968e-05 0
5.08452e-05 0
5.30884e-05 0
5.54307e-05 0
5.78762e-05 110.869
6.04296e-05 0
6.30957e-05 86.1826
6.58795e-05 0
6.8786e-05 68.3106
7.18208e-05 0
7.49894e-05 111.993
7.82979e-05 0
8.17523e-05 0
8.53591e-05 38.4616
8.91251e-05 138.522
9.30572e-05 0
9.71628e-05 97.485
0.00010145 0
0.000105925 0
0.000110599 0
0.000115478 82.6178
0.000120573 0
0.000125893 0
0.000131447 0
0.000137246 37.1225
0.000143301 22.9503
0.000149624 0
0.000156225 102.617
0.000163117 0
0.000170314 86.3267
0.000177828 0
0.000185674 79.4014
0.000193865 115.069
0.000202418 0
0.000211349 0
0.000220673 0
0.000230409 0
0.000240575 0
0.000251189 0
0.000262271 0
0.000273842 53.4176
0.000285924 91.4049
0.000298538 0
0.000311709 0
0.000325462 105.148
0.000339821 0
0.000354813 0
0.000370467 116.426
0.000386812 15.4006
0.000403878 0
0.000421697 117.43
0.000440301 0
0.000459727 113.776
0.00048001 0
0.000501187 0
0.000523299 113.205
0.000546387 195.612
0.000570493 0
0.000595662 48.0538
0.000621942 97.6387
0.000649382 148.554
0.000678032 0
0.000707946 36.8289
0.00073918 0
0.000771792 0
0.000805842 0
0.000841395 0
0.000878517 108.69
0.000917276 0
0.000957745 0
0.001 91.2804
0.00104412 113.978
0.00109018 0
0.00113828 90.7808
0.0011885 114.459
0.00124094 0
0.00129569 48.885
0.00135285 109.525
0.00141254 0
0.00147486 109.053
0.00153993 80.554
0.00160787 104.93
0.0016788 0
0.00175287 0
0.00183021 0
0.00191095 0
0.00199526 0
0.00208329 0
0.0021752 0
0.00227117 0
0.00237137 93.7865
0.002476 21.7942
0.00258523 172.951
0.00269929 62.8835
0.00281838 0
0.00294273 0
0.00307256 0
0.00320812 0
0.00334965 0
0.00349744 67.2969
0.00365174 0
0.00381285 84.1102
0.00398107 98.369
0.00415671 0
0.0043401 133.959
0.00453158 152.426
0.00473151 72.1978
0.00494026 0
0.00515822 109.543
0.0053858 0
0.00562341 0
0.00587151 0
0.00613056 32.2873
0.00640103 0
0.00668344 81.4219
0.00697831 104.837
0.00728618 96.9554
0.00760764 105.553
0.00794328 0
0.00829373 62.6447
0.00865964 0
0.0090417 0
0.00944061 98.3247
0.00985712 112.817
0.010292 90.1329
0.0107461 0
0.0112202 83.0153
0.0117152 114.406
0.0122321 225.961
0.0127717 104.928
0.0133352 252.067
0.0139236 0
0.0145378 47.8468
0.0151792 286.335
0.0158489 74.5534
0.0165482 182.827
0.0172783 68.9421
0.0180406 90.5581
0.0188365 174.768
0.0196675 477.173
0.0205353 0
0.0214412 138.243
0.0223872 0
0.0233749 343.558
0.0244062 0
0.025483 346.339
0.0266073 215.432
0.0277811 244.478
0.0290068 253.584
0.0302866 375.37
0.0316228 0
0.0330179 304.22
0.0344747 59.6521
0.0359956 59.2381
0.0375837 229.116
0.0392419 201.209
0.0409732 141.466
0.0427809 31.248
0.0446684 305.139
0.0466391 224.88
0.0486968 452.091
0.0508452 568.565
0.0530884 744.797
0.0554307 540.618
0.0578762 160.44
0.0604296 276.781
0.0630957 393.235
0.0658795 325.715
0.068786 674.859
0.0718208 512.305
0.0749894 450.484
0.0782979 538.345
0.0817523 635.429
0.0853591 1133.74
0.0891251 442.449
0.0930572 714.52
0.0971628 342.402
0.10145 765.704
0.105925 482.933
0.110599 903.943
0.115478 398.121
0.120573 658.513
0.125893 626.846
0.131447 1022.03
0.137246 929.144
0.143301 899.346
0.149624 577.895
0.156225 535.546
0.163117 835.816
0.170314 1074.37
0.177828 1117.78
0.185674 925.403
0.193865 1804.61
0.202418 871.809
0.211349 803.655
0.220673 1319.73
0.230409 1124.83
0.240575 1028.42
0.251189 1304.92
0.262271 1375.47
0.273842 1968.98
0.285924 1334.13
0.298538 767.243
0.311709 1688.01
0.325462 1550.29
0.339821 1393.69
0.354813 2173.98
0.370467 1420.66
0.386812 1566.07
0.403878 1586.96
0.421697 904.647
0.440301 2171.47
0.459727 1378.63
0.48001 782.769
0.501187 1903.17
0.523299 2061.26
0.546387 1227.02
0.570493 2956.83
0.595662 1551.37
0.621942 2120.17
0.649382 1447.5
0.678032 1806.84
0.707946 1088.99
0.73918 1754.14
0.771792 1629.01
0.805842 1257.46
0.841395 1971.22
0.878517 1957.68
0.917276 1232.31
0.957745 924.617
1 1518.96
1.04412 1417.96
1.09018 954.821
1.13828 1304.75
1.1885 1751.27
1.24094 1180.06
1.29569 1372.88
1.35285 1345.22
1.41254 1504.18
1.47486 1365.94
1.53993 1919.46
1.60787 975.931
1.6788 1487.89
1.75287 1577.49
1.83021 1082.54
1.91095 1042.44
1.99526 1508.62
2.08329 1786.27
2.1752 1129.12
2.27117 899.532
2.37137 1055.69
2.476 1246.79
2.58523 906.345
2.69929 1656.79
2.81838 968.547
2.94273 1694.28
3.07256 919.793
3.20812 1069.03
3.34965 1438.69
3.49744 839.254
3.65174 1247.7
3.81285 1592.54
3.98107 1296.55
4.15671 1177.44
4.3401 855.445
4.53158 868.321
4.73151 1630.29
4.94026 1640.75
5.15822 1877.61
5.3858 1832.94
5.62341 1775.3
5.87151 1275.61
6.13056 1288.35
6.40103 1894.5
6.68344 1839.96
6.97831 1694.88
7.28618 2269.61
7.60764 1129.98
7.94328 1097.96
8.29373 1899.21
8.65964 2338.4
9.0417 1341.87
9.44061 1771.42
9.85712 2807.26
10.292 2033.1
10.7461 1511.57
11.2202 2204.71
11.7152 2175.96
12.2321 1634.5
12.7717 2122.12
13.3352 2285.47
13.9236 2012.02
14.5378 2518.79
15.1792 2786.79
15.8489 3084.24
16.5482 3179.5
17.2783 2287.62
18.0406 2633.73
18.8365 2550.45
19.6675 2704.85
20.5353 2968.43
21.4412 2137.87
22.3872 2911.23
23.3749 2714.25
24.4062 3449.34
25.483 3020.64
26.6073 3069.35
27.7811 3387.3
29.0068 3600.91
30.2866 3243.88
31.6228 3430.65
33.0179 3631.28
34.4747 3924.9
35.9956 4550.17
37.5837 4233.48
39.2419 4147.95
40.9732 3981.44
42.7809 5293.4
44.6684 5116.97
46.6391 5456.25
48.6968 4099.56
50.8452 4212.09
53.0884 4143.69
55.4307 5002.08
57.8762 5870.15
60.4296 4769.13
63.0957 7175.57
65.8795 5641.64
68.786 6225.21
71.8208 5861.63
74.9894 5922.49
78.2979 7425.27
81.7523 6317.99
85.3591 5179.66
89.1251 5992.03
93.0572 7117.44
97.1628 6832.24
101.45 7604.39
105.925 7965.57
110.599 7063.66
115.478 6179.87
120.573 5305.26
125.893 6157.9
131.447 8066.99
137.246 6995.19
143.301 6047.19
149.624 6758.8
156.225 6850.17
163.117 6188.1
170.314 5753.57
177.828 4524.47
185.674 5162.57
193.865 5340.99
202.418 4268.64
211.349 4054.14
220.673 4282.24
230.409 3177.67
240.575 3602.48
251.189 2972.56
262.271 3008.7
273.842 2353.86
285.924 1991.23
298.538 2491.62
311.709 2000.46
325.462 1294.53
339.821 1007.33
354.813 1228.39
370.467 621.335
386.812 1107.49
403.878 186.338
421.697 452.571
440.301 425.827
459.727 222.325
480.01 230.954
501.187 0
523.299 107.791
546.387 214.807
570.493 143.797
595.662 100.395
621.942 83.2895
649.382 57.5414
678.032 208.045
707.946 0
739.18 0
771.792 62.7345
805.842 0
841.395 0
878.517 0
917.276 0
957.745 0
1000 0
