# First line is two numbers 
#     First value is '2', it means 'histogram mode'
#     Second value is 'Emin' of the histogram
# Other lines : 2 columns. 1) energy 2) probability (nb divided by NbEvent)
# Number of bins = 480
# Content below the first bin: 19787.1
# Content above the last  bin: 0
# Content above the last  bin: 0
# Number of events: 209000
2 1e-06
1.04412e-06 0
1.09018e-06 0
1.13828e-06 102.791
1.1885e-06 0
1.24094e-06 0
1.29569e-06 0
1.35285e-06 0
1.41254e-06 0
1.47486e-06 0
1.53993e-06 0
1.60787e-06 63.3783
1.6788e-06 0
1.75287e-06 105.908
1.83021e-06 0
1.91095e-06 0
1.99526e-06 0
2.08329e-06 0
2.1752e-06 45.7342
2.27117e-06 0
2.37137e-06 101.532
2.476e-06 0
2.58523e-06 0
2.69929e-06 0
2.81838e-06 0
2.94273e-06 0
3.07256e-06 0
3.20812e-06 115.243
3.34965e-06 112.407
3.49744e-06 32.1146
3.65174e-06 0
3.81285e-06 0
3.98107e-06 76.3321
4.15671e-06 0
4.3401e-06 0
4.53158e-06 86.999
4.73151e-06 0
4.94026e-06 51.0504
5.15822e-06 111.198
5.3858e-06 0
5.62341e-06 0
5.87151e-06 0
6.13056e-06 0
6.40103e-06 0
6.68344e-06 0
6.97831e-06 206.811
7.28618e-06 108.314
7.60764e-06 111.649
7.94328e-06 82.839
8.29373e-06 0
8.65964e-06 0
9.0417e-06 0
9.44061e-06 174.224
9.85712e-06 60.77
1.0292e-05 0
1.07461e-05 96.4716
1.12202e-05 0
1.17152e-05 69.7271
1.22321e-05 0
1.27717e-05 0
1.33352e-05 61.6693
1.39236e-05 0
1.45378e-05 0
1.51792e-05 0
1.58489e-05 76.4799
1.65482e-05 0
1.72783e-05 0
1.80406e-05 108.944
1.88365e-05 0
1.96675e-05 0
2.05353e-05 217.855
2.14412e-05 0
2.23872e-05 0
2.33749e-05 110.795
2.44062e-05 165.713
2.5483e-05 0
2.66073e-05 0
2.77811e-05 0
2.90068e-05 0
3.02866e-05 147.467
3.16228e-05 0
3.30179e-05 0
3.44747e-05 0
3.59956e-05 91.4927
3.75837e-05 61.7902
3.92419e-05 114.211
4.09732e-05 13.7165
4.27809e-05 0
4.46684e-05 0
4.66391e-05 0
4.86968e-05 111.865
5.08452e-05 94.178
5.30884e-05 138.512
5.54307e-05 114.28
5.78762e-05 62.1888
6.04296e-05 55.2255
6.30957e-05 0
6.58795e-05 195.424
6.8786e-05 0
7.18208e-05 0
7.49894e-05 0
7.82979e-05 113.671
8.17523e-05 0
8.53591e-05 220.058
8.91251e-05 0
9.30572e-05 70.899
9.71628e-05 0
0.00010145 0
0.000105925 0
0.000110599 237.705
0.000115478 64.6432
0.000120573 0
0.000125893 117.027
0.000131447 66.5687
0.000137246 70.1082
0.000143301 0
0.000149624 166.608
0.000156225 68.0868
0.000163117 0
0.000170314 0
0.000177828 305.758
0.000185674 0
0.000193865 25.3982
0.000202418 0
0.000211349 0
0.000220673 0
0.000230409 0
0.000240575 0
0.000251189 0
0.000262271 105.181
0.000273842 65.8602
0.000285924 0
0.000298538 0
0.000311709 40.4757
0.000325462 188.43
0.000339821 30.4308
0.000354813 0
0.000370467 0
0.000386812 0
0.000403878 0
0.000421697 239.453
0.000440301 0
0.000459727 88.9262
0.00048001 0
0.000501187 95.2869
0.000523299 0
0.000546387 0
0.000570493 0
0.000595662 0
0.000621942 0
0.000649382 101.591
0.000678032 101.296
0.000707946 0
0.00073918 0
0.000771792 50.1334
0.000805842 190.075
0.000841395 0
0.000878517 0
0.000917276 0
0.000957745 0
0.001 33.6022
0.00104412 0
0.00109018 0
0.00113828 0
0.0011885 0
0.00124094 0
0.00129569 0
0.00135285 119.964
0.00141254 73.6309
0.00147486 0
0.00153993 0
0.00160787 113.183
0.0016788 142.56
0.00175287 0
0.00183021 0
0.00191095 12.411
0.00199526 0
0.00208329 0
0.0021752 0
0.00227117 0
0.00237137 0
0.002476 51.2886
0.00258523 18.03
0.00269929 0
0.00281838 100.748
0.00294273 0
0.00307256 0
0.00320812 0
0.00334965 0
0.00349744 0
0.00365174 0
0.00381285 85.1548
0.00398107 112.718
0.00415671 168.473
0.0043401 0
0.00453158 0
0.00473151 0
0.00494026 0
0.00515822 0
0.0053858 0
0.00562341 96.0854
0.00587151 0
0.00613056 0
0.00640103 71.2561
0.00668344 0
0.00697831 0
0.00728618 0
0.00760764 79.4042
0.00794328 0
0.00829373 0
0.00865964 229.903
0.0090417 105.062
0.00944061 0
0.00985712 43.8295
0.010292 0
0.0107461 78.7941
0.0112202 54.9733
0.0117152 0
0.0122321 184.719
0.0127717 103.276
0.0133352 0
0.0139236 98.2898
0.0145378 112.023
0.0151792 91.2454
0.0158489 0
0.0165482 0
0.0172783 151.413
0.0180406 0
0.0188365 84.475
0.0196675 75.7573
0.0205353 382.912
0.0214412 46.9752
0.0223872 139.751
0.0233749 109.005
0.0244062 130.891
0.025483 326.644
0.0266073 26.4397
0.0277811 95.3831
0.0290068 290.39
0.0302866 301.093
0.0316228 117.645
0.0330179 394.851
0.0344747 0
0.0359956 186.051
0.0375837 169.649
0.0392419 659.31
0.0409732 476.81
0.0427809 308.383
0.0446684 348.571
0.0466391 356.605
0.0486968 227.136
0.0508452 440.737
0.0530884 255.423
0.0554307 261.709
0.0578762 237.472
0.0604296 172.977
0.0630957 738.966
0.0658795 822.54
0.068786 406.269
0.0718208 558.905
0.0749894 420.927
0.0782979 397.702
0.0817523 256.438
0.0853591 621.476
0.0891251 840.791
0.0930572 894.723
0.0971628 1182.71
0.10145 757.324
0.105925 613.113
0.110599 456.329
0.115478 1255.39
0.120573 991.696
0.125893 1359.28
0.131447 695.556
0.137246 1204.2
0.143301 1428.39
0.149624 1029.15
0.156225 879.081
0.163117 862.794
0.170314 949.752
0.177828 1247.68
0.185674 1785.18
0.193865 1201.91
0.202418 1128.1
0.211349 1900.36
0.220673 844.975
0.230409 1448.36
0.240575 991.756
0.251189 1830.65
0.262271 750.88
0.273842 1599.33
0.285924 1860.65
0.298538 1215.27
0.311709 1642.93
0.325462 1649.57
0.339821 1860.87
0.354813 2008.23
0.370467 1593.35
0.386812 1587.86
0.403878 1885.77
0.421697 1450.26
0.440301 1238.96
0.459727 2265.98
0.48001 1372.71
0.501187 1248.15
0.523299 2120.14
0.546387 2020.67
0.570493 1834.28
0.595662 1116.3
0.621942 1540.27
0.649382 1801.76
0.678032 2325.78
0.707946 1544.48
0.73918 1611.43
0.771792 1485.78
0.805842 1664.76
0.841395 1898.67
0.878517 1121.15
0.917276 1935.51
0.957745 1064.68
1 1649.32
1.04412 1060.81
1.09018 1164.91
1.13828 1908.15
1.1885 1891.97
1.24094 1686.61
1.29569 1564.53
1.35285 1370.24
1.41254 1624.8
1.47486 1307.14
1.53993 1433.93
1.60787 979.528
1.6788 1636.91
1.75287 717.43
1.83021 561.273
1.91095 1439.75
1.99526 660.488
2.08329 1248.62
2.1752 1554.57
2.27117 762.176
2.37137 1643.36
2.476 1104.82
2.58523 1407.15
2.69929 1907.74
2.81838 1428.69
2.94273 1462.88
3.07256 1723.37
3.20812 1350.06
3.34965 1355.26
3.49744 1307.09
3.65174 1233.4
3.81285 1040.66
3.98107 1363.12
4.15671 1245.09
4.3401 1553.42
4.53158 1552.46
4.73151 1314.49
4.94026 1393.68
5.15822 1601.47
5.3858 1499.84
5.62341 1538.58
5.87151 1223.39
6.13056 1106.17
6.40103 667.69
6.68344 1349.19
6.97831 2240.33
7.28618 1661.49
7.60764 1129.61
7.94328 2046.19
8.29373 1121.61
8.65964 1227.01
9.0417 1676.14
9.44061 1935.48
9.85712 1843.94
10.292 1781.41
10.7461 1904.14
11.2202 1469.8
11.7152 1584.95
12.2321 1701.92
12.7717 1479.29
13.3352 2691.37
13.9236 2755.28
14.5378 2501.49
15.1792 2258.32
15.8489 2503.41
16.5482 1974.11
17.2783 2328.6
18.0406 2560.11
18.8365 3414.72
19.6675 2898.83
20.5353 2224.01
21.4412 3409.48
22.3872 2851.74
23.3749 2460.61
24.4062 3383.8
25.483 4112.34
26.6073 2552.22
27.7811 3309.4
29.0068 3855.61
30.2866 3919.44
31.6228 3561.67
33.0179 3581.96
34.4747 3106.9
35.9956 2767.34
37.5837 4373.46
39.2419 3740.95
40.9732 4474.03
42.7809 5316.98
44.6684 4852.91
46.6391 4582.94
48.6968 4229.25
50.8452 5272.27
53.0884 4066.31
55.4307 4969.84
57.8762 4848.02
60.4296 5228.58
63.0957 6480.24
65.8795 6349.42
68.786 4482.9
71.8208 6254.21
74.9894 6672.89
78.2979 6494.33
81.7523 7775.27
85.3591 6671.6
89.1251 6742.75
93.0572 6689.1
97.1628 7269.55
101.45 6686.02
105.925 6656.75
110.599 6155.74
115.478 6959.04
120.573 7046.1
125.893 8564.59
131.447 6116.16
137.246 8517.19
143.301 7047.62
149.624 6351.29
156.225 5421.44
163.117 7087.69
170.314 5705.41
177.828 5810.83
185.674 5135.61
193.865 5747.94
202.418 6734.38
211.349 4073.93
220.673 3711.67
230.409 3420.4
240.575 2664.22
251.189 2795.88
262.271 2315.72
273.842 3261.46
285.924 2582.02
298.538 1675.61
311.709 1891.89
325.462 1393.07
339.821 1823.52
354.813 1134.05
370.467 904.351
386.812 147.64
403.878 659.947
421.697 608.834
440.301 638.948
459.727 296.752
480.01 337.55
501.187 247.364
523.299 171.628
546.387 120.504
570.493 39.9466
595.662 0
621.942 0
649.382 28.4782
678.032 93.6178
707.946 0
739.18 0
771.792 0
805.842 0
841.395 0
878.517 0
917.276 0
957.745 0
1000 0
