# First line is two numbers 
#     First value is '2', it means 'histogram mode'
#     Second value is 'Emin' of the histogram
# Other lines : 2 columns. 1) energy 2) probability (nb divided by NbEvent)
# Number of bins = 480
# Content below the first bin: 0
# Content above the last  bin: 0
# Content above the last  bin: 0
# Number of events: 209000
2 1e-06
1.04412e-06 0
1.09018e-06 0
1.13828e-06 0
1.1885e-06 0
1.24094e-06 0
1.29569e-06 0
1.35285e-06 0
1.41254e-06 0
1.47486e-06 0
1.53993e-06 0
1.60787e-06 0
1.6788e-06 0
1.75287e-06 0
1.83021e-06 0
1.91095e-06 0
1.99526e-06 0
2.08329e-06 0
2.1752e-06 0
2.27117e-06 0
2.37137e-06 0
2.476e-06 0
2.58523e-06 0
2.69929e-06 0
2.81838e-06 0
2.94273e-06 0
3.07256e-06 0
3.20812e-06 0
3.34965e-06 0
3.49744e-06 0
3.65174e-06 0
3.81285e-06 0
3.98107e-06 0
4.15671e-06 0
4.3401e-06 0
4.53158e-06 0
4.73151e-06 0
4.94026e-06 0
5.15822e-06 0
5.3858e-06 0
5.62341e-06 0
5.87151e-06 0
6.13056e-06 0
6.40103e-06 0
6.68344e-06 0
6.97831e-06 0
7.28618e-06 0
7.60764e-06 0
7.94328e-06 0
8.29373e-06 0
8.65964e-06 0
9.0417e-06 0
9.44061e-06 0
9.85712e-06 0
1.0292e-05 0
1.07461e-05 0
1.12202e-05 0
1.17152e-05 0
1.22321e-05 0
1.27717e-05 0
1.33352e-05 0
1.39236e-05 0
1.45378e-05 0
1.51792e-05 0
1.58489e-05 0
1.65482e-05 0
1.72783e-05 0
1.80406e-05 0
1.88365e-05 0
1.96675e-05 0
2.05353e-05 0
2.14412e-05 0
2.23872e-05 0
2.33749e-05 0
2.44062e-05 0
2.5483e-05 0
2.66073e-05 0
2.77811e-05 0
2.90068e-05 0
3.02866e-05 0
3.16228e-05 0
3.30179e-05 0
3.44747e-05 0
3.59956e-05 0
3.75837e-05 0
3.92419e-05 0
4.09732e-05 0
4.27809e-05 0
4.46684e-05 0
4.66391e-05 0
4.86968e-05 0
5.08452e-05 0
5.30884e-05 0
5.54307e-05 0
5.78762e-05 0
6.04296e-05 0
6.30957e-05 0
6.58795e-05 0
6.8786e-05 0
7.18208e-05 0
7.49894e-05 0
7.82979e-05 0
8.17523e-05 0
8.53591e-05 0
8.91251e-05 0
9.30572e-05 0
9.71628e-05 0
0.00010145 0
0.000105925 0
0.000110599 0
0.000115478 0
0.000120573 0
0.000125893 0
0.000131447 0
0.000137246 0
0.000143301 0
0.000149624 0
0.000156225 0
0.000163117 0
0.000170314 0
0.000177828 0
0.000185674 0
0.000193865 0
0.000202418 0
0.000211349 0
0.000220673 0
0.000230409 0
0.000240575 0
0.000251189 0
0.000262271 0
0.000273842 0
0.000285924 0
0.000298538 0
0.000311709 0
0.000325462 0
0.000339821 0
0.000354813 0
0.000370467 0
0.000386812 0
0.000403878 0
0.000421697 0
0.000440301 0
0.000459727 0
0.00048001 0
0.000501187 0
0.000523299 0
0.000546387 0
0.000570493 0
0.000595662 0
0.000621942 0
0.000649382 0
0.000678032 0
0.000707946 0
0.00073918 0
0.000771792 0
0.000805842 0
0.000841395 0
0.000878517 0
0.000917276 0
0.000957745 0
0.001 0
0.00104412 0
0.00109018 0
0.00113828 0
0.0011885 0
0.00124094 0
0.00129569 0
0.00135285 0
0.00141254 0
0.00147486 64.1614
0.00153993 0
0.00160787 0
0.0016788 0
0.00175287 0
0.00183021 0
0.00191095 0
0.00199526 0
0.00208329 0
0.0021752 0
0.00227117 0
0.00237137 0
0.002476 0
0.00258523 0
0.00269929 0
0.00281838 0
0.00294273 0
0.00307256 0
0.00320812 111.817
0.00334965 0
0.00349744 0
0.00365174 0
0.00381285 0
0.00398107 0
0.00415671 0
0.0043401 0
0.00453158 0
0.00473151 0
0.00494026 0
0.00515822 0
0.0053858 0
0.00562341 0
0.00587151 0
0.00613056 102.304
0.00640103 109.895
0.00668344 0
0.00697831 0
0.00728618 0
0.00760764 113.602
0.00794328 102.207
0.00829373 0
0.00865964 0
0.0090417 0
0.00944061 0
0.00985712 0
0.010292 0
0.0107461 105.552
0.0112202 71.6241
0.0117152 45.6941
0.0122321 0
0.0127717 0
0.0133352 96.0752
0.0139236 0
0.0145378 160.345
0.0151792 57.9993
0.0158489 57.9762
0.0165482 0
0.0172783 100.813
0.0180406 267.975
0.0188365 262.486
0.0196675 142.327
0.0205353 293.853
0.0214412 310.421
0.0223872 0
0.0233749 160.966
0.0244062 166.331
0.025483 85.6208
0.0266073 63.407
0.0277811 274.992
0.0290068 419.89
0.0302866 127.616
0.0316228 360.372
0.0330179 119.443
0.0344747 108.197
0.0359956 254.742
0.0375837 328.379
0.0392419 204.056
0.0409732 283.821
0.0427809 223.454
0.0446684 476.919
0.0466391 85.7936
0.0486968 142.867
0.0508452 385.778
0.0530884 548.623
0.0554307 452.639
0.0578762 324.553
0.0604296 385.479
0.0630957 853.474
0.0658795 793.151
0.068786 1150.04
0.0718208 929.266
0.0749894 711.799
0.0782979 817.164
0.0817523 789.609
0.0853591 766.304
0.0891251 897.33
0.0930572 1425.95
0.0971628 1345.13
0.10145 1806.17
0.105925 706.675
0.110599 852.555
0.115478 1553.93
0.120573 1734.48
0.125893 1324.07
0.131447 1525.76
0.137246 1248.82
0.143301 1325.24
0.149624 1236.31
0.156225 1270.34
0.163117 1639.83
0.170314 2055.03
0.177828 1627.36
0.185674 1584.81
0.193865 2229.8
0.202418 2354.33
0.211349 2179.18
0.220673 1564.62
0.230409 1821.63
0.240575 1903.6
0.251189 3221.81
0.262271 2011.79
0.273842 1954.65
0.285924 2073.84
0.298538 2110.73
0.311709 2390.04
0.325462 2958.57
0.339821 2319.8
0.354813 2234.95
0.370467 3038.04
0.386812 2368.06
0.403878 2535.14
0.421697 2574.26
0.440301 2618.71
0.459727 3356.23
0.48001 2089.25
0.501187 2994.71
0.523299 3097.08
0.546387 3201.55
0.570493 2943.09
0.595662 3328.14
0.621942 2372.56
0.649382 2689.97
0.678032 2436.34
0.707946 2431.06
0.73918 2763.18
0.771792 2282.87
0.805842 2755.87
0.841395 2431.28
0.878517 2742.33
0.917276 2928.65
0.957745 3318.21
1 2798.61
1.04412 1866.53
1.09018 1858.24
1.13828 2065.26
1.1885 1875.18
1.24094 1680.65
1.29569 1951.21
1.35285 2402.92
1.41254 2330.23
1.47486 1182.18
1.53993 1324.96
1.60787 1606.62
1.6788 1671.31
1.75287 1184.32
1.83021 1007.85
1.91095 1141.33
1.99526 1413.94
2.08329 1265.49
2.1752 1398.98
2.27117 1086.71
2.37137 928.082
2.476 557.863
2.58523 1340.59
2.69929 949.006
2.81838 912.118
2.94273 532.499
3.07256 786.372
3.20812 1743.22
3.34965 779.073
3.49744 1245.67
3.65174 685.707
3.81285 1531.19
3.98107 789.116
4.15671 928.388
4.3401 987.543
4.53158 1513.89
4.73151 997.831
4.94026 1315.62
5.15822 959.737
5.3858 615.314
5.62341 673.974
5.87151 1460.03
6.13056 491.049
6.40103 461.455
6.68344 537.997
6.97831 366.192
7.28618 431.154
7.60764 825.171
7.94328 925.956
8.29373 672.518
8.65964 378.177
9.0417 237.306
9.44061 907.365
9.85712 934.33
10.292 473.878
10.7461 696.839
11.2202 687.091
11.7152 741.677
12.2321 378.884
12.7717 521.172
13.3352 241.806
13.9236 349.212
14.5378 632.688
15.1792 466.052
15.8489 345.095
16.5482 329.575
17.2783 615.109
18.0406 622.081
18.8365 566.564
19.6675 973.346
20.5353 659.174
21.4412 356.321
22.3872 413.76
23.3749 1164.92
24.4062 229.669
25.483 556.284
26.6073 653.337
27.7811 666.43
29.0068 514.746
30.2866 310.416
31.6228 866.251
33.0179 359.827
34.4747 660.451
35.9956 362.209
37.5837 1006.64
39.2419 340.231
40.9732 554.502
42.7809 925.98
44.6684 545.988
46.6391 954.67
48.6968 724.673
50.8452 1042.01
53.0884 1429.82
55.4307 524.054
57.8762 699.867
60.4296 780.09
63.0957 480.797
65.8795 1086.47
68.786 946.004
71.8208 1289.97
74.9894 596.377
78.2979 717.146
81.7523 1257.4
85.3591 1009.84
89.1251 1128.57
93.0572 1241.87
97.1628 1374.36
101.45 647.942
105.925 1423.09
110.599 1293.61
115.478 1034.46
120.573 1298.48
125.893 1537.23
131.447 1260.08
137.246 1289.21
143.301 1344.42
149.624 1433.36
156.225 1982
163.117 1808.77
170.314 1257.88
177.828 1676.85
185.674 2767.55
193.865 1785.04
202.418 2005.89
211.349 1165
220.673 1732.45
230.409 1852.45
240.575 2030.55
251.189 1799.94
262.271 2454.04
273.842 2351.01
285.924 3010.47
298.538 3366.38
311.709 2718.17
325.462 3454.87
339.821 2145.39
354.813 3565.22
370.467 2622.53
386.812 2400.24
403.878 2231.93
421.697 2366.27
440.301 1970.51
459.727 1540.93
480.01 1089.78
501.187 1618.69
523.299 1033.72
546.387 768.512
570.493 215.406
595.662 185.93
621.942 89.3511
649.382 237.808
678.032 108.423
707.946 79.5939
739.18 31.7045
771.792 117.873
805.842 42.9134
841.395 54.6633
878.517 74.9609
917.276 45.2577
957.745 110.637
1000 0
