# First line is two numbers 
#     First value is '2', it means 'histogram mode'
#     Second value is 'Emin' of the histogram
# Other lines : 2 columns. 1) energy 2) probability (nb divided by NbEvent)
# Number of bins = 480
# Content below the first bin: 0
# Content above the last  bin: 0
# Content above the last  bin: 0
# Number of events: 209000
2 1e-06
1.04412e-06 0
1.09018e-06 0
1.13828e-06 0
1.1885e-06 0
1.24094e-06 0
1.29569e-06 0
1.35285e-06 0
1.41254e-06 0
1.47486e-06 0
1.53993e-06 0
1.60787e-06 0
1.6788e-06 0
1.75287e-06 0
1.83021e-06 0
1.91095e-06 0
1.99526e-06 0
2.08329e-06 0
2.1752e-06 0
2.27117e-06 0
2.37137e-06 0
2.476e-06 0
2.58523e-06 0
2.69929e-06 0
2.81838e-06 0
2.94273e-06 0
3.07256e-06 0
3.20812e-06 0
3.34965e-06 0
3.49744e-06 0
3.65174e-06 0
3.81285e-06 0
3.98107e-06 0
4.15671e-06 0
4.3401e-06 0
4.53158e-06 0
4.73151e-06 0
4.94026e-06 0
5.15822e-06 0
5.3858e-06 0
5.62341e-06 0
5.87151e-06 0
6.13056e-06 0
6.40103e-06 0
6.68344e-06 0
6.97831e-06 0
7.28618e-06 0
7.60764e-06 0
7.94328e-06 0
8.29373e-06 0
8.65964e-06 0
9.0417e-06 0
9.44061e-06 0
9.85712e-06 0
1.0292e-05 0
1.07461e-05 0
1.12202e-05 0
1.17152e-05 0
1.22321e-05 0
1.27717e-05 0
1.33352e-05 0
1.39236e-05 0
1.45378e-05 0
1.51792e-05 0
1.58489e-05 0
1.65482e-05 0
1.72783e-05 0
1.80406e-05 0
1.88365e-05 0
1.96675e-05 0
2.05353e-05 0
2.14412e-05 0
2.23872e-05 0
2.33749e-05 0
2.44062e-05 0
2.5483e-05 0
2.66073e-05 0
2.77811e-05 0
2.90068e-05 0
3.02866e-05 0
3.16228e-05 0
3.30179e-05 0
3.44747e-05 0
3.59956e-05 0
3.75837e-05 0
3.92419e-05 0
4.09732e-05 0
4.27809e-05 0
4.46684e-05 0
4.66391e-05 0
4.86968e-05 0
5.08452e-05 0
5.30884e-05 0
5.54307e-05 0
5.78762e-05 0
6.04296e-05 0
6.30957e-05 0
6.58795e-05 0
6.8786e-05 0
7.18208e-05 0
7.49894e-05 0
7.82979e-05 0
8.17523e-05 0
8.53591e-05 0
8.91251e-05 0
9.30572e-05 0
9.71628e-05 0
0.00010145 0
0.000105925 0
0.000110599 0
0.000115478 0
0.000120573 0
0.000125893 0
0.000131447 0
0.000137246 0
0.000143301 0
0.000149624 0
0.000156225 0
0.000163117 0
0.000170314 0
0.000177828 0
0.000185674 0
0.000193865 0
0.000202418 0
0.000211349 0
0.000220673 0
0.000230409 0
0.000240575 0
0.000251189 0
0.000262271 0
0.000273842 0
0.000285924 0
0.000298538 0
0.000311709 0
0.000325462 0
0.000339821 0
0.000354813 0
0.000370467 0
0.000386812 0
0.000403878 0
0.000421697 0
0.000440301 0
0.000459727 0
0.00048001 0
0.000501187 0
0.000523299 43.9154
0.000546387 0
0.000570493 0
0.000595662 0
0.000621942 0
0.000649382 0
0.000678032 0
0.000707946 0
0.00073918 0
0.000771792 31.3826
0.000805842 0
0.000841395 0
0.000878517 0
0.000917276 0
0.000957745 0
0.001 0
0.00104412 0
0.00109018 0
0.00113828 0
0.0011885 0
0.00124094 0
0.00129569 0
0.00135285 0
0.00141254 0
0.00147486 0
0.00153993 0
0.00160787 0
0.0016788 0
0.00175287 0
0.00183021 0
0.00191095 0
0.00199526 0
0.00208329 0
0.0021752 0
0.00227117 0
0.00237137 0
0.002476 66.3638
0.00258523 0
0.00269929 0
0.00281838 0
0.00294273 0
0.00307256 0
0.00320812 0
0.00334965 0
0.00349744 0
0.00365174 0
0.00381285 0
0.00398107 0
0.00415671 0
0.0043401 0
0.00453158 0
0.00473151 0
0.00494026 0
0.00515822 0
0.0053858 0
0.00562341 0
0.00587151 0
0.00613056 0
0.00640103 0
0.00668344 0
0.00697831 0
0.00728618 0
0.00760764 51.4349
0.00794328 83.4275
0.00829373 0
0.00865964 201.157
0.0090417 0
0.00944061 0
0.00985712 0
0.010292 0
0.0107461 0
0.0112202 0
0.0117152 75.2394
0.0122321 78.6403
0.0127717 191.294
0.0133352 77.712
0.0139236 0
0.0145378 55.1436
0.0151792 0
0.0158489 108.392
0.0165482 0
0.0172783 156.883
0.0180406 259.562
0.0188365 469.597
0.0196675 0
0.0205353 0
0.0214412 98.5411
0.0223872 70.0786
0.0233749 182.738
0.0244062 166.983
0.025483 429.04
0.0266073 44.6849
0.0277811 526.13
0.0290068 108.135
0.0302866 163.367
0.0316228 173.972
0.0330179 68.5811
0.0344747 193.329
0.0359956 246.648
0.0375837 361.251
0.0392419 154.721
0.0409732 372.178
0.0427809 194.853
0.0446684 591.928
0.0466391 340.452
0.0486968 414.782
0.0508452 471.708
0.0530884 491.008
0.0554307 206.295
0.0578762 696.029
0.0604296 560.652
0.0630957 450.997
0.0658795 843.327
0.068786 863.821
0.0718208 659.868
0.0749894 912.052
0.0782979 262.022
0.0817523 471.738
0.0853591 993.172
0.0891251 1113.22
0.0930572 1356.21
0.0971628 1106.43
0.10145 915.772
0.105925 1360.19
0.110599 1125.13
0.115478 897.141
0.120573 1349.65
0.125893 2241.25
0.131447 1335.05
0.137246 1365.77
0.143301 1641.53
0.149624 1388.11
0.156225 1648
0.163117 1819.53
0.170314 1198
0.177828 1461.74
0.185674 2262.28
0.193865 2312.81
0.202418 2181.78
0.211349 1753.75
0.220673 2076.67
0.230409 1798.85
0.240575 1879.78
0.251189 2366.49
0.262271 2120.27
0.273842 2327.1
0.285924 1900.18
0.298538 2607.15
0.311709 2213.24
0.325462 2350.28
0.339821 2411.13
0.354813 2365.87
0.370467 3602.75
0.386812 3474.18
0.403878 2434.98
0.421697 3057.65
0.440301 2637.57
0.459727 1284.54
0.48001 3342.09
0.501187 2750.69
0.523299 2581.39
0.546387 2241.39
0.570493 3050.8
0.595662 2401.46
0.621942 2743.58
0.649382 2680.77
0.678032 2898.64
0.707946 2512.45
0.73918 3452.4
0.771792 2313.04
0.805842 2802.39
0.841395 2724.44
0.878517 2281.42
0.917276 2595.61
0.957745 3076.72
1 1664.05
1.04412 1881.46
1.09018 1989.3
1.13828 2042.43
1.1885 2136.17
1.24094 2066.04
1.29569 2622.74
1.35285 1204.04
1.41254 1442.31
1.47486 1342.73
1.53993 1822.42
1.60787 1016.99
1.6788 1130.79
1.75287 1424.01
1.83021 1294.37
1.91095 1368.72
1.99526 912.342
2.08329 769.648
2.1752 906.589
2.27117 1307.47
2.37137 1264.15
2.476 857.369
2.58523 1118.91
2.69929 525.293
2.81838 1516.61
2.94273 861.938
3.07256 1001.12
3.20812 917.324
3.34965 1028.45
3.49744 565.188
3.65174 1400.37
3.81285 806.221
3.98107 872.976
4.15671 1085.47
4.3401 863.151
4.53158 813.524
4.73151 719.725
4.94026 562.825
5.15822 633.488
5.3858 1353.62
5.62341 686.753
5.87151 961.004
6.13056 824.068
6.40103 576.754
6.68344 474.032
6.97831 742.913
7.28618 909.8
7.60764 604.16
7.94328 1172.69
8.29373 409.503
8.65964 983.528
9.0417 670.734
9.44061 771.498
9.85712 803.242
10.292 1077.59
10.7461 630.729
11.2202 285.609
11.7152 399.5
12.2321 342.209
12.7717 523.736
13.3352 799.705
13.9236 447.818
14.5378 235.667
15.1792 540.092
15.8489 94.0706
16.5482 581.338
17.2783 1105.23
18.0406 381.73
18.8365 170.827
19.6675 541.77
20.5353 383.217
21.4412 598.714
22.3872 382.397
23.3749 167.321
24.4062 287.062
25.483 462.775
26.6073 476.742
27.7811 433.762
29.0068 369.304
30.2866 724.067
31.6228 213.052
33.0179 590.236
34.4747 840.322
35.9956 614.587
37.5837 726.732
39.2419 1063.9
40.9732 518.004
42.7809 720.352
44.6684 665.257
46.6391 541.214
48.6968 524.589
50.8452 895.156
53.0884 247.86
55.4307 888.173
57.8762 1186.3
60.4296 1524.42
63.0957 575.762
65.8795 1065.02
68.786 779.719
71.8208 929.207
74.9894 755.792
78.2979 1004.49
81.7523 640.266
85.3591 1062.66
89.1251 1224.19
93.0572 1626.22
97.1628 1272.84
101.45 1155.91
105.925 1765.08
110.599 1328.91
115.478 1238.27
120.573 1008.54
125.893 1525.41
131.447 751.994
137.246 1615.35
143.301 1236.91
149.624 1504.3
156.225 981.097
163.117 1165.15
170.314 2578.89
177.828 939.662
185.674 1430.38
193.865 2282.72
202.418 1669.02
211.349 1626.23
220.673 2046.37
230.409 1558.51
240.575 2393.57
251.189 2427.34
262.271 2257.78
273.842 2584.2
285.924 2889.53
298.538 3333.81
311.709 2546.22
325.462 3244.88
339.821 2377.56
354.813 2651.44
370.467 2772.69
386.812 2213.44
403.878 3193.58
421.697 1577.61
440.301 1437.36
459.727 1251.6
480.01 978.61
501.187 626.948
523.299 687.731
546.387 739.231
570.493 523.591
595.662 482.92
621.942 111.17
649.382 272.213
678.032 33.2295
707.946 293.086
739.18 64.5674
771.792 0
805.842 0
841.395 0
878.517 63.0408
917.276 0
957.745 0
1000 0
