# First line is two numbers 
#     First value is '2', it means 'histogram mode'
#     Second value is 'Emin' of the histogram
# Other lines : 2 columns. 1) energy 2) probability (nb divided by NbEvent)
# Number of bins = 480
# Content below the first bin: 0
# Content above the last  bin: 0
# Content above the last  bin: 0
# Number of events: 209000
2 1e-06
1.04412e-06 0
1.09018e-06 0
1.13828e-06 0
1.1885e-06 0
1.24094e-06 0
1.29569e-06 0
1.35285e-06 0
1.41254e-06 0
1.47486e-06 0
1.53993e-06 0
1.60787e-06 0
1.6788e-06 0
1.75287e-06 0
1.83021e-06 0
1.91095e-06 0
1.99526e-06 0
2.08329e-06 0
2.1752e-06 0
2.27117e-06 0
2.37137e-06 0
2.476e-06 0
2.58523e-06 0
2.69929e-06 0
2.81838e-06 0
2.94273e-06 0
3.07256e-06 0
3.20812e-06 0
3.34965e-06 0
3.49744e-06 0
3.65174e-06 0
3.81285e-06 0
3.98107e-06 0
4.15671e-06 0
4.3401e-06 0
4.53158e-06 0
4.73151e-06 0
4.94026e-06 0
5.15822e-06 0
5.3858e-06 0
5.62341e-06 0
5.87151e-06 0
6.13056e-06 0
6.40103e-06 0
6.68344e-06 0
6.97831e-06 0
7.28618e-06 0
7.60764e-06 0
7.94328e-06 0
8.29373e-06 0
8.65964e-06 0
9.0417e-06 0
9.44061e-06 0
9.85712e-06 0
1.0292e-05 0
1.07461e-05 0
1.12202e-05 0
1.17152e-05 0
1.22321e-05 0
1.27717e-05 0
1.33352e-05 0
1.39236e-05 0
1.45378e-05 0
1.51792e-05 0
1.58489e-05 0
1.65482e-05 0
1.72783e-05 0
1.80406e-05 0
1.88365e-05 0
1.96675e-05 0
2.05353e-05 0
2.14412e-05 0
2.23872e-05 0
2.33749e-05 0
2.44062e-05 0
2.5483e-05 0
2.66073e-05 0
2.77811e-05 0
2.90068e-05 0
3.02866e-05 0
3.16228e-05 0
3.30179e-05 0
3.44747e-05 0
3.59956e-05 0
3.75837e-05 0
3.92419e-05 0
4.09732e-05 0
4.27809e-05 0
4.46684e-05 0
4.66391e-05 0
4.86968e-05 0
5.08452e-05 0
5.30884e-05 0
5.54307e-05 0
5.78762e-05 0
6.04296e-05 0
6.30957e-05 0
6.58795e-05 0
6.8786e-05 0
7.18208e-05 0
7.49894e-05 0
7.82979e-05 0
8.17523e-05 0
8.53591e-05 0
8.91251e-05 0
9.30572e-05 0
9.71628e-05 0
0.00010145 0
0.000105925 0
0.000110599 0
0.000115478 0
0.000120573 0
0.000125893 0
0.000131447 0
0.000137246 0
0.000143301 0
0.000149624 0
0.000156225 0
0.000163117 0
0.000170314 0
0.000177828 0
0.000185674 0
0.000193865 0
0.000202418 0
0.000211349 0
0.000220673 0
0.000230409 0
0.000240575 0
0.000251189 0
0.000262271 0
0.000273842 0
0.000285924 0
0.000298538 0
0.000311709 0
0.000325462 0
0.000339821 0
0.000354813 0
0.000370467 0
0.000386812 0
0.000403878 0
0.000421697 0
0.000440301 0
0.000459727 0
0.00048001 0
0.000501187 0
0.000523299 0
0.000546387 0
0.000570493 0
0.000595662 0
0.000621942 0
0.000649382 0
0.000678032 0
0.000707946 0
0.00073918 0
0.000771792 0
0.000805842 0
0.000841395 0
0.000878517 0
0.000917276 0
0.000957745 0
0.001 0
0.00104412 0
0.00109018 0
0.00113828 0
0.0011885 0
0.00124094 0
0.00129569 0
0.00135285 0
0.00141254 0
0.00147486 0
0.00153993 78.8563
0.00160787 0
0.0016788 0
0.00175287 0
0.00183021 0
0.00191095 0
0.00199526 0
0.00208329 0
0.0021752 0
0.00227117 0
0.00237137 0
0.002476 0
0.00258523 0
0.00269929 0
0.00281838 0
0.00294273 0
0.00307256 0
0.00320812 0
0.00334965 0
0.00349744 0
0.00365174 0
0.00381285 0
0.00398107 90.8043
0.00415671 0
0.0043401 0
0.00453158 0
0.00473151 0
0.00494026 0
0.00515822 0
0.0053858 0
0.00562341 0
0.00587151 0
0.00613056 0
0.00640103 155.835
0.00668344 110.997
0.00697831 0
0.00728618 0
0.00760764 0
0.00794328 0
0.00829373 0
0.00865964 0
0.0090417 0
0.00944061 0
0.00985712 0
0.010292 0
0.0107461 0
0.0112202 0
0.0117152 205.661
0.0122321 0
0.0127717 192.936
0.0133352 0
0.0139236 0
0.0145378 169.219
0.0151792 0
0.0158489 0
0.0165482 221.789
0.0172783 0
0.0180406 0
0.0188365 235.123
0.0196675 179.94
0.0205353 67.7826
0.0214412 0
0.0223872 12.9874
0.0233749 0
0.0244062 85.171
0.025483 96.4465
0.0266073 97.5099
0.0277811 289.755
0.0290068 398.616
0.0302866 265.976
0.0316228 579.121
0.0330179 374.966
0.0344747 508.99
0.0359956 144.815
0.0375837 431.655
0.0392419 111.758
0.0409732 277.069
0.0427809 283.448
0.0446684 188.299
0.0466391 795.342
0.0486968 135.53
0.0508452 214.439
0.0530884 588.476
0.0554307 349.001
0.0578762 668.578
0.0604296 637.509
0.0630957 473.923
0.0658795 528.84
0.068786 537.282
0.0718208 639.043
0.0749894 1149.75
0.0782979 736.941
0.0817523 359.506
0.0853591 467.071
0.0891251 742.699
0.0930572 1105.94
0.0971628 765.048
0.10145 2098.54
0.105925 1182.9
0.110599 1196.78
0.115478 1046.02
0.120573 871.942
0.125893 1453.12
0.131447 1818.37
0.137246 1815.93
0.143301 1964.82
0.149624 1333.69
0.156225 1488.52
0.163117 2095.29
0.170314 1195.87
0.177828 2218.61
0.185674 1434.28
0.193865 1459.27
0.202418 1455.15
0.211349 2608.78
0.220673 1772.48
0.230409 2307.9
0.240575 1580.38
0.251189 1510.07
0.262271 1816.68
0.273842 2631.34
0.285924 3524.79
0.298538 2234.98
0.311709 2397.47
0.325462 2988
0.339821 2898.36
0.354813 2723.9
0.370467 2975.31
0.386812 2596.78
0.403878 1743.93
0.421697 2710.24
0.440301 3420.06
0.459727 2637.63
0.48001 2000.89
0.501187 2851.33
0.523299 2886.61
0.546387 2962.73
0.570493 3434.99
0.595662 2874.11
0.621942 2940.46
0.649382 4065.22
0.678032 2928.1
0.707946 2841.61
0.73918 2971.19
0.771792 2538.88
0.805842 2827.15
0.841395 2189.39
0.878517 1767.76
0.917276 1255.67
0.957745 3178.14
1 2213.4
1.04412 2487.9
1.09018 1710.9
1.13828 2802.85
1.1885 1524.54
1.24094 1726.22
1.29569 1941.77
1.35285 1566.68
1.41254 2119.75
1.47486 2145.31
1.53993 1651.95
1.60787 968.574
1.6788 963.01
1.75287 1586.22
1.83021 1005.86
1.91095 1367.76
1.99526 945.01
2.08329 1624.25
2.1752 1342.34
2.27117 1187.35
2.37137 1587.77
2.476 1202.2
2.58523 717.548
2.69929 823.787
2.81838 617.331
2.94273 822.034
3.07256 1239.74
3.20812 1579.74
3.34965 816.008
3.49744 1062.36
3.65174 877.463
3.81285 1296.48
3.98107 602.564
4.15671 1088.98
4.3401 929.79
4.53158 628.628
4.73151 438.586
4.94026 639.886
5.15822 384.318
5.3858 753.642
5.62341 649.516
5.87151 638.401
6.13056 535.971
6.40103 673.822
6.68344 476.726
6.97831 784.717
7.28618 981.39
7.60764 719.982
7.94328 732.614
8.29373 1146.11
8.65964 534.724
9.0417 697.175
9.44061 624.16
9.85712 656.813
10.292 361.098
10.7461 58.7035
11.2202 385.406
11.7152 725.496
12.2321 346.749
12.7717 713.22
13.3352 354.632
13.9236 442.588
14.5378 296.045
15.1792 218.036
15.8489 381.603
16.5482 615.699
17.2783 173.123
18.0406 830.368
18.8365 657.792
19.6675 311.077
20.5353 223.462
21.4412 464.817
22.3872 390.097
23.3749 459.84
24.4062 636.41
25.483 377.868
26.6073 523.141
27.7811 623.8
29.0068 385.561
30.2866 745.649
31.6228 641.855
33.0179 721.653
34.4747 428.069
35.9956 566.392
37.5837 1033.52
39.2419 721.788
40.9732 557.497
42.7809 770.081
44.6684 731.619
46.6391 719.038
48.6968 1233.91
50.8452 1034.6
53.0884 587.403
55.4307 498.983
57.8762 964.686
60.4296 722.378
63.0957 965.185
65.8795 1325.75
68.786 374.052
71.8208 1127.67
74.9894 905.597
78.2979 876.937
81.7523 890.785
85.3591 1343.3
89.1251 709.796
93.0572 1077.33
97.1628 945.65
101.45 939.957
105.925 1713.95
110.599 1834.92
115.478 1177.8
120.573 1224.37
125.893 1545.22
131.447 1113.63
137.246 1176.84
143.301 2290.21
149.624 1530.62
156.225 1967.22
163.117 1524.84
170.314 1629.78
177.828 2008.53
185.674 1833.12
193.865 1524.86
202.418 1559.57
211.349 2329.4
220.673 1702.64
230.409 3018.07
240.575 2351.79
251.189 2280.25
262.271 1708.52
273.842 2617.49
285.924 2426.63
298.538 2513.02
311.709 2073.11
325.462 3216.86
339.821 2875.14
354.813 3449.74
370.467 3033.67
386.812 2759.89
403.878 2700.91
421.697 2839.81
440.301 968.367
459.727 1168.61
480.01 636.534
501.187 445.872
523.299 416.604
546.387 537.02
570.493 374.317
595.662 323.193
621.942 0
649.382 0
678.032 92.0463
707.946 347.334
739.18 369.715
771.792 88.7261
805.842 0
841.395 190.681
878.517 91.6473
917.276 63.0437
957.745 0
1000 115.977
