# First line is two numbers 
#     First value is '2', it means 'histogram mode'
#     Second value is 'Emin' of the histogram
# Other lines : 2 columns. 1) energy 2) probability (nb divided by NbEvent)
# Number of bins = 480
# Content below the first bin: 0
# Content above the last  bin: 0
# Content above the last  bin: 0
# Number of events: 209000
2 1e-06
1.04412e-06 0
1.09018e-06 0
1.13828e-06 0
1.1885e-06 0
1.24094e-06 0
1.29569e-06 0
1.35285e-06 0
1.41254e-06 0
1.47486e-06 0
1.53993e-06 0
1.60787e-06 0
1.6788e-06 0
1.75287e-06 0
1.83021e-06 0
1.91095e-06 0
1.99526e-06 0
2.08329e-06 0
2.1752e-06 0
2.27117e-06 0
2.37137e-06 0
2.476e-06 0
2.58523e-06 0
2.69929e-06 0
2.81838e-06 0
2.94273e-06 0
3.07256e-06 0
3.20812e-06 0
3.34965e-06 0
3.49744e-06 0
3.65174e-06 0
3.81285e-06 0
3.98107e-06 0
4.15671e-06 0
4.3401e-06 0
4.53158e-06 0
4.73151e-06 0
4.94026e-06 0
5.15822e-06 0
5.3858e-06 0
5.62341e-06 0
5.87151e-06 0
6.13056e-06 0
6.40103e-06 0
6.68344e-06 0
6.97831e-06 0
7.28618e-06 0
7.60764e-06 0
7.94328e-06 0
8.29373e-06 0
8.65964e-06 0
9.0417e-06 0
9.44061e-06 0
9.85712e-06 0
1.0292e-05 0
1.07461e-05 0
1.12202e-05 0
1.17152e-05 0
1.22321e-05 0
1.27717e-05 0
1.33352e-05 0
1.39236e-05 0
1.45378e-05 0
1.51792e-05 0
1.58489e-05 0
1.65482e-05 0
1.72783e-05 0
1.80406e-05 0
1.88365e-05 0
1.96675e-05 0
2.05353e-05 0
2.14412e-05 0
2.23872e-05 0
2.33749e-05 0
2.44062e-05 0
2.5483e-05 0
2.66073e-05 0
2.77811e-05 0
2.90068e-05 0
3.02866e-05 0
3.16228e-05 0
3.30179e-05 0
3.44747e-05 0
3.59956e-05 0
3.75837e-05 0
3.92419e-05 0
4.09732e-05 0
4.27809e-05 0
4.46684e-05 0
4.66391e-05 0
4.86968e-05 0
5.08452e-05 0
5.30884e-05 0
5.54307e-05 0
5.78762e-05 0
6.04296e-05 0
6.30957e-05 0
6.58795e-05 0
6.8786e-05 0
7.18208e-05 0
7.49894e-05 0
7.82979e-05 0
8.17523e-05 0
8.53591e-05 0
8.91251e-05 0
9.30572e-05 0
9.71628e-05 0
0.00010145 0
0.000105925 0
0.000110599 0
0.000115478 0
0.000120573 0
0.000125893 0
0.000131447 0
0.000137246 0
0.000143301 0
0.000149624 0
0.000156225 0
0.000163117 81.7992
0.000170314 0
0.000177828 0
0.000185674 0
0.000193865 0
0.000202418 0
0.000211349 0
0.000220673 0
0.000230409 0
0.000240575 0
0.000251189 0
0.000262271 0
0.000273842 0
0.000285924 0
0.000298538 0
0.000311709 0
0.000325462 0
0.000339821 0
0.000354813 0
0.000370467 0
0.000386812 0
0.000403878 0
0.000421697 0
0.000440301 0
0.000459727 0
0.00048001 0
0.000501187 0
0.000523299 0
0.000546387 0
0.000570493 0
0.000595662 0
0.000621942 0
0.000649382 0
0.000678032 0
0.000707946 0
0.00073918 0
0.000771792 0
0.000805842 0
0.000841395 0
0.000878517 0
0.000917276 0
0.000957745 0
0.001 0
0.00104412 0
0.00109018 0
0.00113828 0
0.0011885 0
0.00124094 0
0.00129569 0
0.00135285 0
0.00141254 0
0.00147486 0
0.00153993 0
0.00160787 0
0.0016788 0
0.00175287 0
0.00183021 0
0.00191095 0
0.00199526 0
0.00208329 0
0.0021752 0
0.00227117 0
0.00237137 0
0.002476 0
0.00258523 0
0.00269929 0
0.00281838 0
0.00294273 0
0.00307256 0
0.00320812 0
0.00334965 0
0.00349744 0
0.00365174 0
0.00381285 0
0.00398107 0
0.00415671 0
0.0043401 0
0.00453158 0
0.00473151 0
0.00494026 0
0.00515822 0
0.0053858 0
0.00562341 0
0.00587151 0
0.00613056 50.9034
0.00640103 0
0.00668344 0
0.00697831 0
0.00728618 0
0.00760764 0
0.00794328 0
0.00829373 0
0.00865964 0
0.0090417 134.683
0.00944061 0
0.00985712 0
0.010292 31.4638
0.0107461 0
0.0112202 12.9828
0.0117152 0
0.0122321 0
0.0127717 0
0.0133352 275.692
0.0139236 0
0.0145378 0
0.0151792 0
0.0158489 90.1962
0.0165482 180.361
0.0172783 166.973
0.0180406 0
0.0188365 146.896
0.0196675 27.8019
0.0205353 89.385
0.0214412 91.3936
0.0223872 255.647
0.0233749 117.674
0.0244062 240.708
0.025483 128.797
0.0266073 201.775
0.0277811 115.75
0.0290068 373.663
0.0302866 564.58
0.0316228 224.587
0.0330179 209.939
0.0344747 267.719
0.0359956 141.941
0.0375837 299.839
0.0392419 315.133
0.0409732 83.9603
0.0427809 376.247
0.0446684 487.504
0.0466391 728.411
0.0486968 173.692
0.0508452 386.193
0.0530884 639.865
0.0554307 112.751
0.0578762 609.743
0.0604296 733.905
0.0630957 1048.37
0.0658795 391.33
0.068786 797.04
0.0718208 875.432
0.0749894 754.144
0.0782979 266.618
0.0817523 798.881
0.0853591 544.464
0.0891251 824.801
0.0930572 804.056
0.0971628 739.909
0.10145 1032.41
0.105925 873.06
0.110599 999.008
0.115478 1047.14
0.120573 1021.74
0.125893 1333.85
0.131447 1585.81
0.137246 1422.27
0.143301 2328.36
0.149624 1747.69
0.156225 2396.22
0.163117 1846.22
0.170314 1750.87
0.177828 2334.72
0.185674 1244.57
0.193865 1894.69
0.202418 2800.14
0.211349 1767.96
0.220673 2496.82
0.230409 2424.66
0.240575 1608.66
0.251189 2052.85
0.262271 2658.34
0.273842 1685.4
0.285924 3026.9
0.298538 2514.33
0.311709 2353.06
0.325462 2563.26
0.339821 3011.95
0.354813 3034.23
0.370467 2290.89
0.386812 2282.4
0.403878 2755.45
0.421697 1684.53
0.440301 2545.38
0.459727 4328.09
0.48001 3436.14
0.501187 3423.83
0.523299 3772.71
0.546387 2007.67
0.570493 3363.42
0.595662 3581.42
0.621942 2444.66
0.649382 2762.48
0.678032 3353.75
0.707946 2875.09
0.73918 2613.58
0.771792 3194.44
0.805842 3154.2
0.841395 3786.71
0.878517 2640.33
0.917276 2683.22
0.957745 2308.59
1 2414.4
1.04412 2401.28
1.09018 2760.48
1.13828 2124.88
1.1885 1287.09
1.24094 2325
1.29569 1539.29
1.35285 1268.92
1.41254 2023.62
1.47486 1720.6
1.53993 1182.24
1.60787 1433.29
1.6788 1414.47
1.75287 2008.94
1.83021 1131.92
1.91095 1619.59
1.99526 1150.28
2.08329 1177.86
2.1752 1239.9
2.27117 1035.92
2.37137 1149.19
2.476 697.397
2.58523 1720.8
2.69929 906.582
2.81838 1858.31
2.94273 1160.82
3.07256 1210.22
3.20812 648.142
3.34965 1087.91
3.49744 1077.68
3.65174 1237.82
3.81285 723.56
3.98107 912.978
4.15671 1095.81
4.3401 882.665
4.53158 809.656
4.73151 677.919
4.94026 710.585
5.15822 905.833
5.3858 473.429
5.62341 859.992
5.87151 620.141
6.13056 658.9
6.40103 536.644
6.68344 995.335
6.97831 637.353
7.28618 852.168
7.60764 625.349
7.94328 561.55
8.29373 387.618
8.65964 611.891
9.0417 262.999
9.44061 661.178
9.85712 179.543
10.292 425.647
10.7461 287.233
11.2202 567.334
11.7152 573
12.2321 634.014
12.7717 251.269
13.3352 374.618
13.9236 546.145
14.5378 484.531
15.1792 312.646
15.8489 497.905
16.5482 328.023
17.2783 328.922
18.0406 577.68
18.8365 682.679
19.6675 597.135
20.5353 653.028
21.4412 606.054
22.3872 534.895
23.3749 1099.66
24.4062 1071.59
25.483 270.382
26.6073 783.151
27.7811 366.576
29.0068 517.062
30.2866 539.515
31.6228 412.415
33.0179 377.759
34.4747 946.151
35.9956 325.374
37.5837 226.557
39.2419 784.077
40.9732 541.529
42.7809 455.652
44.6684 721.955
46.6391 736.842
48.6968 791.273
50.8452 649.482
53.0884 671.647
55.4307 1055.38
57.8762 392.385
60.4296 756.318
63.0957 1217.93
65.8795 1054.21
68.786 880.965
71.8208 1166.27
74.9894 596.815
78.2979 1293.54
81.7523 957.833
85.3591 618.518
89.1251 896.911
93.0572 994.212
97.1628 1066.15
101.45 1257
105.925 872.986
110.599 1258.77
115.478 1978.9
120.573 1703.78
125.893 1174.66
131.447 1037.68
137.246 1049.12
143.301 1110.93
149.624 1173.21
156.225 2476.22
163.117 1954
170.314 1645.98
177.828 1615.33
185.674 1645.08
193.865 1934.28
202.418 1580.14
211.349 1335.75
220.673 1754.88
230.409 2432.43
240.575 2221.26
251.189 2089.93
262.271 1842.94
273.842 2982.78
285.924 1974
298.538 1738.79
311.709 2436.42
325.462 2681.46
339.821 2978.12
354.813 3293.56
370.467 4005.58
386.812 2122.71
403.878 2462.14
421.697 2026.43
440.301 1486.98
459.727 1109.49
480.01 1091.2
501.187 362.148
523.299 782.371
546.387 113.549
570.493 221.404
595.662 444.899
621.942 200.653
649.382 450.189
678.032 209.767
707.946 206.49
739.18 0
771.792 0
805.842 76.9395
841.395 0
878.517 182.007
917.276 97.1565
957.745 0
1000 0
