# First line is two numbers 
#     First value is '2', it means 'histogram mode'
#     Second value is 'Emin' of the histogram
# Other lines : 2 columns. 1) energy 2) probability (nb divided by NbEvent)
# Number of bins = 480
# Content below the first bin: 0
# Content above the last  bin: 0
# Content above the last  bin: 0
# Number of events: 209000
2 1e-06
1.04412e-06 0
1.09018e-06 0
1.13828e-06 0
1.1885e-06 0
1.24094e-06 0
1.29569e-06 0
1.35285e-06 0
1.41254e-06 0
1.47486e-06 0
1.53993e-06 0
1.60787e-06 0
1.6788e-06 0
1.75287e-06 0
1.83021e-06 0
1.91095e-06 0
1.99526e-06 0
2.08329e-06 0
2.1752e-06 0
2.27117e-06 0
2.37137e-06 0
2.476e-06 0
2.58523e-06 0
2.69929e-06 0
2.81838e-06 0
2.94273e-06 0
3.07256e-06 0
3.20812e-06 0
3.34965e-06 0
3.49744e-06 0
3.65174e-06 0
3.81285e-06 0
3.98107e-06 0
4.15671e-06 0
4.3401e-06 0
4.53158e-06 0
4.73151e-06 0
4.94026e-06 0
5.15822e-06 0
5.3858e-06 0
5.62341e-06 0
5.87151e-06 0
6.13056e-06 0
6.40103e-06 0
6.68344e-06 0
6.97831e-06 0
7.28618e-06 0
7.60764e-06 0
7.94328e-06 0
8.29373e-06 0
8.65964e-06 0
9.0417e-06 0
9.44061e-06 0
9.85712e-06 0
1.0292e-05 0
1.07461e-05 0
1.12202e-05 0
1.17152e-05 0
1.22321e-05 0
1.27717e-05 0
1.33352e-05 0
1.39236e-05 0
1.45378e-05 0
1.51792e-05 0
1.58489e-05 0
1.65482e-05 0
1.72783e-05 0
1.80406e-05 0
1.88365e-05 0
1.96675e-05 0
2.05353e-05 0
2.14412e-05 0
2.23872e-05 0
2.33749e-05 0
2.44062e-05 0
2.5483e-05 0
2.66073e-05 0
2.77811e-05 0
2.90068e-05 0
3.02866e-05 0
3.16228e-05 0
3.30179e-05 0
3.44747e-05 0
3.59956e-05 0
3.75837e-05 0
3.92419e-05 0
4.09732e-05 0
4.27809e-05 0
4.46684e-05 0
4.66391e-05 0
4.86968e-05 0
5.08452e-05 0
5.30884e-05 0
5.54307e-05 0
5.78762e-05 0
6.04296e-05 0
6.30957e-05 0
6.58795e-05 0
6.8786e-05 0
7.18208e-05 0
7.49894e-05 0
7.82979e-05 0
8.17523e-05 0
8.53591e-05 0
8.91251e-05 0
9.30572e-05 0
9.71628e-05 0
0.00010145 0
0.000105925 0
0.000110599 0
0.000115478 0
0.000120573 0
0.000125893 0
0.000131447 0
0.000137246 0
0.000143301 0
0.000149624 0
0.000156225 0
0.000163117 0
0.000170314 0
0.000177828 0
0.000185674 0
0.000193865 0
0.000202418 0
0.000211349 0
0.000220673 0
0.000230409 0
0.000240575 0
0.000251189 0
0.000262271 0
0.000273842 0
0.000285924 0
0.000298538 0
0.000311709 0
0.000325462 115.68
0.000339821 0
0.000354813 0
0.000370467 0
0.000386812 0
0.000403878 0
0.000421697 0
0.000440301 0
0.000459727 0
0.00048001 0
0.000501187 0
0.000523299 0
0.000546387 0
0.000570493 0
0.000595662 0
0.000621942 0
0.000649382 0
0.000678032 0
0.000707946 0
0.00073918 0
0.000771792 0
0.000805842 0
0.000841395 0
0.000878517 0
0.000917276 0
0.000957745 0
0.001 0
0.00104412 0
0.00109018 0
0.00113828 0
0.0011885 30.6587
0.00124094 0
0.00129569 0
0.00135285 0
0.00141254 0
0.00147486 0
0.00153993 0
0.00160787 0
0.0016788 0
0.00175287 0
0.00183021 0
0.00191095 0
0.00199526 0
0.00208329 0
0.0021752 0
0.00227117 0
0.00237137 0
0.002476 0
0.00258523 0
0.00269929 0
0.00281838 0
0.00294273 87.9391
0.00307256 0
0.00320812 0
0.00334965 71.3952
0.00349744 104.111
0.00365174 159.845
0.00381285 0
0.00398107 0
0.00415671 0
0.0043401 0
0.00453158 114.764
0.00473151 0
0.00494026 0
0.00515822 0
0.0053858 64.4607
0.00562341 0
0.00587151 0
0.00613056 96.8973
0.00640103 108.851
0.00668344 174.063
0.00697831 16.9584
0.00728618 0
0.00760764 146.988
0.00794328 54.2137
0.00829373 0
0.00865964 227.383
0.0090417 359.182
0.00944061 0
0.00985712 25.0036
0.010292 33.9256
0.0107461 248.042
0.0112202 54.6808
0.0117152 81.8985
0.0122321 256.909
0.0127717 240.205
0.0133352 110.39
0.0139236 169.383
0.0145378 35.2019
0.0151792 387.071
0.0158489 630.649
0.0165482 200.624
0.0172783 255.084
0.0180406 151.935
0.0188365 680.428
0.0196675 249.605
0.0205353 444.044
0.0214412 328.263
0.0223872 285.703
0.0233749 446.62
0.0244062 822.091
0.025483 834.079
0.0266073 369.545
0.0277811 413.379
0.0290068 502.1
0.0302866 730.64
0.0316228 986.035
0.0330179 661.584
0.0344747 966.313
0.0359956 917.644
0.0375837 1503.79
0.0392419 1333.4
0.0409732 919.198
0.0427809 2222.25
0.0446684 1224.72
0.0466391 853.755
0.0486968 1680.12
0.0508452 1601.39
0.0530884 1438.62
0.0554307 1171.85
0.0578762 1854.17
0.0604296 2574.23
0.0630957 1125.44
0.0658795 2132.26
0.068786 2094.12
0.0718208 2711.34
0.0749894 2734.25
0.0782979 2821.8
0.0817523 2349.5
0.0853591 2609.02
0.0891251 2415.18
0.0930572 3593.02
0.0971628 3297.94
0.10145 3207.64
0.105925 3717.96
0.110599 2213.49
0.115478 4272.83
0.120573 4632.8
0.125893 3723.67
0.131447 3925.16
0.137246 3962.43
0.143301 5090.68
0.149624 5853.35
0.156225 3482.38
0.163117 5890.44
0.170314 5206.98
0.177828 4361.99
0.185674 4448.77
0.193865 4088.83
0.202418 5065.1
0.211349 4460.12
0.220673 6687.4
0.230409 5242.84
0.240575 7485.57
0.251189 6173.55
0.262271 6501.89
0.273842 6349.77
0.285924 5982.22
0.298538 6087.56
0.311709 5432.83
0.325462 6980.65
0.339821 5853.27
0.354813 6920.69
0.370467 7091.69
0.386812 5246.77
0.403878 6650.5
0.421697 6662.18
0.440301 7831.7
0.459727 5877.41
0.48001 7168.38
0.501187 7676.75
0.523299 7572.96
0.546387 7528.61
0.570493 7000.58
0.595662 8665.41
0.621942 6523.7
0.649382 6713.38
0.678032 6802.91
0.707946 5818.97
0.73918 6082.47
0.771792 5551.82
0.805842 5895.75
0.841395 4964.85
0.878517 7754.44
0.917276 6073.82
0.957745 6132.97
1 5096.58
1.04412 5054.76
1.09018 4858.23
1.13828 4522.03
1.1885 4810.55
1.24094 3728.18
1.29569 4249.44
1.35285 3293
1.41254 3453.22
1.47486 2732.12
1.53993 2680.64
1.60787 3596.92
1.6788 2730.58
1.75287 1763.99
1.83021 2776.61
1.91095 2536.6
1.99526 2206.23
2.08329 3315.71
2.1752 2791.01
2.27117 2879.33
2.37137 2696.96
2.476 1633.48
2.58523 2838.77
2.69929 2759.11
2.81838 2488.58
2.94273 1353.34
3.07256 2194.77
3.20812 1280.74
3.34965 2143.35
3.49744 986.527
3.65174 1792.67
3.81285 1197.49
3.98107 1533.26
4.15671 1914.31
4.3401 2096.83
4.53158 1084.58
4.73151 1759.19
4.94026 1848.6
5.15822 1444.97
5.3858 2070
5.62341 1167.68
5.87151 1562.91
6.13056 1409.35
6.40103 906.254
6.68344 1347.51
6.97831 906.805
7.28618 1348.11
7.60764 749.481
7.94328 1753.23
8.29373 747.321
8.65964 936.348
9.0417 1243.71
9.44061 1022.22
9.85712 747.632
10.292 797.007
10.7461 952.758
11.2202 586.387
11.7152 1070.93
12.2321 893.129
12.7717 729.359
13.3352 921.009
13.9236 776.704
14.5378 904.825
15.1792 652.184
15.8489 925.751
16.5482 439.14
17.2783 654.937
18.0406 562.509
18.8365 792.883
19.6675 729.027
20.5353 1301.87
21.4412 637.831
22.3872 757.417
23.3749 901.173
24.4062 1302.82
25.483 792.654
26.6073 1038.52
27.7811 1283.49
29.0068 1250.43
30.2866 427.81
31.6228 1317.51
33.0179 748.054
34.4747 524.506
35.9956 862.468
37.5837 1367.43
39.2419 514.161
40.9732 732.998
42.7809 701.352
44.6684 1137.23
46.6391 991.457
48.6968 1095.32
50.8452 1423.8
53.0884 1171.13
55.4307 1434.22
57.8762 1743.42
60.4296 1224.76
63.0957 1923.17
65.8795 1097.14
68.786 1579.35
71.8208 1163.44
74.9894 1157.62
78.2979 1768.38
81.7523 1445.99
85.3591 1177.03
89.1251 1550.71
93.0572 1852.58
97.1628 1734.09
101.45 1527.26
105.925 1074.44
110.599 1741.83
115.478 1449.85
120.573 2481.51
125.893 1437.73
131.447 1873.93
137.246 1196.39
143.301 1336.25
149.624 1576.08
156.225 1491.36
163.117 1233.87
170.314 1133.19
177.828 1339.18
185.674 1126.3
193.865 819.185
202.418 933.226
211.349 976.904
220.673 1124.81
230.409 1246.71
240.575 1105.82
251.189 1062.82
262.271 984.79
273.842 643.165
285.924 870.923
298.538 836.065
311.709 988.442
325.462 741.829
339.821 743.495
354.813 328.529
370.467 380.334
386.812 350.391
403.878 152.618
421.697 234.549
440.301 341.194
459.727 84.9967
480.01 296.222
501.187 104.503
523.299 110.068
546.387 264.703
570.493 0
595.662 162.794
621.942 0
649.382 0
678.032 163.722
707.946 0
739.18 0
771.792 18.4864
805.842 0
841.395 0
878.517 0
917.276 0
957.745 20.6513
1000 51.4013
