# First line is two numbers 
#     First value is '2', it means 'histogram mode'
#     Second value is 'Emin' of the histogram
# Other lines : 2 columns. 1) energy 2) probability (nb divided by NbEvent)
# Number of bins = 480
# Content below the first bin: 0
# Content above the last  bin: 0
# Content above the last  bin: 0
# Number of events: 209000
2 1e-06
1.04412e-06 0
1.09018e-06 0
1.13828e-06 0
1.1885e-06 0
1.24094e-06 0
1.29569e-06 0
1.35285e-06 0
1.41254e-06 0
1.47486e-06 0
1.53993e-06 0
1.60787e-06 0
1.6788e-06 0
1.75287e-06 0
1.83021e-06 0
1.91095e-06 0
1.99526e-06 0
2.08329e-06 0
2.1752e-06 0
2.27117e-06 0
2.37137e-06 0
2.476e-06 0
2.58523e-06 0
2.69929e-06 0
2.81838e-06 0
2.94273e-06 0
3.07256e-06 0
3.20812e-06 0
3.34965e-06 0
3.49744e-06 0
3.65174e-06 0
3.81285e-06 0
3.98107e-06 0
4.15671e-06 0
4.3401e-06 0
4.53158e-06 0
4.73151e-06 0
4.94026e-06 0
5.15822e-06 0
5.3858e-06 0
5.62341e-06 0
5.87151e-06 0
6.13056e-06 0
6.40103e-06 0
6.68344e-06 0
6.97831e-06 0
7.28618e-06 0
7.60764e-06 0
7.94328e-06 0
8.29373e-06 0
8.65964e-06 0
9.0417e-06 0
9.44061e-06 0
9.85712e-06 0
1.0292e-05 0
1.07461e-05 0
1.12202e-05 0
1.17152e-05 0
1.22321e-05 0
1.27717e-05 0
1.33352e-05 0
1.39236e-05 0
1.45378e-05 0
1.51792e-05 0
1.58489e-05 0
1.65482e-05 0
1.72783e-05 0
1.80406e-05 0
1.88365e-05 0
1.96675e-05 0
2.05353e-05 0
2.14412e-05 0
2.23872e-05 0
2.33749e-05 0
2.44062e-05 0
2.5483e-05 0
2.66073e-05 0
2.77811e-05 0
2.90068e-05 0
3.02866e-05 0
3.16228e-05 0
3.30179e-05 0
3.44747e-05 0
3.59956e-05 0
3.75837e-05 0
3.92419e-05 0
4.09732e-05 0
4.27809e-05 0
4.46684e-05 0
4.66391e-05 0
4.86968e-05 0
5.08452e-05 0
5.30884e-05 0
5.54307e-05 0
5.78762e-05 0
6.04296e-05 0
6.30957e-05 0
6.58795e-05 0
6.8786e-05 0
7.18208e-05 0
7.49894e-05 0
7.82979e-05 0
8.17523e-05 0
8.53591e-05 0
8.91251e-05 0
9.30572e-05 0
9.71628e-05 0
0.00010145 0
0.000105925 0
0.000110599 0
0.000115478 0
0.000120573 0
0.000125893 0
0.000131447 0
0.000137246 0
0.000143301 0
0.000149624 0
0.000156225 0
0.000163117 0
0.000170314 0
0.000177828 0
0.000185674 0
0.000193865 0
0.000202418 0
0.000211349 0
0.000220673 0
0.000230409 0
0.000240575 0
0.000251189 0
0.000262271 0
0.000273842 0
0.000285924 0
0.000298538 0
0.000311709 0
0.000325462 0
0.000339821 0
0.000354813 0
0.000370467 0
0.000386812 0
0.000403878 0
0.000421697 0
0.000440301 0
0.000459727 0
0.00048001 0
0.000501187 0
0.000523299 0
0.000546387 0
0.000570493 0
0.000595662 0
0.000621942 0
0.000649382 0
0.000678032 0
0.000707946 0
0.00073918 0
0.000771792 0
0.000805842 0
0.000841395 0
0.000878517 0
0.000917276 0
0.000957745 0
0.001 0
0.00104412 0
0.00109018 0
0.00113828 0
0.0011885 0
0.00124094 0
0.00129569 0
0.00135285 0
0.00141254 0
0.00147486 0
0.00153993 0
0.00160787 0
0.0016788 0
0.00175287 0
0.00183021 0
0.00191095 0
0.00199526 0
0.00208329 0
0.0021752 0
0.00227117 0
0.00237137 0
0.002476 0
0.00258523 0
0.00269929 0
0.00281838 0
0.00294273 0
0.00307256 0
0.00320812 0
0.00334965 0
0.00349744 0
0.00365174 0
0.00381285 0
0.00398107 0
0.00415671 50.651
0.0043401 0
0.00453158 0
0.00473151 0
0.00494026 0
0.00515822 82.3948
0.0053858 75.5997
0.00562341 0
0.00587151 0
0.00613056 0
0.00640103 0
0.00668344 0
0.00697831 75.1829
0.00728618 0
0.00760764 0
0.00794328 109.532
0.00829373 47.1003
0.00865964 0
0.0090417 0
0.00944061 232.932
0.00985712 0
0.010292 0
0.0107461 49.4725
0.0112202 82.5546
0.0117152 119.496
0.0122321 115.562
0.0127717 220.299
0.0133352 87.9573
0.0139236 66.5084
0.0145378 0
0.0151792 50.0269
0.0158489 0
0.0165482 28.8136
0.0172783 152.74
0.0180406 115.418
0.0188365 247.674
0.0196675 197.984
0.0205353 60.6765
0.0214412 345.357
0.0223872 272.856
0.0233749 194.074
0.0244062 54.8722
0.025483 160.16
0.0266073 259.571
0.0277811 0
0.0290068 256.476
0.0302866 608.457
0.0316228 354.264
0.0330179 187.815
0.0344747 280.065
0.0359956 471.753
0.0375837 638
0.0392419 429.716
0.0409732 646.954
0.0427809 305.172
0.0446684 650.854
0.0466391 573.913
0.0486968 334.656
0.0508452 800.457
0.0530884 329.663
0.0554307 244.191
0.0578762 698.468
0.0604296 795.635
0.0630957 546.285
0.0658795 761.466
0.068786 1069.33
0.0718208 1307.73
0.0749894 977.338
0.0782979 511.12
0.0817523 1286.23
0.0853591 755.091
0.0891251 714.234
0.0930572 804.55
0.0971628 1194.18
0.10145 1579.93
0.105925 1814.06
0.110599 903.985
0.115478 1262.88
0.120573 1590.77
0.125893 1169.96
0.131447 1771.76
0.137246 1934.69
0.143301 1693.58
0.149624 1665.18
0.156225 1368.52
0.163117 1978.89
0.170314 2674.33
0.177828 1470.8
0.185674 1153.57
0.193865 1143.79
0.202418 1884.46
0.211349 1343.15
0.220673 2106.44
0.230409 1491
0.240575 2006.19
0.251189 1698.21
0.262271 1972.32
0.273842 1773.66
0.285924 1959.24
0.298538 1631.69
0.311709 1988.26
0.325462 2414.5
0.339821 2185.61
0.354813 1356.28
0.370467 1842.04
0.386812 1971.1
0.403878 1719.07
0.421697 1445.09
0.440301 1912.32
0.459727 1683.55
0.48001 1903.1
0.501187 1383.22
0.523299 1825.03
0.546387 2621.77
0.570493 1960.05
0.595662 1489.43
0.621942 2086.45
0.649382 1185.02
0.678032 1998.11
0.707946 1468.6
0.73918 2098.42
0.771792 1735.37
0.805842 1257.33
0.841395 1879.49
0.878517 1183.3
0.917276 2381.08
0.957745 836.807
1 958.9
1.04412 1365.73
1.09018 1184.47
1.13828 1000.01
1.1885 1041.89
1.24094 772.978
1.29569 851.626
1.35285 667.214
1.41254 1102.13
1.47486 647.121
1.53993 500.837
1.60787 397.957
1.6788 915.956
1.75287 457.109
1.83021 973.514
1.91095 201.89
1.99526 550.798
2.08329 646.995
2.1752 497.603
2.27117 401.433
2.37137 362.695
2.476 525.012
2.58523 326.341
2.69929 892.537
2.81838 352.908
2.94273 410.467
3.07256 144.876
3.20812 318.371
3.34965 352.447
3.49744 759.712
3.65174 414.284
3.81285 60.8216
3.98107 522.76
4.15671 168.905
4.3401 294.983
4.53158 172.4
4.73151 252.657
4.94026 455.215
5.15822 347.448
5.3858 547.335
5.62341 397.986
5.87151 198.823
6.13056 420.629
6.40103 83.5961
6.68344 54.6427
6.97831 359.44
7.28618 434.378
7.60764 54.2069
7.94328 224.242
8.29373 97.4941
8.65964 172.296
9.0417 64.8375
9.44061 444.152
9.85712 185.68
10.292 251.308
10.7461 0
11.2202 0
11.7152 285.542
12.2321 116.728
12.7717 437.568
13.3352 71.5942
13.9236 161.791
14.5378 99.8364
15.1792 91.027
15.8489 0
16.5482 327.753
17.2783 245.067
18.0406 433.145
18.8365 118.278
19.6675 105.82
20.5353 293.34
21.4412 203.889
22.3872 72.85
23.3749 286.269
24.4062 0
25.483 77.4311
26.6073 139.201
27.7811 257.777
29.0068 0
30.2866 174.573
31.6228 0
33.0179 426.59
34.4747 157.83
35.9956 165.987
37.5837 200.77
39.2419 0
40.9732 85.914
42.7809 52.9257
44.6684 105.184
46.6391 222.285
48.6968 365.183
50.8452 515.39
53.0884 0
55.4307 0
57.8762 112.357
60.4296 322.427
63.0957 0
65.8795 349.458
68.786 196.306
71.8208 107.721
74.9894 160.617
78.2979 152.838
81.7523 295.874
85.3591 308.439
89.1251 166.654
93.0572 522.799
97.1628 625.891
101.45 231.453
105.925 107.953
110.599 104.339
115.478 381.812
120.573 289.311
125.893 197.018
131.447 95.9985
137.246 276.571
143.301 54.6523
149.624 176.646
156.225 0
163.117 219.278
170.314 161.272
177.828 0
185.674 191.273
193.865 168.205
202.418 188.577
211.349 298.483
220.673 94.0507
230.409 50.6559
240.575 89.3286
251.189 81.9914
262.271 0
273.842 0
285.924 167.491
298.538 0
311.709 0
325.462 110.597
339.821 0
354.813 105.032
370.467 0
386.812 0
403.878 0
421.697 0
440.301 0
459.727 0
480.01 0
501.187 0
523.299 0
546.387 0
570.493 0
595.662 0
621.942 0
649.382 0
678.032 0
707.946 0
739.18 0
771.792 0
805.842 0
841.395 0
878.517 0
917.276 0
957.745 0
1000 0
