# First line is two numbers 
#     First value is '2', it means 'histogram mode'
#     Second value is 'Emin' of the histogram
# Other lines : 2 columns. 1) energy 2) probability (nb divided by NbEvent)
# Number of bins = 480
# Content below the first bin: 0
# Content above the last  bin: 0
# Content above the last  bin: 0
# Number of events: 209000
2 1e-06
1.04412e-06 0
1.09018e-06 0
1.13828e-06 0
1.1885e-06 0
1.24094e-06 0
1.29569e-06 0
1.35285e-06 0
1.41254e-06 0
1.47486e-06 0
1.53993e-06 0
1.60787e-06 0
1.6788e-06 0
1.75287e-06 0
1.83021e-06 0
1.91095e-06 0
1.99526e-06 0
2.08329e-06 0
2.1752e-06 0
2.27117e-06 0
2.37137e-06 0
2.476e-06 0
2.58523e-06 0
2.69929e-06 0
2.81838e-06 0
2.94273e-06 0
3.07256e-06 0
3.20812e-06 0
3.34965e-06 0
3.49744e-06 0
3.65174e-06 0
3.81285e-06 0
3.98107e-06 0
4.15671e-06 0
4.3401e-06 0
4.53158e-06 0
4.73151e-06 0
4.94026e-06 0
5.15822e-06 0
5.3858e-06 0
5.62341e-06 0
5.87151e-06 0
6.13056e-06 0
6.40103e-06 0
6.68344e-06 0
6.97831e-06 0
7.28618e-06 0
7.60764e-06 0
7.94328e-06 0
8.29373e-06 0
8.65964e-06 0
9.0417e-06 0
9.44061e-06 0
9.85712e-06 0
1.0292e-05 0
1.07461e-05 0
1.12202e-05 0
1.17152e-05 0
1.22321e-05 0
1.27717e-05 0
1.33352e-05 0
1.39236e-05 0
1.45378e-05 0
1.51792e-05 0
1.58489e-05 0
1.65482e-05 0
1.72783e-05 0
1.80406e-05 0
1.88365e-05 0
1.96675e-05 0
2.05353e-05 0
2.14412e-05 0
2.23872e-05 0
2.33749e-05 0
2.44062e-05 0
2.5483e-05 0
2.66073e-05 0
2.77811e-05 0
2.90068e-05 0
3.02866e-05 0
3.16228e-05 0
3.30179e-05 0
3.44747e-05 0
3.59956e-05 0
3.75837e-05 0
3.92419e-05 0
4.09732e-05 0
4.27809e-05 0
4.46684e-05 0
4.66391e-05 0
4.86968e-05 0
5.08452e-05 0
5.30884e-05 0
5.54307e-05 0
5.78762e-05 0
6.04296e-05 0
6.30957e-05 0
6.58795e-05 0
6.8786e-05 0
7.18208e-05 0
7.49894e-05 0
7.82979e-05 0
8.17523e-05 0
8.53591e-05 0
8.91251e-05 0
9.30572e-05 0
9.71628e-05 0
0.00010145 0
0.000105925 0
0.000110599 0
0.000115478 0
0.000120573 0
0.000125893 0
0.000131447 0
0.000137246 0
0.000143301 0
0.000149624 0
0.000156225 0
0.000163117 0
0.000170314 0
0.000177828 0
0.000185674 0
0.000193865 0
0.000202418 0
0.000211349 0
0.000220673 0
0.000230409 0
0.000240575 0
0.000251189 0
0.000262271 0
0.000273842 0
0.000285924 0
0.000298538 0
0.000311709 0
0.000325462 0
0.000339821 0
0.000354813 0
0.000370467 0
0.000386812 0
0.000403878 0
0.000421697 0
0.000440301 0
0.000459727 0
0.00048001 0
0.000501187 0
0.000523299 0
0.000546387 0
0.000570493 0
0.000595662 0
0.000621942 0
0.000649382 0
0.000678032 0
0.000707946 0
0.00073918 0
0.000771792 0
0.000805842 0
0.000841395 0
0.000878517 0
0.000917276 0
0.000957745 0
0.001 0
0.00104412 0
0.00109018 0
0.00113828 0
0.0011885 0
0.00124094 0
0.00129569 0
0.00135285 0
0.00141254 0
0.00147486 0
0.00153993 0
0.00160787 0
0.0016788 0
0.00175287 0
0.00183021 0
0.00191095 0
0.00199526 0
0.00208329 0
0.0021752 0
0.00227117 0
0.00237137 0
0.002476 0
0.00258523 0
0.00269929 0
0.00281838 0
0.00294273 0
0.00307256 0
0.00320812 0
0.00334965 0
0.00349744 0
0.00365174 29.3669
0.00381285 0
0.00398107 0
0.00415671 0
0.0043401 0
0.00453158 156.732
0.00473151 117.066
0.00494026 0
0.00515822 0
0.0053858 0
0.00562341 0
0.00587151 0
0.00613056 0
0.00640103 0
0.00668344 71.1313
0.00697831 98.0617
0.00728618 102.18
0.00760764 0
0.00794328 0
0.00829373 0
0.00865964 85.371
0.0090417 0
0.00944061 0
0.00985712 119.369
0.010292 0
0.0107461 0
0.0112202 70.2008
0.0117152 0
0.0122321 52.2403
0.0127717 155.121
0.0133352 114.878
0.0139236 119.581
0.0145378 112.381
0.0151792 0
0.0158489 33.6222
0.0165482 53.6126
0.0172783 156.973
0.0180406 75.849
0.0188365 94.285
0.0196675 183.692
0.0205353 259.105
0.0214412 200.485
0.0223872 210.522
0.0233749 243.9
0.0244062 153.774
0.025483 71.2895
0.0266073 74.4924
0.0277811 441.313
0.0290068 192.181
0.0302866 275.794
0.0316228 381.616
0.0330179 367.564
0.0344747 38.7022
0.0359956 100.417
0.0375837 229.018
0.0392419 308.993
0.0409732 302.446
0.0427809 510.659
0.0446684 267.944
0.0466391 876.013
0.0486968 437.661
0.0508452 758.563
0.0530884 369.848
0.0554307 577.999
0.0578762 634.064
0.0604296 971.184
0.0630957 600.053
0.0658795 171.764
0.068786 980.265
0.0718208 485.543
0.0749894 745.978
0.0782979 836.727
0.0817523 493.309
0.0853591 1161.42
0.0891251 1328.54
0.0930572 689.009
0.0971628 730.493
0.10145 1496.93
0.105925 1538.5
0.110599 1223.82
0.115478 1141.78
0.120573 1539.47
0.125893 1235.97
0.131447 1527.58
0.137246 1137.21
0.143301 1439.25
0.149624 1099.23
0.156225 1620.54
0.163117 1496.24
0.170314 2497.97
0.177828 1341.17
0.185674 1337.7
0.193865 2086.37
0.202418 1819.93
0.211349 1673.46
0.220673 1342.89
0.230409 1127.1
0.240575 1978.09
0.251189 1801.97
0.262271 1463.35
0.273842 1083.29
0.285924 2132.55
0.298538 2097.13
0.311709 1764.02
0.325462 1501.78
0.339821 1789.77
0.354813 2054.49
0.370467 1921.44
0.386812 1934.61
0.403878 1890.94
0.421697 1809.62
0.440301 2380.07
0.459727 2391.9
0.48001 1868.93
0.501187 1460.96
0.523299 2075.67
0.546387 1635.54
0.570493 1685.4
0.595662 1594.66
0.621942 924.365
0.649382 1084
0.678032 1804.48
0.707946 1569.47
0.73918 1158.34
0.771792 1354.87
0.805842 1758.59
0.841395 1443.78
0.878517 1092.17
0.917276 1363.05
0.957745 1181.52
1 1282.91
1.04412 721.668
1.09018 1058.88
1.13828 895.025
1.1885 1091.38
1.24094 1010.35
1.29569 1255.21
1.35285 645.917
1.41254 442.112
1.47486 729.592
1.53993 816.921
1.60787 752.359
1.6788 446.264
1.75287 490.502
1.83021 471.259
1.91095 666.825
1.99526 740.69
2.08329 594.359
2.1752 870.923
2.27117 510.757
2.37137 628.161
2.476 197.386
2.58523 666.364
2.69929 225.653
2.81838 729.961
2.94273 242.033
3.07256 395.369
3.20812 1161.8
3.34965 213.41
3.49744 499.737
3.65174 480.158
3.81285 402.385
3.98107 749.733
4.15671 541.773
4.3401 0
4.53158 174.273
4.73151 270.941
4.94026 453.988
5.15822 495.752
5.3858 349.822
5.62341 340.847
5.87151 459.529
6.13056 76.6643
6.40103 419.445
6.68344 315.199
6.97831 167.887
7.28618 356.086
7.60764 314.794
7.94328 224.839
8.29373 143.36
8.65964 214.26
9.0417 174.727
9.44061 266.685
9.85712 224.457
10.292 302.256
10.7461 171.559
11.2202 46.7167
11.7152 111.396
12.2321 193.071
12.7717 117.138
13.3352 180.504
13.9236 0
14.5378 44.2682
15.1792 0
15.8489 111.431
16.5482 0
17.2783 444.899
18.0406 119.878
18.8365 123.304
19.6675 208.027
20.5353 104.937
21.4412 0
22.3872 108.07
23.3749 607.653
24.4062 81.4494
25.483 181.305
26.6073 127.287
27.7811 367.304
29.0068 97.2277
30.2866 247.088
31.6228 0
33.0179 170.675
34.4747 432.763
35.9956 49.7874
37.5837 100.874
39.2419 526.949
40.9732 592.218
42.7809 346.325
44.6684 261.51
46.6391 218.016
48.6968 400.836
50.8452 174.583
53.0884 77.0382
55.4307 614.553
57.8762 117.353
60.4296 151.606
63.0957 106.739
65.8795 356.153
68.786 339.232
71.8208 92.3327
74.9894 202.731
78.2979 0
81.7523 207.013
85.3591 217.998
89.1251 435.049
93.0572 405.456
97.1628 202.317
101.45 0
105.925 73.521
110.599 228.331
115.478 46.0288
120.573 182.999
125.893 184.714
131.447 17.5954
137.246 0
143.301 422.226
149.624 175.874
156.225 216.791
163.117 0
170.314 285.042
177.828 84.8827
185.674 198.161
193.865 0
202.418 94.1236
211.349 0
220.673 134.47
230.409 74.9661
240.575 192.827
251.189 83.8878
262.271 119.425
273.842 97.8125
285.924 125.899
298.538 112.584
311.709 86.0028
325.462 71.9162
339.821 0
354.813 0
370.467 0
386.812 0
403.878 0
421.697 0
440.301 0
459.727 0
480.01 0
501.187 0
523.299 0
546.387 0
570.493 0
595.662 0
621.942 0
649.382 0
678.032 0
707.946 0
739.18 0
771.792 0
805.842 0
841.395 0
878.517 0
917.276 0
957.745 0
1000 0
