# First line is two numbers 
#     First value is '2', it means 'histogram mode'
#     Second value is 'Emin' of the histogram
# Other lines : 2 columns. 1) energy 2) probability (nb divided by NbEvent)
# Number of bins = 480
# Content below the first bin: 0
# Content above the last  bin: 0
# Content above the last  bin: 0
# Number of events: 400000
2 1e-06
1.04412e-06 0
1.09018e-06 0
1.13828e-06 0
1.1885e-06 0
1.24094e-06 0
1.29569e-06 0
1.35285e-06 0
1.41254e-06 0
1.47486e-06 0
1.53993e-06 0
1.60787e-06 0
1.6788e-06 0
1.75287e-06 0
1.83021e-06 0
1.91095e-06 0
1.99526e-06 0
2.08329e-06 0
2.1752e-06 0
2.27117e-06 0
2.37137e-06 0
2.476e-06 0
2.58523e-06 0
2.69929e-06 0
2.81838e-06 0
2.94273e-06 0
3.07256e-06 0
3.20812e-06 0
3.34965e-06 0
3.49744e-06 0
3.65174e-06 0
3.81285e-06 0
3.98107e-06 0
4.15671e-06 0
4.3401e-06 0
4.53158e-06 0
4.73151e-06 0
4.94026e-06 0
5.15822e-06 0
5.3858e-06 0
5.62341e-06 0
5.87151e-06 0
6.13056e-06 0
6.40103e-06 0
6.68344e-06 0
6.97831e-06 0
7.28618e-06 0
7.60764e-06 0
7.94328e-06 0
8.29373e-06 0
8.65964e-06 0
9.0417e-06 0
9.44061e-06 0
9.85712e-06 0
1.0292e-05 0
1.07461e-05 0
1.12202e-05 0
1.17152e-05 0
1.22321e-05 0
1.27717e-05 0
1.33352e-05 0
1.39236e-05 0
1.45378e-05 0
1.51792e-05 0
1.58489e-05 0
1.65482e-05 0
1.72783e-05 0
1.80406e-05 0
1.88365e-05 0
1.96675e-05 0
2.05353e-05 0
2.14412e-05 0
2.23872e-05 0
2.33749e-05 0
2.44062e-05 0
2.5483e-05 0
2.66073e-05 0
2.77811e-05 0
2.90068e-05 0
3.02866e-05 0
3.16228e-05 0
3.30179e-05 0
3.44747e-05 0
3.59956e-05 0
3.75837e-05 0
3.92419e-05 0
4.09732e-05 0
4.27809e-05 0
4.46684e-05 0
4.66391e-05 0
4.86968e-05 0
5.08452e-05 0
5.30884e-05 0
5.54307e-05 0
5.78762e-05 0
6.04296e-05 0
6.30957e-05 0
6.58795e-05 0
6.8786e-05 0
7.18208e-05 0
7.49894e-05 0
7.82979e-05 0
8.17523e-05 0
8.53591e-05 0
8.91251e-05 0
9.30572e-05 0
9.71628e-05 0
0.00010145 0
0.000105925 0
0.000110599 0
0.000115478 0
0.000120573 0
0.000125893 0
0.000131447 0
0.000137246 0
0.000143301 0
0.000149624 0
0.000156225 0
0.000163117 0
0.000170314 0
0.000177828 0
0.000185674 0
0.000193865 0
0.000202418 0
0.000211349 0
0.000220673 0
0.000230409 0
0.000240575 0
0.000251189 0
0.000262271 0
0.000273842 0
0.000285924 0
0.000298538 0
0.000311709 0
0.000325462 0
0.000339821 0
0.000354813 0
0.000370467 0
0.000386812 0
0.000403878 0
0.000421697 0
0.000440301 0
0.000459727 60.17
0.00048001 0
0.000501187 0
0.000523299 0
0.000546387 0
0.000570493 0
0.000595662 0
0.000621942 0
0.000649382 0
0.000678032 0
0.000707946 0
0.00073918 0
0.000771792 0
0.000805842 0
0.000841395 0
0.000878517 0
0.000917276 0
0.000957745 0
0.001 0
0.00104412 65.9479
0.00109018 0
0.00113828 0
0.0011885 0
0.00124094 0
0.00129569 0
0.00135285 0
0.00141254 0
0.00147486 0
0.00153993 0
0.00160787 0
0.0016788 0
0.00175287 0
0.00183021 0
0.00191095 0
0.00199526 0
0.00208329 0
0.0021752 0
0.00227117 0
0.00237137 0
0.002476 0
0.00258523 0
0.00269929 0
0.00281838 0
0.00294273 0
0.00307256 0
0.00320812 0
0.00334965 0
0.00349744 0
0.00365174 0
0.00381285 0
0.00398107 0
0.00415671 0
0.0043401 0
0.00453158 0
0.00473151 0
0.00494026 0
0.00515822 0
0.0053858 0
0.00562341 0
0.00587151 0
0.00613056 0
0.00640103 0
0.00668344 0
0.00697831 0
0.00728618 0
0.00760764 0
0.00794328 0
0.00829373 0
0.00865964 0
0.0090417 0
0.00944061 0
0.00985712 0
0.010292 0
0.0107461 0
0.0112202 0
0.0117152 0
0.0122321 0
0.0127717 0
0.0133352 0
0.0139236 0
0.0145378 0
0.0151792 0
0.0158489 0
0.0165482 0
0.0172783 0
0.0180406 0
0.0188365 0
0.0196675 0
0.0205353 0
0.0214412 100.364
0.0223872 159.148
0.0233749 93.5551
0.0244062 46.121
0.025483 237.386
0.0266073 0
0.0277811 0
0.0290068 0
0.0302866 0
0.0316228 0
0.0330179 0
0.0344747 0
0.0359956 0
0.0375837 0
0.0392419 58.4506
0.0409732 0
0.0427809 0
0.0446684 0
0.0466391 0
0.0486968 98.467
0.0508452 0
0.0530884 0
0.0554307 53.4526
0.0578762 0
0.0604296 0
0.0630957 0
0.0658795 189.023
0.068786 0
0.0718208 118.594
0.0749894 282.89
0.0782979 175.919
0.0817523 198.106
0.0853591 117.712
0.0891251 0
0.0930572 0
0.0971628 0
0.10145 96.6248
0.105925 227.43
0.110599 0
0.115478 26.6983
0.120573 120.747
0.125893 209.936
0.131447 198.831
0.137246 212.534
0.143301 254.284
0.149624 261.194
0.156225 108.108
0.163117 119.873
0.170314 375.614
0.177828 454.094
0.185674 444.782
0.193865 35.0095
0.202418 180.919
0.211349 212.395
0.220673 295.901
0.230409 0
0.240575 157.064
0.251189 0
0.262271 407.073
0.273842 307.319
0.285924 295.735
0.298538 167.994
0.311709 909.878
0.325462 462.409
0.339821 620.349
0.354813 834.516
0.370467 361.278
0.386812 512.288
0.403878 137.937
0.421697 692.704
0.440301 358.587
0.459727 216.949
0.48001 729.572
0.501187 325.116
0.523299 351.586
0.546387 263.611
0.570493 325.434
0.595662 1308.75
0.621942 1382.2
0.649382 1205.59
0.678032 779.8
0.707946 995.319
0.73918 197.318
0.771792 456.729
0.805842 305.794
0.841395 618.991
0.878517 166.964
0.917276 1090.17
0.957745 864.06
1 658.901
1.04412 572.077
1.09018 327.374
1.13828 515.778
1.1885 710.257
1.24094 526.648
1.29569 167.734
1.35285 544.782
1.41254 295.853
1.47486 587.781
1.53993 369.302
1.60787 378.592
1.6788 453.442
1.75287 265.685
1.83021 630.799
1.91095 367.986
1.99526 391.037
2.08329 494.566
2.1752 260.632
2.27117 288.006
2.37137 275.535
2.476 241.992
2.58523 50.3254
2.69929 392.483
2.81838 279.086
2.94273 253.898
3.07256 95.9051
3.20812 229.103
3.34965 147.437
3.49744 455.705
3.65174 229.695
3.81285 64.9507
3.98107 112.719
4.15671 222.595
4.3401 389.801
4.53158 100.063
4.73151 219.161
4.94026 259.957
5.15822 394.101
5.3858 0
5.62341 154.358
5.87151 202.934
6.13056 218.286
6.40103 233.029
6.68344 28.2392
6.97831 210.821
7.28618 115.489
7.60764 60.0383
7.94328 222.396
8.29373 421.138
8.65964 0
9.0417 161.366
9.44061 117.329
9.85712 0
10.292 44.8562
10.7461 118.243
11.2202 152.782
11.7152 183.727
12.2321 69.6403
12.7717 124.387
13.3352 0
13.9236 0
14.5378 0
15.1792 88.3212
15.8489 205.248
16.5482 97.6126
17.2783 0
18.0406 0
18.8365 437.579
19.6675 0
20.5353 118.906
21.4412 323.497
22.3872 300.564
23.3749 395.694
24.4062 395.493
25.483 34.7141
26.6073 90.8722
27.7811 304.119
29.0068 221.129
30.2866 14.436
31.6228 156.814
33.0179 538.078
34.4747 320.661
35.9956 0
37.5837 242.277
39.2419 342.753
40.9732 318.618
42.7809 248.96
44.6684 109.968
46.6391 227.499
48.6968 371.898
50.8452 109.182
53.0884 170.827
55.4307 216.094
57.8762 321.165
60.4296 33.211
63.0957 301.653
65.8795 198.754
68.786 479.78
71.8208 458.312
74.9894 136.376
78.2979 306.063
81.7523 84.9556
85.3591 926.608
89.1251 354.538
93.0572 359.968
97.1628 334.675
101.45 0
105.925 454.354
110.599 215.905
115.478 108.276
120.573 325.117
125.893 280.312
131.447 573.523
137.246 400.032
143.301 328.32
149.624 716.62
156.225 517.751
163.117 381.789
170.314 174.115
177.828 194.786
185.674 294.934
193.865 2.14987
202.418 77.5954
211.349 230.179
220.673 118.187
230.409 178.639
240.575 119.87
251.189 196.852
262.271 41.2193
273.842 114.741
285.924 0
298.538 0
311.709 0
325.462 0
339.821 0
354.813 0
370.467 0
386.812 0
403.878 32.5208
421.697 0
440.301 0
459.727 0
480.01 0
501.187 0
523.299 0
546.387 0
570.493 0
595.662 0
621.942 0
649.382 0
678.032 0
707.946 0
739.18 0
771.792 0
805.842 0
841.395 0
878.517 0
917.276 0
957.745 0
1000 0
