# First line is two numbers 
#     First value is '2', it means 'histogram mode'
#     Second value is 'Emin' of the histogram
# Other lines : 2 columns. 1) energy 2) probability (nb divided by NbEvent)
# Number of bins = 480
# Content below the first bin: 0
# Content above the last  bin: 0
# Content above the last  bin: 0
# Number of events: 400000
2 1e-06
1.04412e-06 0
1.09018e-06 0
1.13828e-06 0
1.1885e-06 0
1.24094e-06 0
1.29569e-06 0
1.35285e-06 0
1.41254e-06 0
1.47486e-06 0
1.53993e-06 0
1.60787e-06 0
1.6788e-06 0
1.75287e-06 0
1.83021e-06 0
1.91095e-06 0
1.99526e-06 0
2.08329e-06 0
2.1752e-06 0
2.27117e-06 0
2.37137e-06 0
2.476e-06 0
2.58523e-06 0
2.69929e-06 0
2.81838e-06 0
2.94273e-06 0
3.07256e-06 0
3.20812e-06 0
3.34965e-06 0
3.49744e-06 0
3.65174e-06 0
3.81285e-06 0
3.98107e-06 0
4.15671e-06 0
4.3401e-06 0
4.53158e-06 0
4.73151e-06 0
4.94026e-06 0
5.15822e-06 0
5.3858e-06 0
5.62341e-06 0
5.87151e-06 0
6.13056e-06 0
6.40103e-06 0
6.68344e-06 0
6.97831e-06 0
7.28618e-06 0
7.60764e-06 0
7.94328e-06 0
8.29373e-06 0
8.65964e-06 0
9.0417e-06 0
9.44061e-06 0
9.85712e-06 0
1.0292e-05 0
1.07461e-05 0
1.12202e-05 0
1.17152e-05 0
1.22321e-05 0
1.27717e-05 0
1.33352e-05 0
1.39236e-05 0
1.45378e-05 0
1.51792e-05 0
1.58489e-05 0
1.65482e-05 0
1.72783e-05 0
1.80406e-05 0
1.88365e-05 0
1.96675e-05 0
2.05353e-05 0
2.14412e-05 0
2.23872e-05 0
2.33749e-05 0
2.44062e-05 0
2.5483e-05 0
2.66073e-05 0
2.77811e-05 0
2.90068e-05 0
3.02866e-05 0
3.16228e-05 0
3.30179e-05 0
3.44747e-05 0
3.59956e-05 0
3.75837e-05 0
3.92419e-05 0
4.09732e-05 0
4.27809e-05 0
4.46684e-05 0
4.66391e-05 0
4.86968e-05 0
5.08452e-05 0
5.30884e-05 0
5.54307e-05 0
5.78762e-05 0
6.04296e-05 0
6.30957e-05 0
6.58795e-05 0
6.8786e-05 0
7.18208e-05 0
7.49894e-05 0
7.82979e-05 0
8.17523e-05 0
8.53591e-05 0
8.91251e-05 0
9.30572e-05 0
9.71628e-05 0
0.00010145 0
0.000105925 0
0.000110599 0
0.000115478 0
0.000120573 0
0.000125893 0
0.000131447 0
0.000137246 0
0.000143301 0
0.000149624 0
0.000156225 0
0.000163117 0
0.000170314 0
0.000177828 0
0.000185674 0
0.000193865 0
0.000202418 0
0.000211349 0
0.000220673 0
0.000230409 0
0.000240575 0
0.000251189 0
0.000262271 0
0.000273842 0
0.000285924 0
0.000298538 0
0.000311709 0
0.000325462 0
0.000339821 0
0.000354813 0
0.000370467 0
0.000386812 0
0.000403878 0
0.000421697 0
0.000440301 0
0.000459727 0
0.00048001 0
0.000501187 0
0.000523299 0
0.000546387 0
0.000570493 0
0.000595662 0
0.000621942 0
0.000649382 0
0.000678032 0
0.000707946 0
0.00073918 0
0.000771792 0
0.000805842 0
0.000841395 0
0.000878517 0
0.000917276 0
0.000957745 0
0.001 0
0.00104412 0
0.00109018 0
0.00113828 0
0.0011885 0
0.00124094 0
0.00129569 0
0.00135285 0
0.00141254 0
0.00147486 0
0.00153993 0
0.00160787 0
0.0016788 0
0.00175287 0
0.00183021 0
0.00191095 0
0.00199526 0
0.00208329 0
0.0021752 0
0.00227117 0
0.00237137 0
0.002476 0
0.00258523 0
0.00269929 0
0.00281838 0
0.00294273 0
0.00307256 0
0.00320812 0
0.00334965 0
0.00349744 0
0.00365174 0
0.00381285 0
0.00398107 0
0.00415671 0
0.0043401 0
0.00453158 0
0.00473151 0
0.00494026 0
0.00515822 0
0.0053858 0
0.00562341 0
0.00587151 0
0.00613056 0
0.00640103 0
0.00668344 0
0.00697831 0
0.00728618 0
0.00760764 0
0.00794328 0
0.00829373 0
0.00865964 0
0.0090417 0
0.00944061 0
0.00985712 0
0.010292 0
0.0107461 0
0.0112202 0
0.0117152 107.337
0.0122321 0
0.0127717 0
0.0133352 0
0.0139236 0
0.0145378 0
0.0151792 0
0.0158489 0
0.0165482 0
0.0172783 0
0.0180406 0
0.0188365 0
0.0196675 64.4195
0.0205353 0
0.0214412 0
0.0223872 0
0.0233749 0
0.0244062 144.962
0.025483 192.076
0.0266073 174.488
0.0277811 0
0.0290068 0
0.0302866 0
0.0316228 0
0.0330179 0
0.0344747 0
0.0359956 0
0.0375837 0
0.0392419 0
0.0409732 0
0.0427809 0
0.0446684 0
0.0466391 0
0.0486968 0
0.0508452 0
0.0530884 0
0.0554307 0
0.0578762 81.7581
0.0604296 0
0.0630957 0
0.0658795 26.4412
0.068786 79.8187
0.0718208 136.73
0.0749894 0
0.0782979 0
0.0817523 68.4888
0.0853591 191.753
0.0891251 0
0.0930572 80.1973
0.0971628 115.755
0.10145 110.414
0.105925 0
0.110599 82.5075
0.115478 225.112
0.120573 170.588
0.125893 207.992
0.131447 241.574
0.137246 281.431
0.143301 228.41
0.149624 0
0.156225 115.592
0.163117 0
0.170314 326.865
0.177828 152.06
0.185674 324.928
0.193865 0
0.202418 80.2819
0.211349 200.039
0.220673 237.366
0.230409 0
0.240575 95.2343
0.251189 515.737
0.262271 262.577
0.273842 451.012
0.285924 314.728
0.298538 319.285
0.311709 1143.3
0.325462 380.426
0.339821 268.977
0.354813 824.815
0.370467 302.412
0.386812 674.054
0.403878 29.6529
0.421697 131.056
0.440301 300.367
0.459727 182.394
0.48001 684.205
0.501187 621.798
0.523299 427.897
0.546387 381.382
0.570493 349.187
0.595662 661.649
0.621942 1014.64
0.649382 1232.19
0.678032 810.225
0.707946 1173.72
0.73918 623.951
0.771792 412.427
0.805842 888.604
0.841395 450.556
0.878517 358.261
0.917276 236.946
0.957745 593.939
1 1314.04
1.04412 474.472
1.09018 427.976
1.13828 634.666
1.1885 793.225
1.24094 973.385
1.29569 368.068
1.35285 522.013
1.41254 473.048
1.47486 737.795
1.53993 0
1.60787 596.142
1.6788 272.44
1.75287 737.273
1.83021 477.74
1.91095 293.889
1.99526 546.95
2.08329 110.204
2.1752 106.211
2.27117 367.037
2.37137 329.514
2.476 288.964
2.58523 121.599
2.69929 396.444
2.81838 493.497
2.94273 0
3.07256 262.909
3.20812 519.353
3.34965 262.948
3.49744 379.181
3.65174 63.4139
3.81285 233.697
3.98107 435.12
4.15671 235.759
4.3401 233.559
4.53158 441.382
4.73151 366.285
4.94026 179.016
5.15822 73.4599
5.3858 91.4376
5.62341 88.7419
5.87151 0
6.13056 393.127
6.40103 0
6.68344 0
6.97831 0
7.28618 289.776
7.60764 0
7.94328 0
8.29373 154.222
8.65964 0
9.0417 102.462
9.44061 182.538
9.85712 228.072
10.292 227.914
10.7461 0
11.2202 126.181
11.7152 109.19
12.2321 0
12.7717 0
13.3352 0
13.9236 108.541
14.5378 58.8438
15.1792 224.712
15.8489 311.646
16.5482 116.078
17.2783 0
18.0406 0
18.8365 59.5635
19.6675 262.666
20.5353 307.132
21.4412 119.561
22.3872 113.214
23.3749 172.164
24.4062 148.293
25.483 106.861
26.6073 216.737
27.7811 111.391
29.0068 308.965
30.2866 403.76
31.6228 241.766
33.0179 149.413
34.4747 372.028
35.9956 408.003
37.5837 268.627
39.2419 105.743
40.9732 168.653
42.7809 276.425
44.6684 308.936
46.6391 202.892
48.6968 237.013
50.8452 104.696
53.0884 111.142
55.4307 216.091
57.8762 520.371
60.4296 191.902
63.0957 60.247
65.8795 293.345
68.786 101.503
71.8208 412.782
74.9894 279.924
78.2979 114.018
81.7523 205.52
85.3591 284.163
89.1251 149.096
93.0572 465.538
97.1628 305.859
101.45 325.54
105.925 295.069
110.599 110.458
115.478 321.611
120.573 242.541
125.893 236.364
131.447 453.303
137.246 378.65
143.301 113.073
149.624 0
156.225 76.3843
163.117 414.112
170.314 274.496
177.828 220.31
185.674 93.379
193.865 361.597
202.418 188.161
211.349 438.027
220.673 0
230.409 205.688
240.575 203.941
251.189 191.632
262.271 0
273.842 0
285.924 0
298.538 131.517
311.709 32.3357
325.462 99.9025
339.821 0
354.813 0
370.467 0
386.812 0
403.878 0
421.697 0
440.301 0
459.727 0
480.01 0
501.187 0
523.299 0
546.387 0
570.493 0
595.662 0
621.942 0
649.382 0
678.032 0
707.946 0
739.18 0
771.792 0
805.842 0
841.395 0
878.517 0
917.276 0
957.745 0
1000 0
