# First line is two numbers 
#     First value is '2', it means 'histogram mode'
#     Second value is 'Emin' of the histogram
# Other lines : 2 columns. 1) energy 2) probability (nb divided by NbEvent)
# Number of bins = 480
# Content below the first bin: 0
# Content above the last  bin: 0
# Content above the last  bin: 0
# Number of events: 209000
2 1e-06
1.04412e-06 0
1.09018e-06 0
1.13828e-06 0
1.1885e-06 0
1.24094e-06 0
1.29569e-06 0
1.35285e-06 0
1.41254e-06 0
1.47486e-06 0
1.53993e-06 0
1.60787e-06 0
1.6788e-06 0
1.75287e-06 0
1.83021e-06 0
1.91095e-06 0
1.99526e-06 0
2.08329e-06 0
2.1752e-06 0
2.27117e-06 0
2.37137e-06 0
2.476e-06 0
2.58523e-06 0
2.69929e-06 0
2.81838e-06 0
2.94273e-06 0
3.07256e-06 0
3.20812e-06 0
3.34965e-06 0
3.49744e-06 0
3.65174e-06 0
3.81285e-06 0
3.98107e-06 0
4.15671e-06 0
4.3401e-06 0
4.53158e-06 0
4.73151e-06 0
4.94026e-06 0
5.15822e-06 0
5.3858e-06 0
5.62341e-06 0
5.87151e-06 0
6.13056e-06 0
6.40103e-06 0
6.68344e-06 0
6.97831e-06 0
7.28618e-06 0
7.60764e-06 0
7.94328e-06 0
8.29373e-06 0
8.65964e-06 0
9.0417e-06 0
9.44061e-06 0
9.85712e-06 0
1.0292e-05 0
1.07461e-05 0
1.12202e-05 0
1.17152e-05 0
1.22321e-05 0
1.27717e-05 0
1.33352e-05 0
1.39236e-05 0
1.45378e-05 0
1.51792e-05 0
1.58489e-05 0
1.65482e-05 0
1.72783e-05 0
1.80406e-05 0
1.88365e-05 0
1.96675e-05 0
2.05353e-05 0
2.14412e-05 0
2.23872e-05 0
2.33749e-05 0
2.44062e-05 0
2.5483e-05 0
2.66073e-05 0
2.77811e-05 0
2.90068e-05 0
3.02866e-05 0
3.16228e-05 0
3.30179e-05 0
3.44747e-05 0
3.59956e-05 0
3.75837e-05 0
3.92419e-05 0
4.09732e-05 0
4.27809e-05 0
4.46684e-05 0
4.66391e-05 0
4.86968e-05 0
5.08452e-05 0
5.30884e-05 0
5.54307e-05 0
5.78762e-05 0
6.04296e-05 0
6.30957e-05 0
6.58795e-05 0
6.8786e-05 0
7.18208e-05 0
7.49894e-05 0
7.82979e-05 0
8.17523e-05 0
8.53591e-05 0
8.91251e-05 0
9.30572e-05 0
9.71628e-05 0
0.00010145 0
0.000105925 0
0.000110599 0
0.000115478 0
0.000120573 0
0.000125893 0
0.000131447 0
0.000137246 0
0.000143301 0
0.000149624 0
0.000156225 0
0.000163117 0
0.000170314 0
0.000177828 0
0.000185674 0
0.000193865 0
0.000202418 0
0.000211349 0
0.000220673 0
0.000230409 0
0.000240575 0
0.000251189 0
0.000262271 0
0.000273842 0
0.000285924 0
0.000298538 0
0.000311709 0
0.000325462 0
0.000339821 0
0.000354813 0
0.000370467 0
0.000386812 0
0.000403878 0
0.000421697 0
0.000440301 0
0.000459727 0
0.00048001 0
0.000501187 0
0.000523299 0
0.000546387 0
0.000570493 0
0.000595662 0
0.000621942 0
0.000649382 0
0.000678032 0
0.000707946 0
0.00073918 0
0.000771792 0
0.000805842 0
0.000841395 0
0.000878517 0
0.000917276 0
0.000957745 81.6193
0.001 0
0.00104412 0
0.00109018 0
0.00113828 0
0.0011885 0
0.00124094 0
0.00129569 0
0.00135285 0
0.00141254 9.64969
0.00147486 108.208
0.00153993 0
0.00160787 0
0.0016788 103.879
0.00175287 0
0.00183021 0
0.00191095 0
0.00199526 0
0.00208329 0
0.0021752 0
0.00227117 0
0.00237137 72.5993
0.002476 0
0.00258523 0
0.00269929 0
0.00281838 86.8059
0.00294273 0
0.00307256 53.1226
0.00320812 0
0.00334965 107.115
0.00349744 0
0.00365174 0
0.00381285 0
0.00398107 0
0.00415671 52.7798
0.0043401 62.6868
0.00453158 0
0.00473151 0
0.00494026 71.2403
0.00515822 0
0.0053858 33.4316
0.00562341 0
0.00587151 117.726
0.00613056 0
0.00640103 101.303
0.00668344 0
0.00697831 46.9419
0.00728618 35.5335
0.00760764 62.4303
0.00794328 0
0.00829373 298.799
0.00865964 89.5895
0.0090417 161.781
0.00944061 81.1164
0.00985712 105.204
0.010292 245.071
0.0107461 269.799
0.0112202 241.516
0.0117152 508.928
0.0122321 200.277
0.0127717 116.531
0.0133352 401.257
0.0139236 370.843
0.0145378 168.956
0.0151792 157.778
0.0158489 136.199
0.0165482 480.809
0.0172783 356.838
0.0180406 686.214
0.0188365 213.681
0.0196675 322.428
0.0205353 432.334
0.0214412 289.499
0.0223872 1024.51
0.0233749 860.608
0.0244062 635.988
0.025483 402.835
0.0266073 862.964
0.0277811 559.721
0.0290068 1229.2
0.0302866 908.33
0.0316228 1124.28
0.0330179 955.844
0.0344747 864.675
0.0359956 824.083
0.0375837 1147.89
0.0392419 1301.42
0.0409732 1132.38
0.0427809 1222.71
0.0446684 1440.29
0.0466391 1568.2
0.0486968 1711.06
0.0508452 1916.9
0.0530884 1286.39
0.0554307 1427.72
0.0578762 1741.87
0.0604296 2471.68
0.0630957 3139.89
0.0658795 1909.64
0.068786 3202.55
0.0718208 3567.78
0.0749894 3611.38
0.0782979 3517.52
0.0817523 2738.34
0.0853591 2842.55
0.0891251 2775.22
0.0930572 3933.47
0.0971628 4481.57
0.10145 5094.39
0.105925 4431.71
0.110599 4253.41
0.115478 4771.56
0.120573 3052.47
0.125893 3892.39
0.131447 4317.94
0.137246 2728.19
0.143301 4736.97
0.149624 4230.53
0.156225 6088.67
0.163117 4782.35
0.170314 6185.95
0.177828 5748.72
0.185674 4796.45
0.193865 6830.17
0.202418 6707.05
0.211349 5340.39
0.220673 5223
0.230409 6575.52
0.240575 5231.62
0.251189 6608.78
0.262271 6154.35
0.273842 8187.81
0.285924 6851.16
0.298538 5600.2
0.311709 7879.43
0.325462 6041.71
0.339821 6854.75
0.354813 6426.58
0.370467 5932.52
0.386812 5987.69
0.403878 8127.63
0.421697 6949.82
0.440301 6793.12
0.459727 7469.25
0.48001 7394.29
0.501187 7206.82
0.523299 6636.89
0.546387 8183.25
0.570493 6715.57
0.595662 5529.07
0.621942 6936.86
0.649382 5856.84
0.678032 5845.88
0.707946 5740.99
0.73918 5200.94
0.771792 5435.27
0.805842 4682.82
0.841395 5620.39
0.878517 5823.32
0.917276 4933.28
0.957745 5186.92
1 3355.95
1.04412 3579.69
1.09018 4138.63
1.13828 4125.66
1.1885 3967.36
1.24094 3017.86
1.29569 4114.6
1.35285 2166.92
1.41254 3466.7
1.47486 2571.37
1.53993 1661.07
1.60787 2219.45
1.6788 2299.23
1.75287 2624.42
1.83021 2326.93
1.91095 2916.9
1.99526 2023.81
2.08329 2290.28
2.1752 2796.38
2.27117 1908.52
2.37137 1649.13
2.476 2066.78
2.58523 2635.91
2.69929 1188.43
2.81838 2779.05
2.94273 2270.75
3.07256 1091.65
3.20812 1666.57
3.34965 1186.03
3.49744 1330.92
3.65174 1557.91
3.81285 1602.81
3.98107 972.72
4.15671 1617.34
4.3401 1421.34
4.53158 1343.82
4.73151 1002.28
4.94026 827.258
5.15822 670.551
5.3858 1047.56
5.62341 1650.04
5.87151 1247.85
6.13056 1020.57
6.40103 594.804
6.68344 932.467
6.97831 1118.77
7.28618 1003.12
7.60764 306.974
7.94328 650.56
8.29373 537.141
8.65964 916.309
9.0417 969.405
9.44061 488.197
9.85712 1084.77
10.292 901.061
10.7461 1126.46
11.2202 523.312
11.7152 409.482
12.2321 1175.67
12.7717 766.01
13.3352 759.554
13.9236 1186.41
14.5378 785.066
15.1792 1298.83
15.8489 1028.46
16.5482 817.479
17.2783 790.73
18.0406 427.822
18.8365 366.501
19.6675 87.5929
20.5353 451.296
21.4412 885.556
22.3872 818.924
23.3749 652.653
24.4062 543.667
25.483 425.976
26.6073 1036.35
27.7811 208.045
29.0068 868.47
30.2866 750.931
31.6228 1289.4
33.0179 791.442
34.4747 993.947
35.9956 926.261
37.5837 932.881
39.2419 1514.76
40.9732 1145.12
42.7809 618.826
44.6684 1067.04
46.6391 530.521
48.6968 1054.84
50.8452 1458.5
53.0884 1148.96
55.4307 1215.21
57.8762 1100.24
60.4296 1467.52
63.0957 1094.59
65.8795 719.626
68.786 1259.44
71.8208 1122.68
74.9894 1820.19
78.2979 1760.81
81.7523 1249.52
85.3591 1128.55
89.1251 1493.78
93.0572 2196.8
97.1628 1388.12
101.45 1678.04
105.925 2368.13
110.599 1488.41
115.478 998.504
120.573 1075.8
125.893 2155.03
131.447 1504.33
137.246 1980.59
143.301 2960.64
149.624 2106.25
156.225 2374.71
163.117 2010.75
170.314 2169.53
177.828 2060.69
185.674 1428.88
193.865 2128.63
202.418 3030.55
211.349 2054.5
220.673 2660.71
230.409 2474.04
240.575 1724.05
251.189 2281.61
262.271 1676.49
273.842 1825.25
285.924 1435.32
298.538 1964.82
311.709 1031.91
325.462 1416.47
339.821 997.601
354.813 593.723
370.467 475.139
386.812 352.428
403.878 307.094
421.697 506.43
440.301 286.572
459.727 283.83
480.01 0
501.187 187.145
523.299 84.7179
546.387 144.337
570.493 201.822
595.662 0
621.942 67.086
649.382 206.987
678.032 72.3052
707.946 31.5171
739.18 0
771.792 0
805.842 232.386
841.395 0
878.517 0
917.276 0
957.745 0
1000 0
