# First line is two numbers 
#     First value is '2', it means 'histogram mode'
#     Second value is 'Emin' of the histogram
# Other lines : 2 columns. 1) energy 2) probability (nb divided by NbEvent)
# Number of bins = 480
# Content below the first bin: 0
# Content above the last  bin: 1
# Content above the last  bin: 1
# Number of events: 209000
2 1e-06
1.04412e-06 0
1.09018e-06 0
1.13828e-06 0
1.1885e-06 0
1.24094e-06 0
1.29569e-06 0
1.35285e-06 0
1.41254e-06 0
1.47486e-06 0
1.53993e-06 0
1.60787e-06 0
1.6788e-06 0
1.75287e-06 0
1.83021e-06 0
1.91095e-06 0
1.99526e-06 0
2.08329e-06 0
2.1752e-06 0
2.27117e-06 0
2.37137e-06 0
2.476e-06 0
2.58523e-06 0
2.69929e-06 0
2.81838e-06 0
2.94273e-06 0
3.07256e-06 0
3.20812e-06 0
3.34965e-06 0
3.49744e-06 0
3.65174e-06 0
3.81285e-06 0
3.98107e-06 0
4.15671e-06 0
4.3401e-06 0
4.53158e-06 0
4.73151e-06 0
4.94026e-06 0
5.15822e-06 0
5.3858e-06 0
5.62341e-06 0
5.87151e-06 0
6.13056e-06 0
6.40103e-06 0
6.68344e-06 0
6.97831e-06 0
7.28618e-06 0
7.60764e-06 0
7.94328e-06 0
8.29373e-06 0
8.65964e-06 0
9.0417e-06 0
9.44061e-06 0
9.85712e-06 0
1.0292e-05 0
1.07461e-05 0
1.12202e-05 0
1.17152e-05 0
1.22321e-05 0
1.27717e-05 0
1.33352e-05 0
1.39236e-05 0
1.45378e-05 0
1.51792e-05 0
1.58489e-05 0
1.65482e-05 0
1.72783e-05 0
1.80406e-05 0
1.88365e-05 0
1.96675e-05 0
2.05353e-05 0
2.14412e-05 0
2.23872e-05 0
2.33749e-05 0
2.44062e-05 0
2.5483e-05 0
2.66073e-05 0
2.77811e-05 0
2.90068e-05 0
3.02866e-05 0
3.16228e-05 0
3.30179e-05 0
3.44747e-05 0
3.59956e-05 0
3.75837e-05 0
3.92419e-05 0
4.09732e-05 0
4.27809e-05 0
4.46684e-05 0
4.66391e-05 0
4.86968e-05 0
5.08452e-05 0
5.30884e-05 0
5.54307e-05 0
5.78762e-05 0
6.04296e-05 0
6.30957e-05 0
6.58795e-05 0
6.8786e-05 0
7.18208e-05 0
7.49894e-05 0
7.82979e-05 0
8.17523e-05 0
8.53591e-05 0
8.91251e-05 0
9.30572e-05 0
9.71628e-05 0
0.00010145 0
0.000105925 0
0.000110599 0
0.000115478 0
0.000120573 0
0.000125893 0
0.000131447 0
0.000137246 0
0.000143301 0
0.000149624 0
0.000156225 0
0.000163117 0
0.000170314 0
0.000177828 0
0.000185674 0
0.000193865 0
0.000202418 0
0.000211349 0
0.000220673 0
0.000230409 0
0.000240575 0
0.000251189 0
0.000262271 0
0.000273842 0
0.000285924 0
0.000298538 0
0.000311709 0
0.000325462 0
0.000339821 0
0.000354813 0
0.000370467 0
0.000386812 0
0.000403878 0
0.000421697 0
0.000440301 0
0.000459727 0
0.00048001 0
0.000501187 0
0.000523299 0
0.000546387 0
0.000570493 0
0.000595662 1
0.000621942 0
0.000649382 0
0.000678032 1
0.000707946 0
0.00073918 0
0.000771792 0
0.000805842 0
0.000841395 0
0.000878517 0
0.000917276 0
0.000957745 0
0.001 0
0.00104412 0
0.00109018 0
0.00113828 0
0.0011885 0
0.00124094 0
0.00129569 0
0.00135285 0
0.00141254 0
0.00147486 0
0.00153993 0
0.00160787 0
0.0016788 0
0.00175287 1
0.00183021 0
0.00191095 0
0.00199526 0
0.00208329 1
0.0021752 0
0.00227117 0
0.00237137 0
0.002476 0
0.00258523 0
0.00269929 0
0.00281838 0
0.00294273 0
0.00307256 0
0.00320812 0
0.00334965 0
0.00349744 1
0.00365174 0
0.00381285 1
0.00398107 0
0.00415671 1
0.0043401 0
0.00453158 1
0.00473151 0
0.00494026 0
0.00515822 0
0.0053858 1
0.00562341 2
0.00587151 1
0.00613056 1
0.00640103 1
0.00668344 1
0.00697831 2
0.00728618 1
0.00760764 0
0.00794328 3
0.00829373 1
0.00865964 2
0.0090417 2
0.00944061 1
0.00985712 1
0.010292 5
0.0107461 2
0.0112202 1
0.0117152 1
0.0122321 4
0.0127717 9
0.0133352 1
0.0139236 3
0.0145378 8
0.0151792 5
0.0158489 5
0.0165482 2
0.0172783 9
0.0180406 9
0.0188365 7
0.0196675 8
0.0205353 6
0.0214412 8
0.0223872 7
0.0233749 9
0.0244062 7
0.025483 19
0.0266073 14
0.0277811 18
0.0290068 15
0.0302866 17
0.0316228 18
0.0330179 24
0.0344747 17
0.0359956 19
0.0375837 19
0.0392419 17
0.0409732 25
0.0427809 27
0.0446684 30
0.0466391 44
0.0486968 28
0.0508452 40
0.0530884 32
0.0554307 44
0.0578762 36
0.0604296 39
0.0630957 38
0.0658795 39
0.068786 43
0.0718208 44
0.0749894 41
0.0782979 55
0.0817523 59
0.0853591 63
0.0891251 60
0.0930572 58
0.0971628 51
0.10145 67
0.105925 71
0.110599 55
0.115478 83
0.120573 63
0.125893 74
0.131447 93
0.137246 62
0.143301 84
0.149624 78
0.156225 79
0.163117 82
0.170314 88
0.177828 81
0.185674 90
0.193865 81
0.202418 83
0.211349 88
0.220673 109
0.230409 104
0.240575 96
0.251189 103
0.262271 89
0.273842 101
0.285924 107
0.298538 107
0.311709 96
0.325462 85
0.339821 107
0.354813 115
0.370467 100
0.386812 94
0.403878 106
0.421697 139
0.440301 98
0.459727 111
0.48001 111
0.501187 85
0.523299 108
0.546387 95
0.570493 89
0.595662 92
0.621942 102
0.649382 108
0.678032 102
0.707946 76
0.73918 76
0.771792 111
0.805842 86
0.841395 97
0.878517 95
0.917276 57
0.957745 64
1 73
1.04412 69
1.09018 49
1.13828 62
1.1885 47
1.24094 46
1.29569 38
1.35285 50
1.41254 36
1.47486 38
1.53993 40
1.60787 36
1.6788 37
1.75287 40
1.83021 36
1.91095 31
1.99526 29
2.08329 33
2.1752 35
2.27117 37
2.37137 37
2.476 22
2.58523 19
2.69929 24
2.81838 14
2.94273 23
3.07256 18
3.20812 26
3.34965 22
3.49744 13
3.65174 20
3.81285 22
3.98107 28
4.15671 22
4.3401 16
4.53158 14
4.73151 12
4.94026 15
5.15822 17
5.3858 13
5.62341 10
5.87151 19
6.13056 14
6.40103 13
6.68344 10
6.97831 15
7.28618 16
7.60764 13
7.94328 9
8.29373 8
8.65964 7
9.0417 11
9.44061 8
9.85712 10
10.292 7
10.7461 9
11.2202 9
11.7152 6
12.2321 8
12.7717 6
13.3352 15
13.9236 8
14.5378 10
15.1792 6
15.8489 7
16.5482 9
17.2783 12
18.0406 10
18.8365 14
19.6675 13
20.5353 9
21.4412 14
22.3872 2
23.3749 12
24.4062 9
25.483 13
26.6073 9
27.7811 11
29.0068 10
30.2866 15
31.6228 12
33.0179 4
34.4747 12
35.9956 13
37.5837 12
39.2419 10
40.9732 18
42.7809 7
44.6684 20
46.6391 13
48.6968 15
50.8452 12
53.0884 23
55.4307 16
57.8762 13
60.4296 19
63.0957 22
65.8795 20
68.786 17
71.8208 18
74.9894 14
78.2979 20
81.7523 22
85.3591 18
89.1251 20
93.0572 16
97.1628 17
101.45 26
105.925 20
110.599 28
115.478 15
120.573 23
125.893 17
131.447 20
137.246 25
143.301 26
149.624 31
156.225 26
163.117 21
170.314 24
177.828 22
185.674 25
193.865 26
202.418 37
211.349 27
220.673 25
230.409 28
240.575 32
251.189 32
262.271 22
273.842 29
285.924 21
298.538 29
311.709 21
325.462 25
339.821 21
354.813 24
370.467 15
386.812 25
403.878 19
421.697 16
440.301 6
459.727 11
480.01 5
501.187 1
523.299 8
546.387 5
570.493 2
595.662 4
621.942 2
649.382 2
678.032 1
707.946 3
739.18 1
771.792 1
805.842 1
841.395 1
878.517 0
917.276 1
957.745 0
1000 0
