# First line is two numbers 
#     First value is '2', it means 'histogram mode'
#     Second value is 'Emin' of the histogram
# Other lines : 2 columns. 1) energy 2) probability (nb divided by NbEvent)
# Number of bins = 480
# Content below the first bin: 0
# Content above the last  bin: 0
# Content above the last  bin: 0
# Number of events: 209000
2 1e-06
1.04412e-06 0
1.09018e-06 0
1.13828e-06 0
1.1885e-06 0
1.24094e-06 0
1.29569e-06 0
1.35285e-06 0
1.41254e-06 0
1.47486e-06 0
1.53993e-06 0
1.60787e-06 0
1.6788e-06 0
1.75287e-06 0
1.83021e-06 0
1.91095e-06 0
1.99526e-06 0
2.08329e-06 0
2.1752e-06 0
2.27117e-06 0
2.37137e-06 0
2.476e-06 0
2.58523e-06 0
2.69929e-06 0
2.81838e-06 0
2.94273e-06 0
3.07256e-06 0
3.20812e-06 0
3.34965e-06 0
3.49744e-06 0
3.65174e-06 0
3.81285e-06 0
3.98107e-06 0
4.15671e-06 0
4.3401e-06 0
4.53158e-06 0
4.73151e-06 0
4.94026e-06 0
5.15822e-06 0
5.3858e-06 0
5.62341e-06 0
5.87151e-06 0
6.13056e-06 0
6.40103e-06 0
6.68344e-06 0
6.97831e-06 0
7.28618e-06 0
7.60764e-06 0
7.94328e-06 0
8.29373e-06 0
8.65964e-06 0
9.0417e-06 0
9.44061e-06 0
9.85712e-06 0
1.0292e-05 0
1.07461e-05 0
1.12202e-05 0
1.17152e-05 0
1.22321e-05 0
1.27717e-05 0
1.33352e-05 0
1.39236e-05 0
1.45378e-05 0
1.51792e-05 0
1.58489e-05 0
1.65482e-05 0
1.72783e-05 0
1.80406e-05 0
1.88365e-05 0
1.96675e-05 0
2.05353e-05 0
2.14412e-05 0
2.23872e-05 0
2.33749e-05 0
2.44062e-05 0
2.5483e-05 0
2.66073e-05 0
2.77811e-05 0
2.90068e-05 0
3.02866e-05 0
3.16228e-05 0
3.30179e-05 0
3.44747e-05 0
3.59956e-05 0
3.75837e-05 0
3.92419e-05 0
4.09732e-05 0
4.27809e-05 0
4.46684e-05 0
4.66391e-05 0
4.86968e-05 0
5.08452e-05 0
5.30884e-05 0
5.54307e-05 0
5.78762e-05 0
6.04296e-05 0
6.30957e-05 0
6.58795e-05 0
6.8786e-05 0
7.18208e-05 0
7.49894e-05 0
7.82979e-05 0
8.17523e-05 0
8.53591e-05 0
8.91251e-05 0
9.30572e-05 0
9.71628e-05 0
0.00010145 0
0.000105925 0
0.000110599 0
0.000115478 0
0.000120573 0
0.000125893 0
0.000131447 0
0.000137246 0
0.000143301 0
0.000149624 0
0.000156225 0
0.000163117 0
0.000170314 0
0.000177828 0
0.000185674 0
0.000193865 0
0.000202418 0
0.000211349 0
0.000220673 0
0.000230409 0
0.000240575 0
0.000251189 0
0.000262271 0
0.000273842 0
0.000285924 0
0.000298538 0
0.000311709 0
0.000325462 0
0.000339821 0
0.000354813 0
0.000370467 0
0.000386812 0
0.000403878 0
0.000421697 0
0.000440301 0
0.000459727 0
0.00048001 0
0.000501187 0
0.000523299 0
0.000546387 0
0.000570493 0
0.000595662 0
0.000621942 0
0.000649382 0
0.000678032 0
0.000707946 0
0.00073918 0
0.000771792 0
0.000805842 0
0.000841395 0
0.000878517 0
0.000917276 0
0.000957745 0
0.001 0
0.00104412 0
0.00109018 0
0.00113828 0
0.0011885 0
0.00124094 0
0.00129569 0
0.00135285 0
0.00141254 0
0.00147486 0
0.00153993 0
0.00160787 0
0.0016788 33.4252
0.00175287 0
0.00183021 52.9513
0.00191095 0
0.00199526 0
0.00208329 0
0.0021752 0
0.00227117 0
0.00237137 0
0.002476 0
0.00258523 0
0.00269929 0
0.00281838 0
0.00294273 0
0.00307256 0
0.00320812 0
0.00334965 33.1463
0.00349744 66.4374
0.00365174 0
0.00381285 0
0.00398107 0
0.00415671 0
0.0043401 0
0.00453158 0
0.00473151 0
0.00494026 0
0.00515822 0
0.0053858 0
0.00562341 0
0.00587151 105.084
0.00613056 54.3058
0.00640103 57.615
0.00668344 36.5022
0.00697831 0
0.00728618 0
0.00760764 346.664
0.00794328 102.237
0.00829373 199.223
0.00865964 113.987
0.0090417 141.778
0.00944061 340.883
0.00985712 101.936
0.010292 491.471
0.0107461 269.032
0.0112202 260.502
0.0117152 516.709
0.0122321 316.018
0.0127717 327.327
0.0133352 220.715
0.0139236 159.234
0.0145378 486.757
0.0151792 322.468
0.0158489 314.816
0.0165482 624.237
0.0172783 387.237
0.0180406 601.555
0.0188365 586.236
0.0196675 529.792
0.0205353 789.36
0.0214412 296.25
0.0223872 651.594
0.0233749 1324.73
0.0244062 657.855
0.025483 408.89
0.0266073 1035.35
0.0277811 1896.72
0.0290068 1312.86
0.0302866 1248.79
0.0316228 1484.54
0.0330179 1238.2
0.0344747 1382.05
0.0359956 1537.13
0.0375837 1219.52
0.0392419 1934.22
0.0409732 1453.24
0.0427809 2353.37
0.0446684 2777.65
0.0466391 2180.96
0.0486968 2940.8
0.0508452 3049.31
0.0530884 3752.72
0.0554307 2362.93
0.0578762 2478.72
0.0604296 2975.51
0.0630957 3568.41
0.0658795 3976.83
0.068786 3842.42
0.0718208 4010.55
0.0749894 4387.69
0.0782979 4814.11
0.0817523 4536.05
0.0853591 3639.24
0.0891251 5749.14
0.0930572 4524.8
0.0971628 5374.89
0.10145 4654.54
0.105925 5226.49
0.110599 5373.37
0.115478 6313.73
0.120573 6902.16
0.125893 6172.39
0.131447 6499.53
0.137246 5892.54
0.143301 6399.46
0.149624 7816.83
0.156225 6514.1
0.163117 7390.17
0.170314 6903.07
0.177828 5470.93
0.185674 6849.78
0.193865 6721.66
0.202418 6361.01
0.211349 7946.75
0.220673 6316.5
0.230409 8936.95
0.240575 8162.45
0.251189 7319.59
0.262271 9185.65
0.273842 8372.85
0.285924 7795.54
0.298538 8893.12
0.311709 8288.74
0.325462 6996.34
0.339821 8464.82
0.354813 8210.98
0.370467 8531.95
0.386812 9423.71
0.403878 8023.07
0.421697 6892.04
0.440301 8066.47
0.459727 8642.25
0.48001 9939.34
0.501187 9063.08
0.523299 6994.1
0.546387 7368.29
0.570493 7455.45
0.595662 7382.74
0.621942 10036.7
0.649382 7668.17
0.678032 7198.67
0.707946 7407.14
0.73918 7107.5
0.771792 7325.21
0.805842 7227.02
0.841395 6284.52
0.878517 6766.46
0.917276 5482.84
0.957745 5546.69
1 4513.9
1.04412 5280.66
1.09018 4753.93
1.13828 4368.92
1.1885 3949.24
1.24094 5185.64
1.29569 3814.48
1.35285 3950.76
1.41254 3651.58
1.47486 3480.23
1.53993 3201.73
1.60787 2770.76
1.6788 2799.92
1.75287 2040.02
1.83021 4086.94
1.91095 2171.27
1.99526 3336.42
2.08329 2523.68
2.1752 1323.53
2.27117 1435.96
2.37137 2198.07
2.476 1759
2.58523 1726.92
2.69929 1631.85
2.81838 2575.08
2.94273 1837.82
3.07256 1776.88
3.20812 1918.9
3.34965 1793.35
3.49744 1443.1
3.65174 1887.6
3.81285 1540.53
3.98107 1283.63
4.15671 1442.92
4.3401 1614.06
4.53158 1802.86
4.73151 1355.96
4.94026 1448.34
5.15822 1530.44
5.3858 1339.06
5.62341 1069.39
5.87151 1432.63
6.13056 1541.99
6.40103 1234.67
6.68344 614.281
6.97831 1294.58
7.28618 1232.96
7.60764 1142.2
7.94328 878.387
8.29373 940.585
8.65964 809.932
9.0417 875.556
9.44061 939.9
9.85712 925.075
10.292 1321.05
10.7461 979.723
11.2202 819.012
11.7152 1194.51
12.2321 877.502
12.7717 1022.96
13.3352 670.139
13.9236 1093.07
14.5378 553.58
15.1792 832.041
15.8489 1389.7
16.5482 433.657
17.2783 602.309
18.0406 654.391
18.8365 897.401
19.6675 614.932
20.5353 1165.44
21.4412 896.993
22.3872 1488.17
23.3749 1444.29
24.4062 456.286
25.483 1011.37
26.6073 914.24
27.7811 926.922
29.0068 919.102
30.2866 1281.79
31.6228 971.397
33.0179 551.416
34.4747 1509.64
35.9956 1656.42
37.5837 1744.69
39.2419 560.124
40.9732 546.649
42.7809 1358.9
44.6684 843.557
46.6391 1356.99
48.6968 1346.39
50.8452 1561.58
53.0884 1141.39
55.4307 1749.21
57.8762 1475.06
60.4296 826.782
63.0957 1063.68
65.8795 1135.12
68.786 1485.53
71.8208 1729.48
74.9894 1457.19
78.2979 1246.62
81.7523 1649.72
85.3591 1472.28
89.1251 1404.25
93.0572 1204.27
97.1628 2004.99
101.45 2345.36
105.925 1382.75
110.599 1422.81
115.478 1202.72
120.573 1533.34
125.893 1517.58
131.447 2093.09
137.246 1749.87
143.301 2515.5
149.624 1989.97
156.225 1422.71
163.117 2016.56
170.314 3078.43
177.828 1457.18
185.674 2882.07
193.865 2448.05
202.418 2272.4
211.349 2198.88
220.673 1974.75
230.409 1824.3
240.575 2811.04
251.189 1889.96
262.271 2518.21
273.842 1381.91
285.924 2272.62
298.538 1974.1
311.709 2103.49
325.462 2494.26
339.821 2683.75
354.813 1684.51
370.467 1557.99
386.812 2364.02
403.878 1299.36
421.697 1165.78
440.301 748.365
459.727 1518.78
480.01 481.979
501.187 426.281
523.299 548.484
546.387 482.112
570.493 344.099
595.662 97.2754
621.942 89.3253
649.382 267.817
678.032 173.399
707.946 0
739.18 84.517
771.792 0
805.842 181.33
841.395 0
878.517 91.7901
917.276 109.83
957.745 91.8026
1000 0
