# First line is two numbers 
#     First value is '2', it means 'histogram mode'
#     Second value is 'Emin' of the histogram
# Other lines : 2 columns. 1) energy 2) probability (nb divided by NbEvent)
# Number of bins = 480
# Content below the first bin: 0
# Content above the last  bin: 0
# Content above the last  bin: 0
# Number of events: 209000
2 1e-06
1.04412e-06 0
1.09018e-06 0
1.13828e-06 0
1.1885e-06 0
1.24094e-06 0
1.29569e-06 0
1.35285e-06 0
1.41254e-06 0
1.47486e-06 0
1.53993e-06 0
1.60787e-06 0
1.6788e-06 0
1.75287e-06 0
1.83021e-06 0
1.91095e-06 0
1.99526e-06 0
2.08329e-06 0
2.1752e-06 0
2.27117e-06 0
2.37137e-06 0
2.476e-06 0
2.58523e-06 0
2.69929e-06 0
2.81838e-06 0
2.94273e-06 0
3.07256e-06 0
3.20812e-06 0
3.34965e-06 0
3.49744e-06 0
3.65174e-06 0
3.81285e-06 0
3.98107e-06 0
4.15671e-06 0
4.3401e-06 0
4.53158e-06 0
4.73151e-06 0
4.94026e-06 0
5.15822e-06 0
5.3858e-06 0
5.62341e-06 0
5.87151e-06 0
6.13056e-06 0
6.40103e-06 0
6.68344e-06 0
6.97831e-06 0
7.28618e-06 0
7.60764e-06 0
7.94328e-06 0
8.29373e-06 0
8.65964e-06 0
9.0417e-06 0
9.44061e-06 0
9.85712e-06 0
1.0292e-05 0
1.07461e-05 0
1.12202e-05 0
1.17152e-05 0
1.22321e-05 0
1.27717e-05 0
1.33352e-05 0
1.39236e-05 0
1.45378e-05 0
1.51792e-05 0
1.58489e-05 0
1.65482e-05 0
1.72783e-05 0
1.80406e-05 0
1.88365e-05 0
1.96675e-05 0
2.05353e-05 0
2.14412e-05 0
2.23872e-05 0
2.33749e-05 0
2.44062e-05 0
2.5483e-05 0
2.66073e-05 0
2.77811e-05 0
2.90068e-05 0
3.02866e-05 0
3.16228e-05 0
3.30179e-05 0
3.44747e-05 0
3.59956e-05 0
3.75837e-05 0
3.92419e-05 0
4.09732e-05 0
4.27809e-05 0
4.46684e-05 0
4.66391e-05 0
4.86968e-05 0
5.08452e-05 0
5.30884e-05 0
5.54307e-05 0
5.78762e-05 0
6.04296e-05 0
6.30957e-05 0
6.58795e-05 0
6.8786e-05 0
7.18208e-05 0
7.49894e-05 0
7.82979e-05 0
8.17523e-05 0
8.53591e-05 0
8.91251e-05 0
9.30572e-05 0
9.71628e-05 0
0.00010145 41.0265
0.000105925 0
0.000110599 0
0.000115478 0
0.000120573 0
0.000125893 0
0.000131447 0
0.000137246 0
0.000143301 0
0.000149624 0
0.000156225 0
0.000163117 0
0.000170314 0
0.000177828 0
0.000185674 0
0.000193865 0
0.000202418 0
0.000211349 0
0.000220673 0
0.000230409 0
0.000240575 0
0.000251189 0
0.000262271 0
0.000273842 0
0.000285924 0
0.000298538 0
0.000311709 0
0.000325462 0
0.000339821 0
0.000354813 0
0.000370467 0
0.000386812 0
0.000403878 0
0.000421697 0
0.000440301 0
0.000459727 0
0.00048001 0
0.000501187 0
0.000523299 0
0.000546387 0
0.000570493 0
0.000595662 0
0.000621942 41.1451
0.000649382 0
0.000678032 0
0.000707946 0
0.00073918 0
0.000771792 0
0.000805842 0
0.000841395 0
0.000878517 0
0.000917276 0
0.000957745 0
0.001 0
0.00104412 0
0.00109018 0
0.00113828 0
0.0011885 0
0.00124094 0
0.00129569 0
0.00135285 0
0.00141254 44.0395
0.00147486 0
0.00153993 0
0.00160787 0
0.0016788 0
0.00175287 0
0.00183021 81.9871
0.00191095 81.8448
0.00199526 0
0.00208329 0
0.0021752 0
0.00227117 0
0.00237137 0
0.002476 0
0.00258523 0
0.00269929 58.7858
0.00281838 0
0.00294273 82.5226
0.00307256 0
0.00320812 0
0.00334965 101.531
0.00349744 0
0.00365174 0
0.00381285 0
0.00398107 0
0.00415671 0
0.0043401 0
0.00453158 111.431
0.00473151 0
0.00494026 0
0.00515822 0
0.0053858 97.6823
0.00562341 54.4022
0.00587151 119.312
0.00613056 151.804
0.00640103 0
0.00668344 132.285
0.00697831 0
0.00728618 161.674
0.00760764 175.367
0.00794328 220.643
0.00829373 0
0.00865964 91.7776
0.0090417 414.883
0.00944061 31.2637
0.00985712 459.842
0.010292 136.021
0.0107461 395.784
0.0112202 177.097
0.0117152 333.766
0.0122321 264.054
0.0127717 494.435
0.0133352 453.471
0.0139236 666.285
0.0145378 522.12
0.0151792 153.015
0.0158489 283.997
0.0165482 330.583
0.0172783 940.775
0.0180406 243.322
0.0188365 466.009
0.0196675 943.595
0.0205353 208.544
0.0214412 926.864
0.0223872 1429.38
0.0233749 1501.14
0.0244062 1814.96
0.025483 1257.75
0.0266073 711.387
0.0277811 957.529
0.0290068 1871.05
0.0302866 1518.84
0.0316228 1815.74
0.0330179 1140.17
0.0344747 1123.4
0.0359956 1245.36
0.0375837 1513.38
0.0392419 1481.12
0.0409732 2353.41
0.0427809 1519.41
0.0446684 2308.15
0.0466391 1759.2
0.0486968 2441.06
0.0508452 1939.5
0.0530884 2528.97
0.0554307 2511.66
0.0578762 2196.85
0.0604296 2190.78
0.0630957 3903.68
0.0658795 3699.7
0.068786 3776.61
0.0718208 4480.77
0.0749894 4052.85
0.0782979 3200.67
0.0817523 3523.31
0.0853591 4410.56
0.0891251 5131.34
0.0930572 4456.08
0.0971628 4881.95
0.10145 5577.07
0.105925 4941.66
0.110599 4539.97
0.115478 7010.68
0.120573 7372.83
0.125893 7344.25
0.131447 4719.86
0.137246 6544.26
0.143301 5770.05
0.149624 7050.92
0.156225 5958.75
0.163117 7269.39
0.170314 7410.67
0.177828 7148.56
0.185674 5080.21
0.193865 8048.44
0.202418 6806.6
0.211349 9009
0.220673 7075.64
0.230409 8452.51
0.240575 8943.53
0.251189 6360.19
0.262271 7662.48
0.273842 7648.99
0.285924 7284.53
0.298538 8960.77
0.311709 8037.13
0.325462 8171.67
0.339821 9354.53
0.354813 7920.16
0.370467 8980.45
0.386812 9046.35
0.403878 9752.81
0.421697 9799.04
0.440301 8562.1
0.459727 8342.67
0.48001 8372.98
0.501187 9765.42
0.523299 6940.52
0.546387 8570.52
0.570493 8930.17
0.595662 7254.05
0.621942 8158.91
0.649382 8669.92
0.678032 7296.99
0.707946 6013.69
0.73918 6616.64
0.771792 7434.38
0.805842 6634.73
0.841395 6201.12
0.878517 7216.62
0.917276 5592.52
0.957745 5269.04
1 4410.35
1.04412 5172.68
1.09018 6003.95
1.13828 4746.74
1.1885 5331.88
1.24094 4644.15
1.29569 5273.69
1.35285 3877.5
1.41254 3308.75
1.47486 3634.42
1.53993 2577.74
1.60787 2764.64
1.6788 3366.26
1.75287 3018.56
1.83021 3477.05
1.91095 3002.53
1.99526 2748.06
2.08329 2631.63
2.1752 2398.14
2.27117 2527.7
2.37137 1800.2
2.476 2022.11
2.58523 2920.81
2.69929 1948.84
2.81838 1812.45
2.94273 2387.08
3.07256 1826.61
3.20812 1499.42
3.34965 1491.1
3.49744 1981.59
3.65174 1655.16
3.81285 1806.53
3.98107 1941.34
4.15671 1566.21
4.3401 1793.69
4.53158 1273.53
4.73151 972.789
4.94026 1691.3
5.15822 1274.17
5.3858 956.284
5.62341 1429.42
5.87151 914.197
6.13056 656.552
6.40103 948.774
6.68344 1363.01
6.97831 435.449
7.28618 1389.57
7.60764 1621.82
7.94328 899.3
8.29373 1065.31
8.65964 861.33
9.0417 822.465
9.44061 1072.9
9.85712 471.038
10.292 620.474
10.7461 519.834
11.2202 669.018
11.7152 1078.17
12.2321 913.054
12.7717 1059.92
13.3352 498.764
13.9236 648.074
14.5378 1100.65
15.1792 241.995
15.8489 960.344
16.5482 462.992
17.2783 820.575
18.0406 1109.75
18.8365 660.134
19.6675 921.077
20.5353 1321.63
21.4412 563.424
22.3872 1011.9
23.3749 283.273
24.4062 960.156
25.483 1727.45
26.6073 1126.16
27.7811 966.099
29.0068 878.657
30.2866 849.68
31.6228 585.539
33.0179 1477.51
34.4747 633.076
35.9956 613.098
37.5837 981.288
39.2419 1518.43
40.9732 1546.04
42.7809 1320.38
44.6684 1691.4
46.6391 1307.42
48.6968 1683.18
50.8452 1816.65
53.0884 1465.9
55.4307 802.943
57.8762 2080.96
60.4296 1628.12
63.0957 811.112
65.8795 1373.2
68.786 1153.1
71.8208 1402.05
74.9894 1608.05
78.2979 2088.51
81.7523 793.644
85.3591 2388.1
89.1251 1936.05
93.0572 1349.59
97.1628 1266.64
101.45 1922.56
105.925 1829.37
110.599 2628.95
115.478 1947.82
120.573 1322.16
125.893 3151.16
131.447 1297.46
137.246 1904.56
143.301 2929.97
149.624 2446.65
156.225 2092.08
163.117 1496.55
170.314 2369.66
177.828 2082.52
185.674 2277.74
193.865 1730.18
202.418 1849.63
211.349 2581.27
220.673 1894.93
230.409 2274.22
240.575 2686.56
251.189 1676.08
262.271 1603.47
273.842 1810.38
285.924 1823.19
298.538 2630.07
311.709 1733.75
325.462 1474.54
339.821 2941.34
354.813 2788.38
370.467 1191.35
386.812 2389.8
403.878 1070.93
421.697 1062.76
440.301 803.202
459.727 944.712
480.01 666.004
501.187 540.331
523.299 144.161
546.387 126.943
570.493 402.587
595.662 294.422
621.942 116.196
649.382 124.467
678.032 101.736
707.946 199.788
739.18 0
771.792 64.4798
805.842 39.5617
841.395 0
878.517 0
917.276 96.5032
957.745 0
1000 0
