# First line is two numbers 
#     First value is '2', it means 'histogram mode'
#     Second value is 'Emin' of the histogram
# Other lines : 2 columns. 1) energy 2) probability (nb divided by NbEvent)
# Number of bins = 480
# Content below the first bin: 0
# Content above the last  bin: 0
# Content above the last  bin: 0
# Number of events: 209000
2 1e-06
1.04412e-06 0
1.09018e-06 0
1.13828e-06 0
1.1885e-06 0
1.24094e-06 0
1.29569e-06 0
1.35285e-06 0
1.41254e-06 0
1.47486e-06 0
1.53993e-06 0
1.60787e-06 0
1.6788e-06 0
1.75287e-06 0
1.83021e-06 0
1.91095e-06 0
1.99526e-06 0
2.08329e-06 0
2.1752e-06 0
2.27117e-06 0
2.37137e-06 0
2.476e-06 0
2.58523e-06 0
2.69929e-06 0
2.81838e-06 0
2.94273e-06 0
3.07256e-06 0
3.20812e-06 0
3.34965e-06 0
3.49744e-06 0
3.65174e-06 0
3.81285e-06 0
3.98107e-06 0
4.15671e-06 0
4.3401e-06 0
4.53158e-06 0
4.73151e-06 0
4.94026e-06 0
5.15822e-06 0
5.3858e-06 0
5.62341e-06 0
5.87151e-06 0
6.13056e-06 0
6.40103e-06 0
6.68344e-06 0
6.97831e-06 0
7.28618e-06 0
7.60764e-06 0
7.94328e-06 0
8.29373e-06 0
8.65964e-06 0
9.0417e-06 0
9.44061e-06 0
9.85712e-06 0
1.0292e-05 0
1.07461e-05 0
1.12202e-05 0
1.17152e-05 0
1.22321e-05 0
1.27717e-05 0
1.33352e-05 0
1.39236e-05 0
1.45378e-05 0
1.51792e-05 0
1.58489e-05 0
1.65482e-05 0
1.72783e-05 0
1.80406e-05 0
1.88365e-05 0
1.96675e-05 0
2.05353e-05 0
2.14412e-05 0
2.23872e-05 0
2.33749e-05 0
2.44062e-05 0
2.5483e-05 0
2.66073e-05 0
2.77811e-05 0
2.90068e-05 0
3.02866e-05 0
3.16228e-05 0
3.30179e-05 0
3.44747e-05 0
3.59956e-05 0
3.75837e-05 0
3.92419e-05 0
4.09732e-05 0
4.27809e-05 0
4.46684e-05 0
4.66391e-05 0
4.86968e-05 0
5.08452e-05 0
5.30884e-05 0
5.54307e-05 0
5.78762e-05 0
6.04296e-05 0
6.30957e-05 0
6.58795e-05 0
6.8786e-05 0
7.18208e-05 0
7.49894e-05 0
7.82979e-05 0
8.17523e-05 0
8.53591e-05 0
8.91251e-05 0
9.30572e-05 0
9.71628e-05 0
0.00010145 0
0.000105925 0
0.000110599 0
0.000115478 0
0.000120573 0
0.000125893 111.692
0.000131447 0
0.000137246 0
0.000143301 0
0.000149624 0
0.000156225 0
0.000163117 0
0.000170314 0
0.000177828 0
0.000185674 0
0.000193865 0
0.000202418 0
0.000211349 0
0.000220673 0
0.000230409 0
0.000240575 0
0.000251189 0
0.000262271 0
0.000273842 0
0.000285924 0
0.000298538 0
0.000311709 0
0.000325462 0
0.000339821 0
0.000354813 0
0.000370467 0
0.000386812 0
0.000403878 0
0.000421697 0
0.000440301 0
0.000459727 0
0.00048001 0
0.000501187 0
0.000523299 0
0.000546387 0
0.000570493 0
0.000595662 0
0.000621942 0
0.000649382 69.8317
0.000678032 68.0123
0.000707946 0
0.00073918 0
0.000771792 0
0.000805842 0
0.000841395 0
0.000878517 0
0.000917276 0
0.000957745 118.877
0.001 0
0.00104412 0
0.00109018 0
0.00113828 0
0.0011885 119.434
0.00124094 0
0.00129569 0
0.00135285 0
0.00141254 0
0.00147486 0
0.00153993 0
0.00160787 0
0.0016788 0
0.00175287 0
0.00183021 0
0.00191095 113.981
0.00199526 75.4735
0.00208329 0
0.0021752 0
0.00227117 114.762
0.00237137 79.7561
0.002476 0
0.00258523 77.5969
0.00269929 0
0.00281838 91.6833
0.00294273 230.131
0.00307256 86.2204
0.00320812 292.905
0.00334965 0
0.00349744 0
0.00365174 0
0.00381285 296.299
0.00398107 0
0.00415671 11.7356
0.0043401 0
0.00453158 0
0.00473151 131.476
0.00494026 116.927
0.00515822 253.942
0.0053858 283.363
0.00562341 133.156
0.00587151 94.65
0.00613056 488.698
0.00640103 195.896
0.00668344 0
0.00697831 106.399
0.00728618 447.136
0.00760764 438.903
0.00794328 673.778
0.00829373 406.854
0.00865964 456.615
0.0090417 454.745
0.00944061 345.51
0.00985712 742.253
0.010292 369.263
0.0107461 664.057
0.0112202 723.721
0.0117152 687.686
0.0122321 692.277
0.0127717 469.339
0.0133352 562.834
0.0139236 860.539
0.0145378 1005.63
0.0151792 1566.79
0.0158489 1317.8
0.0165482 788.538
0.0172783 1510.3
0.0180406 1563.12
0.0188365 2027.54
0.0196675 1630.61
0.0205353 1828.26
0.0214412 2296.94
0.0223872 2456
0.0233749 2464.99
0.0244062 2734.44
0.025483 1957.89
0.0266073 2877.16
0.0277811 3546.9
0.0290068 3647.8
0.0302866 3425.66
0.0316228 4181.86
0.0330179 3707.58
0.0344747 3558.13
0.0359956 4989.98
0.0375837 4180.37
0.0392419 5029.31
0.0409732 6025.1
0.0427809 4822.94
0.0446684 5247.28
0.0466391 5923.97
0.0486968 6400.41
0.0508452 8025.44
0.0530884 6813.78
0.0554307 7520.32
0.0578762 6703.88
0.0604296 9023.91
0.0630957 10408.1
0.0658795 10124.7
0.068786 9801.25
0.0718208 11086
0.0749894 11328.9
0.0782979 11196.3
0.0817523 12029.3
0.0853591 12464
0.0891251 14169.5
0.0930572 15423.6
0.0971628 14800.3
0.10145 12987.1
0.105925 16151.3
0.110599 14730
0.115478 14323.6
0.120573 16484.7
0.125893 15299.5
0.131447 14876
0.137246 15406.8
0.143301 17699.6
0.149624 16330.4
0.156225 18403.6
0.163117 18492.4
0.170314 18212.1
0.177828 18624.5
0.185674 17689.2
0.193865 18275.1
0.202418 17583.4
0.211349 20056.8
0.220673 19330.7
0.230409 19181.9
0.240575 22220.7
0.251189 21463.8
0.262271 21348
0.273842 20789.1
0.285924 21239.5
0.298538 22506.6
0.311709 24301.3
0.325462 22200.6
0.339821 25027
0.354813 24872.6
0.370467 22122.7
0.386812 20494.6
0.403878 23530.6
0.421697 23868.2
0.440301 24041.2
0.459727 21772.1
0.48001 22393.8
0.501187 24134.7
0.523299 21102.1
0.546387 20631.1
0.570493 21823.2
0.595662 20605.7
0.621942 19536
0.649382 21272.9
0.678032 19318.5
0.707946 17792.2
0.73918 18511.8
0.771792 19845.3
0.805842 18874.2
0.841395 16780.8
0.878517 17045.3
0.917276 16454.2
0.957745 14972.7
1 14071.7
1.04412 14303.5
1.09018 11976.8
1.13828 11476.4
1.1885 10874.5
1.24094 11026.4
1.29569 10554
1.35285 7794.56
1.41254 8623.79
1.47486 9074.86
1.53993 8145.73
1.60787 9639.65
1.6788 6969.6
1.75287 6463.34
1.83021 7888.93
1.91095 6668.12
1.99526 7241.1
2.08329 7161.75
2.1752 7536.29
2.27117 5167.44
2.37137 5268.8
2.476 5013.54
2.58523 5101.14
2.69929 6279.66
2.81838 5628.95
2.94273 5701.79
3.07256 4726.33
3.20812 4934.36
3.34965 5249.13
3.49744 4785.57
3.65174 4359.05
3.81285 4511.16
3.98107 4332.26
4.15671 3938.94
4.3401 3827.07
4.53158 2849.26
4.73151 3462.12
4.94026 4683.5
5.15822 2082.95
5.3858 4291.51
5.62341 3926.42
5.87151 3588.41
6.13056 3255.11
6.40103 3031.09
6.68344 2597.6
6.97831 2979.01
7.28618 3093.17
7.60764 2968.42
7.94328 3068.54
8.29373 2801.98
8.65964 1792.89
9.0417 2329.4
9.44061 2600.38
9.85712 2600.78
10.292 2630.44
10.7461 1894.68
11.2202 2345.79
11.7152 1871.07
12.2321 2173.17
12.7717 1611.67
13.3352 1319.84
13.9236 2313.5
14.5378 1741.79
15.1792 1914.57
15.8489 2391.42
16.5482 2092.05
17.2783 2330.87
18.0406 2116.49
18.8365 2763.2
19.6675 2000.43
20.5353 2245.27
21.4412 2580.05
22.3872 2237.37
23.3749 2207.34
24.4062 2873.21
25.483 2322.44
26.6073 2627.72
27.7811 2452.62
29.0068 2667.31
30.2866 2466.09
31.6228 3140.74
33.0179 1753.81
34.4747 2755.91
35.9956 1794.44
37.5837 3674.34
39.2419 2496.64
40.9732 2678.22
42.7809 3222.49
44.6684 2802.6
46.6391 2986.9
48.6968 3257.51
50.8452 3431.98
53.0884 3455.55
55.4307 3323.57
57.8762 3561.08
60.4296 2352.25
63.0957 4437.23
65.8795 4382.57
68.786 4494.54
71.8208 4098.25
74.9894 4337.97
78.2979 5886.64
81.7523 4427.03
85.3591 4412.28
89.1251 4774.88
93.0572 3540.37
97.1628 4842.62
101.45 5067.43
105.925 4712.29
110.599 5217.16
115.478 6775.13
120.573 6274.18
125.893 5024.77
131.447 4010.04
137.246 4992.46
143.301 4241.34
149.624 5215.7
156.225 5912.35
163.117 5862.32
170.314 6278.11
177.828 6516.08
185.674 6082.22
193.865 7798.04
202.418 7358.32
211.349 8834.55
220.673 6918.96
230.409 9076.56
240.575 7421.75
251.189 8894.63
262.271 11216.3
273.842 10667.4
285.924 8993
298.538 10634.4
311.709 11072.1
325.462 12512.4
339.821 10581.9
354.813 9376.36
370.467 8011.87
386.812 8586.68
403.878 4587.34
421.697 4604.69
440.301 2442.66
459.727 2945.53
480.01 1467.13
501.187 1498
523.299 822.895
546.387 1108.47
570.493 413.646
595.662 648.12
621.942 339.171
649.382 532.281
678.032 0
707.946 226.181
739.18 270.959
771.792 209.742
805.842 115.309
841.395 318.095
878.517 42.9674
917.276 0
957.745 265.095
1000 35.2885
