# First line is two numbers 
#     First value is '2', it means 'histogram mode'
#     Second value is 'Emin' of the histogram
# Other lines : 2 columns. 1) energy 2) probability (nb divided by NbEvent)
# Number of bins = 480
# Content below the first bin: 0
# Content above the last  bin: 1
# Content above the last  bin: 1
# Number of events: 209000
2 1e-06
1.04412e-06 0
1.09018e-06 0
1.13828e-06 0
1.1885e-06 0
1.24094e-06 0
1.29569e-06 0
1.35285e-06 0
1.41254e-06 0
1.47486e-06 0
1.53993e-06 0
1.60787e-06 0
1.6788e-06 0
1.75287e-06 0
1.83021e-06 0
1.91095e-06 0
1.99526e-06 0
2.08329e-06 0
2.1752e-06 0
2.27117e-06 0
2.37137e-06 0
2.476e-06 0
2.58523e-06 0
2.69929e-06 0
2.81838e-06 0
2.94273e-06 0
3.07256e-06 0
3.20812e-06 0
3.34965e-06 0
3.49744e-06 0
3.65174e-06 0
3.81285e-06 0
3.98107e-06 0
4.15671e-06 0
4.3401e-06 0
4.53158e-06 0
4.73151e-06 0
4.94026e-06 0
5.15822e-06 0
5.3858e-06 0
5.62341e-06 0
5.87151e-06 0
6.13056e-06 0
6.40103e-06 0
6.68344e-06 0
6.97831e-06 0
7.28618e-06 0
7.60764e-06 0
7.94328e-06 0
8.29373e-06 0
8.65964e-06 0
9.0417e-06 0
9.44061e-06 0
9.85712e-06 0
1.0292e-05 0
1.07461e-05 0
1.12202e-05 0
1.17152e-05 0
1.22321e-05 0
1.27717e-05 0
1.33352e-05 0
1.39236e-05 0
1.45378e-05 0
1.51792e-05 0
1.58489e-05 0
1.65482e-05 0
1.72783e-05 0
1.80406e-05 0
1.88365e-05 0
1.96675e-05 0
2.05353e-05 0
2.14412e-05 0
2.23872e-05 0
2.33749e-05 0
2.44062e-05 0
2.5483e-05 0
2.66073e-05 0
2.77811e-05 0
2.90068e-05 0
3.02866e-05 0
3.16228e-05 0
3.30179e-05 0
3.44747e-05 0
3.59956e-05 0
3.75837e-05 0
3.92419e-05 0
4.09732e-05 0
4.27809e-05 0
4.46684e-05 0
4.66391e-05 0
4.86968e-05 0
5.08452e-05 0
5.30884e-05 0
5.54307e-05 0
5.78762e-05 1
6.04296e-05 0
6.30957e-05 0
6.58795e-05 0
6.8786e-05 0
7.18208e-05 0
7.49894e-05 0
7.82979e-05 0
8.17523e-05 0
8.53591e-05 0
8.91251e-05 0
9.30572e-05 0
9.71628e-05 0
0.00010145 0
0.000105925 0
0.000110599 0
0.000115478 0
0.000120573 0
0.000125893 0
0.000131447 0
0.000137246 0
0.000143301 0
0.000149624 0
0.000156225 0
0.000163117 0
0.000170314 0
0.000177828 0
0.000185674 0
0.000193865 0
0.000202418 0
0.000211349 0
0.000220673 0
0.000230409 0
0.000240575 0
0.000251189 0
0.000262271 0
0.000273842 0
0.000285924 0
0.000298538 1
0.000311709 0
0.000325462 0
0.000339821 0
0.000354813 0
0.000370467 0
0.000386812 0
0.000403878 0
0.000421697 0
0.000440301 0
0.000459727 1
0.00048001 0
0.000501187 1
0.000523299 0
0.000546387 0
0.000570493 0
0.000595662 0
0.000621942 0
0.000649382 0
0.000678032 0
0.000707946 1
0.00073918 0
0.000771792 0
0.000805842 0
0.000841395 0
0.000878517 0
0.000917276 0
0.000957745 0
0.001 0
0.00104412 0
0.00109018 0
0.00113828 0
0.0011885 0
0.00124094 0
0.00129569 0
0.00135285 1
0.00141254 0
0.00147486 1
0.00153993 0
0.00160787 0
0.0016788 1
0.00175287 1
0.00183021 0
0.00191095 0
0.00199526 4
0.00208329 0
0.0021752 0
0.00227117 1
0.00237137 2
0.002476 0
0.00258523 0
0.00269929 0
0.00281838 2
0.00294273 0
0.00307256 0
0.00320812 3
0.00334965 2
0.00349744 0
0.00365174 1
0.00381285 1
0.00398107 0
0.00415671 1
0.0043401 1
0.00453158 1
0.00473151 1
0.00494026 3
0.00515822 2
0.0053858 2
0.00562341 1
0.00587151 3
0.00613056 1
0.00640103 3
0.00668344 8
0.00697831 3
0.00728618 4
0.00760764 5
0.00794328 4
0.00829373 5
0.00865964 4
0.0090417 8
0.00944061 4
0.00985712 7
0.010292 8
0.0107461 7
0.0112202 9
0.0117152 12
0.0122321 6
0.0127717 10
0.0133352 16
0.0139236 10
0.0145378 16
0.0151792 14
0.0158489 15
0.0165482 14
0.0172783 12
0.0180406 21
0.0188365 25
0.0196675 23
0.0205353 23
0.0214412 18
0.0223872 31
0.0233749 27
0.0244062 26
0.025483 43
0.0266073 39
0.0277811 33
0.0290068 47
0.0302866 41
0.0316228 41
0.0330179 47
0.0344747 57
0.0359956 54
0.0375837 47
0.0392419 61
0.0409732 59
0.0427809 78
0.0446684 82
0.0466391 78
0.0486968 71
0.0508452 81
0.0530884 67
0.0554307 78
0.0578762 118
0.0604296 110
0.0630957 104
0.0658795 108
0.068786 130
0.0718208 112
0.0749894 137
0.0782979 129
0.0817523 141
0.0853591 160
0.0891251 150
0.0930572 156
0.0971628 186
0.10145 184
0.105925 166
0.110599 179
0.115478 211
0.120573 196
0.125893 193
0.131447 227
0.137246 200
0.143301 212
0.149624 233
0.156225 221
0.163117 225
0.170314 241
0.177828 247
0.185674 222
0.193865 268
0.202418 251
0.211349 259
0.220673 229
0.230409 222
0.240575 243
0.251189 267
0.262271 225
0.273842 273
0.285924 282
0.298538 273
0.311709 281
0.325462 283
0.339821 262
0.354813 282
0.370467 271
0.386812 271
0.403878 282
0.421697 240
0.440301 266
0.459727 312
0.48001 272
0.501187 302
0.523299 295
0.546387 284
0.570493 248
0.595662 235
0.621942 248
0.649382 245
0.678032 233
0.707946 265
0.73918 222
0.771792 230
0.805842 240
0.841395 213
0.878517 224
0.917276 198
0.957745 207
1 166
1.04412 148
1.09018 168
1.13828 163
1.1885 151
1.24094 133
1.29569 144
1.35285 110
1.41254 107
1.47486 95
1.53993 108
1.60787 83
1.6788 98
1.75287 94
1.83021 89
1.91095 73
1.99526 86
2.08329 69
2.1752 80
2.27117 60
2.37137 63
2.476 71
2.58523 54
2.69929 60
2.81838 65
2.94273 57
3.07256 79
3.20812 68
3.34965 66
3.49744 73
3.65174 54
3.81285 43
3.98107 50
4.15671 40
4.3401 45
4.53158 45
4.73151 39
4.94026 52
5.15822 48
5.3858 57
5.62341 46
5.87151 36
6.13056 45
6.40103 42
6.68344 44
6.97831 33
7.28618 34
7.60764 41
7.94328 34
8.29373 26
8.65964 36
9.0417 20
9.44061 27
9.85712 30
10.292 31
10.7461 23
11.2202 22
11.7152 34
12.2321 29
12.7717 27
13.3352 26
13.9236 23
14.5378 20
15.1792 24
15.8489 24
16.5482 26
17.2783 18
18.0406 16
18.8365 22
19.6675 22
20.5353 31
21.4412 19
22.3872 28
23.3749 31
24.4062 26
25.483 31
26.6073 40
27.7811 36
29.0068 39
30.2866 28
31.6228 24
33.0179 23
34.4747 41
35.9956 25
37.5837 32
39.2419 40
40.9732 39
42.7809 35
44.6684 36
46.6391 38
48.6968 40
50.8452 48
53.0884 48
55.4307 50
57.8762 46
60.4296 36
63.0957 49
65.8795 51
68.786 47
71.8208 53
74.9894 54
78.2979 57
81.7523 59
85.3591 52
89.1251 58
93.0572 54
97.1628 67
101.45 65
105.925 63
110.599 63
115.478 68
120.573 66
125.893 64
131.447 70
137.246 79
143.301 73
149.624 76
156.225 72
163.117 91
170.314 83
177.828 87
185.674 79
193.865 93
202.418 100
211.349 101
220.673 90
230.409 104
240.575 133
251.189 114
262.271 119
273.842 141
285.924 132
298.538 116
311.709 147
325.462 145
339.821 117
354.813 129
370.467 107
386.812 107
403.878 54
421.697 38
440.301 40
459.727 26
480.01 20
501.187 12
523.299 12
546.387 12
570.493 11
595.662 8
621.942 7
649.382 9
678.032 5
707.946 4
739.18 5
771.792 4
805.842 3
841.395 4
878.517 2
917.276 1
957.745 0
1000 0
