# First line is two numbers 
#     First value is '2', it means 'histogram mode'
#     Second value is 'Emin' of the histogram
# Other lines : 2 columns. 1) energy 2) probability (nb divided by NbEvent)
# Number of bins = 480
# Content below the first bin: 0
# Content above the last  bin: 0
# Content above the last  bin: 0
# Number of events: 209000
2 1e-06
1.04412e-06 0
1.09018e-06 0
1.13828e-06 0
1.1885e-06 0
1.24094e-06 0
1.29569e-06 0
1.35285e-06 0
1.41254e-06 0
1.47486e-06 0
1.53993e-06 0
1.60787e-06 0
1.6788e-06 0
1.75287e-06 0
1.83021e-06 0
1.91095e-06 0
1.99526e-06 0
2.08329e-06 0
2.1752e-06 0
2.27117e-06 0
2.37137e-06 0
2.476e-06 0
2.58523e-06 0
2.69929e-06 0
2.81838e-06 0
2.94273e-06 0
3.07256e-06 0
3.20812e-06 0
3.34965e-06 0
3.49744e-06 0
3.65174e-06 0
3.81285e-06 0
3.98107e-06 0
4.15671e-06 0
4.3401e-06 0
4.53158e-06 0
4.73151e-06 0
4.94026e-06 0
5.15822e-06 0
5.3858e-06 0
5.62341e-06 0
5.87151e-06 0
6.13056e-06 0
6.40103e-06 0
6.68344e-06 0
6.97831e-06 0
7.28618e-06 0
7.60764e-06 0
7.94328e-06 0
8.29373e-06 0
8.65964e-06 0
9.0417e-06 0
9.44061e-06 0
9.85712e-06 0
1.0292e-05 0
1.07461e-05 0
1.12202e-05 0
1.17152e-05 0
1.22321e-05 0
1.27717e-05 0
1.33352e-05 0
1.39236e-05 0
1.45378e-05 0
1.51792e-05 0
1.58489e-05 0
1.65482e-05 0
1.72783e-05 0
1.80406e-05 0
1.88365e-05 0
1.96675e-05 0
2.05353e-05 0
2.14412e-05 0
2.23872e-05 0
2.33749e-05 0
2.44062e-05 0
2.5483e-05 0
2.66073e-05 0
2.77811e-05 0
2.90068e-05 0
3.02866e-05 0
3.16228e-05 0
3.30179e-05 0
3.44747e-05 0
3.59956e-05 0
3.75837e-05 0
3.92419e-05 0
4.09732e-05 0
4.27809e-05 0
4.46684e-05 0
4.66391e-05 0
4.86968e-05 0
5.08452e-05 0
5.30884e-05 0
5.54307e-05 0
5.78762e-05 0
6.04296e-05 0
6.30957e-05 0
6.58795e-05 0
6.8786e-05 0
7.18208e-05 0
7.49894e-05 0
7.82979e-05 0
8.17523e-05 0
8.53591e-05 0
8.91251e-05 0
9.30572e-05 0
9.71628e-05 0
0.00010145 0
0.000105925 0
0.000110599 0
0.000115478 0
0.000120573 0
0.000125893 0
0.000131447 0
0.000137246 0
0.000143301 0
0.000149624 0
0.000156225 0
0.000163117 0
0.000170314 0
0.000177828 0
0.000185674 0
0.000193865 0
0.000202418 0
0.000211349 0
0.000220673 0
0.000230409 0
0.000240575 0
0.000251189 0
0.000262271 0
0.000273842 0
0.000285924 0
0.000298538 0
0.000311709 0
0.000325462 0
0.000339821 0
0.000354813 0
0.000370467 0
0.000386812 0
0.000403878 0
0.000421697 0
0.000440301 108.24
0.000459727 0
0.00048001 0
0.000501187 0
0.000523299 0
0.000546387 37.376
0.000570493 0
0.000595662 0
0.000621942 0
0.000649382 0
0.000678032 0
0.000707946 0
0.00073918 0
0.000771792 0
0.000805842 0
0.000841395 0
0.000878517 0
0.000917276 92.3369
0.000957745 30.9396
0.001 0
0.00104412 0
0.00109018 0
0.00113828 51.5517
0.0011885 0
0.00124094 84.936
0.00129569 0
0.00135285 0
0.00141254 0
0.00147486 59.0542
0.00153993 0
0.00160787 0
0.0016788 0
0.00175287 0
0.00183021 0
0.00191095 0
0.00199526 112.115
0.00208329 0
0.0021752 0
0.00227117 23.9718
0.00237137 0
0.002476 79.0984
0.00258523 0
0.00269929 76.7363
0.00281838 107.874
0.00294273 171.654
0.00307256 119.962
0.00320812 0
0.00334965 0
0.00349744 244.19
0.00365174 0
0.00381285 71.255
0.00398107 0
0.00415671 171.414
0.0043401 0
0.00453158 13.6033
0.00473151 189.233
0.00494026 0
0.00515822 10.1501
0.0053858 154.988
0.00562341 68.1317
0.00587151 345.052
0.00613056 343.279
0.00640103 100.248
0.00668344 182.275
0.00697831 521.066
0.00728618 160.124
0.00760764 266.743
0.00794328 488.802
0.00829373 284.324
0.00865964 338.7
0.0090417 598.834
0.00944061 569.244
0.00985712 292.888
0.010292 381.449
0.0107461 805.579
0.0112202 528.363
0.0117152 1011.58
0.0122321 1297.4
0.0127717 1242.97
0.0133352 772.087
0.0139236 1305.38
0.0145378 1012.61
0.0151792 797.068
0.0158489 1302.74
0.0165482 1855.22
0.0172783 1723.19
0.0180406 1594.6
0.0188365 2302.22
0.0196675 1876.08
0.0205353 2157.88
0.0214412 2427.15
0.0223872 2480.83
0.0233749 2002.24
0.0244062 2018.04
0.025483 2334.68
0.0266073 2581.25
0.0277811 3002.06
0.0290068 4015.82
0.0302866 4080.59
0.0316228 3892.31
0.0330179 3853.55
0.0344747 3896.65
0.0359956 5197.92
0.0375837 5296.43
0.0392419 5640.33
0.0409732 5217.88
0.0427809 4431.66
0.0446684 6656.8
0.0466391 5689.23
0.0486968 6325.4
0.0508452 6797.7
0.0530884 7620.17
0.0554307 8179.32
0.0578762 7397.58
0.0604296 7857.09
0.0630957 9390.42
0.0658795 8123.99
0.068786 9002.36
0.0718208 10130.2
0.0749894 11353.8
0.0782979 11922.3
0.0817523 10554.6
0.0853591 11950.3
0.0891251 14360.4
0.0930572 12050.9
0.0971628 15798.4
0.10145 15504.3
0.105925 16118.1
0.110599 14723.9
0.115478 15253.4
0.120573 16366.6
0.125893 17263.8
0.131447 16161.4
0.137246 17807.2
0.143301 17339
0.149624 17557.9
0.156225 19732
0.163117 16834
0.170314 19987.7
0.177828 18748.3
0.185674 18516.6
0.193865 16580.4
0.202418 19950.4
0.211349 19359.6
0.220673 21115.7
0.230409 21269.6
0.240575 19028.9
0.251189 18272.6
0.262271 20816.1
0.273842 20880
0.285924 20912.2
0.298538 22235.9
0.311709 21046.5
0.325462 20171.2
0.339821 21629.5
0.354813 22164.9
0.370467 23100.1
0.386812 19899.8
0.403878 22372.1
0.421697 22194.6
0.440301 21017.6
0.459727 22521.1
0.48001 20595.1
0.501187 25452.1
0.523299 20106.8
0.546387 22148.2
0.570493 18588
0.595662 23779.4
0.621942 23612.6
0.649382 18532.1
0.678032 17271.7
0.707946 20767.3
0.73918 20109.7
0.771792 21053.3
0.805842 19208.2
0.841395 16348.8
0.878517 15929.8
0.917276 14061.4
0.957745 13417.7
1 15333.3
1.04412 14289
1.09018 11989.7
1.13828 13371.3
1.1885 11571.4
1.24094 10852.9
1.29569 10779.8
1.35285 9809.16
1.41254 7720.1
1.47486 10844.7
1.53993 7352.01
1.60787 6750.66
1.6788 7361.53
1.75287 8941.42
1.83021 6407.27
1.91095 6292.16
1.99526 6991.92
2.08329 6654.95
2.1752 4468.78
2.27117 6511.56
2.37137 5692
2.476 5256.68
2.58523 5494.1
2.69929 4078.88
2.81838 5531.51
2.94273 4893.9
3.07256 5096.4
3.20812 5002.62
3.34965 5137.92
3.49744 4549.6
3.65174 4949.81
3.81285 3648.04
3.98107 3948.85
4.15671 4611.29
4.3401 2966.31
4.53158 4083.48
4.73151 2560.8
4.94026 2982.24
5.15822 3131.6
5.3858 3445.39
5.62341 3629.72
5.87151 2649.1
6.13056 2833.08
6.40103 2737.85
6.68344 3194.62
6.97831 2764.84
7.28618 2582.44
7.60764 3145.55
7.94328 1776.62
8.29373 2850.32
8.65964 2190.01
9.0417 2290.17
9.44061 2371.26
9.85712 2559.19
10.292 2531.32
10.7461 2020.36
11.2202 1978.66
11.7152 2034.07
12.2321 1667.72
12.7717 2400.38
13.3352 1850.18
13.9236 2396.54
14.5378 1598.66
15.1792 2866.83
15.8489 2670.25
16.5482 1986.25
17.2783 2266.26
18.0406 1903.06
18.8365 1913.55
19.6675 1805.99
20.5353 2076.8
21.4412 1724.61
22.3872 2419.71
23.3749 2170.48
24.4062 1345.17
25.483 2341.72
26.6073 2433.26
27.7811 2606.62
29.0068 1956.26
30.2866 2253.43
31.6228 2478.07
33.0179 1926.51
34.4747 2756.15
35.9956 2709.28
37.5837 3510.41
39.2419 3401.93
40.9732 2982.08
42.7809 2974.13
44.6684 2936.06
46.6391 3174.11
48.6968 3646.06
50.8452 3755.3
53.0884 2501.02
55.4307 2774.24
57.8762 3768.58
60.4296 5213.84
63.0957 3385.78
65.8795 4797.13
68.786 4411.98
71.8208 4809.06
74.9894 3954.07
78.2979 4510.38
81.7523 3399.55
85.3591 4899.22
89.1251 4373.63
93.0572 4025.98
97.1628 4408.15
101.45 4911.75
105.925 4663.61
110.599 4492.31
115.478 4192.35
120.573 4132.51
125.893 5829.76
131.447 4307.73
137.246 6065.86
143.301 6034.65
149.624 5954.63
156.225 6575.94
163.117 5222.45
170.314 7644.56
177.828 6519.42
185.674 6905.01
193.865 6966.45
202.418 7497.27
211.349 9250.06
220.673 7566.46
230.409 9903.66
240.575 9084.86
251.189 10873.7
262.271 9843.14
273.842 8859.45
285.924 10945.5
298.538 11439.9
311.709 9138.63
325.462 9972.79
339.821 10284.6
354.813 9160.32
370.467 9342.23
386.812 7598.05
403.878 4984.28
421.697 3061.98
440.301 1992.76
459.727 2521.64
480.01 1582.25
501.187 1312.24
523.299 1408.32
546.387 1569.33
570.493 949.288
595.662 548.085
621.942 550.891
649.382 330.157
678.032 601.163
707.946 286.302
739.18 295.189
771.792 160.905
805.842 0
841.395 128.894
878.517 89.6503
917.276 24.7909
957.745 0
1000 0
