# First line is two numbers 
#     First value is '2', it means 'histogram mode'
#     Second value is 'Emin' of the histogram
# Other lines : 2 columns. 1) energy 2) probability (nb divided by NbEvent)
# Number of bins = 480
# Content below the first bin: 0
# Content above the last  bin: 0
# Content above the last  bin: 0
# Number of events: 209000
2 1e-06
1.04412e-06 0
1.09018e-06 0
1.13828e-06 0
1.1885e-06 0
1.24094e-06 0
1.29569e-06 0
1.35285e-06 0
1.41254e-06 0
1.47486e-06 0
1.53993e-06 0
1.60787e-06 0
1.6788e-06 0
1.75287e-06 0
1.83021e-06 0
1.91095e-06 0
1.99526e-06 0
2.08329e-06 0
2.1752e-06 0
2.27117e-06 0
2.37137e-06 0
2.476e-06 0
2.58523e-06 0
2.69929e-06 0
2.81838e-06 0
2.94273e-06 0
3.07256e-06 0
3.20812e-06 0
3.34965e-06 0
3.49744e-06 0
3.65174e-06 0
3.81285e-06 0
3.98107e-06 0
4.15671e-06 0
4.3401e-06 0
4.53158e-06 0
4.73151e-06 0
4.94026e-06 0
5.15822e-06 0
5.3858e-06 0
5.62341e-06 0
5.87151e-06 0
6.13056e-06 0
6.40103e-06 0
6.68344e-06 0
6.97831e-06 0
7.28618e-06 0
7.60764e-06 0
7.94328e-06 0
8.29373e-06 0
8.65964e-06 0
9.0417e-06 0
9.44061e-06 0
9.85712e-06 0
1.0292e-05 0
1.07461e-05 0
1.12202e-05 0
1.17152e-05 0
1.22321e-05 0
1.27717e-05 0
1.33352e-05 0
1.39236e-05 0
1.45378e-05 0
1.51792e-05 0
1.58489e-05 0
1.65482e-05 0
1.72783e-05 0
1.80406e-05 0
1.88365e-05 0
1.96675e-05 0
2.05353e-05 0
2.14412e-05 0
2.23872e-05 0
2.33749e-05 0
2.44062e-05 0
2.5483e-05 0
2.66073e-05 0
2.77811e-05 0
2.90068e-05 0
3.02866e-05 0
3.16228e-05 0
3.30179e-05 0
3.44747e-05 0
3.59956e-05 0
3.75837e-05 0
3.92419e-05 0
4.09732e-05 0
4.27809e-05 0
4.46684e-05 0
4.66391e-05 0
4.86968e-05 0
5.08452e-05 0
5.30884e-05 0
5.54307e-05 0
5.78762e-05 0
6.04296e-05 0
6.30957e-05 0
6.58795e-05 0
6.8786e-05 0
7.18208e-05 0
7.49894e-05 0
7.82979e-05 0
8.17523e-05 0
8.53591e-05 0
8.91251e-05 0
9.30572e-05 0
9.71628e-05 0
0.00010145 0
0.000105925 0
0.000110599 0
0.000115478 0
0.000120573 0
0.000125893 0
0.000131447 0
0.000137246 0
0.000143301 1
0.000149624 0
0.000156225 0
0.000163117 1
0.000170314 0
0.000177828 0
0.000185674 0
0.000193865 0
0.000202418 0
0.000211349 0
0.000220673 0
0.000230409 0
0.000240575 0
0.000251189 0
0.000262271 0
0.000273842 0
0.000285924 0
0.000298538 0
0.000311709 0
0.000325462 0
0.000339821 0
0.000354813 0
0.000370467 0
0.000386812 0
0.000403878 0
0.000421697 0
0.000440301 0
0.000459727 0
0.00048001 0
0.000501187 0
0.000523299 0
0.000546387 0
0.000570493 0
0.000595662 0
0.000621942 0
0.000649382 0
0.000678032 1
0.000707946 1
0.00073918 0
0.000771792 0
0.000805842 0
0.000841395 0
0.000878517 0
0.000917276 0
0.000957745 1
0.001 0
0.00104412 0
0.00109018 1
0.00113828 0
0.0011885 0
0.00124094 0
0.00129569 0
0.00135285 1
0.00141254 0
0.00147486 0
0.00153993 0
0.00160787 0
0.0016788 0
0.00175287 3
0.00183021 1
0.00191095 0
0.00199526 3
0.00208329 1
0.0021752 0
0.00227117 1
0.00237137 2
0.002476 2
0.00258523 1
0.00269929 0
0.00281838 0
0.00294273 0
0.00307256 2
0.00320812 2
0.00334965 1
0.00349744 2
0.00365174 1
0.00381285 1
0.00398107 0
0.00415671 1
0.0043401 1
0.00453158 1
0.00473151 1
0.00494026 1
0.00515822 3
0.0053858 3
0.00562341 1
0.00587151 3
0.00613056 2
0.00640103 3
0.00668344 5
0.00697831 5
0.00728618 1
0.00760764 1
0.00794328 3
0.00829373 9
0.00865964 7
0.0090417 3
0.00944061 4
0.00985712 11
0.010292 12
0.0107461 6
0.0112202 8
0.0117152 14
0.0122321 10
0.0127717 10
0.0133352 11
0.0139236 16
0.0145378 7
0.0151792 14
0.0158489 18
0.0165482 20
0.0172783 17
0.0180406 22
0.0188365 16
0.0196675 30
0.0205353 21
0.0214412 22
0.0223872 22
0.0233749 17
0.0244062 35
0.025483 35
0.0266073 39
0.0277811 30
0.0290068 36
0.0302866 45
0.0316228 44
0.0330179 47
0.0344747 56
0.0359956 49
0.0375837 49
0.0392419 84
0.0409732 58
0.0427809 79
0.0446684 76
0.0466391 73
0.0486968 74
0.0508452 86
0.0530884 80
0.0554307 77
0.0578762 89
0.0604296 138
0.0630957 107
0.0658795 99
0.068786 122
0.0718208 142
0.0749894 118
0.0782979 158
0.0817523 145
0.0853591 136
0.0891251 151
0.0930572 140
0.0971628 196
0.10145 167
0.105925 165
0.110599 172
0.115478 225
0.120573 200
0.125893 204
0.131447 233
0.137246 197
0.143301 223
0.149624 219
0.156225 229
0.163117 232
0.170314 236
0.177828 245
0.185674 225
0.193865 252
0.202418 240
0.211349 242
0.220673 229
0.230409 258
0.240575 283
0.251189 254
0.262271 290
0.273842 292
0.285924 277
0.298538 262
0.311709 269
0.325462 248
0.339821 263
0.354813 250
0.370467 310
0.386812 271
0.403878 260
0.421697 293
0.440301 292
0.459727 281
0.48001 292
0.501187 275
0.523299 264
0.546387 258
0.570493 264
0.595662 279
0.621942 239
0.649382 233
0.678032 261
0.707946 243
0.73918 254
0.771792 258
0.805842 220
0.841395 202
0.878517 217
0.917276 201
0.957745 168
1 177
1.04412 185
1.09018 152
1.13828 144
1.1885 174
1.24094 124
1.29569 124
1.35285 125
1.41254 112
1.47486 109
1.53993 100
1.60787 98
1.6788 102
1.75287 111
1.83021 79
1.91095 92
1.99526 83
2.08329 85
2.1752 83
2.27117 81
2.37137 59
2.476 78
2.58523 76
2.69929 60
2.81838 60
2.94273 53
3.07256 71
3.20812 75
3.34965 44
3.49744 54
3.65174 58
3.81285 54
3.98107 51
4.15671 64
4.3401 58
4.53158 45
4.73151 47
4.94026 50
5.15822 43
5.3858 49
5.62341 32
5.87151 45
6.13056 36
6.40103 43
6.68344 36
6.97831 27
7.28618 27
7.60764 37
7.94328 39
8.29373 40
8.65964 28
9.0417 35
9.44061 30
9.85712 25
10.292 26
10.7461 24
11.2202 35
11.7152 21
12.2321 19
12.7717 30
13.3352 21
13.9236 24
14.5378 26
15.1792 27
15.8489 37
16.5482 25
17.2783 21
18.0406 25
18.8365 25
19.6675 25
20.5353 25
21.4412 29
22.3872 21
23.3749 31
24.4062 26
25.483 26
26.6073 28
27.7811 24
29.0068 33
30.2866 32
31.6228 32
33.0179 39
34.4747 34
35.9956 30
37.5837 41
39.2419 42
40.9732 38
42.7809 41
44.6684 29
46.6391 33
48.6968 44
50.8452 37
53.0884 41
55.4307 58
57.8762 60
60.4296 37
63.0957 45
65.8795 40
68.786 54
71.8208 56
74.9894 56
78.2979 59
81.7523 64
85.3591 56
89.1251 46
93.0572 57
97.1628 63
101.45 62
105.925 67
110.599 55
115.478 70
120.573 69
125.893 48
131.447 54
137.246 60
143.301 75
149.624 70
156.225 72
163.117 82
170.314 87
177.828 83
185.674 69
193.865 92
202.418 95
211.349 90
220.673 113
230.409 88
240.575 125
251.189 115
262.271 134
273.842 143
285.924 127
298.538 109
311.709 145
325.462 158
339.821 144
354.813 123
370.467 108
386.812 86
403.878 52
421.697 37
440.301 36
459.727 27
480.01 26
501.187 9
523.299 12
546.387 8
570.493 6
595.662 6
621.942 6
649.382 7
678.032 7
707.946 7
739.18 3
771.792 2
805.842 3
841.395 2
878.517 2
917.276 2
957.745 0
1000 1
