# First line is two numbers 
#     First value is '2', it means 'histogram mode'
#     Second value is 'Emin' of the histogram
# Other lines : 2 columns. 1) energy 2) probability (nb divided by NbEvent)
# Number of bins = 480
# Content below the first bin: 137.382
# Content above the last  bin: 0
# Content above the last  bin: 0
# Number of events: 209000
2 1e-06
1.04412e-06 0
1.09018e-06 0
1.13828e-06 0
1.1885e-06 0
1.24094e-06 0
1.29569e-06 0
1.35285e-06 0
1.41254e-06 0
1.47486e-06 0
1.53993e-06 0
1.60787e-06 0
1.6788e-06 0
1.75287e-06 0
1.83021e-06 0
1.91095e-06 0
1.99526e-06 0
2.08329e-06 0
2.1752e-06 0
2.27117e-06 0
2.37137e-06 0
2.476e-06 0
2.58523e-06 0
2.69929e-06 0
2.81838e-06 0
2.94273e-06 0
3.07256e-06 0
3.20812e-06 0
3.34965e-06 0
3.49744e-06 0
3.65174e-06 0
3.81285e-06 0
3.98107e-06 0
4.15671e-06 0
4.3401e-06 0
4.53158e-06 0
4.73151e-06 0
4.94026e-06 0
5.15822e-06 0
5.3858e-06 91.8765
5.62341e-06 0
5.87151e-06 0
6.13056e-06 0
6.40103e-06 0
6.68344e-06 0
6.97831e-06 0
7.28618e-06 0
7.60764e-06 0
7.94328e-06 0
8.29373e-06 0
8.65964e-06 0
9.0417e-06 0
9.44061e-06 0
9.85712e-06 0
1.0292e-05 0
1.07461e-05 0
1.12202e-05 0
1.17152e-05 0
1.22321e-05 119.884
1.27717e-05 0
1.33352e-05 0
1.39236e-05 0
1.45378e-05 0
1.51792e-05 0
1.58489e-05 0
1.65482e-05 0
1.72783e-05 0
1.80406e-05 0
1.88365e-05 0
1.96675e-05 0
2.05353e-05 0
2.14412e-05 0
2.23872e-05 0
2.33749e-05 0
2.44062e-05 0
2.5483e-05 0
2.66073e-05 0
2.77811e-05 0
2.90068e-05 0
3.02866e-05 0
3.16228e-05 0
3.30179e-05 0
3.44747e-05 0
3.59956e-05 0
3.75837e-05 0
3.92419e-05 0
4.09732e-05 0
4.27809e-05 0
4.46684e-05 0
4.66391e-05 0
4.86968e-05 0
5.08452e-05 0
5.30884e-05 0
5.54307e-05 0
5.78762e-05 0
6.04296e-05 0
6.30957e-05 0
6.58795e-05 0
6.8786e-05 0
7.18208e-05 0
7.49894e-05 0
7.82979e-05 0
8.17523e-05 0
8.53591e-05 0
8.91251e-05 0
9.30572e-05 0
9.71628e-05 0
0.00010145 0
0.000105925 0
0.000110599 0
0.000115478 0
0.000120573 0
0.000125893 0
0.000131447 0
0.000137246 0
0.000143301 0
0.000149624 0
0.000156225 0
0.000163117 0
0.000170314 0
0.000177828 0
0.000185674 0
0.000193865 0
0.000202418 0
0.000211349 0
0.000220673 0
0.000230409 0
0.000240575 0
0.000251189 0
0.000262271 0
0.000273842 0
0.000285924 0
0.000298538 0
0.000311709 0
0.000325462 0
0.000339821 0
0.000354813 0
0.000370467 0
0.000386812 0
0.000403878 0
0.000421697 63.3989
0.000440301 0
0.000459727 0
0.00048001 0
0.000501187 0
0.000523299 0
0.000546387 0
0.000570493 0
0.000595662 0
0.000621942 104.902
0.000649382 0
0.000678032 0
0.000707946 0
0.00073918 0
0.000771792 0
0.000805842 0
0.000841395 0
0.000878517 0
0.000917276 0
0.000957745 0
0.001 0
0.00104412 0
0.00109018 0
0.00113828 0
0.0011885 0
0.00124094 0
0.00129569 0
0.00135285 0
0.00141254 0
0.00147486 0
0.00153993 0
0.00160787 0
0.0016788 0
0.00175287 0
0.00183021 0
0.00191095 0
0.00199526 0
0.00208329 0
0.0021752 0
0.00227117 0
0.00237137 0
0.002476 0
0.00258523 0
0.00269929 0
0.00281838 0
0.00294273 0
0.00307256 0
0.00320812 0
0.00334965 0
0.00349744 0
0.00365174 0
0.00381285 0
0.00398107 0
0.00415671 0
0.0043401 0
0.00453158 0
0.00473151 0
0.00494026 0
0.00515822 0
0.0053858 0
0.00562341 0
0.00587151 0
0.00613056 0
0.00640103 0
0.00668344 0
0.00697831 0
0.00728618 0
0.00760764 0
0.00794328 0
0.00829373 0
0.00865964 0
0.0090417 0
0.00944061 0
0.00985712 0
0.010292 0
0.0107461 0
0.0112202 82.5387
0.0117152 0
0.0122321 0
0.0127717 0
0.0133352 0
0.0139236 0
0.0145378 0
0.0151792 0
0.0158489 0
0.0165482 0
0.0172783 0
0.0180406 0
0.0188365 0
0.0196675 0
0.0205353 0
0.0214412 0
0.0223872 0
0.0233749 0
0.0244062 0
0.025483 0
0.0266073 0
0.0277811 0
0.0290068 0
0.0302866 0
0.0316228 0
0.0330179 0
0.0344747 0
0.0359956 0
0.0375837 0
0.0392419 116.595
0.0409732 0
0.0427809 0
0.0446684 0
0.0466391 0
0.0486968 0
0.0508452 0
0.0530884 0
0.0554307 108.964
0.0578762 0
0.0604296 0
0.0630957 0
0.0658795 0
0.068786 0
0.0718208 0
0.0749894 0
0.0782979 97.8862
0.0817523 0
0.0853591 0
0.0891251 0
0.0930572 0
0.0971628 0
0.10145 0
0.105925 0
0.110599 0
0.115478 0
0.120573 0
0.125893 0
0.131447 0
0.137246 0
0.143301 0
0.149624 78.4388
0.156225 0
0.163117 0
0.170314 0
0.177828 0
0.185674 0
0.193865 0
0.202418 0
0.211349 0
0.220673 76.3054
0.230409 0
0.240575 0
0.251189 0
0.262271 0
0.273842 0
0.285924 0
0.298538 0
0.311709 0
0.325462 0
0.339821 78.5384
0.354813 0
0.370467 0
0.386812 0
0.403878 0
0.421697 0
0.440301 0
0.459727 87.5951
0.48001 0
0.501187 68.7807
0.523299 0
0.546387 101.149
0.570493 0
0.595662 0
0.621942 0
0.649382 0
0.678032 0
0.707946 0
0.73918 0
0.771792 0
0.805842 0
0.841395 0
0.878517 104.223
0.917276 0
0.957745 0
1 0
1.04412 0
1.09018 0
1.13828 0
1.1885 0
1.24094 0
1.29569 0
1.35285 0
1.41254 0
1.47486 0
1.53993 0
1.60787 0
1.6788 0
1.75287 0
1.83021 0
1.91095 50.4898
1.99526 0
2.08329 0
2.1752 0
2.27117 0
2.37137 70.3367
2.476 0
2.58523 0
2.69929 0
2.81838 0
2.94273 0
3.07256 0
3.20812 0
3.34965 0
3.49744 0
3.65174 96.5031
3.81285 0
3.98107 53.3069
4.15671 83.9089
4.3401 0
4.53158 23.6724
4.73151 0
4.94026 0
5.15822 0
5.3858 0
5.62341 0
5.87151 0
6.13056 110.764
6.40103 0
6.68344 0
6.97831 0
7.28618 0
7.60764 80.3891
7.94328 0
8.29373 0
8.65964 0
9.0417 112.72
9.44061 110.675
9.85712 117.084
10.292 0
10.7461 119.472
11.2202 116.949
11.7152 63.9692
12.2321 0
12.7717 21.078
13.3352 247.185
13.9236 0
14.5378 0
15.1792 202.83
15.8489 0
16.5482 0
17.2783 92.7198
18.0406 0
18.8365 36.6898
19.6675 0
20.5353 0
21.4412 0
22.3872 96.0728
23.3749 0
24.4062 224.054
25.483 64.5703
26.6073 394.899
27.7811 302.551
29.0068 0
30.2866 0
31.6228 88.7251
33.0179 0
34.4747 314.967
35.9956 0
37.5837 147.932
39.2419 212.176
40.9732 81.9693
42.7809 120.025
44.6684 0
46.6391 195.72
48.6968 187.853
50.8452 114.977
53.0884 580.934
55.4307 267.892
57.8762 231.079
60.4296 583.267
63.0957 410.2
65.8795 269.297
68.786 313.493
71.8208 253.802
74.9894 365.393
78.2979 235.071
81.7523 500.206
85.3591 293.53
89.1251 712.612
93.0572 914.539
97.1628 481.527
101.45 694.152
105.925 1030.58
110.599 1010.8
115.478 1215.85
120.573 1364.21
125.893 571.381
131.447 843.238
137.246 871.924
143.301 1231.18
149.624 2218.19
156.225 1548.6
163.117 1702.98
170.314 2505.96
177.828 1900.83
185.674 2482.65
193.865 2145.21
202.418 2300.31
211.349 2111.4
220.673 2563.29
230.409 1788.11
240.575 2082.25
251.189 2258.22
262.271 1884.09
273.842 1748.11
285.924 2622.59
298.538 2081.08
311.709 1126.64
325.462 463.631
339.821 671.628
354.813 586.285
370.467 509.691
386.812 291.257
403.878 193.992
421.697 61.2897
440.301 93.4635
459.727 127.042
480.01 177.908
501.187 190.82
523.299 170.575
546.387 0
570.493 0
595.662 0
621.942 0
649.382 81.0645
678.032 102.364
707.946 0
739.18 0
771.792 0
805.842 0
841.395 0
878.517 0
917.276 0
957.745 0
1000 0
