# First line is two numbers 
#     First value is '2', it means 'histogram mode'
#     Second value is 'Emin' of the histogram
# Other lines : 2 columns. 1) energy 2) probability (nb divided by NbEvent)
# Number of bins = 480
# Content below the first bin: 0
# Content above the last  bin: 0
# Content above the last  bin: 0
# Number of events: 209000
2 1e-06
1.04412e-06 0
1.09018e-06 0
1.13828e-06 0
1.1885e-06 0
1.24094e-06 0
1.29569e-06 0
1.35285e-06 0
1.41254e-06 0
1.47486e-06 0
1.53993e-06 0
1.60787e-06 0
1.6788e-06 0
1.75287e-06 0
1.83021e-06 0
1.91095e-06 0
1.99526e-06 0
2.08329e-06 0
2.1752e-06 0
2.27117e-06 0
2.37137e-06 0
2.476e-06 0
2.58523e-06 0
2.69929e-06 0
2.81838e-06 0
2.94273e-06 0
3.07256e-06 0
3.20812e-06 0
3.34965e-06 0
3.49744e-06 0
3.65174e-06 0
3.81285e-06 0
3.98107e-06 0
4.15671e-06 0
4.3401e-06 0
4.53158e-06 0
4.73151e-06 0
4.94026e-06 0
5.15822e-06 0
5.3858e-06 0
5.62341e-06 0
5.87151e-06 0
6.13056e-06 0
6.40103e-06 0
6.68344e-06 0
6.97831e-06 0
7.28618e-06 0
7.60764e-06 0
7.94328e-06 0
8.29373e-06 0
8.65964e-06 0
9.0417e-06 0
9.44061e-06 0
9.85712e-06 0
1.0292e-05 0
1.07461e-05 0
1.12202e-05 0
1.17152e-05 0
1.22321e-05 0
1.27717e-05 0
1.33352e-05 0
1.39236e-05 0
1.45378e-05 0
1.51792e-05 0
1.58489e-05 0
1.65482e-05 0
1.72783e-05 0
1.80406e-05 0
1.88365e-05 0
1.96675e-05 0
2.05353e-05 0
2.14412e-05 0
2.23872e-05 0
2.33749e-05 0
2.44062e-05 0
2.5483e-05 0
2.66073e-05 0
2.77811e-05 0
2.90068e-05 0
3.02866e-05 0
3.16228e-05 0
3.30179e-05 0
3.44747e-05 0
3.59956e-05 0
3.75837e-05 0
3.92419e-05 0
4.09732e-05 0
4.27809e-05 0
4.46684e-05 0
4.66391e-05 0
4.86968e-05 0
5.08452e-05 0
5.30884e-05 0
5.54307e-05 0
5.78762e-05 0
6.04296e-05 0
6.30957e-05 0
6.58795e-05 0
6.8786e-05 0
7.18208e-05 0
7.49894e-05 0
7.82979e-05 0
8.17523e-05 0
8.53591e-05 0
8.91251e-05 0
9.30572e-05 0
9.71628e-05 0
0.00010145 0
0.000105925 0
0.000110599 0
0.000115478 0
0.000120573 0
0.000125893 0
0.000131447 0
0.000137246 0
0.000143301 0
0.000149624 0
0.000156225 0
0.000163117 0
0.000170314 0
0.000177828 0
0.000185674 0
0.000193865 0
0.000202418 0
0.000211349 0
0.000220673 0
0.000230409 0
0.000240575 0
0.000251189 0
0.000262271 0
0.000273842 0
0.000285924 0
0.000298538 0
0.000311709 0
0.000325462 0
0.000339821 0
0.000354813 0
0.000370467 0
0.000386812 0
0.000403878 0
0.000421697 0
0.000440301 0
0.000459727 0
0.00048001 0
0.000501187 0
0.000523299 0
0.000546387 0
0.000570493 0
0.000595662 0
0.000621942 0
0.000649382 0
0.000678032 0
0.000707946 0
0.00073918 0
0.000771792 0
0.000805842 0
0.000841395 0
0.000878517 0
0.000917276 0
0.000957745 0
0.001 0
0.00104412 0
0.00109018 0
0.00113828 0
0.0011885 0
0.00124094 0
0.00129569 0
0.00135285 0
0.00141254 0
0.00147486 0
0.00153993 0
0.00160787 0
0.0016788 0
0.00175287 0
0.00183021 0
0.00191095 0
0.00199526 0
0.00208329 0
0.0021752 0
0.00227117 0
0.00237137 0
0.002476 0
0.00258523 0
0.00269929 86.5769
0.00281838 0
0.00294273 0
0.00307256 0
0.00320812 0
0.00334965 0
0.00349744 0
0.00365174 0
0.00381285 0
0.00398107 0
0.00415671 0
0.0043401 0
0.00453158 0
0.00473151 0
0.00494026 0
0.00515822 131.288
0.0053858 0
0.00562341 0
0.00587151 89.2386
0.00613056 0
0.00640103 0
0.00668344 106.114
0.00697831 0
0.00728618 0
0.00760764 0
0.00794328 0
0.00829373 0
0.00865964 0
0.0090417 58.7225
0.00944061 0
0.00985712 0
0.010292 0
0.0107461 0
0.0112202 0
0.0117152 74.9365
0.0122321 122.118
0.0127717 51.0188
0.0133352 0
0.0139236 117.594
0.0145378 0
0.0151792 0
0.0158489 166.865
0.0165482 97.644
0.0172783 195.227
0.0180406 79.083
0.0188365 189.385
0.0196675 261.852
0.0205353 0
0.0214412 213.07
0.0223872 97.9489
0.0233749 178.34
0.0244062 216.308
0.025483 118.052
0.0266073 197.156
0.0277811 0
0.0290068 211.615
0.0302866 261.729
0.0316228 260.088
0.0330179 177.218
0.0344747 313.012
0.0359956 355.781
0.0375837 308.587
0.0392419 168.438
0.0409732 815.56
0.0427809 138.79
0.0446684 513.031
0.0466391 697.15
0.0486968 516.426
0.0508452 526.635
0.0530884 294.801
0.0554307 790.88
0.0578762 113.2
0.0604296 215.894
0.0630957 189.471
0.0658795 807.571
0.068786 558.946
0.0718208 671.726
0.0749894 415.835
0.0782979 1440.23
0.0817523 752.932
0.0853591 1223.34
0.0891251 1120.57
0.0930572 671.077
0.0971628 501.961
0.10145 1068.25
0.105925 1042.99
0.110599 1494.52
0.115478 1245.47
0.120573 835.306
0.125893 656.895
0.131447 1301.95
0.137246 1022.17
0.143301 1129.34
0.149624 971.108
0.156225 1739.78
0.163117 1446.83
0.170314 1649.04
0.177828 1474.93
0.185674 1276.92
0.193865 1259.91
0.202418 993.635
0.211349 1189.09
0.220673 1467.27
0.230409 1200.85
0.240575 1437.29
0.251189 1418.25
0.262271 1666.09
0.273842 881.845
0.285924 1198.4
0.298538 865.566
0.311709 1170.21
0.325462 1809.06
0.339821 1474.36
0.354813 952.927
0.370467 1506.57
0.386812 1191
0.403878 1904.01
0.421697 1621.25
0.440301 1402.78
0.459727 1375.57
0.48001 2295.11
0.501187 1138.06
0.523299 1285.02
0.546387 1747.92
0.570493 1890.83
0.595662 1180.53
0.621942 937.001
0.649382 1818.97
0.678032 1464.99
0.707946 1061.75
0.73918 1086.76
0.771792 1715.66
0.805842 1770.23
0.841395 1252.9
0.878517 537.79
0.917276 965.006
0.957745 801.54
1 812.125
1.04412 828.119
1.09018 970.137
1.13828 880.057
1.1885 1290
1.24094 558.755
1.29569 489.213
1.35285 492.019
1.41254 887.839
1.47486 698.47
1.53993 296.852
1.60787 345.11
1.6788 533.332
1.75287 460.459
1.83021 614.632
1.91095 387.331
1.99526 732.468
2.08329 428.866
2.1752 430.783
2.27117 381.292
2.37137 673.78
2.476 202.828
2.58523 646.562
2.69929 574.067
2.81838 294.22
2.94273 365.747
3.07256 542.28
3.20812 313.7
3.34965 548.257
3.49744 411.753
3.65174 306.205
3.81285 35.5236
3.98107 364.028
4.15671 270.528
4.3401 184.674
4.53158 148.409
4.73151 213.281
4.94026 376.099
5.15822 58.1427
5.3858 201.106
5.62341 144.63
5.87151 221.97
6.13056 75.7429
6.40103 258.917
6.68344 227.619
6.97831 112.716
7.28618 11.3354
7.60764 44.2793
7.94328 247.482
8.29373 203.036
8.65964 103.155
9.0417 0
9.44061 116.8
9.85712 236.092
10.292 91.9481
10.7461 0
11.2202 119.324
11.7152 379.992
12.2321 241.206
12.7717 0
13.3352 109.428
13.9236 169.244
14.5378 314.266
15.1792 95.2504
15.8489 0
16.5482 190.06
17.2783 65.1121
18.0406 154.043
18.8365 248.81
19.6675 256.654
20.5353 319.81
21.4412 311.308
22.3872 124.751
23.3749 104.938
24.4062 127.393
25.483 119.979
26.6073 165.54
27.7811 119.908
29.0068 362.163
30.2866 212.368
31.6228 151.318
33.0179 112.143
34.4747 397.907
35.9956 201.23
37.5837 243.153
39.2419 78.0222
40.9732 251.788
42.7809 115.695
44.6684 206.869
46.6391 27.1265
48.6968 143.096
50.8452 108.177
53.0884 327.967
55.4307 516.948
57.8762 258.684
60.4296 160.49
63.0957 269.506
65.8795 134.004
68.786 270.921
71.8208 0
74.9894 99.1114
78.2979 106.025
81.7523 272.774
85.3591 396.693
89.1251 315.387
93.0572 553.66
97.1628 182.859
101.45 247.874
105.925 188.812
110.599 300.531
115.478 280.022
120.573 24.1158
125.893 261.897
131.447 192.611
137.246 218.726
143.301 401.21
149.624 578.003
156.225 111.008
163.117 389.999
170.314 180.959
177.828 362.275
185.674 280.734
193.865 0
202.418 311.239
211.349 547.815
220.673 232.156
230.409 75.7936
240.575 0
251.189 226.513
262.271 422.99
273.842 0
285.924 363.705
298.538 127.076
311.709 208.511
325.462 142.66
339.821 88.9697
354.813 91.4045
370.467 0
386.812 83.331
403.878 81.9085
421.697 0
440.301 0
459.727 0
480.01 0
501.187 0
523.299 0
546.387 44.6338
570.493 0
595.662 0
621.942 0
649.382 0
678.032 0
707.946 0
739.18 0
771.792 0
805.842 0
841.395 0
878.517 0
917.276 0
957.745 0
1000 0
