# First line is two numbers 
#     First value is '2', it means 'histogram mode'
#     Second value is 'Emin' of the histogram
# Other lines : 2 columns. 1) energy 2) probability (nb divided by NbEvent)
# Number of bins = 480
# Content below the first bin: 0
# Content above the last  bin: 0
# Content above the last  bin: 0
# Number of events: 209000
2 1e-06
1.04412e-06 0
1.09018e-06 0
1.13828e-06 0
1.1885e-06 0
1.24094e-06 0
1.29569e-06 0
1.35285e-06 0
1.41254e-06 0
1.47486e-06 0
1.53993e-06 0
1.60787e-06 0
1.6788e-06 0
1.75287e-06 0
1.83021e-06 0
1.91095e-06 0
1.99526e-06 0
2.08329e-06 0
2.1752e-06 0
2.27117e-06 0
2.37137e-06 0
2.476e-06 0
2.58523e-06 0
2.69929e-06 0
2.81838e-06 0
2.94273e-06 0
3.07256e-06 0
3.20812e-06 0
3.34965e-06 0
3.49744e-06 0
3.65174e-06 0
3.81285e-06 0
3.98107e-06 0
4.15671e-06 0
4.3401e-06 0
4.53158e-06 0
4.73151e-06 0
4.94026e-06 0
5.15822e-06 0
5.3858e-06 0
5.62341e-06 0
5.87151e-06 0
6.13056e-06 0
6.40103e-06 0
6.68344e-06 0
6.97831e-06 0
7.28618e-06 0
7.60764e-06 0
7.94328e-06 0
8.29373e-06 0
8.65964e-06 0
9.0417e-06 0
9.44061e-06 0
9.85712e-06 0
1.0292e-05 0
1.07461e-05 0
1.12202e-05 0
1.17152e-05 0
1.22321e-05 0
1.27717e-05 0
1.33352e-05 0
1.39236e-05 0
1.45378e-05 0
1.51792e-05 0
1.58489e-05 0
1.65482e-05 0
1.72783e-05 0
1.80406e-05 0
1.88365e-05 0
1.96675e-05 0
2.05353e-05 0
2.14412e-05 0
2.23872e-05 0
2.33749e-05 0
2.44062e-05 0
2.5483e-05 0
2.66073e-05 0
2.77811e-05 0
2.90068e-05 0
3.02866e-05 0
3.16228e-05 0
3.30179e-05 0
3.44747e-05 0
3.59956e-05 0
3.75837e-05 0
3.92419e-05 0
4.09732e-05 0
4.27809e-05 0
4.46684e-05 0
4.66391e-05 0
4.86968e-05 0
5.08452e-05 0
5.30884e-05 0
5.54307e-05 0
5.78762e-05 0
6.04296e-05 0
6.30957e-05 0
6.58795e-05 0
6.8786e-05 0
7.18208e-05 0
7.49894e-05 0
7.82979e-05 0
8.17523e-05 0
8.53591e-05 0
8.91251e-05 0
9.30572e-05 0
9.71628e-05 0
0.00010145 0
0.000105925 0
0.000110599 0
0.000115478 0
0.000120573 0
0.000125893 0
0.000131447 0
0.000137246 0
0.000143301 0
0.000149624 0
0.000156225 0
0.000163117 0
0.000170314 0
0.000177828 0
0.000185674 0
0.000193865 0
0.000202418 0
0.000211349 0
0.000220673 0
0.000230409 0
0.000240575 0
0.000251189 0
0.000262271 0
0.000273842 0
0.000285924 0
0.000298538 0
0.000311709 0
0.000325462 0
0.000339821 0
0.000354813 0
0.000370467 0
0.000386812 0
0.000403878 0
0.000421697 0
0.000440301 0
0.000459727 0
0.00048001 0
0.000501187 0
0.000523299 0
0.000546387 0
0.000570493 0
0.000595662 0
0.000621942 0
0.000649382 64.0964
0.000678032 0
0.000707946 0
0.00073918 0
0.000771792 0
0.000805842 0
0.000841395 0
0.000878517 0
0.000917276 0
0.000957745 0
0.001 0
0.00104412 0
0.00109018 0
0.00113828 0
0.0011885 0
0.00124094 0
0.00129569 0
0.00135285 0
0.00141254 0
0.00147486 0
0.00153993 0
0.00160787 74.4439
0.0016788 0
0.00175287 0
0.00183021 0
0.00191095 0
0.00199526 0
0.00208329 0
0.0021752 0
0.00227117 0
0.00237137 0
0.002476 0
0.00258523 0
0.00269929 0
0.00281838 50.5467
0.00294273 0
0.00307256 0
0.00320812 0
0.00334965 0
0.00349744 0
0.00365174 0
0.00381285 0
0.00398107 0
0.00415671 90.1683
0.0043401 0
0.00453158 73.9954
0.00473151 0
0.00494026 0
0.00515822 0
0.0053858 0
0.00562341 0
0.00587151 0
0.00613056 0
0.00640103 0
0.00668344 0
0.00697831 34.1973
0.00728618 86.2252
0.00760764 158.842
0.00794328 0
0.00829373 0
0.00865964 171.804
0.0090417 0
0.00944061 0
0.00985712 0
0.010292 234.291
0.0107461 111.157
0.0112202 0
0.0117152 0
0.0122321 60.4487
0.0127717 119.194
0.0133352 83.6104
0.0139236 0
0.0145378 0
0.0151792 224.136
0.0158489 453.289
0.0165482 0
0.0172783 244.411
0.0180406 199.571
0.0188365 275.302
0.0196675 462.315
0.0205353 205.381
0.0214412 94.5387
0.0223872 115.685
0.0233749 494.996
0.0244062 103.059
0.025483 200.577
0.0266073 236.846
0.0277811 247.156
0.0290068 226.48
0.0302866 358.127
0.0316228 478.363
0.0330179 149.554
0.0344747 534.39
0.0359956 295.748
0.0375837 390.428
0.0392419 454.787
0.0409732 707.48
0.0427809 500.972
0.0446684 115.824
0.0466391 552.521
0.0486968 929.139
0.0508452 376.229
0.0530884 676.237
0.0554307 405.386
0.0578762 449.559
0.0604296 1346.51
0.0630957 1137.86
0.0658795 1088.48
0.068786 1267.7
0.0718208 1037.21
0.0749894 843.656
0.0782979 1071.47
0.0817523 1196.77
0.0853591 1190.41
0.0891251 946.912
0.0930572 1425.84
0.0971628 1099.73
0.10145 1016.15
0.105925 1467.37
0.110599 1083.48
0.115478 2214.16
0.120573 1949.87
0.125893 1283.16
0.131447 2161.37
0.137246 1967.52
0.143301 2124.04
0.149624 2014.42
0.156225 2825.45
0.163117 1650.5
0.170314 2388.38
0.177828 2323.12
0.185674 2252.06
0.193865 1954.07
0.202418 2125.48
0.211349 2702.59
0.220673 1699.28
0.230409 2364.8
0.240575 1974.48
0.251189 2593.73
0.262271 2128.24
0.273842 2064.26
0.285924 2474.37
0.298538 1840.47
0.311709 1913.33
0.325462 2589.44
0.339821 2606.35
0.354813 3059.72
0.370467 2734.51
0.386812 1822.55
0.403878 2207.73
0.421697 2925.07
0.440301 1493.06
0.459727 1952.04
0.48001 1990.22
0.501187 3043.8
0.523299 1573.01
0.546387 1879.12
0.570493 3229.22
0.595662 2305.79
0.621942 1478.08
0.649382 2035.46
0.678032 2638.46
0.707946 2853.68
0.73918 1831.3
0.771792 1584.91
0.805842 1637.53
0.841395 2468.83
0.878517 2488.14
0.917276 1361.45
0.957745 1725.57
1 1526.28
1.04412 1226.38
1.09018 1405.15
1.13828 982.507
1.1885 993.459
1.24094 1007.64
1.29569 1353.56
1.35285 969.954
1.41254 1405.72
1.47486 1186.04
1.53993 1099.12
1.60787 1015.26
1.6788 750.499
1.75287 411.99
1.83021 818.007
1.91095 601.714
1.99526 578.318
2.08329 674.296
2.1752 508.217
2.27117 949.693
2.37137 840.506
2.476 795.132
2.58523 879.107
2.69929 646.77
2.81838 549.418
2.94273 450.133
3.07256 392.881
3.20812 395.474
3.34965 385.333
3.49744 856.553
3.65174 513.266
3.81285 603.561
3.98107 306.605
4.15671 825.456
4.3401 381.439
4.53158 281.364
4.73151 101.039
4.94026 217.407
5.15822 599.113
5.3858 729.741
5.62341 228.492
5.87151 276.719
6.13056 686.416
6.40103 253.362
6.68344 159.326
6.97831 278.504
7.28618 485.418
7.60764 149.455
7.94328 233.737
8.29373 167.294
8.65964 577.175
9.0417 174.494
9.44061 205.326
9.85712 117.548
10.292 746.464
10.7461 280.889
11.2202 234.71
11.7152 245.213
12.2321 191.01
12.7717 275.891
13.3352 196.348
13.9236 237.197
14.5378 512.238
15.1792 371.518
15.8489 401.96
16.5482 157.219
17.2783 88.5501
18.0406 0
18.8365 199.629
19.6675 222.296
20.5353 162.569
21.4412 272.514
22.3872 475.088
23.3749 193.017
24.4062 717.13
25.483 299.368
26.6073 301.41
27.7811 56.8595
29.0068 211.932
30.2866 613.566
31.6228 182.7
33.0179 352.19
34.4747 443.836
35.9956 222.262
37.5837 336.28
39.2419 485.19
40.9732 682.495
42.7809 742.886
44.6684 442.459
46.6391 461.864
48.6968 455.829
50.8452 654.6
53.0884 118.82
55.4307 240.165
57.8762 585.821
60.4296 368.363
63.0957 578.296
65.8795 672.586
68.786 726.084
71.8208 808.818
74.9894 261.9
78.2979 1370.53
81.7523 912.655
85.3591 553.413
89.1251 980.252
93.0572 825.182
97.1628 1255.09
101.45 739.377
105.925 529.6
110.599 614.283
115.478 597.681
120.573 1045.15
125.893 1275.33
131.447 770.117
137.246 663.485
143.301 844.578
149.624 759.743
156.225 1078.26
163.117 627.764
170.314 333.38
177.828 777.949
185.674 436.469
193.865 594.24
202.418 324.638
211.349 588.639
220.673 398.647
230.409 328.674
240.575 355.338
251.189 136.416
262.271 54.0043
273.842 0
285.924 0
298.538 79.2797
311.709 0
325.462 186.628
339.821 48.2082
354.813 106.375
370.467 87.33
386.812 0
403.878 0
421.697 0
440.301 0
459.727 92.3093
480.01 0
501.187 28.9631
523.299 0
546.387 0
570.493 0
595.662 0
621.942 0
649.382 0
678.032 0
707.946 0
739.18 0
771.792 0
805.842 0
841.395 0
878.517 0
917.276 0
957.745 0
1000 0
