# First line is two numbers 
#     First value is '2', it means 'histogram mode'
#     Second value is 'Emin' of the histogram
# Other lines : 2 columns. 1) energy 2) probability (nb divided by NbEvent)
# Number of bins = 480
# Content below the first bin: 0
# Content above the last  bin: 0
# Content above the last  bin: 0
# Number of events: 209000
2 1e-06
1.04412e-06 0
1.09018e-06 0
1.13828e-06 0
1.1885e-06 0
1.24094e-06 0
1.29569e-06 0
1.35285e-06 0
1.41254e-06 0
1.47486e-06 0
1.53993e-06 0
1.60787e-06 0
1.6788e-06 0
1.75287e-06 0
1.83021e-06 0
1.91095e-06 0
1.99526e-06 0
2.08329e-06 0
2.1752e-06 0
2.27117e-06 0
2.37137e-06 0
2.476e-06 0
2.58523e-06 0
2.69929e-06 0
2.81838e-06 0
2.94273e-06 0
3.07256e-06 0
3.20812e-06 0
3.34965e-06 0
3.49744e-06 0
3.65174e-06 0
3.81285e-06 0
3.98107e-06 0
4.15671e-06 0
4.3401e-06 0
4.53158e-06 0
4.73151e-06 0
4.94026e-06 0
5.15822e-06 0
5.3858e-06 0
5.62341e-06 0
5.87151e-06 0
6.13056e-06 0
6.40103e-06 0
6.68344e-06 0
6.97831e-06 0
7.28618e-06 0
7.60764e-06 0
7.94328e-06 0
8.29373e-06 0
8.65964e-06 0
9.0417e-06 0
9.44061e-06 0
9.85712e-06 0
1.0292e-05 0
1.07461e-05 0
1.12202e-05 0
1.17152e-05 0
1.22321e-05 0
1.27717e-05 0
1.33352e-05 0
1.39236e-05 0
1.45378e-05 0
1.51792e-05 0
1.58489e-05 0
1.65482e-05 0
1.72783e-05 0
1.80406e-05 0
1.88365e-05 0
1.96675e-05 0
2.05353e-05 0
2.14412e-05 0
2.23872e-05 0
2.33749e-05 0
2.44062e-05 0
2.5483e-05 0
2.66073e-05 0
2.77811e-05 0
2.90068e-05 0
3.02866e-05 0
3.16228e-05 0
3.30179e-05 0
3.44747e-05 0
3.59956e-05 0
3.75837e-05 0
3.92419e-05 0
4.09732e-05 0
4.27809e-05 0
4.46684e-05 0
4.66391e-05 0
4.86968e-05 0
5.08452e-05 0
5.30884e-05 0
5.54307e-05 0
5.78762e-05 0
6.04296e-05 0
6.30957e-05 0
6.58795e-05 0
6.8786e-05 0
7.18208e-05 0
7.49894e-05 0
7.82979e-05 0
8.17523e-05 0
8.53591e-05 0
8.91251e-05 0
9.30572e-05 0
9.71628e-05 0
0.00010145 0
0.000105925 0
0.000110599 0
0.000115478 0
0.000120573 0
0.000125893 0
0.000131447 0
0.000137246 0
0.000143301 0
0.000149624 0
0.000156225 0
0.000163117 0
0.000170314 0
0.000177828 0
0.000185674 0
0.000193865 0
0.000202418 0
0.000211349 0
0.000220673 0
0.000230409 0
0.000240575 0
0.000251189 0
0.000262271 0
0.000273842 0
0.000285924 0
0.000298538 0
0.000311709 0
0.000325462 0
0.000339821 0
0.000354813 0
0.000370467 0
0.000386812 0
0.000403878 0
0.000421697 0
0.000440301 0
0.000459727 0
0.00048001 0
0.000501187 0
0.000523299 0
0.000546387 0
0.000570493 0
0.000595662 0
0.000621942 0
0.000649382 0
0.000678032 0
0.000707946 0
0.00073918 0
0.000771792 0
0.000805842 0
0.000841395 0
0.000878517 0
0.000917276 0
0.000957745 0
0.001 0
0.00104412 0
0.00109018 0
0.00113828 0
0.0011885 0
0.00124094 0
0.00129569 0
0.00135285 0
0.00141254 0
0.00147486 0
0.00153993 0
0.00160787 0
0.0016788 0
0.00175287 0
0.00183021 0
0.00191095 0
0.00199526 0
0.00208329 0
0.0021752 0
0.00227117 0
0.00237137 0
0.002476 0
0.00258523 0
0.00269929 0
0.00281838 0
0.00294273 0
0.00307256 0
0.00320812 0
0.00334965 0
0.00349744 0
0.00365174 0
0.00381285 0
0.00398107 0
0.00415671 0
0.0043401 0
0.00453158 0
0.00473151 0
0.00494026 0
0.00515822 0
0.0053858 0
0.00562341 0
0.00587151 0
0.00613056 0
0.00640103 0
0.00668344 0
0.00697831 0
0.00728618 0
0.00760764 0
0.00794328 0
0.00829373 0
0.00865964 0
0.0090417 0
0.00944061 0
0.00985712 0
0.010292 93.4921
0.0107461 0
0.0112202 0
0.0117152 107.682
0.0122321 0
0.0127717 0
0.0133352 0
0.0139236 0
0.0145378 97.3998
0.0151792 79.7308
0.0158489 0
0.0165482 0
0.0172783 0
0.0180406 0
0.0188365 177.984
0.0196675 0
0.0205353 43.2312
0.0214412 298.744
0.0223872 50.8053
0.0233749 93.0369
0.0244062 129.608
0.025483 55.0896
0.0266073 122.842
0.0277811 122.027
0.0290068 32.0045
0.0302866 343.55
0.0316228 465.324
0.0330179 469.864
0.0344747 378.718
0.0359956 157.42
0.0375837 48.2838
0.0392419 292.415
0.0409732 244.001
0.0427809 369.816
0.0446684 146.701
0.0466391 128.105
0.0486968 89.2158
0.0508452 517.464
0.0530884 266.813
0.0554307 816.533
0.0578762 311.421
0.0604296 577.8
0.0630957 546.739
0.0658795 520.386
0.068786 198.39
0.0718208 375.339
0.0749894 346.799
0.0782979 377.593
0.0817523 910.951
0.0853591 853.492
0.0891251 878.004
0.0930572 596.959
0.0971628 555.487
0.10145 683.63
0.105925 480.519
0.110599 595.468
0.115478 604.35
0.120573 291.126
0.125893 510.726
0.131447 622.763
0.137246 924.246
0.143301 569.317
0.149624 841.885
0.156225 671.195
0.163117 1355.13
0.170314 301.847
0.177828 955.126
0.185674 767.133
0.193865 772.541
0.202418 727.501
0.211349 652.125
0.220673 968.136
0.230409 340.671
0.240575 1324.51
0.251189 1342.23
0.262271 672.685
0.273842 983.079
0.285924 572.535
0.298538 531.666
0.311709 1129.43
0.325462 1375.16
0.339821 956.106
0.354813 735.548
0.370467 999.219
0.386812 985.896
0.403878 544.011
0.421697 1324.16
0.440301 1260.29
0.459727 876.994
0.48001 1630.68
0.501187 629.651
0.523299 1077.86
0.546387 600.089
0.570493 846.593
0.595662 695.839
0.621942 1049.08
0.649382 605.158
0.678032 782.346
0.707946 893.067
0.73918 1081.55
0.771792 797.766
0.805842 705.004
0.841395 616.827
0.878517 620.972
0.917276 753.82
0.957745 256.735
1 672.219
1.04412 907.64
1.09018 357.049
1.13828 220.777
1.1885 610.317
1.24094 79.2755
1.29569 212.048
1.35285 48.9523
1.41254 299.232
1.47486 139.807
1.53993 305.796
1.60787 605.715
1.6788 565.994
1.75287 116.046
1.83021 96.8218
1.91095 233.619
1.99526 487.767
2.08329 483.64
2.1752 0
2.27117 498.439
2.37137 328.958
2.476 88.7087
2.58523 88.1769
2.69929 110.057
2.81838 181.973
2.94273 270.9
3.07256 29.6889
3.20812 310.819
3.34965 244.633
3.49744 179.978
3.65174 0
3.81285 0
3.98107 93.356
4.15671 179.972
4.3401 249.055
4.53158 242.295
4.73151 609.589
4.94026 165.053
5.15822 204.172
5.3858 115.918
5.62341 87.428
5.87151 0
6.13056 97.4052
6.40103 464.159
6.68344 124.763
6.97831 212.099
7.28618 205.614
7.60764 130.278
7.94328 149.494
8.29373 0
8.65964 253.364
9.0417 113.421
9.44061 175.503
9.85712 243.154
10.292 302.879
10.7461 117.456
11.2202 145.476
11.7152 83.7753
12.2321 0
12.7717 104.001
13.3352 113.326
13.9236 189.613
14.5378 175.825
15.1792 313.238
15.8489 215.4
16.5482 307.782
17.2783 137.206
18.0406 157.838
18.8365 106.964
19.6675 146.838
20.5353 0
21.4412 182.573
22.3872 229.349
23.3749 153.111
24.4062 282.669
25.483 0
26.6073 0
27.7811 87.7895
29.0068 113.358
30.2866 242.793
31.6228 224.999
33.0179 250.951
34.4747 440.758
35.9956 243.1
37.5837 440.074
39.2419 156.435
40.9732 380.902
42.7809 152.523
44.6684 182.315
46.6391 267.625
48.6968 277.188
50.8452 326.249
53.0884 348.783
55.4307 517.803
57.8762 321.067
60.4296 454.567
63.0957 254.553
65.8795 108.631
68.786 692.599
71.8208 269.581
74.9894 409.246
78.2979 376.457
81.7523 109.647
85.3591 564.001
89.1251 533.261
93.0572 848.06
97.1628 518.41
101.45 700.601
105.925 436.573
110.599 326.867
115.478 483.33
120.573 763.901
125.893 366.713
131.447 653.935
137.246 597.17
143.301 548.949
149.624 891.641
156.225 276.797
163.117 343.361
170.314 366.523
177.828 410.912
185.674 344.642
193.865 427.798
202.418 143.162
211.349 119.686
220.673 314.583
230.409 78.0724
240.575 0
251.189 0
262.271 0
273.842 0
285.924 0
298.538 86.2214
311.709 87.4537
325.462 0
339.821 0
354.813 0
370.467 0
386.812 0
403.878 0
421.697 0
440.301 0
459.727 0
480.01 0
501.187 0
523.299 0
546.387 0
570.493 0
595.662 0
621.942 0
649.382 0
678.032 0
707.946 0
739.18 0
771.792 0
805.842 0
841.395 0
878.517 0
917.276 0
957.745 0
1000 0
