# First line is two numbers 
#     First value is '2', it means 'histogram mode'
#     Second value is 'Emin' of the histogram
# Other lines : 2 columns. 1) energy 2) probability (nb divided by NbEvent)
# Number of bins = 480
# Content below the first bin: 0
# Content above the last  bin: 0
# Content above the last  bin: 0
# Number of events: 209000
2 1e-06
1.04412e-06 0
1.09018e-06 0
1.13828e-06 0
1.1885e-06 0
1.24094e-06 0
1.29569e-06 0
1.35285e-06 0
1.41254e-06 0
1.47486e-06 0
1.53993e-06 0
1.60787e-06 0
1.6788e-06 0
1.75287e-06 0
1.83021e-06 0
1.91095e-06 0
1.99526e-06 0
2.08329e-06 0
2.1752e-06 0
2.27117e-06 0
2.37137e-06 0
2.476e-06 0
2.58523e-06 0
2.69929e-06 0
2.81838e-06 0
2.94273e-06 0
3.07256e-06 0
3.20812e-06 0
3.34965e-06 0
3.49744e-06 0
3.65174e-06 0
3.81285e-06 0
3.98107e-06 0
4.15671e-06 0
4.3401e-06 0
4.53158e-06 0
4.73151e-06 0
4.94026e-06 0
5.15822e-06 0
5.3858e-06 0
5.62341e-06 0
5.87151e-06 0
6.13056e-06 0
6.40103e-06 0
6.68344e-06 0
6.97831e-06 0
7.28618e-06 0
7.60764e-06 0
7.94328e-06 0
8.29373e-06 0
8.65964e-06 0
9.0417e-06 0
9.44061e-06 0
9.85712e-06 0
1.0292e-05 0
1.07461e-05 0
1.12202e-05 0
1.17152e-05 0
1.22321e-05 0
1.27717e-05 0
1.33352e-05 0
1.39236e-05 0
1.45378e-05 0
1.51792e-05 0
1.58489e-05 0
1.65482e-05 0
1.72783e-05 0
1.80406e-05 0
1.88365e-05 0
1.96675e-05 0
2.05353e-05 0
2.14412e-05 0
2.23872e-05 0
2.33749e-05 0
2.44062e-05 0
2.5483e-05 0
2.66073e-05 0
2.77811e-05 0
2.90068e-05 0
3.02866e-05 0
3.16228e-05 0
3.30179e-05 0
3.44747e-05 0
3.59956e-05 0
3.75837e-05 0
3.92419e-05 0
4.09732e-05 0
4.27809e-05 0
4.46684e-05 0
4.66391e-05 0
4.86968e-05 0
5.08452e-05 0
5.30884e-05 0
5.54307e-05 0
5.78762e-05 0
6.04296e-05 0
6.30957e-05 0
6.58795e-05 0
6.8786e-05 0
7.18208e-05 0
7.49894e-05 0
7.82979e-05 0
8.17523e-05 0
8.53591e-05 0
8.91251e-05 0
9.30572e-05 0
9.71628e-05 0
0.00010145 0
0.000105925 0
0.000110599 111.222
0.000115478 0
0.000120573 0
0.000125893 0
0.000131447 0
0.000137246 0
0.000143301 0
0.000149624 0
0.000156225 0
0.000163117 0
0.000170314 0
0.000177828 0
0.000185674 0
0.000193865 0
0.000202418 0
0.000211349 0
0.000220673 0
0.000230409 0
0.000240575 0
0.000251189 0
0.000262271 0
0.000273842 0
0.000285924 0
0.000298538 0
0.000311709 0
0.000325462 0
0.000339821 0
0.000354813 0
0.000370467 0
0.000386812 0
0.000403878 0
0.000421697 0
0.000440301 0
0.000459727 0
0.00048001 0
0.000501187 0
0.000523299 0
0.000546387 0
0.000570493 0
0.000595662 0
0.000621942 0
0.000649382 0
0.000678032 0
0.000707946 0
0.00073918 0
0.000771792 0
0.000805842 0
0.000841395 0
0.000878517 0
0.000917276 0
0.000957745 0
0.001 0
0.00104412 0
0.00109018 0
0.00113828 0
0.0011885 0
0.00124094 0
0.00129569 0
0.00135285 0
0.00141254 0
0.00147486 0
0.00153993 0
0.00160787 0
0.0016788 0
0.00175287 0
0.00183021 0
0.00191095 0
0.00199526 0
0.00208329 0
0.0021752 0
0.00227117 0
0.00237137 0
0.002476 0
0.00258523 0
0.00269929 0
0.00281838 0
0.00294273 0
0.00307256 0
0.00320812 0
0.00334965 0
0.00349744 44.2073
0.00365174 42.7721
0.00381285 0
0.00398107 0
0.00415671 0
0.0043401 0
0.00453158 0
0.00473151 0
0.00494026 75.6888
0.00515822 0
0.0053858 0
0.00562341 0
0.00587151 113.714
0.00613056 0
0.00640103 0
0.00668344 0
0.00697831 0
0.00728618 0
0.00760764 0
0.00794328 0
0.00829373 0
0.00865964 0
0.0090417 0
0.00944061 0
0.00985712 0
0.010292 0
0.0107461 111.934
0.0112202 0
0.0117152 99.8758
0.0122321 47.9046
0.0127717 0
0.0133352 0
0.0139236 0
0.0145378 0
0.0151792 86.0895
0.0158489 0
0.0165482 0
0.0172783 106.393
0.0180406 117.261
0.0188365 0
0.0196675 99.3961
0.0205353 228.555
0.0214412 359.537
0.0223872 229.848
0.0233749 161.462
0.0244062 0
0.025483 0
0.0266073 83.7224
0.0277811 92.3054
0.0290068 225.217
0.0302866 197.389
0.0316228 381.915
0.0330179 65.2981
0.0344747 366.273
0.0359956 207.01
0.0375837 94.2423
0.0392419 302.93
0.0409732 110.179
0.0427809 345.329
0.0446684 130.701
0.0466391 111.751
0.0486968 285.633
0.0508452 184.494
0.0530884 255.127
0.0554307 0
0.0578762 525.386
0.0604296 426.99
0.0630957 453.761
0.0658795 340.565
0.068786 495.138
0.0718208 669.626
0.0749894 535.978
0.0782979 500.833
0.0817523 641.357
0.0853591 490.977
0.0891251 214.674
0.0930572 532.043
0.0971628 419.552
0.10145 535.234
0.105925 1017.33
0.110599 441.282
0.115478 508.293
0.120573 514.677
0.125893 853.135
0.131447 978.845
0.137246 981.999
0.143301 1208.29
0.149624 706.96
0.156225 745.73
0.163117 856.877
0.170314 699.455
0.177828 696.112
0.185674 501.121
0.193865 974.357
0.202418 797.566
0.211349 1073.16
0.220673 966.722
0.230409 742.655
0.240575 907.075
0.251189 522.865
0.262271 1026.07
0.273842 851.839
0.285924 1016.62
0.298538 1343.64
0.311709 976.473
0.325462 975.532
0.339821 1520.94
0.354813 1204.02
0.370467 1265.36
0.386812 673.774
0.403878 1247.84
0.421697 1199.56
0.440301 816.262
0.459727 951.154
0.48001 943.283
0.501187 891.82
0.523299 1258.54
0.546387 1086.87
0.570493 1346.28
0.595662 610.823
0.621942 1008.51
0.649382 580.342
0.678032 585.123
0.707946 1014.39
0.73918 780.049
0.771792 613.698
0.805842 111.001
0.841395 817.359
0.878517 677.341
0.917276 594.96
0.957745 130.744
1 737.044
1.04412 974.163
1.09018 256.477
1.13828 436.176
1.1885 86.0993
1.24094 327.799
1.29569 320.466
1.35285 312.641
1.41254 326.803
1.47486 372.207
1.53993 308.74
1.60787 0
1.6788 467.748
1.75287 184.298
1.83021 396.527
1.91095 176.506
1.99526 153.725
2.08329 144.497
2.1752 114.857
2.27117 105.617
2.37137 626.139
2.476 412.494
2.58523 474.14
2.69929 113.197
2.81838 110.198
2.94273 28.8983
3.07256 243.222
3.20812 178.182
3.34965 178.875
3.49744 214.486
3.65174 181.485
3.81285 221.548
3.98107 277.416
4.15671 133.499
4.3401 310.925
4.53158 261.485
4.73151 282.452
4.94026 108.9
5.15822 375.689
5.3858 271.825
5.62341 53.9956
5.87151 0
6.13056 94.3665
6.40103 183.732
6.68344 249.982
6.97831 175.277
7.28618 211.088
7.60764 390.436
7.94328 82.7166
8.29373 112.219
8.65964 149.009
9.0417 92.6904
9.44061 0
9.85712 279.813
10.292 85.3703
10.7461 187.619
11.2202 62.3456
11.7152 284.281
12.2321 110.228
12.7717 149.97
13.3352 0
13.9236 103.934
14.5378 217.596
15.1792 221.834
15.8489 399.679
16.5482 113.687
17.2783 132.588
18.0406 127.19
18.8365 107.628
19.6675 0
20.5353 239.37
21.4412 197.36
22.3872 135.939
23.3749 0
24.4062 0
25.483 0
26.6073 0
27.7811 132.545
29.0068 212.592
30.2866 94.2117
31.6228 270.371
33.0179 221.442
34.4747 212.481
35.9956 376.121
37.5837 174.347
39.2419 286.404
40.9732 241.739
42.7809 289.181
44.6684 272.606
46.6391 253.555
48.6968 359.017
50.8452 0
53.0884 315.705
55.4307 144.302
57.8762 503.103
60.4296 431.149
63.0957 287.582
65.8795 538.181
68.786 0
71.8208 377.786
74.9894 566.932
78.2979 216.403
81.7523 810.529
85.3591 159.409
89.1251 167.678
93.0572 464.005
97.1628 675.66
101.45 273.089
105.925 490.536
110.599 636.888
115.478 458.171
120.573 352.499
125.893 102.927
131.447 660.385
137.246 724.903
143.301 516.465
149.624 1009.38
156.225 301.47
163.117 81.7392
170.314 400.304
177.828 201.815
185.674 586.393
193.865 77.4568
202.418 199.853
211.349 0
220.673 179.343
230.409 176.889
240.575 204.137
251.189 129.205
262.271 61.5734
273.842 74.3229
285.924 118.182
298.538 0
311.709 99.926
325.462 0
339.821 0
354.813 204.581
370.467 85.9141
386.812 0
403.878 88.826
421.697 0
440.301 0
459.727 0
480.01 0
501.187 0
523.299 0
546.387 0
570.493 0
595.662 0
621.942 0
649.382 0
678.032 0
707.946 0
739.18 0
771.792 0
805.842 0
841.395 0
878.517 0
917.276 0
957.745 0
1000 0
