# First line is two numbers 
#     First value is '2', it means 'histogram mode'
#     Second value is 'Emin' of the histogram
# Other lines : 2 columns. 1) energy 2) probability (nb divided by NbEvent)
# Number of bins = 480
# Content below the first bin: 0
# Content above the last  bin: 0
# Content above the last  bin: 0
# Number of events: 209000
2 1e-06
1.04412e-06 0
1.09018e-06 0
1.13828e-06 0
1.1885e-06 0
1.24094e-06 0
1.29569e-06 0
1.35285e-06 0
1.41254e-06 0
1.47486e-06 0
1.53993e-06 0
1.60787e-06 0
1.6788e-06 0
1.75287e-06 0
1.83021e-06 0
1.91095e-06 0
1.99526e-06 0
2.08329e-06 0
2.1752e-06 0
2.27117e-06 0
2.37137e-06 0
2.476e-06 0
2.58523e-06 0
2.69929e-06 0
2.81838e-06 0
2.94273e-06 0
3.07256e-06 0
3.20812e-06 0
3.34965e-06 0
3.49744e-06 0
3.65174e-06 0
3.81285e-06 0
3.98107e-06 0
4.15671e-06 0
4.3401e-06 0
4.53158e-06 0
4.73151e-06 0
4.94026e-06 0
5.15822e-06 0
5.3858e-06 0
5.62341e-06 0
5.87151e-06 0
6.13056e-06 0
6.40103e-06 0
6.68344e-06 0
6.97831e-06 0
7.28618e-06 0
7.60764e-06 0
7.94328e-06 0
8.29373e-06 0
8.65964e-06 0
9.0417e-06 0
9.44061e-06 0
9.85712e-06 0
1.0292e-05 0
1.07461e-05 0
1.12202e-05 0
1.17152e-05 0
1.22321e-05 0
1.27717e-05 0
1.33352e-05 0
1.39236e-05 0
1.45378e-05 0
1.51792e-05 0
1.58489e-05 0
1.65482e-05 0
1.72783e-05 0
1.80406e-05 0
1.88365e-05 0
1.96675e-05 0
2.05353e-05 0
2.14412e-05 0
2.23872e-05 0
2.33749e-05 0
2.44062e-05 0
2.5483e-05 0
2.66073e-05 0
2.77811e-05 0
2.90068e-05 0
3.02866e-05 0
3.16228e-05 0
3.30179e-05 0
3.44747e-05 0
3.59956e-05 0
3.75837e-05 0
3.92419e-05 0
4.09732e-05 0
4.27809e-05 0
4.46684e-05 0
4.66391e-05 0
4.86968e-05 0
5.08452e-05 0
5.30884e-05 0
5.54307e-05 0
5.78762e-05 0
6.04296e-05 0
6.30957e-05 0
6.58795e-05 0
6.8786e-05 0
7.18208e-05 0
7.49894e-05 0
7.82979e-05 0
8.17523e-05 0
8.53591e-05 0
8.91251e-05 0
9.30572e-05 0
9.71628e-05 0
0.00010145 0
0.000105925 0
0.000110599 0
0.000115478 0
0.000120573 0
0.000125893 0
0.000131447 0
0.000137246 0
0.000143301 0
0.000149624 0
0.000156225 0
0.000163117 0
0.000170314 0
0.000177828 0
0.000185674 0
0.000193865 0
0.000202418 0
0.000211349 0
0.000220673 0
0.000230409 0
0.000240575 0
0.000251189 0
0.000262271 0
0.000273842 0
0.000285924 0
0.000298538 0
0.000311709 0
0.000325462 0
0.000339821 0
0.000354813 0
0.000370467 0
0.000386812 0
0.000403878 0
0.000421697 0
0.000440301 0
0.000459727 0
0.00048001 0
0.000501187 0
0.000523299 0
0.000546387 0
0.000570493 0
0.000595662 0
0.000621942 0
0.000649382 0
0.000678032 0
0.000707946 0
0.00073918 0
0.000771792 0
0.000805842 0
0.000841395 0
0.000878517 0
0.000917276 0
0.000957745 0
0.001 0
0.00104412 0
0.00109018 0
0.00113828 0
0.0011885 0
0.00124094 0
0.00129569 0
0.00135285 0
0.00141254 0
0.00147486 0
0.00153993 0
0.00160787 0
0.0016788 22.8026
0.00175287 0
0.00183021 0
0.00191095 74.5897
0.00199526 0
0.00208329 0
0.0021752 0
0.00227117 0
0.00237137 0
0.002476 0
0.00258523 82.0818
0.00269929 164.821
0.00281838 91.3774
0.00294273 0
0.00307256 115.354
0.00320812 0
0.00334965 0
0.00349744 0
0.00365174 0
0.00381285 114.371
0.00398107 0
0.00415671 138.681
0.0043401 70.5868
0.00453158 0
0.00473151 0
0.00494026 0
0.00515822 0
0.0053858 58.9444
0.00562341 0
0.00587151 104.818
0.00613056 0
0.00640103 0
0.00668344 0
0.00697831 0
0.00728618 274.071
0.00760764 137.788
0.00794328 169.553
0.00829373 99.8616
0.00865964 0
0.0090417 111.996
0.00944061 113.927
0.00985712 113.537
0.010292 207.111
0.0107461 0
0.0112202 114.421
0.0117152 215.229
0.0122321 85.2249
0.0127717 0
0.0133352 138.599
0.0139236 110.886
0.0145378 373.558
0.0151792 196.553
0.0158489 301.553
0.0165482 26.8097
0.0172783 183.117
0.0180406 341.936
0.0188365 356.335
0.0196675 141.023
0.0205353 463.336
0.0214412 286.587
0.0223872 419.484
0.0233749 345.828
0.0244062 388.703
0.025483 264.967
0.0266073 148.66
0.0277811 457.841
0.0290068 1345.46
0.0302866 602.944
0.0316228 678.541
0.0330179 932.525
0.0344747 762.572
0.0359956 923.815
0.0375837 1532.6
0.0392419 1497.26
0.0409732 767.912
0.0427809 1656.21
0.0446684 701.164
0.0466391 1818.28
0.0486968 1837.7
0.0508452 1471.22
0.0530884 1721.33
0.0554307 1565.38
0.0578762 1996.26
0.0604296 2001.29
0.0630957 2284.93
0.0658795 2144.4
0.068786 999.019
0.0718208 1445.79
0.0749894 1804.82
0.0782979 2508.74
0.0817523 2355.99
0.0853591 1726.15
0.0891251 2084.51
0.0930572 2763.66
0.0971628 3495.12
0.10145 3213.34
0.105925 3164.19
0.110599 3530.63
0.115478 3301.34
0.120573 3343.43
0.125893 4079.88
0.131447 3898.82
0.137246 3739.51
0.143301 3613.72
0.149624 3426.81
0.156225 3370.54
0.163117 4849.9
0.170314 3818.49
0.177828 3066.75
0.185674 3453.5
0.193865 4775.53
0.202418 4108.9
0.211349 3696.93
0.220673 4372.5
0.230409 4119.09
0.240575 4565.01
0.251189 3899.65
0.262271 4166.78
0.273842 4809.51
0.285924 4375.74
0.298538 4491.95
0.311709 5732.36
0.325462 3913.9
0.339821 5603.84
0.354813 4713.52
0.370467 4869.7
0.386812 4410.07
0.403878 4380.09
0.421697 4994.8
0.440301 4450.29
0.459727 4945.86
0.48001 4739.58
0.501187 4249.86
0.523299 5399.32
0.546387 4075.56
0.570493 4678.97
0.595662 4946.13
0.621942 4090.93
0.649382 4812.47
0.678032 5040.72
0.707946 3672.53
0.73918 3602.38
0.771792 4367.93
0.805842 3888.03
0.841395 4003.67
0.878517 3018.12
0.917276 4418.8
0.957745 2677.59
1 2965.22
1.04412 3375.47
1.09018 3304.47
1.13828 1600.46
1.1885 2091.46
1.24094 2020.76
1.29569 2845.45
1.35285 2399.38
1.41254 2274.79
1.47486 1644.6
1.53993 1757.6
1.60787 1764.92
1.6788 1086.4
1.75287 1458.96
1.83021 1772.18
1.91095 2041.93
1.99526 1180.88
2.08329 1385.94
2.1752 1249.74
2.27117 1942.26
2.37137 1421.53
2.476 1538.34
2.58523 1372.87
2.69929 1127.51
2.81838 1520.93
2.94273 810.674
3.07256 811.097
3.20812 994.784
3.34965 777.475
3.49744 729.234
3.65174 916.101
3.81285 1304.73
3.98107 686.198
4.15671 1123.21
4.3401 961.25
4.53158 928.36
4.73151 1039.77
4.94026 1364.52
5.15822 330.336
5.3858 1047.91
5.62341 412.197
5.87151 594.149
6.13056 777.527
6.40103 675.78
6.68344 477.884
6.97831 515.805
7.28618 616.08
7.60764 249.855
7.94328 733.996
8.29373 661.359
8.65964 380.682
9.0417 358.226
9.44061 656.854
9.85712 752.939
10.292 462.923
10.7461 301.783
11.2202 451.791
11.7152 353.693
12.2321 105.107
12.7717 124.478
13.3352 260.734
13.9236 626.3
14.5378 131.826
15.1792 935.419
15.8489 245.607
16.5482 474.459
17.2783 660.458
18.0406 373.969
18.8365 230.499
19.6675 591.59
20.5353 310.488
21.4412 481.033
22.3872 365.187
23.3749 160.023
24.4062 509.311
25.483 542.989
26.6073 448.687
27.7811 272.753
29.0068 302.495
30.2866 570.24
31.6228 477.59
33.0179 429.461
34.4747 267.734
35.9956 180.95
37.5837 656.858
39.2419 433.472
40.9732 237.399
42.7809 671.887
44.6684 746.968
46.6391 508.405
48.6968 510.739
50.8452 741.879
53.0884 452.36
55.4307 1141.62
57.8762 683.069
60.4296 869.18
63.0957 459.336
65.8795 626.309
68.786 331.271
71.8208 753.83
74.9894 694.4
78.2979 640.356
81.7523 364.625
85.3591 412.847
89.1251 484.94
93.0572 1017.65
97.1628 394.738
101.45 794.425
105.925 418.717
110.599 628.638
115.478 611.444
120.573 361.917
125.893 568.839
131.447 648.855
137.246 296.507
143.301 355.202
149.624 438.891
156.225 14.4213
163.117 367.404
170.314 319.47
177.828 477.247
185.674 336.386
193.865 241.825
202.418 345.351
211.349 341.521
220.673 277.462
230.409 119.594
240.575 238.102
251.189 121.34
262.271 62.2802
273.842 112.652
285.924 295.617
298.538 101.268
311.709 317.522
325.462 258.223
339.821 110.325
354.813 71.2235
370.467 0
386.812 139.108
403.878 0
421.697 0
440.301 0
459.727 0
480.01 0
501.187 0
523.299 0
546.387 0
570.493 0
595.662 0
621.942 0
649.382 0
678.032 0
707.946 0
739.18 0
771.792 0
805.842 0
841.395 0
878.517 0
917.276 0
957.745 0
1000 0
