# First line is two numbers 
#     First value is '2', it means 'histogram mode'
#     Second value is 'Emin' of the histogram
# Other lines : 2 columns. 1) energy 2) probability (nb divided by NbEvent)
# Number of bins = 480
# Content below the first bin: 0
# Content above the last  bin: 1
# Content above the last  bin: 1
# Number of events: 209000
2 1e-06
1.04412e-06 0
1.09018e-06 0
1.13828e-06 0
1.1885e-06 0
1.24094e-06 0
1.29569e-06 0
1.35285e-06 0
1.41254e-06 0
1.47486e-06 0
1.53993e-06 0
1.60787e-06 0
1.6788e-06 0
1.75287e-06 0
1.83021e-06 0
1.91095e-06 0
1.99526e-06 0
2.08329e-06 0
2.1752e-06 0
2.27117e-06 0
2.37137e-06 0
2.476e-06 0
2.58523e-06 0
2.69929e-06 0
2.81838e-06 0
2.94273e-06 0
3.07256e-06 0
3.20812e-06 0
3.34965e-06 0
3.49744e-06 0
3.65174e-06 0
3.81285e-06 0
3.98107e-06 0
4.15671e-06 0
4.3401e-06 0
4.53158e-06 0
4.73151e-06 0
4.94026e-06 0
5.15822e-06 0
5.3858e-06 0
5.62341e-06 0
5.87151e-06 0
6.13056e-06 0
6.40103e-06 0
6.68344e-06 0
6.97831e-06 0
7.28618e-06 0
7.60764e-06 0
7.94328e-06 0
8.29373e-06 0
8.65964e-06 0
9.0417e-06 0
9.44061e-06 0
9.85712e-06 0
1.0292e-05 0
1.07461e-05 0
1.12202e-05 0
1.17152e-05 0
1.22321e-05 0
1.27717e-05 0
1.33352e-05 0
1.39236e-05 0
1.45378e-05 0
1.51792e-05 0
1.58489e-05 0
1.65482e-05 0
1.72783e-05 0
1.80406e-05 0
1.88365e-05 0
1.96675e-05 0
2.05353e-05 0
2.14412e-05 0
2.23872e-05 0
2.33749e-05 0
2.44062e-05 0
2.5483e-05 0
2.66073e-05 0
2.77811e-05 0
2.90068e-05 0
3.02866e-05 0
3.16228e-05 0
3.30179e-05 0
3.44747e-05 0
3.59956e-05 0
3.75837e-05 0
3.92419e-05 0
4.09732e-05 0
4.27809e-05 0
4.46684e-05 0
4.66391e-05 0
4.86968e-05 0
5.08452e-05 0
5.30884e-05 0
5.54307e-05 0
5.78762e-05 0
6.04296e-05 0
6.30957e-05 0
6.58795e-05 0
6.8786e-05 0
7.18208e-05 0
7.49894e-05 0
7.82979e-05 0
8.17523e-05 0
8.53591e-05 0
8.91251e-05 0
9.30572e-05 0
9.71628e-05 0
0.00010145 0
0.000105925 0
0.000110599 0
0.000115478 0
0.000120573 0
0.000125893 0
0.000131447 0
0.000137246 0
0.000143301 0
0.000149624 0
0.000156225 0
0.000163117 0
0.000170314 0
0.000177828 0
0.000185674 0
0.000193865 0
0.000202418 0
0.000211349 0
0.000220673 0
0.000230409 0
0.000240575 0
0.000251189 0
0.000262271 0
0.000273842 0
0.000285924 0
0.000298538 0
0.000311709 0
0.000325462 0
0.000339821 0
0.000354813 0
0.000370467 0
0.000386812 0
0.000403878 0
0.000421697 0
0.000440301 0
0.000459727 0
0.00048001 0
0.000501187 0
0.000523299 0
0.000546387 0
0.000570493 0
0.000595662 0
0.000621942 0
0.000649382 0
0.000678032 0
0.000707946 0
0.00073918 0
0.000771792 0
0.000805842 0
0.000841395 0
0.000878517 0
0.000917276 0
0.000957745 0
0.001 0
0.00104412 0
0.00109018 0
0.00113828 0
0.0011885 0
0.00124094 0
0.00129569 0
0.00135285 0
0.00141254 0
0.00147486 0
0.00153993 0
0.00160787 0
0.0016788 0
0.00175287 0
0.00183021 0
0.00191095 0
0.00199526 0
0.00208329 0
0.0021752 0
0.00227117 0
0.00237137 0
0.002476 0
0.00258523 1
0.00269929 0
0.00281838 0
0.00294273 0
0.00307256 0
0.00320812 0
0.00334965 0
0.00349744 0
0.00365174 0
0.00381285 1
0.00398107 0
0.00415671 0
0.0043401 0
0.00453158 0
0.00473151 0
0.00494026 1
0.00515822 0
0.0053858 0
0.00562341 0
0.00587151 2
0.00613056 1
0.00640103 1
0.00668344 0
0.00697831 0
0.00728618 1
0.00760764 0
0.00794328 0
0.00829373 1
0.00865964 2
0.0090417 0
0.00944061 1
0.00985712 0
0.010292 0
0.0107461 1
0.0112202 1
0.0117152 3
0.0122321 2
0.0127717 3
0.0133352 4
0.0139236 1
0.0145378 3
0.0151792 3
0.0158489 4
0.0165482 3
0.0172783 7
0.0180406 3
0.0188365 4
0.0196675 6
0.0205353 3
0.0214412 2
0.0223872 0
0.0233749 2
0.0244062 5
0.025483 12
0.0266073 9
0.0277811 9
0.0290068 13
0.0302866 7
0.0316228 9
0.0330179 11
0.0344747 17
0.0359956 6
0.0375837 12
0.0392419 13
0.0409732 9
0.0427809 9
0.0446684 12
0.0466391 10
0.0486968 14
0.0508452 14
0.0530884 20
0.0554307 18
0.0578762 9
0.0604296 15
0.0630957 20
0.0658795 24
0.068786 17
0.0718208 21
0.0749894 23
0.0782979 24
0.0817523 23
0.0853591 22
0.0891251 30
0.0930572 24
0.0971628 26
0.10145 22
0.105925 34
0.110599 27
0.115478 33
0.120573 38
0.125893 38
0.131447 31
0.137246 34
0.143301 36
0.149624 28
0.156225 39
0.163117 43
0.170314 37
0.177828 41
0.185674 37
0.193865 37
0.202418 46
0.211349 47
0.220673 48
0.230409 40
0.240575 46
0.251189 40
0.262271 63
0.273842 38
0.285924 51
0.298538 45
0.311709 43
0.325462 41
0.339821 52
0.354813 54
0.370467 64
0.386812 53
0.403878 51
0.421697 57
0.440301 59
0.459727 52
0.48001 31
0.501187 47
0.523299 77
0.546387 65
0.570493 47
0.595662 39
0.621942 46
0.649382 57
0.678032 41
0.707946 42
0.73918 47
0.771792 38
0.805842 51
0.841395 42
0.878517 32
0.917276 38
0.957745 31
1 28
1.04412 35
1.09018 37
1.13828 29
1.1885 30
1.24094 28
1.29569 29
1.35285 25
1.41254 18
1.47486 25
1.53993 19
1.60787 22
1.6788 9
1.75287 16
1.83021 13
1.91095 13
1.99526 11
2.08329 16
2.1752 20
2.27117 11
2.37137 21
2.476 14
2.58523 16
2.69929 19
2.81838 10
2.94273 10
3.07256 11
3.20812 6
3.34965 7
3.49744 15
3.65174 20
3.81285 7
3.98107 9
4.15671 15
4.3401 5
4.53158 9
4.73151 5
4.94026 13
5.15822 12
5.3858 8
5.62341 7
5.87151 7
6.13056 8
6.40103 4
6.68344 8
6.97831 8
7.28618 5
7.60764 5
7.94328 0
8.29373 8
8.65964 4
9.0417 2
9.44061 3
9.85712 9
10.292 2
10.7461 6
11.2202 9
11.7152 4
12.2321 4
12.7717 2
13.3352 4
13.9236 1
14.5378 5
15.1792 6
15.8489 6
16.5482 4
17.2783 7
18.0406 5
18.8365 3
19.6675 7
20.5353 4
21.4412 8
22.3872 6
23.3749 1
24.4062 3
25.483 6
26.6073 11
27.7811 5
29.0068 5
30.2866 6
31.6228 6
33.0179 8
34.4747 4
35.9956 8
37.5837 6
39.2419 5
40.9732 7
42.7809 7
44.6684 2
46.6391 10
48.6968 6
50.8452 10
53.0884 6
55.4307 7
57.8762 5
60.4296 8
63.0957 6
65.8795 4
68.786 9
71.8208 10
74.9894 9
78.2979 11
81.7523 4
85.3591 10
89.1251 8
93.0572 5
97.1628 11
101.45 8
105.925 14
110.599 6
115.478 9
120.573 13
125.893 11
131.447 6
137.246 17
143.301 8
149.624 8
156.225 5
163.117 7
170.314 12
177.828 10
185.674 5
193.865 6
202.418 16
211.349 8
220.673 6
230.409 4
240.575 7
251.189 8
262.271 10
273.842 5
285.924 7
298.538 11
311.709 8
325.462 12
339.821 8
354.813 8
370.467 4
386.812 2
403.878 3
421.697 4
440.301 4
459.727 1
480.01 3
501.187 1
523.299 2
546.387 2
570.493 0
595.662 1
621.942 3
649.382 1
678.032 0
707.946 0
739.18 1
771.792 0
805.842 0
841.395 0
878.517 0
917.276 0
957.745 1
1000 0
