# First line is two numbers 
#     First value is '2', it means 'histogram mode'
#     Second value is 'Emin' of the histogram
# Other lines : 2 columns. 1) energy 2) probability (nb divided by NbEvent)
# Number of bins = 480
# Content below the first bin: 0
# Content above the last  bin: 0
# Content above the last  bin: 0
# Number of events: 209000
2 1e-06
1.04412e-06 0
1.09018e-06 0
1.13828e-06 0
1.1885e-06 0
1.24094e-06 0
1.29569e-06 0
1.35285e-06 0
1.41254e-06 0
1.47486e-06 0
1.53993e-06 0
1.60787e-06 0
1.6788e-06 0
1.75287e-06 0
1.83021e-06 0
1.91095e-06 0
1.99526e-06 0
2.08329e-06 0
2.1752e-06 0
2.27117e-06 0
2.37137e-06 0
2.476e-06 0
2.58523e-06 0
2.69929e-06 0
2.81838e-06 0
2.94273e-06 0
3.07256e-06 0
3.20812e-06 0
3.34965e-06 0
3.49744e-06 0
3.65174e-06 0
3.81285e-06 0
3.98107e-06 0
4.15671e-06 0
4.3401e-06 0
4.53158e-06 0
4.73151e-06 0
4.94026e-06 0
5.15822e-06 0
5.3858e-06 0
5.62341e-06 0
5.87151e-06 0
6.13056e-06 0
6.40103e-06 0
6.68344e-06 0
6.97831e-06 0
7.28618e-06 0
7.60764e-06 0
7.94328e-06 0
8.29373e-06 0
8.65964e-06 0
9.0417e-06 0
9.44061e-06 0
9.85712e-06 0
1.0292e-05 0
1.07461e-05 0
1.12202e-05 0
1.17152e-05 0
1.22321e-05 0
1.27717e-05 0
1.33352e-05 0
1.39236e-05 0
1.45378e-05 0
1.51792e-05 0
1.58489e-05 0
1.65482e-05 0
1.72783e-05 0
1.80406e-05 0
1.88365e-05 0
1.96675e-05 0
2.05353e-05 0
2.14412e-05 0
2.23872e-05 0
2.33749e-05 0
2.44062e-05 0
2.5483e-05 0
2.66073e-05 0
2.77811e-05 0
2.90068e-05 0
3.02866e-05 0
3.16228e-05 0
3.30179e-05 0
3.44747e-05 0
3.59956e-05 0
3.75837e-05 0
3.92419e-05 0
4.09732e-05 0
4.27809e-05 0
4.46684e-05 0
4.66391e-05 0
4.86968e-05 0
5.08452e-05 0
5.30884e-05 0
5.54307e-05 0
5.78762e-05 0
6.04296e-05 0
6.30957e-05 0
6.58795e-05 0
6.8786e-05 0
7.18208e-05 0
7.49894e-05 0
7.82979e-05 0
8.17523e-05 0
8.53591e-05 0
8.91251e-05 0
9.30572e-05 0
9.71628e-05 0
0.00010145 0
0.000105925 0
0.000110599 0
0.000115478 0
0.000120573 0
0.000125893 0
0.000131447 0
0.000137246 0
0.000143301 0
0.000149624 0
0.000156225 0
0.000163117 0
0.000170314 0
0.000177828 0
0.000185674 0
0.000193865 0
0.000202418 0
0.000211349 0
0.000220673 0
0.000230409 0
0.000240575 0
0.000251189 0
0.000262271 0
0.000273842 0
0.000285924 0
0.000298538 0
0.000311709 0
0.000325462 0
0.000339821 0
0.000354813 0
0.000370467 0
0.000386812 0
0.000403878 0
0.000421697 0
0.000440301 0
0.000459727 0
0.00048001 0
0.000501187 0
0.000523299 0
0.000546387 0
0.000570493 0
0.000595662 0
0.000621942 0
0.000649382 0
0.000678032 0
0.000707946 0
0.00073918 90.03
0.000771792 0
0.000805842 0
0.000841395 0
0.000878517 0
0.000917276 0
0.000957745 113.229
0.001 0
0.00104412 0
0.00109018 0
0.00113828 0
0.0011885 0
0.00124094 0
0.00129569 0
0.00135285 0
0.00141254 0
0.00147486 0
0.00153993 0
0.00160787 0
0.0016788 0
0.00175287 0
0.00183021 0
0.00191095 0
0.00199526 25.6964
0.00208329 0
0.0021752 0
0.00227117 108.392
0.00237137 0
0.002476 0
0.00258523 0
0.00269929 0
0.00281838 0
0.00294273 0
0.00307256 0
0.00320812 0
0.00334965 0
0.00349744 110.634
0.00365174 0
0.00381285 0
0.00398107 0
0.00415671 0
0.0043401 108.011
0.00453158 0
0.00473151 0
0.00494026 0
0.00515822 0
0.0053858 0
0.00562341 0
0.00587151 163.81
0.00613056 0
0.00640103 88.7821
0.00668344 308.508
0.00697831 74.0408
0.00728618 0
0.00760764 25.9177
0.00794328 0
0.00829373 0
0.00865964 0
0.0090417 75.3538
0.00944061 109.695
0.00985712 104.873
0.010292 0
0.0107461 147.111
0.0112202 0
0.0117152 0
0.0122321 0
0.0127717 0
0.0133352 265.448
0.0139236 84.6118
0.0145378 86.0659
0.0151792 400.598
0.0158489 98.0658
0.0165482 79.358
0.0172783 78.9168
0.0180406 334.235
0.0188365 635.713
0.0196675 400.233
0.0205353 436.623
0.0214412 210.976
0.0223872 497.804
0.0233749 438.28
0.0244062 636.608
0.025483 251.724
0.0266073 715.509
0.0277811 592.366
0.0290068 851.394
0.0302866 689.825
0.0316228 562.987
0.0330179 918.189
0.0344747 1043.56
0.0359956 868.164
0.0375837 844.335
0.0392419 633.93
0.0409732 745.686
0.0427809 896.741
0.0446684 1173.3
0.0466391 1288.58
0.0486968 757.626
0.0508452 820.099
0.0530884 1004.98
0.0554307 978.945
0.0578762 1709.06
0.0604296 1216.89
0.0630957 1515.59
0.0658795 1347.2
0.068786 1202.7
0.0718208 1711.47
0.0749894 1821.81
0.0782979 2529.42
0.0817523 2498.72
0.0853591 2364.52
0.0891251 1574.72
0.0930572 2359.7
0.0971628 2470.11
0.10145 2095.92
0.105925 3469.76
0.110599 2914.72
0.115478 2264.79
0.120573 1860.04
0.125893 2537.24
0.131447 3713.02
0.137246 3783.14
0.143301 3009.59
0.149624 4594.15
0.156225 3842.85
0.163117 3592.46
0.170314 3835.9
0.177828 4056.16
0.185674 2363.64
0.193865 2566.47
0.202418 3053.28
0.211349 3243.76
0.220673 3156.99
0.230409 3884.83
0.240575 3507.79
0.251189 2491.87
0.262271 4077.74
0.273842 4662.87
0.285924 3232.16
0.298538 3339.98
0.311709 3992
0.325462 4674.28
0.339821 3964.05
0.354813 4260.15
0.370467 4154
0.386812 3742.74
0.403878 4162.96
0.421697 3271.01
0.440301 3738.49
0.459727 4223.4
0.48001 4195.32
0.501187 5310.77
0.523299 3162.45
0.546387 3520.12
0.570493 3004.05
0.595662 3676.65
0.621942 3003.89
0.649382 3354
0.678032 2952.84
0.707946 2816.25
0.73918 3266.49
0.771792 3476.5
0.805842 3059.77
0.841395 2512.7
0.878517 2445.54
0.917276 3159.1
0.957745 2401.27
1 2401.41
1.04412 2571.04
1.09018 2596.66
1.13828 1344.78
1.1885 2100.02
1.24094 2197.45
1.29569 1220.96
1.35285 1543.65
1.41254 2041.23
1.47486 1374.44
1.53993 1605.04
1.60787 1529.58
1.6788 1671.29
1.75287 1254.77
1.83021 1348.77
1.91095 1072.83
1.99526 1240.01
2.08329 1395.94
2.1752 1456.11
2.27117 1111.49
2.37137 751.863
2.476 1126.31
2.58523 701.303
2.69929 1091.48
2.81838 572.053
2.94273 1373.92
3.07256 479.951
3.20812 1051.06
3.34965 624.679
3.49744 1183.56
3.65174 1060.96
3.81285 441.915
3.98107 918.951
4.15671 471.19
4.3401 1003
4.53158 264.523
4.73151 458.242
4.94026 456.722
5.15822 831.204
5.3858 869.115
5.62341 441.021
5.87151 635.483
6.13056 694.96
6.40103 527.333
6.68344 205.912
6.97831 694.364
7.28618 469.978
7.60764 644.774
7.94328 456.61
8.29373 352.132
8.65964 839.821
9.0417 119.952
9.44061 765.12
9.85712 370.728
10.292 717.257
10.7461 296.33
11.2202 173.453
11.7152 344.93
12.2321 67.4963
12.7717 425.498
13.3352 461.621
13.9236 392.466
14.5378 306.37
15.1792 552.437
15.8489 391.808
16.5482 370.229
17.2783 439.568
18.0406 595.928
18.8365 403.49
19.6675 289.427
20.5353 324.605
21.4412 525.758
22.3872 223.272
23.3749 745.462
24.4062 294.303
25.483 186.037
26.6073 501.362
27.7811 356.064
29.0068 364.564
30.2866 365.808
31.6228 274.499
33.0179 272.864
34.4747 393.304
35.9956 590.289
37.5837 215.983
39.2419 551.401
40.9732 784.53
42.7809 447.829
44.6684 518.362
46.6391 266.518
48.6968 569.551
50.8452 397.897
53.0884 314.024
55.4307 205.466
57.8762 470.215
60.4296 844.589
63.0957 330.604
65.8795 615.463
68.786 592.591
71.8208 578.13
74.9894 941.833
78.2979 664.876
81.7523 885.778
85.3591 428.463
89.1251 784.283
93.0572 1129.82
97.1628 831.736
101.45 924.107
105.925 477.908
110.599 210.174
115.478 728.356
120.573 561.438
125.893 1029.58
131.447 706.187
137.246 918.964
143.301 635.758
149.624 575.659
156.225 793.105
163.117 463.64
170.314 578.198
177.828 649.979
185.674 480.509
193.865 1180.27
202.418 685.594
211.349 1013.81
220.673 725.857
230.409 946.72
240.575 654.275
251.189 1064.06
262.271 445.31
273.842 896.43
285.924 980.841
298.538 1182.27
311.709 843.905
325.462 225.978
339.821 492.402
354.813 416.106
370.467 528.29
386.812 398.945
403.878 0
421.697 203.168
440.301 178.737
459.727 98.9372
480.01 134.514
501.187 0
523.299 0
546.387 83.4458
570.493 88.7659
595.662 80.8782
621.942 198.473
649.382 13.0987
678.032 0
707.946 39.2418
739.18 0
771.792 0
805.842 0
841.395 0
878.517 0
917.276 59.3439
957.745 0
1000 0
