# First line is two numbers 
#     First value is '2', it means 'histogram mode'
#     Second value is 'Emin' of the histogram
# Other lines : 2 columns. 1) energy 2) probability (nb divided by NbEvent)
# Number of bins = 480
# Content below the first bin: 0
# Content above the last  bin: 0
# Content above the last  bin: 0
# Number of events: 209000
2 1e-06
1.04412e-06 0
1.09018e-06 0
1.13828e-06 0
1.1885e-06 0
1.24094e-06 0
1.29569e-06 0
1.35285e-06 0
1.41254e-06 0
1.47486e-06 0
1.53993e-06 0
1.60787e-06 0
1.6788e-06 0
1.75287e-06 0
1.83021e-06 0
1.91095e-06 0
1.99526e-06 0
2.08329e-06 0
2.1752e-06 0
2.27117e-06 0
2.37137e-06 0
2.476e-06 0
2.58523e-06 0
2.69929e-06 0
2.81838e-06 0
2.94273e-06 0
3.07256e-06 0
3.20812e-06 0
3.34965e-06 0
3.49744e-06 0
3.65174e-06 0
3.81285e-06 0
3.98107e-06 0
4.15671e-06 0
4.3401e-06 0
4.53158e-06 0
4.73151e-06 0
4.94026e-06 0
5.15822e-06 0
5.3858e-06 0
5.62341e-06 0
5.87151e-06 0
6.13056e-06 0
6.40103e-06 0
6.68344e-06 0
6.97831e-06 0
7.28618e-06 0
7.60764e-06 0
7.94328e-06 0
8.29373e-06 0
8.65964e-06 0
9.0417e-06 0
9.44061e-06 0
9.85712e-06 0
1.0292e-05 0
1.07461e-05 0
1.12202e-05 0
1.17152e-05 0
1.22321e-05 0
1.27717e-05 0
1.33352e-05 0
1.39236e-05 0
1.45378e-05 0
1.51792e-05 0
1.58489e-05 0
1.65482e-05 0
1.72783e-05 0
1.80406e-05 0
1.88365e-05 0
1.96675e-05 0
2.05353e-05 0
2.14412e-05 0
2.23872e-05 0
2.33749e-05 0
2.44062e-05 0
2.5483e-05 0
2.66073e-05 0
2.77811e-05 0
2.90068e-05 0
3.02866e-05 0
3.16228e-05 0
3.30179e-05 0
3.44747e-05 0
3.59956e-05 0
3.75837e-05 0
3.92419e-05 0
4.09732e-05 0
4.27809e-05 0
4.46684e-05 0
4.66391e-05 0
4.86968e-05 0
5.08452e-05 0
5.30884e-05 0
5.54307e-05 0
5.78762e-05 0
6.04296e-05 0
6.30957e-05 0
6.58795e-05 0
6.8786e-05 0
7.18208e-05 0
7.49894e-05 0
7.82979e-05 0
8.17523e-05 0
8.53591e-05 0
8.91251e-05 0
9.30572e-05 0
9.71628e-05 0
0.00010145 0
0.000105925 0
0.000110599 0
0.000115478 0
0.000120573 0
0.000125893 0
0.000131447 0
0.000137246 0
0.000143301 0
0.000149624 0
0.000156225 0
0.000163117 0
0.000170314 0
0.000177828 0
0.000185674 0
0.000193865 0
0.000202418 0
0.000211349 0
0.000220673 0
0.000230409 0
0.000240575 0
0.000251189 0
0.000262271 0
0.000273842 0
0.000285924 0
0.000298538 0
0.000311709 0
0.000325462 0
0.000339821 0
0.000354813 0
0.000370467 0
0.000386812 0
0.000403878 0
0.000421697 0
0.000440301 0
0.000459727 0
0.00048001 0
0.000501187 0
0.000523299 0
0.000546387 0
0.000570493 0
0.000595662 0
0.000621942 0
0.000649382 0
0.000678032 0
0.000707946 73.5482
0.00073918 0
0.000771792 0
0.000805842 0
0.000841395 78.8311
0.000878517 0
0.000917276 0
0.000957745 0
0.001 0
0.00104412 0
0.00109018 0
0.00113828 0
0.0011885 0
0.00124094 0
0.00129569 0
0.00135285 0
0.00141254 0
0.00147486 0
0.00153993 0
0.00160787 33.3863
0.0016788 0
0.00175287 0
0.00183021 0
0.00191095 0
0.00199526 0
0.00208329 0
0.0021752 0
0.00227117 0
0.00237137 143.859
0.002476 18.9164
0.00258523 0
0.00269929 0
0.00281838 0
0.00294273 89.8462
0.00307256 0
0.00320812 0
0.00334965 83.3267
0.00349744 23.5866
0.00365174 0
0.00381285 97.8166
0.00398107 64.8574
0.00415671 0
0.0043401 0
0.00453158 38.8155
0.00473151 0
0.00494026 45.8552
0.00515822 77.6939
0.0053858 85.0143
0.00562341 0
0.00587151 135.835
0.00613056 72.3753
0.00640103 0
0.00668344 50.5881
0.00697831 270.134
0.00728618 274.16
0.00760764 142.385
0.00794328 82.2525
0.00829373 283.42
0.00865964 423.183
0.0090417 257.519
0.00944061 104.572
0.00985712 301.583
0.010292 253.959
0.0107461 259.966
0.0112202 139.595
0.0117152 93.2879
0.0122321 306.461
0.0127717 537.627
0.0133352 611.084
0.0139236 814.764
0.0145378 369.474
0.0151792 485.781
0.0158489 879.987
0.0165482 857.42
0.0172783 441.947
0.0180406 963.377
0.0188365 610.351
0.0196675 332.103
0.0205353 843.514
0.0214412 608.236
0.0223872 941.592
0.0233749 1157.14
0.0244062 920.863
0.025483 1259.33
0.0266073 1009.55
0.0277811 1030.61
0.0290068 1617.72
0.0302866 1622.94
0.0316228 1361.06
0.0330179 1967.48
0.0344747 2615.75
0.0359956 2664.74
0.0375837 2853.99
0.0392419 2081.98
0.0409732 2068.22
0.0427809 2595.99
0.0446684 2944.79
0.0466391 3032.61
0.0486968 3971.2
0.0508452 3235.64
0.0530884 2745.83
0.0554307 2678.38
0.0578762 3151.38
0.0604296 4679.99
0.0630957 3948.21
0.0658795 5840.65
0.068786 4380.03
0.0718208 4172.32
0.0749894 4331.4
0.0782979 4779.28
0.0817523 5557.31
0.0853591 5414.61
0.0891251 6004.38
0.0930572 5637.51
0.0971628 7354.06
0.10145 6743.03
0.105925 6860.94
0.110599 5851.93
0.115478 8381.31
0.120573 8254.32
0.125893 6679.96
0.131447 6535.14
0.137246 7626.69
0.143301 8321.64
0.149624 8646.26
0.156225 7430.18
0.163117 8059.31
0.170314 6200.83
0.177828 8984.07
0.185674 8933.71
0.193865 10208.6
0.202418 8095
0.211349 9054.86
0.220673 9674.06
0.230409 6700.65
0.240575 9379.46
0.251189 9135.55
0.262271 9459.98
0.273842 10062.6
0.285924 9964.86
0.298538 10345.8
0.311709 10126.2
0.325462 10714.2
0.339821 9568.46
0.354813 10445.9
0.370467 9083.76
0.386812 11501.1
0.403878 12180.5
0.421697 11027.9
0.440301 8870.76
0.459727 9991
0.48001 11053.9
0.501187 9905.37
0.523299 9164.38
0.546387 9473.06
0.570493 10524
0.595662 10360
0.621942 10420.1
0.649382 9463.1
0.678032 10848.8
0.707946 10133.2
0.73918 8893.34
0.771792 8426.68
0.805842 9382.05
0.841395 8473.95
0.878517 8035.67
0.917276 7675.58
0.957745 7782.23
1 7072.67
1.04412 6581.2
1.09018 5609.75
1.13828 5797.69
1.1885 4429.46
1.24094 5845.69
1.29569 3498.81
1.35285 4366.84
1.41254 5075.55
1.47486 4818.64
1.53993 2912.42
1.60787 3717.74
1.6788 3374.38
1.75287 3985.19
1.83021 3158.96
1.91095 3578.77
1.99526 3323.41
2.08329 2551.49
2.1752 2020.43
2.27117 4401.85
2.37137 2688.46
2.476 2437.44
2.58523 2962.26
2.69929 2313.43
2.81838 3006.6
2.94273 2880.99
3.07256 2467.28
3.20812 2482.57
3.34965 2609.38
3.49744 1778.99
3.65174 2018.85
3.81285 1774.61
3.98107 1675.8
4.15671 2172.8
4.3401 1939.61
4.53158 1475.14
4.73151 1758.31
4.94026 1501.78
5.15822 1172.96
5.3858 1002.5
5.62341 1328.84
5.87151 1629.08
6.13056 1042.03
6.40103 1250.74
6.68344 1098.77
6.97831 1565.31
7.28618 1742.42
7.60764 1328.23
7.94328 1272.84
8.29373 1418.93
8.65964 806.866
9.0417 918.165
9.44061 1199.98
9.85712 1288.83
10.292 754.649
10.7461 1111.49
11.2202 1012.2
11.7152 1309.35
12.2321 1293.77
12.7717 1188.85
13.3352 608.114
13.9236 584.336
14.5378 617.508
15.1792 1423.58
15.8489 966.318
16.5482 672.735
17.2783 717.282
18.0406 1545.48
18.8365 809.056
19.6675 1309.57
20.5353 740.433
21.4412 1149.57
22.3872 816.894
23.3749 1111.1
24.4062 1965.15
25.483 560.58
26.6073 867.038
27.7811 1393.56
29.0068 1007.86
30.2866 1771.46
31.6228 1348.93
33.0179 973.594
34.4747 1088.53
35.9956 1660.33
37.5837 847.212
39.2419 641.983
40.9732 842.53
42.7809 855.244
44.6684 1595.38
46.6391 1340.05
48.6968 1678.07
50.8452 940.519
53.0884 1516.74
55.4307 1834.52
57.8762 1073.93
60.4296 1157.32
63.0957 1815.76
65.8795 2148.76
68.786 2392.9
71.8208 1384.83
74.9894 1736.07
78.2979 2170.92
81.7523 1858.38
85.3591 2291.91
89.1251 1526.45
93.0572 1645.47
97.1628 2569.52
101.45 1831.05
105.925 1035.3
110.599 2287.05
115.478 1773.74
120.573 2001.67
125.893 2040.5
131.447 1020.3
137.246 2290.92
143.301 1417.48
149.624 1775.97
156.225 1406.87
163.117 2195.79
170.314 1569.98
177.828 1548.01
185.674 1854.33
193.865 925.969
202.418 1969.51
211.349 1285.26
220.673 2020.17
230.409 1255.58
240.575 1020.04
251.189 1435.71
262.271 1098.09
273.842 1013.17
285.924 1171.41
298.538 1937.77
311.709 1035.37
325.462 992.035
339.821 734.692
354.813 741.326
370.467 804.599
386.812 702.377
403.878 1472.17
421.697 220.52
440.301 385.81
459.727 491.689
480.01 278.491
501.187 536.932
523.299 397.47
546.387 553.189
570.493 60.563
595.662 119.761
621.942 0
649.382 98.4851
678.032 283.598
707.946 0
739.18 0
771.792 103.676
805.842 71.1664
841.395 59.9945
878.517 0
917.276 0
957.745 0
1000 0
