# First line is two numbers 
#     First value is '2', it means 'histogram mode'
#     Second value is 'Emin' of the histogram
# Other lines : 2 columns. 1) energy 2) probability (nb divided by NbEvent)
# Number of bins = 480
# Content below the first bin: 0
# Content above the last  bin: 0
# Content above the last  bin: 0
# Number of events: 209000
2 1e-06
1.04412e-06 0
1.09018e-06 0
1.13828e-06 0
1.1885e-06 0
1.24094e-06 0
1.29569e-06 0
1.35285e-06 0
1.41254e-06 0
1.47486e-06 0
1.53993e-06 0
1.60787e-06 0
1.6788e-06 0
1.75287e-06 0
1.83021e-06 0
1.91095e-06 0
1.99526e-06 0
2.08329e-06 0
2.1752e-06 0
2.27117e-06 0
2.37137e-06 0
2.476e-06 0
2.58523e-06 0
2.69929e-06 0
2.81838e-06 0
2.94273e-06 0
3.07256e-06 0
3.20812e-06 0
3.34965e-06 0
3.49744e-06 0
3.65174e-06 0
3.81285e-06 0
3.98107e-06 0
4.15671e-06 0
4.3401e-06 0
4.53158e-06 0
4.73151e-06 0
4.94026e-06 0
5.15822e-06 0
5.3858e-06 0
5.62341e-06 0
5.87151e-06 0
6.13056e-06 0
6.40103e-06 0
6.68344e-06 0
6.97831e-06 0
7.28618e-06 0
7.60764e-06 0
7.94328e-06 0
8.29373e-06 0
8.65964e-06 0
9.0417e-06 0
9.44061e-06 0
9.85712e-06 0
1.0292e-05 0
1.07461e-05 0
1.12202e-05 0
1.17152e-05 0
1.22321e-05 0
1.27717e-05 0
1.33352e-05 0
1.39236e-05 0
1.45378e-05 0
1.51792e-05 0
1.58489e-05 0
1.65482e-05 0
1.72783e-05 0
1.80406e-05 0
1.88365e-05 0
1.96675e-05 0
2.05353e-05 0
2.14412e-05 0
2.23872e-05 0
2.33749e-05 0
2.44062e-05 0
2.5483e-05 0
2.66073e-05 0
2.77811e-05 0
2.90068e-05 0
3.02866e-05 0
3.16228e-05 0
3.30179e-05 0
3.44747e-05 0
3.59956e-05 0
3.75837e-05 0
3.92419e-05 0
4.09732e-05 0
4.27809e-05 0
4.46684e-05 0
4.66391e-05 0
4.86968e-05 0
5.08452e-05 0
5.30884e-05 0
5.54307e-05 0
5.78762e-05 0
6.04296e-05 0
6.30957e-05 0
6.58795e-05 0
6.8786e-05 0
7.18208e-05 0
7.49894e-05 0
7.82979e-05 0
8.17523e-05 0
8.53591e-05 0
8.91251e-05 0
9.30572e-05 0
9.71628e-05 0
0.00010145 0
0.000105925 0
0.000110599 0
0.000115478 0
0.000120573 0
0.000125893 0
0.000131447 0
0.000137246 0
0.000143301 0
0.000149624 0
0.000156225 0
0.000163117 0
0.000170314 0
0.000177828 0
0.000185674 0
0.000193865 0
0.000202418 0
0.000211349 0
0.000220673 0
0.000230409 0
0.000240575 0
0.000251189 0
0.000262271 0
0.000273842 0
0.000285924 0
0.000298538 0
0.000311709 0
0.000325462 0
0.000339821 0
0.000354813 0
0.000370467 0
0.000386812 0
0.000403878 0
0.000421697 0
0.000440301 0
0.000459727 0
0.00048001 0
0.000501187 0
0.000523299 0
0.000546387 0
0.000570493 0
0.000595662 0
0.000621942 0
0.000649382 0
0.000678032 0
0.000707946 0
0.00073918 0
0.000771792 0
0.000805842 0
0.000841395 0
0.000878517 0
0.000917276 0
0.000957745 0
0.001 0
0.00104412 0
0.00109018 0
0.00113828 0
0.0011885 0
0.00124094 0
0.00129569 0
0.00135285 0
0.00141254 103.298
0.00147486 0
0.00153993 0
0.00160787 0
0.0016788 0
0.00175287 0
0.00183021 0
0.00191095 0
0.00199526 57.9217
0.00208329 0
0.0021752 0
0.00227117 0
0.00237137 0
0.002476 0
0.00258523 0
0.00269929 29.6207
0.00281838 92.3207
0.00294273 0
0.00307256 0
0.00320812 0
0.00334965 0
0.00349744 0
0.00365174 0
0.00381285 0
0.00398107 0
0.00415671 0
0.0043401 0
0.00453158 198.223
0.00473151 60.964
0.00494026 94.9698
0.00515822 40.0099
0.0053858 0
0.00562341 56.8671
0.00587151 98.4667
0.00613056 0
0.00640103 0
0.00668344 0
0.00697831 93.7833
0.00728618 0
0.00760764 65.1696
0.00794328 167.164
0.00829373 200.822
0.00865964 154.348
0.0090417 96.5386
0.00944061 43.568
0.00985712 0
0.010292 0
0.0107461 322.913
0.0112202 474.632
0.0117152 160.5
0.0122321 386.01
0.0127717 340.121
0.0133352 624.108
0.0139236 367.707
0.0145378 478.016
0.0151792 510.33
0.0158489 310.117
0.0165482 586.49
0.0172783 743.49
0.0180406 354.74
0.0188365 980.626
0.0196675 368.427
0.0205353 416.059
0.0214412 702.41
0.0223872 1129.24
0.0233749 922.729
0.0244062 984.115
0.025483 840.823
0.0266073 851.741
0.0277811 743.06
0.0290068 1573.83
0.0302866 1131.31
0.0316228 1414.36
0.0330179 950.046
0.0344747 1307.96
0.0359956 1178.76
0.0375837 2183.55
0.0392419 1758.82
0.0409732 690.115
0.0427809 1391.25
0.0446684 1820.17
0.0466391 2229.6
0.0486968 3479.47
0.0508452 1748.6
0.0530884 3230.87
0.0554307 1914.9
0.0578762 3477.69
0.0604296 2991.01
0.0630957 3813.89
0.0658795 3959
0.068786 3863.01
0.0718208 4939.4
0.0749894 3125.78
0.0782979 4023.53
0.0817523 4794.71
0.0853591 5068.09
0.0891251 5611.55
0.0930572 4720.11
0.0971628 6074.06
0.10145 5980.78
0.105925 6236.24
0.110599 5157.22
0.115478 5451.67
0.120573 4979.17
0.125893 5768.6
0.131447 4558.39
0.137246 6074.04
0.143301 6079.36
0.149624 6051.39
0.156225 7689.47
0.163117 8461.77
0.170314 7146.51
0.177828 7328.58
0.185674 6825.37
0.193865 7836
0.202418 6042.03
0.211349 5565.46
0.220673 7396.06
0.230409 7305.4
0.240575 6684.66
0.251189 10080.3
0.262271 8024.18
0.273842 9969.65
0.285924 8962.1
0.298538 8997.57
0.311709 7213.74
0.325462 8435.18
0.339821 6347.69
0.354813 7140.81
0.370467 8240.65
0.386812 7461.46
0.403878 8388.86
0.421697 8030.96
0.440301 7789.05
0.459727 8206.52
0.48001 7308.56
0.501187 6528.94
0.523299 9147.56
0.546387 6906.36
0.570493 8493.96
0.595662 7231.64
0.621942 6966.37
0.649382 7469.9
0.678032 8194.07
0.707946 8628.12
0.73918 7824.97
0.771792 8592.77
0.805842 7100.18
0.841395 7790.19
0.878517 5342.52
0.917276 6142.52
0.957745 5992.52
1 4660.33
1.04412 5117.52
1.09018 5587.15
1.13828 4420.78
1.1885 5069.97
1.24094 3573.81
1.29569 3831.61
1.35285 3589.2
1.41254 2796.61
1.47486 3505.85
1.53993 2951.17
1.60787 3109.08
1.6788 2693.32
1.75287 2792.46
1.83021 2429.42
1.91095 3062.11
1.99526 2037.42
2.08329 2570.75
2.1752 2686.59
2.27117 2281.93
2.37137 1774.15
2.476 2951.87
2.58523 2095.75
2.69929 1233.66
2.81838 2064.05
2.94273 2236.18
3.07256 1554.04
3.20812 2321.17
3.34965 1146.83
3.49744 1341.95
3.65174 1738.25
3.81285 1671.77
3.98107 1641.53
4.15671 1130.45
4.3401 968.606
4.53158 1674.85
4.73151 1291.81
4.94026 1081.79
5.15822 1463.25
5.3858 866.848
5.62341 1109.14
5.87151 1383.21
6.13056 1096.73
6.40103 922.163
6.68344 1204.81
6.97831 504.36
7.28618 796.189
7.60764 1169.5
7.94328 1227.63
8.29373 1229.57
8.65964 729.908
9.0417 1380.45
9.44061 429.925
9.85712 1061.52
10.292 1674.72
10.7461 1000.22
11.2202 782.995
11.7152 571.574
12.2321 547.431
12.7717 1136.07
13.3352 383.289
13.9236 498.341
14.5378 1028.32
15.1792 748.035
15.8489 646.371
16.5482 871.576
17.2783 439.665
18.0406 762.515
18.8365 1285.71
19.6675 643.086
20.5353 609.978
21.4412 1016.68
22.3872 806.602
23.3749 898.871
24.4062 648.771
25.483 1038.01
26.6073 597.188
27.7811 1387.38
29.0068 580.91
30.2866 957.463
31.6228 621.651
33.0179 937.084
34.4747 768.738
35.9956 1572.77
37.5837 824.739
39.2419 1148.95
40.9732 1108.94
42.7809 870.685
44.6684 840.459
46.6391 1348.7
48.6968 1409.57
50.8452 1501.61
53.0884 1294.36
55.4307 1245.99
57.8762 928.032
60.4296 1195.56
63.0957 1685.81
65.8795 1726.01
68.786 2205.19
71.8208 1573.75
74.9894 1746.36
78.2979 1693.66
81.7523 1344.69
85.3591 1441.36
89.1251 2036.67
93.0572 1685.27
97.1628 2310.98
101.45 2267.9
105.925 2093.19
110.599 1857.19
115.478 2295.2
120.573 2009.24
125.893 1775.91
131.447 1281.59
137.246 1991.63
143.301 2146.83
149.624 1304.35
156.225 2152.89
163.117 1941.96
170.314 2210.87
177.828 3536.49
185.674 2982.7
193.865 3282.65
202.418 2343.63
211.349 1948.54
220.673 3272.07
230.409 3061.67
240.575 4741.98
251.189 3354.23
262.271 4319.58
273.842 4186.46
285.924 5431.87
298.538 4989.47
311.709 4196.62
325.462 5384.99
339.821 5185.76
354.813 4539.11
370.467 5101.44
386.812 3028.14
403.878 2157.97
421.697 862.467
440.301 754.904
459.727 1777.33
480.01 1018.12
501.187 1210.99
523.299 498.788
546.387 441.644
570.493 614.905
595.662 538.873
621.942 243.086
649.382 201.406
678.032 282.642
707.946 42.1216
739.18 78.2006
771.792 146.055
805.842 0
841.395 72.6565
878.517 95.8854
917.276 0
957.745 0
1000 74.344
