# First line is two numbers 
#     First value is '2', it means 'histogram mode'
#     Second value is 'Emin' of the histogram
# Other lines : 2 columns. 1) energy 2) probability (nb divided by NbEvent)
# Number of bins = 480
# Content below the first bin: 0
# Content above the last  bin: 0
# Content above the last  bin: 0
# Number of events: 209000
2 1e-06
1.04412e-06 0
1.09018e-06 0
1.13828e-06 0
1.1885e-06 0
1.24094e-06 0
1.29569e-06 0
1.35285e-06 0
1.41254e-06 0
1.47486e-06 0
1.53993e-06 0
1.60787e-06 0
1.6788e-06 0
1.75287e-06 0
1.83021e-06 0
1.91095e-06 0
1.99526e-06 0
2.08329e-06 0
2.1752e-06 0
2.27117e-06 0
2.37137e-06 0
2.476e-06 0
2.58523e-06 0
2.69929e-06 0
2.81838e-06 0
2.94273e-06 0
3.07256e-06 0
3.20812e-06 0
3.34965e-06 0
3.49744e-06 0
3.65174e-06 0
3.81285e-06 0
3.98107e-06 0
4.15671e-06 0
4.3401e-06 0
4.53158e-06 0
4.73151e-06 0
4.94026e-06 0
5.15822e-06 0
5.3858e-06 0
5.62341e-06 0
5.87151e-06 0
6.13056e-06 0
6.40103e-06 0
6.68344e-06 0
6.97831e-06 0
7.28618e-06 0
7.60764e-06 0
7.94328e-06 0
8.29373e-06 0
8.65964e-06 0
9.0417e-06 0
9.44061e-06 0
9.85712e-06 0
1.0292e-05 0
1.07461e-05 0
1.12202e-05 0
1.17152e-05 0
1.22321e-05 0
1.27717e-05 0
1.33352e-05 0
1.39236e-05 0
1.45378e-05 0
1.51792e-05 0
1.58489e-05 0
1.65482e-05 0
1.72783e-05 0
1.80406e-05 0
1.88365e-05 0
1.96675e-05 0
2.05353e-05 0
2.14412e-05 0
2.23872e-05 0
2.33749e-05 0
2.44062e-05 0
2.5483e-05 0
2.66073e-05 0
2.77811e-05 0
2.90068e-05 0
3.02866e-05 0
3.16228e-05 0
3.30179e-05 0
3.44747e-05 0
3.59956e-05 0
3.75837e-05 0
3.92419e-05 0
4.09732e-05 0
4.27809e-05 0
4.46684e-05 0
4.66391e-05 0
4.86968e-05 0
5.08452e-05 0
5.30884e-05 0
5.54307e-05 0
5.78762e-05 0
6.04296e-05 0
6.30957e-05 0
6.58795e-05 0
6.8786e-05 0
7.18208e-05 0
7.49894e-05 0
7.82979e-05 0
8.17523e-05 0
8.53591e-05 0
8.91251e-05 0
9.30572e-05 0
9.71628e-05 0
0.00010145 0
0.000105925 0
0.000110599 0
0.000115478 0
0.000120573 0
0.000125893 0
0.000131447 0
0.000137246 0
0.000143301 0
0.000149624 0
0.000156225 0
0.000163117 0
0.000170314 0
0.000177828 0
0.000185674 0
0.000193865 0
0.000202418 0
0.000211349 0
0.000220673 0
0.000230409 0
0.000240575 0
0.000251189 0
0.000262271 0
0.000273842 0
0.000285924 0
0.000298538 0
0.000311709 0
0.000325462 0
0.000339821 0
0.000354813 0
0.000370467 0
0.000386812 0
0.000403878 0
0.000421697 0
0.000440301 0
0.000459727 0
0.00048001 0
0.000501187 0
0.000523299 0
0.000546387 0
0.000570493 0
0.000595662 0
0.000621942 0
0.000649382 0
0.000678032 0
0.000707946 0
0.00073918 0
0.000771792 0
0.000805842 0
0.000841395 0
0.000878517 0
0.000917276 0
0.000957745 0
0.001 0
0.00104412 0
0.00109018 0
0.00113828 0
0.0011885 0
0.00124094 0
0.00129569 0
0.00135285 0
0.00141254 0
0.00147486 0
0.00153993 0
0.00160787 0
0.0016788 0
0.00175287 0
0.00183021 0
0.00191095 0
0.00199526 0
0.00208329 0
0.0021752 0
0.00227117 0
0.00237137 0
0.002476 0
0.00258523 0
0.00269929 0
0.00281838 0
0.00294273 0
0.00307256 0
0.00320812 0
0.00334965 0
0.00349744 0
0.00365174 0
0.00381285 0
0.00398107 0
0.00415671 0
0.0043401 0
0.00453158 0
0.00473151 0
0.00494026 0
0.00515822 0
0.0053858 0
0.00562341 0
0.00587151 0
0.00613056 109.513
0.00640103 0
0.00668344 0
0.00697831 0
0.00728618 0
0.00760764 117.839
0.00794328 0
0.00829373 0
0.00865964 0
0.0090417 0
0.00944061 0
0.00985712 0
0.010292 0
0.0107461 0
0.0112202 64.1184
0.0117152 0
0.0122321 0
0.0127717 0
0.0133352 0
0.0139236 0
0.0145378 0
0.0151792 37.0005
0.0158489 43.0779
0.0165482 64.8869
0.0172783 115.118
0.0180406 0
0.0188365 74.5306
0.0196675 109.273
0.0205353 0
0.0214412 94.3352
0.0223872 90.2801
0.0233749 107.685
0.0244062 424.803
0.025483 231.791
0.0266073 276.713
0.0277811 0
0.0290068 184.379
0.0302866 77.1297
0.0316228 58.5689
0.0330179 320.586
0.0344747 222.456
0.0359956 138.321
0.0375837 749.349
0.0392419 0
0.0409732 102.623
0.0427809 317.393
0.0446684 183.352
0.0466391 85.9013
0.0486968 298.087
0.0508452 343.793
0.0530884 138.902
0.0554307 533.948
0.0578762 216.46
0.0604296 559.717
0.0630957 216.094
0.0658795 148.323
0.068786 338.316
0.0718208 646.263
0.0749894 209.248
0.0782979 885.861
0.0817523 1041.11
0.0853591 691.464
0.0891251 529.691
0.0930572 805.11
0.0971628 734.549
0.10145 804.326
0.105925 475.049
0.110599 706.326
0.115478 701.694
0.120573 517.102
0.125893 980.049
0.131447 358.597
0.137246 598.118
0.143301 993.962
0.149624 691.08
0.156225 423.56
0.163117 1086.05
0.170314 596.982
0.177828 1165.9
0.185674 1255.88
0.193865 895.061
0.202418 1334.56
0.211349 837.303
0.220673 638.269
0.230409 920.294
0.240575 897.513
0.251189 945.537
0.262271 860.888
0.273842 1429.72
0.285924 742.056
0.298538 435.089
0.311709 1457.05
0.325462 872.973
0.339821 926.805
0.354813 1235.16
0.370467 741.909
0.386812 1093.35
0.403878 1066.16
0.421697 598.408
0.440301 1037.93
0.459727 637.1
0.48001 911.828
0.501187 714.626
0.523299 809.099
0.546387 828.978
0.570493 853.38
0.595662 907.884
0.621942 809.366
0.649382 808.181
0.678032 846.096
0.707946 884.422
0.73918 545.537
0.771792 918.522
0.805842 758.188
0.841395 543.972
0.878517 985.687
0.917276 263.769
0.957745 955.455
1 309.029
1.04412 607.878
1.09018 876.817
1.13828 542.002
1.1885 229.588
1.24094 654.38
1.29569 636.822
1.35285 612.607
1.41254 415.559
1.47486 400.702
1.53993 27.1789
1.60787 334.754
1.6788 264.722
1.75287 507.367
1.83021 453.359
1.91095 118.848
1.99526 552.732
2.08329 234.952
2.1752 418.199
2.27117 285.844
2.37137 0
2.476 192.998
2.58523 93.4216
2.69929 191.688
2.81838 108.928
2.94273 551.278
3.07256 342.207
3.20812 111.236
3.34965 107.951
3.49744 182.839
3.65174 443.913
3.81285 197.569
3.98107 394.884
4.15671 115.766
4.3401 160.251
4.53158 24.0757
4.73151 178.862
4.94026 0
5.15822 80.4244
5.3858 114.629
5.62341 240.316
5.87151 355.852
6.13056 135.481
6.40103 107.976
6.68344 155.416
6.97831 0
7.28618 294.535
7.60764 140.194
7.94328 129.194
8.29373 192.257
8.65964 190.633
9.0417 138.957
9.44061 102.469
9.85712 103.145
10.292 198.241
10.7461 0
11.2202 119.47
11.7152 0
12.2321 132.406
12.7717 0
13.3352 88.1524
13.9236 0
14.5378 0
15.1792 48.6408
15.8489 262.384
16.5482 92.4416
17.2783 0
18.0406 69.7761
18.8365 0
19.6675 156.542
20.5353 103.308
21.4412 17.3945
22.3872 97.1746
23.3749 0
24.4062 235.573
25.483 63.8677
26.6073 41.3939
27.7811 89.7438
29.0068 197.665
30.2866 245.211
31.6228 112.477
33.0179 154.749
34.4747 112.638
35.9956 0
37.5837 52.1649
39.2419 19.6476
40.9732 228.438
42.7809 0
44.6684 288.866
46.6391 0
48.6968 220.422
50.8452 269.645
53.0884 165.253
55.4307 59.2308
57.8762 105.806
60.4296 239.403
63.0957 0
65.8795 109.001
68.786 89.2191
71.8208 0
74.9894 133.941
78.2979 197.632
81.7523 0
85.3591 39.1375
89.1251 206.668
93.0572 0
97.1628 207.406
101.45 46.2308
105.925 0
110.599 102.697
115.478 0
120.573 102.451
125.893 104.187
131.447 0
137.246 0
143.301 0
149.624 79.0374
156.225 0
163.117 162.109
170.314 49.4976
177.828 234.173
185.674 0
193.865 0
202.418 0
211.349 0
220.673 118.335
230.409 0
240.575 0
251.189 0
262.271 0
273.842 0
285.924 0
298.538 179.345
311.709 34.8233
325.462 0
339.821 0
354.813 0
370.467 0
386.812 0
403.878 0
421.697 0
440.301 0
459.727 0
480.01 0
501.187 0
523.299 0
546.387 0
570.493 0
595.662 0
621.942 0
649.382 0
678.032 0
707.946 0
739.18 0
771.792 0
805.842 0
841.395 0
878.517 0
917.276 0
957.745 0
1000 0
