# First line is two numbers 
#     First value is '2', it means 'histogram mode'
#     Second value is 'Emin' of the histogram
# Other lines : 2 columns. 1) energy 2) probability (nb divided by NbEvent)
# Number of bins = 480
# Content below the first bin: 0
# Content above the last  bin: 0
# Content above the last  bin: 0
# Number of events: 209000
2 1e-06
1.04412e-06 0
1.09018e-06 0
1.13828e-06 0
1.1885e-06 0
1.24094e-06 0
1.29569e-06 0
1.35285e-06 0
1.41254e-06 0
1.47486e-06 0
1.53993e-06 0
1.60787e-06 0
1.6788e-06 0
1.75287e-06 0
1.83021e-06 0
1.91095e-06 0
1.99526e-06 0
2.08329e-06 0
2.1752e-06 0
2.27117e-06 0
2.37137e-06 0
2.476e-06 0
2.58523e-06 0
2.69929e-06 0
2.81838e-06 0
2.94273e-06 0
3.07256e-06 0
3.20812e-06 0
3.34965e-06 0
3.49744e-06 0
3.65174e-06 0
3.81285e-06 0
3.98107e-06 0
4.15671e-06 0
4.3401e-06 0
4.53158e-06 0
4.73151e-06 0
4.94026e-06 0
5.15822e-06 0
5.3858e-06 0
5.62341e-06 0
5.87151e-06 0
6.13056e-06 0
6.40103e-06 0
6.68344e-06 0
6.97831e-06 0
7.28618e-06 0
7.60764e-06 0
7.94328e-06 0
8.29373e-06 0
8.65964e-06 0
9.0417e-06 0
9.44061e-06 0
9.85712e-06 0
1.0292e-05 0
1.07461e-05 0
1.12202e-05 0
1.17152e-05 0
1.22321e-05 0
1.27717e-05 0
1.33352e-05 0
1.39236e-05 0
1.45378e-05 0
1.51792e-05 0
1.58489e-05 0
1.65482e-05 0
1.72783e-05 0
1.80406e-05 0
1.88365e-05 0
1.96675e-05 0
2.05353e-05 0
2.14412e-05 0
2.23872e-05 0
2.33749e-05 0
2.44062e-05 0
2.5483e-05 0
2.66073e-05 0
2.77811e-05 0
2.90068e-05 0
3.02866e-05 0
3.16228e-05 0
3.30179e-05 0
3.44747e-05 0
3.59956e-05 0
3.75837e-05 0
3.92419e-05 0
4.09732e-05 0
4.27809e-05 0
4.46684e-05 0
4.66391e-05 0
4.86968e-05 0
5.08452e-05 0
5.30884e-05 0
5.54307e-05 0
5.78762e-05 0
6.04296e-05 0
6.30957e-05 0
6.58795e-05 0
6.8786e-05 0
7.18208e-05 0
7.49894e-05 0
7.82979e-05 0
8.17523e-05 0
8.53591e-05 0
8.91251e-05 0
9.30572e-05 0
9.71628e-05 0
0.00010145 0
0.000105925 0
0.000110599 0
0.000115478 0
0.000120573 0
0.000125893 0
0.000131447 0
0.000137246 0
0.000143301 0
0.000149624 0
0.000156225 0
0.000163117 0
0.000170314 0
0.000177828 0
0.000185674 0
0.000193865 0
0.000202418 0
0.000211349 0
0.000220673 0
0.000230409 0
0.000240575 0
0.000251189 0
0.000262271 0
0.000273842 0
0.000285924 0
0.000298538 0
0.000311709 0
0.000325462 0
0.000339821 0
0.000354813 0
0.000370467 0
0.000386812 0
0.000403878 0
0.000421697 0
0.000440301 0
0.000459727 0
0.00048001 0
0.000501187 0
0.000523299 0
0.000546387 0
0.000570493 0
0.000595662 0
0.000621942 0
0.000649382 0
0.000678032 0
0.000707946 0
0.00073918 0
0.000771792 0
0.000805842 0
0.000841395 0
0.000878517 0
0.000917276 0
0.000957745 55.3351
0.001 0
0.00104412 0
0.00109018 0
0.00113828 0
0.0011885 0
0.00124094 0
0.00129569 0
0.00135285 0
0.00141254 0
0.00147486 0
0.00153993 0
0.00160787 0
0.0016788 0
0.00175287 0
0.00183021 0
0.00191095 92.9761
0.00199526 82.2482
0.00208329 0
0.0021752 0
0.00227117 0
0.00237137 0
0.002476 114.612
0.00258523 0
0.00269929 0
0.00281838 0
0.00294273 55.0647
0.00307256 0
0.00320812 80.7036
0.00334965 86.5756
0.00349744 0
0.00365174 0
0.00381285 3.74366
0.00398107 97.1555
0.00415671 56.4555
0.0043401 85.1971
0.00453158 159.607
0.00473151 197.887
0.00494026 0
0.00515822 0
0.0053858 0
0.00562341 90.0445
0.00587151 223.033
0.00613056 0
0.00640103 66.3002
0.00668344 298.039
0.00697831 0
0.00728618 232.189
0.00760764 293.898
0.00794328 367.32
0.00829373 152.807
0.00865964 275.292
0.0090417 56.8085
0.00944061 189.94
0.00985712 212.009
0.010292 84.1029
0.0107461 191.71
0.0112202 246.902
0.0117152 445.503
0.0122321 276.874
0.0127717 463.533
0.0133352 316.15
0.0139236 243.218
0.0145378 806.678
0.0151792 755.518
0.0158489 554.05
0.0165482 527.709
0.0172783 477.78
0.0180406 963.126
0.0188365 618.224
0.0196675 570.962
0.0205353 1052.16
0.0214412 453.51
0.0223872 1023.59
0.0233749 549.564
0.0244062 1504.63
0.025483 917.762
0.0266073 1015
0.0277811 1572.33
0.0290068 1472.58
0.0302866 1523.08
0.0316228 1573.23
0.0330179 1908.93
0.0344747 1809.61
0.0359956 2020.27
0.0375837 2114.78
0.0392419 2330.17
0.0409732 2521.56
0.0427809 2240.66
0.0446684 2180.33
0.0466391 2026.44
0.0486968 2044.89
0.0508452 3211.73
0.0530884 3756.03
0.0554307 2849.3
0.0578762 2872.68
0.0604296 4446.62
0.0630957 4337.51
0.0658795 4771.33
0.068786 4151.56
0.0718208 5145.07
0.0749894 4753.33
0.0782979 4834.3
0.0817523 4922.07
0.0853591 5271.09
0.0891251 5525.63
0.0930572 6701.06
0.0971628 7017.11
0.10145 6777.53
0.105925 7744
0.110599 7906.8
0.115478 8752.05
0.120573 8023.39
0.125893 8048.59
0.131447 8145.56
0.137246 9106.4
0.143301 8195.41
0.149624 7892.16
0.156225 7756.41
0.163117 9722.57
0.170314 8877.78
0.177828 9159.68
0.185674 10163.2
0.193865 9862.49
0.202418 9876.5
0.211349 9573
0.220673 12091.5
0.230409 10413.1
0.240575 9665.17
0.251189 8928.32
0.262271 9290.29
0.273842 14747.5
0.285924 10754
0.298538 11885.9
0.311709 11522.5
0.325462 10631
0.339821 13236.3
0.354813 13393.9
0.370467 13750.8
0.386812 12623.6
0.403878 12797.3
0.421697 13403.5
0.440301 11786
0.459727 13172.5
0.48001 12515.9
0.501187 14012.3
0.523299 13723.6
0.546387 10924.6
0.570493 12674.2
0.595662 13645.5
0.621942 11782.5
0.649382 13174.8
0.678032 12064.7
0.707946 11763.2
0.73918 12667.1
0.771792 12668.1
0.805842 11386.8
0.841395 10740.7
0.878517 11308.3
0.917276 10671.9
0.957745 10233.8
1 9224.19
1.04412 9055.73
1.09018 8579.78
1.13828 9186.24
1.1885 8651.28
1.24094 9134
1.29569 6878.38
1.35285 7579.33
1.41254 6664.48
1.47486 6551.25
1.53993 6098.42
1.60787 6305.11
1.6788 6254.71
1.75287 5827.86
1.83021 5024.65
1.91095 5334.74
1.99526 3256.37
2.08329 4507.37
2.1752 5287.6
2.27117 5935.77
2.37137 5214.4
2.476 4175.9
2.58523 2937.79
2.69929 5235.06
2.81838 3895.04
2.94273 3828.65
3.07256 3557.14
3.20812 4700.99
3.34965 3832.57
3.49744 4765.3
3.65174 4025.03
3.81285 2475.74
3.98107 3606.9
4.15671 3406.38
4.3401 3662.92
4.53158 4107.72
4.73151 3054.76
4.94026 2134.1
5.15822 2958.16
5.3858 2513.53
5.62341 3231.93
5.87151 3094.64
6.13056 2668.88
6.40103 2365.13
6.68344 2000.92
6.97831 1900.32
7.28618 3398
7.60764 2458.74
7.94328 1437.43
8.29373 1476.93
8.65964 2476.54
9.0417 2173.51
9.44061 1509.37
9.85712 1834.1
10.292 1059.22
10.7461 1189.18
11.2202 1210.46
11.7152 1561.6
12.2321 1884.18
12.7717 1371.87
13.3352 1237.32
13.9236 2046.44
14.5378 1883.47
15.1792 1389.5
15.8489 1909.11
16.5482 1186.05
17.2783 1273.14
18.0406 1338.32
18.8365 1317.7
19.6675 1738.81
20.5353 1211.65
21.4412 921.577
22.3872 559.923
23.3749 1219.92
24.4062 1080.78
25.483 939.091
26.6073 979.741
27.7811 584.928
29.0068 429.348
30.2866 642.913
31.6228 379.643
33.0179 300.097
34.4747 798.185
35.9956 670.792
37.5837 756.964
39.2419 138.578
40.9732 1029.15
42.7809 399.161
44.6684 521.51
46.6391 864.459
48.6968 385.352
50.8452 497.328
53.0884 225.534
55.4307 457.837
57.8762 103.405
60.4296 301.361
63.0957 196.021
65.8795 487.534
68.786 335.338
71.8208 280.262
74.9894 163.136
78.2979 313
81.7523 131.596
85.3591 366.564
89.1251 471.197
93.0572 204.107
97.1628 384.082
101.45 237.014
105.925 225.281
110.599 127.097
115.478 357.888
120.573 441.557
125.893 151.494
131.447 271.56
137.246 121.792
143.301 390.879
149.624 611.835
156.225 686.569
163.117 825.925
170.314 959.521
177.828 1035.72
185.674 1741.41
193.865 1434.99
202.418 1706.46
211.349 3179.79
220.673 3485.25
230.409 4622.56
240.575 6205.13
251.189 6928.81
262.271 5709.02
273.842 5600.33
285.924 7084.33
298.538 6565.6
311.709 4783.35
325.462 5012.14
339.821 4965.68
354.813 3002.45
370.467 2069.27
386.812 2063.08
403.878 1564.12
421.697 1162.34
440.301 1349.57
459.727 604.632
480.01 312.288
501.187 504.572
523.299 295.741
546.387 0
570.493 219.053
595.662 193.919
621.942 113.867
649.382 137.479
678.032 287.792
707.946 229.411
739.18 164.755
771.792 154.26
805.842 0
841.395 39.0885
878.517 0
917.276 0
957.745 0
1000 0
