# First line is two numbers 
#     First value is '2', it means 'histogram mode'
#     Second value is 'Emin' of the histogram
# Other lines : 2 columns. 1) energy 2) probability (nb divided by NbEvent)
# Number of bins = 480
# Content below the first bin: 0
# Content above the last  bin: 0
# Content above the last  bin: 0
# Number of events: 209000
2 1e-06
1.04412e-06 0
1.09018e-06 0
1.13828e-06 0
1.1885e-06 0
1.24094e-06 0
1.29569e-06 0
1.35285e-06 0
1.41254e-06 0
1.47486e-06 0
1.53993e-06 0
1.60787e-06 0
1.6788e-06 0
1.75287e-06 0
1.83021e-06 0
1.91095e-06 0
1.99526e-06 0
2.08329e-06 0
2.1752e-06 0
2.27117e-06 0
2.37137e-06 0
2.476e-06 0
2.58523e-06 0
2.69929e-06 0
2.81838e-06 0
2.94273e-06 0
3.07256e-06 0
3.20812e-06 0
3.34965e-06 0
3.49744e-06 0
3.65174e-06 0
3.81285e-06 0
3.98107e-06 0
4.15671e-06 0
4.3401e-06 0
4.53158e-06 0
4.73151e-06 0
4.94026e-06 0
5.15822e-06 0
5.3858e-06 0
5.62341e-06 0
5.87151e-06 0
6.13056e-06 0
6.40103e-06 0
6.68344e-06 0
6.97831e-06 0
7.28618e-06 0
7.60764e-06 0
7.94328e-06 0
8.29373e-06 0
8.65964e-06 0
9.0417e-06 0
9.44061e-06 0
9.85712e-06 0
1.0292e-05 0
1.07461e-05 0
1.12202e-05 0
1.17152e-05 0
1.22321e-05 0
1.27717e-05 0
1.33352e-05 0
1.39236e-05 0
1.45378e-05 0
1.51792e-05 0
1.58489e-05 0
1.65482e-05 0
1.72783e-05 0
1.80406e-05 0
1.88365e-05 0
1.96675e-05 0
2.05353e-05 0
2.14412e-05 0
2.23872e-05 0
2.33749e-05 0
2.44062e-05 0
2.5483e-05 0
2.66073e-05 0
2.77811e-05 0
2.90068e-05 0
3.02866e-05 0
3.16228e-05 0
3.30179e-05 0
3.44747e-05 0
3.59956e-05 0
3.75837e-05 0
3.92419e-05 0
4.09732e-05 0
4.27809e-05 0
4.46684e-05 0
4.66391e-05 0
4.86968e-05 0
5.08452e-05 0
5.30884e-05 0
5.54307e-05 0
5.78762e-05 0
6.04296e-05 0
6.30957e-05 0
6.58795e-05 0
6.8786e-05 0
7.18208e-05 0
7.49894e-05 0
7.82979e-05 0
8.17523e-05 0
8.53591e-05 0
8.91251e-05 0
9.30572e-05 0
9.71628e-05 0
0.00010145 0
0.000105925 0
0.000110599 0
0.000115478 0
0.000120573 0
0.000125893 0
0.000131447 0
0.000137246 0
0.000143301 0
0.000149624 0
0.000156225 0
0.000163117 0
0.000170314 0
0.000177828 0
0.000185674 0
0.000193865 0
0.000202418 0
0.000211349 0
0.000220673 0
0.000230409 0
0.000240575 0
0.000251189 0
0.000262271 0
0.000273842 0
0.000285924 0
0.000298538 0
0.000311709 0
0.000325462 0
0.000339821 0
0.000354813 0
0.000370467 0
0.000386812 0
0.000403878 0
0.000421697 0
0.000440301 0
0.000459727 0
0.00048001 0
0.000501187 0
0.000523299 0
0.000546387 0
0.000570493 0
0.000595662 0
0.000621942 0
0.000649382 0
0.000678032 0
0.000707946 0
0.00073918 0
0.000771792 37.7888
0.000805842 0
0.000841395 0
0.000878517 0
0.000917276 0
0.000957745 0
0.001 0
0.00104412 114.545
0.00109018 0
0.00113828 0
0.0011885 0
0.00124094 0
0.00129569 0
0.00135285 0
0.00141254 0
0.00147486 0
0.00153993 0
0.00160787 0
0.0016788 0
0.00175287 0
0.00183021 0
0.00191095 236.428
0.00199526 0
0.00208329 0
0.0021752 0
0.00227117 0
0.00237137 0
0.002476 0
0.00258523 0
0.00269929 56.9762
0.00281838 89.8859
0.00294273 101.767
0.00307256 176.427
0.00320812 0
0.00334965 165.893
0.00349744 106.804
0.00365174 82.2122
0.00381285 0
0.00398107 115.91
0.00415671 0
0.0043401 182.262
0.00453158 0
0.00473151 0
0.00494026 0
0.00515822 213.88
0.0053858 188.225
0.00562341 0
0.00587151 253.323
0.00613056 93.9066
0.00640103 87.4763
0.00668344 9.69454
0.00697831 0
0.00728618 224.159
0.00760764 227.695
0.00794328 244.966
0.00829373 265.35
0.00865964 92.4562
0.0090417 150.809
0.00944061 282.288
0.00985712 380.414
0.010292 73.1884
0.0107461 700.229
0.0112202 317.395
0.0117152 598.06
0.0122321 330.103
0.0127717 409.437
0.0133352 294.454
0.0139236 253.344
0.0145378 496.587
0.0151792 498.809
0.0158489 737.838
0.0165482 718.84
0.0172783 1048.46
0.0180406 449.142
0.0188365 636.47
0.0196675 1001.36
0.0205353 1041.79
0.0214412 602.734
0.0223872 744.147
0.0233749 1297.95
0.0244062 1277.73
0.025483 1244.37
0.0266073 837.712
0.0277811 915.015
0.0290068 2029.86
0.0302866 1226.36
0.0316228 2046.76
0.0330179 2094.53
0.0344747 2951.65
0.0359956 2859.49
0.0375837 1716.29
0.0392419 3150.57
0.0409732 2566.31
0.0427809 3069.71
0.0446684 2140.27
0.0466391 2334.42
0.0486968 2417.99
0.0508452 3533.08
0.0530884 3336.5
0.0554307 2193.46
0.0578762 3173.05
0.0604296 5366.92
0.0630957 4146.73
0.0658795 3212.63
0.068786 4328.64
0.0718208 5469.14
0.0749894 5101.85
0.0782979 5004.7
0.0817523 4806.08
0.0853591 4709.65
0.0891251 6139.65
0.0930572 5946.81
0.0971628 5990.97
0.10145 6483.2
0.105925 6863.65
0.110599 7269.42
0.115478 7241.81
0.120573 7508.62
0.125893 7862.19
0.131447 7533.35
0.137246 9413.19
0.143301 7512.44
0.149624 7656.3
0.156225 8605.06
0.163117 9529.47
0.170314 8581.39
0.177828 9448.53
0.185674 9597.34
0.193865 10680.6
0.202418 10983.3
0.211349 9383.63
0.220673 10187.7
0.230409 10683
0.240575 10565.2
0.251189 11439.7
0.262271 11448.1
0.273842 10315.1
0.285924 10534.7
0.298538 11875.5
0.311709 11210
0.325462 11126.9
0.339821 11220.5
0.354813 12057.4
0.370467 13244.3
0.386812 12583.1
0.403878 12684.8
0.421697 11535.7
0.440301 13530.4
0.459727 10734.8
0.48001 12430
0.501187 14771.5
0.523299 13195
0.546387 13347.3
0.570493 13578.5
0.595662 12675.4
0.621942 14111.9
0.649382 12617.2
0.678032 12406.4
0.707946 11370
0.73918 13385
0.771792 12083
0.805842 11699.9
0.841395 12470.8
0.878517 12248
0.917276 10357.5
0.957745 9805.28
1 10705.2
1.04412 9822.1
1.09018 8793.01
1.13828 9647.52
1.1885 8870.83
1.24094 7742.65
1.29569 7176.68
1.35285 7504.29
1.41254 6783.81
1.47486 7392.92
1.53993 5256.83
1.60787 5325.55
1.6788 5079.93
1.75287 5827.26
1.83021 4665.73
1.91095 6418.26
1.99526 3405.55
2.08329 4335.24
2.1752 5949.38
2.27117 4280.57
2.37137 5166.16
2.476 4060.83
2.58523 5198.81
2.69929 4276.94
2.81838 3352.01
2.94273 4071.8
3.07256 3102.26
3.20812 3959.98
3.34965 3339.05
3.49744 3986.8
3.65174 3392.46
3.81285 3098.62
3.98107 2507.56
4.15671 2593.82
4.3401 2867.94
4.53158 3118.84
4.73151 2676.55
4.94026 2450.67
5.15822 2792.88
5.3858 2475.23
5.62341 1731.9
5.87151 2312.75
6.13056 2166.14
6.40103 2557.16
6.68344 3164.55
6.97831 1812.26
7.28618 2425.98
7.60764 2686.77
7.94328 1355.88
8.29373 2289.91
8.65964 2230.14
9.0417 2134.15
9.44061 1865.2
9.85712 1832.74
10.292 1744.69
10.7461 1529.45
11.2202 1787.54
11.7152 1436.09
12.2321 1086.82
12.7717 1325.51
13.3352 1562.59
13.9236 1339.34
14.5378 1574.51
15.1792 747.677
15.8489 1140.47
16.5482 799.293
17.2783 1514.18
18.0406 884.09
18.8365 1167.17
19.6675 868.001
20.5353 1370.41
21.4412 834.165
22.3872 1265.98
23.3749 906.896
24.4062 384.341
25.483 779.506
26.6073 1411.29
27.7811 871.646
29.0068 738.446
30.2866 941.501
31.6228 499.069
33.0179 316.247
34.4747 280.843
35.9956 533.736
37.5837 149.218
39.2419 376.711
40.9732 185.992
42.7809 490.466
44.6684 420.366
46.6391 417.38
48.6968 577.091
50.8452 488.28
53.0884 441.037
55.4307 777.469
57.8762 890.009
60.4296 634.439
63.0957 284.304
65.8795 413.865
68.786 644.357
71.8208 77.7236
74.9894 283.236
78.2979 340.165
81.7523 334.267
85.3591 191.662
89.1251 328.566
93.0572 220.258
97.1628 432.123
101.45 84.6603
105.925 421.821
110.599 342.061
115.478 488.469
120.573 809.315
125.893 289.522
131.447 234.324
137.246 455.707
143.301 699.738
149.624 676.905
156.225 526.521
163.117 1013.62
170.314 532.38
177.828 1260.3
185.674 1476.14
193.865 1505.59
202.418 1960.01
211.349 1929.07
220.673 2787.59
230.409 4407.66
240.575 5019.53
251.189 6697.26
262.271 5878.23
273.842 7222.21
285.924 7944.94
298.538 6398.41
311.709 6958.24
325.462 5171.94
339.821 5583.15
354.813 3638.39
370.467 2526.06
386.812 2917.88
403.878 2112.58
421.697 1606.64
440.301 648.67
459.727 819.303
480.01 848.128
501.187 568.632
523.299 64.9938
546.387 92.3826
570.493 85.155
595.662 87.6341
621.942 0
649.382 0
678.032 43.03
707.946 0
739.18 0
771.792 0
805.842 0
841.395 0
878.517 0
917.276 66.158
957.745 0
1000 210.857
