# First line is two numbers 
#     First value is '2', it means 'histogram mode'
#     Second value is 'Emin' of the histogram
# Other lines : 2 columns. 1) energy 2) probability (nb divided by NbEvent)
# Number of bins = 480
# Content below the first bin: 0
# Content above the last  bin: 0
# Content above the last  bin: 0
# Number of events: 209000
2 1e-06
1.04412e-06 0
1.09018e-06 0
1.13828e-06 0
1.1885e-06 0
1.24094e-06 0
1.29569e-06 0
1.35285e-06 0
1.41254e-06 0
1.47486e-06 0
1.53993e-06 0
1.60787e-06 0
1.6788e-06 0
1.75287e-06 0
1.83021e-06 0
1.91095e-06 0
1.99526e-06 0
2.08329e-06 0
2.1752e-06 0
2.27117e-06 0
2.37137e-06 0
2.476e-06 0
2.58523e-06 0
2.69929e-06 0
2.81838e-06 0
2.94273e-06 0
3.07256e-06 0
3.20812e-06 0
3.34965e-06 0
3.49744e-06 0
3.65174e-06 0
3.81285e-06 0
3.98107e-06 0
4.15671e-06 0
4.3401e-06 0
4.53158e-06 0
4.73151e-06 0
4.94026e-06 0
5.15822e-06 0
5.3858e-06 0
5.62341e-06 0
5.87151e-06 0
6.13056e-06 0
6.40103e-06 0
6.68344e-06 0
6.97831e-06 0
7.28618e-06 0
7.60764e-06 0
7.94328e-06 0
8.29373e-06 0
8.65964e-06 0
9.0417e-06 0
9.44061e-06 0
9.85712e-06 0
1.0292e-05 0
1.07461e-05 0
1.12202e-05 0
1.17152e-05 0
1.22321e-05 0
1.27717e-05 0
1.33352e-05 0
1.39236e-05 0
1.45378e-05 0
1.51792e-05 0
1.58489e-05 0
1.65482e-05 0
1.72783e-05 0
1.80406e-05 0
1.88365e-05 0
1.96675e-05 0
2.05353e-05 0
2.14412e-05 0
2.23872e-05 0
2.33749e-05 0
2.44062e-05 0
2.5483e-05 0
2.66073e-05 0
2.77811e-05 0
2.90068e-05 0
3.02866e-05 0
3.16228e-05 0
3.30179e-05 0
3.44747e-05 0
3.59956e-05 0
3.75837e-05 0
3.92419e-05 0
4.09732e-05 0
4.27809e-05 0
4.46684e-05 0
4.66391e-05 0
4.86968e-05 0
5.08452e-05 0
5.30884e-05 0
5.54307e-05 0
5.78762e-05 0
6.04296e-05 0
6.30957e-05 0
6.58795e-05 0
6.8786e-05 0
7.18208e-05 0
7.49894e-05 0
7.82979e-05 0
8.17523e-05 0
8.53591e-05 0
8.91251e-05 0
9.30572e-05 0
9.71628e-05 0
0.00010145 0
0.000105925 0
0.000110599 0
0.000115478 0
0.000120573 0
0.000125893 0
0.000131447 0
0.000137246 0
0.000143301 0
0.000149624 0
0.000156225 0
0.000163117 0
0.000170314 0
0.000177828 0
0.000185674 0
0.000193865 0
0.000202418 0
0.000211349 0
0.000220673 0
0.000230409 0
0.000240575 0
0.000251189 0
0.000262271 0
0.000273842 0
0.000285924 0
0.000298538 0
0.000311709 0
0.000325462 0
0.000339821 0
0.000354813 0
0.000370467 0
0.000386812 0
0.000403878 0
0.000421697 0
0.000440301 0
0.000459727 0
0.00048001 0
0.000501187 0
0.000523299 0
0.000546387 0
0.000570493 0
0.000595662 0
0.000621942 0
0.000649382 0
0.000678032 0
0.000707946 0
0.00073918 0
0.000771792 0
0.000805842 0
0.000841395 0
0.000878517 0
0.000917276 0
0.000957745 0
0.001 0
0.00104412 0
0.00109018 0
0.00113828 0
0.0011885 0
0.00124094 0
0.00129569 0
0.00135285 0
0.00141254 0
0.00147486 0
0.00153993 0
0.00160787 0
0.0016788 0
0.00175287 117.205
0.00183021 0
0.00191095 25.367
0.00199526 0
0.00208329 95.123
0.0021752 0
0.00227117 24.3829
0.00237137 0
0.002476 45.6879
0.00258523 75.4326
0.00269929 0
0.00281838 0
0.00294273 0
0.00307256 0
0.00320812 46.3008
0.00334965 0
0.00349744 0
0.00365174 0
0.00381285 57.6002
0.00398107 109.468
0.00415671 0
0.0043401 0
0.00453158 0
0.00473151 88.1676
0.00494026 0
0.00515822 92.4849
0.0053858 99.213
0.00562341 0
0.00587151 0
0.00613056 0
0.00640103 196.687
0.00668344 145.239
0.00697831 80.0466
0.00728618 55.9514
0.00760764 235.77
0.00794328 143.176
0.00829373 96.5956
0.00865964 31.7301
0.0090417 168.786
0.00944061 311.448
0.00985712 239.006
0.010292 324.621
0.0107461 117.798
0.0112202 278.788
0.0117152 334.954
0.0122321 396.217
0.0127717 298.156
0.0133352 508.247
0.0139236 459.292
0.0145378 1229.69
0.0151792 499.025
0.0158489 575.759
0.0165482 603.21
0.0172783 795.235
0.0180406 512.288
0.0188365 845.887
0.0196675 662.175
0.0205353 925.881
0.0214412 1206.13
0.0223872 1375.9
0.0233749 1130.52
0.0244062 909.915
0.025483 1268.92
0.0266073 1154.12
0.0277811 1429.97
0.0290068 1251.01
0.0302866 1110.57
0.0316228 1914
0.0330179 1616.11
0.0344747 1203.64
0.0359956 1651.99
0.0375837 1482.56
0.0392419 2038.41
0.0409732 3113.9
0.0427809 2728.25
0.0446684 2193.29
0.0466391 2609.58
0.0486968 3739.51
0.0508452 3358.16
0.0530884 2058.38
0.0554307 2495.74
0.0578762 3206.16
0.0604296 3574.27
0.0630957 4645.1
0.0658795 3894.21
0.068786 5381.81
0.0718208 4968.27
0.0749894 5048.05
0.0782979 4756.74
0.0817523 5546.76
0.0853591 5047.01
0.0891251 5969.75
0.0930572 5379.74
0.0971628 7643.91
0.10145 4850.72
0.105925 6232.8
0.110599 7130.08
0.115478 8820.99
0.120573 8587.32
0.125893 6435.32
0.131447 6894.83
0.137246 9175.32
0.143301 8395.41
0.149624 8351.41
0.156225 7821.59
0.163117 8665.48
0.170314 8992.89
0.177828 9870.27
0.185674 9568.13
0.193865 12557.5
0.202418 10353.9
0.211349 9109.61
0.220673 8083.76
0.230409 10446.2
0.240575 9272.57
0.251189 11527.5
0.262271 9935.47
0.273842 10953.3
0.285924 9747.14
0.298538 10439.8
0.311709 13386.9
0.325462 11346.7
0.339821 11395.6
0.354813 10836.7
0.370467 12352.1
0.386812 13854.4
0.403878 13047
0.421697 12914.3
0.440301 13285.4
0.459727 13882.1
0.48001 12300.1
0.501187 12876.8
0.523299 14345.6
0.546387 11026.1
0.570493 12512.1
0.595662 14113.8
0.621942 11353.7
0.649382 13273.2
0.678032 11636.5
0.707946 12338.6
0.73918 11615.1
0.771792 11986.9
0.805842 11909.3
0.841395 13977.6
0.878517 9937.52
0.917276 9771.56
0.957745 9348.22
1 10000.9
1.04412 10254.3
1.09018 7768.03
1.13828 8626.7
1.1885 7769.87
1.24094 8177.88
1.29569 7332.67
1.35285 5511.79
1.41254 6171.42
1.47486 7623.57
1.53993 6549.83
1.60787 5134.77
1.6788 5427.8
1.75287 5481.98
1.83021 5783.07
1.91095 5810.45
1.99526 5695.9
2.08329 5956.29
2.1752 5146.56
2.27117 5111.28
2.37137 4767.97
2.476 3922.4
2.58523 4430.09
2.69929 3857.27
2.81838 4137.67
2.94273 3597.73
3.07256 5043.16
3.20812 4203.07
3.34965 4067.91
3.49744 3784.18
3.65174 2875.41
3.81285 3033.76
3.98107 3330.41
4.15671 3180.17
4.3401 3451.05
4.53158 3567.83
4.73151 2760.5
4.94026 3626.06
5.15822 2154.99
5.3858 2080.01
5.62341 2394.95
5.87151 2493.25
6.13056 2930.29
6.40103 2194.36
6.68344 1323.31
6.97831 2090.03
7.28618 2652.62
7.60764 2313.65
7.94328 2423.92
8.29373 2336.42
8.65964 1911.37
9.0417 1461.44
9.44061 2342.57
9.85712 1367.58
10.292 1996.94
10.7461 1559.6
11.2202 2104.39
11.7152 1141.71
12.2321 1431.63
12.7717 1238.77
13.3352 1935.12
13.9236 880.352
14.5378 1337.03
15.1792 1756.81
15.8489 1375.56
16.5482 1740.28
17.2783 1111.64
18.0406 947.942
18.8365 789.841
19.6675 913.027
20.5353 618.856
21.4412 888.473
22.3872 551.095
23.3749 897.798
24.4062 822.637
25.483 799.684
26.6073 815.517
27.7811 766.809
29.0068 533.302
30.2866 542.161
31.6228 509.978
33.0179 249.673
34.4747 511.806
35.9956 371.49
37.5837 304.156
39.2419 74.4677
40.9732 528.937
42.7809 174.118
44.6684 310.688
46.6391 493.366
48.6968 780.434
50.8452 118.75
53.0884 501.719
55.4307 334.421
57.8762 304.043
60.4296 212.464
63.0957 580.577
65.8795 240.716
68.786 248.844
71.8208 213.837
74.9894 398.262
78.2979 74.0653
81.7523 423.292
85.3591 223.081
89.1251 171.257
93.0572 424.535
97.1628 344.328
101.45 336.788
105.925 119.21
110.599 654.321
115.478 583.324
120.573 214.886
125.893 467.113
131.447 541.977
137.246 334.501
143.301 359.941
149.624 422.261
156.225 569.983
163.117 346.876
170.314 1081.4
177.828 1044.13
185.674 1351.35
193.865 1156.65
202.418 1890
211.349 2026.22
220.673 4447.1
230.409 4529.49
240.575 6049.47
251.189 5673.89
262.271 7607.2
273.842 5228.15
285.924 5256.73
298.538 7832.29
311.709 6494.97
325.462 5596.83
339.821 5022.1
354.813 3397.11
370.467 2603.86
386.812 1887.35
403.878 2409.72
421.697 1286.68
440.301 744.019
459.727 575.875
480.01 1113.03
501.187 518.972
523.299 301.577
546.387 569.464
570.493 214.184
595.662 140.362
621.942 181.168
649.382 376.285
678.032 0
707.946 0
739.18 0
771.792 0
805.842 0
841.395 0
878.517 33.9702
917.276 114.762
957.745 0
1000 0
