# First line is two numbers 
#     First value is '2', it means 'histogram mode'
#     Second value is 'Emin' of the histogram
# Other lines : 2 columns. 1) energy 2) probability (nb divided by NbEvent)
# Number of bins = 480
# Content below the first bin: 0
# Content above the last  bin: 0
# Content above the last  bin: 0
# Number of events: 209000
2 1e-06
1.04412e-06 0
1.09018e-06 0
1.13828e-06 0
1.1885e-06 0
1.24094e-06 0
1.29569e-06 0
1.35285e-06 0
1.41254e-06 0
1.47486e-06 0
1.53993e-06 0
1.60787e-06 0
1.6788e-06 0
1.75287e-06 0
1.83021e-06 0
1.91095e-06 0
1.99526e-06 0
2.08329e-06 0
2.1752e-06 0
2.27117e-06 0
2.37137e-06 0
2.476e-06 0
2.58523e-06 0
2.69929e-06 0
2.81838e-06 0
2.94273e-06 0
3.07256e-06 0
3.20812e-06 0
3.34965e-06 0
3.49744e-06 0
3.65174e-06 0
3.81285e-06 0
3.98107e-06 0
4.15671e-06 0
4.3401e-06 0
4.53158e-06 0
4.73151e-06 0
4.94026e-06 0
5.15822e-06 0
5.3858e-06 0
5.62341e-06 0
5.87151e-06 0
6.13056e-06 0
6.40103e-06 0
6.68344e-06 0
6.97831e-06 0
7.28618e-06 0
7.60764e-06 0
7.94328e-06 0
8.29373e-06 0
8.65964e-06 0
9.0417e-06 0
9.44061e-06 0
9.85712e-06 0
1.0292e-05 0
1.07461e-05 0
1.12202e-05 0
1.17152e-05 0
1.22321e-05 0
1.27717e-05 0
1.33352e-05 0
1.39236e-05 0
1.45378e-05 0
1.51792e-05 0
1.58489e-05 0
1.65482e-05 0
1.72783e-05 0
1.80406e-05 0
1.88365e-05 0
1.96675e-05 0
2.05353e-05 0
2.14412e-05 0
2.23872e-05 0
2.33749e-05 0
2.44062e-05 0
2.5483e-05 0
2.66073e-05 0
2.77811e-05 0
2.90068e-05 0
3.02866e-05 0
3.16228e-05 0
3.30179e-05 0
3.44747e-05 0
3.59956e-05 0
3.75837e-05 0
3.92419e-05 0
4.09732e-05 0
4.27809e-05 0
4.46684e-05 0
4.66391e-05 0
4.86968e-05 0
5.08452e-05 0
5.30884e-05 0
5.54307e-05 0
5.78762e-05 0
6.04296e-05 0
6.30957e-05 0
6.58795e-05 0
6.8786e-05 0
7.18208e-05 0
7.49894e-05 0
7.82979e-05 0
8.17523e-05 0
8.53591e-05 0
8.91251e-05 0
9.30572e-05 0
9.71628e-05 0
0.00010145 0
0.000105925 0
0.000110599 0
0.000115478 0
0.000120573 0
0.000125893 0
0.000131447 0
0.000137246 0
0.000143301 0
0.000149624 0
0.000156225 0
0.000163117 0
0.000170314 0
0.000177828 0
0.000185674 0
0.000193865 0
0.000202418 0
0.000211349 0
0.000220673 0
0.000230409 0
0.000240575 0
0.000251189 0
0.000262271 0
0.000273842 0
0.000285924 0
0.000298538 0
0.000311709 0
0.000325462 0
0.000339821 0
0.000354813 0
0.000370467 0
0.000386812 0
0.000403878 0
0.000421697 0
0.000440301 0
0.000459727 0
0.00048001 0
0.000501187 0
0.000523299 0
0.000546387 0
0.000570493 0
0.000595662 0
0.000621942 0
0.000649382 0
0.000678032 0
0.000707946 0
0.00073918 0
0.000771792 0
0.000805842 0
0.000841395 0
0.000878517 0
0.000917276 0
0.000957745 0
0.001 0
0.00104412 0
0.00109018 0
0.00113828 0
0.0011885 0
0.00124094 0
0.00129569 0
0.00135285 0
0.00141254 0
0.00147486 0
0.00153993 0
0.00160787 0
0.0016788 0
0.00175287 0
0.00183021 0
0.00191095 0
0.00199526 0
0.00208329 0
0.0021752 0
0.00227117 0
0.00237137 0
0.002476 0
0.00258523 0
0.00269929 0
0.00281838 0
0.00294273 0
0.00307256 91.2019
0.00320812 0
0.00334965 0
0.00349744 0
0.00365174 0
0.00381285 0
0.00398107 0
0.00415671 0
0.0043401 0
0.00453158 99.5669
0.00473151 0
0.00494026 116.699
0.00515822 58.123
0.0053858 0
0.00562341 0
0.00587151 0
0.00613056 0
0.00640103 0
0.00668344 23.5009
0.00697831 0
0.00728618 0
0.00760764 0
0.00794328 62.5666
0.00829373 0
0.00865964 0
0.0090417 0
0.00944061 0
0.00985712 108.162
0.010292 76.9043
0.0107461 107.215
0.0112202 238.059
0.0117152 122.472
0.0122321 114.383
0.0127717 278.787
0.0133352 0
0.0139236 0
0.0145378 0
0.0151792 129.945
0.0158489 385.54
0.0165482 75.6735
0.0172783 113.43
0.0180406 274.882
0.0188365 99.9714
0.0196675 269.772
0.0205353 176.982
0.0214412 88.211
0.0223872 327.75
0.0233749 122.612
0.0244062 654.058
0.025483 267.334
0.0266073 334.589
0.0277811 211.25
0.0290068 405.607
0.0302866 515.05
0.0316228 484.151
0.0330179 357.967
0.0344747 561.914
0.0359956 615.701
0.0375837 768.569
0.0392419 557.699
0.0409732 557.839
0.0427809 637.981
0.0446684 967.213
0.0466391 760.11
0.0486968 1105.21
0.0508452 666.918
0.0530884 1297.69
0.0554307 1174.38
0.0578762 1794.52
0.0604296 1035.6
0.0630957 1236.8
0.0658795 1116.78
0.068786 1649.97
0.0718208 1244.14
0.0749894 1661.29
0.0782979 1467.64
0.0817523 1480.02
0.0853591 1238.85
0.0891251 1764.11
0.0930572 1898.86
0.0971628 1927.91
0.10145 1684.36
0.105925 2441.37
0.110599 2147.93
0.115478 2067.5
0.120573 1584.17
0.125893 2997.33
0.131447 3001.26
0.137246 2604.95
0.143301 3401.47
0.149624 2781.57
0.156225 3138.15
0.163117 2750
0.170314 2850.83
0.177828 3936.27
0.185674 2881.61
0.193865 3356.43
0.202418 3564.54
0.211349 3322.93
0.220673 3212.22
0.230409 3850.93
0.240575 2637.32
0.251189 4450.68
0.262271 3250.06
0.273842 3922.58
0.285924 4407.88
0.298538 4415.98
0.311709 4740.36
0.325462 4137.24
0.339821 3235.78
0.354813 4660.07
0.370467 4070.07
0.386812 4858.56
0.403878 4805.67
0.421697 4272.87
0.440301 4218.99
0.459727 3642.76
0.48001 3600.73
0.501187 5911.26
0.523299 4527.84
0.546387 3468.99
0.570493 4394.53
0.595662 5096.14
0.621942 3258.24
0.649382 4778.3
0.678032 4119.62
0.707946 5054.1
0.73918 4411.56
0.771792 5040.07
0.805842 3272.19
0.841395 4058.96
0.878517 3117.85
0.917276 2853.46
0.957745 3178.69
1 3468.38
1.04412 3176.38
1.09018 2783.02
1.13828 2618.78
1.1885 2231.22
1.24094 2479.25
1.29569 2257.78
1.35285 2867.02
1.41254 2206.38
1.47486 1740.88
1.53993 1941.66
1.60787 2158.75
1.6788 2214.36
1.75287 833.749
1.83021 1999.56
1.91095 1775.82
1.99526 1934.33
2.08329 1471.61
2.1752 1336.52
2.27117 1685.8
2.37137 2156.5
2.476 1240.17
2.58523 1027.39
2.69929 1045.99
2.81838 1773.93
2.94273 764.13
3.07256 1315.81
3.20812 626.41
3.34965 1007.92
3.49744 1140.39
3.65174 1130.77
3.81285 1427.97
3.98107 1271.59
4.15671 1371.18
4.3401 1034.65
4.53158 632.546
4.73151 978.614
4.94026 789.019
5.15822 883.58
5.3858 1075.95
5.62341 1187.82
5.87151 1193
6.13056 584.267
6.40103 568.593
6.68344 522.038
6.97831 684.851
7.28618 357.691
7.60764 606.387
7.94328 327.95
8.29373 830.71
8.65964 700.596
9.0417 754.713
9.44061 923.55
9.85712 561.5
10.292 1157.89
10.7461 545.837
11.2202 393.305
11.7152 841.295
12.2321 573.133
12.7717 518.833
13.3352 486.575
13.9236 1049.95
14.5378 408.411
15.1792 626.59
15.8489 654.297
16.5482 859.127
17.2783 503.455
18.0406 731.853
18.8365 337.613
19.6675 644.367
20.5353 541.521
21.4412 653.669
22.3872 818.278
23.3749 457.283
24.4062 1214.77
25.483 721.098
26.6073 981.179
27.7811 444.907
29.0068 534.571
30.2866 701.085
31.6228 302.262
33.0179 528.123
34.4747 548.515
35.9956 515.984
37.5837 607.635
39.2419 773.318
40.9732 790.131
42.7809 390.028
44.6684 569.267
46.6391 1132.8
48.6968 988.67
50.8452 846.126
53.0884 437.407
55.4307 1026.11
57.8762 626.442
60.4296 481.732
63.0957 723.623
65.8795 1131.58
68.786 642.408
71.8208 741.231
74.9894 651.524
78.2979 1448.83
81.7523 1212.43
85.3591 787.141
89.1251 1066.47
93.0572 868.515
97.1628 742.833
101.45 1596.81
105.925 1178.62
110.599 785.777
115.478 964.497
120.573 934.337
125.893 1195.85
131.447 920.547
137.246 884.362
143.301 1412.55
149.624 694.206
156.225 1643.7
163.117 1262.44
170.314 960.518
177.828 1218.22
185.674 1679.43
193.865 1425.46
202.418 1825.76
211.349 1645.78
220.673 1214.14
230.409 1583.65
240.575 2375.8
251.189 1904.19
262.271 1736.5
273.842 1876.01
285.924 2098.87
298.538 1807.33
311.709 2021.43
325.462 1463.8
339.821 2081.62
354.813 1743.19
370.467 1445.04
386.812 1629.49
403.878 1145.21
421.697 1190.04
440.301 859.92
459.727 715.513
480.01 780.768
501.187 484.116
523.299 223.261
546.387 491.137
570.493 48.0439
595.662 258.412
621.942 178.326
649.382 0
678.032 0
707.946 143.322
739.18 96.7949
771.792 37.716
805.842 31.5172
841.395 0
878.517 117.986
917.276 0
957.745 103.368
1000 0
