# First line is two numbers 
#     First value is '2', it means 'histogram mode'
#     Second value is 'Emin' of the histogram
# Other lines : 2 columns. 1) energy 2) probability (nb divided by NbEvent)
# Number of bins = 480
# Content below the first bin: 0
# Content above the last  bin: 0
# Content above the last  bin: 0
# Number of events: 209000
2 1e-06
1.04412e-06 0
1.09018e-06 0
1.13828e-06 0
1.1885e-06 0
1.24094e-06 0
1.29569e-06 0
1.35285e-06 0
1.41254e-06 0
1.47486e-06 0
1.53993e-06 0
1.60787e-06 0
1.6788e-06 0
1.75287e-06 0
1.83021e-06 0
1.91095e-06 0
1.99526e-06 0
2.08329e-06 0
2.1752e-06 0
2.27117e-06 0
2.37137e-06 0
2.476e-06 0
2.58523e-06 0
2.69929e-06 0
2.81838e-06 0
2.94273e-06 0
3.07256e-06 0
3.20812e-06 0
3.34965e-06 0
3.49744e-06 0
3.65174e-06 0
3.81285e-06 0
3.98107e-06 0
4.15671e-06 0
4.3401e-06 0
4.53158e-06 0
4.73151e-06 0
4.94026e-06 0
5.15822e-06 0
5.3858e-06 0
5.62341e-06 0
5.87151e-06 0
6.13056e-06 0
6.40103e-06 0
6.68344e-06 0
6.97831e-06 0
7.28618e-06 0
7.60764e-06 0
7.94328e-06 0
8.29373e-06 0
8.65964e-06 0
9.0417e-06 0
9.44061e-06 0
9.85712e-06 0
1.0292e-05 0
1.07461e-05 0
1.12202e-05 0
1.17152e-05 0
1.22321e-05 0
1.27717e-05 0
1.33352e-05 0
1.39236e-05 0
1.45378e-05 0
1.51792e-05 0
1.58489e-05 0
1.65482e-05 0
1.72783e-05 0
1.80406e-05 0
1.88365e-05 0
1.96675e-05 0
2.05353e-05 0
2.14412e-05 0
2.23872e-05 0
2.33749e-05 0
2.44062e-05 0
2.5483e-05 0
2.66073e-05 0
2.77811e-05 0
2.90068e-05 0
3.02866e-05 0
3.16228e-05 0
3.30179e-05 0
3.44747e-05 0
3.59956e-05 0
3.75837e-05 0
3.92419e-05 0
4.09732e-05 0
4.27809e-05 0
4.46684e-05 0
4.66391e-05 0
4.86968e-05 0
5.08452e-05 0
5.30884e-05 0
5.54307e-05 0
5.78762e-05 0
6.04296e-05 0
6.30957e-05 0
6.58795e-05 0
6.8786e-05 0
7.18208e-05 0
7.49894e-05 0
7.82979e-05 0
8.17523e-05 0
8.53591e-05 0
8.91251e-05 0
9.30572e-05 0
9.71628e-05 0
0.00010145 0
0.000105925 0
0.000110599 0
0.000115478 0
0.000120573 0
0.000125893 0
0.000131447 0
0.000137246 0
0.000143301 0
0.000149624 0
0.000156225 0
0.000163117 0
0.000170314 0
0.000177828 0
0.000185674 0
0.000193865 0
0.000202418 0
0.000211349 0
0.000220673 0
0.000230409 0
0.000240575 0
0.000251189 0
0.000262271 0
0.000273842 0
0.000285924 0
0.000298538 0
0.000311709 0
0.000325462 0
0.000339821 0
0.000354813 0
0.000370467 0
0.000386812 0
0.000403878 0
0.000421697 0
0.000440301 0
0.000459727 0
0.00048001 0
0.000501187 0
0.000523299 0
0.000546387 0
0.000570493 0
0.000595662 0
0.000621942 0
0.000649382 0
0.000678032 0
0.000707946 0
0.00073918 0
0.000771792 0
0.000805842 0
0.000841395 0
0.000878517 0
0.000917276 0
0.000957745 0
0.001 0
0.00104412 0
0.00109018 0
0.00113828 0
0.0011885 0
0.00124094 0
0.00129569 0
0.00135285 0
0.00141254 0
0.00147486 0
0.00153993 0
0.00160787 0
0.0016788 0
0.00175287 0
0.00183021 0
0.00191095 0
0.00199526 0
0.00208329 0
0.0021752 0
0.00227117 0
0.00237137 69.7712
0.002476 0
0.00258523 0
0.00269929 0
0.00281838 27.8461
0.00294273 103.951
0.00307256 0
0.00320812 0
0.00334965 0
0.00349744 0
0.00365174 0
0.00381285 0
0.00398107 0
0.00415671 0
0.0043401 0
0.00453158 0
0.00473151 0
0.00494026 0
0.00515822 0
0.0053858 0
0.00562341 109.432
0.00587151 0
0.00613056 0
0.00640103 14.9241
0.00668344 0
0.00697831 0
0.00728618 0
0.00760764 78.9927
0.00794328 99.9841
0.00829373 113.431
0.00865964 0
0.0090417 141.816
0.00944061 48.6217
0.00985712 0
0.010292 0
0.0107461 0
0.0112202 64.2531
0.0117152 89.6886
0.0122321 176.108
0.0127717 366.742
0.0133352 241.124
0.0139236 114.245
0.0145378 199.68
0.0151792 209.056
0.0158489 215.135
0.0165482 395.955
0.0172783 62.9046
0.0180406 297.574
0.0188365 398
0.0196675 119.773
0.0205353 17.0936
0.0214412 384.363
0.0223872 265.804
0.0233749 419.684
0.0244062 454.86
0.025483 480.721
0.0266073 109.884
0.0277811 475.278
0.0290068 264.259
0.0302866 588.546
0.0316228 311.608
0.0330179 730.462
0.0344747 600.979
0.0359956 456.743
0.0375837 395.139
0.0392419 429.849
0.0409732 743.234
0.0427809 801.584
0.0446684 1206.7
0.0466391 612.102
0.0486968 560.432
0.0508452 1019.18
0.0530884 935.889
0.0554307 776.736
0.0578762 1239.63
0.0604296 848.928
0.0630957 851.204
0.0658795 930.391
0.068786 1479.96
0.0718208 1332.37
0.0749894 1451.91
0.0782979 1865.53
0.0817523 1604.48
0.0853591 871.439
0.0891251 2507.59
0.0930572 1578.92
0.0971628 1705.13
0.10145 1955.38
0.105925 1909.63
0.110599 2064.23
0.115478 2094.38
0.120573 2313.91
0.125893 2062.27
0.131447 2439.34
0.137246 2355.56
0.143301 2780.16
0.149624 3081.99
0.156225 3653.03
0.163117 3538.67
0.170314 2642.44
0.177828 2959.54
0.185674 3443.28
0.193865 2644.37
0.202418 3546.84
0.211349 3030.04
0.220673 3267.9
0.230409 3371.28
0.240575 4140.21
0.251189 3154.32
0.262271 3759.84
0.273842 3088.89
0.285924 3236.42
0.298538 3568.42
0.311709 3775.82
0.325462 4214.28
0.339821 3370.2
0.354813 3418.55
0.370467 3517.86
0.386812 4305.6
0.403878 4264.59
0.421697 3953.41
0.440301 4384.02
0.459727 3479.85
0.48001 3609.2
0.501187 3693.73
0.523299 3893.82
0.546387 3867.85
0.570493 3774.34
0.595662 4057.07
0.621942 3682.52
0.649382 4149.96
0.678032 3005.45
0.707946 3436.15
0.73918 4309.54
0.771792 2563.81
0.805842 4252.64
0.841395 3796.19
0.878517 4397.92
0.917276 2891.65
0.957745 3485.51
1 3608.72
1.04412 3013.2
1.09018 3757.44
1.13828 2241.53
1.1885 3114.49
1.24094 1723.19
1.29569 1769.26
1.35285 2453.69
1.41254 2138.38
1.47486 1905.55
1.53993 2174.78
1.60787 1837.8
1.6788 1569.64
1.75287 1956.69
1.83021 1770.88
1.91095 1124.51
1.99526 1512.27
2.08329 1187.61
2.1752 1164.28
2.27117 1217.24
2.37137 1288.59
2.476 1353.78
2.58523 1540.32
2.69929 1522.59
2.81838 952.897
2.94273 1103.72
3.07256 1115.02
3.20812 1285.89
3.34965 936.708
3.49744 1359.42
3.65174 1113.18
3.81285 1236.81
3.98107 735.232
4.15671 733.563
4.3401 1250.17
4.53158 980.713
4.73151 1100.52
4.94026 804.777
5.15822 588.435
5.3858 1101.2
5.62341 613.196
5.87151 526.812
6.13056 1202.99
6.40103 964.602
6.68344 934.408
6.97831 542.79
7.28618 412.9
7.60764 433.422
7.94328 837.909
8.29373 571.733
8.65964 847.698
9.0417 1029.69
9.44061 749.311
9.85712 444.634
10.292 822.049
10.7461 629.992
11.2202 1419.71
11.7152 528.314
12.2321 796.324
12.7717 859.077
13.3352 927.804
13.9236 664.756
14.5378 673.744
15.1792 474.525
15.8489 598.215
16.5482 505.783
17.2783 836.472
18.0406 491.971
18.8365 444.378
19.6675 418.833
20.5353 538.405
21.4412 572.3
22.3872 726.482
23.3749 648.31
24.4062 132.96
25.483 307.893
26.6073 321.345
27.7811 1016.45
29.0068 865.183
30.2866 754.27
31.6228 743.188
33.0179 941.653
34.4747 728.083
35.9956 858.9
37.5837 904.203
39.2419 924.676
40.9732 274.444
42.7809 957.531
44.6684 1108.85
46.6391 1083.34
48.6968 567.772
50.8452 1517.76
53.0884 980.286
55.4307 1278.48
57.8762 1036.55
60.4296 1444.91
63.0957 844.61
65.8795 1058.37
68.786 761.964
71.8208 972.217
74.9894 732.2
78.2979 1230.07
81.7523 1435.96
85.3591 1388.44
89.1251 1042.35
93.0572 1076.41
97.1628 1112.32
101.45 813.265
105.925 1146.54
110.599 1388.21
115.478 584.795
120.573 1431.68
125.893 1320.72
131.447 1534.7
137.246 1255.04
143.301 1468.59
149.624 1256.04
156.225 2014.07
163.117 1416.19
170.314 1173.45
177.828 1611.23
185.674 1628.31
193.865 1207.26
202.418 1688.27
211.349 1839.44
220.673 2057.58
230.409 1734.29
240.575 1609.33
251.189 1885.4
262.271 1289.05
273.842 1735.23
285.924 2318.84
298.538 1623.8
311.709 1485.71
325.462 2186.49
339.821 1616.8
354.813 1678.08
370.467 1363.03
386.812 580.258
403.878 1308.59
421.697 706.083
440.301 462.257
459.727 348.153
480.01 467.248
501.187 450.809
523.299 241.917
546.387 333.646
570.493 212.056
595.662 117.852
621.942 137.416
649.382 26.259
678.032 0
707.946 43.41
739.18 217.838
771.792 0
805.842 58.0778
841.395 0
878.517 0
917.276 0
957.745 0
1000 0
