# First line is two numbers 
#     First value is '2', it means 'histogram mode'
#     Second value is 'Emin' of the histogram
# Other lines : 2 columns. 1) energy 2) probability (nb divided by NbEvent)
# Number of bins = 480
# Content below the first bin: 0
# Content above the last  bin: 0
# Content above the last  bin: 0
# Number of events: 209000
2 1e-06
1.04412e-06 0
1.09018e-06 0
1.13828e-06 0
1.1885e-06 0
1.24094e-06 0
1.29569e-06 0
1.35285e-06 0
1.41254e-06 0
1.47486e-06 0
1.53993e-06 0
1.60787e-06 0
1.6788e-06 0
1.75287e-06 0
1.83021e-06 0
1.91095e-06 0
1.99526e-06 0
2.08329e-06 0
2.1752e-06 0
2.27117e-06 0
2.37137e-06 0
2.476e-06 0
2.58523e-06 0
2.69929e-06 0
2.81838e-06 0
2.94273e-06 0
3.07256e-06 0
3.20812e-06 0
3.34965e-06 0
3.49744e-06 0
3.65174e-06 0
3.81285e-06 0
3.98107e-06 0
4.15671e-06 0
4.3401e-06 0
4.53158e-06 0
4.73151e-06 0
4.94026e-06 0
5.15822e-06 0
5.3858e-06 0
5.62341e-06 0
5.87151e-06 0
6.13056e-06 0
6.40103e-06 0
6.68344e-06 0
6.97831e-06 0
7.28618e-06 0
7.60764e-06 0
7.94328e-06 0
8.29373e-06 0
8.65964e-06 0
9.0417e-06 0
9.44061e-06 0
9.85712e-06 0
1.0292e-05 0
1.07461e-05 0
1.12202e-05 0
1.17152e-05 0
1.22321e-05 0
1.27717e-05 0
1.33352e-05 0
1.39236e-05 0
1.45378e-05 0
1.51792e-05 0
1.58489e-05 0
1.65482e-05 0
1.72783e-05 0
1.80406e-05 0
1.88365e-05 0
1.96675e-05 0
2.05353e-05 0
2.14412e-05 0
2.23872e-05 0
2.33749e-05 0
2.44062e-05 0
2.5483e-05 0
2.66073e-05 0
2.77811e-05 0
2.90068e-05 0
3.02866e-05 0
3.16228e-05 0
3.30179e-05 0
3.44747e-05 0
3.59956e-05 0
3.75837e-05 0
3.92419e-05 0
4.09732e-05 0
4.27809e-05 0
4.46684e-05 0
4.66391e-05 0
4.86968e-05 0
5.08452e-05 0
5.30884e-05 0
5.54307e-05 0
5.78762e-05 0
6.04296e-05 0
6.30957e-05 0
6.58795e-05 0
6.8786e-05 0
7.18208e-05 0
7.49894e-05 0
7.82979e-05 0
8.17523e-05 0
8.53591e-05 0
8.91251e-05 0
9.30572e-05 0
9.71628e-05 0
0.00010145 0
0.000105925 0
0.000110599 0
0.000115478 0
0.000120573 0
0.000125893 0
0.000131447 0
0.000137246 0
0.000143301 0
0.000149624 0
0.000156225 0
0.000163117 0
0.000170314 0
0.000177828 0
0.000185674 0
0.000193865 0
0.000202418 0
0.000211349 0
0.000220673 0
0.000230409 0
0.000240575 0
0.000251189 0
0.000262271 0
0.000273842 0
0.000285924 0
0.000298538 0
0.000311709 0
0.000325462 0
0.000339821 0
0.000354813 0
0.000370467 0
0.000386812 0
0.000403878 0
0.000421697 0
0.000440301 0
0.000459727 0
0.00048001 0
0.000501187 0
0.000523299 0
0.000546387 0
0.000570493 0
0.000595662 0
0.000621942 0
0.000649382 0
0.000678032 106.727
0.000707946 0
0.00073918 0
0.000771792 0
0.000805842 0
0.000841395 0
0.000878517 0
0.000917276 0
0.000957745 0
0.001 0
0.00104412 0
0.00109018 0
0.00113828 0
0.0011885 0
0.00124094 0
0.00129569 0
0.00135285 0
0.00141254 0
0.00147486 0
0.00153993 0
0.00160787 0
0.0016788 0
0.00175287 0
0.00183021 0
0.00191095 0
0.00199526 0
0.00208329 0
0.0021752 0
0.00227117 0
0.00237137 0
0.002476 0
0.00258523 0
0.00269929 0
0.00281838 0
0.00294273 0
0.00307256 0
0.00320812 0
0.00334965 0
0.00349744 0
0.00365174 0
0.00381285 0
0.00398107 0
0.00415671 0
0.0043401 0
0.00453158 0
0.00473151 0
0.00494026 0
0.00515822 113.615
0.0053858 0
0.00562341 0
0.00587151 0
0.00613056 0
0.00640103 0
0.00668344 0
0.00697831 0
0.00728618 0
0.00760764 0
0.00794328 0
0.00829373 0
0.00865964 185.774
0.0090417 158.995
0.00944061 0
0.00985712 0
0.010292 0
0.0107461 0
0.0112202 0
0.0117152 84.6206
0.0122321 80.1919
0.0127717 176.634
0.0133352 27.1576
0.0139236 0
0.0145378 92.9675
0.0151792 31.6786
0.0158489 0
0.0165482 150.581
0.0172783 78.0243
0.0180406 99.9851
0.0188365 141.944
0.0196675 70.4869
0.0205353 113.724
0.0214412 90.4313
0.0223872 267.603
0.0233749 65.2041
0.0244062 458.609
0.025483 280.597
0.0266073 154.417
0.0277811 580.563
0.0290068 475.189
0.0302866 174.586
0.0316228 178.788
0.0330179 582.296
0.0344747 90.6414
0.0359956 310.958
0.0375837 641.268
0.0392419 468.247
0.0409732 393.371
0.0427809 1066.65
0.0446684 988.61
0.0466391 874.91
0.0486968 241.66
0.0508452 609.867
0.0530884 573.448
0.0554307 813.399
0.0578762 708.753
0.0604296 686.907
0.0630957 428.485
0.0658795 811.77
0.068786 1094.83
0.0718208 793.613
0.0749894 825.908
0.0782979 828.552
0.0817523 1117.36
0.0853591 725.985
0.0891251 1085.41
0.0930572 1066.9
0.0971628 818.958
0.10145 1870.18
0.105925 1381.96
0.110599 1315.29
0.115478 846.456
0.120573 795.25
0.125893 1238.11
0.131447 1606.12
0.137246 1130.32
0.143301 1415.36
0.149624 1460.47
0.156225 1977.64
0.163117 1651.3
0.170314 1832.68
0.177828 1726.48
0.185674 1726.05
0.193865 1440.01
0.202418 2009.36
0.211349 1627.04
0.220673 1659.04
0.230409 1817.38
0.240575 1590.89
0.251189 1421
0.262271 1520.39
0.273842 1421
0.285924 1721.64
0.298538 1804.58
0.311709 2352.16
0.325462 2538.13
0.339821 2001.72
0.354813 2166.86
0.370467 1696.03
0.386812 1759.72
0.403878 1779.12
0.421697 1949.62
0.440301 1961.13
0.459727 1653.52
0.48001 1059.48
0.501187 1915.77
0.523299 2673.76
0.546387 2107.98
0.570493 1862.19
0.595662 1718.95
0.621942 1333.19
0.649382 2132.45
0.678032 1745.08
0.707946 1177.5
0.73918 1363.73
0.771792 2229.87
0.805842 1304.56
0.841395 1649.52
0.878517 1412.72
0.917276 1464.22
0.957745 1275.64
1 1683.89
1.04412 878.319
1.09018 1150.81
1.13828 1731.72
1.1885 828.636
1.24094 1054.52
1.29569 1291.42
1.35285 747.363
1.41254 775.583
1.47486 1050.51
1.53993 1144.05
1.60787 500.858
1.6788 399.778
1.75287 669.141
1.83021 303.755
1.91095 900.167
1.99526 757.227
2.08329 1064.78
2.1752 486.177
2.27117 1071.71
2.37137 698.882
2.476 910.478
2.58523 257.496
2.69929 447.05
2.81838 595.515
2.94273 408.178
3.07256 281.908
3.20812 739.314
3.34965 291.854
3.49744 140.946
3.65174 403.184
3.81285 217.155
3.98107 409.33
4.15671 411.234
4.3401 471.877
4.53158 329.011
4.73151 366.21
4.94026 191.781
5.15822 6.82565
5.3858 553.277
5.62341 370.099
5.87151 177.816
6.13056 204.195
6.40103 57.1721
6.68344 132.695
6.97831 0
7.28618 92.7232
7.60764 113.792
7.94328 413.999
8.29373 291.524
8.65964 137.26
9.0417 275.445
9.44061 709.99
9.85712 95.4125
10.292 165.722
10.7461 64.4505
11.2202 0
11.7152 0
12.2321 0
12.7717 201.612
13.3352 123.523
13.9236 305.912
14.5378 182.311
15.1792 268.181
15.8489 0
16.5482 60.1373
17.2783 400.579
18.0406 0
18.8365 101.379
19.6675 150.187
20.5353 263.774
21.4412 113.37
22.3872 170.353
23.3749 264.771
24.4062 0
25.483 0
26.6073 77.1893
27.7811 606.219
29.0068 167.379
30.2866 495.229
31.6228 37.6774
33.0179 84.9672
34.4747 354.256
35.9956 453.133
37.5837 274.038
39.2419 393.013
40.9732 209.104
42.7809 257.049
44.6684 270.249
46.6391 164.238
48.6968 114.278
50.8452 171.5
53.0884 302.677
55.4307 226.062
57.8762 133.539
60.4296 41.8704
63.0957 384.878
65.8795 72.657
68.786 417.002
71.8208 310.039
74.9894 578.806
78.2979 653.213
81.7523 205.177
85.3591 225.22
89.1251 596.045
93.0572 984.57
97.1628 493.802
101.45 574.687
105.925 0
110.599 421.744
115.478 520.606
120.573 621.295
125.893 590.708
131.447 612.169
137.246 732.159
143.301 831.132
149.624 336.236
156.225 726.253
163.117 834.272
170.314 429.224
177.828 463.7
185.674 1149.94
193.865 1532.05
202.418 604.082
211.349 416.864
220.673 1099.71
230.409 1075.24
240.575 1029.73
251.189 1201.36
262.271 1349.82
273.842 1328.22
285.924 1067.73
298.538 1285.71
311.709 1554.83
325.462 1435.46
339.821 1759.81
354.813 2072.71
370.467 1203.88
386.812 1299.76
403.878 518.69
421.697 729.873
440.301 98.8093
459.727 225.656
480.01 74.2725
501.187 149.172
523.299 156.751
546.387 363.982
570.493 0
595.662 102.728
621.942 192.628
649.382 0
678.032 119.782
707.946 95.1391
739.18 85.0514
771.792 0
805.842 0
841.395 113.663
878.517 0
917.276 0
957.745 0
1000 0
