# First line is two numbers 
#     First value is '2', it means 'histogram mode'
#     Second value is 'Emin' of the histogram
# Other lines : 2 columns. 1) energy 2) probability (nb divided by NbEvent)
# Number of bins = 480
# Content below the first bin: 0
# Content above the last  bin: 0
# Content above the last  bin: 0
# Number of events: 209000
2 1e-06
1.04412e-06 0
1.09018e-06 0
1.13828e-06 0
1.1885e-06 0
1.24094e-06 0
1.29569e-06 0
1.35285e-06 0
1.41254e-06 0
1.47486e-06 0
1.53993e-06 0
1.60787e-06 0
1.6788e-06 0
1.75287e-06 0
1.83021e-06 0
1.91095e-06 0
1.99526e-06 0
2.08329e-06 0
2.1752e-06 0
2.27117e-06 0
2.37137e-06 0
2.476e-06 0
2.58523e-06 0
2.69929e-06 0
2.81838e-06 0
2.94273e-06 0
3.07256e-06 0
3.20812e-06 0
3.34965e-06 0
3.49744e-06 0
3.65174e-06 0
3.81285e-06 0
3.98107e-06 0
4.15671e-06 0
4.3401e-06 0
4.53158e-06 0
4.73151e-06 0
4.94026e-06 0
5.15822e-06 0
5.3858e-06 0
5.62341e-06 0
5.87151e-06 0
6.13056e-06 0
6.40103e-06 0
6.68344e-06 0
6.97831e-06 0
7.28618e-06 0
7.60764e-06 0
7.94328e-06 0
8.29373e-06 0
8.65964e-06 0
9.0417e-06 0
9.44061e-06 0
9.85712e-06 0
1.0292e-05 0
1.07461e-05 0
1.12202e-05 0
1.17152e-05 0
1.22321e-05 0
1.27717e-05 0
1.33352e-05 0
1.39236e-05 0
1.45378e-05 0
1.51792e-05 0
1.58489e-05 0
1.65482e-05 0
1.72783e-05 0
1.80406e-05 0
1.88365e-05 0
1.96675e-05 0
2.05353e-05 0
2.14412e-05 0
2.23872e-05 0
2.33749e-05 0
2.44062e-05 0
2.5483e-05 0
2.66073e-05 0
2.77811e-05 0
2.90068e-05 0
3.02866e-05 0
3.16228e-05 0
3.30179e-05 0
3.44747e-05 0
3.59956e-05 0
3.75837e-05 0
3.92419e-05 0
4.09732e-05 0
4.27809e-05 0
4.46684e-05 0
4.66391e-05 0
4.86968e-05 0
5.08452e-05 0
5.30884e-05 0
5.54307e-05 0
5.78762e-05 0
6.04296e-05 0
6.30957e-05 0
6.58795e-05 0
6.8786e-05 0
7.18208e-05 0
7.49894e-05 0
7.82979e-05 0
8.17523e-05 0
8.53591e-05 0
8.91251e-05 0
9.30572e-05 0
9.71628e-05 0
0.00010145 0
0.000105925 0
0.000110599 0
0.000115478 0
0.000120573 0
0.000125893 0
0.000131447 0
0.000137246 0
0.000143301 0
0.000149624 0
0.000156225 0
0.000163117 0
0.000170314 0
0.000177828 0
0.000185674 0
0.000193865 0
0.000202418 0
0.000211349 0
0.000220673 0
0.000230409 0
0.000240575 0
0.000251189 0
0.000262271 0
0.000273842 0
0.000285924 0
0.000298538 0
0.000311709 0
0.000325462 0
0.000339821 0
0.000354813 0
0.000370467 0
0.000386812 0
0.000403878 0
0.000421697 0
0.000440301 0
0.000459727 0
0.00048001 0
0.000501187 0
0.000523299 0
0.000546387 0
0.000570493 0
0.000595662 0
0.000621942 0
0.000649382 0
0.000678032 0
0.000707946 0
0.00073918 0
0.000771792 0
0.000805842 0
0.000841395 0
0.000878517 0
0.000917276 0
0.000957745 0
0.001 0
0.00104412 0
0.00109018 0
0.00113828 0
0.0011885 0
0.00124094 0
0.00129569 0
0.00135285 0
0.00141254 0
0.00147486 0
0.00153993 0
0.00160787 0
0.0016788 0
0.00175287 0
0.00183021 0
0.00191095 0
0.00199526 0
0.00208329 0
0.0021752 0
0.00227117 0
0.00237137 0
0.002476 0
0.00258523 0
0.00269929 0
0.00281838 0
0.00294273 0
0.00307256 0
0.00320812 0
0.00334965 0
0.00349744 0
0.00365174 0
0.00381285 0
0.00398107 0
0.00415671 0
0.0043401 0
0.00453158 0
0.00473151 0
0.00494026 0
0.00515822 0
0.0053858 0
0.00562341 0
0.00587151 0
0.00613056 84.7621
0.00640103 87.8893
0.00668344 0
0.00697831 0
0.00728618 0
0.00760764 0
0.00794328 111.321
0.00829373 0
0.00865964 0
0.0090417 0
0.00944061 0
0.00985712 109.228
0.010292 84.2274
0.0107461 82.1826
0.0112202 0
0.0117152 0
0.0122321 0
0.0127717 107.189
0.0133352 179.264
0.0139236 271.332
0.0145378 220.193
0.0151792 162.814
0.0158489 164.346
0.0165482 0
0.0172783 0
0.0180406 0
0.0188365 33.5147
0.0196675 48.0399
0.0205353 39.3174
0.0214412 221.028
0.0223872 239.413
0.0233749 218.587
0.0244062 314.35
0.025483 0
0.0266073 175.609
0.0277811 174.95
0.0290068 104.007
0.0302866 214.457
0.0316228 191.912
0.0330179 294.402
0.0344747 427.607
0.0359956 151.172
0.0375837 198.875
0.0392419 286.633
0.0409732 181.193
0.0427809 341.643
0.0446684 554.861
0.0466391 464.312
0.0486968 601.254
0.0508452 634.013
0.0530884 1028.94
0.0554307 484.948
0.0578762 825.09
0.0604296 832.526
0.0630957 702.084
0.0658795 954.113
0.068786 966.344
0.0718208 1389.81
0.0749894 792.589
0.0782979 1105.05
0.0817523 699.705
0.0853591 1123.41
0.0891251 700.375
0.0930572 922.256
0.0971628 1101.6
0.10145 2055.93
0.105925 875.898
0.110599 844.199
0.115478 1314.89
0.120573 1166.67
0.125893 1620.49
0.131447 1404.66
0.137246 1237.72
0.143301 1605.52
0.149624 1236.37
0.156225 1453.02
0.163117 1481.23
0.170314 1326.23
0.177828 1405.73
0.185674 1818.88
0.193865 1584.93
0.202418 1153.05
0.211349 1560.17
0.220673 1028.98
0.230409 1765.74
0.240575 1474.52
0.251189 2260.78
0.262271 2007.22
0.273842 2035.21
0.285924 1445.1
0.298538 1913.63
0.311709 748.325
0.325462 2437.88
0.339821 1620.05
0.354813 1719.85
0.370467 1550.27
0.386812 1389.84
0.403878 1865.85
0.421697 2419.16
0.440301 1768.21
0.459727 1258.08
0.48001 1666.74
0.501187 2097.94
0.523299 1563.63
0.546387 1961.74
0.570493 1030.63
0.595662 1431.31
0.621942 2091.62
0.649382 2423
0.678032 717.652
0.707946 1760.7
0.73918 1357.99
0.771792 1067.66
0.805842 1494.5
0.841395 1386.18
0.878517 1946.39
0.917276 1392.33
0.957745 2004.35
1 1006.79
1.04412 1260.22
1.09018 626.009
1.13828 985.31
1.1885 1115.18
1.24094 893.499
1.29569 969.13
1.35285 468.052
1.41254 817.25
1.47486 1126.39
1.53993 871.67
1.60787 614.91
1.6788 994.927
1.75287 739.374
1.83021 704.083
1.91095 581.963
1.99526 398.12
2.08329 431.299
2.1752 623
2.27117 880.199
2.37137 610.998
2.476 763.641
2.58523 243.886
2.69929 384.14
2.81838 247.061
2.94273 940.87
3.07256 390.834
3.20812 507.11
3.34965 581.377
3.49744 402.433
3.65174 407.881
3.81285 356.962
3.98107 265.042
4.15671 353.262
4.3401 161.507
4.53158 258.18
4.73151 266.606
4.94026 329.899
5.15822 102.056
5.3858 330.563
5.62341 404.15
5.87151 129.33
6.13056 203.926
6.40103 198.313
6.68344 477.235
6.97831 447.846
7.28618 31.0514
7.60764 224.567
7.94328 46.8688
8.29373 204.458
8.65964 147.404
9.0417 71.2049
9.44061 240.026
9.85712 83.6924
10.292 101.205
10.7461 122.586
11.2202 154.419
11.7152 388.368
12.2321 0
12.7717 104.458
13.3352 169.172
13.9236 267.822
14.5378 155.656
15.1792 284.971
15.8489 118.638
16.5482 72.0717
17.2783 137.229
18.0406 273.099
18.8365 190.282
19.6675 318.766
20.5353 97.2698
21.4412 72.2753
22.3872 308.156
23.3749 196.217
24.4062 0
25.483 151.45
26.6073 95.0761
27.7811 68.8976
29.0068 119.054
30.2866 110.429
31.6228 125.102
33.0179 243.272
34.4747 277.602
35.9956 88.2678
37.5837 340.39
39.2419 288.222
40.9732 194.022
42.7809 247.318
44.6684 100.465
46.6391 305.521
48.6968 473.582
50.8452 371.944
53.0884 192.929
55.4307 221.119
57.8762 240.813
60.4296 388.726
63.0957 358.222
65.8795 252.358
68.786 52.9049
71.8208 291.089
74.9894 295.529
78.2979 255.715
81.7523 208.777
85.3591 305.189
89.1251 111.79
93.0572 0
97.1628 215.148
101.45 91.0067
105.925 117.958
110.599 43.9494
115.478 52.8305
120.573 51.9193
125.893 136.163
131.447 157.246
137.246 57.3622
143.301 361.235
149.624 107.55
156.225 147.522
163.117 72.5709
170.314 367.292
177.828 117.08
185.674 0
193.865 107.207
202.418 84.7854
211.349 316.983
220.673 0
230.409 114.25
240.575 158.252
251.189 225.249
262.271 0
273.842 0
285.924 0
298.538 264.309
311.709 45.9605
325.462 77.466
339.821 118.83
354.813 0
370.467 0
386.812 0
403.878 0
421.697 0
440.301 0
459.727 0
480.01 0
501.187 0
523.299 0
546.387 0
570.493 0
595.662 0
621.942 0
649.382 0
678.032 0
707.946 0
739.18 0
771.792 0
805.842 0
841.395 0
878.517 0
917.276 0
957.745 0
1000 0
