# First line is two numbers 
#     First value is '2', it means 'histogram mode'
#     Second value is 'Emin' of the histogram
# Other lines : 2 columns. 1) energy 2) probability (nb divided by NbEvent)
# Number of bins = 480
# Content below the first bin: 0
# Content above the last  bin: 88.5742
# Content above the last  bin: 88.5742
# Number of events: 209000
2 1e-06
1.04412e-06 0
1.09018e-06 0
1.13828e-06 0
1.1885e-06 0
1.24094e-06 0
1.29569e-06 0
1.35285e-06 0
1.41254e-06 0
1.47486e-06 0
1.53993e-06 0
1.60787e-06 0
1.6788e-06 0
1.75287e-06 0
1.83021e-06 0
1.91095e-06 0
1.99526e-06 0
2.08329e-06 0
2.1752e-06 0
2.27117e-06 0
2.37137e-06 0
2.476e-06 0
2.58523e-06 0
2.69929e-06 0
2.81838e-06 0
2.94273e-06 0
3.07256e-06 0
3.20812e-06 0
3.34965e-06 0
3.49744e-06 0
3.65174e-06 0
3.81285e-06 0
3.98107e-06 0
4.15671e-06 0
4.3401e-06 0
4.53158e-06 0
4.73151e-06 0
4.94026e-06 0
5.15822e-06 0
5.3858e-06 0
5.62341e-06 0
5.87151e-06 0
6.13056e-06 0
6.40103e-06 0
6.68344e-06 0
6.97831e-06 0
7.28618e-06 0
7.60764e-06 0
7.94328e-06 0
8.29373e-06 0
8.65964e-06 0
9.0417e-06 0
9.44061e-06 0
9.85712e-06 0
1.0292e-05 0
1.07461e-05 0
1.12202e-05 0
1.17152e-05 0
1.22321e-05 0
1.27717e-05 0
1.33352e-05 0
1.39236e-05 0
1.45378e-05 0
1.51792e-05 0
1.58489e-05 0
1.65482e-05 0
1.72783e-05 0
1.80406e-05 0
1.88365e-05 0
1.96675e-05 0
2.05353e-05 0
2.14412e-05 0
2.23872e-05 0
2.33749e-05 0
2.44062e-05 0
2.5483e-05 0
2.66073e-05 0
2.77811e-05 0
2.90068e-05 0
3.02866e-05 0
3.16228e-05 0
3.30179e-05 0
3.44747e-05 0
3.59956e-05 0
3.75837e-05 0
3.92419e-05 0
4.09732e-05 0
4.27809e-05 0
4.46684e-05 0
4.66391e-05 0
4.86968e-05 0
5.08452e-05 0
5.30884e-05 0
5.54307e-05 0
5.78762e-05 0
6.04296e-05 0
6.30957e-05 0
6.58795e-05 0
6.8786e-05 0
7.18208e-05 0
7.49894e-05 0
7.82979e-05 0
8.17523e-05 0
8.53591e-05 0
8.91251e-05 0
9.30572e-05 0
9.71628e-05 0
0.00010145 0
0.000105925 0
0.000110599 0
0.000115478 0
0.000120573 0
0.000125893 0
0.000131447 0
0.000137246 0
0.000143301 0
0.000149624 0
0.000156225 0
0.000163117 0
0.000170314 0
0.000177828 0
0.000185674 0
0.000193865 0
0.000202418 0
0.000211349 0
0.000220673 0
0.000230409 0
0.000240575 0
0.000251189 0
0.000262271 0
0.000273842 0
0.000285924 0
0.000298538 0
0.000311709 0
0.000325462 0
0.000339821 0
0.000354813 0
0.000370467 119.327
0.000386812 0
0.000403878 0
0.000421697 0
0.000440301 0
0.000459727 0
0.00048001 0
0.000501187 0
0.000523299 0
0.000546387 0
0.000570493 0
0.000595662 0
0.000621942 0
0.000649382 0
0.000678032 0
0.000707946 0
0.00073918 0
0.000771792 0
0.000805842 0
0.000841395 0
0.000878517 0
0.000917276 0
0.000957745 0
0.001 0
0.00104412 0
0.00109018 0
0.00113828 0
0.0011885 0
0.00124094 0
0.00129569 0
0.00135285 0
0.00141254 0
0.00147486 0
0.00153993 0
0.00160787 0
0.0016788 0
0.00175287 194.999
0.00183021 0
0.00191095 0
0.00199526 0
0.00208329 0
0.0021752 0
0.00227117 0
0.00237137 63.0278
0.002476 0
0.00258523 0
0.00269929 0
0.00281838 0
0.00294273 0
0.00307256 74.615
0.00320812 0
0.00334965 0
0.00349744 117.821
0.00365174 0
0.00381285 106.979
0.00398107 0
0.00415671 0
0.0043401 119.878
0.00453158 0
0.00473151 0
0.00494026 0
0.00515822 0
0.0053858 0
0.00562341 0
0.00587151 0
0.00613056 36.8401
0.00640103 0
0.00668344 0
0.00697831 0
0.00728618 0
0.00760764 0
0.00794328 0
0.00829373 114.837
0.00865964 0
0.0090417 23.598
0.00944061 0
0.00985712 109.774
0.010292 115.829
0.0107461 299.641
0.0112202 107.805
0.0117152 109.733
0.0122321 199.384
0.0127717 0
0.0133352 0
0.0139236 282.241
0.0145378 94.3799
0.0151792 185.59
0.0158489 0
0.0165482 115.357
0.0172783 160.494
0.0180406 242.616
0.0188365 237.612
0.0196675 91.9365
0.0205353 154.223
0.0214412 287.343
0.0223872 135.2
0.0233749 81.616
0.0244062 0
0.025483 217.453
0.0266073 102.172
0.0277811 258.795
0.0290068 277.599
0.0302866 366.44
0.0316228 228.461
0.0330179 400.123
0.0344747 163.213
0.0359956 345.325
0.0375837 237.181
0.0392419 175.692
0.0409732 484.618
0.0427809 766.308
0.0446684 510.73
0.0466391 857.201
0.0486968 611.493
0.0508452 402.76
0.0530884 323.484
0.0554307 940.8
0.0578762 495.528
0.0604296 418.796
0.0630957 372.189
0.0658795 911.165
0.068786 873.894
0.0718208 785.833
0.0749894 977.586
0.0782979 624.745
0.0817523 684.528
0.0853591 981.851
0.0891251 1350.21
0.0930572 1173.17
0.0971628 1090.11
0.10145 1038.06
0.105925 920.539
0.110599 1551.97
0.115478 1252.71
0.120573 981.43
0.125893 976.453
0.131447 1197.16
0.137246 962.434
0.143301 609.141
0.149624 1293.68
0.156225 1076.51
0.163117 1866.72
0.170314 1907.16
0.177828 1169.33
0.185674 1997.7
0.193865 1889.47
0.202418 1112.28
0.211349 1792.29
0.220673 1710.8
0.230409 1876.2
0.240575 1204.29
0.251189 695.015
0.262271 1997.39
0.273842 1535.97
0.285924 1504.53
0.298538 2050.19
0.311709 2213.43
0.325462 1248.89
0.339821 1708.58
0.354813 2226.51
0.370467 1723.67
0.386812 2034.02
0.403878 816.682
0.421697 1882.35
0.440301 2484.84
0.459727 1361.14
0.48001 2418.65
0.501187 1444.7
0.523299 1701.47
0.546387 2413.31
0.570493 2304.07
0.595662 1060.32
0.621942 1830.96
0.649382 2534.76
0.678032 1624.66
0.707946 1783.63
0.73918 1978.64
0.771792 1982.45
0.805842 1236.45
0.841395 1484.38
0.878517 1485.29
0.917276 1256.82
0.957745 1461.33
1 1414.9
1.04412 1152.05
1.09018 1123.68
1.13828 1557.89
1.1885 862.949
1.24094 715.382
1.29569 888.925
1.35285 1258.71
1.41254 631.133
1.47486 1125.72
1.53993 417.611
1.60787 507.03
1.6788 517.208
1.75287 531.574
1.83021 191.387
1.91095 162.86
1.99526 989.945
2.08329 793.946
2.1752 693.929
2.27117 528.241
2.37137 363.864
2.476 427.868
2.58523 611.821
2.69929 447.759
2.81838 289.567
2.94273 693.168
3.07256 405.315
3.20812 182.321
3.34965 382.875
3.49744 428.374
3.65174 257.706
3.81285 421.029
3.98107 598.62
4.15671 436.031
4.3401 278.355
4.53158 30.0426
4.73151 347.662
4.94026 357.571
5.15822 585.684
5.3858 592.751
5.62341 369.733
5.87151 0
6.13056 142.186
6.40103 226.481
6.68344 41.2746
6.97831 101.923
7.28618 265.754
7.60764 108.974
7.94328 350.879
8.29373 263.641
8.65964 0
9.0417 399.838
9.44061 199.139
9.85712 173.781
10.292 264.009
10.7461 298.058
11.2202 101.248
11.7152 0
12.2321 0
12.7717 0
13.3352 154.92
13.9236 219.907
14.5378 480.231
15.1792 74.6265
15.8489 262.559
16.5482 0
17.2783 277.01
18.0406 141.181
18.8365 141.954
19.6675 113.992
20.5353 0
21.4412 286.774
22.3872 72.3379
23.3749 104.215
24.4062 453.569
25.483 177.99
26.6073 194.815
27.7811 126.316
29.0068 182.135
30.2866 31.3386
31.6228 254.578
33.0179 94.4333
34.4747 118.882
35.9956 531.687
37.5837 58.0786
39.2419 0
40.9732 277.721
42.7809 297.162
44.6684 0
46.6391 194.122
48.6968 224.528
50.8452 290.064
53.0884 326.57
55.4307 232.77
57.8762 172.946
60.4296 361
63.0957 224.609
65.8795 115.112
68.786 0
71.8208 407.159
74.9894 0
78.2979 392.438
81.7523 319.051
85.3591 304.128
89.1251 167.855
93.0572 278.049
97.1628 335.497
101.45 420.638
105.925 225.766
110.599 95.0726
115.478 46.1132
120.573 41.1279
125.893 162.386
131.447 258.324
137.246 117.671
143.301 229.995
149.624 0
156.225 85.9473
163.117 63.068
170.314 102.402
177.828 137.07
185.674 0
193.865 73.2169
202.418 118.168
211.349 83.012
220.673 0
230.409 66.8003
240.575 116.54
251.189 153.009
262.271 86.7324
273.842 104.287
285.924 0
298.538 160.842
311.709 56.779
325.462 190.808
339.821 0
354.813 0
370.467 0
386.812 0
403.878 0
421.697 0
440.301 0
459.727 0
480.01 0
501.187 0
523.299 0
546.387 0
570.493 0
595.662 0
621.942 0
649.382 0
678.032 0
707.946 0
739.18 0
771.792 0
805.842 0
841.395 0
878.517 0
917.276 0
957.745 0
1000 0
