# First line is two numbers 
#     First value is '2', it means 'histogram mode'
#     Second value is 'Emin' of the histogram
# Other lines : 2 columns. 1) energy 2) probability (nb divided by NbEvent)
# Number of bins = 480
# Content below the first bin: 0
# Content above the last  bin: 0
# Content above the last  bin: 0
# Number of events: 209000
2 1e-06
1.04412e-06 0
1.09018e-06 0
1.13828e-06 0
1.1885e-06 0
1.24094e-06 0
1.29569e-06 0
1.35285e-06 0
1.41254e-06 0
1.47486e-06 0
1.53993e-06 0
1.60787e-06 0
1.6788e-06 0
1.75287e-06 0
1.83021e-06 0
1.91095e-06 0
1.99526e-06 0
2.08329e-06 0
2.1752e-06 0
2.27117e-06 0
2.37137e-06 0
2.476e-06 0
2.58523e-06 0
2.69929e-06 0
2.81838e-06 0
2.94273e-06 0
3.07256e-06 0
3.20812e-06 0
3.34965e-06 0
3.49744e-06 0
3.65174e-06 0
3.81285e-06 0
3.98107e-06 0
4.15671e-06 0
4.3401e-06 0
4.53158e-06 0
4.73151e-06 0
4.94026e-06 0
5.15822e-06 0
5.3858e-06 0
5.62341e-06 0
5.87151e-06 0
6.13056e-06 0
6.40103e-06 0
6.68344e-06 0
6.97831e-06 0
7.28618e-06 0
7.60764e-06 0
7.94328e-06 0
8.29373e-06 0
8.65964e-06 0
9.0417e-06 0
9.44061e-06 0
9.85712e-06 0
1.0292e-05 0
1.07461e-05 0
1.12202e-05 0
1.17152e-05 0
1.22321e-05 0
1.27717e-05 0
1.33352e-05 0
1.39236e-05 0
1.45378e-05 0
1.51792e-05 0
1.58489e-05 0
1.65482e-05 0
1.72783e-05 0
1.80406e-05 0
1.88365e-05 0
1.96675e-05 0
2.05353e-05 0
2.14412e-05 0
2.23872e-05 0
2.33749e-05 0
2.44062e-05 0
2.5483e-05 0
2.66073e-05 0
2.77811e-05 0
2.90068e-05 0
3.02866e-05 0
3.16228e-05 0
3.30179e-05 0
3.44747e-05 0
3.59956e-05 0
3.75837e-05 0
3.92419e-05 0
4.09732e-05 0
4.27809e-05 0
4.46684e-05 0
4.66391e-05 0
4.86968e-05 0
5.08452e-05 0
5.30884e-05 0
5.54307e-05 0
5.78762e-05 0
6.04296e-05 0
6.30957e-05 0
6.58795e-05 0
6.8786e-05 0
7.18208e-05 0
7.49894e-05 0
7.82979e-05 0
8.17523e-05 0
8.53591e-05 0
8.91251e-05 0
9.30572e-05 0
9.71628e-05 0
0.00010145 0
0.000105925 0
0.000110599 0
0.000115478 0
0.000120573 0
0.000125893 0
0.000131447 0
0.000137246 0
0.000143301 0
0.000149624 0
0.000156225 0
0.000163117 0
0.000170314 0
0.000177828 0
0.000185674 0
0.000193865 0
0.000202418 0
0.000211349 0
0.000220673 0
0.000230409 0
0.000240575 0
0.000251189 0
0.000262271 0
0.000273842 0
0.000285924 0
0.000298538 0
0.000311709 0
0.000325462 0
0.000339821 0
0.000354813 0
0.000370467 0
0.000386812 0
0.000403878 0
0.000421697 0
0.000440301 0
0.000459727 0
0.00048001 0
0.000501187 0
0.000523299 0
0.000546387 0
0.000570493 0
0.000595662 0
0.000621942 0
0.000649382 0
0.000678032 0
0.000707946 0
0.00073918 0
0.000771792 0
0.000805842 0
0.000841395 0
0.000878517 0
0.000917276 0
0.000957745 0
0.001 0
0.00104412 0
0.00109018 0
0.00113828 0
0.0011885 0
0.00124094 0
0.00129569 0
0.00135285 0
0.00141254 0
0.00147486 0
0.00153993 0
0.00160787 0
0.0016788 0
0.00175287 0
0.00183021 0
0.00191095 0
0.00199526 0
0.00208329 0
0.0021752 0
0.00227117 0
0.00237137 0
0.002476 0
0.00258523 0
0.00269929 0
0.00281838 0
0.00294273 0
0.00307256 0
0.00320812 103.837
0.00334965 0
0.00349744 0
0.00365174 0
0.00381285 0
0.00398107 0
0.00415671 0
0.0043401 0
0.00453158 0
0.00473151 0
0.00494026 92.2393
0.00515822 0
0.0053858 0
0.00562341 0
0.00587151 0
0.00613056 0
0.00640103 0
0.00668344 75.8125
0.00697831 0
0.00728618 0
0.00760764 0
0.00794328 0
0.00829373 0
0.00865964 0
0.0090417 105.958
0.00944061 0
0.00985712 0
0.010292 0
0.0107461 0
0.0112202 0
0.0117152 0
0.0122321 0
0.0127717 0
0.0133352 95.9519
0.0139236 86.9551
0.0145378 42.2247
0.0151792 0
0.0158489 0
0.0165482 65.0723
0.0172783 0
0.0180406 223.649
0.0188365 0
0.0196675 210.582
0.0205353 140.297
0.0214412 119.269
0.0223872 118.262
0.0233749 115.105
0.0244062 141.052
0.025483 140.842
0.0266073 145.422
0.0277811 171.334
0.0290068 276.795
0.0302866 199.213
0.0316228 316.324
0.0330179 99.264
0.0344747 0
0.0359956 278.384
0.0375837 133.41
0.0392419 59.9222
0.0409732 355.276
0.0427809 162.581
0.0446684 118.982
0.0466391 253.633
0.0486968 0
0.0508452 518.775
0.0530884 222.263
0.0554307 188.914
0.0578762 47.3781
0.0604296 91.8514
0.0630957 481.828
0.0658795 378.672
0.068786 533.467
0.0718208 514.476
0.0749894 641.334
0.0782979 606.582
0.0817523 379.604
0.0853591 598.232
0.0891251 912.551
0.0930572 673.076
0.0971628 642.379
0.10145 769.291
0.105925 813.152
0.110599 726.144
0.115478 456.007
0.120573 668.716
0.125893 1100.81
0.131447 844.215
0.137246 894.933
0.143301 672.311
0.149624 500.152
0.156225 590.311
0.163117 861.997
0.170314 73.6515
0.177828 1169.22
0.185674 577.282
0.193865 314.156
0.202418 830.393
0.211349 388.894
0.220673 1234.42
0.230409 1079.69
0.240575 1070.05
0.251189 909.721
0.262271 1115.94
0.273842 1141.41
0.285924 810.022
0.298538 491.067
0.311709 1073.45
0.325462 990.089
0.339821 1162.58
0.354813 1323.69
0.370467 1018.66
0.386812 735.529
0.403878 1140.47
0.421697 1127.75
0.440301 774.71
0.459727 1364.25
0.48001 1654.98
0.501187 1012.81
0.523299 1147.89
0.546387 949.628
0.570493 1056.67
0.595662 1365.87
0.621942 709.538
0.649382 845.03
0.678032 860.075
0.707946 1009.15
0.73918 1227.43
0.771792 889.876
0.805842 630.943
0.841395 975.822
0.878517 416.918
0.917276 414.665
0.957745 803.201
1 495.386
1.04412 989.016
1.09018 769.402
1.13828 1009.65
1.1885 846.71
1.24094 386.245
1.29569 560.778
1.35285 780.644
1.41254 580.588
1.47486 617.783
1.53993 376.366
1.60787 303.115
1.6788 553.19
1.75287 440.106
1.83021 358.111
1.91095 212.511
1.99526 313.855
2.08329 240.759
2.1752 305.057
2.27117 1185.6
2.37137 151.939
2.476 21.5161
2.58523 391.934
2.69929 272.681
2.81838 109.053
2.94273 302.468
3.07256 229.318
3.20812 193.47
3.34965 320.524
3.49744 216.417
3.65174 111.753
3.81285 122.223
3.98107 380.985
4.15671 213.814
4.3401 193.228
4.53158 303.287
4.73151 105.881
4.94026 181.366
5.15822 375.407
5.3858 176.093
5.62341 153.291
5.87151 186.566
6.13056 293.989
6.40103 175.501
6.68344 140.341
6.97831 88.2132
7.28618 384.164
7.60764 117.546
7.94328 240.419
8.29373 435.38
8.65964 113.974
9.0417 517.387
9.44061 265.131
9.85712 0
10.292 0
10.7461 0
11.2202 108.125
11.7152 0.880947
12.2321 280.428
12.7717 261.352
13.3352 95.7057
13.9236 234.689
14.5378 319.735
15.1792 0
15.8489 111.909
16.5482 262.535
17.2783 62.3344
18.0406 59.398
18.8365 0
19.6675 129.54
20.5353 255.056
21.4412 349.4
22.3872 201.631
23.3749 0
24.4062 157.042
25.483 117.474
26.6073 369.665
27.7811 232.414
29.0068 331.247
30.2866 300.716
31.6228 162.715
33.0179 64.1757
34.4747 288.481
35.9956 346.53
37.5837 103.299
39.2419 44.1523
40.9732 498.995
42.7809 0
44.6684 0
46.6391 156.32
48.6968 159.533
50.8452 139.184
53.0884 313.627
55.4307 275.953
57.8762 315.842
60.4296 216.574
63.0957 49.939
65.8795 578.543
68.786 317.624
71.8208 387.072
74.9894 154.38
78.2979 411.563
81.7523 398.955
85.3591 147.476
89.1251 255.625
93.0572 277.288
97.1628 301.329
101.45 507.941
105.925 464.695
110.599 106
115.478 465.309
120.573 173.27
125.893 145.877
131.447 353.005
137.246 448.299
143.301 299.059
149.624 421.281
156.225 290.292
163.117 582.452
170.314 536.443
177.828 565.185
185.674 564.675
193.865 983.469
202.418 647.4
211.349 760.574
220.673 893.592
230.409 542.665
240.575 981.096
251.189 835.887
262.271 1276.4
273.842 405.65
285.924 857.473
298.538 2351.21
311.709 1847.39
325.462 2234.37
339.821 1382.13
354.813 1823.24
370.467 2106.45
386.812 1829.71
403.878 1521.6
421.697 1714.56
440.301 630.362
459.727 884.455
480.01 298.406
501.187 453.872
523.299 176.182
546.387 195.402
570.493 255.395
595.662 0
621.942 174.839
649.382 0
678.032 90.5908
707.946 109.871
739.18 0
771.792 0
805.842 103.362
841.395 0
878.517 115.417
917.276 0
957.745 0
1000 0
