# First line is two numbers 
#     First value is '2', it means 'histogram mode'
#     Second value is 'Emin' of the histogram
# Other lines : 2 columns. 1) energy 2) probability (nb divided by NbEvent)
# Number of bins = 480
# Content below the first bin: 0
# Content above the last  bin: 0
# Content above the last  bin: 0
# Number of events: 209000
2 1e-06
1.04412e-06 0
1.09018e-06 0
1.13828e-06 0
1.1885e-06 0
1.24094e-06 0
1.29569e-06 0
1.35285e-06 0
1.41254e-06 0
1.47486e-06 0
1.53993e-06 0
1.60787e-06 0
1.6788e-06 0
1.75287e-06 0
1.83021e-06 0
1.91095e-06 0
1.99526e-06 0
2.08329e-06 0
2.1752e-06 0
2.27117e-06 0
2.37137e-06 0
2.476e-06 0
2.58523e-06 0
2.69929e-06 0
2.81838e-06 0
2.94273e-06 0
3.07256e-06 0
3.20812e-06 0
3.34965e-06 0
3.49744e-06 0
3.65174e-06 0
3.81285e-06 0
3.98107e-06 0
4.15671e-06 0
4.3401e-06 0
4.53158e-06 0
4.73151e-06 0
4.94026e-06 0
5.15822e-06 0
5.3858e-06 0
5.62341e-06 0
5.87151e-06 0
6.13056e-06 0
6.40103e-06 0
6.68344e-06 0
6.97831e-06 0
7.28618e-06 0
7.60764e-06 0
7.94328e-06 0
8.29373e-06 0
8.65964e-06 0
9.0417e-06 0
9.44061e-06 0
9.85712e-06 0
1.0292e-05 0
1.07461e-05 0
1.12202e-05 0
1.17152e-05 0
1.22321e-05 0
1.27717e-05 0
1.33352e-05 0
1.39236e-05 0
1.45378e-05 0
1.51792e-05 0
1.58489e-05 0
1.65482e-05 0
1.72783e-05 0
1.80406e-05 0
1.88365e-05 0
1.96675e-05 0
2.05353e-05 0
2.14412e-05 0
2.23872e-05 0
2.33749e-05 0
2.44062e-05 0
2.5483e-05 0
2.66073e-05 0
2.77811e-05 0
2.90068e-05 0
3.02866e-05 0
3.16228e-05 0
3.30179e-05 0
3.44747e-05 0
3.59956e-05 0
3.75837e-05 0
3.92419e-05 0
4.09732e-05 0
4.27809e-05 0
4.46684e-05 0
4.66391e-05 0
4.86968e-05 0
5.08452e-05 0
5.30884e-05 0
5.54307e-05 0
5.78762e-05 0
6.04296e-05 0
6.30957e-05 0
6.58795e-05 0
6.8786e-05 0
7.18208e-05 0
7.49894e-05 0
7.82979e-05 0
8.17523e-05 0
8.53591e-05 0
8.91251e-05 0
9.30572e-05 0
9.71628e-05 0
0.00010145 0
0.000105925 0
0.000110599 0
0.000115478 0
0.000120573 0
0.000125893 0
0.000131447 0
0.000137246 0
0.000143301 0
0.000149624 0
0.000156225 0
0.000163117 0
0.000170314 0
0.000177828 0
0.000185674 0
0.000193865 0
0.000202418 0
0.000211349 0
0.000220673 0
0.000230409 0
0.000240575 0
0.000251189 0
0.000262271 0
0.000273842 0
0.000285924 0
0.000298538 0
0.000311709 0
0.000325462 0
0.000339821 0
0.000354813 0
0.000370467 0
0.000386812 0
0.000403878 0
0.000421697 0
0.000440301 0
0.000459727 0
0.00048001 0
0.000501187 0
0.000523299 0
0.000546387 0
0.000570493 0
0.000595662 0
0.000621942 0
0.000649382 0
0.000678032 0
0.000707946 0
0.00073918 0
0.000771792 0
0.000805842 0
0.000841395 0
0.000878517 0
0.000917276 0
0.000957745 0
0.001 0
0.00104412 0
0.00109018 0
0.00113828 0
0.0011885 0
0.00124094 0
0.00129569 0
0.00135285 0
0.00141254 0
0.00147486 0
0.00153993 0
0.00160787 0
0.0016788 0
0.00175287 0
0.00183021 0
0.00191095 0
0.00199526 0
0.00208329 0
0.0021752 0
0.00227117 0
0.00237137 0
0.002476 0
0.00258523 0
0.00269929 0
0.00281838 0
0.00294273 0
0.00307256 26.4904
0.00320812 0
0.00334965 0
0.00349744 0
0.00365174 0
0.00381285 0
0.00398107 0
0.00415671 0
0.0043401 0
0.00453158 0
0.00473151 0
0.00494026 0
0.00515822 0
0.0053858 0
0.00562341 0
0.00587151 0
0.00613056 0
0.00640103 0
0.00668344 64.701
0.00697831 0
0.00728618 0
0.00760764 0
0.00794328 0
0.00829373 0
0.00865964 0
0.0090417 0
0.00944061 0
0.00985712 37.5221
0.010292 0
0.0107461 0
0.0112202 0
0.0117152 0
0.0122321 0
0.0127717 0
0.0133352 0
0.0139236 101.248
0.0145378 105.612
0.0151792 0
0.0158489 0
0.0165482 0
0.0172783 119.218
0.0180406 0
0.0188365 97.3328
0.0196675 213.134
0.0205353 176.413
0.0214412 114.901
0.0223872 0
0.0233749 81.5235
0.0244062 90.2117
0.025483 0
0.0266073 106.214
0.0277811 109.559
0.0290068 204.6
0.0302866 190.434
0.0316228 196.78
0.0330179 212.184
0.0344747 118.228
0.0359956 170.287
0.0375837 198.052
0.0392419 287.744
0.0409732 301.576
0.0427809 272.19
0.0446684 381.96
0.0466391 398.192
0.0486968 317.915
0.0508452 293.331
0.0530884 126.859
0.0554307 253.392
0.0578762 259.756
0.0604296 405.399
0.0630957 313.961
0.0658795 263.242
0.068786 656.852
0.0718208 198.494
0.0749894 891.452
0.0782979 622.822
0.0817523 495.183
0.0853591 430.234
0.0891251 527.897
0.0930572 481.076
0.0971628 428.415
0.10145 891.789
0.105925 647.682
0.110599 618.905
0.115478 842.081
0.120573 992.705
0.125893 840.89
0.131447 540.182
0.137246 636.926
0.143301 949.528
0.149624 1162.63
0.156225 1112.78
0.163117 982.441
0.170314 998.597
0.177828 1460.06
0.185674 1029.05
0.193865 667.056
0.202418 994.213
0.211349 1318.59
0.220673 1137.35
0.230409 529.217
0.240575 1093.77
0.251189 1087.28
0.262271 1084.74
0.273842 555.984
0.285924 1144.28
0.298538 645.119
0.311709 1680.56
0.325462 935.88
0.339821 1376.68
0.354813 1082.16
0.370467 1642.65
0.386812 1203.15
0.403878 1016.86
0.421697 1125.82
0.440301 1019.26
0.459727 1949.74
0.48001 1595.96
0.501187 1408.77
0.523299 1482.74
0.546387 673.387
0.570493 1559.23
0.595662 1671.22
0.621942 812.552
0.649382 804.232
0.678032 781.865
0.707946 768.442
0.73918 971.09
0.771792 618.559
0.805842 1090.46
0.841395 1289.81
0.878517 970.505
0.917276 918.303
0.957745 199.252
1 736.951
1.04412 646.787
1.09018 276.182
1.13828 393.772
1.1885 847.807
1.24094 721.578
1.29569 1131.18
1.35285 512.788
1.41254 470.782
1.47486 426.24
1.53993 397.816
1.60787 329.288
1.6788 735.246
1.75287 667.581
1.83021 231.405
1.91095 57.2631
1.99526 466.383
2.08329 301.356
2.1752 102.012
2.27117 284.68
2.37137 375.109
2.476 65.4344
2.58523 226.288
2.69929 141.287
2.81838 323.483
2.94273 494.269
3.07256 375.688
3.20812 377.359
3.34965 289.79
3.49744 201.118
3.65174 244.497
3.81285 28.4528
3.98107 141.699
4.15671 116.67
4.3401 557.28
4.53158 190.256
4.73151 128.453
4.94026 426.855
5.15822 268.457
5.3858 316.345
5.62341 97.6677
5.87151 91.1453
6.13056 182.544
6.40103 282.988
6.68344 212.209
6.97831 202.099
7.28618 237.628
7.60764 297.61
7.94328 291.746
8.29373 270.974
8.65964 99.6557
9.0417 268.738
9.44061 161.672
9.85712 191.989
10.292 286.223
10.7461 64.4547
11.2202 242.148
11.7152 131.952
12.2321 60.8232
12.7717 113.475
13.3352 119.465
13.9236 239.636
14.5378 0
15.1792 0
15.8489 0
16.5482 257.099
17.2783 0
18.0406 0
18.8365 113.532
19.6675 0
20.5353 96.0034
21.4412 14.2473
22.3872 99.9947
23.3749 0
24.4062 166.707
25.483 53.6249
26.6073 0
27.7811 201.156
29.0068 31.1898
30.2866 38.6876
31.6228 132.847
33.0179 0
34.4747 237.558
35.9956 330.524
37.5837 98.8976
39.2419 282.031
40.9732 190.354
42.7809 169.775
44.6684 338.883
46.6391 206.052
48.6968 138.127
50.8452 278.463
53.0884 253.976
55.4307 209.716
57.8762 105.111
60.4296 120.786
63.0957 146.873
65.8795 96.3934
68.786 276.818
71.8208 265.532
74.9894 354.421
78.2979 320.867
81.7523 657.901
85.3591 336.128
89.1251 197.788
93.0572 469.612
97.1628 415.287
101.45 340.123
105.925 230.495
110.599 823.533
115.478 359.419
120.573 244.933
125.893 196.84
131.447 336.203
137.246 345.09
143.301 670.09
149.624 257.922
156.225 534.221
163.117 173.715
170.314 610.286
177.828 338.165
185.674 754.806
193.865 400.793
202.418 767.696
211.349 341.634
220.673 1168.25
230.409 349.686
240.575 397.679
251.189 1220.14
262.271 1350.62
273.842 812.032
285.924 1180.78
298.538 1099.95
311.709 1185.56
325.462 1425.67
339.821 1768.77
354.813 1439.16
370.467 786.842
386.812 1788.97
403.878 1550.04
421.697 496.406
440.301 863.976
459.727 425.249
480.01 672.52
501.187 164.705
523.299 26.7023
546.387 65.9643
570.493 276.27
595.662 119.054
621.942 102.88
649.382 0
678.032 62.6926
707.946 77.7122
739.18 0
771.792 74.1069
805.842 0
841.395 0
878.517 0
917.276 0
957.745 0
1000 0
