# First line is two numbers 
#     First value is '2', it means 'histogram mode'
#     Second value is 'Emin' of the histogram
# Other lines : 2 columns. 1) energy 2) probability (nb divided by NbEvent)
# Number of bins = 480
# Content below the first bin: 0
# Content above the last  bin: 0
# Content above the last  bin: 0
# Number of events: 209000
2 1e-06
1.04412e-06 0
1.09018e-06 0
1.13828e-06 0
1.1885e-06 0
1.24094e-06 0
1.29569e-06 0
1.35285e-06 0
1.41254e-06 0
1.47486e-06 0
1.53993e-06 0
1.60787e-06 0
1.6788e-06 0
1.75287e-06 0
1.83021e-06 0
1.91095e-06 0
1.99526e-06 0
2.08329e-06 0
2.1752e-06 0
2.27117e-06 0
2.37137e-06 0
2.476e-06 0
2.58523e-06 0
2.69929e-06 0
2.81838e-06 0
2.94273e-06 0
3.07256e-06 0
3.20812e-06 0
3.34965e-06 0
3.49744e-06 0
3.65174e-06 0
3.81285e-06 0
3.98107e-06 0
4.15671e-06 0
4.3401e-06 0
4.53158e-06 0
4.73151e-06 0
4.94026e-06 0
5.15822e-06 0
5.3858e-06 0
5.62341e-06 0
5.87151e-06 0
6.13056e-06 0
6.40103e-06 0
6.68344e-06 0
6.97831e-06 0
7.28618e-06 0
7.60764e-06 0
7.94328e-06 0
8.29373e-06 0
8.65964e-06 0
9.0417e-06 0
9.44061e-06 0
9.85712e-06 0
1.0292e-05 0
1.07461e-05 0
1.12202e-05 0
1.17152e-05 0
1.22321e-05 0
1.27717e-05 0
1.33352e-05 0
1.39236e-05 0
1.45378e-05 0
1.51792e-05 0
1.58489e-05 0
1.65482e-05 0
1.72783e-05 0
1.80406e-05 0
1.88365e-05 0
1.96675e-05 0
2.05353e-05 0
2.14412e-05 0
2.23872e-05 0
2.33749e-05 0
2.44062e-05 0
2.5483e-05 0
2.66073e-05 0
2.77811e-05 0
2.90068e-05 0
3.02866e-05 0
3.16228e-05 0
3.30179e-05 0
3.44747e-05 0
3.59956e-05 0
3.75837e-05 0
3.92419e-05 0
4.09732e-05 0
4.27809e-05 0
4.46684e-05 0
4.66391e-05 0
4.86968e-05 0
5.08452e-05 0
5.30884e-05 0
5.54307e-05 0
5.78762e-05 0
6.04296e-05 0
6.30957e-05 0
6.58795e-05 0
6.8786e-05 0
7.18208e-05 0
7.49894e-05 0
7.82979e-05 61.7178
8.17523e-05 0
8.53591e-05 0
8.91251e-05 0
9.30572e-05 0
9.71628e-05 0
0.00010145 0
0.000105925 0
0.000110599 0
0.000115478 0
0.000120573 0
0.000125893 0
0.000131447 0
0.000137246 0
0.000143301 0
0.000149624 98.4849
0.000156225 0
0.000163117 0
0.000170314 0
0.000177828 0
0.000185674 0
0.000193865 0
0.000202418 0
0.000211349 0
0.000220673 0
0.000230409 0
0.000240575 0
0.000251189 0
0.000262271 0
0.000273842 0
0.000285924 0
0.000298538 0
0.000311709 0
0.000325462 0
0.000339821 0
0.000354813 0
0.000370467 0
0.000386812 0
0.000403878 0
0.000421697 0
0.000440301 0
0.000459727 0
0.00048001 0
0.000501187 0
0.000523299 0
0.000546387 0
0.000570493 0
0.000595662 0
0.000621942 0
0.000649382 0
0.000678032 0
0.000707946 0
0.00073918 0
0.000771792 0
0.000805842 0
0.000841395 0
0.000878517 0
0.000917276 116.994
0.000957745 0
0.001 0
0.00104412 0
0.00109018 0
0.00113828 0
0.0011885 0
0.00124094 0
0.00129569 0
0.00135285 0
0.00141254 0
0.00147486 0
0.00153993 0
0.00160787 0
0.0016788 0
0.00175287 0
0.00183021 116.238
0.00191095 0
0.00199526 0
0.00208329 0
0.0021752 47.2527
0.00227117 0
0.00237137 0
0.002476 0
0.00258523 103.204
0.00269929 0
0.00281838 0
0.00294273 82.9074
0.00307256 91.3141
0.00320812 118.344
0.00334965 0
0.00349744 0
0.00365174 0
0.00381285 0
0.00398107 0
0.00415671 0
0.0043401 0
0.00453158 93.2689
0.00473151 67.9143
0.00494026 0
0.00515822 60.3182
0.0053858 0
0.00562341 200.985
0.00587151 170.441
0.00613056 90.0804
0.00640103 0
0.00668344 134.971
0.00697831 0
0.00728618 189.29
0.00760764 246.513
0.00794328 54.485
0.00829373 231.364
0.00865964 298.472
0.0090417 84.244
0.00944061 0
0.00985712 629.319
0.010292 312.521
0.0107461 420.215
0.0112202 449.011
0.0117152 238.047
0.0122321 302.052
0.0127717 649.483
0.0133352 421.713
0.0139236 492.9
0.0145378 581.72
0.0151792 510.414
0.0158489 1464.92
0.0165482 991.726
0.0172783 790.11
0.0180406 859.012
0.0188365 1097.2
0.0196675 689.045
0.0205353 811.414
0.0214412 1237.19
0.0223872 944.185
0.0233749 1224.45
0.0244062 1245.12
0.025483 1205
0.0266073 1180.73
0.0277811 1044.49
0.0290068 1793.68
0.0302866 1861.96
0.0316228 1466.85
0.0330179 1841.51
0.0344747 2577.16
0.0359956 1680.95
0.0375837 3526.85
0.0392419 1918.28
0.0409732 2212.48
0.0427809 3138.72
0.0446684 3202.88
0.0466391 2364.14
0.0486968 3400.49
0.0508452 3864.43
0.0530884 2499.99
0.0554307 4097.69
0.0578762 3125.68
0.0604296 3700.23
0.0630957 3070.77
0.0658795 3745.01
0.068786 3699.86
0.0718208 5151.76
0.0749894 5081.8
0.0782979 7555.22
0.0817523 5211.22
0.0853591 5559.53
0.0891251 6739.8
0.0930572 6521.6
0.0971628 6537.21
0.10145 7576.43
0.105925 8160.78
0.110599 7645.65
0.115478 8184.89
0.120573 7529.79
0.125893 7313.28
0.131447 8298.01
0.137246 8967.11
0.143301 7114.52
0.149624 8179.35
0.156225 8847.28
0.163117 9436.53
0.170314 7575.87
0.177828 8672.84
0.185674 9680.52
0.193865 9753.74
0.202418 9033.86
0.211349 10084.3
0.220673 9143.59
0.230409 10683.4
0.240575 9255.1
0.251189 11976.1
0.262271 10545.4
0.273842 9836.18
0.285924 11309.3
0.298538 10111.2
0.311709 9945.3
0.325462 9836.18
0.339821 11239.3
0.354813 10203.5
0.370467 11134.2
0.386812 11445.1
0.403878 10946.1
0.421697 12590.8
0.440301 10409.1
0.459727 11808.2
0.48001 10634.1
0.501187 11064.7
0.523299 10921.4
0.546387 12313.8
0.570493 9805.34
0.595662 10239.6
0.621942 11062.4
0.649382 10708.5
0.678032 9745.8
0.707946 9121.05
0.73918 9395.96
0.771792 9444.93
0.805842 10131.5
0.841395 8450.3
0.878517 8514.07
0.917276 7312.35
0.957745 8647.84
1 6762.16
1.04412 8609.36
1.09018 6028.62
1.13828 5424.88
1.1885 6581.82
1.24094 3582.89
1.29569 4968.36
1.35285 5264.25
1.41254 5583.36
1.47486 4054.48
1.53993 2444.54
1.60787 2765.79
1.6788 3486.8
1.75287 2538.8
1.83021 4324.02
1.91095 2772.02
1.99526 3280.03
2.08329 3366.1
2.1752 3574.99
2.27117 3954.36
2.37137 3322.4
2.476 2615.85
2.58523 1992.6
2.69929 1757.42
2.81838 2814.21
2.94273 2679.01
3.07256 2289.74
3.20812 2424.31
3.34965 2009.05
3.49744 1935.42
3.65174 2852.87
3.81285 1847.49
3.98107 1401.19
4.15671 2125.62
4.3401 1981.22
4.53158 1924.3
4.73151 1281.18
4.94026 2526.69
5.15822 1683.1
5.3858 1264.37
5.62341 2265.88
5.87151 1590
6.13056 734.642
6.40103 1070.03
6.68344 923.851
6.97831 886.526
7.28618 741.343
7.60764 586.768
7.94328 1977.07
8.29373 1528.91
8.65964 1201.38
9.0417 770.866
9.44061 1193.85
9.85712 1085.13
10.292 1022.57
10.7461 943.129
11.2202 1589.01
11.7152 2178.79
12.2321 1140.77
12.7717 1367.72
13.3352 1206.56
13.9236 1435.04
14.5378 1368.33
15.1792 1023.11
15.8489 647.824
16.5482 897.934
17.2783 593.573
18.0406 409.046
18.8365 1382.19
19.6675 973.115
20.5353 1065.79
21.4412 934.153
22.3872 1982.22
23.3749 1437.69
24.4062 1267.96
25.483 514.627
26.6073 1458.94
27.7811 1607.86
29.0068 750.497
30.2866 603.957
31.6228 1509.67
33.0179 1381.9
34.4747 1220.1
35.9956 1264.78
37.5837 1172.6
39.2419 1598.79
40.9732 1786.87
42.7809 2235.79
44.6684 2573.62
46.6391 1687.51
48.6968 1983.55
50.8452 1460.42
53.0884 822.976
55.4307 1545.78
57.8762 1711.01
60.4296 1663.59
63.0957 1999.18
65.8795 1319.82
68.786 2343.57
71.8208 2015.85
74.9894 2285.98
78.2979 2594.07
81.7523 1862.04
85.3591 2436.17
89.1251 2039.64
93.0572 2265.88
97.1628 2625.74
101.45 2981.73
105.925 2841
110.599 2385.64
115.478 2281.07
120.573 3536.58
125.893 2783.23
131.447 2923.53
137.246 2969.61
143.301 2084.51
149.624 2390.57
156.225 2160.87
163.117 2530.43
170.314 4042.02
177.828 4221.27
185.674 4029.59
193.865 3946.9
202.418 3396.67
211.349 3949.4
220.673 4288.19
230.409 4244.69
240.575 4425.68
251.189 4830.43
262.271 5611.39
273.842 6307.59
285.924 5680.57
298.538 5259.83
311.709 6184.33
325.462 5661
339.821 6256.79
354.813 5257.27
370.467 4412.55
386.812 3441.81
403.878 2411.23
421.697 2339.85
440.301 1391.88
459.727 898.313
480.01 516.546
501.187 572.703
523.299 524.859
546.387 641.137
570.493 234.393
595.662 71.7201
621.942 539.614
649.382 112.082
678.032 262.359
707.946 288.016
739.18 117.791
771.792 107.557
805.842 141.886
841.395 285.825
878.517 109.535
917.276 142.319
957.745 0
1000 0
