# First line is two numbers 
#     First value is '2', it means 'histogram mode'
#     Second value is 'Emin' of the histogram
# Other lines : 2 columns. 1) energy 2) probability (nb divided by NbEvent)
# Number of bins = 480
# Content below the first bin: 0
# Content above the last  bin: 0
# Content above the last  bin: 0
# Number of events: 209000
2 1e-06
1.04412e-06 0
1.09018e-06 0
1.13828e-06 0
1.1885e-06 0
1.24094e-06 0
1.29569e-06 0
1.35285e-06 0
1.41254e-06 0
1.47486e-06 0
1.53993e-06 0
1.60787e-06 0
1.6788e-06 0
1.75287e-06 0
1.83021e-06 0
1.91095e-06 0
1.99526e-06 0
2.08329e-06 0
2.1752e-06 0
2.27117e-06 0
2.37137e-06 0
2.476e-06 0
2.58523e-06 0
2.69929e-06 0
2.81838e-06 0
2.94273e-06 0
3.07256e-06 0
3.20812e-06 0
3.34965e-06 0
3.49744e-06 0
3.65174e-06 0
3.81285e-06 0
3.98107e-06 0
4.15671e-06 0
4.3401e-06 0
4.53158e-06 0
4.73151e-06 0
4.94026e-06 0
5.15822e-06 0
5.3858e-06 0
5.62341e-06 0
5.87151e-06 0
6.13056e-06 0
6.40103e-06 0
6.68344e-06 0
6.97831e-06 0
7.28618e-06 0
7.60764e-06 0
7.94328e-06 0
8.29373e-06 0
8.65964e-06 0
9.0417e-06 0
9.44061e-06 0
9.85712e-06 0
1.0292e-05 0
1.07461e-05 0
1.12202e-05 0
1.17152e-05 0
1.22321e-05 0
1.27717e-05 0
1.33352e-05 0
1.39236e-05 0
1.45378e-05 0
1.51792e-05 0
1.58489e-05 0
1.65482e-05 0
1.72783e-05 0
1.80406e-05 0
1.88365e-05 0
1.96675e-05 0
2.05353e-05 0
2.14412e-05 0
2.23872e-05 0
2.33749e-05 0
2.44062e-05 0
2.5483e-05 0
2.66073e-05 0
2.77811e-05 0
2.90068e-05 0
3.02866e-05 0
3.16228e-05 0
3.30179e-05 0
3.44747e-05 0
3.59956e-05 0
3.75837e-05 0
3.92419e-05 0
4.09732e-05 0
4.27809e-05 0
4.46684e-05 0
4.66391e-05 0
4.86968e-05 0
5.08452e-05 0
5.30884e-05 0
5.54307e-05 0
5.78762e-05 0
6.04296e-05 0
6.30957e-05 0
6.58795e-05 0
6.8786e-05 0
7.18208e-05 0
7.49894e-05 0
7.82979e-05 0
8.17523e-05 0
8.53591e-05 0
8.91251e-05 0
9.30572e-05 0
9.71628e-05 0
0.00010145 0
0.000105925 0
0.000110599 0
0.000115478 0
0.000120573 0
0.000125893 0
0.000131447 0
0.000137246 0
0.000143301 0
0.000149624 0
0.000156225 0
0.000163117 0
0.000170314 0
0.000177828 0
0.000185674 0
0.000193865 0
0.000202418 0
0.000211349 0
0.000220673 0
0.000230409 0
0.000240575 0
0.000251189 0
0.000262271 0
0.000273842 0
0.000285924 0
0.000298538 0
0.000311709 0
0.000325462 0
0.000339821 0
0.000354813 0
0.000370467 0
0.000386812 0
0.000403878 0
0.000421697 0
0.000440301 0
0.000459727 0
0.00048001 0
0.000501187 0
0.000523299 0
0.000546387 0
0.000570493 0
0.000595662 0
0.000621942 0
0.000649382 0
0.000678032 0
0.000707946 0
0.00073918 0
0.000771792 0
0.000805842 0
0.000841395 0
0.000878517 0
0.000917276 0
0.000957745 0
0.001 0
0.00104412 0
0.00109018 0
0.00113828 0
0.0011885 0
0.00124094 0
0.00129569 0
0.00135285 0
0.00141254 0
0.00147486 0
0.00153993 0
0.00160787 0
0.0016788 0
0.00175287 0
0.00183021 0
0.00191095 111.719
0.00199526 110.532
0.00208329 0
0.0021752 0
0.00227117 0
0.00237137 0
0.002476 0
0.00258523 0
0.00269929 0
0.00281838 0
0.00294273 0
0.00307256 28.2624
0.00320812 0
0.00334965 0
0.00349744 0
0.00365174 0
0.00381285 0
0.00398107 0
0.00415671 0
0.0043401 0
0.00453158 0
0.00473151 0
0.00494026 0
0.00515822 0
0.0053858 0
0.00562341 0
0.00587151 79.4853
0.00613056 0
0.00640103 0
0.00668344 0
0.00697831 0
0.00728618 0
0.00760764 0
0.00794328 0
0.00829373 0
0.00865964 0
0.0090417 0
0.00944061 0
0.00985712 84.2453
0.010292 0
0.0107461 0
0.0112202 33.309
0.0117152 106.252
0.0122321 0
0.0127717 0
0.0133352 0
0.0139236 0
0.0145378 0
0.0151792 0
0.0158489 0
0.0165482 212.011
0.0172783 85.8508
0.0180406 10.898
0.0188365 0
0.0196675 27.0885
0.0205353 0
0.0214412 104.45
0.0223872 0
0.0233749 0
0.0244062 75.3071
0.025483 128.576
0.0266073 187.205
0.0277811 87.5219
0.0290068 0
0.0302866 53.3361
0.0316228 0
0.0330179 66.6003
0.0344747 0
0.0359956 295.678
0.0375837 0
0.0392419 533.942
0.0409732 215.689
0.0427809 31.3425
0.0446684 123.566
0.0466391 202.296
0.0486968 299.18
0.0508452 160.537
0.0530884 151.944
0.0554307 274.36
0.0578762 163.521
0.0604296 454.278
0.0630957 303.274
0.0658795 439.515
0.068786 726.09
0.0718208 336.436
0.0749894 318.358
0.0782979 1023.44
0.0817523 546.411
0.0853591 785.873
0.0891251 326.188
0.0930572 450.382
0.0971628 915.415
0.10145 814.456
0.105925 906.804
0.110599 734.351
0.115478 618.479
0.120573 776.246
0.125893 762.142
0.131447 694.417
0.137246 760.307
0.143301 1351.55
0.149624 955.47
0.156225 1271.33
0.163117 776.286
0.170314 494.127
0.177828 775.251
0.185674 995.983
0.193865 674.476
0.202418 683.443
0.211349 1039.26
0.220673 791.351
0.230409 1026.49
0.240575 998.278
0.251189 853.423
0.262271 1057.7
0.273842 902.962
0.285924 984.311
0.298538 1099.27
0.311709 957.54
0.325462 1446.66
0.339821 724.999
0.354813 1292.46
0.370467 1173.89
0.386812 1398.29
0.403878 1654.66
0.421697 1575.54
0.440301 843.569
0.459727 1000.62
0.48001 1009.27
0.501187 745.085
0.523299 1669.23
0.546387 1521.49
0.570493 1576.01
0.595662 1165.9
0.621942 1419.77
0.649382 741.387
0.678032 1532.8
0.707946 1071.49
0.73918 1360.44
0.771792 762.876
0.805842 964.933
0.841395 819.562
0.878517 788.571
0.917276 625.612
0.957745 755.753
1 837.784
1.04412 887.393
1.09018 565.835
1.13828 461.978
1.1885 814.194
1.24094 393.536
1.29569 861.82
1.35285 1070.16
1.41254 701.136
1.47486 544.456
1.53993 424.297
1.60787 206.779
1.6788 572.19
1.75287 273.6
1.83021 365.756
1.91095 505.344
1.99526 629.953
2.08329 438.838
2.1752 421.298
2.27117 236.684
2.37137 460.17
2.476 173.04
2.58523 424.897
2.69929 728.202
2.81838 355.399
2.94273 589.448
3.07256 122.927
3.20812 618.597
3.34965 374.067
3.49744 245.353
3.65174 350.092
3.81285 348.736
3.98107 357.958
4.15671 527.219
4.3401 305.67
4.53158 319.773
4.73151 409.05
4.94026 505.629
5.15822 180.114
5.3858 437.786
5.62341 71.2315
5.87151 92.8744
6.13056 109.878
6.40103 108.464
6.68344 311.922
6.97831 114.45
7.28618 517.234
7.60764 554.771
7.94328 369.198
8.29373 142.544
8.65964 193.494
9.0417 202.513
9.44061 156.619
9.85712 56.0328
10.292 49.4293
10.7461 242.456
11.2202 148.482
11.7152 626.941
12.2321 643.731
12.7717 69.1413
13.3352 123.672
13.9236 208.115
14.5378 126.226
15.1792 164.506
15.8489 348.221
16.5482 157.496
17.2783 80.1436
18.0406 231.3
18.8365 180.299
19.6675 74.1194
20.5353 269.022
21.4412 0
22.3872 427.298
23.3749 436.74
24.4062 263.596
25.483 368.688
26.6073 177.962
27.7811 636.513
29.0068 203.54
30.2866 302.106
31.6228 341.147
33.0179 362.302
34.4747 592.902
35.9956 109.062
37.5837 322.085
39.2419 187.434
40.9732 330.56
42.7809 217.908
44.6684 737.181
46.6391 425.852
48.6968 502.603
50.8452 1038.6
53.0884 690.038
55.4307 468.269
57.8762 328.823
60.4296 500.755
63.0957 196.395
65.8795 147.858
68.786 467.377
71.8208 677.864
74.9894 438.614
78.2979 788.978
81.7523 467.461
85.3591 695.965
89.1251 618.753
93.0572 416.785
97.1628 687.704
101.45 531.731
105.925 553.961
110.599 1033.64
115.478 1047.27
120.573 735.788
125.893 728.362
131.447 1147.13
137.246 1019.44
143.301 864.104
149.624 1450.24
156.225 1199.68
163.117 1679.5
170.314 724.371
177.828 1001.19
185.674 1000.08
193.865 1308.24
202.418 1665.64
211.349 2140.77
220.673 1060.94
230.409 2338.18
240.575 3091.99
251.189 2702.12
262.271 3032.35
273.842 3488.14
285.924 3369.5
298.538 2299.75
311.709 2161.33
325.462 1346.98
339.821 1906.2
354.813 556.22
370.467 743.007
386.812 659.637
403.878 710.547
421.697 171.325
440.301 110.176
459.727 315.927
480.01 0
501.187 0
523.299 206.509
546.387 0
570.493 0
595.662 113.702
621.942 0
649.382 0
678.032 0
707.946 105.422
739.18 0
771.792 0
805.842 0
841.395 0
878.517 0
917.276 0
957.745 0
1000 0
