# First line is two numbers 
#     First value is '2', it means 'histogram mode'
#     Second value is 'Emin' of the histogram
# Other lines : 2 columns. 1) energy 2) probability (nb divided by NbEvent)
# Number of bins = 480
# Content below the first bin: 0
# Content above the last  bin: 0
# Content above the last  bin: 0
# Number of events: 209000
2 1e-06
1.04412e-06 0
1.09018e-06 0
1.13828e-06 0
1.1885e-06 0
1.24094e-06 0
1.29569e-06 0
1.35285e-06 0
1.41254e-06 0
1.47486e-06 0
1.53993e-06 0
1.60787e-06 0
1.6788e-06 0
1.75287e-06 0
1.83021e-06 0
1.91095e-06 0
1.99526e-06 0
2.08329e-06 0
2.1752e-06 0
2.27117e-06 0
2.37137e-06 0
2.476e-06 0
2.58523e-06 0
2.69929e-06 0
2.81838e-06 0
2.94273e-06 0
3.07256e-06 0
3.20812e-06 0
3.34965e-06 0
3.49744e-06 0
3.65174e-06 0
3.81285e-06 0
3.98107e-06 0
4.15671e-06 0
4.3401e-06 0
4.53158e-06 0
4.73151e-06 0
4.94026e-06 0
5.15822e-06 0
5.3858e-06 0
5.62341e-06 0
5.87151e-06 0
6.13056e-06 0
6.40103e-06 0
6.68344e-06 0
6.97831e-06 0
7.28618e-06 0
7.60764e-06 0
7.94328e-06 0
8.29373e-06 0
8.65964e-06 0
9.0417e-06 0
9.44061e-06 0
9.85712e-06 0
1.0292e-05 0
1.07461e-05 0
1.12202e-05 0
1.17152e-05 0
1.22321e-05 0
1.27717e-05 0
1.33352e-05 0
1.39236e-05 0
1.45378e-05 0
1.51792e-05 0
1.58489e-05 0
1.65482e-05 0
1.72783e-05 0
1.80406e-05 0
1.88365e-05 0
1.96675e-05 0
2.05353e-05 0
2.14412e-05 0
2.23872e-05 0
2.33749e-05 0
2.44062e-05 0
2.5483e-05 0
2.66073e-05 0
2.77811e-05 0
2.90068e-05 0
3.02866e-05 0
3.16228e-05 0
3.30179e-05 0
3.44747e-05 0
3.59956e-05 0
3.75837e-05 0
3.92419e-05 0
4.09732e-05 0
4.27809e-05 0
4.46684e-05 0
4.66391e-05 0
4.86968e-05 0
5.08452e-05 0
5.30884e-05 0
5.54307e-05 0
5.78762e-05 0
6.04296e-05 0
6.30957e-05 0
6.58795e-05 0
6.8786e-05 0
7.18208e-05 0
7.49894e-05 0
7.82979e-05 0
8.17523e-05 0
8.53591e-05 0
8.91251e-05 0
9.30572e-05 0
9.71628e-05 0
0.00010145 0
0.000105925 0
0.000110599 0
0.000115478 0
0.000120573 0
0.000125893 0
0.000131447 0
0.000137246 0
0.000143301 0
0.000149624 0
0.000156225 0
0.000163117 0
0.000170314 0
0.000177828 0
0.000185674 0
0.000193865 0
0.000202418 0
0.000211349 0
0.000220673 0
0.000230409 0
0.000240575 0
0.000251189 0
0.000262271 0
0.000273842 0
0.000285924 0
0.000298538 0
0.000311709 0
0.000325462 0
0.000339821 0
0.000354813 0
0.000370467 0
0.000386812 0
0.000403878 0
0.000421697 0
0.000440301 0
0.000459727 0
0.00048001 0
0.000501187 0
0.000523299 0
0.000546387 0
0.000570493 0
0.000595662 0
0.000621942 0
0.000649382 0
0.000678032 0
0.000707946 0
0.00073918 0
0.000771792 0
0.000805842 0
0.000841395 0
0.000878517 0
0.000917276 0
0.000957745 0
0.001 0
0.00104412 0
0.00109018 0
0.00113828 0
0.0011885 0
0.00124094 0
0.00129569 0
0.00135285 0
0.00141254 0
0.00147486 0
0.00153993 0
0.00160787 0
0.0016788 0
0.00175287 0
0.00183021 0
0.00191095 0
0.00199526 0
0.00208329 0
0.0021752 0
0.00227117 0
0.00237137 119.913
0.002476 0
0.00258523 0
0.00269929 0
0.00281838 0
0.00294273 0
0.00307256 0
0.00320812 0
0.00334965 88.0713
0.00349744 0
0.00365174 0
0.00381285 0
0.00398107 0
0.00415671 0
0.0043401 0
0.00453158 0
0.00473151 65.4376
0.00494026 0
0.00515822 0
0.0053858 0
0.00562341 119.408
0.00587151 47.9504
0.00613056 0
0.00640103 0
0.00668344 0
0.00697831 0
0.00728618 43.6675
0.00760764 90.4117
0.00794328 78.2561
0.00829373 163.076
0.00865964 114.974
0.0090417 0
0.00944061 48.1054
0.00985712 118.107
0.010292 179.878
0.0107461 0
0.0112202 192.42
0.0117152 281.238
0.0122321 0
0.0127717 34.3184
0.0133352 245.969
0.0139236 139.441
0.0145378 0
0.0151792 151.175
0.0158489 325.079
0.0165482 584.326
0.0172783 341.302
0.0180406 360.84
0.0188365 294.526
0.0196675 196.222
0.0205353 399.729
0.0214412 210.973
0.0223872 118.519
0.0233749 18.4446
0.0244062 399.942
0.025483 377.477
0.0266073 185.461
0.0277811 412.698
0.0290068 616.507
0.0302866 733.78
0.0316228 839.834
0.0330179 409.201
0.0344747 939.727
0.0359956 543.618
0.0375837 1421.82
0.0392419 589.214
0.0409732 463.069
0.0427809 842.901
0.0446684 1234.79
0.0466391 824.246
0.0486968 969.038
0.0508452 975.073
0.0530884 1482.75
0.0554307 1600.35
0.0578762 474.226
0.0604296 1257.92
0.0630957 1127.02
0.0658795 1739.48
0.068786 2449.22
0.0718208 1087.36
0.0749894 1370.97
0.0782979 2725.29
0.0817523 1517.58
0.0853591 1978.95
0.0891251 3021.37
0.0930572 2270.71
0.0971628 2766.84
0.10145 2528.8
0.105925 2679.49
0.110599 2542.04
0.115478 2537.51
0.120573 1641.52
0.125893 2480.56
0.131447 2798.43
0.137246 2603.02
0.143301 2520.38
0.149624 2781.09
0.156225 3200.1
0.163117 4480.88
0.170314 3155.12
0.177828 2845.71
0.185674 3493.3
0.193865 4138.43
0.202418 3241.63
0.211349 3394.55
0.220673 3316.46
0.230409 2950.74
0.240575 2941.11
0.251189 4019.31
0.262271 2729.21
0.273842 3141.4
0.285924 3463.45
0.298538 3285.84
0.311709 3173.48
0.325462 3097.91
0.339821 4025.45
0.354813 3080.18
0.370467 4566.78
0.386812 4528.66
0.403878 3753.2
0.421697 4269.4
0.440301 3523.06
0.459727 4216.8
0.48001 3865.88
0.501187 3778.8
0.523299 4529.25
0.546387 4241.11
0.570493 5091.66
0.595662 3166.77
0.621942 3979.39
0.649382 3730.13
0.678032 2207.88
0.707946 3421.25
0.73918 3233.73
0.771792 3455.48
0.805842 3334.49
0.841395 2929.8
0.878517 2407.15
0.917276 2384.09
0.957745 2955.29
1 3552.93
1.04412 2545.92
1.09018 1562.82
1.13828 2393.46
1.1885 1528.85
1.24094 1980.1
1.29569 2225.01
1.35285 1274.15
1.41254 1228.37
1.47486 2082.94
1.53993 1486.6
1.60787 1990.96
1.6788 1641.69
1.75287 1804.87
1.83021 773.672
1.91095 908.2
1.99526 804.948
2.08329 1041.43
2.1752 1084.52
2.27117 1234.85
2.37137 738.832
2.476 1329.13
2.58523 1383.74
2.69929 810.932
2.81838 566.099
2.94273 958.438
3.07256 829.793
3.20812 722.186
3.34965 687.473
3.49744 1152.32
3.65174 556.086
3.81285 1172.82
3.98107 644.739
4.15671 945.77
4.3401 547.117
4.53158 407.649
4.73151 818.854
4.94026 755.147
5.15822 715.805
5.3858 899.223
5.62341 324.178
5.87151 272.755
6.13056 434.322
6.40103 745.443
6.68344 312.524
6.97831 244.865
7.28618 335.461
7.60764 628.799
7.94328 206.925
8.29373 374.699
8.65964 463.883
9.0417 336.14
9.44061 289.756
9.85712 296.331
10.292 528.512
10.7461 104.177
11.2202 255.207
11.7152 220.608
12.2321 213.023
12.7717 355.035
13.3352 829.493
13.9236 310.331
14.5378 214.101
15.1792 395.588
15.8489 313.216
16.5482 652.396
17.2783 304.803
18.0406 218.915
18.8365 246.448
19.6675 373.004
20.5353 201.333
21.4412 166.105
22.3872 287.255
23.3749 436.135
24.4062 170.94
25.483 856.663
26.6073 248.641
27.7811 311.953
29.0068 431.82
30.2866 617.411
31.6228 531.976
33.0179 599.239
34.4747 599.176
35.9956 545.09
37.5837 394.214
39.2419 385.106
40.9732 736.657
42.7809 528.447
44.6684 726.35
46.6391 622.126
48.6968 842.54
50.8452 460.155
53.0884 909.139
55.4307 462.702
57.8762 691.616
60.4296 529.199
63.0957 673.132
65.8795 584.104
68.786 854.988
71.8208 961.487
74.9894 1048.88
78.2979 516.872
81.7523 768.47
85.3591 1037.81
89.1251 780.674
93.0572 1003.64
97.1628 1097.27
101.45 857.489
105.925 894.212
110.599 1496.4
115.478 1088.86
120.573 758.649
125.893 732.938
131.447 1078.45
137.246 1075.34
143.301 693.374
149.624 1149.8
156.225 1198.48
163.117 1077.61
170.314 1390.93
177.828 1272.76
185.674 1671.34
193.865 1416.36
202.418 843.492
211.349 1606.38
220.673 1727.91
230.409 1746.68
240.575 1452.97
251.189 1519.29
262.271 1771.5
273.842 1726.81
285.924 2364.71
298.538 2621.24
311.709 1681.57
325.462 2589.42
339.821 1840.87
354.813 2837.94
370.467 2303.48
386.812 1938.53
403.878 1362.67
421.697 829.968
440.301 495.225
459.727 667.42
480.01 719.709
501.187 535.382
523.299 258.33
546.387 126.568
570.493 78.4026
595.662 218.175
621.942 190.899
649.382 0
678.032 0
707.946 182.948
739.18 118.005
771.792 121.203
805.842 90.1203
841.395 83.3102
878.517 0
917.276 0
957.745 0
1000 0
