# First line is two numbers 
#     First value is '2', it means 'histogram mode'
#     Second value is 'Emin' of the histogram
# Other lines : 2 columns. 1) energy 2) probability (nb divided by NbEvent)
# Number of bins = 480
# Content below the first bin: 0
# Content above the last  bin: 116.332
# Content above the last  bin: 116.332
# Number of events: 209000
2 1e-06
1.04412e-06 0
1.09018e-06 0
1.13828e-06 0
1.1885e-06 0
1.24094e-06 0
1.29569e-06 0
1.35285e-06 0
1.41254e-06 0
1.47486e-06 0
1.53993e-06 0
1.60787e-06 0
1.6788e-06 0
1.75287e-06 0
1.83021e-06 0
1.91095e-06 0
1.99526e-06 0
2.08329e-06 0
2.1752e-06 0
2.27117e-06 0
2.37137e-06 0
2.476e-06 0
2.58523e-06 0
2.69929e-06 0
2.81838e-06 0
2.94273e-06 0
3.07256e-06 0
3.20812e-06 0
3.34965e-06 0
3.49744e-06 0
3.65174e-06 0
3.81285e-06 0
3.98107e-06 0
4.15671e-06 0
4.3401e-06 0
4.53158e-06 0
4.73151e-06 0
4.94026e-06 0
5.15822e-06 0
5.3858e-06 0
5.62341e-06 0
5.87151e-06 0
6.13056e-06 0
6.40103e-06 0
6.68344e-06 0
6.97831e-06 0
7.28618e-06 0
7.60764e-06 0
7.94328e-06 0
8.29373e-06 0
8.65964e-06 0
9.0417e-06 0
9.44061e-06 0
9.85712e-06 0
1.0292e-05 0
1.07461e-05 0
1.12202e-05 0
1.17152e-05 0
1.22321e-05 0
1.27717e-05 0
1.33352e-05 0
1.39236e-05 0
1.45378e-05 0
1.51792e-05 0
1.58489e-05 0
1.65482e-05 0
1.72783e-05 0
1.80406e-05 0
1.88365e-05 0
1.96675e-05 0
2.05353e-05 0
2.14412e-05 0
2.23872e-05 0
2.33749e-05 0
2.44062e-05 0
2.5483e-05 0
2.66073e-05 0
2.77811e-05 0
2.90068e-05 0
3.02866e-05 0
3.16228e-05 0
3.30179e-05 0
3.44747e-05 0
3.59956e-05 0
3.75837e-05 0
3.92419e-05 0
4.09732e-05 0
4.27809e-05 0
4.46684e-05 0
4.66391e-05 0
4.86968e-05 0
5.08452e-05 0
5.30884e-05 0
5.54307e-05 0
5.78762e-05 0
6.04296e-05 0
6.30957e-05 0
6.58795e-05 0
6.8786e-05 0
7.18208e-05 0
7.49894e-05 0
7.82979e-05 0
8.17523e-05 0
8.53591e-05 0
8.91251e-05 0
9.30572e-05 0
9.71628e-05 0
0.00010145 0
0.000105925 0
0.000110599 0
0.000115478 0
0.000120573 0
0.000125893 0
0.000131447 0
0.000137246 0
0.000143301 0
0.000149624 0
0.000156225 0
0.000163117 0
0.000170314 0
0.000177828 0
0.000185674 0
0.000193865 0
0.000202418 0
0.000211349 0
0.000220673 0
0.000230409 0
0.000240575 0
0.000251189 0
0.000262271 0
0.000273842 0
0.000285924 0
0.000298538 0
0.000311709 0
0.000325462 0
0.000339821 0
0.000354813 0
0.000370467 0
0.000386812 0
0.000403878 0
0.000421697 0
0.000440301 0
0.000459727 0
0.00048001 0
0.000501187 0
0.000523299 0
0.000546387 0
0.000570493 0
0.000595662 0
0.000621942 0
0.000649382 0
0.000678032 0
0.000707946 0
0.00073918 0
0.000771792 0
0.000805842 0
0.000841395 0
0.000878517 0
0.000917276 0
0.000957745 0
0.001 0
0.00104412 0
0.00109018 0
0.00113828 0
0.0011885 0
0.00124094 0
0.00129569 0
0.00135285 0
0.00141254 0
0.00147486 0
0.00153993 0
0.00160787 78.5746
0.0016788 0
0.00175287 0
0.00183021 0
0.00191095 0
0.00199526 0
0.00208329 0
0.0021752 0
0.00227117 0
0.00237137 0
0.002476 105.389
0.00258523 0
0.00269929 0
0.00281838 0
0.00294273 0
0.00307256 0
0.00320812 0
0.00334965 92.902
0.00349744 0
0.00365174 0
0.00381285 0
0.00398107 103.927
0.00415671 93.2532
0.0043401 0
0.00453158 0
0.00473151 67.0085
0.00494026 0
0.00515822 0
0.0053858 0
0.00562341 257.152
0.00587151 0
0.00613056 0
0.00640103 117.259
0.00668344 0
0.00697831 0
0.00728618 298.56
0.00760764 0
0.00794328 65.7665
0.00829373 115.552
0.00865964 104.683
0.0090417 107.111
0.00944061 172.961
0.00985712 0
0.010292 88.4081
0.0107461 0
0.0112202 192.601
0.0117152 187.533
0.0122321 189.084
0.0127717 339.227
0.0133352 0
0.0139236 0
0.0145378 356.478
0.0151792 322.046
0.0158489 0
0.0165482 359.084
0.0172783 113.111
0.0180406 291.943
0.0188365 34.8927
0.0196675 278.037
0.0205353 49.1909
0.0214412 892.344
0.0223872 309.35
0.0233749 277.284
0.0244062 118.654
0.025483 456.396
0.0266073 350.27
0.0277811 286.057
0.0290068 549.389
0.0302866 432.519
0.0316228 582.463
0.0330179 935.249
0.0344747 431.022
0.0359956 648.107
0.0375837 535.55
0.0392419 872.084
0.0409732 1081.16
0.0427809 539.446
0.0446684 1113.11
0.0466391 709.429
0.0486968 1146.14
0.0508452 808.882
0.0530884 1142.44
0.0554307 1106.74
0.0578762 1234.69
0.0604296 1093.64
0.0630957 1246.43
0.0658795 1447.24
0.068786 1688.21
0.0718208 1408.99
0.0749894 2386.55
0.0782979 2248.65
0.0817523 1846.65
0.0853591 2106.61
0.0891251 3009.85
0.0930572 1404.01
0.0971628 2605.04
0.10145 3335.14
0.105925 2374.35
0.110599 1672.6
0.115478 2758.41
0.120573 2941.96
0.125893 2869.97
0.131447 3288.23
0.137246 2550.96
0.143301 3066.48
0.149624 3193.47
0.156225 2750.94
0.163117 3534.52
0.170314 4015.27
0.177828 3104.5
0.185674 3361.53
0.193865 3174.4
0.202418 3389.96
0.211349 2923.76
0.220673 3603.27
0.230409 3966.64
0.240575 4963.86
0.251189 3949.11
0.262271 3273.25
0.273842 3208.92
0.285924 2815.96
0.298538 4326.1
0.311709 4742.55
0.325462 4443.71
0.339821 3422.23
0.354813 4359.09
0.370467 3976.76
0.386812 3856.99
0.403878 5029.2
0.421697 4003.49
0.440301 2635.62
0.459727 3494.98
0.48001 3434.64
0.501187 3914.65
0.523299 3827.4
0.546387 4060.61
0.570493 3982.13
0.595662 3112.99
0.621942 3231.9
0.649382 3615.95
0.678032 3072.61
0.707946 4602.5
0.73918 2768.03
0.771792 2984.3
0.805842 3432.75
0.841395 3108.91
0.878517 2415.22
0.917276 2420.42
0.957745 2638.97
1 2005.09
1.04412 2645.38
1.09018 2241.16
1.13828 1907.48
1.1885 2227.74
1.24094 1955.59
1.29569 1914.55
1.35285 1495.49
1.41254 1586.93
1.47486 1464.35
1.53993 1319.9
1.60787 1364.31
1.6788 631.001
1.75287 980.562
1.83021 1168.45
1.91095 1090.88
1.99526 1485.91
2.08329 965.566
2.1752 584.778
2.27117 1279.09
2.37137 1729.58
2.476 809.709
2.58523 404.72
2.69929 1259.52
2.81838 1094.03
2.94273 764.838
3.07256 746.032
3.20812 876.942
3.34965 1098.51
3.49744 940.908
3.65174 1107.74
3.81285 637.657
3.98107 724.385
4.15671 823.965
4.3401 549.264
4.53158 192.14
4.73151 314.257
4.94026 685.975
5.15822 562.964
5.3858 633.44
5.62341 491.121
5.87151 748.133
6.13056 414.627
6.40103 764.694
6.68344 102.149
6.97831 588.219
7.28618 344.791
7.60764 206.292
7.94328 831.821
8.29373 442.773
8.65964 360.012
9.0417 305.822
9.44061 315.894
9.85712 387.007
10.292 297.941
10.7461 186.722
11.2202 374.354
11.7152 333.41
12.2321 258
12.7717 411.168
13.3352 398.438
13.9236 208.456
14.5378 541.872
15.1792 192.093
15.8489 396.488
16.5482 462.752
17.2783 549.82
18.0406 371.061
18.8365 729.746
19.6675 114.672
20.5353 585.943
21.4412 284.643
22.3872 459.526
23.3749 276.32
24.4062 641.352
25.483 287.216
26.6073 539.018
27.7811 592.04
29.0068 511.317
30.2866 533.277
31.6228 0
33.0179 529.723
34.4747 496.816
35.9956 323.059
37.5837 219.515
39.2419 451.069
40.9732 823.186
42.7809 298.829
44.6684 922.89
46.6391 95.8458
48.6968 394.826
50.8452 697.533
53.0884 680.163
55.4307 462.391
57.8762 592.805
60.4296 791.221
63.0957 553.648
65.8795 835.014
68.786 936.682
71.8208 906.139
74.9894 649.088
78.2979 742.297
81.7523 1033.66
85.3591 973.083
89.1251 552.019
93.0572 1248.12
97.1628 836.174
101.45 849.807
105.925 1197.04
110.599 1213.02
115.478 866.99
120.573 826.14
125.893 1025.01
131.447 1168.08
137.246 1044.21
143.301 1183.64
149.624 902.671
156.225 1014.75
163.117 977.938
170.314 1114.84
177.828 1270.28
185.674 1282.67
193.865 781.776
202.418 1199.83
211.349 1606.33
220.673 1971.97
230.409 1517.56
240.575 1623.51
251.189 1422
262.271 2312.31
273.842 1975.65
285.924 2061.68
298.538 2182.11
311.709 2755.27
325.462 2353.05
339.821 2766.53
354.813 2570.26
370.467 1555.01
386.812 1811.54
403.878 532.197
421.697 718.081
440.301 747.494
459.727 519.291
480.01 128.193
501.187 712.781
523.299 184.675
546.387 153.632
570.493 58.6908
595.662 0
621.942 180.953
649.382 0
678.032 78.075
707.946 191.282
739.18 131.058
771.792 9.29141
805.842 0
841.395 0
878.517 74.9874
917.276 0
957.745 0
1000 0
