# First line is two numbers 
#     First value is '2', it means 'histogram mode'
#     Second value is 'Emin' of the histogram
# Other lines : 2 columns. 1) energy 2) probability (nb divided by NbEvent)
# Number of bins = 480
# Content below the first bin: 0
# Content above the last  bin: 0
# Content above the last  bin: 0
# Number of events: 209000
2 1e-06
1.04412e-06 0
1.09018e-06 0
1.13828e-06 0
1.1885e-06 0
1.24094e-06 0
1.29569e-06 0
1.35285e-06 0
1.41254e-06 0
1.47486e-06 0
1.53993e-06 0
1.60787e-06 0
1.6788e-06 0
1.75287e-06 0
1.83021e-06 0
1.91095e-06 0
1.99526e-06 0
2.08329e-06 0
2.1752e-06 0
2.27117e-06 0
2.37137e-06 0
2.476e-06 0
2.58523e-06 0
2.69929e-06 0
2.81838e-06 0
2.94273e-06 0
3.07256e-06 0
3.20812e-06 0
3.34965e-06 0
3.49744e-06 0
3.65174e-06 0
3.81285e-06 0
3.98107e-06 0
4.15671e-06 0
4.3401e-06 0
4.53158e-06 0
4.73151e-06 0
4.94026e-06 0
5.15822e-06 0
5.3858e-06 0
5.62341e-06 0
5.87151e-06 0
6.13056e-06 0
6.40103e-06 0
6.68344e-06 0
6.97831e-06 0
7.28618e-06 0
7.60764e-06 0
7.94328e-06 0
8.29373e-06 0
8.65964e-06 0
9.0417e-06 0
9.44061e-06 0
9.85712e-06 0
1.0292e-05 0
1.07461e-05 0
1.12202e-05 0
1.17152e-05 0
1.22321e-05 0
1.27717e-05 0
1.33352e-05 0
1.39236e-05 0
1.45378e-05 0
1.51792e-05 0
1.58489e-05 0
1.65482e-05 0
1.72783e-05 0
1.80406e-05 0
1.88365e-05 0
1.96675e-05 0
2.05353e-05 0
2.14412e-05 0
2.23872e-05 0
2.33749e-05 0
2.44062e-05 0
2.5483e-05 0
2.66073e-05 0
2.77811e-05 0
2.90068e-05 0
3.02866e-05 0
3.16228e-05 0
3.30179e-05 0
3.44747e-05 0
3.59956e-05 0
3.75837e-05 0
3.92419e-05 0
4.09732e-05 0
4.27809e-05 0
4.46684e-05 0
4.66391e-05 0
4.86968e-05 0
5.08452e-05 0
5.30884e-05 0
5.54307e-05 0
5.78762e-05 0
6.04296e-05 0
6.30957e-05 0
6.58795e-05 0
6.8786e-05 0
7.18208e-05 0
7.49894e-05 0
7.82979e-05 0
8.17523e-05 0
8.53591e-05 0
8.91251e-05 0
9.30572e-05 0
9.71628e-05 0
0.00010145 0
0.000105925 0
0.000110599 0
0.000115478 0
0.000120573 0
0.000125893 0
0.000131447 0
0.000137246 0
0.000143301 0
0.000149624 0
0.000156225 0
0.000163117 0
0.000170314 0
0.000177828 0
0.000185674 0
0.000193865 0
0.000202418 0
0.000211349 0
0.000220673 0
0.000230409 0
0.000240575 0
0.000251189 0
0.000262271 0
0.000273842 0
0.000285924 0
0.000298538 0
0.000311709 0
0.000325462 0
0.000339821 0
0.000354813 0
0.000370467 0
0.000386812 0
0.000403878 0
0.000421697 0
0.000440301 0
0.000459727 0
0.00048001 0
0.000501187 0
0.000523299 0
0.000546387 0
0.000570493 0
0.000595662 0
0.000621942 0
0.000649382 0
0.000678032 0
0.000707946 0
0.00073918 0
0.000771792 0
0.000805842 0
0.000841395 0
0.000878517 0
0.000917276 0
0.000957745 0
0.001 0
0.00104412 0
0.00109018 0
0.00113828 0
0.0011885 0
0.00124094 0
0.00129569 0
0.00135285 0
0.00141254 66.7584
0.00147486 0
0.00153993 0
0.00160787 0
0.0016788 0
0.00175287 0
0.00183021 0
0.00191095 0
0.00199526 0
0.00208329 0
0.0021752 0
0.00227117 0
0.00237137 0
0.002476 0
0.00258523 0
0.00269929 0
0.00281838 63.8512
0.00294273 0
0.00307256 0
0.00320812 0
0.00334965 109.301
0.00349744 0
0.00365174 0
0.00381285 0
0.00398107 0
0.00415671 0
0.0043401 0
0.00453158 22.5383
0.00473151 0
0.00494026 0
0.00515822 50.9314
0.0053858 0
0.00562341 0
0.00587151 100.982
0.00613056 0
0.00640103 0
0.00668344 55.0411
0.00697831 221.235
0.00728618 0
0.00760764 0
0.00794328 110.159
0.00829373 93.9114
0.00865964 0
0.0090417 100.293
0.00944061 106.481
0.00985712 0
0.010292 96.9026
0.0107461 120.771
0.0112202 117.316
0.0117152 167.56
0.0122321 159.358
0.0127717 170.558
0.0133352 112.844
0.0139236 75.8011
0.0145378 92.3879
0.0151792 0
0.0158489 0
0.0165482 578.104
0.0172783 276.998
0.0180406 280.973
0.0188365 111.145
0.0196675 221.444
0.0205353 786.303
0.0214412 146.894
0.0223872 472.679
0.0233749 255.025
0.0244062 530.835
0.025483 798.742
0.0266073 468.45
0.0277811 301.099
0.0290068 479.213
0.0302866 816.212
0.0316228 837.992
0.0330179 908.892
0.0344747 252.308
0.0359956 1319.18
0.0375837 823.972
0.0392419 780.551
0.0409732 1120.64
0.0427809 1068.41
0.0446684 766.63
0.0466391 897.684
0.0486968 729.933
0.0508452 1101.25
0.0530884 1386.96
0.0554307 952.717
0.0578762 1444.48
0.0604296 1062.95
0.0630957 1794.87
0.0658795 1760.78
0.068786 1952.72
0.0718208 1759.76
0.0749894 1224.1
0.0782979 1193.59
0.0817523 1879.99
0.0853591 3037.35
0.0891251 2564.1
0.0930572 2137.65
0.0971628 2069.1
0.10145 2896.66
0.105925 2873.92
0.110599 2421.56
0.115478 3255.29
0.120573 2543.41
0.125893 2390.12
0.131447 2598.62
0.137246 3267.47
0.143301 2949.02
0.149624 2188.82
0.156225 2937.36
0.163117 2567.58
0.170314 3877.08
0.177828 2096.25
0.185674 3520.97
0.193865 3592.18
0.202418 3507.9
0.211349 3089.7
0.220673 3505.45
0.230409 2969.16
0.240575 2925.08
0.251189 3909.39
0.262271 3556.92
0.273842 4672.16
0.285924 3547.35
0.298538 3804.82
0.311709 3717.23
0.325462 2657.52
0.339821 3208.9
0.354813 3515.58
0.370467 4322.14
0.386812 3890.03
0.403878 3928.15
0.421697 4832.86
0.440301 2988.15
0.459727 4426.16
0.48001 3741.07
0.501187 3820.08
0.523299 4536.7
0.546387 2877.2
0.570493 3903.13
0.595662 3607.81
0.621942 3400.63
0.649382 3325.77
0.678032 3637.7
0.707946 3479.52
0.73918 2328.78
0.771792 2808.55
0.805842 2525.03
0.841395 2683.66
0.878517 3229.45
0.917276 2649.96
0.957745 2288.03
1 2446.17
1.04412 3102.43
1.09018 2241.85
1.13828 2396.6
1.1885 2413.75
1.24094 1662.28
1.29569 1533.45
1.35285 1737.89
1.41254 1351.18
1.47486 1719.39
1.53993 1333.96
1.60787 1613.9
1.6788 1242.52
1.75287 1233.91
1.83021 695.845
1.91095 1319.36
1.99526 1801.53
2.08329 1054.15
2.1752 1137.2
2.27117 1211.9
2.37137 935.173
2.476 1413.46
2.58523 868.693
2.69929 981.031
2.81838 756.22
2.94273 838.13
3.07256 649.655
3.20812 820.101
3.34965 665.554
3.49744 782.447
3.65174 568.995
3.81285 1369.81
3.98107 694.562
4.15671 604.078
4.3401 713.597
4.53158 1055.45
4.73151 1534.54
4.94026 837.516
5.15822 346.342
5.3858 455.814
5.62341 735.253
5.87151 294.073
6.13056 814.977
6.40103 347.185
6.68344 1077.02
6.97831 1078.9
7.28618 239.696
7.60764 551.465
7.94328 512.583
8.29373 250.837
8.65964 401.735
9.0417 357.082
9.44061 149.871
9.85712 407.818
10.292 281.705
10.7461 153.997
11.2202 264.49
11.7152 245.169
12.2321 539.821
12.7717 630.824
13.3352 191.238
13.9236 265.675
14.5378 736.208
15.1792 111.479
15.8489 239.464
16.5482 337.057
17.2783 232.228
18.0406 234.826
18.8365 77.7469
19.6675 253.96
20.5353 352.454
21.4412 420.47
22.3872 85.6378
23.3749 326.235
24.4062 540.747
25.483 494.588
26.6073 185.15
27.7811 718.666
29.0068 545.851
30.2866 615.229
31.6228 607.037
33.0179 411.302
34.4747 0
35.9956 184.636
37.5837 470.953
39.2419 274.176
40.9732 325.158
42.7809 344.942
44.6684 614.893
46.6391 334.863
48.6968 581.001
50.8452 946.767
53.0884 713.787
55.4307 357.729
57.8762 1109.66
60.4296 656.398
63.0957 377.306
65.8795 543.624
68.786 369.049
71.8208 337.224
74.9894 605.437
78.2979 355.185
81.7523 1004.38
85.3591 778.187
89.1251 792
93.0572 714.585
97.1628 786.287
101.45 1254.43
105.925 1031.92
110.599 1130.58
115.478 981.165
120.573 1538.36
125.893 1499.71
131.447 1528.82
137.246 954.305
143.301 503.864
149.624 855.385
156.225 646.662
163.117 1625.73
170.314 1069.3
177.828 784.593
185.674 1571.32
193.865 1533.9
202.418 1775.09
211.349 1364.79
220.673 1622.3
230.409 1635.51
240.575 1779.48
251.189 1432.27
262.271 1984.57
273.842 2696.02
285.924 1718.28
298.538 2632.68
311.709 2771.76
325.462 1835.21
339.821 1194.28
354.813 2421.11
370.467 1784.06
386.812 1404.95
403.878 1936.37
421.697 1674.49
440.301 479.796
459.727 652.398
480.01 173.126
501.187 300.984
523.299 372.03
546.387 270.172
570.493 19.6539
595.662 145.461
621.942 222.687
649.382 170.265
678.032 215.018
707.946 116.116
739.18 0
771.792 136.302
805.842 43.8314
841.395 153.913
878.517 0
917.276 0
957.745 0
1000 0
