# First line is two numbers 
#     First value is '2', it means 'histogram mode'
#     Second value is 'Emin' of the histogram
# Other lines : 2 columns. 1) energy 2) probability (nb divided by NbEvent)
# Number of bins = 480
# Content below the first bin: 0
# Content above the last  bin: 0
# Content above the last  bin: 0
# Number of events: 209000
2 1e-06
1.04412e-06 0
1.09018e-06 0
1.13828e-06 0
1.1885e-06 0
1.24094e-06 0
1.29569e-06 0
1.35285e-06 0
1.41254e-06 0
1.47486e-06 0
1.53993e-06 0
1.60787e-06 0
1.6788e-06 0
1.75287e-06 0
1.83021e-06 0
1.91095e-06 0
1.99526e-06 0
2.08329e-06 0
2.1752e-06 0
2.27117e-06 0
2.37137e-06 0
2.476e-06 0
2.58523e-06 0
2.69929e-06 0
2.81838e-06 0
2.94273e-06 0
3.07256e-06 0
3.20812e-06 0
3.34965e-06 0
3.49744e-06 0
3.65174e-06 0
3.81285e-06 0
3.98107e-06 0
4.15671e-06 0
4.3401e-06 0
4.53158e-06 0
4.73151e-06 0
4.94026e-06 0
5.15822e-06 0
5.3858e-06 0
5.62341e-06 0
5.87151e-06 0
6.13056e-06 0
6.40103e-06 0
6.68344e-06 0
6.97831e-06 0
7.28618e-06 0
7.60764e-06 0
7.94328e-06 0
8.29373e-06 0
8.65964e-06 0
9.0417e-06 0
9.44061e-06 0
9.85712e-06 0
1.0292e-05 0
1.07461e-05 0
1.12202e-05 0
1.17152e-05 0
1.22321e-05 0
1.27717e-05 0
1.33352e-05 0
1.39236e-05 0
1.45378e-05 0
1.51792e-05 0
1.58489e-05 0
1.65482e-05 0
1.72783e-05 0
1.80406e-05 0
1.88365e-05 0
1.96675e-05 0
2.05353e-05 0
2.14412e-05 0
2.23872e-05 0
2.33749e-05 0
2.44062e-05 0
2.5483e-05 0
2.66073e-05 0
2.77811e-05 0
2.90068e-05 0
3.02866e-05 0
3.16228e-05 0
3.30179e-05 0
3.44747e-05 0
3.59956e-05 0
3.75837e-05 0
3.92419e-05 0
4.09732e-05 0
4.27809e-05 0
4.46684e-05 0
4.66391e-05 0
4.86968e-05 0
5.08452e-05 0
5.30884e-05 0
5.54307e-05 0
5.78762e-05 0
6.04296e-05 0
6.30957e-05 0
6.58795e-05 0
6.8786e-05 0
7.18208e-05 0
7.49894e-05 0
7.82979e-05 0
8.17523e-05 0
8.53591e-05 0
8.91251e-05 0
9.30572e-05 0
9.71628e-05 0
0.00010145 0
0.000105925 0
0.000110599 0
0.000115478 0
0.000120573 0
0.000125893 0
0.000131447 0
0.000137246 0
0.000143301 0
0.000149624 0
0.000156225 0
0.000163117 0
0.000170314 0
0.000177828 0
0.000185674 0
0.000193865 0
0.000202418 0
0.000211349 0
0.000220673 0
0.000230409 0
0.000240575 0
0.000251189 0
0.000262271 0
0.000273842 0
0.000285924 0
0.000298538 0
0.000311709 0
0.000325462 0
0.000339821 0
0.000354813 0
0.000370467 0
0.000386812 0
0.000403878 0
0.000421697 0
0.000440301 0
0.000459727 0
0.00048001 0
0.000501187 0
0.000523299 0
0.000546387 0
0.000570493 0
0.000595662 0
0.000621942 0
0.000649382 0
0.000678032 0
0.000707946 0
0.00073918 0
0.000771792 0
0.000805842 0
0.000841395 0
0.000878517 0
0.000917276 0
0.000957745 0
0.001 0
0.00104412 0
0.00109018 0
0.00113828 0
0.0011885 0
0.00124094 0
0.00129569 0
0.00135285 0
0.00141254 0
0.00147486 0
0.00153993 0
0.00160787 0
0.0016788 0
0.00175287 0
0.00183021 0
0.00191095 0
0.00199526 0
0.00208329 0
0.0021752 0
0.00227117 0
0.00237137 0
0.002476 0
0.00258523 0
0.00269929 0
0.00281838 0
0.00294273 0
0.00307256 0
0.00320812 0
0.00334965 0
0.00349744 0
0.00365174 0
0.00381285 0
0.00398107 0
0.00415671 0
0.0043401 0
0.00453158 0
0.00473151 0
0.00494026 0
0.00515822 0
0.0053858 0
0.00562341 0
0.00587151 0
0.00613056 0
0.00640103 0
0.00668344 0
0.00697831 0
0.00728618 0
0.00760764 0
0.00794328 0
0.00829373 0
0.00865964 0
0.0090417 0
0.00944061 0
0.00985712 0
0.010292 0
0.0107461 0
0.0112202 0
0.0117152 0
0.0122321 26.5265
0.0127717 0
0.0133352 98.2235
0.0139236 0
0.0145378 0
0.0151792 0
0.0158489 92.9435
0.0165482 189.408
0.0172783 0
0.0180406 39.6483
0.0188365 0
0.0196675 0
0.0205353 0
0.0214412 0
0.0223872 83.5313
0.0233749 0
0.0244062 341.484
0.025483 80.0402
0.0266073 115.616
0.0277811 104.434
0.0290068 86.7349
0.0302866 0
0.0316228 0
0.0330179 180.076
0.0344747 276.244
0.0359956 261.393
0.0375837 230.124
0.0392419 0
0.0409732 203.944
0.0427809 68.4383
0.0446684 79.218
0.0466391 0
0.0486968 94.3444
0.0508452 118.884
0.0530884 341.796
0.0554307 191.122
0.0578762 157.113
0.0604296 236.449
0.0630957 377.138
0.0658795 105.857
0.068786 239.112
0.0718208 359.672
0.0749894 131.568
0.0782979 50.4956
0.0817523 153.257
0.0853591 169.49
0.0891251 529.532
0.0930572 266.846
0.0971628 494.061
0.10145 179.877
0.105925 347.291
0.110599 45.4126
0.115478 456.738
0.120573 345.672
0.125893 270.531
0.131447 280.404
0.137246 302.268
0.143301 157.006
0.149624 703.898
0.156225 294.132
0.163117 431.191
0.170314 141.464
0.177828 595.251
0.185674 392.477
0.193865 334.885
0.202418 477.568
0.211349 489.851
0.220673 309.337
0.230409 278.809
0.240575 416.026
0.251189 547.845
0.262271 268.034
0.273842 764.777
0.285924 389.825
0.298538 826.436
0.311709 236.04
0.325462 560.575
0.339821 263.067
0.354813 413.036
0.370467 204.057
0.386812 701.77
0.403878 370.772
0.421697 1021.64
0.440301 210.04
0.459727 241.017
0.48001 358.76
0.501187 409.881
0.523299 782.518
0.546387 302.833
0.570493 260.406
0.595662 306.768
0.621942 464.483
0.649382 475.132
0.678032 19.0244
0.707946 649.907
0.73918 184.128
0.771792 209.289
0.805842 254.596
0.841395 188.942
0.878517 140.935
0.917276 175.166
0.957745 44.9255
1 268.365
1.04412 113.885
1.09018 190.593
1.13828 78.2438
1.1885 74.8589
1.24094 412.998
1.29569 297.012
1.35285 150.354
1.41254 197.211
1.47486 0
1.53993 98.9931
1.60787 126.137
1.6788 145.161
1.75287 163.815
1.83021 93.9144
1.91095 82.2707
1.99526 31.8614
2.08329 158.867
2.1752 0
2.27117 102.582
2.37137 16.0257
2.476 67.6724
2.58523 0
2.69929 106.246
2.81838 62.9047
2.94273 236.492
3.07256 115.962
3.20812 82.9398
3.34965 0
3.49744 136.424
3.65174 171.834
3.81285 0
3.98107 0
4.15671 0
4.3401 46.8906
4.53158 162.852
4.73151 234.563
4.94026 0
5.15822 91.1469
5.3858 180.433
5.62341 96.5661
5.87151 0
6.13056 81.4876
6.40103 108.8
6.68344 108.27
6.97831 115.481
7.28618 171.034
7.60764 89.3689
7.94328 193.294
8.29373 159.896
8.65964 104.715
9.0417 0
9.44061 0
9.85712 0
10.292 191.679
10.7461 76.5206
11.2202 0
11.7152 97.5694
12.2321 272.258
12.7717 77.533
13.3352 107.745
13.9236 0
14.5378 80.729
15.1792 0
15.8489 81.5269
16.5482 84.0212
17.2783 37.7591
18.0406 0
18.8365 0
19.6675 0
20.5353 0
21.4412 73.4586
22.3872 191.469
23.3749 147.806
24.4062 207.558
25.483 0
26.6073 130.864
27.7811 42.5355
29.0068 0
30.2866 0
31.6228 85.7277
33.0179 206.492
34.4747 174.842
35.9956 119.997
37.5837 215.349
39.2419 64.3093
40.9732 135.055
42.7809 293.112
44.6684 119.192
46.6391 35.58
48.6968 263.992
50.8452 0
53.0884 93.4796
55.4307 63.4581
57.8762 164.17
60.4296 249.248
63.0957 221.186
65.8795 216.261
68.786 637.705
71.8208 180.361
74.9894 97.3293
78.2979 169.499
81.7523 202.441
85.3591 335.857
89.1251 70.9191
93.0572 114.935
97.1628 587.43
101.45 472.154
105.925 176.263
110.599 222.78
115.478 452.136
120.573 221.716
125.893 280.836
131.447 464.35
137.246 383.516
143.301 479.492
149.624 363.503
156.225 211.451
163.117 545.72
170.314 373.6
177.828 255.883
185.674 33.4261
193.865 179.193
202.418 0
211.349 94.1539
220.673 166.163
230.409 0
240.575 0
251.189 0
262.271 0
273.842 149.089
285.924 0
298.538 0
311.709 0
325.462 99.2956
339.821 0
354.813 0
370.467 0
386.812 107.189
403.878 0
421.697 0
440.301 0
459.727 0
480.01 0
501.187 0
523.299 0
546.387 0
570.493 0
595.662 0
621.942 0
649.382 0
678.032 0
707.946 0
739.18 0
771.792 0
805.842 0
841.395 0
878.517 0
917.276 0
957.745 0
1000 0
