# First line is two numbers 
#     First value is '2', it means 'histogram mode'
#     Second value is 'Emin' of the histogram
# Other lines : 2 columns. 1) energy 2) probability (nb divided by NbEvent)
# Number of bins = 480
# Content below the first bin: 2808.56
# Content above the last  bin: 0
# Content above the last  bin: 0
# Number of events: 209000
2 1e-06
1.04412e-06 0
1.09018e-06 0
1.13828e-06 0
1.1885e-06 88.6545
1.24094e-06 0
1.29569e-06 0
1.35285e-06 0
1.41254e-06 0
1.47486e-06 0
1.53993e-06 0
1.60787e-06 0
1.6788e-06 0
1.75287e-06 0
1.83021e-06 0
1.91095e-06 0
1.99526e-06 0
2.08329e-06 0
2.1752e-06 0
2.27117e-06 0
2.37137e-06 0
2.476e-06 0
2.58523e-06 58.319
2.69929e-06 0
2.81838e-06 0
2.94273e-06 0
3.07256e-06 0
3.20812e-06 0
3.34965e-06 87.4084
3.49744e-06 0
3.65174e-06 0
3.81285e-06 0
3.98107e-06 0
4.15671e-06 0
4.3401e-06 0
4.53158e-06 0
4.73151e-06 108.055
4.94026e-06 0
5.15822e-06 0
5.3858e-06 0
5.62341e-06 0
5.87151e-06 0
6.13056e-06 0
6.40103e-06 0
6.68344e-06 0
6.97831e-06 0
7.28618e-06 0
7.60764e-06 0
7.94328e-06 0
8.29373e-06 0
8.65964e-06 0
9.0417e-06 0
9.44061e-06 0
9.85712e-06 0
1.0292e-05 79.9335
1.07461e-05 0
1.12202e-05 0
1.17152e-05 0
1.22321e-05 0
1.27717e-05 0
1.33352e-05 0
1.39236e-05 0
1.45378e-05 0
1.51792e-05 0
1.58489e-05 0
1.65482e-05 0
1.72783e-05 0
1.80406e-05 0
1.88365e-05 0
1.96675e-05 0
2.05353e-05 0
2.14412e-05 0
2.23872e-05 0
2.33749e-05 0
2.44062e-05 60.4052
2.5483e-05 0
2.66073e-05 0
2.77811e-05 0
2.90068e-05 0
3.02866e-05 0
3.16228e-05 0
3.30179e-05 88.3055
3.44747e-05 0
3.59956e-05 0
3.75837e-05 0
3.92419e-05 0
4.09732e-05 105.841
4.27809e-05 0
4.46684e-05 0
4.66391e-05 0
4.86968e-05 0
5.08452e-05 0
5.30884e-05 0
5.54307e-05 64.1362
5.78762e-05 23.4961
6.04296e-05 0
6.30957e-05 0
6.58795e-05 0
6.8786e-05 0
7.18208e-05 100.939
7.49894e-05 0
7.82979e-05 0
8.17523e-05 98.1854
8.53591e-05 0
8.91251e-05 0
9.30572e-05 0
9.71628e-05 0
0.00010145 0
0.000105925 0
0.000110599 0
0.000115478 0
0.000120573 0
0.000125893 0
0.000131447 0
0.000137246 0
0.000143301 0
0.000149624 0
0.000156225 0
0.000163117 0
0.000170314 0
0.000177828 0
0.000185674 0
0.000193865 0
0.000202418 70.492
0.000211349 0
0.000220673 0
0.000230409 0
0.000240575 0
0.000251189 0
0.000262271 0
0.000273842 0
0.000285924 0
0.000298538 0
0.000311709 0
0.000325462 0
0.000339821 0
0.000354813 0
0.000370467 0
0.000386812 0
0.000403878 0
0.000421697 0
0.000440301 0
0.000459727 0
0.00048001 0
0.000501187 0
0.000523299 0
0.000546387 0
0.000570493 0
0.000595662 0
0.000621942 67.9166
0.000649382 0
0.000678032 0
0.000707946 0
0.00073918 0
0.000771792 0
0.000805842 0
0.000841395 0
0.000878517 0
0.000917276 0
0.000957745 0
0.001 75.8253
0.00104412 0
0.00109018 0
0.00113828 0
0.0011885 0
0.00124094 0
0.00129569 0
0.00135285 0
0.00141254 0
0.00147486 0
0.00153993 0
0.00160787 0
0.0016788 0
0.00175287 0
0.00183021 0
0.00191095 0
0.00199526 0
0.00208329 0
0.0021752 0
0.00227117 0
0.00237137 0
0.002476 65.9023
0.00258523 0
0.00269929 0
0.00281838 0
0.00294273 0
0.00307256 0
0.00320812 0
0.00334965 0
0.00349744 0
0.00365174 0
0.00381285 0
0.00398107 0
0.00415671 0
0.0043401 0
0.00453158 0
0.00473151 0
0.00494026 0
0.00515822 0
0.0053858 0
0.00562341 0
0.00587151 0
0.00613056 0
0.00640103 0
0.00668344 0
0.00697831 47.96
0.00728618 0
0.00760764 111.931
0.00794328 0
0.00829373 0
0.00865964 0
0.0090417 0
0.00944061 0
0.00985712 0
0.010292 0
0.0107461 0
0.0112202 0
0.0117152 0
0.0122321 0
0.0127717 0
0.0133352 0
0.0139236 0
0.0145378 0
0.0151792 0
0.0158489 0
0.0165482 0
0.0172783 0
0.0180406 80.2837
0.0188365 0
0.0196675 112.217
0.0205353 0
0.0214412 99.4341
0.0223872 0
0.0233749 0
0.0244062 0
0.025483 102.193
0.0266073 0
0.0277811 0
0.0290068 0
0.0302866 0
0.0316228 92.7278
0.0330179 0
0.0344747 0
0.0359956 84.4268
0.0375837 0
0.0392419 0
0.0409732 0
0.0427809 77.9644
0.0446684 0
0.0466391 0
0.0486968 0
0.0508452 0
0.0530884 69.4882
0.0554307 0
0.0578762 56.2445
0.0604296 0
0.0630957 0
0.0658795 25.046
0.068786 53.655
0.0718208 0
0.0749894 86.3123
0.0782979 0
0.0817523 570.749
0.0853591 108.7
0.0891251 0
0.0930572 0
0.0971628 0
0.10145 0
0.105925 0
0.110599 159.766
0.115478 0
0.120573 0
0.125893 119.69
0.131447 0
0.137246 83.5397
0.143301 227.497
0.149624 78.506
0.156225 0
0.163117 74.3456
0.170314 252.593
0.177828 181.574
0.185674 519.01
0.193865 80.5095
0.202418 0
0.211349 158.961
0.220673 161.884
0.230409 0
0.240575 257.595
0.251189 140.467
0.262271 300.934
0.273842 166.472
0.285924 127.764
0.298538 415.317
0.311709 688.787
0.325462 507.645
0.339821 539.168
0.354813 591.501
0.370467 155.892
0.386812 668.247
0.403878 462.157
0.421697 343.368
0.440301 471.036
0.459727 53.1913
0.48001 722.311
0.501187 781.452
0.523299 250.785
0.546387 967.603
0.570493 639.875
0.595662 1298.44
0.621942 816.334
0.649382 1278.67
0.678032 1083.78
0.707946 841.82
0.73918 856.857
0.771792 661.453
0.805842 811.681
0.841395 533.505
0.878517 484.687
0.917276 1008.02
0.957745 775.585
1 982.061
1.04412 811.388
1.09018 625.941
1.13828 843.567
1.1885 987.579
1.24094 644.005
1.29569 888.887
1.35285 746.098
1.41254 976.982
1.47486 726.554
1.53993 720.718
1.60787 565.109
1.6788 805.245
1.75287 470.834
1.83021 445.679
1.91095 674.857
1.99526 1326.27
2.08329 616.576
2.1752 720.967
2.27117 308.417
2.37137 342.558
2.476 708.778
2.58523 436.676
2.69929 480.513
2.81838 843.283
2.94273 168.043
3.07256 672.236
3.20812 406.815
3.34965 732.54
3.49744 220.164
3.65174 752.568
3.81285 386.303
3.98107 372.737
4.15671 369.439
4.3401 619.096
4.53158 626.944
4.73151 169.744
4.94026 187.069
5.15822 223.92
5.3858 453.236
5.62341 203.288
5.87151 402.718
6.13056 394.961
6.40103 424.54
6.68344 622.676
6.97831 405.638
7.28618 697.608
7.60764 728.17
7.94328 607.843
8.29373 266.307
8.65964 235.053
9.0417 239.669
9.44061 145.379
9.85712 90.799
10.292 431.811
10.7461 472.719
11.2202 244.286
11.7152 397.657
12.2321 481.837
12.7717 210.385
13.3352 625.573
13.9236 377.866
14.5378 682.457
15.1792 508.956
15.8489 710.215
16.5482 244.887
17.2783 745.776
18.0406 735.99
18.8365 677.158
19.6675 422.524
20.5353 338.821
21.4412 521.284
22.3872 368.617
23.3749 701.389
24.4062 320.082
25.483 390.649
26.6073 795.102
27.7811 185.307
29.0068 824.49
30.2866 553.357
31.6228 395.525
33.0179 792.682
34.4747 844.173
35.9956 667.578
37.5837 734.022
39.2419 375.558
40.9732 656.499
42.7809 1132.33
44.6684 783.857
46.6391 1021.22
48.6968 973.289
50.8452 1214.41
53.0884 1328.62
55.4307 703.064
57.8762 397.211
60.4296 624.272
63.0957 1031.49
65.8795 799.483
68.786 1095.24
71.8208 446.137
74.9894 1175.15
78.2979 755.629
81.7523 1300.06
85.3591 610.228
89.1251 1171.19
93.0572 1971.15
97.1628 840.323
101.45 866.124
105.925 1318.13
110.599 1471.62
115.478 1527.06
120.573 996.125
125.893 1107.83
131.447 828.76
137.246 1461.65
143.301 1061.67
149.624 2037.32
156.225 1949.32
163.117 1291.43
170.314 1159.48
177.828 915.81
185.674 1636.24
193.865 751.176
202.418 817.226
211.349 992.219
220.673 921.01
230.409 776.921
240.575 780.202
251.189 907.184
262.271 434.484
273.842 858.266
285.924 378.633
298.538 592.327
311.709 258.539
325.462 423.207
339.821 88.9104
354.813 153.555
370.467 106.097
386.812 104.255
403.878 0
421.697 41.175
440.301 172.159
459.727 275.458
480.01 137.283
501.187 0
523.299 252.969
546.387 24.4903
570.493 0
595.662 0
621.942 0
649.382 0
678.032 92.6102
707.946 0
739.18 0
771.792 0
805.842 0
841.395 0
878.517 0
917.276 0
957.745 0
1000 0
