# First line is two numbers 
#     First value is '2', it means 'histogram mode'
#     Second value is 'Emin' of the histogram
# Other lines : 2 columns. 1) energy 2) probability (nb divided by NbEvent)
# Number of bins = 480
# Content below the first bin: 0
# Content above the last  bin: 0
# Content above the last  bin: 0
# Number of events: 209000
2 1e-06
1.04412e-06 0
1.09018e-06 0
1.13828e-06 0
1.1885e-06 0
1.24094e-06 0
1.29569e-06 0
1.35285e-06 0
1.41254e-06 0
1.47486e-06 0
1.53993e-06 0
1.60787e-06 0
1.6788e-06 0
1.75287e-06 0
1.83021e-06 0
1.91095e-06 0
1.99526e-06 0
2.08329e-06 0
2.1752e-06 0
2.27117e-06 0
2.37137e-06 0
2.476e-06 0
2.58523e-06 0
2.69929e-06 0
2.81838e-06 0
2.94273e-06 0
3.07256e-06 0
3.20812e-06 0
3.34965e-06 0
3.49744e-06 0
3.65174e-06 0
3.81285e-06 0
3.98107e-06 0
4.15671e-06 0
4.3401e-06 0
4.53158e-06 0
4.73151e-06 0
4.94026e-06 0
5.15822e-06 0
5.3858e-06 0
5.62341e-06 0
5.87151e-06 0
6.13056e-06 0
6.40103e-06 0
6.68344e-06 0
6.97831e-06 0
7.28618e-06 0
7.60764e-06 0
7.94328e-06 0
8.29373e-06 0
8.65964e-06 0
9.0417e-06 0
9.44061e-06 0
9.85712e-06 0
1.0292e-05 0
1.07461e-05 0
1.12202e-05 0
1.17152e-05 0
1.22321e-05 0
1.27717e-05 0
1.33352e-05 0
1.39236e-05 0
1.45378e-05 0
1.51792e-05 0
1.58489e-05 0
1.65482e-05 0
1.72783e-05 0
1.80406e-05 0
1.88365e-05 0
1.96675e-05 0
2.05353e-05 0
2.14412e-05 0
2.23872e-05 0
2.33749e-05 0
2.44062e-05 0
2.5483e-05 0
2.66073e-05 0
2.77811e-05 0
2.90068e-05 0
3.02866e-05 0
3.16228e-05 0
3.30179e-05 0
3.44747e-05 0
3.59956e-05 0
3.75837e-05 0
3.92419e-05 0
4.09732e-05 0
4.27809e-05 0
4.46684e-05 0
4.66391e-05 0
4.86968e-05 0
5.08452e-05 0
5.30884e-05 0
5.54307e-05 0
5.78762e-05 0
6.04296e-05 0
6.30957e-05 0
6.58795e-05 0
6.8786e-05 0
7.18208e-05 0
7.49894e-05 0
7.82979e-05 0
8.17523e-05 0
8.53591e-05 0
8.91251e-05 0
9.30572e-05 0
9.71628e-05 0
0.00010145 0
0.000105925 0
0.000110599 0
0.000115478 0
0.000120573 0
0.000125893 0
0.000131447 0
0.000137246 0
0.000143301 0
0.000149624 0
0.000156225 0
0.000163117 0
0.000170314 0
0.000177828 0
0.000185674 0
0.000193865 0
0.000202418 0
0.000211349 0
0.000220673 0
0.000230409 0
0.000240575 0
0.000251189 0
0.000262271 0
0.000273842 0
0.000285924 0
0.000298538 0
0.000311709 0
0.000325462 0
0.000339821 0
0.000354813 0
0.000370467 0
0.000386812 0
0.000403878 0
0.000421697 0
0.000440301 0
0.000459727 0
0.00048001 0
0.000501187 0
0.000523299 0
0.000546387 0
0.000570493 0
0.000595662 0
0.000621942 0
0.000649382 0
0.000678032 0
0.000707946 0
0.00073918 0
0.000771792 0
0.000805842 0
0.000841395 0
0.000878517 0
0.000917276 0
0.000957745 0
0.001 0
0.00104412 0
0.00109018 87.6802
0.00113828 0
0.0011885 0
0.00124094 0
0.00129569 0
0.00135285 0
0.00141254 0
0.00147486 0
0.00153993 0
0.00160787 0
0.0016788 96.1747
0.00175287 0
0.00183021 0
0.00191095 0
0.00199526 0
0.00208329 0
0.0021752 0
0.00227117 0
0.00237137 0
0.002476 0
0.00258523 0
0.00269929 0
0.00281838 62.7092
0.00294273 0
0.00307256 82.6075
0.00320812 0
0.00334965 0
0.00349744 0
0.00365174 0
0.00381285 0
0.00398107 112.474
0.00415671 53.4759
0.0043401 0
0.00453158 104.598
0.00473151 0
0.00494026 0
0.00515822 0
0.0053858 0
0.00562341 46.8562
0.00587151 0
0.00613056 114.626
0.00640103 0
0.00668344 75.6763
0.00697831 119.47
0.00728618 57.8329
0.00760764 94.1823
0.00794328 169.878
0.00829373 215.007
0.00865964 0
0.0090417 0
0.00944061 53.9863
0.00985712 0
0.010292 71.6084
0.0107461 0
0.0112202 0
0.0117152 63.0563
0.0122321 157.331
0.0127717 0
0.0133352 326.776
0.0139236 350.965
0.0145378 0
0.0151792 0
0.0158489 269.142
0.0165482 290.632
0.0172783 101.552
0.0180406 48.6011
0.0188365 375.017
0.0196675 184.044
0.0205353 441.129
0.0214412 259.665
0.0223872 494.96
0.0233749 177.403
0.0244062 82.0862
0.025483 214.414
0.0266073 389.865
0.0277811 171.883
0.0290068 310.826
0.0302866 183.719
0.0316228 632.573
0.0330179 774.558
0.0344747 1012.46
0.0359956 327.942
0.0375837 531.121
0.0392419 689.926
0.0409732 991.335
0.0427809 521.159
0.0446684 1015.95
0.0466391 648.024
0.0486968 356.749
0.0508452 1123.41
0.0530884 808.842
0.0554307 1144.97
0.0578762 850.571
0.0604296 1060.04
0.0630957 1242.76
0.0658795 1516.5
0.068786 548.769
0.0718208 1174.68
0.0749894 1533.01
0.0782979 1423.09
0.0817523 1511.98
0.0853591 2503.2
0.0891251 2337.38
0.0930572 1303.69
0.0971628 1930.13
0.10145 2016.39
0.105925 1910.64
0.110599 1893.47
0.115478 2351.7
0.120573 2783.02
0.125893 1524.04
0.131447 2709.65
0.137246 2171.48
0.143301 2510.42
0.149624 3188.15
0.156225 2698.24
0.163117 3113.89
0.170314 2640.39
0.177828 3254.69
0.185674 2895.75
0.193865 2602.1
0.202418 3324.75
0.211349 2423.61
0.220673 2712.51
0.230409 3492.89
0.240575 2881.45
0.251189 2908.87
0.262271 3117.76
0.273842 3800.97
0.285924 3613.27
0.298538 3610.78
0.311709 3579.78
0.325462 3552.68
0.339821 3151.92
0.354813 2950.61
0.370467 3651.38
0.386812 3427.35
0.403878 2799.14
0.421697 2790.66
0.440301 3310.69
0.459727 3477.75
0.48001 2697.27
0.501187 3058.94
0.523299 4213.68
0.546387 3091.35
0.570493 3998.92
0.595662 3411.38
0.621942 3281.41
0.649382 4081.63
0.678032 2924.46
0.707946 3889.84
0.73918 3291.54
0.771792 2922.42
0.805842 3640.64
0.841395 3000.33
0.878517 2307.29
0.917276 2683.29
0.957745 2868.45
1 2360.59
1.04412 1850.59
1.09018 2185.03
1.13828 2520.67
1.1885 1455.37
1.24094 1690.6
1.29569 1358.87
1.35285 1676.3
1.41254 1397.23
1.47486 1035.27
1.53993 1151.48
1.60787 1539.45
1.6788 2034.7
1.75287 905.156
1.83021 1364.71
1.91095 1516.54
1.99526 584.659
2.08329 1749.19
2.1752 812.492
2.27117 954.738
2.37137 1250.38
2.476 1042.9
2.58523 1356.15
2.69929 951.633
2.81838 1019.7
2.94273 1226.69
3.07256 459.382
3.20812 1083.21
3.34965 803.206
3.49744 1026.77
3.65174 214.167
3.81285 888.102
3.98107 874.801
4.15671 1101.56
4.3401 344.319
4.53158 774.984
4.73151 827.459
4.94026 613.006
5.15822 472.462
5.3858 406.368
5.62341 797.48
5.87151 832.056
6.13056 561.436
6.40103 407.555
6.68344 521.068
6.97831 119.249
7.28618 415.22
7.60764 497.365
7.94328 452.9
8.29373 435.843
8.65964 342.74
9.0417 396.653
9.44061 191.083
9.85712 430.01
10.292 589.194
10.7461 314.319
11.2202 121.312
11.7152 214.802
12.2321 396.082
12.7717 814.56
13.3352 368.1
13.9236 641.23
14.5378 509.194
15.1792 397.126
15.8489 568.283
16.5482 108.34
17.2783 407.357
18.0406 170.173
18.8365 488.048
19.6675 1016.15
20.5353 392.092
21.4412 259.041
22.3872 398.319
23.3749 385.527
24.4062 454.754
25.483 534.589
26.6073 500.979
27.7811 111.729
29.0068 567.595
30.2866 627.826
31.6228 329.772
33.0179 597.412
34.4747 359.336
35.9956 402.554
37.5837 597.276
39.2419 678.03
40.9732 360.79
42.7809 349.643
44.6684 517.818
46.6391 491.302
48.6968 567.641
50.8452 857.173
53.0884 478.757
55.4307 829.193
57.8762 526.009
60.4296 703.194
63.0957 528.009
65.8795 552.651
68.786 343.192
71.8208 540.233
74.9894 1010.52
78.2979 748.692
81.7523 471.498
85.3591 1084.41
89.1251 436.451
93.0572 967.423
97.1628 1004.9
101.45 896.345
105.925 701.756
110.599 717.897
115.478 871.483
120.573 576.738
125.893 1059.19
131.447 735.147
137.246 997.847
143.301 1501.58
149.624 574.645
156.225 1287.98
163.117 792.488
170.314 1243.45
177.828 1129.38
185.674 1052.98
193.865 1465.66
202.418 1060.79
211.349 2083.62
220.673 1219.78
230.409 1571.73
240.575 2725.31
251.189 2121.44
262.271 1363.72
273.842 2517.19
285.924 2521.48
298.538 1930.07
311.709 2771.25
325.462 3206.72
339.821 2511.9
354.813 2127.58
370.467 2574.93
386.812 1557.01
403.878 1627.02
421.697 960.592
440.301 689.64
459.727 296.28
480.01 324.993
501.187 389.729
523.299 165.539
546.387 339.192
570.493 0
595.662 0
621.942 0
649.382 109.095
678.032 93.2516
707.946 108.734
739.18 0
771.792 0
805.842 117.163
841.395 0
878.517 115.396
917.276 101.257
957.745 78.9084
1000 0
