# First line is two numbers 
#     First value is '2', it means 'histogram mode'
#     Second value is 'Emin' of the histogram
# Other lines : 2 columns. 1) energy 2) probability (nb divided by NbEvent)
# Number of bins = 480
# Content below the first bin: 0
# Content above the last  bin: 0
# Content above the last  bin: 0
# Number of events: 209000
2 1e-06
1.04412e-06 0
1.09018e-06 0
1.13828e-06 0
1.1885e-06 0
1.24094e-06 0
1.29569e-06 0
1.35285e-06 0
1.41254e-06 0
1.47486e-06 0
1.53993e-06 0
1.60787e-06 0
1.6788e-06 0
1.75287e-06 0
1.83021e-06 0
1.91095e-06 0
1.99526e-06 0
2.08329e-06 0
2.1752e-06 0
2.27117e-06 0
2.37137e-06 0
2.476e-06 0
2.58523e-06 0
2.69929e-06 0
2.81838e-06 0
2.94273e-06 0
3.07256e-06 0
3.20812e-06 0
3.34965e-06 0
3.49744e-06 0
3.65174e-06 0
3.81285e-06 0
3.98107e-06 0
4.15671e-06 0
4.3401e-06 0
4.53158e-06 0
4.73151e-06 0
4.94026e-06 0
5.15822e-06 0
5.3858e-06 0
5.62341e-06 0
5.87151e-06 0
6.13056e-06 0
6.40103e-06 0
6.68344e-06 0
6.97831e-06 0
7.28618e-06 0
7.60764e-06 0
7.94328e-06 0
8.29373e-06 0
8.65964e-06 0
9.0417e-06 0
9.44061e-06 0
9.85712e-06 0
1.0292e-05 0
1.07461e-05 0
1.12202e-05 0
1.17152e-05 0
1.22321e-05 0
1.27717e-05 0
1.33352e-05 0
1.39236e-05 0
1.45378e-05 0
1.51792e-05 0
1.58489e-05 0
1.65482e-05 0
1.72783e-05 0
1.80406e-05 0
1.88365e-05 0
1.96675e-05 0
2.05353e-05 0
2.14412e-05 0
2.23872e-05 0
2.33749e-05 0
2.44062e-05 0
2.5483e-05 0
2.66073e-05 0
2.77811e-05 0
2.90068e-05 0
3.02866e-05 0
3.16228e-05 0
3.30179e-05 0
3.44747e-05 0
3.59956e-05 0
3.75837e-05 0
3.92419e-05 0
4.09732e-05 0
4.27809e-05 0
4.46684e-05 0
4.66391e-05 0
4.86968e-05 0
5.08452e-05 0
5.30884e-05 0
5.54307e-05 0
5.78762e-05 0
6.04296e-05 0
6.30957e-05 0
6.58795e-05 0
6.8786e-05 0
7.18208e-05 0
7.49894e-05 0
7.82979e-05 0
8.17523e-05 0
8.53591e-05 0
8.91251e-05 0
9.30572e-05 0
9.71628e-05 0
0.00010145 0
0.000105925 0
0.000110599 0
0.000115478 0
0.000120573 0
0.000125893 0
0.000131447 0
0.000137246 0
0.000143301 0
0.000149624 0
0.000156225 0
0.000163117 0
0.000170314 0
0.000177828 0
0.000185674 0
0.000193865 0
0.000202418 0
0.000211349 0
0.000220673 0
0.000230409 0
0.000240575 0
0.000251189 0
0.000262271 0
0.000273842 0
0.000285924 0
0.000298538 0
0.000311709 0
0.000325462 0
0.000339821 0
0.000354813 0
0.000370467 0
0.000386812 0
0.000403878 0
0.000421697 0
0.000440301 0
0.000459727 0
0.00048001 0
0.000501187 0
0.000523299 0
0.000546387 0
0.000570493 0
0.000595662 0
0.000621942 0
0.000649382 0
0.000678032 0
0.000707946 0
0.00073918 0
0.000771792 0
0.000805842 0
0.000841395 0
0.000878517 0
0.000917276 0
0.000957745 0
0.001 0
0.00104412 0
0.00109018 0
0.00113828 0
0.0011885 0
0.00124094 0
0.00129569 0
0.00135285 0
0.00141254 0
0.00147486 0
0.00153993 0
0.00160787 0
0.0016788 0
0.00175287 0
0.00183021 0
0.00191095 0
0.00199526 0
0.00208329 0
0.0021752 0
0.00227117 0
0.00237137 118.05
0.002476 0
0.00258523 0
0.00269929 0
0.00281838 0
0.00294273 134.225
0.00307256 77.0551
0.00320812 0
0.00334965 0
0.00349744 0
0.00365174 0
0.00381285 0
0.00398107 70.2373
0.00415671 0
0.0043401 0
0.00453158 53.636
0.00473151 0
0.00494026 0
0.00515822 0
0.0053858 103.719
0.00562341 109.049
0.00587151 0
0.00613056 42.4516
0.00640103 165.816
0.00668344 239.516
0.00697831 167.089
0.00728618 150.76
0.00760764 98.3846
0.00794328 0
0.00829373 0
0.00865964 118.688
0.0090417 174.548
0.00944061 0
0.00985712 33.6191
0.010292 106.185
0.0107461 106.424
0.0112202 141.039
0.0117152 105.88
0.0122321 361.95
0.0127717 89.9622
0.0133352 123.329
0.0139236 283.017
0.0145378 137.083
0.0151792 0
0.0158489 211.667
0.0165482 221.665
0.0172783 223.505
0.0180406 267.84
0.0188365 312.529
0.0196675 267.754
0.0205353 465.057
0.0214412 346.477
0.0223872 185.297
0.0233749 539.189
0.0244062 340.34
0.025483 371.08
0.0266073 614.367
0.0277811 872.96
0.0290068 553.258
0.0302866 939.353
0.0316228 432.232
0.0330179 778.53
0.0344747 1132.26
0.0359956 628.104
0.0375837 895.979
0.0392419 609.237
0.0409732 848.286
0.0427809 670.746
0.0446684 1161.98
0.0466391 1276.98
0.0486968 1421.4
0.0508452 1099.77
0.0530884 1165.17
0.0554307 1574.99
0.0578762 1621.35
0.0604296 1810.1
0.0630957 1822.09
0.0658795 1110.47
0.068786 1832.74
0.0718208 2341.84
0.0749894 1800.48
0.0782979 1862.18
0.0817523 3195.19
0.0853591 2580.54
0.0891251 2402.66
0.0930572 2781.7
0.0971628 1918.03
0.10145 3140.53
0.105925 2537.42
0.110599 2316.11
0.115478 2769.29
0.120573 2284.56
0.125893 2688.93
0.131447 3064.55
0.137246 2328.49
0.143301 3458.93
0.149624 3372.44
0.156225 3720.64
0.163117 2608.57
0.170314 3693.85
0.177828 2817.39
0.185674 3218.19
0.193865 4790.37
0.202418 3511.33
0.211349 3489.97
0.220673 3835.56
0.230409 3300.57
0.240575 5143.09
0.251189 4701.43
0.262271 3422.92
0.273842 3475.3
0.285924 4969.9
0.298538 3360.01
0.311709 4575.99
0.325462 4624.16
0.339821 4073.72
0.354813 3753.47
0.370467 4634.9
0.386812 3652.17
0.403878 3882.8
0.421697 3870.58
0.440301 3647.69
0.459727 4459.67
0.48001 4494
0.501187 4130.74
0.523299 4438.69
0.546387 3721.89
0.570493 4700.68
0.595662 5173.13
0.621942 3839.93
0.649382 3399.88
0.678032 4355.59
0.707946 4315.23
0.73918 3640.46
0.771792 3909.72
0.805842 4339.72
0.841395 3713.88
0.878517 3284.42
0.917276 2878.2
0.957745 2517.28
1 3345.13
1.04412 2510.4
1.09018 2484.81
1.13828 2355.5
1.1885 2239.7
1.24094 1634.89
1.29569 2083.76
1.35285 1530.38
1.41254 3031.65
1.47486 1618.48
1.53993 1306.5
1.60787 1555.53
1.6788 1202.91
1.75287 1876.74
1.83021 527.706
1.91095 2014.03
1.99526 1588.86
2.08329 1589.23
2.1752 2430.3
2.27117 1532.7
2.37137 1022.23
2.476 1136.63
2.58523 800.934
2.69929 928.412
2.81838 1488.92
2.94273 1427.65
3.07256 985.698
3.20812 939.236
3.34965 731.564
3.49744 420.742
3.65174 683.859
3.81285 1018.17
3.98107 342.592
4.15671 1189.33
4.3401 438.111
4.53158 1030.78
4.73151 316.438
4.94026 494.658
5.15822 1029.75
5.3858 1007.29
5.62341 367.829
5.87151 476.859
6.13056 290.3
6.40103 534.788
6.68344 360.252
6.97831 737.947
7.28618 512.141
7.60764 259.408
7.94328 706.804
8.29373 352.313
8.65964 645.053
9.0417 603.105
9.44061 371.948
9.85712 710.763
10.292 249.146
10.7461 298.338
11.2202 164.593
11.7152 253.277
12.2321 272.316
12.7717 800.189
13.3352 367.899
13.9236 313.159
14.5378 360.208
15.1792 169.301
15.8489 204.589
16.5482 752.943
17.2783 338.107
18.0406 578.666
18.8365 783.674
19.6675 469.633
20.5353 195.031
21.4412 166.539
22.3872 300.348
23.3749 450.436
24.4062 97.8081
25.483 605.632
26.6073 463.562
27.7811 631.002
29.0068 256.555
30.2866 353.535
31.6228 611.924
33.0179 233.341
34.4747 391.498
35.9956 804.121
37.5837 1034.01
39.2419 328.361
40.9732 547.311
42.7809 443.448
44.6684 428.76
46.6391 413.705
48.6968 752.552
50.8452 569.478
53.0884 743.022
55.4307 666.291
57.8762 968.231
60.4296 666.663
63.0957 479.61
65.8795 860.287
68.786 786.022
71.8208 927.22
74.9894 345.017
78.2979 847.013
81.7523 802.165
85.3591 613.827
89.1251 776.613
93.0572 905.007
97.1628 704.185
101.45 869.509
105.925 737.366
110.599 896.584
115.478 1184.59
120.573 745.757
125.893 1534.44
131.447 945.077
137.246 778.742
143.301 729.212
149.624 1253.83
156.225 850.917
163.117 1073.05
170.314 900.988
177.828 1243.82
185.674 1316.44
193.865 1610.25
202.418 1657.85
211.349 1203.76
220.673 2417.38
230.409 1442.48
240.575 2253.99
251.189 2221.8
262.271 2395.08
273.842 2345.53
285.924 2064.7
298.538 2491.54
311.709 1997.06
325.462 3221.71
339.821 1889.85
354.813 2749.97
370.467 2812.21
386.812 2138.6
403.878 820.795
421.697 499.961
440.301 1288.41
459.727 924.497
480.01 502.297
501.187 350.525
523.299 730.488
546.387 40.4845
570.493 186.218
595.662 0
621.942 66.8523
649.382 175.939
678.032 129.861
707.946 0
739.18 216.147
771.792 109.36
805.842 0
841.395 0
878.517 0
917.276 0
957.745 0
1000 0
