# First line is two numbers 
#     First value is '2', it means 'histogram mode'
#     Second value is 'Emin' of the histogram
# Other lines : 2 columns. 1) energy 2) probability (nb divided by NbEvent)
# Number of bins = 480
# Content below the first bin: 0
# Content above the last  bin: 0
# Content above the last  bin: 0
# Number of events: 209000
2 1e-06
1.04412e-06 0
1.09018e-06 0
1.13828e-06 0
1.1885e-06 0
1.24094e-06 0
1.29569e-06 0
1.35285e-06 0
1.41254e-06 0
1.47486e-06 0
1.53993e-06 0
1.60787e-06 0
1.6788e-06 0
1.75287e-06 0
1.83021e-06 0
1.91095e-06 0
1.99526e-06 0
2.08329e-06 0
2.1752e-06 0
2.27117e-06 0
2.37137e-06 0
2.476e-06 0
2.58523e-06 0
2.69929e-06 0
2.81838e-06 0
2.94273e-06 0
3.07256e-06 0
3.20812e-06 0
3.34965e-06 0
3.49744e-06 0
3.65174e-06 0
3.81285e-06 0
3.98107e-06 0
4.15671e-06 0
4.3401e-06 0
4.53158e-06 0
4.73151e-06 0
4.94026e-06 0
5.15822e-06 0
5.3858e-06 0
5.62341e-06 0
5.87151e-06 0
6.13056e-06 0
6.40103e-06 0
6.68344e-06 0
6.97831e-06 0
7.28618e-06 0
7.60764e-06 0
7.94328e-06 0
8.29373e-06 0
8.65964e-06 0
9.0417e-06 0
9.44061e-06 0
9.85712e-06 0
1.0292e-05 0
1.07461e-05 0
1.12202e-05 0
1.17152e-05 0
1.22321e-05 0
1.27717e-05 0
1.33352e-05 0
1.39236e-05 0
1.45378e-05 0
1.51792e-05 0
1.58489e-05 0
1.65482e-05 0
1.72783e-05 0
1.80406e-05 0
1.88365e-05 0
1.96675e-05 0
2.05353e-05 0
2.14412e-05 0
2.23872e-05 0
2.33749e-05 0
2.44062e-05 0
2.5483e-05 0
2.66073e-05 0
2.77811e-05 0
2.90068e-05 0
3.02866e-05 0
3.16228e-05 0
3.30179e-05 0
3.44747e-05 0
3.59956e-05 0
3.75837e-05 0
3.92419e-05 0
4.09732e-05 0
4.27809e-05 0
4.46684e-05 0
4.66391e-05 0
4.86968e-05 0
5.08452e-05 0
5.30884e-05 0
5.54307e-05 0
5.78762e-05 0
6.04296e-05 0
6.30957e-05 0
6.58795e-05 0
6.8786e-05 0
7.18208e-05 0
7.49894e-05 0
7.82979e-05 0
8.17523e-05 0
8.53591e-05 0
8.91251e-05 0
9.30572e-05 0
9.71628e-05 0
0.00010145 0
0.000105925 0
0.000110599 0
0.000115478 0
0.000120573 0
0.000125893 0
0.000131447 0
0.000137246 0
0.000143301 0
0.000149624 0
0.000156225 0
0.000163117 0
0.000170314 0
0.000177828 0
0.000185674 0
0.000193865 0
0.000202418 0
0.000211349 0
0.000220673 0
0.000230409 0
0.000240575 0
0.000251189 0
0.000262271 0
0.000273842 0
0.000285924 0
0.000298538 0
0.000311709 0
0.000325462 0
0.000339821 0
0.000354813 0
0.000370467 0
0.000386812 0
0.000403878 0
0.000421697 0
0.000440301 0
0.000459727 0
0.00048001 0
0.000501187 0
0.000523299 0
0.000546387 0
0.000570493 0
0.000595662 0
0.000621942 0
0.000649382 0
0.000678032 0
0.000707946 0
0.00073918 0
0.000771792 0
0.000805842 0
0.000841395 0
0.000878517 0
0.000917276 0
0.000957745 0
0.001 0
0.00104412 0
0.00109018 0
0.00113828 0
0.0011885 0
0.00124094 0
0.00129569 0
0.00135285 0
0.00141254 0
0.00147486 0
0.00153993 0
0.00160787 0
0.0016788 0
0.00175287 0
0.00183021 0
0.00191095 113.523
0.00199526 0
0.00208329 0
0.0021752 0
0.00227117 0
0.00237137 251.738
0.002476 0
0.00258523 47.7062
0.00269929 0
0.00281838 50.2934
0.00294273 98.7229
0.00307256 0
0.00320812 52.9078
0.00334965 107.447
0.00349744 156.133
0.00365174 80.8635
0.00381285 0
0.00398107 0
0.00415671 74.962
0.0043401 0
0.00453158 119.928
0.00473151 0
0.00494026 0
0.00515822 0
0.0053858 128.734
0.00562341 0
0.00587151 63.3379
0.00613056 185.044
0.00640103 19.1324
0.00668344 217.981
0.00697831 219.845
0.00728618 97.0443
0.00760764 173.038
0.00794328 212.308
0.00829373 130.526
0.00865964 118.206
0.0090417 0
0.00944061 81.3339
0.00985712 208.573
0.010292 44.2222
0.0107461 134.284
0.0112202 338.006
0.0117152 177.978
0.0122321 70.0016
0.0127717 158.2
0.0133352 385.351
0.0139236 89.5046
0.0145378 598.634
0.0151792 192.514
0.0158489 552.916
0.0165482 305.701
0.0172783 474.538
0.0180406 175.104
0.0188365 752.913
0.0196675 269.578
0.0205353 487.654
0.0214412 1123.56
0.0223872 1331.91
0.0233749 700.598
0.0244062 852.525
0.025483 1083.97
0.0266073 623.447
0.0277811 1349.67
0.0290068 1116.27
0.0302866 2139.54
0.0316228 1251.25
0.0330179 1577.06
0.0344747 1248.7
0.0359956 1460.37
0.0375837 1405.03
0.0392419 2383.89
0.0409732 1392.55
0.0427809 1203.98
0.0446684 2612.91
0.0466391 2002.73
0.0486968 2832.08
0.0508452 2425.53
0.0530884 2884.75
0.0554307 3440.14
0.0578762 2983.82
0.0604296 4011.72
0.0630957 3362.6
0.0658795 3226.01
0.068786 2727.48
0.0718208 3387.58
0.0749894 4738.31
0.0782979 3900.4
0.0817523 3644.63
0.0853591 3786.72
0.0891251 4809.85
0.0930572 5987.42
0.0971628 5007.1
0.10145 6353.83
0.105925 5835.74
0.110599 4657.06
0.115478 6452.16
0.120573 6577.78
0.125893 5643.91
0.131447 5854.02
0.137246 6687.62
0.143301 7239.9
0.149624 6357.58
0.156225 6518.31
0.163117 7280.87
0.170314 6563.27
0.177828 6813.63
0.185674 6313.51
0.193865 7585.58
0.202418 5768.02
0.211349 6676.94
0.220673 7301.21
0.230409 7581.4
0.240575 7875.43
0.251189 8552.21
0.262271 9732.68
0.273842 7028.89
0.285924 8277.37
0.298538 7075.48
0.311709 8183.29
0.325462 9003.78
0.339821 6255.59
0.354813 7642.55
0.370467 9449.79
0.386812 8625.83
0.403878 8939.56
0.421697 9280.6
0.440301 7773.53
0.459727 8457.5
0.48001 6598.95
0.501187 7228.55
0.523299 8489.31
0.546387 6509.11
0.570493 7740.03
0.595662 7448.44
0.621942 8606.09
0.649382 6806.33
0.678032 7924.15
0.707946 7184.93
0.73918 6264.34
0.771792 8217.5
0.805842 7149.57
0.841395 6901.24
0.878517 7034.91
0.917276 5299.12
0.957745 3848.99
1 5281.25
1.04412 5128.26
1.09018 5099.65
1.13828 5558.23
1.1885 4135.36
1.24094 3695.22
1.29569 3402.65
1.35285 3816.93
1.41254 3588.01
1.47486 3350.63
1.53993 3725.92
1.60787 3019.71
1.6788 2089.55
1.75287 2723.38
1.83021 2361.71
1.91095 2392.44
1.99526 2296.75
2.08329 2575.29
2.1752 1946.9
2.27117 2832.67
2.37137 1976.23
2.476 2500.64
2.58523 2037.47
2.69929 2342.15
2.81838 1920.27
2.94273 1892.29
3.07256 2280.27
3.20812 1729.42
3.34965 1786.55
3.49744 1828.39
3.65174 2358.67
3.81285 722.697
3.98107 1424.71
4.15671 1678.13
4.3401 1050.21
4.53158 1236.11
4.73151 1713.87
4.94026 1360.97
5.15822 1230.05
5.3858 629.409
5.62341 1025.75
5.87151 891.77
6.13056 1255.6
6.40103 1325.16
6.68344 490.756
6.97831 782.871
7.28618 1217.58
7.60764 1041.2
7.94328 1289.24
8.29373 891.527
8.65964 1295.34
9.0417 971.222
9.44061 1040.78
9.85712 1292
10.292 1403.28
10.7461 1022.21
11.2202 841.274
11.7152 848.369
12.2321 752.442
12.7717 943.539
13.3352 701.777
13.9236 450.38
14.5378 506.845
15.1792 624.255
15.8489 975.188
16.5482 628.787
17.2783 1207.35
18.0406 840.153
18.8365 983.943
19.6675 729.919
20.5353 856.132
21.4412 892.503
22.3872 1114.86
23.3749 717.792
24.4062 798.939
25.483 553.546
26.6073 940.707
27.7811 318.211
29.0068 751.14
30.2866 705.733
31.6228 867.618
33.0179 1046.79
34.4747 700.156
35.9956 1769.85
37.5837 615.684
39.2419 1203.8
40.9732 960.68
42.7809 1465.39
44.6684 1523.26
46.6391 1261.8
48.6968 1220.55
50.8452 659.556
53.0884 1258.18
55.4307 2086.9
57.8762 780.335
60.4296 1622.5
63.0957 2040.85
65.8795 1264.78
68.786 1637.6
71.8208 1691.72
74.9894 954.268
78.2979 1812.15
81.7523 2085.9
85.3591 1219.54
89.1251 1223.76
93.0572 1004.36
97.1628 3207.94
101.45 1102.28
105.925 2862.93
110.599 1903.28
115.478 1757.24
120.573 2334.75
125.893 2639.7
131.447 1649.11
137.246 2022.74
143.301 2027.8
149.624 2055.77
156.225 2196.42
163.117 2906.47
170.314 2413.44
177.828 3561.66
185.674 2566.06
193.865 3179.02
202.418 2908.59
211.349 4369.7
220.673 4749.67
230.409 3752.11
240.575 4266.35
251.189 3694.58
262.271 4646.05
273.842 3265.48
285.924 3851.71
298.538 3985.15
311.709 3618.78
325.462 3262.65
339.821 2631.81
354.813 1770.91
370.467 2167.51
386.812 424.395
403.878 1169.65
421.697 868.909
440.301 794.056
459.727 404.744
480.01 307.001
501.187 406.362
523.299 168.404
546.387 100.953
570.493 51.2203
595.662 81.2128
621.942 207.272
649.382 170.665
678.032 114.457
707.946 191.384
739.18 73.9014
771.792 169.863
805.842 162.817
841.395 0
878.517 0
917.276 0
957.745 0
1000 0
