# First line is two numbers 
#     First value is '2', it means 'histogram mode'
#     Second value is 'Emin' of the histogram
# Other lines : 2 columns. 1) energy 2) probability (nb divided by NbEvent)
# Number of bins = 480
# Content below the first bin: 0
# Content above the last  bin: 0
# Content above the last  bin: 0
# Number of events: 209000
2 1e-06
1.04412e-06 0
1.09018e-06 0
1.13828e-06 0
1.1885e-06 0
1.24094e-06 0
1.29569e-06 0
1.35285e-06 0
1.41254e-06 0
1.47486e-06 0
1.53993e-06 0
1.60787e-06 0
1.6788e-06 0
1.75287e-06 0
1.83021e-06 0
1.91095e-06 0
1.99526e-06 0
2.08329e-06 0
2.1752e-06 0
2.27117e-06 0
2.37137e-06 0
2.476e-06 0
2.58523e-06 0
2.69929e-06 0
2.81838e-06 0
2.94273e-06 0
3.07256e-06 0
3.20812e-06 0
3.34965e-06 0
3.49744e-06 0
3.65174e-06 0
3.81285e-06 0
3.98107e-06 0
4.15671e-06 0
4.3401e-06 0
4.53158e-06 0
4.73151e-06 0
4.94026e-06 0
5.15822e-06 0
5.3858e-06 0
5.62341e-06 0
5.87151e-06 0
6.13056e-06 0
6.40103e-06 0
6.68344e-06 0
6.97831e-06 0
7.28618e-06 0
7.60764e-06 0
7.94328e-06 0
8.29373e-06 0
8.65964e-06 0
9.0417e-06 0
9.44061e-06 0
9.85712e-06 0
1.0292e-05 0
1.07461e-05 0
1.12202e-05 0
1.17152e-05 0
1.22321e-05 0
1.27717e-05 0
1.33352e-05 0
1.39236e-05 0
1.45378e-05 0
1.51792e-05 0
1.58489e-05 0
1.65482e-05 0
1.72783e-05 0
1.80406e-05 0
1.88365e-05 0
1.96675e-05 0
2.05353e-05 0
2.14412e-05 0
2.23872e-05 0
2.33749e-05 0
2.44062e-05 0
2.5483e-05 0
2.66073e-05 0
2.77811e-05 0
2.90068e-05 0
3.02866e-05 0
3.16228e-05 0
3.30179e-05 0
3.44747e-05 0
3.59956e-05 0
3.75837e-05 0
3.92419e-05 0
4.09732e-05 0
4.27809e-05 0
4.46684e-05 0
4.66391e-05 0
4.86968e-05 0
5.08452e-05 0
5.30884e-05 0
5.54307e-05 0
5.78762e-05 0
6.04296e-05 0
6.30957e-05 0
6.58795e-05 0
6.8786e-05 0
7.18208e-05 0
7.49894e-05 0
7.82979e-05 0
8.17523e-05 0
8.53591e-05 0
8.91251e-05 0
9.30572e-05 0
9.71628e-05 0
0.00010145 0
0.000105925 0
0.000110599 0
0.000115478 0
0.000120573 0
0.000125893 0
0.000131447 0
0.000137246 0
0.000143301 0
0.000149624 0
0.000156225 0
0.000163117 0
0.000170314 0
0.000177828 0
0.000185674 0
0.000193865 0
0.000202418 0
0.000211349 0
0.000220673 0
0.000230409 0
0.000240575 0
0.000251189 0
0.000262271 0
0.000273842 0
0.000285924 0
0.000298538 0
0.000311709 0
0.000325462 0
0.000339821 0
0.000354813 0
0.000370467 0
0.000386812 0
0.000403878 0
0.000421697 0
0.000440301 0
0.000459727 0
0.00048001 0
0.000501187 0
0.000523299 0
0.000546387 0
0.000570493 0
0.000595662 0
0.000621942 0
0.000649382 0
0.000678032 0
0.000707946 0
0.00073918 0
0.000771792 0
0.000805842 0
0.000841395 0
0.000878517 0
0.000917276 0
0.000957745 0
0.001 0
0.00104412 0
0.00109018 0
0.00113828 0
0.0011885 0
0.00124094 0
0.00129569 0
0.00135285 0
0.00141254 0
0.00147486 0
0.00153993 0
0.00160787 0
0.0016788 0
0.00175287 0
0.00183021 0
0.00191095 0
0.00199526 0
0.00208329 0
0.0021752 0
0.00227117 0
0.00237137 0
0.002476 0
0.00258523 0
0.00269929 0
0.00281838 0
0.00294273 0
0.00307256 0
0.00320812 0
0.00334965 0
0.00349744 0
0.00365174 0
0.00381285 0
0.00398107 0
0.00415671 94.3728
0.0043401 0
0.00453158 0
0.00473151 0
0.00494026 0
0.00515822 0
0.0053858 0
0.00562341 48.2128
0.00587151 0
0.00613056 0
0.00640103 0
0.00668344 0
0.00697831 0
0.00728618 116.87
0.00760764 96.4797
0.00794328 96.237
0.00829373 0
0.00865964 85.614
0.0090417 0
0.00944061 0
0.00985712 0
0.010292 53.1276
0.0107461 0
0.0112202 131.644
0.0117152 70.3099
0.0122321 245.997
0.0127717 38.3478
0.0133352 313.733
0.0139236 117.893
0.0145378 84.9459
0.0151792 126.142
0.0158489 76.4661
0.0165482 296.241
0.0172783 488.778
0.0180406 268.071
0.0188365 115.564
0.0196675 330.083
0.0205353 95.7325
0.0214412 229.988
0.0223872 0
0.0233749 161.943
0.0244062 118.095
0.025483 560.367
0.0266073 394.985
0.0277811 339.51
0.0290068 265.168
0.0302866 325.217
0.0316228 266.745
0.0330179 846.284
0.0344747 419.234
0.0359956 588.967
0.0375837 295.241
0.0392419 1124.99
0.0409732 833.317
0.0427809 737.973
0.0446684 895.995
0.0466391 743.871
0.0486968 374.9
0.0508452 635.993
0.0530884 964.697
0.0554307 382.372
0.0578762 432.162
0.0604296 983.121
0.0630957 935.442
0.0658795 751.715
0.068786 1018.71
0.0718208 506.476
0.0749894 1320.32
0.0782979 895.179
0.0817523 1180.1
0.0853591 1031.81
0.0891251 1654.63
0.0930572 1186.16
0.0971628 1859.71
0.10145 1799.58
0.105925 1865.58
0.110599 1461.5
0.115478 1291.48
0.120573 1728.57
0.125893 1063.53
0.131447 2613.81
0.137246 1418.1
0.143301 2264.78
0.149624 1426.12
0.156225 2602.53
0.163117 1639.51
0.170314 1392.82
0.177828 2149.58
0.185674 1756.45
0.193865 1708.18
0.202418 2552.18
0.211349 2729.04
0.220673 1710.54
0.230409 2063.12
0.240575 2634.78
0.251189 2125.19
0.262271 2065.71
0.273842 2559.22
0.285924 2226.78
0.298538 2612.79
0.311709 2348.84
0.325462 1485.64
0.339821 2216.27
0.354813 2840.53
0.370467 2021.76
0.386812 2229.85
0.403878 1751
0.421697 2391.76
0.440301 1989.44
0.459727 2413.28
0.48001 3062.64
0.501187 2773.14
0.523299 2136.83
0.546387 2697.18
0.570493 1835.35
0.595662 2687.31
0.621942 2529.03
0.649382 2024.87
0.678032 1874.23
0.707946 1760.97
0.73918 1633.57
0.771792 2209.11
0.805842 1789.97
0.841395 2561.67
0.878517 1812.68
0.917276 2211.12
0.957745 1081.31
1 1287.65
1.04412 1638.54
1.09018 952.215
1.13828 885.063
1.1885 950.036
1.24094 1088.19
1.29569 793.437
1.35285 1251.98
1.41254 920.03
1.47486 727.497
1.53993 1636.78
1.60787 918.274
1.6788 737.041
1.75287 965.559
1.83021 850.061
1.91095 783.419
1.99526 607.914
2.08329 556.202
2.1752 741.931
2.27117 825.435
2.37137 644.825
2.476 514.083
2.58523 894.958
2.69929 871.973
2.81838 493.884
2.94273 500.194
3.07256 518.167
3.20812 670.301
3.34965 692.366
3.49744 669.165
3.65174 736.078
3.81285 466.314
3.98107 293.143
4.15671 201.596
4.3401 479.445
4.53158 340.569
4.73151 516.614
4.94026 77.7641
5.15822 289.913
5.3858 724.82
5.62341 714.212
5.87151 230.858
6.13056 507.149
6.40103 398.074
6.68344 321.71
6.97831 549.775
7.28618 349.753
7.60764 197.723
7.94328 233.337
8.29373 464.315
8.65964 271.591
9.0417 296.502
9.44061 0
9.85712 207.098
10.292 296.233
10.7461 110.199
11.2202 89.444
11.7152 219.012
12.2321 176.232
12.7717 0
13.3352 115.132
13.9236 0
14.5378 189.932
15.1792 86.7585
15.8489 169.431
16.5482 185.083
17.2783 189.638
18.0406 258.115
18.8365 383.875
19.6675 362.618
20.5353 525.582
21.4412 542.898
22.3872 388.482
23.3749 159.71
24.4062 120.743
25.483 359.801
26.6073 0
27.7811 330.634
29.0068 186.266
30.2866 495.927
31.6228 330.398
33.0179 259.872
34.4747 301.288
35.9956 114.759
37.5837 113.53
39.2419 196.313
40.9732 437.551
42.7809 240.798
44.6684 130.468
46.6391 153.103
48.6968 524.278
50.8452 332.23
53.0884 329.355
55.4307 512.223
57.8762 203.255
60.4296 323.769
63.0957 266.444
65.8795 548.768
68.786 46.6676
71.8208 210.344
74.9894 365.189
78.2979 511.502
81.7523 312.285
85.3591 400.613
89.1251 664.448
93.0572 513.855
97.1628 542.976
101.45 195.836
105.925 187.251
110.599 683.019
115.478 694.18
120.573 354.112
125.893 382.225
131.447 300.821
137.246 802.928
143.301 702.752
149.624 403.881
156.225 876.932
163.117 761.638
170.314 429.272
177.828 815.952
185.674 1047.7
193.865 1162.37
202.418 789.585
211.349 1028.36
220.673 607.669
230.409 781.025
240.575 1662.32
251.189 1155.44
262.271 880.714
273.842 877.388
285.924 1380.43
298.538 958.554
311.709 1429.5
325.462 1243.8
339.821 1386.1
354.813 1190.24
370.467 685.164
386.812 1519.45
403.878 512.453
421.697 1035.89
440.301 529.063
459.727 699.422
480.01 666.371
501.187 424.901
523.299 0
546.387 66.7821
570.493 180.999
595.662 11.6564
621.942 0
649.382 0
678.032 0
707.946 111.066
739.18 103.381
771.792 0
805.842 118.234
841.395 0
878.517 0
917.276 0
957.745 0
1000 0
