# First line is two numbers 
#     First value is '2', it means 'histogram mode'
#     Second value is 'Emin' of the histogram
# Other lines : 2 columns. 1) energy 2) probability (nb divided by NbEvent)
# Number of bins = 480
# Content below the first bin: 0
# Content above the last  bin: 0
# Content above the last  bin: 0
# Number of events: 209000
2 1e-06
1.04412e-06 0
1.09018e-06 0
1.13828e-06 0
1.1885e-06 0
1.24094e-06 0
1.29569e-06 0
1.35285e-06 0
1.41254e-06 0
1.47486e-06 0
1.53993e-06 0
1.60787e-06 0
1.6788e-06 0
1.75287e-06 0
1.83021e-06 0
1.91095e-06 0
1.99526e-06 0
2.08329e-06 0
2.1752e-06 0
2.27117e-06 0
2.37137e-06 0
2.476e-06 0
2.58523e-06 0
2.69929e-06 0
2.81838e-06 0
2.94273e-06 0
3.07256e-06 0
3.20812e-06 0
3.34965e-06 0
3.49744e-06 0
3.65174e-06 0
3.81285e-06 0
3.98107e-06 0
4.15671e-06 0
4.3401e-06 0
4.53158e-06 0
4.73151e-06 0
4.94026e-06 0
5.15822e-06 0
5.3858e-06 0
5.62341e-06 0
5.87151e-06 0
6.13056e-06 0
6.40103e-06 0
6.68344e-06 0
6.97831e-06 0
7.28618e-06 0
7.60764e-06 0
7.94328e-06 0
8.29373e-06 0
8.65964e-06 0
9.0417e-06 0
9.44061e-06 0
9.85712e-06 0
1.0292e-05 0
1.07461e-05 0
1.12202e-05 0
1.17152e-05 0
1.22321e-05 0
1.27717e-05 0
1.33352e-05 0
1.39236e-05 0
1.45378e-05 0
1.51792e-05 0
1.58489e-05 0
1.65482e-05 0
1.72783e-05 0
1.80406e-05 0
1.88365e-05 0
1.96675e-05 0
2.05353e-05 0
2.14412e-05 0
2.23872e-05 0
2.33749e-05 0
2.44062e-05 0
2.5483e-05 0
2.66073e-05 0
2.77811e-05 0
2.90068e-05 0
3.02866e-05 0
3.16228e-05 0
3.30179e-05 0
3.44747e-05 0
3.59956e-05 0
3.75837e-05 0
3.92419e-05 0
4.09732e-05 0
4.27809e-05 0
4.46684e-05 0
4.66391e-05 0
4.86968e-05 0
5.08452e-05 0
5.30884e-05 0
5.54307e-05 0
5.78762e-05 0
6.04296e-05 0
6.30957e-05 0
6.58795e-05 0
6.8786e-05 0
7.18208e-05 0
7.49894e-05 0
7.82979e-05 0
8.17523e-05 0
8.53591e-05 0
8.91251e-05 0
9.30572e-05 0
9.71628e-05 0
0.00010145 0
0.000105925 0
0.000110599 0
0.000115478 0
0.000120573 0
0.000125893 0
0.000131447 0
0.000137246 0
0.000143301 0
0.000149624 0
0.000156225 0
0.000163117 0
0.000170314 0
0.000177828 0
0.000185674 0
0.000193865 0
0.000202418 0
0.000211349 0
0.000220673 0
0.000230409 0
0.000240575 0
0.000251189 0
0.000262271 0
0.000273842 0
0.000285924 0
0.000298538 0
0.000311709 0
0.000325462 0
0.000339821 0
0.000354813 0
0.000370467 0
0.000386812 0
0.000403878 0
0.000421697 0
0.000440301 0
0.000459727 0
0.00048001 0
0.000501187 0
0.000523299 0
0.000546387 0
0.000570493 0
0.000595662 0
0.000621942 0
0.000649382 0
0.000678032 0
0.000707946 0
0.00073918 0
0.000771792 0
0.000805842 0
0.000841395 0
0.000878517 0
0.000917276 0
0.000957745 0
0.001 0
0.00104412 0
0.00109018 0
0.00113828 0
0.0011885 0
0.00124094 0
0.00129569 0
0.00135285 0
0.00141254 0
0.00147486 0
0.00153993 0
0.00160787 0
0.0016788 0
0.00175287 0
0.00183021 0
0.00191095 0
0.00199526 0
0.00208329 0
0.0021752 0
0.00227117 0
0.00237137 0
0.002476 0
0.00258523 0
0.00269929 0
0.00281838 0
0.00294273 0
0.00307256 0
0.00320812 104.58
0.00334965 0
0.00349744 0
0.00365174 0
0.00381285 0
0.00398107 0
0.00415671 0
0.0043401 0
0.00453158 0
0.00473151 0
0.00494026 0
0.00515822 0
0.0053858 0
0.00562341 22.2544
0.00587151 0
0.00613056 0
0.00640103 0
0.00668344 64.5439
0.00697831 0
0.00728618 0
0.00760764 66.216
0.00794328 0
0.00829373 51.6849
0.00865964 0
0.0090417 117.376
0.00944061 96.18
0.00985712 0
0.010292 0
0.0107461 0
0.0112202 323.821
0.0117152 0
0.0122321 85.3625
0.0127717 54.1337
0.0133352 259.269
0.0139236 106.067
0.0145378 237.998
0.0151792 111.398
0.0158489 0
0.0165482 0
0.0172783 0
0.0180406 189.211
0.0188365 157.04
0.0196675 243.053
0.0205353 235.892
0.0214412 0
0.0223872 236.43
0.0233749 397.127
0.0244062 161.472
0.025483 231.575
0.0266073 478.826
0.0277811 237.463
0.0290068 777.572
0.0302866 296.664
0.0316228 188.817
0.0330179 261.783
0.0344747 396.827
0.0359956 449.402
0.0375837 639.237
0.0392419 709.405
0.0409732 496.344
0.0427809 213.253
0.0446684 385.616
0.0466391 528.145
0.0486968 883.077
0.0508452 473.146
0.0530884 677.636
0.0554307 672.854
0.0578762 664.96
0.0604296 467.947
0.0630957 1330.35
0.0658795 1096.42
0.068786 622.54
0.0718208 1298.31
0.0749894 1326.15
0.0782979 548.692
0.0817523 1008.82
0.0853591 1681.95
0.0891251 1183.25
0.0930572 1218.04
0.0971628 1567.09
0.10145 1428
0.105925 1186.57
0.110599 1348.11
0.115478 675.845
0.120573 996.654
0.125893 2400.41
0.131447 1843.59
0.137246 2346.9
0.143301 1791.59
0.149624 1536.78
0.156225 2255.59
0.163117 1436.66
0.170314 1771.61
0.177828 1753.79
0.185674 1915.71
0.193865 2333.81
0.202418 1520.97
0.211349 1564.69
0.220673 1941.33
0.230409 3134.2
0.240575 1781.33
0.251189 3495.79
0.262271 2510.8
0.273842 2652.01
0.285924 2602.8
0.298538 2106.91
0.311709 1961.7
0.325462 1697.79
0.339821 2186.63
0.354813 1516.66
0.370467 3053
0.386812 2448.1
0.403878 2926.57
0.421697 1696.3
0.440301 1895.08
0.459727 1901.61
0.48001 2132.95
0.501187 2330.61
0.523299 3242.44
0.546387 3136.55
0.570493 1876.07
0.595662 1824.54
0.621942 2518.83
0.649382 2276.15
0.678032 1771.16
0.707946 1909.51
0.73918 2687.32
0.771792 2097.94
0.805842 2542.41
0.841395 1421.16
0.878517 1310.95
0.917276 1311.67
0.957745 2166.61
1 1618.07
1.04412 1236.28
1.09018 1352.47
1.13828 1620.76
1.1885 1630.22
1.24094 1074.49
1.29569 1058.96
1.35285 1274.13
1.41254 213.979
1.47486 1254.66
1.53993 1350.83
1.60787 1059.52
1.6788 811.84
1.75287 653.596
1.83021 747.269
1.91095 588.462
1.99526 839.565
2.08329 981.506
2.1752 883.335
2.27117 934.375
2.37137 549.979
2.476 750.389
2.58523 775.891
2.69929 322.018
2.81838 913.662
2.94273 657.209
3.07256 598.339
3.20812 515.051
3.34965 383.303
3.49744 389.915
3.65174 475.051
3.81285 806.934
3.98107 451.149
4.15671 481.973
4.3401 625.697
4.53158 235.358
4.73151 442.523
4.94026 379.159
5.15822 301.243
5.3858 104.774
5.62341 601.114
5.87151 385.389
6.13056 679.962
6.40103 139.632
6.68344 336.501
6.97831 553.481
7.28618 109.599
7.60764 217.164
7.94328 346.772
8.29373 513.881
8.65964 81.052
9.0417 307.416
9.44061 177.039
9.85712 457.684
10.292 542.85
10.7461 313.077
11.2202 185.958
11.7152 295.194
12.2321 196.316
12.7717 0
13.3352 384.849
13.9236 284.177
14.5378 141.838
15.1792 305.144
15.8489 138.874
16.5482 136.55
17.2783 272.191
18.0406 37.829
18.8365 49.5398
19.6675 213.014
20.5353 0
21.4412 144.439
22.3872 334.929
23.3749 304.01
24.4062 372.734
25.483 244.723
26.6073 358.742
27.7811 358.584
29.0068 368.311
30.2866 0
31.6228 304.665
33.0179 302.84
34.4747 813.882
35.9956 196.491
37.5837 262.538
39.2419 185.979
40.9732 573.792
42.7809 348.163
44.6684 527.188
46.6391 181.683
48.6968 309.263
50.8452 445.021
53.0884 303.454
55.4307 533.393
57.8762 450.831
60.4296 318.858
63.0957 151.008
65.8795 325.112
68.786 297.619
71.8208 799.054
74.9894 164.399
78.2979 815.245
81.7523 391.328
85.3591 652.082
89.1251 651.832
93.0572 768.236
97.1628 778.281
101.45 179.5
105.925 591.107
110.599 557.828
115.478 671.692
120.573 1025.7
125.893 693.23
131.447 696.312
137.246 781.003
143.301 692.26
149.624 765.111
156.225 545.351
163.117 1448.91
170.314 605.679
177.828 602.017
185.674 564.731
193.865 1304.72
202.418 788.707
211.349 732.755
220.673 1152.88
230.409 1075.59
240.575 778.845
251.189 1219.79
262.271 1435.61
273.842 2086.43
285.924 1169.66
298.538 856.308
311.709 1384.6
325.462 1352.65
339.821 2130.39
354.813 1444.06
370.467 2426.12
386.812 1068.86
403.878 355.848
421.697 226.61
440.301 882.723
459.727 310.837
480.01 292.861
501.187 0
523.299 230.841
546.387 124.314
570.493 52.6935
595.662 0
621.942 66.6585
649.382 156.482
678.032 99.9035
707.946 0
739.18 0
771.792 0
805.842 0
841.395 0
878.517 0
917.276 0
957.745 0
1000 0
