# First line is two numbers 
#     First value is '2', it means 'histogram mode'
#     Second value is 'Emin' of the histogram
# Other lines : 2 columns. 1) energy 2) probability (nb divided by NbEvent)
# Number of bins = 480
# Content below the first bin: 0
# Content above the last  bin: 102.502
# Content above the last  bin: 102.502
# Number of events: 209000
2 1e-06
1.04412e-06 0
1.09018e-06 0
1.13828e-06 0
1.1885e-06 0
1.24094e-06 0
1.29569e-06 0
1.35285e-06 0
1.41254e-06 0
1.47486e-06 0
1.53993e-06 0
1.60787e-06 0
1.6788e-06 0
1.75287e-06 0
1.83021e-06 0
1.91095e-06 0
1.99526e-06 0
2.08329e-06 0
2.1752e-06 0
2.27117e-06 0
2.37137e-06 0
2.476e-06 0
2.58523e-06 0
2.69929e-06 0
2.81838e-06 0
2.94273e-06 0
3.07256e-06 0
3.20812e-06 0
3.34965e-06 0
3.49744e-06 0
3.65174e-06 0
3.81285e-06 0
3.98107e-06 0
4.15671e-06 0
4.3401e-06 0
4.53158e-06 0
4.73151e-06 0
4.94026e-06 0
5.15822e-06 0
5.3858e-06 0
5.62341e-06 0
5.87151e-06 0
6.13056e-06 0
6.40103e-06 0
6.68344e-06 0
6.97831e-06 0
7.28618e-06 0
7.60764e-06 0
7.94328e-06 0
8.29373e-06 0
8.65964e-06 0
9.0417e-06 0
9.44061e-06 0
9.85712e-06 0
1.0292e-05 0
1.07461e-05 0
1.12202e-05 0
1.17152e-05 0
1.22321e-05 0
1.27717e-05 0
1.33352e-05 0
1.39236e-05 0
1.45378e-05 0
1.51792e-05 0
1.58489e-05 0
1.65482e-05 0
1.72783e-05 0
1.80406e-05 0
1.88365e-05 0
1.96675e-05 0
2.05353e-05 0
2.14412e-05 0
2.23872e-05 0
2.33749e-05 0
2.44062e-05 0
2.5483e-05 0
2.66073e-05 0
2.77811e-05 0
2.90068e-05 0
3.02866e-05 0
3.16228e-05 0
3.30179e-05 0
3.44747e-05 0
3.59956e-05 0
3.75837e-05 0
3.92419e-05 0
4.09732e-05 0
4.27809e-05 0
4.46684e-05 0
4.66391e-05 0
4.86968e-05 0
5.08452e-05 0
5.30884e-05 0
5.54307e-05 0
5.78762e-05 0
6.04296e-05 0
6.30957e-05 0
6.58795e-05 0
6.8786e-05 0
7.18208e-05 0
7.49894e-05 0
7.82979e-05 0
8.17523e-05 0
8.53591e-05 0
8.91251e-05 0
9.30572e-05 0
9.71628e-05 0
0.00010145 0
0.000105925 0
0.000110599 0
0.000115478 0
0.000120573 0
0.000125893 0
0.000131447 0
0.000137246 0
0.000143301 0
0.000149624 0
0.000156225 0
0.000163117 0
0.000170314 0
0.000177828 0
0.000185674 0
0.000193865 0
0.000202418 0
0.000211349 0
0.000220673 0
0.000230409 0
0.000240575 0
0.000251189 0
0.000262271 0
0.000273842 0
0.000285924 0
0.000298538 0
0.000311709 0
0.000325462 0
0.000339821 0
0.000354813 0
0.000370467 0
0.000386812 0
0.000403878 0
0.000421697 0
0.000440301 0
0.000459727 0
0.00048001 0
0.000501187 0
0.000523299 0
0.000546387 0
0.000570493 0
0.000595662 0
0.000621942 0
0.000649382 0
0.000678032 0
0.000707946 0
0.00073918 0
0.000771792 0
0.000805842 0
0.000841395 0
0.000878517 0
0.000917276 0
0.000957745 0
0.001 0
0.00104412 0
0.00109018 0
0.00113828 0
0.0011885 0
0.00124094 0
0.00129569 0
0.00135285 0
0.00141254 0
0.00147486 0
0.00153993 0
0.00160787 0
0.0016788 0
0.00175287 0
0.00183021 0
0.00191095 0
0.00199526 0
0.00208329 45.2653
0.0021752 0
0.00227117 0
0.00237137 0
0.002476 0
0.00258523 0
0.00269929 0
0.00281838 0
0.00294273 0
0.00307256 0
0.00320812 0
0.00334965 0
0.00349744 0
0.00365174 0
0.00381285 0
0.00398107 0
0.00415671 0
0.0043401 0
0.00453158 0
0.00473151 0
0.00494026 0
0.00515822 0
0.0053858 0
0.00562341 0
0.00587151 0
0.00613056 0
0.00640103 0
0.00668344 0
0.00697831 0
0.00728618 0
0.00760764 102.502
0.00794328 0
0.00829373 0
0.00865964 0
0.0090417 141.859
0.00944061 85.7548
0.00985712 60.0127
0.010292 0
0.0107461 0
0.0112202 61.9656
0.0117152 101.293
0.0122321 0
0.0127717 304.323
0.0133352 214.941
0.0139236 144.218
0.0145378 112.353
0.0151792 0
0.0158489 130.784
0.0165482 155.73
0.0172783 521.843
0.0180406 116.521
0.0188365 39.7716
0.0196675 137.941
0.0205353 64.457
0.0214412 209.766
0.0223872 348.019
0.0233749 274.184
0.0244062 61.4869
0.025483 235.938
0.0266073 205.835
0.0277811 555.434
0.0290068 513.236
0.0302866 431.485
0.0316228 312.129
0.0330179 666.074
0.0344747 185.018
0.0359956 229.339
0.0375837 412.598
0.0392419 504.385
0.0409732 354.707
0.0427809 519.871
0.0446684 869.652
0.0466391 762.839
0.0486968 735.854
0.0508452 136.158
0.0530884 643.325
0.0554307 640.718
0.0578762 544.477
0.0604296 817.25
0.0630957 741.047
0.0658795 673.455
0.068786 949.911
0.0718208 727.702
0.0749894 1055.99
0.0782979 880.432
0.0817523 1389.89
0.0853591 892.913
0.0891251 1485.95
0.0930572 1118.73
0.0971628 1374.53
0.10145 1921.29
0.105925 2245.24
0.110599 1284.69
0.115478 1908.62
0.120573 1743.11
0.125893 1284.91
0.131447 1641.28
0.137246 625.18
0.143301 2149.95
0.149624 2573.7
0.156225 1429.88
0.163117 1672.27
0.170314 2062.37
0.177828 2075.36
0.185674 1621.12
0.193865 2325.16
0.202418 2650.88
0.211349 2010.4
0.220673 1507.55
0.230409 1673.4
0.240575 2643.35
0.251189 1369.47
0.262271 1911.15
0.273842 2411.13
0.285924 2383.36
0.298538 1976.95
0.311709 2292.51
0.325462 1802.4
0.339821 2167.57
0.354813 2235.99
0.370467 2495.63
0.386812 2333.2
0.403878 2565.33
0.421697 2858.29
0.440301 1814.13
0.459727 2407.78
0.48001 2456.67
0.501187 1745.96
0.523299 1993.43
0.546387 2772.92
0.570493 2825.36
0.595662 2539
0.621942 2239.11
0.649382 2282.34
0.678032 2320.79
0.707946 2329.48
0.73918 2122.2
0.771792 1315.48
0.805842 1637.33
0.841395 1446.6
0.878517 1288.96
0.917276 1636.38
0.957745 2482.43
1 1251.98
1.04412 1328.13
1.09018 2045.82
1.13828 981.74
1.1885 847.623
1.24094 976.414
1.29569 649.256
1.35285 732.406
1.41254 823.046
1.47486 1095.34
1.53993 799.692
1.60787 858.597
1.6788 659.116
1.75287 875.435
1.83021 880.591
1.91095 334.268
1.99526 636.215
2.08329 850.321
2.1752 832.387
2.27117 531.783
2.37137 691.729
2.476 298.04
2.58523 426.45
2.69929 537.906
2.81838 290.956
2.94273 556.861
3.07256 452.895
3.20812 413.399
3.34965 675.833
3.49744 508.77
3.65174 300.408
3.81285 585.327
3.98107 546.739
4.15671 238.477
4.3401 217.129
4.53158 395.293
4.73151 230.579
4.94026 183.095
5.15822 225.512
5.3858 209.072
5.62341 564.565
5.87151 467.444
6.13056 218.886
6.40103 402.123
6.68344 167.326
6.97831 219.867
7.28618 146.738
7.60764 343.384
7.94328 103.531
8.29373 276.042
8.65964 284.536
9.0417 165.821
9.44061 221.096
9.85712 228.405
10.292 216.369
10.7461 393.804
11.2202 90.1713
11.7152 23.0883
12.2321 157.802
12.7717 235.541
13.3352 307.473
13.9236 224.799
14.5378 252.555
15.1792 454.323
15.8489 0
16.5482 176.425
17.2783 258.113
18.0406 333.847
18.8365 102.86
19.6675 0
20.5353 369.741
21.4412 192.67
22.3872 106.763
23.3749 0
24.4062 90.1558
25.483 187.445
26.6073 105.36
27.7811 415.7
29.0068 173.472
30.2866 261.605
31.6228 91.984
33.0179 255.444
34.4747 283.925
35.9956 92.238
37.5837 367.604
39.2419 465.091
40.9732 144.029
42.7809 416.347
44.6684 390.08
46.6391 436.646
48.6968 257.289
50.8452 305.609
53.0884 128.731
55.4307 672.201
57.8762 320.507
60.4296 261.489
63.0957 478.981
65.8795 347.687
68.786 514.355
71.8208 475.869
74.9894 537.926
78.2979 265.993
81.7523 323.535
85.3591 549.13
89.1251 627.739
93.0572 559.958
97.1628 755.393
101.45 582.376
105.925 622.275
110.599 724.177
115.478 688.354
120.573 674.308
125.893 789.807
131.447 638.57
137.246 534.778
143.301 790.923
149.624 469.666
156.225 1276.65
163.117 729.878
170.314 497.937
177.828 1376.14
185.674 444.281
193.865 1151.79
202.418 783.145
211.349 1401.3
220.673 1380.06
230.409 1170.08
240.575 972.49
251.189 1043.14
262.271 948.239
273.842 1509.75
285.924 889.673
298.538 1281.42
311.709 1775.64
325.462 1177.76
339.821 1812.12
354.813 1208.91
370.467 1269.24
386.812 1097.86
403.878 700.389
421.697 847.084
440.301 687.141
459.727 198.612
480.01 548.862
501.187 0
523.299 0
546.387 243.745
570.493 101.483
595.662 105.617
621.942 0
649.382 0
678.032 0
707.946 0
739.18 0
771.792 0
805.842 74.8655
841.395 96.7593
878.517 193.977
917.276 0
957.745 0
1000 0
