# First line is two numbers 
#     First value is '2', it means 'histogram mode'
#     Second value is 'Emin' of the histogram
# Other lines : 2 columns. 1) energy 2) probability (nb divided by NbEvent)
# Number of bins = 480
# Content below the first bin: 0
# Content above the last  bin: 0
# Content above the last  bin: 0
# Number of events: 209000
2 1e-06
1.04412e-06 0
1.09018e-06 0
1.13828e-06 0
1.1885e-06 0
1.24094e-06 0
1.29569e-06 0
1.35285e-06 0
1.41254e-06 0
1.47486e-06 0
1.53993e-06 0
1.60787e-06 0
1.6788e-06 0
1.75287e-06 0
1.83021e-06 0
1.91095e-06 0
1.99526e-06 0
2.08329e-06 0
2.1752e-06 0
2.27117e-06 0
2.37137e-06 0
2.476e-06 0
2.58523e-06 0
2.69929e-06 0
2.81838e-06 0
2.94273e-06 0
3.07256e-06 0
3.20812e-06 0
3.34965e-06 0
3.49744e-06 0
3.65174e-06 0
3.81285e-06 0
3.98107e-06 0
4.15671e-06 0
4.3401e-06 0
4.53158e-06 0
4.73151e-06 0
4.94026e-06 0
5.15822e-06 0
5.3858e-06 0
5.62341e-06 0
5.87151e-06 0
6.13056e-06 0
6.40103e-06 0
6.68344e-06 0
6.97831e-06 0
7.28618e-06 0
7.60764e-06 0
7.94328e-06 0
8.29373e-06 0
8.65964e-06 0
9.0417e-06 0
9.44061e-06 0
9.85712e-06 0
1.0292e-05 0
1.07461e-05 0
1.12202e-05 0
1.17152e-05 0
1.22321e-05 0
1.27717e-05 0
1.33352e-05 0
1.39236e-05 0
1.45378e-05 0
1.51792e-05 0
1.58489e-05 0
1.65482e-05 0
1.72783e-05 0
1.80406e-05 0
1.88365e-05 0
1.96675e-05 0
2.05353e-05 0
2.14412e-05 0
2.23872e-05 0
2.33749e-05 0
2.44062e-05 0
2.5483e-05 0
2.66073e-05 0
2.77811e-05 0
2.90068e-05 0
3.02866e-05 0
3.16228e-05 0
3.30179e-05 0
3.44747e-05 0
3.59956e-05 0
3.75837e-05 0
3.92419e-05 0
4.09732e-05 0
4.27809e-05 0
4.46684e-05 0
4.66391e-05 0
4.86968e-05 0
5.08452e-05 0
5.30884e-05 0
5.54307e-05 0
5.78762e-05 0
6.04296e-05 0
6.30957e-05 0
6.58795e-05 0
6.8786e-05 0
7.18208e-05 0
7.49894e-05 0
7.82979e-05 0
8.17523e-05 0
8.53591e-05 0
8.91251e-05 0
9.30572e-05 0
9.71628e-05 0
0.00010145 0
0.000105925 0
0.000110599 0
0.000115478 0
0.000120573 0
0.000125893 0
0.000131447 0
0.000137246 0
0.000143301 0
0.000149624 0
0.000156225 0
0.000163117 0
0.000170314 0
0.000177828 0
0.000185674 0
0.000193865 0
0.000202418 0
0.000211349 0
0.000220673 0
0.000230409 0
0.000240575 0
0.000251189 0
0.000262271 0
0.000273842 0
0.000285924 0
0.000298538 0
0.000311709 0
0.000325462 0
0.000339821 0
0.000354813 0
0.000370467 0
0.000386812 0
0.000403878 0
0.000421697 0
0.000440301 0
0.000459727 0
0.00048001 0
0.000501187 0
0.000523299 0
0.000546387 0
0.000570493 0
0.000595662 0
0.000621942 0
0.000649382 0
0.000678032 0
0.000707946 0
0.00073918 0
0.000771792 0
0.000805842 0
0.000841395 0
0.000878517 0
0.000917276 0
0.000957745 0
0.001 0
0.00104412 0
0.00109018 0
0.00113828 0
0.0011885 0
0.00124094 0
0.00129569 0
0.00135285 0
0.00141254 0
0.00147486 0
0.00153993 0
0.00160787 0
0.0016788 0
0.00175287 0
0.00183021 0
0.00191095 0
0.00199526 0
0.00208329 0
0.0021752 0
0.00227117 0
0.00237137 0
0.002476 0
0.00258523 0
0.00269929 0
0.00281838 0
0.00294273 0
0.00307256 94.8288
0.00320812 0
0.00334965 0
0.00349744 0
0.00365174 0
0.00381285 0
0.00398107 0
0.00415671 71.1216
0.0043401 0
0.00453158 0
0.00473151 0
0.00494026 0
0.00515822 0
0.0053858 0
0.00562341 0
0.00587151 0
0.00613056 0
0.00640103 0
0.00668344 94.7548
0.00697831 0
0.00728618 94.9305
0.00760764 0
0.00794328 0
0.00829373 0
0.00865964 0
0.0090417 0
0.00944061 0
0.00985712 0
0.010292 141.316
0.0107461 0
0.0112202 0
0.0117152 0
0.0122321 0
0.0127717 0
0.0133352 55.7185
0.0139236 104.988
0.0145378 112.302
0.0151792 0
0.0158489 0
0.0165482 0
0.0172783 0
0.0180406 0
0.0188365 118.061
0.0196675 174.673
0.0205353 0
0.0214412 240.096
0.0223872 172.034
0.0233749 0
0.0244062 89.8191
0.025483 307.516
0.0266073 88.2513
0.0277811 73.5063
0.0290068 100.524
0.0302866 270.59
0.0316228 361.99
0.0330179 330.934
0.0344747 171.88
0.0359956 123.126
0.0375837 621.184
0.0392419 218.113
0.0409732 411.342
0.0427809 786.041
0.0446684 559.707
0.0466391 444.265
0.0486968 840.663
0.0508452 800.318
0.0530884 276.224
0.0554307 594.486
0.0578762 479.237
0.0604296 619.033
0.0630957 463.134
0.0658795 698.878
0.068786 391.217
0.0718208 1129.67
0.0749894 437.946
0.0782979 631.359
0.0817523 841.384
0.0853591 782.169
0.0891251 1115.54
0.0930572 752.979
0.0971628 1598.45
0.10145 2027.07
0.105925 1293.05
0.110599 639.24
0.115478 1154.98
0.120573 1494.01
0.125893 1044.47
0.131447 1026.35
0.137246 1204.42
0.143301 1051.19
0.149624 1219.53
0.156225 1348.92
0.163117 1538.62
0.170314 1556.37
0.177828 1335.64
0.185674 1932.97
0.193865 1646.63
0.202418 2064.65
0.211349 1912.39
0.220673 1817.08
0.230409 1395.86
0.240575 1535.29
0.251189 2285.7
0.262271 1684.5
0.273842 1680.11
0.285924 2263.45
0.298538 2305.05
0.311709 2028.47
0.325462 2132.92
0.339821 2963.18
0.354813 2385.55
0.370467 2702.1
0.386812 1424.47
0.403878 2459.61
0.421697 2455.57
0.440301 2391.59
0.459727 1258.28
0.48001 1538.65
0.501187 2056.34
0.523299 1699.61
0.546387 1393.82
0.570493 2246.06
0.595662 2406.29
0.621942 2058.56
0.649382 2413.26
0.678032 2415.66
0.707946 2641.01
0.73918 2118.58
0.771792 1940.16
0.805842 1851.44
0.841395 2529.87
0.878517 2002.91
0.917276 1412.47
0.957745 1505.99
1 1344.9
1.04412 1489.46
1.09018 1448.21
1.13828 1158.52
1.1885 1879.94
1.24094 1374.78
1.29569 1444.91
1.35285 1355.03
1.41254 972.068
1.47486 1542.44
1.53993 894.909
1.60787 1128.25
1.6788 1083.06
1.75287 453.592
1.83021 1306.49
1.91095 1005.14
1.99526 1067.73
2.08329 917.228
2.1752 793.471
2.27117 376.194
2.37137 521.684
2.476 654.997
2.58523 589.753
2.69929 487.655
2.81838 855.64
2.94273 772.292
3.07256 470.059
3.20812 480.314
3.34965 605.867
3.49744 539.834
3.65174 479.787
3.81285 459.316
3.98107 274.628
4.15671 579.83
4.3401 399.731
4.53158 388.643
4.73151 560.686
4.94026 863.844
5.15822 467.233
5.3858 296.07
5.62341 506.92
5.87151 446.738
6.13056 206.963
6.40103 257.249
6.68344 166.024
6.97831 206.939
7.28618 271.483
7.60764 60.1182
7.94328 252.881
8.29373 433.922
8.65964 758.02
9.0417 113.032
9.44061 425.131
9.85712 427.279
10.292 482.006
10.7461 279.507
11.2202 493.99
11.7152 432.545
12.2321 363.756
12.7717 361.321
13.3352 513.079
13.9236 399.552
14.5378 577.596
15.1792 169.342
15.8489 448.526
16.5482 114.689
17.2783 51.3899
18.0406 313.632
18.8365 618.452
19.6675 350.092
20.5353 346.951
21.4412 323.584
22.3872 140.016
23.3749 208.57
24.4062 334.984
25.483 362.104
26.6073 314.418
27.7811 209.469
29.0068 156.218
30.2866 113.764
31.6228 485.134
33.0179 270.728
34.4747 97.0335
35.9956 226.471
37.5837 89.1873
39.2419 408.998
40.9732 372.282
42.7809 275.096
44.6684 257.756
46.6391 238.827
48.6968 383.593
50.8452 412.252
53.0884 276.857
55.4307 199.104
57.8762 669.988
60.4296 235.946
63.0957 65.5762
65.8795 850.523
68.786 122.798
71.8208 221.198
74.9894 411.14
78.2979 528.402
81.7523 610.862
85.3591 575.671
89.1251 492.648
93.0572 768.6
97.1628 487.419
101.45 660.771
105.925 725.783
110.599 442.661
115.478 556.974
120.573 1288.49
125.893 406.192
131.447 253.924
137.246 532.539
143.301 645.997
149.624 494.811
156.225 302.084
163.117 769.316
170.314 510.245
177.828 405.175
185.674 698.546
193.865 333.926
202.418 608
211.349 639.246
220.673 447.6
230.409 852.59
240.575 315.976
251.189 801.973
262.271 703.661
273.842 580.202
285.924 292.255
298.538 497.504
311.709 380.957
325.462 147.043
339.821 334.98
354.813 530.261
370.467 312.224
386.812 401.711
403.878 330.537
421.697 153.609
440.301 108.482
459.727 10.2684
480.01 155.967
501.187 25.5922
523.299 80.4139
546.387 144.366
570.493 100.443
595.662 0
621.942 87.2898
649.382 0
678.032 0
707.946 0
739.18 0
771.792 0
805.842 0
841.395 0
878.517 61.177
917.276 0
957.745 0
1000 0
