# First line is two numbers 
#     First value is '2', it means 'histogram mode'
#     Second value is 'Emin' of the histogram
# Other lines : 2 columns. 1) energy 2) probability (nb divided by NbEvent)
# Number of bins = 480
# Content below the first bin: 0
# Content above the last  bin: 0
# Content above the last  bin: 0
# Number of events: 209000
2 1e-06
1.04412e-06 0
1.09018e-06 0
1.13828e-06 0
1.1885e-06 0
1.24094e-06 0
1.29569e-06 0
1.35285e-06 0
1.41254e-06 0
1.47486e-06 0
1.53993e-06 0
1.60787e-06 0
1.6788e-06 0
1.75287e-06 0
1.83021e-06 0
1.91095e-06 0
1.99526e-06 0
2.08329e-06 0
2.1752e-06 0
2.27117e-06 0
2.37137e-06 0
2.476e-06 0
2.58523e-06 0
2.69929e-06 0
2.81838e-06 0
2.94273e-06 0
3.07256e-06 0
3.20812e-06 0
3.34965e-06 0
3.49744e-06 0
3.65174e-06 0
3.81285e-06 0
3.98107e-06 0
4.15671e-06 0
4.3401e-06 0
4.53158e-06 0
4.73151e-06 0
4.94026e-06 0
5.15822e-06 0
5.3858e-06 0
5.62341e-06 0
5.87151e-06 0
6.13056e-06 0
6.40103e-06 0
6.68344e-06 0
6.97831e-06 0
7.28618e-06 0
7.60764e-06 0
7.94328e-06 0
8.29373e-06 0
8.65964e-06 0
9.0417e-06 0
9.44061e-06 0
9.85712e-06 0
1.0292e-05 0
1.07461e-05 0
1.12202e-05 0
1.17152e-05 0
1.22321e-05 0
1.27717e-05 0
1.33352e-05 0
1.39236e-05 0
1.45378e-05 0
1.51792e-05 0
1.58489e-05 0
1.65482e-05 0
1.72783e-05 0
1.80406e-05 0
1.88365e-05 0
1.96675e-05 0
2.05353e-05 0
2.14412e-05 0
2.23872e-05 0
2.33749e-05 0
2.44062e-05 0
2.5483e-05 0
2.66073e-05 0
2.77811e-05 0
2.90068e-05 0
3.02866e-05 0
3.16228e-05 0
3.30179e-05 0
3.44747e-05 0
3.59956e-05 0
3.75837e-05 0
3.92419e-05 0
4.09732e-05 0
4.27809e-05 0
4.46684e-05 0
4.66391e-05 0
4.86968e-05 0
5.08452e-05 0
5.30884e-05 0
5.54307e-05 0
5.78762e-05 0
6.04296e-05 0
6.30957e-05 0
6.58795e-05 0
6.8786e-05 0
7.18208e-05 0
7.49894e-05 0
7.82979e-05 0
8.17523e-05 0
8.53591e-05 0
8.91251e-05 0
9.30572e-05 0
9.71628e-05 0
0.00010145 0
0.000105925 0
0.000110599 0
0.000115478 0
0.000120573 0
0.000125893 0
0.000131447 0
0.000137246 0
0.000143301 0
0.000149624 0
0.000156225 0
0.000163117 0
0.000170314 0
0.000177828 0
0.000185674 0
0.000193865 0
0.000202418 0
0.000211349 0
0.000220673 0
0.000230409 0
0.000240575 0
0.000251189 0
0.000262271 0
0.000273842 0
0.000285924 0
0.000298538 0
0.000311709 0
0.000325462 0
0.000339821 59.3176
0.000354813 0
0.000370467 0
0.000386812 0
0.000403878 0
0.000421697 0
0.000440301 0
0.000459727 0
0.00048001 0
0.000501187 0
0.000523299 0
0.000546387 0
0.000570493 0
0.000595662 0
0.000621942 113.298
0.000649382 0
0.000678032 0
0.000707946 0
0.00073918 0
0.000771792 0
0.000805842 0
0.000841395 0
0.000878517 0
0.000917276 0
0.000957745 45.5823
0.001 0
0.00104412 0
0.00109018 0
0.00113828 0
0.0011885 0
0.00124094 38.9853
0.00129569 0
0.00135285 0
0.00141254 119.015
0.00147486 0
0.00153993 0
0.00160787 0
0.0016788 62.5902
0.00175287 74.7032
0.00183021 0
0.00191095 0
0.00199526 0
0.00208329 0
0.0021752 42.9776
0.00227117 0
0.00237137 0
0.002476 0
0.00258523 171.522
0.00269929 91.8591
0.00281838 103.943
0.00294273 96.3196
0.00307256 44.9511
0.00320812 0
0.00334965 182.496
0.00349744 183.18
0.00365174 0
0.00381285 0
0.00398107 0
0.00415671 0
0.0043401 0
0.00453158 0
0.00473151 115.681
0.00494026 27.6314
0.00515822 0
0.0053858 190.928
0.00562341 138.228
0.00587151 0
0.00613056 91.2631
0.00640103 272.977
0.00668344 91.3654
0.00697831 225.62
0.00728618 325.005
0.00760764 346.081
0.00794328 79.8491
0.00829373 358.662
0.00865964 85.3198
0.0090417 177.038
0.00944061 303.684
0.00985712 0
0.010292 144.521
0.0107461 346.249
0.0112202 256.789
0.0117152 178.874
0.0122321 775.701
0.0127717 488.784
0.0133352 514.929
0.0139236 398.474
0.0145378 802.712
0.0151792 986.284
0.0158489 265.456
0.0165482 1199.69
0.0172783 651.211
0.0180406 517.057
0.0188365 1041.97
0.0196675 1078.87
0.0205353 1235.74
0.0214412 990.686
0.0223872 670.032
0.0233749 1849.93
0.0244062 1439.06
0.025483 1282.7
0.0266073 2286.47
0.0277811 1195.2
0.0290068 1867.99
0.0302866 2062.81
0.0316228 2130.4
0.0330179 1943.56
0.0344747 2320.29
0.0359956 2377.16
0.0375837 2045.81
0.0392419 3259.51
0.0409732 3306.29
0.0427809 3682.29
0.0446684 3090.42
0.0466391 3615.94
0.0486968 4166.42
0.0508452 3300.1
0.0530884 4075.31
0.0554307 4693.98
0.0578762 4231.85
0.0604296 4848.02
0.0630957 4988.46
0.0658795 5762.89
0.068786 6630.63
0.0718208 5805.33
0.0749894 6740.7
0.0782979 6928.49
0.0817523 6697.3
0.0853591 6974.15
0.0891251 8203.08
0.0930572 8559.22
0.0971628 6670.49
0.10145 7111.67
0.105925 7914.16
0.110599 7909.39
0.115478 7274.73
0.120573 7142.83
0.125893 7712.72
0.131447 10067.2
0.137246 8155.54
0.143301 10283
0.149624 9275.9
0.156225 8605.44
0.163117 9983.13
0.170314 9183.6
0.177828 9281.96
0.185674 10154.3
0.193865 10738
0.202418 11477.9
0.211349 9976.29
0.220673 9487.71
0.230409 8500.75
0.240575 11429.7
0.251189 10525.5
0.262271 11698.2
0.273842 12470.2
0.285924 11744.7
0.298538 10967.4
0.311709 11080.2
0.325462 14195
0.339821 12218
0.354813 10385.5
0.370467 13174.7
0.386812 13639.6
0.403878 12374.9
0.421697 10566.5
0.440301 12110.2
0.459727 11627.7
0.48001 11154.1
0.501187 10705.1
0.523299 13879.6
0.546387 11270.5
0.570493 13155.9
0.595662 13961.2
0.621942 13486.1
0.649382 11048.8
0.678032 11803.9
0.707946 11733.6
0.73918 10569.1
0.771792 10990.2
0.805842 10022.7
0.841395 9403.49
0.878517 9350
0.917276 10392.1
0.957745 8084.45
1 8661.14
1.04412 7247.98
1.09018 5877.01
1.13828 8207.09
1.1885 6277.04
1.24094 6715.37
1.29569 5451
1.35285 4842.99
1.41254 5124.22
1.47486 5150.6
1.53993 5621.76
1.60787 3681.55
1.6788 3921.42
1.75287 3846.83
1.83021 3538.29
1.91095 3694.54
1.99526 3182.51
2.08329 4512.81
2.1752 3121.72
2.27117 3911.76
2.37137 4001.71
2.476 2887.45
2.58523 2983.07
2.69929 2669.7
2.81838 2259.84
2.94273 1961.58
3.07256 3453.61
3.20812 2829.79
3.34965 3386.3
3.49744 3059.32
3.65174 2929.73
3.81285 1710.17
3.98107 2686.3
4.15671 1932.3
4.3401 1649.92
4.53158 2616.2
4.73151 3023.31
4.94026 1688.85
5.15822 1893.19
5.3858 2382.88
5.62341 1495.91
5.87151 2521.26
6.13056 1935.03
6.40103 1466.78
6.68344 1635.09
6.97831 2481.09
7.28618 965.513
7.60764 1528.52
7.94328 1880.12
8.29373 1183.22
8.65964 1021.68
9.0417 903.647
9.44061 1763.58
9.85712 734.617
10.292 686.804
10.7461 1260.09
11.2202 875.915
11.7152 546.736
12.2321 1342.25
12.7717 2087.47
13.3352 1430.25
13.9236 875.247
14.5378 1237.48
15.1792 1163.69
15.8489 1190.59
16.5482 626.945
17.2783 1610.19
18.0406 984.814
18.8365 1507.68
19.6675 1341.32
20.5353 554.231
21.4412 1503.56
22.3872 974.084
23.3749 1139.83
24.4062 1365.58
25.483 1545.38
26.6073 1492.74
27.7811 1469.39
29.0068 1601.49
30.2866 1287.92
31.6228 1532.42
33.0179 1495.74
34.4747 1244.42
35.9956 2447.01
37.5837 1553.15
39.2419 1680.64
40.9732 1670.49
42.7809 1743.22
44.6684 962.633
46.6391 1766.57
48.6968 2261.02
50.8452 1512.3
53.0884 1790.97
55.4307 2409.39
57.8762 2118.48
60.4296 2348.56
63.0957 2165.17
65.8795 2237.23
68.786 2415.14
71.8208 1979.52
74.9894 2068.94
78.2979 1740.74
81.7523 2160.52
85.3591 2840.52
89.1251 2909.18
93.0572 2526.28
97.1628 1979.07
101.45 2649.38
105.925 2534.78
110.599 3201.05
115.478 3076.4
120.573 2983.97
125.893 3402.27
131.447 3127.57
137.246 2658.44
143.301 2843.68
149.624 3138.98
156.225 3818.86
163.117 2501.98
170.314 3769.18
177.828 3171.77
185.674 3973.59
193.865 5174.33
202.418 4563.17
211.349 4577.92
220.673 3991.49
230.409 5775.71
240.575 4315.84
251.189 5572.36
262.271 5693.61
273.842 6797.44
285.924 6784.37
298.538 5811.29
311.709 7664.08
325.462 6993.5
339.821 7272.05
354.813 7542.28
370.467 6073.7
386.812 4644.33
403.878 3072.8
421.697 3051.32
440.301 1449.22
459.727 1036.26
480.01 1442.12
501.187 1307.44
523.299 637.305
546.387 590.573
570.493 354.377
595.662 622.975
621.942 537.283
649.382 298.608
678.032 143.221
707.946 219.815
739.18 386.209
771.792 51.112
805.842 231.061
841.395 67.9091
878.517 0
917.276 0
957.745 0
1000 0
