# First line is two numbers 
#     First value is '2', it means 'histogram mode'
#     Second value is 'Emin' of the histogram
# Other lines : 2 columns. 1) energy 2) probability (nb divided by NbEvent)
# Number of bins = 480
# Content below the first bin: 0
# Content above the last  bin: 0
# Content above the last  bin: 0
# Number of events: 209000
2 1e-06
1.04412e-06 0
1.09018e-06 0
1.13828e-06 0
1.1885e-06 0
1.24094e-06 0
1.29569e-06 0
1.35285e-06 0
1.41254e-06 0
1.47486e-06 0
1.53993e-06 0
1.60787e-06 0
1.6788e-06 0
1.75287e-06 0
1.83021e-06 0
1.91095e-06 0
1.99526e-06 0
2.08329e-06 0
2.1752e-06 0
2.27117e-06 0
2.37137e-06 0
2.476e-06 0
2.58523e-06 0
2.69929e-06 0
2.81838e-06 0
2.94273e-06 0
3.07256e-06 0
3.20812e-06 0
3.34965e-06 0
3.49744e-06 0
3.65174e-06 0
3.81285e-06 0
3.98107e-06 0
4.15671e-06 0
4.3401e-06 0
4.53158e-06 0
4.73151e-06 0
4.94026e-06 0
5.15822e-06 0
5.3858e-06 0
5.62341e-06 0
5.87151e-06 0
6.13056e-06 0
6.40103e-06 0
6.68344e-06 0
6.97831e-06 0
7.28618e-06 0
7.60764e-06 0
7.94328e-06 0
8.29373e-06 0
8.65964e-06 0
9.0417e-06 0
9.44061e-06 0
9.85712e-06 0
1.0292e-05 0
1.07461e-05 0
1.12202e-05 0
1.17152e-05 0
1.22321e-05 0
1.27717e-05 0
1.33352e-05 0
1.39236e-05 0
1.45378e-05 0
1.51792e-05 0
1.58489e-05 0
1.65482e-05 0
1.72783e-05 0
1.80406e-05 0
1.88365e-05 0
1.96675e-05 0
2.05353e-05 0
2.14412e-05 0
2.23872e-05 0
2.33749e-05 0
2.44062e-05 0
2.5483e-05 0
2.66073e-05 0
2.77811e-05 0
2.90068e-05 0
3.02866e-05 0
3.16228e-05 0
3.30179e-05 0
3.44747e-05 0
3.59956e-05 0
3.75837e-05 0
3.92419e-05 0
4.09732e-05 0
4.27809e-05 0
4.46684e-05 0
4.66391e-05 0
4.86968e-05 0
5.08452e-05 0
5.30884e-05 0
5.54307e-05 0
5.78762e-05 0
6.04296e-05 0
6.30957e-05 0
6.58795e-05 0
6.8786e-05 0
7.18208e-05 0
7.49894e-05 0
7.82979e-05 0
8.17523e-05 0
8.53591e-05 0
8.91251e-05 0
9.30572e-05 0
9.71628e-05 0
0.00010145 0
0.000105925 0
0.000110599 0
0.000115478 0
0.000120573 0
0.000125893 0
0.000131447 0
0.000137246 0
0.000143301 0
0.000149624 1
0.000156225 0
0.000163117 0
0.000170314 0
0.000177828 0
0.000185674 0
0.000193865 0
0.000202418 0
0.000211349 0
0.000220673 0
0.000230409 0
0.000240575 0
0.000251189 0
0.000262271 0
0.000273842 0
0.000285924 0
0.000298538 0
0.000311709 0
0.000325462 0
0.000339821 0
0.000354813 0
0.000370467 0
0.000386812 0
0.000403878 0
0.000421697 0
0.000440301 0
0.000459727 0
0.00048001 0
0.000501187 0
0.000523299 0
0.000546387 1
0.000570493 0
0.000595662 0
0.000621942 0
0.000649382 0
0.000678032 0
0.000707946 0
0.00073918 1
0.000771792 1
0.000805842 0
0.000841395 1
0.000878517 0
0.000917276 0
0.000957745 0
0.001 0
0.00104412 0
0.00109018 0
0.00113828 0
0.0011885 0
0.00124094 0
0.00129569 0
0.00135285 0
0.00141254 0
0.00147486 0
0.00153993 1
0.00160787 2
0.0016788 0
0.00175287 0
0.00183021 0
0.00191095 0
0.00199526 0
0.00208329 0
0.0021752 0
0.00227117 0
0.00237137 1
0.002476 2
0.00258523 1
0.00269929 0
0.00281838 0
0.00294273 0
0.00307256 1
0.00320812 1
0.00334965 0
0.00349744 1
0.00365174 0
0.00381285 3
0.00398107 2
0.00415671 3
0.0043401 1
0.00453158 2
0.00473151 1
0.00494026 3
0.00515822 2
0.0053858 1
0.00562341 4
0.00587151 2
0.00613056 0
0.00640103 1
0.00668344 4
0.00697831 5
0.00728618 5
0.00760764 8
0.00794328 7
0.00829373 4
0.00865964 3
0.0090417 8
0.00944061 4
0.00985712 8
0.010292 7
0.0107461 4
0.0112202 5
0.0117152 11
0.0122321 10
0.0127717 7
0.0133352 6
0.0139236 9
0.0145378 19
0.0151792 9
0.0158489 19
0.0165482 22
0.0172783 21
0.0180406 21
0.0188365 16
0.0196675 27
0.0205353 22
0.0214412 28
0.0223872 29
0.0233749 33
0.0244062 37
0.025483 24
0.0266073 42
0.0277811 33
0.0290068 38
0.0302866 40
0.0316228 41
0.0330179 64
0.0344747 55
0.0359956 60
0.0375837 60
0.0392419 61
0.0409732 56
0.0427809 71
0.0446684 61
0.0466391 72
0.0486968 85
0.0508452 84
0.0530884 92
0.0554307 89
0.0578762 98
0.0604296 124
0.0630957 107
0.0658795 127
0.068786 122
0.0718208 137
0.0749894 119
0.0782979 162
0.0817523 129
0.0853591 155
0.0891251 155
0.0930572 143
0.0971628 137
0.10145 172
0.105925 190
0.110599 181
0.115478 209
0.120573 168
0.125893 214
0.131447 224
0.137246 191
0.143301 223
0.149624 224
0.156225 199
0.163117 259
0.170314 266
0.177828 246
0.185674 235
0.193865 232
0.202418 209
0.211349 232
0.220673 272
0.230409 257
0.240575 215
0.251189 242
0.262271 274
0.273842 291
0.285924 265
0.298538 255
0.311709 299
0.325462 271
0.339821 256
0.354813 275
0.370467 271
0.386812 306
0.403878 289
0.421697 291
0.440301 297
0.459727 303
0.48001 278
0.501187 265
0.523299 260
0.546387 282
0.570493 255
0.595662 270
0.621942 243
0.649382 296
0.678032 252
0.707946 257
0.73918 239
0.771792 204
0.805842 242
0.841395 207
0.878517 224
0.917276 201
0.957745 191
1 161
1.04412 159
1.09018 151
1.13828 145
1.1885 154
1.24094 135
1.29569 111
1.35285 132
1.41254 119
1.47486 113
1.53993 109
1.60787 102
1.6788 85
1.75287 101
1.83021 101
1.91095 95
1.99526 74
2.08329 79
2.1752 97
2.27117 73
2.37137 60
2.476 72
2.58523 67
2.69929 55
2.81838 68
2.94273 80
3.07256 65
3.20812 58
3.34965 64
3.49744 51
3.65174 50
3.81285 71
3.98107 46
4.15671 48
4.3401 48
4.53158 47
4.73151 33
4.94026 50
5.15822 40
5.3858 33
5.62341 28
5.87151 44
6.13056 50
6.40103 38
6.68344 32
6.97831 29
7.28618 34
7.60764 35
7.94328 29
8.29373 30
8.65964 24
9.0417 29
9.44061 32
9.85712 32
10.292 35
10.7461 30
11.2202 27
11.7152 32
12.2321 29
12.7717 29
13.3352 21
13.9236 28
14.5378 30
15.1792 15
15.8489 19
16.5482 31
17.2783 30
18.0406 24
18.8365 24
19.6675 19
20.5353 17
21.4412 20
22.3872 39
23.3749 29
24.4062 32
25.483 32
26.6073 30
27.7811 33
29.0068 36
30.2866 29
31.6228 24
33.0179 22
34.4747 36
35.9956 40
37.5837 42
39.2419 35
40.9732 34
42.7809 34
44.6684 35
46.6391 29
48.6968 38
50.8452 42
53.0884 56
55.4307 47
57.8762 40
60.4296 50
63.0957 46
65.8795 50
68.786 50
71.8208 53
74.9894 51
78.2979 51
81.7523 48
85.3591 53
89.1251 57
93.0572 62
97.1628 63
101.45 49
105.925 55
110.599 62
115.478 66
120.573 59
125.893 65
131.447 65
137.246 60
143.301 79
149.624 78
156.225 86
163.117 79
170.314 99
177.828 92
185.674 85
193.865 94
202.418 82
211.349 100
220.673 102
230.409 112
240.575 119
251.189 109
262.271 114
273.842 131
285.924 123
298.538 134
311.709 137
325.462 135
339.821 141
354.813 127
370.467 93
386.812 85
403.878 56
421.697 51
440.301 42
459.727 31
480.01 21
501.187 25
523.299 14
546.387 8
570.493 8
595.662 12
621.942 5
649.382 8
678.032 6
707.946 2
739.18 5
771.792 3
805.842 1
841.395 4
878.517 1
917.276 0
957.745 0
1000 0
