# First line is two numbers 
#     First value is '2', it means 'histogram mode'
#     Second value is 'Emin' of the histogram
# Other lines : 2 columns. 1) energy 2) probability (nb divided by NbEvent)
# Number of bins = 480
# Content below the first bin: 0
# Content above the last  bin: 0
# Content above the last  bin: 0
# Number of events: 209000
2 1e-06
1.04412e-06 0
1.09018e-06 0
1.13828e-06 0
1.1885e-06 0
1.24094e-06 0
1.29569e-06 0
1.35285e-06 0
1.41254e-06 0
1.47486e-06 0
1.53993e-06 0
1.60787e-06 0
1.6788e-06 0
1.75287e-06 0
1.83021e-06 0
1.91095e-06 0
1.99526e-06 0
2.08329e-06 0
2.1752e-06 0
2.27117e-06 0
2.37137e-06 0
2.476e-06 0
2.58523e-06 0
2.69929e-06 0
2.81838e-06 0
2.94273e-06 0
3.07256e-06 0
3.20812e-06 0
3.34965e-06 0
3.49744e-06 0
3.65174e-06 0
3.81285e-06 0
3.98107e-06 0
4.15671e-06 0
4.3401e-06 0
4.53158e-06 0
4.73151e-06 0
4.94026e-06 0
5.15822e-06 0
5.3858e-06 0
5.62341e-06 0
5.87151e-06 0
6.13056e-06 0
6.40103e-06 0
6.68344e-06 0
6.97831e-06 0
7.28618e-06 0
7.60764e-06 0
7.94328e-06 0
8.29373e-06 0
8.65964e-06 0
9.0417e-06 0
9.44061e-06 0
9.85712e-06 0
1.0292e-05 0
1.07461e-05 0
1.12202e-05 0
1.17152e-05 0
1.22321e-05 0
1.27717e-05 0
1.33352e-05 0
1.39236e-05 0
1.45378e-05 0
1.51792e-05 0
1.58489e-05 0
1.65482e-05 0
1.72783e-05 0
1.80406e-05 0
1.88365e-05 0
1.96675e-05 0
2.05353e-05 0
2.14412e-05 0
2.23872e-05 0
2.33749e-05 0
2.44062e-05 0
2.5483e-05 0
2.66073e-05 0
2.77811e-05 0
2.90068e-05 0
3.02866e-05 0
3.16228e-05 0
3.30179e-05 0
3.44747e-05 0
3.59956e-05 0
3.75837e-05 0
3.92419e-05 0
4.09732e-05 0
4.27809e-05 0
4.46684e-05 0
4.66391e-05 0
4.86968e-05 0
5.08452e-05 0
5.30884e-05 0
5.54307e-05 0
5.78762e-05 0
6.04296e-05 0
6.30957e-05 0
6.58795e-05 0
6.8786e-05 0
7.18208e-05 0
7.49894e-05 0
7.82979e-05 0
8.17523e-05 0
8.53591e-05 0
8.91251e-05 0
9.30572e-05 0
9.71628e-05 0
0.00010145 0
0.000105925 0
0.000110599 0
0.000115478 0
0.000120573 0
0.000125893 0
0.000131447 0
0.000137246 0
0.000143301 0
0.000149624 56.945
0.000156225 0
0.000163117 0
0.000170314 0
0.000177828 0
0.000185674 0
0.000193865 0
0.000202418 0
0.000211349 0
0.000220673 0
0.000230409 0
0.000240575 0
0.000251189 0
0.000262271 0
0.000273842 0
0.000285924 0
0.000298538 0
0.000311709 0
0.000325462 0
0.000339821 0
0.000354813 0
0.000370467 0
0.000386812 0
0.000403878 0
0.000421697 0
0.000440301 0
0.000459727 0
0.00048001 0
0.000501187 0
0.000523299 0
0.000546387 37.9237
0.000570493 0
0.000595662 0
0.000621942 0
0.000649382 0
0.000678032 0
0.000707946 0
0.00073918 67.3345
0.000771792 57.309
0.000805842 0
0.000841395 90.3213
0.000878517 0
0.000917276 0
0.000957745 0
0.001 0
0.00104412 0
0.00109018 0
0.00113828 0
0.0011885 0
0.00124094 0
0.00129569 0
0.00135285 0
0.00141254 0
0.00147486 0
0.00153993 116.364
0.00160787 98.8185
0.0016788 0
0.00175287 0
0.00183021 0
0.00191095 0
0.00199526 0
0.00208329 0
0.0021752 0
0.00227117 0
0.00237137 110.258
0.002476 192.742
0.00258523 64.4153
0.00269929 0
0.00281838 0
0.00294273 0
0.00307256 107.502
0.00320812 77.309
0.00334965 0
0.00349744 45.7844
0.00365174 0
0.00381285 270.192
0.00398107 181.637
0.00415671 158.937
0.0043401 112.053
0.00453158 191.039
0.00473151 98.0169
0.00494026 271.478
0.00515822 199.731
0.0053858 119.298
0.00562341 393.077
0.00587151 199.328
0.00613056 0
0.00640103 53.5554
0.00668344 319.102
0.00697831 417.997
0.00728618 356.523
0.00760764 727.759
0.00794328 567.668
0.00829373 411.486
0.00865964 250.724
0.0090417 632.813
0.00944061 373.509
0.00985712 687.727
0.010292 599.281
0.0107461 352.468
0.0112202 397.856
0.0117152 863.379
0.0122321 881.22
0.0127717 690.962
0.0133352 554.884
0.0139236 547.654
0.0145378 1219.1
0.0151792 757.575
0.0158489 1447.35
0.0165482 1825.05
0.0172783 1780.47
0.0180406 1791.69
0.0188365 1406.55
0.0196675 2117.71
0.0205353 1868.43
0.0214412 2313.09
0.0223872 2316.74
0.0233749 2552.08
0.0244062 2772.01
0.025483 2074.3
0.0266073 3361.06
0.0277811 2648.6
0.0290068 2785.63
0.0302866 3066.09
0.0316228 3138
0.0330179 5446.14
0.0344747 4065.52
0.0359956 4910.44
0.0375837 4592.99
0.0392419 4734.07
0.0409732 4186.12
0.0427809 5395.12
0.0446684 4868.37
0.0466391 5485.52
0.0486968 6665.78
0.0508452 6909.05
0.0530884 7560.99
0.0554307 7318.57
0.0578762 7800.37
0.0604296 10362.7
0.0630957 8821.36
0.0658795 9945.56
0.068786 9714.18
0.0718208 10863
0.0749894 9550.64
0.0782979 12691.7
0.0817523 10481.8
0.0853591 12603.6
0.0891251 12019.7
0.0930572 11613.3
0.0971628 11210.2
0.10145 12858.8
0.105925 15269.2
0.110599 14478.2
0.115478 16230.1
0.120573 13791.5
0.125893 17105.3
0.131447 17833.1
0.137246 15428.3
0.143301 17022.8
0.149624 17760.3
0.156225 15970.2
0.163117 20526.1
0.170314 21155.1
0.177828 19339
0.185674 19344.2
0.193865 18478
0.202418 16624.2
0.211349 19553.2
0.220673 22377.2
0.230409 20749.3
0.240575 16754.3
0.251189 19361.5
0.262271 22194.6
0.273842 22812.7
0.285924 20614.2
0.298538 20091.6
0.311709 23935.1
0.325462 21968.4
0.339821 20787.7
0.354813 22392.9
0.370467 22169.5
0.386812 24884.7
0.403878 22800.4
0.421697 23102.8
0.440301 22720.9
0.459727 25240.1
0.48001 21507.8
0.501187 21304.4
0.523299 20526
0.546387 23067.5
0.570493 20746.4
0.595662 20669.4
0.621942 19703.3
0.649382 23087.4
0.678032 20357
0.707946 20936.1
0.73918 19327.6
0.771792 16088.6
0.805842 19967.9
0.841395 15501.4
0.878517 18068
0.917276 16771
0.957745 15937.5
1 13136.1
1.04412 12830.5
1.09018 11740.3
1.13828 11685.5
1.1885 12812.1
1.24094 10219.9
1.29569 8643.41
1.35285 10715.2
1.41254 9387.53
1.47486 9038.92
1.53993 8757.86
1.60787 7573.17
1.6788 7084.48
1.75287 7902.56
1.83021 8579.38
1.91095 7476.58
1.99526 6004.81
2.08329 6033.18
2.1752 7676.08
2.27117 5508.02
2.37137 4998.75
2.476 5807.24
2.58523 5909.66
2.69929 4351.12
2.81838 5549.47
2.94273 6488.71
3.07256 5124.32
3.20812 4656.39
3.34965 5069
3.49744 4191.5
3.65174 3779.86
3.81285 5753.4
3.98107 3535.49
4.15671 3296.71
4.3401 3913.36
4.53158 3209.16
4.73151 2422.35
4.94026 4058.9
5.15822 2888.31
5.3858 2591.72
5.62341 2282.22
5.87151 3634.21
6.13056 3920.88
6.40103 2787.99
6.68344 2513.27
6.97831 2252.24
7.28618 2986.56
7.60764 2835.02
7.94328 2120.19
8.29373 2468.15
8.65964 2267.11
9.0417 2382.86
9.44061 2347.63
9.85712 2625.29
10.292 2615.05
10.7461 2405.08
11.2202 2026.29
11.7152 2576.52
12.2321 2500.82
12.7717 2339.63
13.3352 2047.01
13.9236 2313.54
14.5378 2384.61
15.1792 1165.39
15.8489 1435.28
16.5482 2451.65
17.2783 2183.86
18.0406 2151.1
18.8365 2183.38
19.6675 1281.5
20.5353 1275.19
21.4412 1558.22
22.3872 3275.64
23.3749 2299.61
24.4062 2586.79
25.483 2471.39
26.6073 2364.48
27.7811 2841.74
29.0068 2875.65
30.2866 2243.59
31.6228 1996.85
33.0179 1745.82
34.4747 2681.76
35.9956 3327.61
37.5837 3492.38
39.2419 2806.18
40.9732 2850.58
42.7809 2608.15
44.6684 2832.86
46.6391 2356.41
48.6968 2730.04
50.8452 3233.75
53.0884 4514.39
55.4307 3403.15
57.8762 2840.89
60.4296 3939.11
63.0957 3839.22
65.8795 3905.59
68.786 4290.79
71.8208 4052.01
74.9894 4013.88
78.2979 4213.08
81.7523 3593.28
85.3591 4401.37
89.1251 4589.67
93.0572 4984.73
97.1628 5299.99
101.45 3980.51
105.925 4401.28
110.599 5096.39
115.478 5185.91
120.573 4830.76
125.893 5424.57
131.447 5201.81
137.246 4929.12
143.301 6008.57
149.624 6477.04
156.225 6881.85
163.117 6446.49
170.314 7948.04
177.828 7350.38
185.674 6883.92
193.865 7369.79
202.418 6104.37
211.349 8271.49
220.673 8762.31
230.409 9527.8
240.575 9532.53
251.189 8767.19
262.271 9151.14
273.842 11015.1
285.924 9767.93
298.538 11109.3
311.709 10984.9
325.462 10833.7
339.821 11833
354.813 10736.3
370.467 7235.53
386.812 6845.81
403.878 4431.33
421.697 4030.58
440.301 3680.78
459.727 2421.54
480.01 1711.56
501.187 1874.78
523.299 1089.94
546.387 746.919
570.493 580.7
595.662 945.532
621.942 371.619
649.382 687.933
678.032 445.26
707.946 142.869
739.18 407.712
771.792 279.269
805.842 72.2616
841.395 393.812
878.517 113.363
917.276 0
957.745 0
1000 0
