# First line is two numbers 
#     First value is '2', it means 'histogram mode'
#     Second value is 'Emin' of the histogram
# Other lines : 2 columns. 1) energy 2) probability (nb divided by NbEvent)
# Number of bins = 480
# Content below the first bin: 0
# Content above the last  bin: 0
# Content above the last  bin: 0
# Number of events: 209000
2 1e-06
1.04412e-06 0
1.09018e-06 0
1.13828e-06 0
1.1885e-06 0
1.24094e-06 0
1.29569e-06 0
1.35285e-06 0
1.41254e-06 0
1.47486e-06 0
1.53993e-06 0
1.60787e-06 0
1.6788e-06 0
1.75287e-06 0
1.83021e-06 0
1.91095e-06 0
1.99526e-06 0
2.08329e-06 0
2.1752e-06 0
2.27117e-06 0
2.37137e-06 0
2.476e-06 0
2.58523e-06 0
2.69929e-06 0
2.81838e-06 0
2.94273e-06 0
3.07256e-06 0
3.20812e-06 0
3.34965e-06 0
3.49744e-06 0
3.65174e-06 0
3.81285e-06 0
3.98107e-06 0
4.15671e-06 0
4.3401e-06 0
4.53158e-06 0
4.73151e-06 0
4.94026e-06 0
5.15822e-06 0
5.3858e-06 0
5.62341e-06 0
5.87151e-06 0
6.13056e-06 0
6.40103e-06 0
6.68344e-06 0
6.97831e-06 0
7.28618e-06 0
7.60764e-06 0
7.94328e-06 0
8.29373e-06 0
8.65964e-06 0
9.0417e-06 0
9.44061e-06 0
9.85712e-06 0
1.0292e-05 0
1.07461e-05 0
1.12202e-05 0
1.17152e-05 0
1.22321e-05 0
1.27717e-05 0
1.33352e-05 0
1.39236e-05 0
1.45378e-05 0
1.51792e-05 0
1.58489e-05 0
1.65482e-05 0
1.72783e-05 0
1.80406e-05 0
1.88365e-05 0
1.96675e-05 0
2.05353e-05 0
2.14412e-05 0
2.23872e-05 0
2.33749e-05 0
2.44062e-05 0
2.5483e-05 0
2.66073e-05 0
2.77811e-05 0
2.90068e-05 0
3.02866e-05 0
3.16228e-05 0
3.30179e-05 0
3.44747e-05 0
3.59956e-05 0
3.75837e-05 0
3.92419e-05 0
4.09732e-05 0
4.27809e-05 1
4.46684e-05 0
4.66391e-05 0
4.86968e-05 0
5.08452e-05 0
5.30884e-05 0
5.54307e-05 0
5.78762e-05 0
6.04296e-05 0
6.30957e-05 0
6.58795e-05 0
6.8786e-05 0
7.18208e-05 0
7.49894e-05 0
7.82979e-05 0
8.17523e-05 0
8.53591e-05 0
8.91251e-05 0
9.30572e-05 0
9.71628e-05 0
0.00010145 0
0.000105925 0
0.000110599 0
0.000115478 0
0.000120573 0
0.000125893 0
0.000131447 0
0.000137246 0
0.000143301 0
0.000149624 0
0.000156225 0
0.000163117 0
0.000170314 0
0.000177828 0
0.000185674 0
0.000193865 0
0.000202418 0
0.000211349 0
0.000220673 0
0.000230409 0
0.000240575 0
0.000251189 0
0.000262271 0
0.000273842 0
0.000285924 0
0.000298538 0
0.000311709 0
0.000325462 0
0.000339821 0
0.000354813 0
0.000370467 0
0.000386812 0
0.000403878 0
0.000421697 0
0.000440301 0
0.000459727 0
0.00048001 0
0.000501187 0
0.000523299 0
0.000546387 0
0.000570493 0
0.000595662 0
0.000621942 1
0.000649382 0
0.000678032 0
0.000707946 0
0.00073918 0
0.000771792 0
0.000805842 0
0.000841395 0
0.000878517 0
0.000917276 0
0.000957745 0
0.001 0
0.00104412 0
0.00109018 0
0.00113828 0
0.0011885 0
0.00124094 0
0.00129569 0
0.00135285 1
0.00141254 1
0.00147486 0
0.00153993 0
0.00160787 0
0.0016788 0
0.00175287 0
0.00183021 0
0.00191095 0
0.00199526 0
0.00208329 0
0.0021752 0
0.00227117 0
0.00237137 2
0.002476 1
0.00258523 0
0.00269929 1
0.00281838 0
0.00294273 0
0.00307256 1
0.00320812 0
0.00334965 1
0.00349744 2
0.00365174 2
0.00381285 0
0.00398107 0
0.00415671 1
0.0043401 0
0.00453158 2
0.00473151 2
0.00494026 0
0.00515822 1
0.0053858 0
0.00562341 0
0.00587151 2
0.00613056 2
0.00640103 0
0.00668344 0
0.00697831 5
0.00728618 3
0.00760764 3
0.00794328 1
0.00829373 1
0.00865964 3
0.0090417 3
0.00944061 6
0.00985712 6
0.010292 2
0.0107461 2
0.0112202 4
0.0117152 6
0.0122321 6
0.0127717 5
0.0133352 4
0.0139236 7
0.0145378 10
0.0151792 3
0.0158489 7
0.0165482 10
0.0172783 12
0.0180406 14
0.0188365 7
0.0196675 3
0.0205353 12
0.0214412 11
0.0223872 9
0.0233749 12
0.0244062 14
0.025483 21
0.0266073 19
0.0277811 17
0.0290068 22
0.0302866 19
0.0316228 27
0.0330179 28
0.0344747 26
0.0359956 33
0.0375837 35
0.0392419 28
0.0409732 28
0.0427809 24
0.0446684 32
0.0466391 34
0.0486968 40
0.0508452 53
0.0530884 47
0.0554307 31
0.0578762 58
0.0604296 56
0.0630957 48
0.0658795 51
0.068786 74
0.0718208 68
0.0749894 51
0.0782979 78
0.0817523 61
0.0853591 86
0.0891251 86
0.0930572 83
0.0971628 101
0.10145 90
0.105925 116
0.110599 117
0.115478 113
0.120573 112
0.125893 101
0.131447 118
0.137246 116
0.143301 122
0.149624 147
0.156225 130
0.163117 138
0.170314 115
0.177828 135
0.185674 136
0.193865 143
0.202418 135
0.211349 169
0.220673 144
0.230409 133
0.240575 162
0.251189 147
0.262271 153
0.273842 162
0.285924 180
0.298538 157
0.311709 154
0.325462 157
0.339821 164
0.354813 176
0.370467 182
0.386812 164
0.403878 180
0.421697 194
0.440301 187
0.459727 172
0.48001 201
0.501187 173
0.523299 190
0.546387 200
0.570493 191
0.595662 175
0.621942 179
0.649382 178
0.678032 141
0.707946 182
0.73918 168
0.771792 167
0.805842 164
0.841395 128
0.878517 136
0.917276 137
0.957745 139
1 128
1.04412 115
1.09018 105
1.13828 92
1.1885 113
1.24094 94
1.29569 85
1.35285 78
1.41254 72
1.47486 80
1.53993 75
1.60787 66
1.6788 66
1.75287 52
1.83021 68
1.91095 69
1.99526 47
2.08329 66
2.1752 55
2.27117 50
2.37137 49
2.476 60
2.58523 49
2.69929 44
2.81838 58
2.94273 48
3.07256 44
3.20812 37
3.34965 45
3.49744 34
3.65174 34
3.81285 39
3.98107 27
4.15671 46
4.3401 45
4.53158 29
4.73151 33
4.94026 36
5.15822 29
5.3858 29
5.62341 22
5.87151 28
6.13056 25
6.40103 27
6.68344 23
6.97831 28
7.28618 23
7.60764 23
7.94328 29
8.29373 17
8.65964 18
9.0417 26
9.44061 15
9.85712 20
10.292 23
10.7461 21
11.2202 15
11.7152 25
12.2321 15
12.7717 22
13.3352 18
13.9236 20
14.5378 13
15.1792 22
15.8489 15
16.5482 14
17.2783 21
18.0406 11
18.8365 18
19.6675 20
20.5353 20
21.4412 9
22.3872 23
23.3749 17
24.4062 27
25.483 24
26.6073 26
27.7811 10
29.0068 15
30.2866 21
31.6228 17
33.0179 14
34.4747 18
35.9956 23
37.5837 34
39.2419 38
40.9732 33
42.7809 24
44.6684 30
46.6391 28
48.6968 37
50.8452 20
53.0884 23
55.4307 25
57.8762 37
60.4296 27
63.0957 31
65.8795 22
68.786 26
71.8208 37
74.9894 30
78.2979 38
81.7523 34
85.3591 44
89.1251 34
93.0572 29
97.1628 37
101.45 42
105.925 41
110.599 52
115.478 32
120.573 35
125.893 42
131.447 37
137.246 46
143.301 52
149.624 44
156.225 32
163.117 54
170.314 46
177.828 45
185.674 51
193.865 42
202.418 49
211.349 46
220.673 48
230.409 54
240.575 58
251.189 39
262.271 41
273.842 43
285.924 33
298.538 45
311.709 51
325.462 45
339.821 38
354.813 43
370.467 35
386.812 27
403.878 24
421.697 29
440.301 23
459.727 12
480.01 20
501.187 16
523.299 5
546.387 3
570.493 6
595.662 4
621.942 4
649.382 0
678.032 2
707.946 3
739.18 3
771.792 1
805.842 0
841.395 0
878.517 0
917.276 1
957.745 0
1000 0
