# First line is two numbers 
#     First value is '2', it means 'histogram mode'
#     Second value is 'Emin' of the histogram
# Other lines : 2 columns. 1) energy 2) probability (nb divided by NbEvent)
# Number of bins = 480
# Content below the first bin: 0
# Content above the last  bin: 0
# Content above the last  bin: 0
# Number of events: 209000
2 1e-06
1.04412e-06 0
1.09018e-06 0
1.13828e-06 0
1.1885e-06 0
1.24094e-06 0
1.29569e-06 0
1.35285e-06 0
1.41254e-06 0
1.47486e-06 0
1.53993e-06 0
1.60787e-06 0
1.6788e-06 0
1.75287e-06 0
1.83021e-06 0
1.91095e-06 0
1.99526e-06 0
2.08329e-06 0
2.1752e-06 0
2.27117e-06 0
2.37137e-06 0
2.476e-06 0
2.58523e-06 0
2.69929e-06 0
2.81838e-06 0
2.94273e-06 0
3.07256e-06 0
3.20812e-06 0
3.34965e-06 0
3.49744e-06 0
3.65174e-06 0
3.81285e-06 0
3.98107e-06 0
4.15671e-06 0
4.3401e-06 0
4.53158e-06 0
4.73151e-06 0
4.94026e-06 0
5.15822e-06 0
5.3858e-06 0
5.62341e-06 0
5.87151e-06 0
6.13056e-06 0
6.40103e-06 0
6.68344e-06 0
6.97831e-06 0
7.28618e-06 0
7.60764e-06 0
7.94328e-06 0
8.29373e-06 0
8.65964e-06 0
9.0417e-06 0
9.44061e-06 0
9.85712e-06 0
1.0292e-05 0
1.07461e-05 0
1.12202e-05 0
1.17152e-05 0
1.22321e-05 0
1.27717e-05 0
1.33352e-05 0
1.39236e-05 0
1.45378e-05 0
1.51792e-05 0
1.58489e-05 0
1.65482e-05 0
1.72783e-05 0
1.80406e-05 0
1.88365e-05 0
1.96675e-05 0
2.05353e-05 0
2.14412e-05 0
2.23872e-05 0
2.33749e-05 0
2.44062e-05 0
2.5483e-05 0
2.66073e-05 0
2.77811e-05 0
2.90068e-05 0
3.02866e-05 0
3.16228e-05 0
3.30179e-05 0
3.44747e-05 0
3.59956e-05 0
3.75837e-05 0
3.92419e-05 0
4.09732e-05 0
4.27809e-05 0
4.46684e-05 0
4.66391e-05 0
4.86968e-05 0
5.08452e-05 0
5.30884e-05 0
5.54307e-05 0
5.78762e-05 0
6.04296e-05 0
6.30957e-05 0
6.58795e-05 0
6.8786e-05 0
7.18208e-05 0
7.49894e-05 0
7.82979e-05 0
8.17523e-05 0
8.53591e-05 0
8.91251e-05 0
9.30572e-05 0
9.71628e-05 0
0.00010145 0
0.000105925 0
0.000110599 0
0.000115478 0
0.000120573 0
0.000125893 0
0.000131447 0
0.000137246 0
0.000143301 0
0.000149624 0
0.000156225 0
0.000163117 0
0.000170314 0
0.000177828 0
0.000185674 0
0.000193865 0
0.000202418 0
0.000211349 0
0.000220673 0
0.000230409 0
0.000240575 0
0.000251189 0
0.000262271 0
0.000273842 0
0.000285924 0
0.000298538 0
0.000311709 0
0.000325462 0
0.000339821 0
0.000354813 0
0.000370467 0
0.000386812 0
0.000403878 0
0.000421697 0
0.000440301 0
0.000459727 0
0.00048001 0
0.000501187 0
0.000523299 0
0.000546387 0
0.000570493 0
0.000595662 0
0.000621942 0
0.000649382 0
0.000678032 0
0.000707946 0
0.00073918 0
0.000771792 0
0.000805842 0
0.000841395 0
0.000878517 0
0.000917276 0
0.000957745 0
0.001 0
0.00104412 0
0.00109018 0
0.00113828 0
0.0011885 0
0.00124094 0
0.00129569 0
0.00135285 0
0.00141254 1
0.00147486 0
0.00153993 0
0.00160787 0
0.0016788 0
0.00175287 0
0.00183021 0
0.00191095 0
0.00199526 1
0.00208329 0
0.0021752 0
0.00227117 0
0.00237137 1
0.002476 0
0.00258523 0
0.00269929 0
0.00281838 0
0.00294273 1
0.00307256 0
0.00320812 0
0.00334965 0
0.00349744 0
0.00365174 0
0.00381285 0
0.00398107 0
0.00415671 0
0.0043401 0
0.00453158 0
0.00473151 0
0.00494026 1
0.00515822 1
0.0053858 1
0.00562341 2
0.00587151 0
0.00613056 3
0.00640103 5
0.00668344 2
0.00697831 1
0.00728618 1
0.00760764 2
0.00794328 1
0.00829373 3
0.00865964 2
0.0090417 1
0.00944061 1
0.00985712 3
0.010292 5
0.0107461 1
0.0112202 2
0.0117152 4
0.0122321 3
0.0127717 0
0.0133352 2
0.0139236 1
0.0145378 5
0.0151792 5
0.0158489 9
0.0165482 8
0.0172783 0
0.0180406 3
0.0188365 5
0.0196675 3
0.0205353 7
0.0214412 8
0.0223872 6
0.0233749 11
0.0244062 9
0.025483 8
0.0266073 7
0.0277811 8
0.0290068 14
0.0302866 15
0.0316228 22
0.0330179 14
0.0344747 9
0.0359956 14
0.0375837 22
0.0392419 17
0.0409732 18
0.0427809 12
0.0446684 17
0.0466391 19
0.0486968 23
0.0508452 17
0.0530884 26
0.0554307 26
0.0578762 23
0.0604296 32
0.0630957 32
0.0658795 28
0.068786 42
0.0718208 36
0.0749894 39
0.0782979 41
0.0817523 40
0.0853591 43
0.0891251 51
0.0930572 60
0.0971628 63
0.10145 58
0.105925 66
0.110599 58
0.115478 59
0.120573 71
0.125893 69
0.131447 67
0.137246 75
0.143301 71
0.149624 79
0.156225 61
0.163117 68
0.170314 67
0.177828 94
0.185674 78
0.193865 92
0.202418 87
0.211349 96
0.220673 101
0.230409 95
0.240575 83
0.251189 101
0.262271 93
0.273842 101
0.285924 106
0.298538 119
0.311709 103
0.325462 107
0.339821 127
0.354813 118
0.370467 120
0.386812 119
0.403878 143
0.421697 137
0.440301 140
0.459727 123
0.48001 125
0.501187 107
0.523299 125
0.546387 110
0.570493 128
0.595662 151
0.621942 115
0.649382 120
0.678032 115
0.707946 124
0.73918 122
0.771792 98
0.805842 119
0.841395 90
0.878517 124
0.917276 98
0.957745 89
1 82
1.04412 87
1.09018 89
1.13828 83
1.1885 70
1.24094 91
1.29569 76
1.35285 72
1.41254 59
1.47486 58
1.53993 49
1.60787 52
1.6788 51
1.75287 50
1.83021 53
1.91095 48
1.99526 33
2.08329 48
2.1752 41
2.27117 40
2.37137 34
2.476 47
2.58523 43
2.69929 35
2.81838 45
2.94273 38
3.07256 36
3.20812 38
3.34965 26
3.49744 35
3.65174 19
3.81285 31
3.98107 18
4.15671 31
4.3401 29
4.53158 28
4.73151 35
4.94026 28
5.15822 17
5.3858 14
5.62341 16
5.87151 20
6.13056 22
6.40103 23
6.68344 20
6.97831 23
7.28618 20
7.60764 21
7.94328 16
8.29373 19
8.65964 15
9.0417 25
9.44061 24
9.85712 8
10.292 13
10.7461 18
11.2202 17
11.7152 14
12.2321 25
12.7717 12
13.3352 19
13.9236 20
14.5378 7
15.1792 14
15.8489 14
16.5482 22
17.2783 12
18.0406 17
18.8365 11
19.6675 12
20.5353 14
21.4412 13
22.3872 12
23.3749 12
24.4062 18
25.483 13
26.6073 18
27.7811 17
29.0068 15
30.2866 11
31.6228 14
33.0179 22
34.4747 19
35.9956 17
37.5837 26
39.2419 19
40.9732 22
42.7809 15
44.6684 23
46.6391 20
48.6968 29
50.8452 25
53.0884 19
55.4307 30
57.8762 31
60.4296 27
63.0957 23
65.8795 27
68.786 16
71.8208 25
74.9894 22
78.2979 34
81.7523 26
85.3591 25
89.1251 27
93.0572 28
97.1628 31
101.45 33
105.925 23
110.599 31
115.478 39
120.573 32
125.893 27
131.447 35
137.246 55
143.301 26
149.624 44
156.225 40
163.117 34
170.314 31
177.828 41
185.674 41
193.865 42
202.418 47
211.349 39
220.673 44
230.409 32
240.575 37
251.189 43
262.271 42
273.842 27
285.924 44
298.538 48
311.709 34
325.462 45
339.821 47
354.813 57
370.467 32
386.812 39
403.878 33
421.697 20
440.301 22
459.727 16
480.01 9
501.187 8
523.299 7
546.387 10
570.493 6
595.662 2
621.942 2
649.382 3
678.032 2
707.946 1
739.18 1
771.792 0
805.842 0
841.395 0
878.517 2
917.276 1
957.745 0
1000 0
