# First line is two numbers 
#     First value is '2', it means 'histogram mode'
#     Second value is 'Emin' of the histogram
# Other lines : 2 columns. 1) energy 2) probability (nb divided by NbEvent)
# Number of bins = 480
# Content below the first bin: 0
# Content above the last  bin: 0
# Content above the last  bin: 0
# Number of events: 209000
2 1e-06
1.04412e-06 0
1.09018e-06 0
1.13828e-06 0
1.1885e-06 0
1.24094e-06 0
1.29569e-06 0
1.35285e-06 0
1.41254e-06 0
1.47486e-06 0
1.53993e-06 0
1.60787e-06 0
1.6788e-06 0
1.75287e-06 0
1.83021e-06 0
1.91095e-06 0
1.99526e-06 0
2.08329e-06 0
2.1752e-06 0
2.27117e-06 0
2.37137e-06 0
2.476e-06 0
2.58523e-06 0
2.69929e-06 0
2.81838e-06 0
2.94273e-06 0
3.07256e-06 0
3.20812e-06 0
3.34965e-06 0
3.49744e-06 0
3.65174e-06 0
3.81285e-06 0
3.98107e-06 0
4.15671e-06 0
4.3401e-06 0
4.53158e-06 0
4.73151e-06 0
4.94026e-06 0
5.15822e-06 0
5.3858e-06 0
5.62341e-06 0
5.87151e-06 0
6.13056e-06 0
6.40103e-06 0
6.68344e-06 0
6.97831e-06 0
7.28618e-06 0
7.60764e-06 0
7.94328e-06 0
8.29373e-06 0
8.65964e-06 0
9.0417e-06 0
9.44061e-06 0
9.85712e-06 0
1.0292e-05 0
1.07461e-05 0
1.12202e-05 0
1.17152e-05 0
1.22321e-05 0
1.27717e-05 0
1.33352e-05 0
1.39236e-05 0
1.45378e-05 0
1.51792e-05 0
1.58489e-05 0
1.65482e-05 0
1.72783e-05 0
1.80406e-05 0
1.88365e-05 0
1.96675e-05 0
2.05353e-05 0
2.14412e-05 0
2.23872e-05 0
2.33749e-05 0
2.44062e-05 0
2.5483e-05 0
2.66073e-05 0
2.77811e-05 0
2.90068e-05 0
3.02866e-05 0
3.16228e-05 0
3.30179e-05 0
3.44747e-05 0
3.59956e-05 0
3.75837e-05 0
3.92419e-05 0
4.09732e-05 0
4.27809e-05 0
4.46684e-05 0
4.66391e-05 0
4.86968e-05 0
5.08452e-05 0
5.30884e-05 0
5.54307e-05 0
5.78762e-05 0
6.04296e-05 0
6.30957e-05 0
6.58795e-05 0
6.8786e-05 0
7.18208e-05 0
7.49894e-05 0
7.82979e-05 0
8.17523e-05 0
8.53591e-05 0
8.91251e-05 0
9.30572e-05 0
9.71628e-05 0
0.00010145 0
0.000105925 0
0.000110599 0
0.000115478 0
0.000120573 0
0.000125893 0
0.000131447 0
0.000137246 0
0.000143301 0
0.000149624 0
0.000156225 0
0.000163117 0
0.000170314 0
0.000177828 0
0.000185674 0
0.000193865 0
0.000202418 0
0.000211349 0
0.000220673 0
0.000230409 0
0.000240575 0
0.000251189 0
0.000262271 0
0.000273842 0
0.000285924 0
0.000298538 0
0.000311709 0
0.000325462 0
0.000339821 0
0.000354813 0
0.000370467 0
0.000386812 0
0.000403878 0
0.000421697 0
0.000440301 0
0.000459727 0
0.00048001 0
0.000501187 0
0.000523299 0
0.000546387 0
0.000570493 0
0.000595662 0
0.000621942 0
0.000649382 0
0.000678032 0
0.000707946 0
0.00073918 0
0.000771792 0
0.000805842 0
0.000841395 0
0.000878517 0
0.000917276 0
0.000957745 103.746
0.001 0
0.00104412 0
0.00109018 0
0.00113828 72.9934
0.0011885 0
0.00124094 0
0.00129569 0
0.00135285 0
0.00141254 0
0.00147486 0
0.00153993 0
0.00160787 0
0.0016788 0
0.00175287 0
0.00183021 0
0.00191095 127.954
0.00199526 0
0.00208329 0
0.0021752 0
0.00227117 0
0.00237137 91.3234
0.002476 0
0.00258523 91.0243
0.00269929 0
0.00281838 0
0.00294273 45.3547
0.00307256 0
0.00320812 0
0.00334965 0
0.00349744 0
0.00365174 97.4986
0.00381285 0
0.00398107 195.616
0.00415671 0
0.0043401 0
0.00453158 117.052
0.00473151 0
0.00494026 0
0.00515822 127.514
0.0053858 0
0.00562341 0
0.00587151 116.223
0.00613056 195.485
0.00640103 58.4337
0.00668344 26.7302
0.00697831 134.117
0.00728618 0
0.00760764 278.185
0.00794328 152.195
0.00829373 182.012
0.00865964 199.059
0.0090417 382.281
0.00944061 185.681
0.00985712 270.569
0.010292 130.749
0.0107461 276.82
0.0112202 459.358
0.0117152 178.494
0.0122321 356.507
0.0127717 485.136
0.0133352 507.408
0.0139236 503.824
0.0145378 388.297
0.0151792 573.916
0.0158489 634.46
0.0165482 705.891
0.0172783 564.571
0.0180406 932.828
0.0188365 464.999
0.0196675 675.616
0.0205353 746.596
0.0214412 689.509
0.0223872 1113.49
0.0233749 971.325
0.0244062 1207.91
0.025483 1265.37
0.0266073 1297.84
0.0277811 966.495
0.0290068 2043.67
0.0302866 1249.35
0.0316228 1807.68
0.0330179 2082.43
0.0344747 2527.2
0.0359956 2108.85
0.0375837 2549.27
0.0392419 2588.06
0.0409732 2979.18
0.0427809 2419.29
0.0446684 2642.95
0.0466391 2284.35
0.0486968 3594.41
0.0508452 2929.9
0.0530884 4338.81
0.0554307 2554.97
0.0578762 4163.09
0.0604296 4480.7
0.0630957 4635.86
0.0658795 4427.32
0.068786 4755.63
0.0718208 4527.3
0.0749894 4672.54
0.0782979 5860.36
0.0817523 6842.51
0.0853591 7375.56
0.0891251 7434.8
0.0930572 6426.37
0.0971628 8291.92
0.10145 6226.81
0.105925 8146.51
0.110599 6857.8
0.115478 6759.39
0.120573 7307.36
0.125893 8967.85
0.131447 7642.05
0.137246 9663.4
0.143301 7945.78
0.149624 9448.39
0.156225 8736.02
0.163117 10443
0.170314 9820.02
0.177828 9961.07
0.185674 10388.5
0.193865 10134.9
0.202418 9595.83
0.211349 10950.3
0.220673 12551.1
0.230409 12749.7
0.240575 12499.8
0.251189 9866.52
0.262271 10033.6
0.273842 10611.6
0.285924 11568.2
0.298538 11198.2
0.311709 11486.7
0.325462 11064.5
0.339821 11966.1
0.354813 11587.2
0.370467 12652.7
0.386812 13321.7
0.403878 10612.8
0.421697 12200.6
0.440301 12533
0.459727 10668.6
0.48001 10242.3
0.501187 11299.1
0.523299 10967.7
0.546387 11524.3
0.570493 9975.58
0.595662 10922.3
0.621942 11365.3
0.649382 9751.87
0.678032 13508.1
0.707946 10055.6
0.73918 10580.6
0.771792 8851.44
0.805842 8704.42
0.841395 8215.61
0.878517 10357.7
0.917276 9110.4
0.957745 7451.54
1 9576.58
1.04412 7262.96
1.09018 6322.26
1.13828 5012.35
1.1885 5461.92
1.24094 5095.14
1.29569 5574.83
1.35285 5838.99
1.41254 5012.88
1.47486 4522.81
1.53993 4302.79
1.60787 4967.07
1.6788 4963.6
1.75287 4691.64
1.83021 3557.58
1.91095 4783.38
1.99526 3549.9
2.08329 3676.11
2.1752 3218.6
2.27117 2640.5
2.37137 2530.08
2.476 3696.71
2.58523 3647.42
2.69929 3011.19
2.81838 1293.12
2.94273 2221.67
3.07256 2221.87
3.20812 2338.04
3.34965 2817.27
3.49744 2022.67
3.65174 1819.26
3.81285 1944.95
3.98107 1328.54
4.15671 1568.07
4.3401 1441.89
4.53158 2423.54
4.73151 1836.63
4.94026 2029.8
5.15822 1911.38
5.3858 1818.06
5.62341 1532.48
5.87151 1364.12
6.13056 1213.9
6.40103 1154.38
6.68344 1544.1
6.97831 1542.9
7.28618 1619.74
7.60764 1390.89
7.94328 972.946
8.29373 866.15
8.65964 1587.01
9.0417 774.62
9.44061 1226.75
9.85712 654.68
10.292 739.319
10.7461 1144.48
11.2202 1017.98
11.7152 1166.5
12.2321 1127.7
12.7717 1232.99
13.3352 991.629
13.9236 1396.35
14.5378 983.19
15.1792 602.054
15.8489 628.713
16.5482 966.337
17.2783 1053.91
18.0406 1004.83
18.8365 1018.76
19.6675 1745.5
20.5353 1288.51
21.4412 1117.97
22.3872 1493.39
23.3749 716.933
24.4062 1142.41
25.483 1176.58
26.6073 948.153
27.7811 1120.66
29.0068 1427.76
30.2866 1717.13
31.6228 1938.84
33.0179 1407.79
34.4747 917.961
35.9956 1431.47
37.5837 1795.35
39.2419 1326.23
40.9732 1951.17
42.7809 728.54
44.6684 1622.42
46.6391 1819.23
48.6968 1504.62
50.8452 1813.57
53.0884 955.958
55.4307 963.079
57.8762 1430.73
60.4296 2140.88
63.0957 2484.91
65.8795 1128.51
68.786 1394.83
71.8208 1812.25
74.9894 1354.25
78.2979 1666.13
81.7523 1468.95
85.3591 2039.07
89.1251 1726.9
93.0572 1950.95
97.1628 794.049
101.45 1775.57
105.925 1316.13
110.599 2211.37
115.478 2080.46
120.573 1431.21
125.893 1820.77
131.447 1313.9
137.246 1498.82
143.301 1710.06
149.624 1935.55
156.225 1652.23
163.117 2172.87
170.314 1537.73
177.828 1312.69
185.674 1570.47
193.865 2000.92
202.418 1437.99
211.349 1165.27
220.673 903.186
230.409 1476.01
240.575 1299.79
251.189 1119.03
262.271 1188.34
273.842 987.938
285.924 1310.93
298.538 1499.84
311.709 1391.35
325.462 743.021
339.821 1259.15
354.813 1061.64
370.467 731.686
386.812 586.334
403.878 72.1341
421.697 845.78
440.301 441.46
459.727 221.599
480.01 312.516
501.187 219.46
523.299 87.5524
546.387 85.2469
570.493 320.239
595.662 197.339
621.942 235.586
649.382 0
678.032 46.9018
707.946 0
739.18 0
771.792 0
805.842 0
841.395 0
878.517 0
917.276 0
957.745 0
1000 0
