# First line is two numbers 
#     First value is '2', it means 'histogram mode'
#     Second value is 'Emin' of the histogram
# Other lines : 2 columns. 1) energy 2) probability (nb divided by NbEvent)
# Number of bins = 480
# Content below the first bin: 0
# Content above the last  bin: 0
# Content above the last  bin: 0
# Number of events: 209000
2 1e-06
1.04412e-06 0
1.09018e-06 0
1.13828e-06 0
1.1885e-06 0
1.24094e-06 0
1.29569e-06 0
1.35285e-06 0
1.41254e-06 0
1.47486e-06 0
1.53993e-06 0
1.60787e-06 0
1.6788e-06 0
1.75287e-06 0
1.83021e-06 0
1.91095e-06 0
1.99526e-06 0
2.08329e-06 0
2.1752e-06 0
2.27117e-06 0
2.37137e-06 0
2.476e-06 0
2.58523e-06 0
2.69929e-06 0
2.81838e-06 0
2.94273e-06 0
3.07256e-06 0
3.20812e-06 0
3.34965e-06 0
3.49744e-06 0
3.65174e-06 0
3.81285e-06 0
3.98107e-06 0
4.15671e-06 0
4.3401e-06 0
4.53158e-06 0
4.73151e-06 0
4.94026e-06 0
5.15822e-06 0
5.3858e-06 0
5.62341e-06 0
5.87151e-06 0
6.13056e-06 0
6.40103e-06 0
6.68344e-06 0
6.97831e-06 0
7.28618e-06 0
7.60764e-06 0
7.94328e-06 0
8.29373e-06 0
8.65964e-06 0
9.0417e-06 0
9.44061e-06 0
9.85712e-06 0
1.0292e-05 0
1.07461e-05 0
1.12202e-05 0
1.17152e-05 0
1.22321e-05 0
1.27717e-05 0
1.33352e-05 0
1.39236e-05 0
1.45378e-05 0
1.51792e-05 0
1.58489e-05 0
1.65482e-05 0
1.72783e-05 0
1.80406e-05 0
1.88365e-05 0
1.96675e-05 0
2.05353e-05 0
2.14412e-05 0
2.23872e-05 0
2.33749e-05 0
2.44062e-05 0
2.5483e-05 0
2.66073e-05 0
2.77811e-05 0
2.90068e-05 0
3.02866e-05 0
3.16228e-05 0
3.30179e-05 0
3.44747e-05 0
3.59956e-05 0
3.75837e-05 0
3.92419e-05 0
4.09732e-05 0
4.27809e-05 0
4.46684e-05 0
4.66391e-05 0
4.86968e-05 0
5.08452e-05 0
5.30884e-05 0
5.54307e-05 0
5.78762e-05 0
6.04296e-05 0
6.30957e-05 0
6.58795e-05 0
6.8786e-05 0
7.18208e-05 0
7.49894e-05 0
7.82979e-05 0
8.17523e-05 0
8.53591e-05 0
8.91251e-05 0
9.30572e-05 0
9.71628e-05 0
0.00010145 0
0.000105925 0
0.000110599 0
0.000115478 0
0.000120573 0
0.000125893 0
0.000131447 0
0.000137246 0
0.000143301 0
0.000149624 0
0.000156225 0
0.000163117 0
0.000170314 0
0.000177828 0
0.000185674 0
0.000193865 0
0.000202418 0
0.000211349 0
0.000220673 0
0.000230409 0
0.000240575 0
0.000251189 0
0.000262271 0
0.000273842 0
0.000285924 0
0.000298538 0
0.000311709 0
0.000325462 0
0.000339821 0
0.000354813 0
0.000370467 0
0.000386812 0
0.000403878 0
0.000421697 0
0.000440301 0
0.000459727 0
0.00048001 0
0.000501187 0
0.000523299 0
0.000546387 0
0.000570493 0
0.000595662 0
0.000621942 0
0.000649382 0
0.000678032 0
0.000707946 0
0.00073918 0
0.000771792 0
0.000805842 0
0.000841395 0
0.000878517 0
0.000917276 0
0.000957745 0
0.001 0
0.00104412 0
0.00109018 0
0.00113828 0
0.0011885 0
0.00124094 0
0.00129569 0
0.00135285 0
0.00141254 0
0.00147486 0
0.00153993 0
0.00160787 0
0.0016788 0
0.00175287 0
0.00183021 48.8938
0.00191095 0
0.00199526 0
0.00208329 0
0.0021752 0
0.00227117 0
0.00237137 0
0.002476 0
0.00258523 0
0.00269929 0
0.00281838 0
0.00294273 0
0.00307256 0
0.00320812 0
0.00334965 0
0.00349744 0
0.00365174 0
0.00381285 113.182
0.00398107 0
0.00415671 111.248
0.0043401 0
0.00453158 0
0.00473151 0
0.00494026 85.4585
0.00515822 21.6482
0.0053858 0
0.00562341 0
0.00587151 188.797
0.00613056 0
0.00640103 117.918
0.00668344 0
0.00697831 21.0941
0.00728618 0
0.00760764 0
0.00794328 85.225
0.00829373 0
0.00865964 66.51
0.0090417 42.4113
0.00944061 0
0.00985712 92.8635
0.010292 34.0799
0.0107461 75.8582
0.0112202 0
0.0117152 107.112
0.0122321 0
0.0127717 138.154
0.0133352 0
0.0139236 0
0.0145378 280.643
0.0151792 83.8266
0.0158489 178.142
0.0165482 225.047
0.0172783 51.0445
0.0180406 0
0.0188365 103.495
0.0196675 111.021
0.0205353 472.969
0.0214412 108.243
0.0223872 57.5237
0.0233749 172.615
0.0244062 493.209
0.025483 94.6737
0.0266073 244.154
0.0277811 148.01
0.0290068 155.474
0.0302866 168.958
0.0316228 302.051
0.0330179 429.149
0.0344747 236.805
0.0359956 424.024
0.0375837 723.549
0.0392419 651.636
0.0409732 172.86
0.0427809 606.571
0.0446684 597.437
0.0466391 792.518
0.0486968 610.516
0.0508452 857.101
0.0530884 422.108
0.0554307 452.64
0.0578762 862.189
0.0604296 1506.11
0.0630957 762.831
0.0658795 656.858
0.068786 859.899
0.0718208 1113.42
0.0749894 1097.88
0.0782979 1214.98
0.0817523 1018.88
0.0853591 1562.38
0.0891251 580.618
0.0930572 1683.52
0.0971628 1325.21
0.10145 1437.18
0.105925 2047.21
0.110599 1451.51
0.115478 2366.39
0.120573 1630.19
0.125893 1852.96
0.131447 2058.48
0.137246 1949.98
0.143301 1284.96
0.149624 1417.92
0.156225 1577.97
0.163117 2049.32
0.170314 2222.49
0.177828 2003
0.185674 2068.7
0.193865 1242.68
0.202418 1540.03
0.211349 2184.66
0.220673 2834.12
0.230409 2673.51
0.240575 1312.81
0.251189 1736.09
0.262271 2038.32
0.273842 2118.56
0.285924 2538.43
0.298538 1568.79
0.311709 2848.89
0.325462 1876.44
0.339821 2645.95
0.354813 2578.47
0.370467 1451.45
0.386812 1949.78
0.403878 1382.99
0.421697 1693.48
0.440301 2100.39
0.459727 2193.43
0.48001 2809.95
0.501187 1872.69
0.523299 2113.36
0.546387 2704.59
0.570493 1708.16
0.595662 1872.53
0.621942 2289.12
0.649382 2061.88
0.678032 1884.22
0.707946 2538.8
0.73918 1808.92
0.771792 2183.29
0.805842 1791
0.841395 2201.74
0.878517 1330.23
0.917276 1700.63
0.957745 1513.02
1 1468.5
1.04412 1252.49
1.09018 1812.33
1.13828 1244.53
1.1885 1199.31
1.24094 304.485
1.29569 1187.52
1.35285 2097.27
1.41254 873.529
1.47486 773.239
1.53993 889.896
1.60787 1094.63
1.6788 1256.68
1.75287 687.222
1.83021 819.381
1.91095 154.878
1.99526 536.493
2.08329 52.4039
2.1752 584.173
2.27117 1097.16
2.37137 551.582
2.476 647.932
2.58523 726.548
2.69929 716.46
2.81838 343.072
2.94273 1090.13
3.07256 355.862
3.20812 603.518
3.34965 381.253
3.49744 215.482
3.65174 510.967
3.81285 757.354
3.98107 0
4.15671 630.655
4.3401 468.812
4.53158 855.252
4.73151 601.305
4.94026 392.33
5.15822 184.298
5.3858 343.41
5.62341 499.508
5.87151 751.049
6.13056 540.549
6.40103 316.317
6.68344 527.831
6.97831 690.613
7.28618 661.405
7.60764 252.107
7.94328 192.187
8.29373 256.409
8.65964 187.585
9.0417 121.182
9.44061 497.678
9.85712 176.422
10.292 501.697
10.7461 379.429
11.2202 313.494
11.7152 86.9549
12.2321 586.476
12.7717 208.764
13.3352 231.812
13.9236 470.593
14.5378 205.63
15.1792 287.263
15.8489 164.217
16.5482 209.494
17.2783 98.0549
18.0406 498.371
18.8365 434.14
19.6675 187.98
20.5353 111.765
21.4412 246.643
22.3872 72.9826
23.3749 10.3402
24.4062 104.343
25.483 523.17
26.6073 332.835
27.7811 209.216
29.0068 171.925
30.2866 0
31.6228 108.235
33.0179 224.869
34.4747 498.783
35.9956 124.137
37.5837 219.948
39.2419 366.145
40.9732 358.439
42.7809 305.153
44.6684 254.07
46.6391 89.5186
48.6968 399.406
50.8452 405.458
53.0884 226.516
55.4307 222.412
57.8762 463.838
60.4296 305.841
63.0957 272.003
65.8795 560.272
68.786 518.666
71.8208 611.685
74.9894 207.887
78.2979 456.965
81.7523 412.662
85.3591 511.608
89.1251 573.122
93.0572 518.389
97.1628 547.286
101.45 342.317
105.925 310.026
110.599 640.077
115.478 343.555
120.573 795.912
125.893 489.733
131.447 972.797
137.246 219.747
143.301 583.197
149.624 743.112
156.225 651.923
163.117 571.347
170.314 849.844
177.828 918.087
185.674 1014.68
193.865 791.2
202.418 822.96
211.349 869.849
220.673 807.591
230.409 777.391
240.575 1003.4
251.189 952.957
262.271 881.564
273.842 1123.97
285.924 1582.93
298.538 699.181
311.709 826.787
325.462 1631.29
339.821 1256.76
354.813 1390.87
370.467 885.341
386.812 707.276
403.878 851.537
421.697 990.695
440.301 831.164
459.727 188.478
480.01 113.012
501.187 214.906
523.299 361.303
546.387 162.047
570.493 412.155
595.662 181.716
621.942 134.466
649.382 70.2944
678.032 0
707.946 0
739.18 115.062
771.792 0
805.842 0
841.395 0
878.517 93.9652
917.276 0
957.745 0
1000 0
