# First line is two numbers 
#     First value is '2', it means 'histogram mode'
#     Second value is 'Emin' of the histogram
# Other lines : 2 columns. 1) energy 2) probability (nb divided by NbEvent)
# Number of bins = 480
# Content below the first bin: 0
# Content above the last  bin: 0
# Content above the last  bin: 0
# Number of events: 209000
2 1e-06
1.04412e-06 0
1.09018e-06 0
1.13828e-06 0
1.1885e-06 0
1.24094e-06 0
1.29569e-06 0
1.35285e-06 0
1.41254e-06 0
1.47486e-06 0
1.53993e-06 0
1.60787e-06 0
1.6788e-06 0
1.75287e-06 0
1.83021e-06 0
1.91095e-06 0
1.99526e-06 0
2.08329e-06 0
2.1752e-06 0
2.27117e-06 0
2.37137e-06 0
2.476e-06 0
2.58523e-06 0
2.69929e-06 0
2.81838e-06 0
2.94273e-06 0
3.07256e-06 0
3.20812e-06 0
3.34965e-06 0
3.49744e-06 0
3.65174e-06 0
3.81285e-06 0
3.98107e-06 0
4.15671e-06 0
4.3401e-06 0
4.53158e-06 0
4.73151e-06 0
4.94026e-06 0
5.15822e-06 0
5.3858e-06 0
5.62341e-06 0
5.87151e-06 0
6.13056e-06 0
6.40103e-06 0
6.68344e-06 0
6.97831e-06 0
7.28618e-06 0
7.60764e-06 0
7.94328e-06 0
8.29373e-06 0
8.65964e-06 0
9.0417e-06 0
9.44061e-06 0
9.85712e-06 0
1.0292e-05 0
1.07461e-05 0
1.12202e-05 0
1.17152e-05 0
1.22321e-05 0
1.27717e-05 0
1.33352e-05 0
1.39236e-05 0
1.45378e-05 0
1.51792e-05 0
1.58489e-05 0
1.65482e-05 0
1.72783e-05 0
1.80406e-05 0
1.88365e-05 0
1.96675e-05 0
2.05353e-05 0
2.14412e-05 0
2.23872e-05 0
2.33749e-05 0
2.44062e-05 0
2.5483e-05 0
2.66073e-05 0
2.77811e-05 0
2.90068e-05 0
3.02866e-05 0
3.16228e-05 0
3.30179e-05 0
3.44747e-05 0
3.59956e-05 0
3.75837e-05 0
3.92419e-05 0
4.09732e-05 0
4.27809e-05 0
4.46684e-05 0
4.66391e-05 0
4.86968e-05 0
5.08452e-05 0
5.30884e-05 0
5.54307e-05 0
5.78762e-05 0
6.04296e-05 0
6.30957e-05 0
6.58795e-05 0
6.8786e-05 0
7.18208e-05 0
7.49894e-05 0
7.82979e-05 0
8.17523e-05 0
8.53591e-05 0
8.91251e-05 0
9.30572e-05 0
9.71628e-05 0
0.00010145 0
0.000105925 0
0.000110599 0
0.000115478 0
0.000120573 0
0.000125893 0
0.000131447 0
0.000137246 0
0.000143301 0
0.000149624 0
0.000156225 0
0.000163117 0
0.000170314 0
0.000177828 0
0.000185674 0
0.000193865 0
0.000202418 0
0.000211349 0
0.000220673 0
0.000230409 0
0.000240575 0
0.000251189 0
0.000262271 0
0.000273842 0
0.000285924 0
0.000298538 0
0.000311709 0
0.000325462 0
0.000339821 0
0.000354813 0
0.000370467 0
0.000386812 0
0.000403878 0
0.000421697 0
0.000440301 0
0.000459727 0
0.00048001 0
0.000501187 0
0.000523299 0
0.000546387 0
0.000570493 0
0.000595662 0
0.000621942 0
0.000649382 0
0.000678032 0
0.000707946 0
0.00073918 0
0.000771792 0
0.000805842 0
0.000841395 0
0.000878517 0
0.000917276 0
0.000957745 0
0.001 0
0.00104412 0
0.00109018 0
0.00113828 0
0.0011885 0
0.00124094 0
0.00129569 0
0.00135285 0
0.00141254 0
0.00147486 0
0.00153993 0
0.00160787 0
0.0016788 0
0.00175287 0
0.00183021 0
0.00191095 0
0.00199526 0
0.00208329 106.226
0.0021752 0
0.00227117 0
0.00237137 0
0.002476 0
0.00258523 0
0.00269929 0
0.00281838 0
0.00294273 0
0.00307256 0
0.00320812 0
0.00334965 0
0.00349744 0
0.00365174 0
0.00381285 0
0.00398107 0
0.00415671 0
0.0043401 0
0.00453158 0
0.00473151 0
0.00494026 0
0.00515822 0
0.0053858 0
0.00562341 0
0.00587151 0
0.00613056 0
0.00640103 0
0.00668344 0
0.00697831 0
0.00728618 0
0.00760764 75.4878
0.00794328 97.1834
0.00829373 0
0.00865964 0
0.0090417 73.9485
0.00944061 0
0.00985712 0
0.010292 0
0.0107461 79.5216
0.0112202 79.6504
0.0117152 118.577
0.0122321 100.698
0.0127717 103.88
0.0133352 113.823
0.0139236 34.524
0.0145378 261.334
0.0151792 161.79
0.0158489 293.797
0.0165482 82.1554
0.0172783 0
0.0180406 53.7691
0.0188365 243.928
0.0196675 88.1466
0.0205353 29.9711
0.0214412 313.733
0.0223872 99.8737
0.0233749 473.499
0.0244062 119.562
0.025483 222.322
0.0266073 639.899
0.0277811 93.0229
0.0290068 630.545
0.0302866 277.076
0.0316228 414.922
0.0330179 967.146
0.0344747 352.754
0.0359956 325.022
0.0375837 617.878
0.0392419 480.175
0.0409732 689.129
0.0427809 460.224
0.0446684 652.584
0.0466391 210.549
0.0486968 639.355
0.0508452 1134.91
0.0530884 756.683
0.0554307 459.29
0.0578762 847.851
0.0604296 718.711
0.0630957 1173.71
0.0658795 920.299
0.068786 1083.53
0.0718208 1201.79
0.0749894 1515.48
0.0782979 1524.8
0.0817523 1206.76
0.0853591 1008.89
0.0891251 1330.74
0.0930572 822.789
0.0971628 1636.58
0.10145 1232.73
0.105925 2041.29
0.110599 1929.33
0.115478 1449.69
0.120573 1352.58
0.125893 1465.48
0.131447 2129.83
0.137246 1348.72
0.143301 1660.59
0.149624 1950.71
0.156225 1743.27
0.163117 1935.27
0.170314 1456.8
0.177828 1940.24
0.185674 1582.67
0.193865 1565.63
0.202418 1555.73
0.211349 1773.62
0.220673 1816.94
0.230409 2500.47
0.240575 1562.1
0.251189 1900.13
0.262271 2077.84
0.273842 2626.02
0.285924 1821.3
0.298538 1399.02
0.311709 2272.27
0.325462 2736.58
0.339821 2042.38
0.354813 3254.03
0.370467 2374.75
0.386812 2590.67
0.403878 2214.02
0.421697 2209.87
0.440301 1866.16
0.459727 2487.68
0.48001 3073.28
0.501187 2825.63
0.523299 2202.89
0.546387 3293.28
0.570493 1982.36
0.595662 2259.67
0.621942 2115.58
0.649382 2331.31
0.678032 2441.97
0.707946 2197.2
0.73918 2182.83
0.771792 2079.26
0.805842 1807.67
0.841395 2371.15
0.878517 1607.69
0.917276 1594.21
0.957745 1844.3
1 940.203
1.04412 1289.43
1.09018 1401.99
1.13828 1058.82
1.1885 859.642
1.24094 1525.58
1.29569 1292.31
1.35285 1216
1.41254 587.501
1.47486 855.489
1.53993 1116.34
1.60787 828.265
1.6788 498.389
1.75287 745.027
1.83021 503.833
1.91095 477.963
1.99526 850.698
2.08329 656.503
2.1752 750.194
2.27117 634.284
2.37137 916.349
2.476 467.6
2.58523 318.396
2.69929 900.464
2.81838 248.603
2.94273 61.8013
3.07256 815.562
3.20812 471.473
3.34965 358.387
3.49744 222.708
3.65174 439.851
3.81285 160.641
3.98107 344.624
4.15671 152.434
4.3401 432.519
4.53158 441.96
4.73151 460.181
4.94026 1063.38
5.15822 383.085
5.3858 224.374
5.62341 173.431
5.87151 728.731
6.13056 400.897
6.40103 329.218
6.68344 169.13
6.97831 388.001
7.28618 433.387
7.60764 231.592
7.94328 325.981
8.29373 104.953
8.65964 164.911
9.0417 547.422
9.44061 169.027
9.85712 195.846
10.292 234.851
10.7461 46.6392
11.2202 62.3318
11.7152 211.408
12.2321 119.494
12.7717 174.705
13.3352 178.337
13.9236 245.034
14.5378 66.7682
15.1792 21.1481
15.8489 51.6658
16.5482 256.619
17.2783 530.786
18.0406 382.26
18.8365 189.242
19.6675 82.9937
20.5353 148.785
21.4412 202.968
22.3872 401.901
23.3749 221.316
24.4062 0
25.483 284.787
26.6073 171.527
27.7811 373.241
29.0068 117.095
30.2866 222.252
31.6228 166.315
33.0179 119.816
34.4747 579.245
35.9956 355.807
37.5837 216.226
39.2419 233.565
40.9732 344.917
42.7809 368.179
44.6684 323.628
46.6391 227.611
48.6968 348.613
50.8452 648.888
53.0884 639.314
55.4307 341.028
57.8762 624.487
60.4296 662.721
63.0957 690.231
65.8795 436.413
68.786 301.711
71.8208 510.694
74.9894 640.273
78.2979 320.363
81.7523 410.307
85.3591 560.424
89.1251 660.693
93.0572 176.308
97.1628 638.662
101.45 395.008
105.925 266.156
110.599 176.418
115.478 856.283
120.573 497.43
125.893 523.737
131.447 519.179
137.246 472.854
143.301 396.268
149.624 386.228
156.225 1173.57
163.117 220.843
170.314 828.494
177.828 563.713
185.674 1179.72
193.865 1146.64
202.418 940.04
211.349 262.992
220.673 938.479
230.409 803.124
240.575 1118.71
251.189 1261.52
262.271 726.824
273.842 859.134
285.924 1376.47
298.538 1456.54
311.709 1178.93
325.462 1423.53
339.821 1676.33
354.813 1425.94
370.467 1216.66
386.812 1354.06
403.878 874.559
421.697 748.389
440.301 334.533
459.727 320.053
480.01 299.925
501.187 499.061
523.299 48.6605
546.387 0
570.493 0
595.662 189.984
621.942 42.3196
649.382 0
678.032 0
707.946 0
739.18 101.203
771.792 0
805.842 0
841.395 0
878.517 0
917.276 0
957.745 0
1000 0
