# First line is two numbers 
#     First value is '2', it means 'histogram mode'
#     Second value is 'Emin' of the histogram
# Other lines : 2 columns. 1) energy 2) probability (nb divided by NbEvent)
# Number of bins = 480
# Content below the first bin: 0
# Content above the last  bin: 0
# Content above the last  bin: 0
# Number of events: 209000
2 1e-06
1.04412e-06 0
1.09018e-06 0
1.13828e-06 0
1.1885e-06 0
1.24094e-06 0
1.29569e-06 0
1.35285e-06 0
1.41254e-06 0
1.47486e-06 0
1.53993e-06 0
1.60787e-06 0
1.6788e-06 0
1.75287e-06 0
1.83021e-06 0
1.91095e-06 0
1.99526e-06 0
2.08329e-06 0
2.1752e-06 0
2.27117e-06 0
2.37137e-06 0
2.476e-06 0
2.58523e-06 0
2.69929e-06 0
2.81838e-06 0
2.94273e-06 0
3.07256e-06 0
3.20812e-06 0
3.34965e-06 0
3.49744e-06 0
3.65174e-06 0
3.81285e-06 0
3.98107e-06 0
4.15671e-06 0
4.3401e-06 0
4.53158e-06 0
4.73151e-06 0
4.94026e-06 0
5.15822e-06 0
5.3858e-06 0
5.62341e-06 0
5.87151e-06 0
6.13056e-06 0
6.40103e-06 0
6.68344e-06 0
6.97831e-06 0
7.28618e-06 0
7.60764e-06 0
7.94328e-06 0
8.29373e-06 0
8.65964e-06 0
9.0417e-06 0
9.44061e-06 0
9.85712e-06 0
1.0292e-05 0
1.07461e-05 0
1.12202e-05 0
1.17152e-05 0
1.22321e-05 0
1.27717e-05 0
1.33352e-05 0
1.39236e-05 0
1.45378e-05 0
1.51792e-05 0
1.58489e-05 0
1.65482e-05 0
1.72783e-05 0
1.80406e-05 0
1.88365e-05 0
1.96675e-05 0
2.05353e-05 0
2.14412e-05 0
2.23872e-05 0
2.33749e-05 0
2.44062e-05 0
2.5483e-05 0
2.66073e-05 0
2.77811e-05 0
2.90068e-05 0
3.02866e-05 0
3.16228e-05 0
3.30179e-05 0
3.44747e-05 0
3.59956e-05 0
3.75837e-05 0
3.92419e-05 0
4.09732e-05 0
4.27809e-05 0
4.46684e-05 0
4.66391e-05 0
4.86968e-05 0
5.08452e-05 0
5.30884e-05 0
5.54307e-05 0
5.78762e-05 0
6.04296e-05 0
6.30957e-05 0
6.58795e-05 0
6.8786e-05 0
7.18208e-05 0
7.49894e-05 0
7.82979e-05 0
8.17523e-05 0
8.53591e-05 0
8.91251e-05 0
9.30572e-05 0
9.71628e-05 0
0.00010145 0
0.000105925 0
0.000110599 0
0.000115478 0
0.000120573 0
0.000125893 0
0.000131447 0
0.000137246 0
0.000143301 0
0.000149624 0
0.000156225 0
0.000163117 0
0.000170314 0
0.000177828 0
0.000185674 0
0.000193865 0
0.000202418 0
0.000211349 0
0.000220673 0
0.000230409 0
0.000240575 0
0.000251189 0
0.000262271 0
0.000273842 0
0.000285924 0
0.000298538 0
0.000311709 0
0.000325462 0
0.000339821 0
0.000354813 0
0.000370467 0
0.000386812 0
0.000403878 0
0.000421697 0
0.000440301 0
0.000459727 0
0.00048001 0
0.000501187 0
0.000523299 0
0.000546387 0
0.000570493 0
0.000595662 0
0.000621942 0
0.000649382 0
0.000678032 0
0.000707946 0
0.00073918 0
0.000771792 0
0.000805842 0
0.000841395 0
0.000878517 0
0.000917276 0
0.000957745 0
0.001 0
0.00104412 0
0.00109018 0
0.00113828 0
0.0011885 25.7369
0.00124094 0
0.00129569 0
0.00135285 0
0.00141254 0
0.00147486 0
0.00153993 0
0.00160787 0
0.0016788 0
0.00175287 0
0.00183021 0
0.00191095 0
0.00199526 0
0.00208329 0
0.0021752 0
0.00227117 0
0.00237137 0
0.002476 0
0.00258523 0
0.00269929 0
0.00281838 0
0.00294273 0
0.00307256 0
0.00320812 0
0.00334965 104.498
0.00349744 0
0.00365174 0
0.00381285 44.4741
0.00398107 114.775
0.00415671 0
0.0043401 45.2481
0.00453158 0
0.00473151 34.401
0.00494026 72.5799
0.00515822 15.0934
0.0053858 105.733
0.00562341 119.654
0.00587151 32.9253
0.00613056 234.347
0.00640103 0
0.00668344 69.4983
0.00697831 191.989
0.00728618 81.7063
0.00760764 17.0081
0.00794328 96.7405
0.00829373 69.9967
0.00865964 175.505
0.0090417 252.381
0.00944061 148.085
0.00985712 260.144
0.010292 192.001
0.0107461 262.617
0.0112202 304
0.0117152 429.513
0.0122321 484.12
0.0127717 423.71
0.0133352 306.753
0.0139236 651.982
0.0145378 518.35
0.0151792 556.516
0.0158489 788.271
0.0165482 516.034
0.0172783 1187.87
0.0180406 714.377
0.0188365 301.4
0.0196675 614.469
0.0205353 2023.81
0.0214412 992.207
0.0223872 751.672
0.0233749 1798.28
0.0244062 1302.29
0.025483 1230.6
0.0266073 997.145
0.0277811 1750.95
0.0290068 2458.32
0.0302866 1579.28
0.0316228 1654.14
0.0330179 2164.62
0.0344747 2116.01
0.0359956 2116.15
0.0375837 3304.42
0.0392419 2128.26
0.0409732 2434.56
0.0427809 2723.53
0.0446684 3715.67
0.0466391 4046.65
0.0486968 4186.76
0.0508452 2783.18
0.0530884 3997.55
0.0554307 4056.8
0.0578762 3916.39
0.0604296 3970.2
0.0630957 4200.36
0.0658795 4317.62
0.068786 5650.91
0.0718208 4301.98
0.0749894 5236.33
0.0782979 5885.04
0.0817523 5863.84
0.0853591 6459.3
0.0891251 9304.46
0.0930572 6898.08
0.0971628 7374.44
0.10145 7095.3
0.105925 7719.49
0.110599 7495.83
0.115478 10100.3
0.120573 7999.92
0.125893 7668.31
0.131447 11133.3
0.137246 10143.6
0.143301 8582.45
0.149624 8539.45
0.156225 9323.94
0.163117 11518.5
0.170314 9572.54
0.177828 11018.7
0.185674 10559.8
0.193865 11230.8
0.202418 11939.4
0.211349 10860
0.220673 9810.47
0.230409 10925.7
0.240575 10833.9
0.251189 9488.22
0.262271 12359.4
0.273842 13567.1
0.285924 12434.2
0.298538 13286.3
0.311709 11908.9
0.325462 11956.7
0.339821 11778.9
0.354813 11874.3
0.370467 11855.4
0.386812 12394.9
0.403878 11974.9
0.421697 14839.7
0.440301 13959.7
0.459727 12177.7
0.48001 14129.5
0.501187 13545.3
0.523299 12764.9
0.546387 12710.9
0.570493 10842.5
0.595662 12671.2
0.621942 13292.4
0.649382 11541.9
0.678032 10468.9
0.707946 9745.41
0.73918 11452.9
0.771792 9490.4
0.805842 11523
0.841395 11436.7
0.878517 8695.32
0.917276 7906.05
0.957745 10009
1 7544.13
1.04412 8261.23
1.09018 6366.34
1.13828 5342.74
1.1885 5730.63
1.24094 5893.48
1.29569 6815.39
1.35285 5136.12
1.41254 4310.02
1.47486 4479.86
1.53993 4921.69
1.60787 4237.22
1.6788 4501.02
1.75287 4391.69
1.83021 3120.67
1.91095 4122.18
1.99526 3001.16
2.08329 3066.29
2.1752 3340.83
2.27117 3788.04
2.37137 3634.53
2.476 2962.65
2.58523 2887.3
2.69929 2575.13
2.81838 2524.56
2.94273 3876.07
3.07256 2619.68
3.20812 2646.54
3.34965 3060.21
3.49744 2168.16
3.65174 1786.74
3.81285 1917.22
3.98107 1944.55
4.15671 1865.05
4.3401 1707.98
4.53158 1746.41
4.73151 2044.76
4.94026 2199.51
5.15822 2341.18
5.3858 1515.8
5.62341 2372.49
5.87151 2557.4
6.13056 1852.37
6.40103 1301.9
6.68344 1726.71
6.97831 1780.79
7.28618 1756.79
7.60764 1499.07
7.94328 2236.82
8.29373 1742.17
8.65964 1310.05
9.0417 1056.14
9.44061 1658.37
9.85712 1310.09
10.292 1781.73
10.7461 1445.39
11.2202 1198.71
11.7152 699.541
12.2321 585.479
12.7717 1068.1
13.3352 1398.25
13.9236 1570.28
14.5378 717.957
15.1792 1220.95
15.8489 887
16.5482 1030.01
17.2783 894.589
18.0406 798.45
18.8365 1623.04
19.6675 1116.87
20.5353 1211.96
21.4412 604.985
22.3872 1955.04
23.3749 1806.67
24.4062 1578.11
25.483 2011.33
26.6073 1299.49
27.7811 864.82
29.0068 1246.92
30.2866 682.707
31.6228 1052.19
33.0179 1682.77
34.4747 736.645
35.9956 1050.17
37.5837 1005.58
39.2419 2200.78
40.9732 1483.99
42.7809 1196.6
44.6684 1397.74
46.6391 1824.98
48.6968 1307.59
50.8452 2056.6
53.0884 1927.13
55.4307 2045.83
57.8762 1953.04
60.4296 2254.09
63.0957 2005.2
65.8795 2114.66
68.786 2356.87
71.8208 2774.22
74.9894 2197.23
78.2979 2474.09
81.7523 2611.88
85.3591 3124.46
89.1251 2607.45
93.0572 2481.69
97.1628 3415.28
101.45 3243.29
105.925 3461.6
110.599 2444.69
115.478 2537.76
120.573 3476.32
125.893 3091.99
131.447 2268.1
137.246 2997.95
143.301 3152.45
149.624 3671.74
156.225 3486.76
163.117 3584.62
170.314 3290.42
177.828 2604.58
185.674 3545.4
193.865 4466.46
202.418 4202.88
211.349 5027.44
220.673 4242.82
230.409 4741.16
240.575 4962.45
251.189 7779.15
262.271 5024.57
273.842 5679.82
285.924 5284.36
298.538 8113.03
311.709 6280.94
325.462 6606.49
339.821 7031.82
354.813 5674.13
370.467 5037.98
386.812 5286.88
403.878 3080.26
421.697 2718.57
440.301 1840.22
459.727 1358.9
480.01 968.846
501.187 442.813
523.299 913.516
546.387 1307.84
570.493 419.601
595.662 145.229
621.942 227.264
649.382 83.0118
678.032 144.151
707.946 219.629
739.18 194.435
771.792 146.049
805.842 77.1485
841.395 0
878.517 127.27
917.276 70.0754
957.745 0
1000 0
