# First line is two numbers 
#     First value is '2', it means 'histogram mode'
#     Second value is 'Emin' of the histogram
# Other lines : 2 columns. 1) energy 2) probability (nb divided by NbEvent)
# Number of bins = 480
# Content below the first bin: 0
# Content above the last  bin: 1
# Content above the last  bin: 1
# Number of events: 209000
2 1e-06
1.04412e-06 0
1.09018e-06 0
1.13828e-06 0
1.1885e-06 0
1.24094e-06 0
1.29569e-06 0
1.35285e-06 0
1.41254e-06 0
1.47486e-06 0
1.53993e-06 0
1.60787e-06 0
1.6788e-06 0
1.75287e-06 0
1.83021e-06 0
1.91095e-06 0
1.99526e-06 0
2.08329e-06 0
2.1752e-06 0
2.27117e-06 0
2.37137e-06 0
2.476e-06 0
2.58523e-06 0
2.69929e-06 0
2.81838e-06 0
2.94273e-06 0
3.07256e-06 0
3.20812e-06 0
3.34965e-06 0
3.49744e-06 0
3.65174e-06 0
3.81285e-06 0
3.98107e-06 0
4.15671e-06 0
4.3401e-06 0
4.53158e-06 0
4.73151e-06 0
4.94026e-06 0
5.15822e-06 0
5.3858e-06 0
5.62341e-06 0
5.87151e-06 0
6.13056e-06 0
6.40103e-06 0
6.68344e-06 0
6.97831e-06 0
7.28618e-06 0
7.60764e-06 0
7.94328e-06 0
8.29373e-06 0
8.65964e-06 0
9.0417e-06 0
9.44061e-06 0
9.85712e-06 0
1.0292e-05 0
1.07461e-05 0
1.12202e-05 0
1.17152e-05 0
1.22321e-05 0
1.27717e-05 0
1.33352e-05 0
1.39236e-05 0
1.45378e-05 0
1.51792e-05 0
1.58489e-05 0
1.65482e-05 0
1.72783e-05 0
1.80406e-05 0
1.88365e-05 0
1.96675e-05 0
2.05353e-05 0
2.14412e-05 0
2.23872e-05 0
2.33749e-05 0
2.44062e-05 0
2.5483e-05 0
2.66073e-05 0
2.77811e-05 0
2.90068e-05 0
3.02866e-05 0
3.16228e-05 0
3.30179e-05 0
3.44747e-05 0
3.59956e-05 0
3.75837e-05 0
3.92419e-05 0
4.09732e-05 0
4.27809e-05 0
4.46684e-05 0
4.66391e-05 0
4.86968e-05 0
5.08452e-05 0
5.30884e-05 0
5.54307e-05 0
5.78762e-05 0
6.04296e-05 0
6.30957e-05 0
6.58795e-05 0
6.8786e-05 0
7.18208e-05 0
7.49894e-05 0
7.82979e-05 0
8.17523e-05 0
8.53591e-05 0
8.91251e-05 0
9.30572e-05 0
9.71628e-05 0
0.00010145 0
0.000105925 0
0.000110599 0
0.000115478 0
0.000120573 0
0.000125893 0
0.000131447 0
0.000137246 0
0.000143301 0
0.000149624 0
0.000156225 0
0.000163117 0
0.000170314 0
0.000177828 0
0.000185674 0
0.000193865 0
0.000202418 0
0.000211349 0
0.000220673 0
0.000230409 0
0.000240575 0
0.000251189 0
0.000262271 0
0.000273842 1
0.000285924 0
0.000298538 0
0.000311709 0
0.000325462 0
0.000339821 0
0.000354813 0
0.000370467 0
0.000386812 0
0.000403878 0
0.000421697 0
0.000440301 0
0.000459727 0
0.00048001 0
0.000501187 0
0.000523299 0
0.000546387 0
0.000570493 0
0.000595662 0
0.000621942 0
0.000649382 0
0.000678032 0
0.000707946 0
0.00073918 1
0.000771792 0
0.000805842 0
0.000841395 0
0.000878517 0
0.000917276 1
0.000957745 0
0.001 0
0.00104412 0
0.00109018 0
0.00113828 0
0.0011885 0
0.00124094 0
0.00129569 0
0.00135285 2
0.00141254 0
0.00147486 0
0.00153993 0
0.00160787 0
0.0016788 1
0.00175287 0
0.00183021 0
0.00191095 0
0.00199526 0
0.00208329 0
0.0021752 1
0.00227117 3
0.00237137 2
0.002476 0
0.00258523 1
0.00269929 0
0.00281838 0
0.00294273 0
0.00307256 0
0.00320812 2
0.00334965 0
0.00349744 0
0.00365174 1
0.00381285 0
0.00398107 0
0.00415671 1
0.0043401 0
0.00453158 0
0.00473151 1
0.00494026 0
0.00515822 1
0.0053858 0
0.00562341 1
0.00587151 1
0.00613056 1
0.00640103 0
0.00668344 1
0.00697831 1
0.00728618 2
0.00760764 1
0.00794328 2
0.00829373 4
0.00865964 3
0.0090417 1
0.00944061 1
0.00985712 4
0.010292 5
0.0107461 4
0.0112202 4
0.0117152 9
0.0122321 9
0.0127717 4
0.0133352 2
0.0139236 5
0.0145378 5
0.0151792 5
0.0158489 9
0.0165482 18
0.0172783 9
0.0180406 11
0.0188365 10
0.0196675 15
0.0205353 16
0.0214412 7
0.0223872 16
0.0233749 20
0.0244062 20
0.025483 27
0.0266073 14
0.0277811 22
0.0290068 33
0.0302866 28
0.0316228 32
0.0330179 22
0.0344747 30
0.0359956 24
0.0375837 32
0.0392419 32
0.0409732 36
0.0427809 40
0.0446684 28
0.0466391 42
0.0486968 34
0.0508452 61
0.0530884 48
0.0554307 43
0.0578762 46
0.0604296 65
0.0630957 57
0.0658795 57
0.068786 70
0.0718208 65
0.0749894 72
0.0782979 100
0.0817523 78
0.0853591 85
0.0891251 105
0.0930572 96
0.0971628 93
0.10145 119
0.105925 107
0.110599 105
0.115478 104
0.120573 116
0.125893 119
0.131447 109
0.137246 115
0.143301 114
0.149624 119
0.156225 131
0.163117 115
0.170314 108
0.177828 122
0.185674 115
0.193865 160
0.202418 102
0.211349 134
0.220673 146
0.230409 151
0.240575 125
0.251189 147
0.262271 136
0.273842 160
0.285924 147
0.298538 135
0.311709 139
0.325462 165
0.339821 162
0.354813 154
0.370467 158
0.386812 151
0.403878 171
0.421697 152
0.440301 156
0.459727 163
0.48001 148
0.501187 139
0.523299 149
0.546387 142
0.570493 146
0.595662 151
0.621942 146
0.649382 147
0.678032 140
0.707946 129
0.73918 128
0.771792 111
0.805842 129
0.841395 109
0.878517 116
0.917276 122
0.957745 76
1 91
1.04412 113
1.09018 100
1.13828 90
1.1885 77
1.24094 76
1.29569 71
1.35285 65
1.41254 69
1.47486 60
1.53993 47
1.60787 66
1.6788 52
1.75287 58
1.83021 59
1.91095 42
1.99526 43
2.08329 40
2.1752 44
2.27117 42
2.37137 50
2.476 39
2.58523 38
2.69929 43
2.81838 37
2.94273 38
3.07256 40
3.20812 39
3.34965 42
3.49744 24
3.65174 35
3.81285 26
3.98107 25
4.15671 33
4.3401 31
4.53158 30
4.73151 21
4.94026 18
5.15822 27
5.3858 32
5.62341 15
5.87151 14
6.13056 20
6.40103 18
6.68344 13
6.97831 27
7.28618 18
7.60764 25
7.94328 15
8.29373 16
8.65964 16
9.0417 15
9.44061 19
9.85712 19
10.292 17
10.7461 18
11.2202 10
11.7152 11
12.2321 19
12.7717 10
13.3352 9
13.9236 19
14.5378 15
15.1792 12
15.8489 19
16.5482 15
17.2783 9
18.0406 14
18.8365 19
19.6675 13
20.5353 15
21.4412 12
22.3872 13
23.3749 12
24.4062 21
25.483 24
26.6073 21
27.7811 17
29.0068 14
30.2866 14
31.6228 12
33.0179 5
34.4747 14
35.9956 18
37.5837 25
39.2419 20
40.9732 23
42.7809 24
44.6684 28
46.6391 22
48.6968 26
50.8452 28
53.0884 23
55.4307 25
57.8762 22
60.4296 21
63.0957 21
65.8795 21
68.786 36
71.8208 27
74.9894 41
78.2979 29
81.7523 32
85.3591 35
89.1251 27
93.0572 35
97.1628 28
101.45 37
105.925 34
110.599 35
115.478 30
120.573 30
125.893 34
131.447 38
137.246 35
143.301 45
149.624 39
156.225 43
163.117 44
170.314 38
177.828 50
185.674 43
193.865 44
202.418 72
211.349 47
220.673 56
230.409 60
240.575 66
251.189 87
262.271 71
273.842 82
285.924 91
298.538 95
311.709 90
325.462 81
339.821 80
354.813 73
370.467 71
386.812 58
403.878 29
421.697 29
440.301 31
459.727 16
480.01 16
501.187 14
523.299 7
546.387 8
570.493 4
595.662 4
621.942 5
649.382 4
678.032 1
707.946 3
739.18 0
771.792 1
805.842 3
841.395 0
878.517 1
917.276 0
957.745 1
1000 0
