# First line is two numbers 
#     First value is '2', it means 'histogram mode'
#     Second value is 'Emin' of the histogram
# Other lines : 2 columns. 1) energy 2) probability (nb divided by NbEvent)
# Number of bins = 480
# Content below the first bin: 0
# Content above the last  bin: 0
# Content above the last  bin: 0
# Number of events: 209000
2 1e-06
1.04412e-06 0
1.09018e-06 0
1.13828e-06 0
1.1885e-06 0
1.24094e-06 0
1.29569e-06 0
1.35285e-06 0
1.41254e-06 0
1.47486e-06 0
1.53993e-06 0
1.60787e-06 0
1.6788e-06 0
1.75287e-06 0
1.83021e-06 0
1.91095e-06 0
1.99526e-06 0
2.08329e-06 0
2.1752e-06 0
2.27117e-06 0
2.37137e-06 0
2.476e-06 0
2.58523e-06 0
2.69929e-06 0
2.81838e-06 0
2.94273e-06 0
3.07256e-06 0
3.20812e-06 0
3.34965e-06 0
3.49744e-06 0
3.65174e-06 0
3.81285e-06 0
3.98107e-06 0
4.15671e-06 0
4.3401e-06 0
4.53158e-06 0
4.73151e-06 0
4.94026e-06 0
5.15822e-06 0
5.3858e-06 0
5.62341e-06 0
5.87151e-06 0
6.13056e-06 0
6.40103e-06 0
6.68344e-06 0
6.97831e-06 0
7.28618e-06 0
7.60764e-06 0
7.94328e-06 0
8.29373e-06 0
8.65964e-06 0
9.0417e-06 0
9.44061e-06 0
9.85712e-06 0
1.0292e-05 0
1.07461e-05 0
1.12202e-05 0
1.17152e-05 0
1.22321e-05 0
1.27717e-05 0
1.33352e-05 0
1.39236e-05 0
1.45378e-05 0
1.51792e-05 0
1.58489e-05 0
1.65482e-05 0
1.72783e-05 0
1.80406e-05 0
1.88365e-05 0
1.96675e-05 0
2.05353e-05 0
2.14412e-05 0
2.23872e-05 0
2.33749e-05 0
2.44062e-05 0
2.5483e-05 0
2.66073e-05 0
2.77811e-05 0
2.90068e-05 0
3.02866e-05 0
3.16228e-05 0
3.30179e-05 0
3.44747e-05 0
3.59956e-05 0
3.75837e-05 0
3.92419e-05 0
4.09732e-05 0
4.27809e-05 0
4.46684e-05 0
4.66391e-05 0
4.86968e-05 0
5.08452e-05 0
5.30884e-05 0
5.54307e-05 0
5.78762e-05 0
6.04296e-05 0
6.30957e-05 0
6.58795e-05 0
6.8786e-05 0
7.18208e-05 0
7.49894e-05 0
7.82979e-05 0
8.17523e-05 0
8.53591e-05 0
8.91251e-05 49.0914
9.30572e-05 0
9.71628e-05 0
0.00010145 0
0.000105925 0
0.000110599 0
0.000115478 0
0.000120573 0
0.000125893 0
0.000131447 0
0.000137246 0
0.000143301 0
0.000149624 0
0.000156225 0
0.000163117 0
0.000170314 0
0.000177828 0
0.000185674 0
0.000193865 0
0.000202418 0
0.000211349 0
0.000220673 0
0.000230409 0
0.000240575 0
0.000251189 0
0.000262271 0
0.000273842 0
0.000285924 0
0.000298538 0
0.000311709 0
0.000325462 0
0.000339821 0
0.000354813 0
0.000370467 0
0.000386812 0
0.000403878 0
0.000421697 0
0.000440301 0
0.000459727 0
0.00048001 0
0.000501187 0
0.000523299 0
0.000546387 0
0.000570493 0
0.000595662 0
0.000621942 0
0.000649382 92.0122
0.000678032 0
0.000707946 0
0.00073918 0
0.000771792 0
0.000805842 0
0.000841395 0
0.000878517 0
0.000917276 0
0.000957745 0
0.001 0
0.00104412 0
0.00109018 0
0.00113828 0
0.0011885 0
0.00124094 0
0.00129569 0
0.00135285 0
0.00141254 0
0.00147486 0
0.00153993 0
0.00160787 0
0.0016788 0
0.00175287 0
0.00183021 0
0.00191095 0
0.00199526 0
0.00208329 0
0.0021752 185.144
0.00227117 56.6168
0.00237137 0
0.002476 118.418
0.00258523 0
0.00269929 217.244
0.00281838 0
0.00294273 96.2528
0.00307256 11.9374
0.00320812 58.1389
0.00334965 0
0.00349744 0
0.00365174 119.337
0.00381285 169.516
0.00398107 0
0.00415671 112.634
0.0043401 104.108
0.00453158 97.006
0.00473151 0
0.00494026 0
0.00515822 182.383
0.0053858 0
0.00562341 160.312
0.00587151 145.401
0.00613056 314.111
0.00640103 82.2446
0.00668344 113.481
0.00697831 70.3896
0.00728618 0
0.00760764 304.152
0.00794328 0
0.00829373 106.525
0.00865964 88.1373
0.0090417 551.756
0.00944061 504.335
0.00985712 286.149
0.010292 176.435
0.0107461 0
0.0112202 641.743
0.0117152 617.754
0.0122321 628.332
0.0127717 531.368
0.0133352 558.841
0.0139236 542.566
0.0145378 680.891
0.0151792 573.337
0.0158489 574.879
0.0165482 648.391
0.0172783 875.33
0.0180406 893.435
0.0188365 636.803
0.0196675 585.805
0.0205353 1215.67
0.0214412 1257.3
0.0223872 1211.82
0.0233749 1343.86
0.0244062 1553.44
0.025483 1533
0.0266073 1356.11
0.0277811 1842.55
0.0290068 1127.22
0.0302866 2488.27
0.0316228 2070.29
0.0330179 1385.84
0.0344747 1899.7
0.0359956 2376.1
0.0375837 1787.06
0.0392419 3164.99
0.0409732 3241.57
0.0427809 2947.71
0.0446684 3731.52
0.0466391 3517.96
0.0486968 4464.47
0.0508452 3806.04
0.0530884 5077.33
0.0554307 2290.58
0.0578762 3761.46
0.0604296 4541.22
0.0630957 4478.63
0.0658795 4702.57
0.068786 4755.43
0.0718208 6716.84
0.0749894 7549.31
0.0782979 6452.77
0.0817523 7048.58
0.0853591 6703.92
0.0891251 7243.02
0.0930572 7586.01
0.0971628 7391.61
0.10145 9072.16
0.105925 7188.32
0.110599 8837.51
0.115478 10074.7
0.120573 9276.18
0.125893 10713.4
0.131447 9096.25
0.137246 8923.76
0.143301 8535.7
0.149624 8767.68
0.156225 10503.1
0.163117 10980.9
0.170314 10942.4
0.177828 9016
0.185674 11502.7
0.193865 10579.2
0.202418 10535.9
0.211349 9943.7
0.220673 9867.39
0.230409 12523
0.240575 11965.6
0.251189 10234.3
0.262271 10731
0.273842 11640
0.285924 11038.4
0.298538 12375.8
0.311709 12985.2
0.325462 10864.2
0.339821 12268.4
0.354813 12405.2
0.370467 12256.6
0.386812 12495
0.403878 13260.7
0.421697 10206.7
0.440301 11818
0.459727 11669.7
0.48001 11976
0.501187 13626
0.523299 13308.8
0.546387 12376.7
0.570493 11040.5
0.595662 12866.6
0.621942 13153.9
0.649382 10685.7
0.678032 9315.51
0.707946 10013.8
0.73918 11750.9
0.771792 11546.3
0.805842 9704.06
0.841395 8407.49
0.878517 9688.85
0.917276 9419.31
0.957745 10046
1 7177.12
1.04412 6932.87
1.09018 8118.8
1.13828 6845.26
1.1885 6351.23
1.24094 8220.92
1.29569 5562.8
1.35285 5627.77
1.41254 6435.41
1.47486 5472.37
1.53993 5320.89
1.60787 4184.88
1.6788 4586.55
1.75287 3625.77
1.83021 3811.95
1.91095 4130.81
1.99526 3002.52
2.08329 2666.81
2.1752 3962.31
2.27117 3067.22
2.37137 4286.51
2.476 2812.81
2.58523 2923.58
2.69929 2194.12
2.81838 3175.72
2.94273 3377.82
3.07256 2775.09
3.20812 2676.45
3.34965 2887.96
3.49744 2546.34
3.65174 2586.44
3.81285 2843.5
3.98107 2718.04
4.15671 2223.86
4.3401 1923.81
4.53158 1820.67
4.73151 1699.35
4.94026 1363.53
5.15822 1382.09
5.3858 2136.26
5.62341 1566.72
5.87151 1597.48
6.13056 1807.73
6.40103 1681.61
6.68344 1495.69
6.97831 2184.04
7.28618 909.358
7.60764 1750.18
7.94328 932.59
8.29373 2010.12
8.65964 1020.17
9.0417 1540.06
9.44061 1709.06
9.85712 1838.48
10.292 1133.68
10.7461 517.735
11.2202 1068.48
11.7152 1724.78
12.2321 1331.88
12.7717 916.292
13.3352 679.001
13.9236 1212.42
14.5378 894.881
15.1792 1185.94
15.8489 1393.47
16.5482 1393.27
17.2783 1128.65
18.0406 851.201
18.8365 1588.01
19.6675 959.695
20.5353 1846.44
21.4412 997.466
22.3872 1350.91
23.3749 1097.33
24.4062 1233.81
25.483 1609.22
26.6073 1290.54
27.7811 1452.49
29.0068 1966.45
30.2866 1452.62
31.6228 1062.46
33.0179 1317.97
34.4747 1127.49
35.9956 1301.17
37.5837 1174.37
39.2419 1141.41
40.9732 1192.34
42.7809 1368.85
44.6684 1835.45
46.6391 2076.94
48.6968 2025.59
50.8452 2218.65
53.0884 1931.37
55.4307 1981.03
57.8762 1749.59
60.4296 2096.98
63.0957 2031.11
65.8795 1723.62
68.786 1928.91
71.8208 1756.2
74.9894 1850.6
78.2979 2791.42
81.7523 2483.44
85.3591 1831.21
89.1251 2041.28
93.0572 2815.63
97.1628 3231.72
101.45 2830.54
105.925 1937.51
110.599 2854.93
115.478 2246.6
120.573 2657.19
125.893 2544.2
131.447 3054.88
137.246 2576.75
143.301 3698.27
149.624 3582.37
156.225 3972.74
163.117 3701.82
170.314 4323.39
177.828 3953.51
185.674 3386.31
193.865 4443.23
202.418 4891.53
211.349 5030.73
220.673 4678.56
230.409 4712.96
240.575 4748.18
251.189 4821.17
262.271 5928.76
273.842 5874.69
285.924 7165.57
298.538 5839.77
311.709 5358.7
325.462 6578.76
339.821 6529.17
354.813 6562.78
370.467 4470.27
386.812 4148.03
403.878 2750.59
421.697 2514.18
440.301 2029.65
459.727 1539.14
480.01 973.431
501.187 687.625
523.299 804.056
546.387 337.467
570.493 361.286
595.662 204.408
621.942 308.158
649.382 306.04
678.032 401.427
707.946 105.732
739.18 272.01
771.792 91.6155
805.842 88.3704
841.395 60.689
878.517 116.509
917.276 81.7255
957.745 0
1000 0
