# First line is two numbers 
#     First value is '2', it means 'histogram mode'
#     Second value is 'Emin' of the histogram
# Other lines : 2 columns. 1) energy 2) probability (nb divided by NbEvent)
# Number of bins = 480
# Content below the first bin: 338.678
# Content above the last  bin: 0
# Content above the last  bin: 0
# Number of events: 209000
2 1e-06
1.04412e-06 0
1.09018e-06 0
1.13828e-06 0
1.1885e-06 0
1.24094e-06 0
1.29569e-06 0
1.35285e-06 0
1.41254e-06 0
1.47486e-06 0
1.53993e-06 0
1.60787e-06 0
1.6788e-06 0
1.75287e-06 0
1.83021e-06 0
1.91095e-06 0
1.99526e-06 0
2.08329e-06 0
2.1752e-06 0
2.27117e-06 0
2.37137e-06 0
2.476e-06 0
2.58523e-06 0
2.69929e-06 0
2.81838e-06 0
2.94273e-06 0
3.07256e-06 0
3.20812e-06 0
3.34965e-06 0
3.49744e-06 0
3.65174e-06 0
3.81285e-06 0
3.98107e-06 0
4.15671e-06 0
4.3401e-06 0
4.53158e-06 0
4.73151e-06 0
4.94026e-06 0
5.15822e-06 0
5.3858e-06 0
5.62341e-06 0
5.87151e-06 0
6.13056e-06 0
6.40103e-06 0
6.68344e-06 0
6.97831e-06 0
7.28618e-06 0
7.60764e-06 0
7.94328e-06 0
8.29373e-06 0
8.65964e-06 0
9.0417e-06 0
9.44061e-06 0
9.85712e-06 0
1.0292e-05 0
1.07461e-05 0
1.12202e-05 0
1.17152e-05 0
1.22321e-05 0
1.27717e-05 0
1.33352e-05 0
1.39236e-05 0
1.45378e-05 0
1.51792e-05 0
1.58489e-05 0
1.65482e-05 0
1.72783e-05 0
1.80406e-05 0
1.88365e-05 0
1.96675e-05 0
2.05353e-05 0
2.14412e-05 0
2.23872e-05 0
2.33749e-05 0
2.44062e-05 0
2.5483e-05 0
2.66073e-05 0
2.77811e-05 0
2.90068e-05 0
3.02866e-05 0
3.16228e-05 0
3.30179e-05 0
3.44747e-05 0
3.59956e-05 0
3.75837e-05 0
3.92419e-05 0
4.09732e-05 0
4.27809e-05 0
4.46684e-05 0
4.66391e-05 0
4.86968e-05 0
5.08452e-05 0
5.30884e-05 0
5.54307e-05 0
5.78762e-05 0
6.04296e-05 0
6.30957e-05 0
6.58795e-05 0
6.8786e-05 0
7.18208e-05 0
7.49894e-05 0
7.82979e-05 0
8.17523e-05 0
8.53591e-05 0
8.91251e-05 0
9.30572e-05 64.5287
9.71628e-05 0
0.00010145 0
0.000105925 0
0.000110599 0
0.000115478 0
0.000120573 0
0.000125893 0
0.000131447 0
0.000137246 0
0.000143301 0
0.000149624 0
0.000156225 0
0.000163117 0
0.000170314 0
0.000177828 0
0.000185674 0
0.000193865 0
0.000202418 0
0.000211349 0
0.000220673 0
0.000230409 0
0.000240575 0
0.000251189 0
0.000262271 0
0.000273842 0
0.000285924 0
0.000298538 0
0.000311709 0
0.000325462 0
0.000339821 0
0.000354813 0
0.000370467 0
0.000386812 0
0.000403878 0
0.000421697 0
0.000440301 0
0.000459727 0
0.00048001 0
0.000501187 0
0.000523299 0
0.000546387 0
0.000570493 0
0.000595662 0
0.000621942 47.3405
0.000649382 0
0.000678032 0
0.000707946 0
0.00073918 0
0.000771792 0
0.000805842 0
0.000841395 0
0.000878517 0
0.000917276 0
0.000957745 0
0.001 0
0.00104412 0
0.00109018 0
0.00113828 0
0.0011885 0
0.00124094 0
0.00129569 0
0.00135285 0
0.00141254 0
0.00147486 0
0.00153993 0
0.00160787 0
0.0016788 0
0.00175287 0
0.00183021 0
0.00191095 0
0.00199526 0
0.00208329 0
0.0021752 0
0.00227117 0
0.00237137 0
0.002476 0
0.00258523 0
0.00269929 0
0.00281838 0
0.00294273 0
0.00307256 0
0.00320812 0
0.00334965 0
0.00349744 0
0.00365174 0
0.00381285 0
0.00398107 0
0.00415671 0
0.0043401 0
0.00453158 0
0.00473151 0
0.00494026 110.024
0.00515822 0
0.0053858 0
0.00562341 0
0.00587151 0
0.00613056 0
0.00640103 0
0.00668344 0
0.00697831 0
0.00728618 0
0.00760764 0
0.00794328 0
0.00829373 0
0.00865964 101.091
0.0090417 0
0.00944061 0
0.00985712 0
0.010292 0
0.0107461 0
0.0112202 0
0.0117152 0
0.0122321 0
0.0127717 46.7628
0.0133352 0
0.0139236 0
0.0145378 0
0.0151792 0
0.0158489 74.2783
0.0165482 27.5204
0.0172783 0
0.0180406 0
0.0188365 0
0.0196675 182.189
0.0205353 0
0.0214412 0
0.0223872 0
0.0233749 0
0.0244062 0
0.025483 108.221
0.0266073 0
0.0277811 0
0.0290068 84.6173
0.0302866 95.4943
0.0316228 0
0.0330179 0
0.0344747 78.666
0.0359956 81.0375
0.0375837 0
0.0392419 419.046
0.0409732 85.9163
0.0427809 0
0.0446684 0
0.0466391 224.288
0.0486968 0
0.0508452 98.8456
0.0530884 0
0.0554307 101.576
0.0578762 102.909
0.0604296 0
0.0630957 201.872
0.0658795 138.305
0.068786 0
0.0718208 54.8992
0.0749894 14.6587
0.0782979 0
0.0817523 95.7753
0.0853591 90.0418
0.0891251 170.468
0.0930572 181.993
0.0971628 276.953
0.10145 117.05
0.105925 267.653
0.110599 162.026
0.115478 0
0.120573 190.144
0.125893 177.775
0.131447 494.046
0.137246 285.445
0.143301 148.759
0.149624 286.488
0.156225 289.717
0.163117 138.731
0.170314 80.5818
0.177828 290.43
0.185674 93.6643
0.193865 277.632
0.202418 194.073
0.211349 29.3342
0.220673 541.281
0.230409 147.191
0.240575 0
0.251189 214.72
0.262271 319.888
0.273842 220.866
0.285924 143.078
0.298538 86.7677
0.311709 229.188
0.325462 344.697
0.339821 181.464
0.354813 283.598
0.370467 398.65
0.386812 423.393
0.403878 635.063
0.421697 242.455
0.440301 404.067
0.459727 181.742
0.48001 463.663
0.501187 422.317
0.523299 158.208
0.546387 265.632
0.570493 296.569
0.595662 201.236
0.621942 360.011
0.649382 383.727
0.678032 189.565
0.707946 138.424
0.73918 71.4442
0.771792 609.761
0.805842 218.446
0.841395 377.259
0.878517 331.137
0.917276 351.917
0.957745 191.646
1 167.233
1.04412 254.715
1.09018 205.41
1.13828 335.95
1.1885 119.863
1.24094 231.749
1.29569 193.459
1.35285 148.081
1.41254 306.298
1.47486 105.051
1.53993 161.949
1.60787 137.719
1.6788 201.82
1.75287 325.068
1.83021 109.775
1.91095 105.859
1.99526 287.1
2.08329 161.274
2.1752 357.393
2.27117 101.361
2.37137 0
2.476 99.8415
2.58523 145.658
2.69929 111.697
2.81838 73.0036
2.94273 89.3976
3.07256 50.2284
3.20812 89.4328
3.34965 0
3.49744 0
3.65174 126.708
3.81285 320.682
3.98107 0
4.15671 0
4.3401 228.136
4.53158 59.5583
4.73151 0
4.94026 0
5.15822 0
5.3858 79.4321
5.62341 10.5793
5.87151 90.5407
6.13056 0
6.40103 113.457
6.68344 27.3852
6.97831 23.0909
7.28618 86.3467
7.60764 0
7.94328 167.994
8.29373 96.9637
8.65964 75.5078
9.0417 184.478
9.44061 158.326
9.85712 23.4784
10.292 0
10.7461 156.601
11.2202 107.188
11.7152 0
12.2321 101.706
12.7717 81.1778
13.3352 90.6547
13.9236 0
14.5378 192.005
15.1792 300.131
15.8489 187.675
16.5482 125.367
17.2783 0
18.0406 270.984
18.8365 169.767
19.6675 160.301
20.5353 0
21.4412 189.773
22.3872 159.552
23.3749 0
24.4062 116.405
25.483 96.1749
26.6073 50.5876
27.7811 103.25
29.0068 197.561
30.2866 271.36
31.6228 98.3524
33.0179 0
34.4747 0
35.9956 37.8885
37.5837 133.582
39.2419 256.334
40.9732 188.839
42.7809 0
44.6684 182.377
46.6391 134.88
48.6968 115.53
50.8452 0
53.0884 103.852
55.4307 122.693
57.8762 152.06
60.4296 304.6
63.0957 128.776
65.8795 280.402
68.786 140.983
71.8208 140.763
74.9894 38.0046
78.2979 105.872
81.7523 32.3659
85.3591 0
89.1251 201.374
93.0572 157.285
97.1628 181.523
101.45 60.5722
105.925 308.422
110.599 340.021
115.478 178.619
120.573 155.358
125.893 376.706
131.447 147.352
137.246 160.416
143.301 117.543
149.624 149.259
156.225 148.042
163.117 186.912
170.314 347.402
177.828 114.152
185.674 72.0125
193.865 112.505
202.418 59.7991
211.349 62.8519
220.673 0
230.409 135.956
240.575 117.892
251.189 185.844
262.271 0
273.842 0
285.924 0
298.538 0
311.709 0
325.462 0
339.821 0
354.813 64.8851
370.467 0
386.812 0
403.878 86.0213
421.697 53.7667
440.301 0
459.727 0
480.01 0
501.187 0
523.299 0
546.387 0
570.493 0
595.662 0
621.942 0
649.382 0
678.032 0
707.946 0
739.18 0
771.792 0
805.842 0
841.395 0
878.517 0
917.276 0
957.745 0
1000 0
