# First line is two numbers 
#     First value is '2', it means 'histogram mode'
#     Second value is 'Emin' of the histogram
# Other lines : 2 columns. 1) energy 2) probability (nb divided by NbEvent)
# Number of bins = 480
# Content below the first bin: 0
# Content above the last  bin: 0
# Content above the last  bin: 0
# Number of events: 209000
2 1e-06
1.04412e-06 0
1.09018e-06 0
1.13828e-06 0
1.1885e-06 0
1.24094e-06 0
1.29569e-06 0
1.35285e-06 0
1.41254e-06 0
1.47486e-06 0
1.53993e-06 0
1.60787e-06 0
1.6788e-06 0
1.75287e-06 0
1.83021e-06 0
1.91095e-06 0
1.99526e-06 0
2.08329e-06 0
2.1752e-06 0
2.27117e-06 0
2.37137e-06 0
2.476e-06 0
2.58523e-06 0
2.69929e-06 0
2.81838e-06 0
2.94273e-06 0
3.07256e-06 0
3.20812e-06 0
3.34965e-06 0
3.49744e-06 0
3.65174e-06 0
3.81285e-06 0
3.98107e-06 0
4.15671e-06 0
4.3401e-06 0
4.53158e-06 0
4.73151e-06 0
4.94026e-06 0
5.15822e-06 0
5.3858e-06 0
5.62341e-06 0
5.87151e-06 0
6.13056e-06 0
6.40103e-06 0
6.68344e-06 0
6.97831e-06 0
7.28618e-06 0
7.60764e-06 0
7.94328e-06 0
8.29373e-06 0
8.65964e-06 0
9.0417e-06 0
9.44061e-06 0
9.85712e-06 0
1.0292e-05 0
1.07461e-05 0
1.12202e-05 0
1.17152e-05 0
1.22321e-05 0
1.27717e-05 0
1.33352e-05 0
1.39236e-05 0
1.45378e-05 0
1.51792e-05 0
1.58489e-05 0
1.65482e-05 0
1.72783e-05 0
1.80406e-05 0
1.88365e-05 0
1.96675e-05 0
2.05353e-05 0
2.14412e-05 0
2.23872e-05 0
2.33749e-05 0
2.44062e-05 0
2.5483e-05 0
2.66073e-05 0
2.77811e-05 0
2.90068e-05 0
3.02866e-05 0
3.16228e-05 0
3.30179e-05 0
3.44747e-05 0
3.59956e-05 0
3.75837e-05 0
3.92419e-05 0
4.09732e-05 0
4.27809e-05 0
4.46684e-05 0
4.66391e-05 0
4.86968e-05 0
5.08452e-05 41.8426
5.30884e-05 0
5.54307e-05 0
5.78762e-05 0
6.04296e-05 0
6.30957e-05 0
6.58795e-05 0
6.8786e-05 0
7.18208e-05 0
7.49894e-05 0
7.82979e-05 0
8.17523e-05 0
8.53591e-05 0
8.91251e-05 0
9.30572e-05 0
9.71628e-05 0
0.00010145 0
0.000105925 0
0.000110599 0
0.000115478 0
0.000120573 0
0.000125893 0
0.000131447 0
0.000137246 0
0.000143301 0
0.000149624 0
0.000156225 0
0.000163117 0
0.000170314 0
0.000177828 0
0.000185674 0
0.000193865 0
0.000202418 0
0.000211349 0
0.000220673 0
0.000230409 0
0.000240575 0
0.000251189 0
0.000262271 0
0.000273842 0
0.000285924 0
0.000298538 0
0.000311709 0
0.000325462 0
0.000339821 0
0.000354813 0
0.000370467 0
0.000386812 0
0.000403878 0
0.000421697 0
0.000440301 0
0.000459727 0
0.00048001 0
0.000501187 0
0.000523299 0
0.000546387 0
0.000570493 0
0.000595662 0
0.000621942 0
0.000649382 0
0.000678032 0
0.000707946 0
0.00073918 0
0.000771792 0
0.000805842 0
0.000841395 0
0.000878517 0
0.000917276 0
0.000957745 0
0.001 0
0.00104412 0
0.00109018 0
0.00113828 0
0.0011885 0
0.00124094 0
0.00129569 0
0.00135285 0
0.00141254 0
0.00147486 0
0.00153993 0
0.00160787 0
0.0016788 0
0.00175287 0
0.00183021 0
0.00191095 0
0.00199526 0
0.00208329 0
0.0021752 0
0.00227117 0
0.00237137 0
0.002476 0
0.00258523 0
0.00269929 0
0.00281838 0
0.00294273 0
0.00307256 0
0.00320812 0
0.00334965 0
0.00349744 0
0.00365174 0
0.00381285 0
0.00398107 0
0.00415671 0
0.0043401 0
0.00453158 0
0.00473151 0
0.00494026 0
0.00515822 0
0.0053858 0
0.00562341 0
0.00587151 0
0.00613056 0
0.00640103 0
0.00668344 0
0.00697831 0
0.00728618 0
0.00760764 0
0.00794328 0
0.00829373 0
0.00865964 0
0.0090417 0
0.00944061 0
0.00985712 0
0.010292 0
0.0107461 0
0.0112202 0
0.0117152 0
0.0122321 0
0.0127717 0
0.0133352 0
0.0139236 0
0.0145378 0
0.0151792 0
0.0158489 0
0.0165482 85.0425
0.0172783 0
0.0180406 0
0.0188365 0
0.0196675 111.693
0.0205353 102.061
0.0214412 0
0.0223872 0
0.0233749 0
0.0244062 0
0.025483 0
0.0266073 58.2818
0.0277811 0
0.0290068 0
0.0302866 0
0.0316228 0
0.0330179 0
0.0344747 0
0.0359956 0
0.0375837 0
0.0392419 107.548
0.0409732 0
0.0427809 93.0919
0.0446684 101.741
0.0466391 205.528
0.0486968 0
0.0508452 173.99
0.0530884 0
0.0554307 0
0.0578762 108.9
0.0604296 0
0.0630957 114.292
0.0658795 75.914
0.068786 212.898
0.0718208 49.3383
0.0749894 0
0.0782979 215.993
0.0817523 109.704
0.0853591 0
0.0891251 54.086
0.0930572 197.019
0.0971628 0
0.10145 0
0.105925 81.1101
0.110599 269.477
0.115478 112.109
0.120573 346.629
0.125893 96.8511
0.131447 120.16
0.137246 249.208
0.143301 97.8064
0.149624 449.288
0.156225 235.75
0.163117 296.1
0.170314 228.871
0.177828 420.829
0.185674 193.687
0.193865 274.798
0.202418 190.161
0.211349 106.847
0.220673 63.7492
0.230409 105.073
0.240575 179.004
0.251189 250.724
0.262271 302.57
0.273842 368.747
0.285924 170.382
0.298538 86.8187
0.311709 263.012
0.325462 115.362
0.339821 338.861
0.354813 161.892
0.370467 451.435
0.386812 89.8475
0.403878 397.672
0.421697 545.352
0.440301 61.5758
0.459727 135.253
0.48001 179.395
0.501187 656.186
0.523299 398.082
0.546387 235.66
0.570493 595.591
0.595662 542.435
0.621942 284.641
0.649382 472.722
0.678032 484.51
0.707946 554.333
0.73918 785.725
0.771792 376.221
0.805842 605.208
0.841395 385.051
0.878517 92.3201
0.917276 279.948
0.957745 72.3345
1 145.16
1.04412 0
1.09018 225.677
1.13828 0
1.1885 230.382
1.24094 86.2339
1.29569 272.131
1.35285 135.485
1.41254 256.704
1.47486 111.7
1.53993 107.578
1.60787 293.342
1.6788 0
1.75287 17.8054
1.83021 24.7766
1.91095 8.47136
1.99526 320.692
2.08329 175.744
2.1752 70.0334
2.27117 110.165
2.37137 233.511
2.476 73.0482
2.58523 0
2.69929 0
2.81838 0
2.94273 69.3102
3.07256 48.1375
3.20812 322.187
3.34965 0
3.49744 201.809
3.65174 114.605
3.81285 97.0025
3.98107 0
4.15671 44.3742
4.3401 77.1759
4.53158 98.0914
4.73151 0
4.94026 134.536
5.15822 84.5101
5.3858 215.789
5.62341 0
5.87151 26.2578
6.13056 44.0255
6.40103 94.3225
6.68344 0
6.97831 418.965
7.28618 0
7.60764 106.46
7.94328 0
8.29373 120.905
8.65964 0
9.0417 0
9.44061 0
9.85712 8.22668
10.292 271.408
10.7461 57.7
11.2202 0
11.7152 0
12.2321 21.8551
12.7717 0
13.3352 0
13.9236 0
14.5378 0
15.1792 232.496
15.8489 199.294
16.5482 264.393
17.2783 0
18.0406 89.2101
18.8365 57.0148
19.6675 0
20.5353 215.598
21.4412 139.289
22.3872 0
23.3749 59.4657
24.4062 0
25.483 0
26.6073 200.089
27.7811 351.879
29.0068 69.9747
30.2866 168.674
31.6228 94.8193
33.0179 87.6367
34.4747 157.329
35.9956 192.554
37.5837 247.581
39.2419 65.7736
40.9732 59.8192
42.7809 0
44.6684 148.394
46.6391 173.52
48.6968 218.639
50.8452 44.5391
53.0884 297.285
55.4307 77.0542
57.8762 57.388
60.4296 235.923
63.0957 454.854
65.8795 125.196
68.786 203.377
71.8208 0
74.9894 400.719
78.2979 264.463
81.7523 177.456
85.3591 92.1706
89.1251 196.916
93.0572 140.975
97.1628 51.5493
101.45 389.2
105.925 379.438
110.599 100.019
115.478 239.155
120.573 27.3179
125.893 243.236
131.447 79.0244
137.246 0
143.301 82.2975
149.624 99.6503
156.225 203.142
163.117 0
170.314 134.626
177.828 145.203
185.674 292.326
193.865 25.489
202.418 91.0782
211.349 182.015
220.673 97.7491
230.409 120.15
240.575 38.4345
251.189 0
262.271 234.277
273.842 0
285.924 170.307
298.538 0
311.709 0
325.462 0
339.821 0
354.813 0
370.467 0
386.812 0
403.878 0
421.697 105.626
440.301 0
459.727 0
480.01 0
501.187 0
523.299 0
546.387 0
570.493 0
595.662 0
621.942 0
649.382 0
678.032 0
707.946 0
739.18 0
771.792 0
805.842 0
841.395 0
878.517 0
917.276 0
957.745 0
1000 0
