# First line is two numbers 
#     First value is '2', it means 'histogram mode'
#     Second value is 'Emin' of the histogram
# Other lines : 2 columns. 1) energy 2) probability (nb divided by NbEvent)
# Number of bins = 480
# Content below the first bin: 0
# Content above the last  bin: 0
# Content above the last  bin: 0
# Number of events: 209000
2 1e-06
1.04412e-06 0
1.09018e-06 0
1.13828e-06 0
1.1885e-06 0
1.24094e-06 0
1.29569e-06 0
1.35285e-06 0
1.41254e-06 0
1.47486e-06 0
1.53993e-06 0
1.60787e-06 0
1.6788e-06 0
1.75287e-06 0
1.83021e-06 0
1.91095e-06 0
1.99526e-06 0
2.08329e-06 0
2.1752e-06 0
2.27117e-06 0
2.37137e-06 0
2.476e-06 0
2.58523e-06 0
2.69929e-06 0
2.81838e-06 0
2.94273e-06 0
3.07256e-06 0
3.20812e-06 0
3.34965e-06 0
3.49744e-06 0
3.65174e-06 0
3.81285e-06 0
3.98107e-06 0
4.15671e-06 0
4.3401e-06 0
4.53158e-06 0
4.73151e-06 0
4.94026e-06 0
5.15822e-06 0
5.3858e-06 0
5.62341e-06 0
5.87151e-06 0
6.13056e-06 0
6.40103e-06 0
6.68344e-06 0
6.97831e-06 0
7.28618e-06 0
7.60764e-06 0
7.94328e-06 0
8.29373e-06 0
8.65964e-06 0
9.0417e-06 0
9.44061e-06 0
9.85712e-06 0
1.0292e-05 0
1.07461e-05 0
1.12202e-05 0
1.17152e-05 0
1.22321e-05 0
1.27717e-05 0
1.33352e-05 0
1.39236e-05 0
1.45378e-05 0
1.51792e-05 0
1.58489e-05 0
1.65482e-05 0
1.72783e-05 0
1.80406e-05 0
1.88365e-05 0
1.96675e-05 0
2.05353e-05 0
2.14412e-05 0
2.23872e-05 0
2.33749e-05 0
2.44062e-05 0
2.5483e-05 0
2.66073e-05 0
2.77811e-05 0
2.90068e-05 0
3.02866e-05 0
3.16228e-05 0
3.30179e-05 0
3.44747e-05 0
3.59956e-05 0
3.75837e-05 0
3.92419e-05 0
4.09732e-05 0
4.27809e-05 0
4.46684e-05 0
4.66391e-05 0
4.86968e-05 0
5.08452e-05 0
5.30884e-05 0
5.54307e-05 0
5.78762e-05 0
6.04296e-05 0
6.30957e-05 0
6.58795e-05 0
6.8786e-05 0
7.18208e-05 0
7.49894e-05 0
7.82979e-05 0
8.17523e-05 0
8.53591e-05 0
8.91251e-05 0
9.30572e-05 0
9.71628e-05 0
0.00010145 0
0.000105925 0
0.000110599 0
0.000115478 0
0.000120573 0
0.000125893 0
0.000131447 0
0.000137246 0
0.000143301 0
0.000149624 0
0.000156225 0
0.000163117 0
0.000170314 0
0.000177828 0
0.000185674 0
0.000193865 0
0.000202418 0
0.000211349 0
0.000220673 0
0.000230409 0
0.000240575 0
0.000251189 0
0.000262271 0
0.000273842 0
0.000285924 0
0.000298538 0
0.000311709 0
0.000325462 0
0.000339821 0
0.000354813 0
0.000370467 0
0.000386812 0
0.000403878 48.0876
0.000421697 0
0.000440301 0
0.000459727 0
0.00048001 0
0.000501187 0
0.000523299 0
0.000546387 0
0.000570493 0
0.000595662 0
0.000621942 0
0.000649382 0
0.000678032 0
0.000707946 0
0.00073918 0
0.000771792 0
0.000805842 0
0.000841395 0
0.000878517 35.1634
0.000917276 0
0.000957745 0
0.001 0
0.00104412 0
0.00109018 0
0.00113828 0
0.0011885 0
0.00124094 0
0.00129569 0
0.00135285 0
0.00141254 78.5505
0.00147486 0
0.00153993 0
0.00160787 0
0.0016788 102.594
0.00175287 0
0.00183021 59.447
0.00191095 0
0.00199526 0
0.00208329 0
0.0021752 0
0.00227117 0
0.00237137 0
0.002476 0
0.00258523 45.996
0.00269929 113.31
0.00281838 92.8488
0.00294273 0
0.00307256 0
0.00320812 0
0.00334965 0
0.00349744 0
0.00365174 0
0.00381285 0
0.00398107 70.4659
0.00415671 0
0.0043401 56.7458
0.00453158 217.165
0.00473151 0
0.00494026 0
0.00515822 0
0.0053858 113.076
0.00562341 179.64
0.00587151 97.8551
0.00613056 0
0.00640103 51.6166
0.00668344 74.9638
0.00697831 40.2804
0.00728618 0
0.00760764 248.588
0.00794328 0
0.00829373 37.9482
0.00865964 432.454
0.0090417 50.9441
0.00944061 167.678
0.00985712 142.99
0.010292 199.056
0.0107461 194.263
0.0112202 185.812
0.0117152 395.629
0.0122321 400.648
0.0127717 523.769
0.0133352 398.912
0.0139236 470.524
0.0145378 401.879
0.0151792 446.943
0.0158489 296.009
0.0165482 494.703
0.0172783 494.434
0.0180406 733.477
0.0188365 620.694
0.0196675 726.319
0.0205353 705.468
0.0214412 1035.19
0.0223872 708.565
0.0233749 778.661
0.0244062 513.247
0.025483 933.749
0.0266073 1007.89
0.0277811 1293.11
0.0290068 1548.08
0.0302866 1742.5
0.0316228 1146.22
0.0330179 988.932
0.0344747 1094.71
0.0359956 2427.49
0.0375837 2777.77
0.0392419 2086.99
0.0409732 1577.25
0.0427809 2180.9
0.0446684 1710.34
0.0466391 2575.64
0.0486968 2587.39
0.0508452 2612.82
0.0530884 2739.88
0.0554307 1479.08
0.0578762 3954.04
0.0604296 2512.49
0.0630957 2560.34
0.0658795 3654.37
0.068786 3118.26
0.0718208 3578.37
0.0749894 3912.32
0.0782979 4411.58
0.0817523 4133.04
0.0853591 3204.87
0.0891251 4436.09
0.0930572 4901.78
0.0971628 6503.79
0.10145 4999.09
0.105925 5542.3
0.110599 5476.92
0.115478 6287.09
0.120573 6793.7
0.125893 6457.23
0.131447 5875.14
0.137246 6926.09
0.143301 6239.24
0.149624 8085.67
0.156225 5832.5
0.163117 8618.71
0.170314 6543.24
0.177828 6703.44
0.185674 7832.88
0.193865 5703.78
0.202418 6862.32
0.211349 6587.18
0.220673 7731.89
0.230409 8189.02
0.240575 8564.19
0.251189 6959.19
0.262271 8025.25
0.273842 8212.31
0.285924 8993.19
0.298538 8222.51
0.311709 8752.89
0.325462 7141.12
0.339821 7223.04
0.354813 8272.84
0.370467 8182.09
0.386812 7313
0.403878 6603.09
0.421697 8183.38
0.440301 6922.36
0.459727 7269.33
0.48001 6776.6
0.501187 7142.72
0.523299 7171.57
0.546387 9979.8
0.570493 7771.61
0.595662 9208.67
0.621942 7292.5
0.649382 9877.02
0.678032 9217.04
0.707946 7119.37
0.73918 7138.3
0.771792 6036.41
0.805842 6123.94
0.841395 5867.4
0.878517 6060.75
0.917276 4997.89
0.957745 4644.04
1 4893.85
1.04412 4736.07
1.09018 4742.92
1.13828 3944.46
1.1885 4088.35
1.24094 3810.25
1.29569 3030.78
1.35285 3680.06
1.41254 3129.53
1.47486 3333.93
1.53993 3323.26
1.60787 2405.84
1.6788 4409.81
1.75287 3292.15
1.83021 2818.02
1.91095 2185.79
1.99526 2986.54
2.08329 1904.32
2.1752 3184.88
2.27117 2179.6
2.37137 1931.79
2.476 1627.21
2.58523 2595.75
2.69929 2133.37
2.81838 1482.18
2.94273 1771.95
3.07256 2137.8
3.20812 1778.65
3.34965 1814.34
3.49744 1121.02
3.65174 2343.74
3.81285 2721.59
3.98107 1080.76
4.15671 1508.28
4.3401 2048.33
4.53158 1692.75
4.73151 1212.03
4.94026 775.812
5.15822 1210.69
5.3858 1393.69
5.62341 1110.82
5.87151 565.023
6.13056 2369.9
6.40103 1254.3
6.68344 819.447
6.97831 1353.11
7.28618 728.804
7.60764 1148.46
7.94328 663.014
8.29373 1039.84
8.65964 751.848
9.0417 1019.32
9.44061 633.432
9.85712 1164.83
10.292 1073.68
10.7461 582.017
11.2202 703.577
11.7152 978.182
12.2321 811.962
12.7717 589.659
13.3352 1435.01
13.9236 637.264
14.5378 253.644
15.1792 925.74
15.8489 1065.6
16.5482 985.847
17.2783 718.089
18.0406 449.255
18.8365 535.063
19.6675 919.211
20.5353 851.998
21.4412 276.038
22.3872 395.556
23.3749 1090.48
24.4062 706.764
25.483 536.305
26.6073 937.503
27.7811 983.119
29.0068 640.254
30.2866 594.113
31.6228 809.62
33.0179 1149.21
34.4747 871.008
35.9956 678.184
37.5837 1028.74
39.2419 564.626
40.9732 1272.99
42.7809 845.549
44.6684 1437.31
46.6391 1137.15
48.6968 923.124
50.8452 1155.36
53.0884 938.978
55.4307 922.739
57.8762 1737.01
60.4296 1107.64
63.0957 1867.12
65.8795 1357.07
68.786 1242.37
71.8208 1165.93
74.9894 1223.53
78.2979 1141.69
81.7523 2169.61
85.3591 1751.27
89.1251 1252.07
93.0572 1840.69
97.1628 1690.78
101.45 1359.96
105.925 1879.46
110.599 1955.99
115.478 1062.84
120.573 1711.59
125.893 1303.63
131.447 1874.51
137.246 870.488
143.301 1644.38
149.624 1240.01
156.225 1526.41
163.117 1339.29
170.314 1010.34
177.828 1347.14
185.674 1406.64
193.865 951.719
202.418 1267.41
211.349 1164.64
220.673 1243.18
230.409 1035.17
240.575 1013.66
251.189 1095.01
262.271 1415.56
273.842 1524.58
285.924 640.399
298.538 1078.23
311.709 762.463
325.462 493.288
339.821 410.169
354.813 701.816
370.467 204.6
386.812 322.218
403.878 396.984
421.697 157.91
440.301 53.7534
459.727 46.034
480.01 230.257
501.187 157.071
523.299 0
546.387 85.3876
570.493 0
595.662 60.729
621.942 0
649.382 82.4178
678.032 200.199
707.946 0
739.18 0
771.792 0
805.842 0
841.395 0
878.517 0
917.276 0
957.745 0
1000 0
