# First line is two numbers 
#     First value is '2', it means 'histogram mode'
#     Second value is 'Emin' of the histogram
# Other lines : 2 columns. 1) energy 2) probability (nb divided by NbEvent)
# Number of bins = 480
# Content below the first bin: 0
# Content above the last  bin: 0
# Content above the last  bin: 0
# Number of events: 209000
2 1e-06
1.04412e-06 0
1.09018e-06 0
1.13828e-06 0
1.1885e-06 0
1.24094e-06 0
1.29569e-06 0
1.35285e-06 0
1.41254e-06 0
1.47486e-06 0
1.53993e-06 0
1.60787e-06 0
1.6788e-06 0
1.75287e-06 0
1.83021e-06 0
1.91095e-06 0
1.99526e-06 0
2.08329e-06 0
2.1752e-06 0
2.27117e-06 0
2.37137e-06 0
2.476e-06 0
2.58523e-06 0
2.69929e-06 0
2.81838e-06 0
2.94273e-06 0
3.07256e-06 0
3.20812e-06 0
3.34965e-06 0
3.49744e-06 0
3.65174e-06 0
3.81285e-06 0
3.98107e-06 0
4.15671e-06 0
4.3401e-06 0
4.53158e-06 0
4.73151e-06 0
4.94026e-06 0
5.15822e-06 0
5.3858e-06 0
5.62341e-06 0
5.87151e-06 0
6.13056e-06 0
6.40103e-06 0
6.68344e-06 0
6.97831e-06 0
7.28618e-06 0
7.60764e-06 0
7.94328e-06 0
8.29373e-06 0
8.65964e-06 0
9.0417e-06 0
9.44061e-06 0
9.85712e-06 0
1.0292e-05 0
1.07461e-05 0
1.12202e-05 0
1.17152e-05 0
1.22321e-05 0
1.27717e-05 0
1.33352e-05 0
1.39236e-05 0
1.45378e-05 0
1.51792e-05 0
1.58489e-05 0
1.65482e-05 0
1.72783e-05 0
1.80406e-05 0
1.88365e-05 0
1.96675e-05 0
2.05353e-05 0
2.14412e-05 0
2.23872e-05 0
2.33749e-05 0
2.44062e-05 0
2.5483e-05 0
2.66073e-05 0
2.77811e-05 0
2.90068e-05 0
3.02866e-05 0
3.16228e-05 0
3.30179e-05 0
3.44747e-05 0
3.59956e-05 0
3.75837e-05 0
3.92419e-05 0
4.09732e-05 0
4.27809e-05 0
4.46684e-05 0
4.66391e-05 0
4.86968e-05 0
5.08452e-05 0
5.30884e-05 0
5.54307e-05 0
5.78762e-05 0
6.04296e-05 0
6.30957e-05 0
6.58795e-05 0
6.8786e-05 0
7.18208e-05 0
7.49894e-05 0
7.82979e-05 0
8.17523e-05 0
8.53591e-05 0
8.91251e-05 0
9.30572e-05 0
9.71628e-05 0
0.00010145 0
0.000105925 0
0.000110599 0
0.000115478 0
0.000120573 0
0.000125893 0
0.000131447 0
0.000137246 0
0.000143301 0
0.000149624 0
0.000156225 0
0.000163117 0
0.000170314 0
0.000177828 0
0.000185674 0
0.000193865 0
0.000202418 0
0.000211349 0
0.000220673 0
0.000230409 0
0.000240575 0
0.000251189 0
0.000262271 0
0.000273842 0
0.000285924 0
0.000298538 0
0.000311709 0
0.000325462 0
0.000339821 0
0.000354813 0
0.000370467 0
0.000386812 0
0.000403878 0
0.000421697 0
0.000440301 0
0.000459727 0
0.00048001 83.9881
0.000501187 0
0.000523299 0
0.000546387 0
0.000570493 0
0.000595662 0
0.000621942 0
0.000649382 0
0.000678032 0
0.000707946 0
0.00073918 0
0.000771792 0
0.000805842 0
0.000841395 0
0.000878517 0
0.000917276 0
0.000957745 0
0.001 0
0.00104412 0
0.00109018 0
0.00113828 0
0.0011885 0
0.00124094 0
0.00129569 0
0.00135285 0
0.00141254 0
0.00147486 0
0.00153993 0
0.00160787 0
0.0016788 0
0.00175287 0
0.00183021 0
0.00191095 0
0.00199526 0
0.00208329 0
0.0021752 0
0.00227117 0
0.00237137 0
0.002476 0
0.00258523 0
0.00269929 0
0.00281838 0
0.00294273 0
0.00307256 0
0.00320812 0
0.00334965 0
0.00349744 0
0.00365174 0
0.00381285 0
0.00398107 0
0.00415671 0
0.0043401 116.757
0.00453158 0
0.00473151 0
0.00494026 0
0.00515822 0
0.0053858 0
0.00562341 0
0.00587151 0
0.00613056 79.2003
0.00640103 0
0.00668344 0
0.00697831 0
0.00728618 0
0.00760764 119.346
0.00794328 0
0.00829373 0
0.00865964 0
0.0090417 77.2985
0.00944061 117.008
0.00985712 0
0.010292 0
0.0107461 0
0.0112202 76.569
0.0117152 0
0.0122321 0
0.0127717 126.404
0.0133352 84.3005
0.0139236 165.233
0.0145378 62.4542
0.0151792 86.6389
0.0158489 302.362
0.0165482 159.852
0.0172783 138.727
0.0180406 174.045
0.0188365 264.677
0.0196675 7.61545
0.0205353 485.44
0.0214412 350.884
0.0223872 161.32
0.0233749 229.614
0.0244062 213.598
0.025483 317.848
0.0266073 104.272
0.0277811 233.079
0.0290068 328.156
0.0302866 280.922
0.0316228 392.161
0.0330179 158.987
0.0344747 229.337
0.0359956 397.326
0.0375837 372.719
0.0392419 345.924
0.0409732 537.703
0.0427809 456.85
0.0446684 518.964
0.0466391 791.55
0.0486968 685.951
0.0508452 594.226
0.0530884 924.398
0.0554307 408.188
0.0578762 787.596
0.0604296 945.245
0.0630957 817.473
0.0658795 825.561
0.068786 631.202
0.0718208 835.705
0.0749894 1223.99
0.0782979 955.569
0.0817523 985.346
0.0853591 1096.96
0.0891251 1143.26
0.0930572 1936.97
0.0971628 1761.4
0.10145 865.99
0.105925 1511.55
0.110599 1922.02
0.115478 1725.49
0.120573 1966.61
0.125893 2038.85
0.131447 2059.38
0.137246 1485.28
0.143301 1743.95
0.149624 2261.36
0.156225 3422.1
0.163117 2608.6
0.170314 2708.46
0.177828 2147.1
0.185674 3521.36
0.193865 2663.58
0.202418 2144.02
0.211349 3000.51
0.220673 2895.06
0.230409 3377.78
0.240575 3410.11
0.251189 3408.2
0.262271 3335.69
0.273842 3191.7
0.285924 3537.55
0.298538 3656.31
0.311709 4774.15
0.325462 4399.32
0.339821 4219.63
0.354813 3931.47
0.370467 3713.46
0.386812 4945.51
0.403878 3582.9
0.421697 3753.02
0.440301 4296.75
0.459727 3497.93
0.48001 4147.84
0.501187 4907.97
0.523299 4361.61
0.546387 4368.61
0.570493 4562.16
0.595662 5741.23
0.621942 4341.93
0.649382 3454.31
0.678032 5989.32
0.707946 4215.31
0.73918 4572.57
0.771792 4062.09
0.805842 4392.84
0.841395 3106.85
0.878517 3506.06
0.917276 3260.92
0.957745 3026.23
1 3116.83
1.04412 2659.49
1.09018 3498.46
1.13828 3047.23
1.1885 2844.86
1.24094 1816.11
1.29569 3133.1
1.35285 2543.28
1.41254 2529.36
1.47486 2780
1.53993 2430.42
1.60787 1921.5
1.6788 2923.05
1.75287 2051.89
1.83021 1431.55
1.91095 2110.31
1.99526 2625.03
2.08329 2173.99
2.1752 1696.17
2.27117 1767.47
2.37137 2507.11
2.476 1578.51
2.58523 1586.68
2.69929 1280.3
2.81838 1507.14
2.94273 1454.78
3.07256 2507.06
3.20812 2111.03
3.34965 1359.83
3.49744 1323
3.65174 1464.62
3.81285 1812.11
3.98107 1079.54
4.15671 1594.72
4.3401 1056.64
4.53158 1155.2
4.73151 851.339
4.94026 1205.48
5.15822 1004.04
5.3858 1229.91
5.62341 1018.65
5.87151 992.284
6.13056 966.779
6.40103 1574.87
6.68344 1279.02
6.97831 919.207
7.28618 1388.45
7.60764 945.904
7.94328 809.273
8.29373 1062.21
8.65964 922.182
9.0417 507.288
9.44061 651.966
9.85712 534.93
10.292 549.424
10.7461 920.751
11.2202 794.149
11.7152 603.644
12.2321 661.273
12.7717 686.26
13.3352 993.952
13.9236 437.674
14.5378 559.228
15.1792 713.871
15.8489 1101.59
16.5482 669.267
17.2783 1255.35
18.0406 1127.08
18.8365 672.626
19.6675 385.493
20.5353 704.237
21.4412 482.256
22.3872 813.545
23.3749 477.273
24.4062 439.321
25.483 871.978
26.6073 368.022
27.7811 961.421
29.0068 886.655
30.2866 667.871
31.6228 1139.36
33.0179 636.336
34.4747 1144.11
35.9956 702.972
37.5837 818.3
39.2419 999.535
40.9732 988.847
42.7809 1034.2
44.6684 902.597
46.6391 849.484
48.6968 979.627
50.8452 1027.79
53.0884 1313.97
55.4307 907.789
57.8762 1084.42
60.4296 1332.36
63.0957 1461.92
65.8795 1021.49
68.786 1256.01
71.8208 1704.2
74.9894 1336.7
78.2979 1723.43
81.7523 1381.9
85.3591 1568.84
89.1251 651.998
93.0572 1831.23
97.1628 1892.6
101.45 1536.81
105.925 2035.6
110.599 1607.42
115.478 1644.34
120.573 1448.2
125.893 1924.17
131.447 1529.8
137.246 1405.37
143.301 1999.7
149.624 1669.57
156.225 2484.53
163.117 1906.19
170.314 1551.7
177.828 2437.76
185.674 2539.05
193.865 2241.37
202.418 2378.89
211.349 1330.82
220.673 1889.85
230.409 2291.38
240.575 2335.13
251.189 2071.35
262.271 2401.65
273.842 1692.36
285.924 2276.79
298.538 2511.04
311.709 2552.13
325.462 2064.47
339.821 2353.19
354.813 2944.02
370.467 1547.79
386.812 1818.63
403.878 1465.3
421.697 1373.19
440.301 1381.89
459.727 1007.83
480.01 1138.05
501.187 615.736
523.299 166.53
546.387 838.966
570.493 0
595.662 362.424
621.942 76.0888
649.382 438.87
678.032 404.644
707.946 43.6345
739.18 35.0246
771.792 204.45
805.842 115.611
841.395 31.5783
878.517 71.736
917.276 98.9077
957.745 0
1000 0
