# First line is two numbers 
#     First value is '2', it means 'histogram mode'
#     Second value is 'Emin' of the histogram
# Other lines : 2 columns. 1) energy 2) probability (nb divided by NbEvent)
# Number of bins = 480
# Content below the first bin: 0
# Content above the last  bin: 93.7162
# Content above the last  bin: 93.7162
# Number of events: 209000
2 1e-06
1.04412e-06 0
1.09018e-06 0
1.13828e-06 0
1.1885e-06 0
1.24094e-06 0
1.29569e-06 0
1.35285e-06 0
1.41254e-06 0
1.47486e-06 0
1.53993e-06 0
1.60787e-06 0
1.6788e-06 0
1.75287e-06 0
1.83021e-06 0
1.91095e-06 0
1.99526e-06 0
2.08329e-06 0
2.1752e-06 0
2.27117e-06 0
2.37137e-06 0
2.476e-06 0
2.58523e-06 0
2.69929e-06 0
2.81838e-06 0
2.94273e-06 0
3.07256e-06 0
3.20812e-06 0
3.34965e-06 0
3.49744e-06 0
3.65174e-06 0
3.81285e-06 0
3.98107e-06 0
4.15671e-06 0
4.3401e-06 0
4.53158e-06 0
4.73151e-06 0
4.94026e-06 0
5.15822e-06 0
5.3858e-06 0
5.62341e-06 0
5.87151e-06 0
6.13056e-06 0
6.40103e-06 0
6.68344e-06 0
6.97831e-06 0
7.28618e-06 0
7.60764e-06 0
7.94328e-06 0
8.29373e-06 0
8.65964e-06 0
9.0417e-06 0
9.44061e-06 0
9.85712e-06 0
1.0292e-05 0
1.07461e-05 0
1.12202e-05 0
1.17152e-05 0
1.22321e-05 0
1.27717e-05 0
1.33352e-05 0
1.39236e-05 0
1.45378e-05 0
1.51792e-05 0
1.58489e-05 0
1.65482e-05 0
1.72783e-05 0
1.80406e-05 0
1.88365e-05 0
1.96675e-05 0
2.05353e-05 0
2.14412e-05 0
2.23872e-05 0
2.33749e-05 0
2.44062e-05 0
2.5483e-05 0
2.66073e-05 0
2.77811e-05 0
2.90068e-05 0
3.02866e-05 0
3.16228e-05 0
3.30179e-05 0
3.44747e-05 0
3.59956e-05 0
3.75837e-05 0
3.92419e-05 0
4.09732e-05 0
4.27809e-05 0
4.46684e-05 0
4.66391e-05 0
4.86968e-05 0
5.08452e-05 0
5.30884e-05 0
5.54307e-05 0
5.78762e-05 0
6.04296e-05 0
6.30957e-05 0
6.58795e-05 0
6.8786e-05 0
7.18208e-05 0
7.49894e-05 0
7.82979e-05 0
8.17523e-05 0
8.53591e-05 0
8.91251e-05 0
9.30572e-05 0
9.71628e-05 0
0.00010145 0
0.000105925 0
0.000110599 0
0.000115478 0
0.000120573 0
0.000125893 0
0.000131447 0
0.000137246 0
0.000143301 0
0.000149624 0
0.000156225 0
0.000163117 0
0.000170314 0
0.000177828 0
0.000185674 0
0.000193865 0
0.000202418 0
0.000211349 0
0.000220673 0
0.000230409 0
0.000240575 0
0.000251189 0
0.000262271 0
0.000273842 0
0.000285924 0
0.000298538 0
0.000311709 0
0.000325462 0
0.000339821 0
0.000354813 0
0.000370467 0
0.000386812 0
0.000403878 0
0.000421697 0
0.000440301 0
0.000459727 0
0.00048001 0
0.000501187 0
0.000523299 0
0.000546387 0
0.000570493 0
0.000595662 0
0.000621942 0
0.000649382 0
0.000678032 0
0.000707946 0
0.00073918 0
0.000771792 0
0.000805842 0
0.000841395 0
0.000878517 0
0.000917276 0
0.000957745 0
0.001 0
0.00104412 0
0.00109018 0
0.00113828 0
0.0011885 107.752
0.00124094 0
0.00129569 0
0.00135285 0
0.00141254 0
0.00147486 0
0.00153993 0
0.00160787 0
0.0016788 0
0.00175287 0
0.00183021 0
0.00191095 0
0.00199526 0
0.00208329 0
0.0021752 0
0.00227117 108.071
0.00237137 0
0.002476 89.5886
0.00258523 0
0.00269929 0
0.00281838 59.0397
0.00294273 0
0.00307256 0
0.00320812 0
0.00334965 0
0.00349744 78.7301
0.00365174 0
0.00381285 0
0.00398107 0
0.00415671 0
0.0043401 30.6146
0.00453158 0
0.00473151 0
0.00494026 0
0.00515822 100.182
0.0053858 113.445
0.00562341 0
0.00587151 0
0.00613056 0
0.00640103 0
0.00668344 0
0.00697831 0
0.00728618 0
0.00760764 0
0.00794328 94.9168
0.00829373 0
0.00865964 0
0.0090417 0
0.00944061 96.2727
0.00985712 117.3
0.010292 0
0.0107461 0
0.0112202 84.7033
0.0117152 0
0.0122321 0
0.0127717 182.552
0.0133352 0
0.0139236 115.527
0.0145378 0
0.0151792 263.088
0.0158489 62.7463
0.0165482 0
0.0172783 118.164
0.0180406 24.8991
0.0188365 84.407
0.0196675 0
0.0205353 266.892
0.0214412 286.026
0.0223872 0
0.0233749 288.327
0.0244062 183.218
0.025483 300.597
0.0266073 290.172
0.0277811 169.338
0.0290068 340.644
0.0302866 410.008
0.0316228 405.173
0.0330179 477.852
0.0344747 572.559
0.0359956 517.463
0.0375837 486.345
0.0392419 389.775
0.0409732 184.697
0.0427809 495.029
0.0446684 404.507
0.0466391 601.804
0.0486968 538.971
0.0508452 760.753
0.0530884 812.308
0.0554307 650.703
0.0578762 886.028
0.0604296 863.093
0.0630957 595.905
0.0658795 783.334
0.068786 828.706
0.0718208 1308.33
0.0749894 644.99
0.0782979 1782.45
0.0817523 697.169
0.0853591 1215.02
0.0891251 2211.6
0.0930572 1529.16
0.0971628 1697.88
0.10145 1723.11
0.105925 1665.78
0.110599 1481.55
0.115478 2755.05
0.120573 1962.52
0.125893 2005.02
0.131447 3202.2
0.137246 1734.88
0.143301 1851.28
0.149624 3135.89
0.156225 1926.28
0.163117 2165.25
0.170314 2453.14
0.177828 2532.4
0.185674 1772.66
0.193865 2884.93
0.202418 3194.99
0.211349 3032.69
0.220673 3017.9
0.230409 2811.54
0.240575 4534.72
0.251189 2791.49
0.262271 4017.34
0.273842 3282.26
0.285924 4374.41
0.298538 4185.48
0.311709 3605.09
0.325462 3746.28
0.339821 3364.49
0.354813 3780.95
0.370467 3984.47
0.386812 3709.19
0.403878 4584.62
0.421697 4744.16
0.440301 5397.28
0.459727 4677.81
0.48001 4621
0.501187 3472.78
0.523299 4401.69
0.546387 4505.51
0.570493 4455.54
0.595662 4171.01
0.621942 4108.63
0.649382 5032.46
0.678032 3922.02
0.707946 4235.63
0.73918 3825.58
0.771792 3809.51
0.805842 4170.44
0.841395 4767.52
0.878517 3818.88
0.917276 5081.31
0.957745 3455.06
1 3764.21
1.04412 2945.62
1.09018 3748.6
1.13828 3536.17
1.1885 2910.86
1.24094 2997.48
1.29569 3137.92
1.35285 2379.19
1.41254 3321.06
1.47486 2264.22
1.53993 1557.44
1.60787 2453.85
1.6788 2140.75
1.75287 2111.75
1.83021 1529.08
1.91095 2555.24
1.99526 1978.99
2.08329 2413.84
2.1752 1925.4
2.27117 2064.4
2.37137 1468.56
2.476 1237.93
2.58523 1119.12
2.69929 2845.21
2.81838 1619.93
2.94273 1591.83
3.07256 1897.74
3.20812 1330.87
3.34965 1377.65
3.49744 1930.43
3.65174 1619.56
3.81285 1171.62
3.98107 2519.35
4.15671 842.389
4.3401 1648.38
4.53158 550.216
4.73151 1384.49
4.94026 1444.73
5.15822 1030.95
5.3858 1033.93
5.62341 1190.58
5.87151 824.933
6.13056 815.612
6.40103 1136.37
6.68344 1210.15
6.97831 1421.84
7.28618 1251.02
7.60764 1132.9
7.94328 1184.07
8.29373 585.199
8.65964 879.329
9.0417 825.587
9.44061 740.81
9.85712 1008.85
10.292 411.611
10.7461 465.584
11.2202 751.946
11.7152 777.14
12.2321 989.125
12.7717 906.934
13.3352 450.979
13.9236 1021.68
14.5378 581.195
15.1792 1221.23
15.8489 620.97
16.5482 477.494
17.2783 405.481
18.0406 852.98
18.8365 734.971
19.6675 649.704
20.5353 756.462
21.4412 816.023
22.3872 1226.54
23.3749 1098.74
24.4062 786.931
25.483 896.991
26.6073 1235.33
27.7811 620.601
29.0068 922.473
30.2866 939.663
31.6228 1721.57
33.0179 810.051
34.4747 1192.39
35.9956 504.999
37.5837 897.533
39.2419 1144.23
40.9732 903.131
42.7809 978.15
44.6684 823.059
46.6391 1374.04
48.6968 1299.9
50.8452 662.937
53.0884 1298.6
55.4307 957.875
57.8762 1050.4
60.4296 1048.69
63.0957 1055.99
65.8795 1310.2
68.786 1142.53
71.8208 1557.2
74.9894 2364.28
78.2979 1892.91
81.7523 681.789
85.3591 1392.09
89.1251 1090.01
93.0572 1322.1
97.1628 1751.38
101.45 2076.88
105.925 1720.08
110.599 1766.59
115.478 2122.42
120.573 1609.59
125.893 964.478
131.447 981.925
137.246 876.125
143.301 2394.96
149.624 915.008
156.225 1524
163.117 1215.72
170.314 1719.32
177.828 1808.29
185.674 1968.89
193.865 1838.64
202.418 1481.04
211.349 2608.35
220.673 2385.09
230.409 2310.69
240.575 2696.98
251.189 2578.49
262.271 2260.51
273.842 2628.9
285.924 2213.14
298.538 1688.98
311.709 1947.03
325.462 1620.54
339.821 3349.5
354.813 2221.66
370.467 2404.6
386.812 1923.49
403.878 1882.8
421.697 1761.11
440.301 1850.85
459.727 990.647
480.01 1138.45
501.187 421.013
523.299 253.174
546.387 716.56
570.493 228.031
595.662 186.445
621.942 282.648
649.382 106.076
678.032 232.658
707.946 89.3708
739.18 0
771.792 0
805.842 219.602
841.395 0
878.517 85.3496
917.276 115.104
957.745 25.3101
1000 0
