# First line is two numbers 
#     First value is '2', it means 'histogram mode'
#     Second value is 'Emin' of the histogram
# Other lines : 2 columns. 1) energy 2) probability (nb divided by NbEvent)
# Number of bins = 480
# Content below the first bin: 0
# Content above the last  bin: 0
# Content above the last  bin: 0
# Number of events: 209000
2 1e-06
1.04412e-06 0
1.09018e-06 0
1.13828e-06 0
1.1885e-06 0
1.24094e-06 0
1.29569e-06 0
1.35285e-06 0
1.41254e-06 0
1.47486e-06 0
1.53993e-06 0
1.60787e-06 0
1.6788e-06 0
1.75287e-06 0
1.83021e-06 0
1.91095e-06 0
1.99526e-06 0
2.08329e-06 0
2.1752e-06 0
2.27117e-06 0
2.37137e-06 0
2.476e-06 0
2.58523e-06 0
2.69929e-06 0
2.81838e-06 0
2.94273e-06 0
3.07256e-06 0
3.20812e-06 0
3.34965e-06 0
3.49744e-06 0
3.65174e-06 0
3.81285e-06 0
3.98107e-06 0
4.15671e-06 0
4.3401e-06 0
4.53158e-06 0
4.73151e-06 0
4.94026e-06 0
5.15822e-06 0
5.3858e-06 0
5.62341e-06 0
5.87151e-06 0
6.13056e-06 0
6.40103e-06 0
6.68344e-06 0
6.97831e-06 0
7.28618e-06 0
7.60764e-06 0
7.94328e-06 0
8.29373e-06 0
8.65964e-06 0
9.0417e-06 0
9.44061e-06 0
9.85712e-06 0
1.0292e-05 0
1.07461e-05 0
1.12202e-05 0
1.17152e-05 0
1.22321e-05 0
1.27717e-05 0
1.33352e-05 0
1.39236e-05 0
1.45378e-05 0
1.51792e-05 0
1.58489e-05 0
1.65482e-05 0
1.72783e-05 0
1.80406e-05 0
1.88365e-05 0
1.96675e-05 0
2.05353e-05 0
2.14412e-05 0
2.23872e-05 0
2.33749e-05 0
2.44062e-05 0
2.5483e-05 0
2.66073e-05 0
2.77811e-05 0
2.90068e-05 0
3.02866e-05 0
3.16228e-05 0
3.30179e-05 0
3.44747e-05 0
3.59956e-05 0
3.75837e-05 0
3.92419e-05 0
4.09732e-05 0
4.27809e-05 0
4.46684e-05 0
4.66391e-05 0
4.86968e-05 0
5.08452e-05 0
5.30884e-05 0
5.54307e-05 0
5.78762e-05 0
6.04296e-05 0
6.30957e-05 0
6.58795e-05 0
6.8786e-05 0
7.18208e-05 0
7.49894e-05 0
7.82979e-05 0
8.17523e-05 0
8.53591e-05 0
8.91251e-05 0
9.30572e-05 0
9.71628e-05 0
0.00010145 0
0.000105925 0
0.000110599 0
0.000115478 0
0.000120573 0
0.000125893 0
0.000131447 0
0.000137246 0
0.000143301 0
0.000149624 0
0.000156225 0
0.000163117 0
0.000170314 0
0.000177828 0
0.000185674 0
0.000193865 0
0.000202418 0
0.000211349 0
0.000220673 0
0.000230409 0
0.000240575 0
0.000251189 0
0.000262271 0
0.000273842 0
0.000285924 0
0.000298538 71.8374
0.000311709 0
0.000325462 0
0.000339821 0
0.000354813 0
0.000370467 0
0.000386812 0
0.000403878 0
0.000421697 0
0.000440301 0
0.000459727 91.1777
0.00048001 0
0.000501187 0
0.000523299 0
0.000546387 0
0.000570493 0
0.000595662 0
0.000621942 0
0.000649382 0
0.000678032 0
0.000707946 0
0.00073918 0
0.000771792 0
0.000805842 0
0.000841395 0
0.000878517 0
0.000917276 0
0.000957745 0
0.001 0
0.00104412 0
0.00109018 0
0.00113828 0
0.0011885 0
0.00124094 0
0.00129569 0
0.00135285 0
0.00141254 0
0.00147486 0
0.00153993 0
0.00160787 0
0.0016788 0
0.00175287 0
0.00183021 0
0.00191095 0
0.00199526 0
0.00208329 0
0.0021752 0
0.00227117 0
0.00237137 0
0.002476 0
0.00258523 0
0.00269929 0
0.00281838 0
0.00294273 0
0.00307256 61.1408
0.00320812 0
0.00334965 46.3924
0.00349744 56.633
0.00365174 64.2151
0.00381285 41.8395
0.00398107 0
0.00415671 0
0.0043401 0
0.00453158 0
0.00473151 0
0.00494026 90.8164
0.00515822 0
0.0053858 0
0.00562341 118.001
0.00587151 95.5309
0.00613056 0
0.00640103 0
0.00668344 0
0.00697831 0
0.00728618 109.498
0.00760764 0
0.00794328 125.139
0.00829373 94.3684
0.00865964 118.917
0.0090417 0
0.00944061 67.1188
0.00985712 0
0.010292 0
0.0107461 0
0.0112202 118.417
0.0117152 0
0.0122321 0
0.0127717 0
0.0133352 61.7192
0.0139236 101.41
0.0145378 119.15
0.0151792 158.562
0.0158489 195.979
0.0165482 117.443
0.0172783 0
0.0180406 206.839
0.0188365 218.168
0.0196675 289.214
0.0205353 0
0.0214412 190.495
0.0223872 251.201
0.0233749 378.673
0.0244062 374.697
0.025483 32.658
0.0266073 0
0.0277811 293.707
0.0290068 460.219
0.0302866 358.537
0.0316228 497.165
0.0330179 297.174
0.0344747 502.009
0.0359956 594.779
0.0375837 483.011
0.0392419 215.22
0.0409732 398.387
0.0427809 438.304
0.0446684 602.363
0.0466391 391.216
0.0486968 400.106
0.0508452 445.284
0.0530884 769.209
0.0554307 572.223
0.0578762 944.273
0.0604296 1428.74
0.0630957 841.007
0.0658795 926.534
0.068786 940.722
0.0718208 935.493
0.0749894 1328.3
0.0782979 1286.05
0.0817523 1782.2
0.0853591 861.8
0.0891251 1357.03
0.0930572 1419.72
0.0971628 1952.91
0.10145 2183.84
0.105925 1480.61
0.110599 1231.25
0.115478 1556.22
0.120573 1782.24
0.125893 1415.45
0.131447 2328.63
0.137246 2819.89
0.143301 1691.08
0.149624 2018.44
0.156225 2425.93
0.163117 2600.87
0.170314 3066.3
0.177828 2187.29
0.185674 2905.44
0.193865 3086.14
0.202418 2513.18
0.211349 3536.67
0.220673 2427.71
0.230409 2610.81
0.240575 2718.1
0.251189 3088.37
0.262271 3510.61
0.273842 3702
0.285924 3501.72
0.298538 3401.68
0.311709 1790.01
0.325462 4853.82
0.339821 3555.47
0.354813 3842.6
0.370467 3620.28
0.386812 3905.39
0.403878 3569.91
0.421697 4883.06
0.440301 2901.3
0.459727 4426.04
0.48001 4780.7
0.501187 4360.56
0.523299 4591.38
0.546387 4091.42
0.570493 4750.3
0.595662 3428.93
0.621942 5489.45
0.649382 5832.37
0.678032 4486.3
0.707946 4550.41
0.73918 3820.2
0.771792 4293.85
0.805842 4526.01
0.841395 4793.7
0.878517 4029.69
0.917276 3884.91
0.957745 3804.39
1 2763.49
1.04412 4608.41
1.09018 2605.13
1.13828 3691.34
1.1885 3980.62
1.24094 3265.68
1.29569 3787.29
1.35285 2974.51
1.41254 2383.01
1.47486 1983.55
1.53993 2960.56
1.60787 1804.51
1.6788 3304.83
1.75287 2201.5
1.83021 1533.8
1.91095 2163.8
1.99526 1263.97
2.08329 1658.18
2.1752 1676.5
2.27117 1743.06
2.37137 1773.79
2.476 1303.52
2.58523 1467.3
2.69929 1457.42
2.81838 1751.76
2.94273 1093.13
3.07256 1414.3
3.20812 1243.23
3.34965 1711.92
3.49744 2099.32
3.65174 2168.84
3.81285 1596.61
3.98107 1487.97
4.15671 1195.99
4.3401 1382.22
4.53158 1354.47
4.73151 1374.19
4.94026 1525.36
5.15822 886.665
5.3858 1156.78
5.62341 897.129
5.87151 1079.94
6.13056 1164.5
6.40103 976.87
6.68344 1003.74
6.97831 1401.37
7.28618 1034.05
7.60764 1406.99
7.94328 814.522
8.29373 1102.15
8.65964 1281.14
9.0417 978.096
9.44061 632.866
9.85712 1045.98
10.292 853.18
10.7461 619.011
11.2202 1017.91
11.7152 965.655
12.2321 989.153
12.7717 586.746
13.3352 388.149
13.9236 1249.08
14.5378 1126.73
15.1792 996.37
15.8489 739.941
16.5482 725.048
17.2783 680.679
18.0406 720.867
18.8365 1112.61
19.6675 676.045
20.5353 726.086
21.4412 851.695
22.3872 747.208
23.3749 564.575
24.4062 770.149
25.483 1300.15
26.6073 337.471
27.7811 786.985
29.0068 615.248
30.2866 350.669
31.6228 948.4
33.0179 914.621
34.4747 836.03
35.9956 1613.71
37.5837 1494.39
39.2419 1108.22
40.9732 253.049
42.7809 1084.9
44.6684 1981.08
46.6391 689.583
48.6968 1464.77
50.8452 944.297
53.0884 1235.71
55.4307 1112.25
57.8762 1376.97
60.4296 1001.48
63.0957 1126.9
65.8795 1196.18
68.786 1839.89
71.8208 1276.86
74.9894 973.72
78.2979 1450.47
81.7523 1807.21
85.3591 1939.9
89.1251 1785.85
93.0572 1607.12
97.1628 1994.98
101.45 1225.39
105.925 1560.82
110.599 1255.83
115.478 1620.45
120.573 1596.63
125.893 2357.04
131.447 1947.17
137.246 1824.7
143.301 1961.19
149.624 1793.69
156.225 1758.2
163.117 2100.26
170.314 2045.88
177.828 1695.73
185.674 2835.25
193.865 2036.42
202.418 2653.44
211.349 1863.59
220.673 2325.29
230.409 2783.34
240.575 2791.44
251.189 2381.21
262.271 2866.32
273.842 2096.28
285.924 2177.21
298.538 2521.4
311.709 1838.35
325.462 2606.42
339.821 2691.89
354.813 2403.79
370.467 1573.68
386.812 2083.89
403.878 1388.21
421.697 1590.54
440.301 1814.5
459.727 1309.44
480.01 1110.94
501.187 717.567
523.299 540.428
546.387 493.221
570.493 713.93
595.662 175.086
621.942 248.95
649.382 0
678.032 367.817
707.946 180.893
739.18 253.5
771.792 0
805.842 91.7624
841.395 0
878.517 61.5297
917.276 0
957.745 0
1000 0
