# First line is two numbers 
#     First value is '2', it means 'histogram mode'
#     Second value is 'Emin' of the histogram
# Other lines : 2 columns. 1) energy 2) probability (nb divided by NbEvent)
# Number of bins = 480
# Content below the first bin: 747.417
# Content above the last  bin: 0
# Content above the last  bin: 0
# Number of events: 209000
2 1e-06
1.04412e-06 0
1.09018e-06 0
1.13828e-06 0
1.1885e-06 0
1.24094e-06 0
1.29569e-06 0
1.35285e-06 0
1.41254e-06 0
1.47486e-06 0
1.53993e-06 0
1.60787e-06 0
1.6788e-06 0
1.75287e-06 0
1.83021e-06 0
1.91095e-06 0
1.99526e-06 0
2.08329e-06 0
2.1752e-06 0
2.27117e-06 0
2.37137e-06 0
2.476e-06 0
2.58523e-06 0
2.69929e-06 0
2.81838e-06 0
2.94273e-06 0
3.07256e-06 0
3.20812e-06 0
3.34965e-06 0
3.49744e-06 0
3.65174e-06 0
3.81285e-06 0
3.98107e-06 0
4.15671e-06 0
4.3401e-06 0
4.53158e-06 63.7069
4.73151e-06 0
4.94026e-06 0
5.15822e-06 0
5.3858e-06 0
5.62341e-06 0
5.87151e-06 0
6.13056e-06 0
6.40103e-06 0
6.68344e-06 0
6.97831e-06 0
7.28618e-06 0
7.60764e-06 0
7.94328e-06 0
8.29373e-06 0
8.65964e-06 0
9.0417e-06 0
9.44061e-06 0
9.85712e-06 0
1.0292e-05 0
1.07461e-05 0
1.12202e-05 0
1.17152e-05 0
1.22321e-05 0
1.27717e-05 0
1.33352e-05 0
1.39236e-05 0
1.45378e-05 0
1.51792e-05 0
1.58489e-05 0
1.65482e-05 0
1.72783e-05 0
1.80406e-05 0
1.88365e-05 0
1.96675e-05 0
2.05353e-05 0
2.14412e-05 0
2.23872e-05 0
2.33749e-05 0
2.44062e-05 0
2.5483e-05 0
2.66073e-05 0
2.77811e-05 0
2.90068e-05 0
3.02866e-05 0
3.16228e-05 0
3.30179e-05 0
3.44747e-05 0
3.59956e-05 0
3.75837e-05 0
3.92419e-05 0
4.09732e-05 0
4.27809e-05 0
4.46684e-05 0
4.66391e-05 0
4.86968e-05 0
5.08452e-05 0
5.30884e-05 0
5.54307e-05 0
5.78762e-05 0
6.04296e-05 0
6.30957e-05 0
6.58795e-05 0
6.8786e-05 0
7.18208e-05 0
7.49894e-05 0
7.82979e-05 0
8.17523e-05 0
8.53591e-05 0
8.91251e-05 0
9.30572e-05 0
9.71628e-05 0
0.00010145 0
0.000105925 0
0.000110599 0
0.000115478 0
0.000120573 0
0.000125893 0
0.000131447 0
0.000137246 0
0.000143301 0
0.000149624 0
0.000156225 0
0.000163117 0
0.000170314 0
0.000177828 0
0.000185674 0
0.000193865 0
0.000202418 0
0.000211349 0
0.000220673 0
0.000230409 0
0.000240575 0
0.000251189 0
0.000262271 0
0.000273842 0
0.000285924 0
0.000298538 0
0.000311709 0
0.000325462 0
0.000339821 0
0.000354813 0
0.000370467 0
0.000386812 0
0.000403878 0
0.000421697 0
0.000440301 0
0.000459727 0
0.00048001 0
0.000501187 0
0.000523299 0
0.000546387 0
0.000570493 0
0.000595662 0
0.000621942 0
0.000649382 0
0.000678032 0
0.000707946 0
0.00073918 0
0.000771792 0
0.000805842 0
0.000841395 0
0.000878517 0
0.000917276 0
0.000957745 0
0.001 0
0.00104412 0
0.00109018 0
0.00113828 0
0.0011885 0
0.00124094 0
0.00129569 0
0.00135285 0
0.00141254 0
0.00147486 0
0.00153993 0
0.00160787 0
0.0016788 0
0.00175287 0
0.00183021 0
0.00191095 0
0.00199526 0
0.00208329 0
0.0021752 0
0.00227117 0
0.00237137 0
0.002476 0
0.00258523 0
0.00269929 0
0.00281838 0
0.00294273 0
0.00307256 0
0.00320812 0
0.00334965 0
0.00349744 0
0.00365174 0
0.00381285 0
0.00398107 0
0.00415671 0
0.0043401 0
0.00453158 0
0.00473151 0
0.00494026 0
0.00515822 0
0.0053858 0
0.00562341 0
0.00587151 99.8552
0.00613056 0
0.00640103 0
0.00668344 0
0.00697831 51.9943
0.00728618 0
0.00760764 102.602
0.00794328 0
0.00829373 0
0.00865964 0
0.0090417 0
0.00944061 0
0.00985712 0
0.010292 0
0.0107461 0
0.0112202 0
0.0117152 109.435
0.0122321 94.0282
0.0127717 41.2642
0.0133352 0
0.0139236 0
0.0145378 39.5155
0.0151792 69.4609
0.0158489 0
0.0165482 88.8687
0.0172783 52.6124
0.0180406 0
0.0188365 0
0.0196675 0
0.0205353 0
0.0214412 0
0.0223872 0
0.0233749 0
0.0244062 103.141
0.025483 193.424
0.0266073 0
0.0277811 88.8668
0.0290068 0
0.0302866 0
0.0316228 0
0.0330179 0
0.0344747 0
0.0359956 0
0.0375837 0
0.0392419 0
0.0409732 0
0.0427809 177.116
0.0446684 0
0.0466391 98.2734
0.0486968 169.002
0.0508452 236.646
0.0530884 0
0.0554307 52.4161
0.0578762 81.0795
0.0604296 185.39
0.0630957 0
0.0658795 232.393
0.068786 188.446
0.0718208 391.036
0.0749894 236.95
0.0782979 453.943
0.0817523 339.132
0.0853591 71.0078
0.0891251 126.006
0.0930572 505.664
0.0971628 203.704
0.10145 397.111
0.105925 391.328
0.110599 210.281
0.115478 318.985
0.120573 243.088
0.125893 366.795
0.131447 560.68
0.137246 201.647
0.143301 115.082
0.149624 241.819
0.156225 474.908
0.163117 534.826
0.170314 586.981
0.177828 532.963
0.185674 408.283
0.193865 551.085
0.202418 475.889
0.211349 470.894
0.220673 296.831
0.230409 459.01
0.240575 629.531
0.251189 744.512
0.262271 666.563
0.273842 540.841
0.285924 52.6902
0.298538 513.983
0.311709 681.118
0.325462 988.105
0.339821 522.006
0.354813 463.535
0.370467 337.378
0.386812 572.461
0.403878 728.069
0.421697 570.554
0.440301 426.118
0.459727 1077.75
0.48001 635.287
0.501187 411.421
0.523299 753.475
0.546387 960.531
0.570493 422.042
0.595662 879.05
0.621942 580.779
0.649382 845.073
0.678032 812.019
0.707946 562.883
0.73918 598.793
0.771792 536.034
0.805842 591.373
0.841395 710.467
0.878517 417.079
0.917276 588.903
0.957745 651.017
1 910.997
1.04412 205.142
1.09018 337.621
1.13828 179.906
1.1885 338.184
1.24094 476.802
1.29569 800.303
1.35285 511.543
1.41254 400.222
1.47486 152.452
1.53993 357.348
1.60787 112.656
1.6788 275.399
1.75287 98.8862
1.83021 305.956
1.91095 97.7125
1.99526 134.806
2.08329 766.086
2.1752 72.9686
2.27117 177.463
2.37137 300.092
2.476 161.208
2.58523 317.172
2.69929 0
2.81838 353.243
2.94273 272.301
3.07256 335.47
3.20812 231.434
3.34965 196.685
3.49744 286.386
3.65174 0
3.81285 51.8531
3.98107 0
4.15671 136.808
4.3401 195.385
4.53158 182.59
4.73151 61.9896
4.94026 180.374
5.15822 0
5.3858 44.1154
5.62341 120.566
5.87151 0
6.13056 271.521
6.40103 126.114
6.68344 260.447
6.97831 172.369
7.28618 71.0286
7.60764 255.18
7.94328 177.76
8.29373 285.55
8.65964 375.85
9.0417 111.157
9.44061 0
9.85712 169.114
10.292 0
10.7461 110.729
11.2202 0
11.7152 112.31
12.2321 95.749
12.7717 320.415
13.3352 122.998
13.9236 133.975
14.5378 72.1655
15.1792 0
15.8489 209.369
16.5482 0
17.2783 68.2389
18.0406 122.197
18.8365 169.922
19.6675 0
20.5353 47.5231
21.4412 0
22.3872 74.2277
23.3749 457.379
24.4062 193.737
25.483 100.975
26.6073 195.773
27.7811 251.844
29.0068 34.4764
30.2866 256.232
31.6228 208.918
33.0179 115.231
34.4747 219.205
35.9956 0
37.5837 0
39.2419 0
40.9732 115.157
42.7809 252.116
44.6684 201.718
46.6391 84.5789
48.6968 135.071
50.8452 102.474
53.0884 0
55.4307 83.4768
57.8762 0
60.4296 112.15
63.0957 195.6
65.8795 0
68.786 0
71.8208 61.7124
74.9894 300.734
78.2979 108.225
81.7523 0
85.3591 30.8453
89.1251 208.208
93.0572 225.499
97.1628 114.957
101.45 0
105.925 0
110.599 311.186
115.478 39.5558
120.573 0
125.893 183.943
131.447 0
137.246 23.6408
143.301 0
149.624 269.25
156.225 87.826
163.117 113.079
170.314 77.868
177.828 79.1723
185.674 229.433
193.865 0
202.418 0
211.349 0
220.673 113.447
230.409 0
240.575 95.013
251.189 0
262.271 0
273.842 0
285.924 0
298.538 0
311.709 0
325.462 0
339.821 0
354.813 0
370.467 0
386.812 0
403.878 0
421.697 0
440.301 0
459.727 0
480.01 90.9311
501.187 0
523.299 0
546.387 0
570.493 0
595.662 0
621.942 0
649.382 0
678.032 0
707.946 0
739.18 0
771.792 0
805.842 0
841.395 0
878.517 0
917.276 0
957.745 0
1000 0
