# First line is two numbers 
#     First value is '2', it means 'histogram mode'
#     Second value is 'Emin' of the histogram
# Other lines : 2 columns. 1) energy 2) probability (nb divided by NbEvent)
# Number of bins = 480
# Content below the first bin: 139.683
# Content above the last  bin: 0
# Content above the last  bin: 0
# Number of events: 209000
2 1e-06
1.04412e-06 0
1.09018e-06 0
1.13828e-06 0
1.1885e-06 0
1.24094e-06 0
1.29569e-06 0
1.35285e-06 0
1.41254e-06 0
1.47486e-06 0
1.53993e-06 0
1.60787e-06 0
1.6788e-06 0
1.75287e-06 0
1.83021e-06 0
1.91095e-06 0
1.99526e-06 0
2.08329e-06 0
2.1752e-06 0
2.27117e-06 0
2.37137e-06 0
2.476e-06 0
2.58523e-06 0
2.69929e-06 0
2.81838e-06 0
2.94273e-06 0
3.07256e-06 0
3.20812e-06 0
3.34965e-06 0
3.49744e-06 0
3.65174e-06 0
3.81285e-06 0
3.98107e-06 0
4.15671e-06 0
4.3401e-06 0
4.53158e-06 0
4.73151e-06 0
4.94026e-06 0
5.15822e-06 0
5.3858e-06 0
5.62341e-06 0
5.87151e-06 0
6.13056e-06 0
6.40103e-06 0
6.68344e-06 0
6.97831e-06 0
7.28618e-06 0
7.60764e-06 0
7.94328e-06 0
8.29373e-06 0
8.65964e-06 0
9.0417e-06 0
9.44061e-06 100.984
9.85712e-06 0
1.0292e-05 0
1.07461e-05 0
1.12202e-05 0
1.17152e-05 0
1.22321e-05 0
1.27717e-05 0
1.33352e-05 0
1.39236e-05 0
1.45378e-05 0
1.51792e-05 0
1.58489e-05 0
1.65482e-05 0
1.72783e-05 0
1.80406e-05 0
1.88365e-05 0
1.96675e-05 77.7809
2.05353e-05 0
2.14412e-05 0
2.23872e-05 0
2.33749e-05 0
2.44062e-05 0
2.5483e-05 0
2.66073e-05 0
2.77811e-05 0
2.90068e-05 0
3.02866e-05 0
3.16228e-05 0
3.30179e-05 0
3.44747e-05 0
3.59956e-05 0
3.75837e-05 0
3.92419e-05 0
4.09732e-05 0
4.27809e-05 0
4.46684e-05 0
4.66391e-05 0
4.86968e-05 0
5.08452e-05 0
5.30884e-05 0
5.54307e-05 0
5.78762e-05 0
6.04296e-05 0
6.30957e-05 0
6.58795e-05 0
6.8786e-05 0
7.18208e-05 0
7.49894e-05 0
7.82979e-05 0
8.17523e-05 0
8.53591e-05 0
8.91251e-05 0
9.30572e-05 102.339
9.71628e-05 0
0.00010145 0
0.000105925 0
0.000110599 0
0.000115478 0
0.000120573 0
0.000125893 0
0.000131447 0
0.000137246 0
0.000143301 0
0.000149624 0
0.000156225 0
0.000163117 0
0.000170314 0
0.000177828 0
0.000185674 0
0.000193865 0
0.000202418 0
0.000211349 0
0.000220673 0
0.000230409 0
0.000240575 0
0.000251189 0
0.000262271 0
0.000273842 0
0.000285924 0
0.000298538 0
0.000311709 0
0.000325462 0
0.000339821 0
0.000354813 0
0.000370467 0
0.000386812 0
0.000403878 0
0.000421697 0
0.000440301 0
0.000459727 0
0.00048001 0
0.000501187 0
0.000523299 0
0.000546387 25.257
0.000570493 0
0.000595662 0
0.000621942 0
0.000649382 88.7769
0.000678032 0
0.000707946 0
0.00073918 0
0.000771792 0
0.000805842 0
0.000841395 0
0.000878517 0
0.000917276 0
0.000957745 0
0.001 0
0.00104412 0
0.00109018 0
0.00113828 0
0.0011885 0
0.00124094 0
0.00129569 0
0.00135285 0
0.00141254 0
0.00147486 0
0.00153993 0
0.00160787 0
0.0016788 0
0.00175287 0
0.00183021 0
0.00191095 0
0.00199526 0
0.00208329 0
0.0021752 0
0.00227117 0
0.00237137 0
0.002476 0
0.00258523 0
0.00269929 0
0.00281838 0
0.00294273 0
0.00307256 0
0.00320812 0
0.00334965 0
0.00349744 0
0.00365174 0
0.00381285 0
0.00398107 0
0.00415671 0
0.0043401 0
0.00453158 0
0.00473151 0
0.00494026 0
0.00515822 0
0.0053858 49.8017
0.00562341 0
0.00587151 46.6966
0.00613056 0
0.00640103 0
0.00668344 0
0.00697831 0
0.00728618 0
0.00760764 0
0.00794328 0
0.00829373 0
0.00865964 0
0.0090417 0
0.00944061 0
0.00985712 0
0.010292 0
0.0107461 0
0.0112202 0
0.0117152 55.5373
0.0122321 0
0.0127717 0
0.0133352 0
0.0139236 0
0.0145378 107.825
0.0151792 0
0.0158489 0
0.0165482 0
0.0172783 0
0.0180406 0
0.0188365 110.864
0.0196675 0
0.0205353 53.4566
0.0214412 0
0.0223872 0
0.0233749 112.92
0.0244062 0
0.025483 0
0.0266073 144.842
0.0277811 35.8264
0.0290068 0
0.0302866 117.109
0.0316228 0
0.0330179 0
0.0344747 131.763
0.0359956 91.4522
0.0375837 63.717
0.0392419 0
0.0409732 139.486
0.0427809 186.311
0.0446684 103.259
0.0466391 0
0.0486968 281.972
0.0508452 0
0.0530884 293.629
0.0554307 98.595
0.0578762 0
0.0604296 0
0.0630957 205.142
0.0658795 92.9509
0.068786 70.0881
0.0718208 257.366
0.0749894 0
0.0782979 0
0.0817523 161.19
0.0853591 223.667
0.0891251 511.415
0.0930572 557.898
0.0971628 148.86
0.10145 88.3067
0.105925 324.382
0.110599 356.26
0.115478 223.546
0.120573 320.197
0.125893 301.963
0.131447 566.695
0.137246 484.842
0.143301 530.001
0.149624 508.498
0.156225 134.866
0.163117 340.9
0.170314 480.322
0.177828 240.778
0.185674 459.503
0.193865 616.207
0.202418 653.933
0.211349 690.282
0.220673 596.266
0.230409 382.711
0.240575 594.342
0.251189 334.045
0.262271 158.192
0.273842 686.262
0.285924 387.56
0.298538 246.396
0.311709 577.461
0.325462 566.364
0.339821 451.37
0.354813 631.466
0.370467 378.499
0.386812 710.628
0.403878 885.311
0.421697 452.663
0.440301 390.841
0.459727 276.484
0.48001 374.912
0.501187 1241.39
0.523299 622.207
0.546387 367.882
0.570493 601.82
0.595662 610.471
0.621942 581.281
0.649382 836.887
0.678032 581.568
0.707946 513.349
0.73918 421.302
0.771792 681.693
0.805842 606.249
0.841395 472.26
0.878517 659.265
0.917276 416.434
0.957745 232.419
1 261.711
1.04412 312.484
1.09018 549.301
1.13828 187.433
1.1885 647.046
1.24094 0
1.29569 542.26
1.35285 405.481
1.41254 327.015
1.47486 0
1.53993 301.973
1.60787 129.707
1.6788 377.185
1.75287 547.042
1.83021 291.8
1.91095 207.537
1.99526 181.121
2.08329 648.476
2.1752 566.204
2.27117 112.847
2.37137 173.179
2.476 373.087
2.58523 188.642
2.69929 87.8252
2.81838 125.935
2.94273 515.525
3.07256 278.351
3.20812 45.2954
3.34965 160.343
3.49744 201.372
3.65174 441.922
3.81285 87.3807
3.98107 192.477
4.15671 364.19
4.3401 102.353
4.53158 223.74
4.73151 117.04
4.94026 51.4285
5.15822 231.644
5.3858 189.944
5.62341 0
5.87151 225.221
6.13056 0
6.40103 65.427
6.68344 324.194
6.97831 145.459
7.28618 365.046
7.60764 281.027
7.94328 153.427
8.29373 116.421
8.65964 0
9.0417 95.7439
9.44061 92.0018
9.85712 262.913
10.292 170.645
10.7461 56.9388
11.2202 25.5423
11.7152 224.961
12.2321 220.231
12.7717 0
13.3352 212.31
13.9236 188.72
14.5378 320.299
15.1792 84.0461
15.8489 107.713
16.5482 86.8396
17.2783 139.066
18.0406 133.148
18.8365 118.579
19.6675 154.737
20.5353 220.422
21.4412 47.8815
22.3872 91.2444
23.3749 0
24.4062 115.185
25.483 0
26.6073 98.0303
27.7811 207.982
29.0068 98.9735
30.2866 44.8554
31.6228 299.848
33.0179 47.7582
34.4747 0
35.9956 190.082
37.5837 18.8161
39.2419 299.51
40.9732 0
42.7809 128.595
44.6684 194.705
46.6391 47.814
48.6968 232.868
50.8452 0
53.0884 68.3445
55.4307 74.6922
57.8762 48.8144
60.4296 0
63.0957 0
65.8795 39.2951
68.786 0
71.8208 136.282
74.9894 249.377
78.2979 201.458
81.7523 71.0071
85.3591 0
89.1251 0
93.0572 0
97.1628 0
101.45 113.066
105.925 141.152
110.599 267.574
115.478 154.94
120.573 24.5063
125.893 43.0644
131.447 0
137.246 0
143.301 0
149.624 119.309
156.225 62.3948
163.117 67.9106
170.314 19.1718
177.828 66.1691
185.674 256.412
193.865 0
202.418 99.8128
211.349 129.76
220.673 151.694
230.409 99.1444
240.575 0
251.189 74.6816
262.271 0
273.842 0
285.924 0
298.538 0
311.709 0
325.462 0
339.821 0
354.813 0
370.467 0
386.812 0
403.878 0
421.697 0
440.301 0
459.727 0
480.01 0
501.187 0
523.299 0
546.387 0
570.493 0
595.662 0
621.942 0
649.382 0
678.032 0
707.946 0
739.18 0
771.792 0
805.842 0
841.395 0
878.517 0
917.276 0
957.745 0
1000 0
