# First line is two numbers 
#     First value is '2', it means 'histogram mode'
#     Second value is 'Emin' of the histogram
# Other lines : 2 columns. 1) energy 2) probability (nb divided by NbEvent)
# Number of bins = 480
# Content below the first bin: 0
# Content above the last  bin: 145.31
# Content above the last  bin: 145.31
# Number of events: 209000
2 1e-06
1.04412e-06 0
1.09018e-06 0
1.13828e-06 0
1.1885e-06 0
1.24094e-06 0
1.29569e-06 0
1.35285e-06 0
1.41254e-06 0
1.47486e-06 0
1.53993e-06 0
1.60787e-06 0
1.6788e-06 0
1.75287e-06 0
1.83021e-06 0
1.91095e-06 0
1.99526e-06 0
2.08329e-06 0
2.1752e-06 0
2.27117e-06 0
2.37137e-06 0
2.476e-06 0
2.58523e-06 0
2.69929e-06 0
2.81838e-06 0
2.94273e-06 0
3.07256e-06 0
3.20812e-06 0
3.34965e-06 0
3.49744e-06 0
3.65174e-06 0
3.81285e-06 0
3.98107e-06 0
4.15671e-06 0
4.3401e-06 0
4.53158e-06 0
4.73151e-06 0
4.94026e-06 0
5.15822e-06 0
5.3858e-06 0
5.62341e-06 0
5.87151e-06 0
6.13056e-06 0
6.40103e-06 0
6.68344e-06 0
6.97831e-06 0
7.28618e-06 0
7.60764e-06 0
7.94328e-06 0
8.29373e-06 0
8.65964e-06 0
9.0417e-06 0
9.44061e-06 0
9.85712e-06 0
1.0292e-05 0
1.07461e-05 0
1.12202e-05 0
1.17152e-05 0
1.22321e-05 0
1.27717e-05 0
1.33352e-05 0
1.39236e-05 0
1.45378e-05 0
1.51792e-05 0
1.58489e-05 0
1.65482e-05 0
1.72783e-05 0
1.80406e-05 0
1.88365e-05 0
1.96675e-05 0
2.05353e-05 0
2.14412e-05 0
2.23872e-05 0
2.33749e-05 0
2.44062e-05 0
2.5483e-05 0
2.66073e-05 0
2.77811e-05 0
2.90068e-05 0
3.02866e-05 0
3.16228e-05 0
3.30179e-05 0
3.44747e-05 0
3.59956e-05 0
3.75837e-05 0
3.92419e-05 0
4.09732e-05 0
4.27809e-05 0
4.46684e-05 0
4.66391e-05 0
4.86968e-05 0
5.08452e-05 0
5.30884e-05 0
5.54307e-05 0
5.78762e-05 0
6.04296e-05 0
6.30957e-05 0
6.58795e-05 0
6.8786e-05 0
7.18208e-05 0
7.49894e-05 0
7.82979e-05 0
8.17523e-05 0
8.53591e-05 0
8.91251e-05 0
9.30572e-05 0
9.71628e-05 0
0.00010145 0
0.000105925 0
0.000110599 0
0.000115478 0
0.000120573 0
0.000125893 0
0.000131447 0
0.000137246 0
0.000143301 0
0.000149624 0
0.000156225 0
0.000163117 0
0.000170314 0
0.000177828 0
0.000185674 0
0.000193865 0
0.000202418 0
0.000211349 0
0.000220673 0
0.000230409 0
0.000240575 0
0.000251189 0
0.000262271 0
0.000273842 0
0.000285924 0
0.000298538 0
0.000311709 0
0.000325462 0
0.000339821 0
0.000354813 71.9708
0.000370467 0
0.000386812 0
0.000403878 0
0.000421697 0
0.000440301 0
0.000459727 0
0.00048001 0
0.000501187 0
0.000523299 0
0.000546387 0
0.000570493 0
0.000595662 49.7716
0.000621942 0
0.000649382 0
0.000678032 0
0.000707946 0
0.00073918 0
0.000771792 0
0.000805842 0
0.000841395 0
0.000878517 0
0.000917276 0
0.000957745 0
0.001 0
0.00104412 0
0.00109018 0
0.00113828 0
0.0011885 0
0.00124094 0
0.00129569 0
0.00135285 0
0.00141254 0
0.00147486 0
0.00153993 0
0.00160787 98.0641
0.0016788 0
0.00175287 101.794
0.00183021 75.053
0.00191095 101.458
0.00199526 0
0.00208329 0
0.0021752 7.50539
0.00227117 0
0.00237137 0
0.002476 0
0.00258523 0
0.00269929 0
0.00281838 0
0.00294273 0
0.00307256 0
0.00320812 57.7395
0.00334965 72.6408
0.00349744 107.151
0.00365174 0
0.00381285 0
0.00398107 0
0.00415671 105.16
0.0043401 107.056
0.00453158 86.9132
0.00473151 30.5031
0.00494026 109.551
0.00515822 86.0021
0.0053858 0
0.00562341 113.63
0.00587151 117.641
0.00613056 103.789
0.00640103 170.091
0.00668344 129.402
0.00697831 111.048
0.00728618 0
0.00760764 166.403
0.00794328 142.868
0.00829373 280.028
0.00865964 224.076
0.0090417 369.469
0.00944061 49.6495
0.00985712 328.368
0.010292 59.3739
0.0107461 517.628
0.0112202 691.768
0.0117152 459.138
0.0122321 395.847
0.0127717 264.23
0.0133352 592.962
0.0139236 646.352
0.0145378 685.738
0.0151792 425.505
0.0158489 875.502
0.0165482 383.076
0.0172783 538.226
0.0180406 916.435
0.0188365 1041.31
0.0196675 974.065
0.0205353 918.859
0.0214412 980.998
0.0223872 1093.3
0.0233749 1276.84
0.0244062 1331.95
0.025483 2449.93
0.0266073 1398.57
0.0277811 1717.6
0.0290068 2021.44
0.0302866 1524.08
0.0316228 2197.8
0.0330179 2871.98
0.0344747 2457.32
0.0359956 3476.66
0.0375837 2284.48
0.0392419 2685.4
0.0409732 3182.34
0.0427809 3681.73
0.0446684 3831.43
0.0466391 2731.72
0.0486968 5016.47
0.0508452 4009.43
0.0530884 5440.52
0.0554307 3055.66
0.0578762 4400.67
0.0604296 5438.12
0.0630957 6988.15
0.0658795 5507.83
0.068786 7334.48
0.0718208 6438.62
0.0749894 6723.48
0.0782979 6123.61
0.0817523 8037.72
0.0853591 7516.54
0.0891251 8572.79
0.0930572 9001.65
0.0971628 8431.6
0.10145 9266.31
0.105925 9279.86
0.110599 11841.3
0.115478 10675.8
0.120573 10742.6
0.125893 10676.7
0.131447 10802.4
0.137246 10698.1
0.143301 11147.7
0.149624 10105
0.156225 10962.3
0.163117 12669.2
0.170314 13236.3
0.177828 12304.2
0.185674 12338.5
0.193865 13711.2
0.202418 14043.1
0.211349 14784.8
0.220673 13333.7
0.230409 14244.5
0.240575 11730.8
0.251189 14080.6
0.262271 14344.3
0.273842 13680.8
0.285924 14171.4
0.298538 17107
0.311709 14154.7
0.325462 14508.3
0.339821 16514.7
0.354813 16596.6
0.370467 17598.5
0.386812 16379.5
0.403878 15554.6
0.421697 18593.3
0.440301 17399.6
0.459727 19465.7
0.48001 17044.7
0.501187 17889
0.523299 16461.2
0.546387 19067.5
0.570493 15985
0.595662 15507.6
0.621942 15221.7
0.649382 15752.1
0.678032 14295.4
0.707946 13675.7
0.73918 14727
0.771792 13339
0.805842 15082.9
0.841395 13108
0.878517 11627.4
0.917276 9540.11
0.957745 13262.7
1 11704.9
1.04412 8303.23
1.09018 10787.8
1.13828 8467.3
1.1885 8735.7
1.24094 10471.3
1.29569 7621.7
1.35285 7964.67
1.41254 7724.98
1.47486 7227.45
1.53993 5932.7
1.60787 4681.32
1.6788 7095.06
1.75287 6133.91
1.83021 6004.46
1.91095 5069.1
1.99526 6311.4
2.08329 5364.85
2.1752 4082.59
2.27117 5393.02
2.37137 4959.17
2.476 4398.89
2.58523 5381.28
2.69929 3740.1
2.81838 4425.54
2.94273 5114.96
3.07256 4131.27
3.20812 4132.44
3.34965 4138.41
3.49744 3101.48
3.65174 2762.2
3.81285 3160.94
3.98107 3233.24
4.15671 2278.21
4.3401 2776.75
4.53158 2566.81
4.73151 2881.85
4.94026 2826.85
5.15822 3864.73
5.3858 3533.47
5.62341 2588.94
5.87151 2408.6
6.13056 3581.28
6.40103 1882.7
6.68344 3037.39
6.97831 2255.64
7.28618 2488.64
7.60764 2113.03
7.94328 1955.47
8.29373 2053.17
8.65964 1296.72
9.0417 1652.6
9.44061 1693.59
9.85712 1849.29
10.292 1123.06
10.7461 2073.97
11.2202 751.601
11.7152 1848.29
12.2321 1456.38
12.7717 1839.37
13.3352 1424.66
13.9236 2197.1
14.5378 1599.1
15.1792 2117.25
15.8489 1567.3
16.5482 1198.08
17.2783 1641.17
18.0406 960.138
18.8365 1451.37
19.6675 1215.48
20.5353 1083.18
21.4412 2394.85
22.3872 1757.68
23.3749 1568.29
24.4062 2092.45
25.483 2367.81
26.6073 1800.55
27.7811 2401.65
29.0068 2108.7
30.2866 1722.47
31.6228 1905.16
33.0179 2309.83
34.4747 2135.06
35.9956 2218.02
37.5837 2712.81
39.2419 1481.02
40.9732 1837.76
42.7809 2068.23
44.6684 2031.78
46.6391 2113.49
48.6968 2197.92
50.8452 2706.18
53.0884 2807.43
55.4307 3249.14
57.8762 3020.08
60.4296 2804.35
63.0957 2730.24
65.8795 3037.67
68.786 2967.54
71.8208 2850.7
74.9894 2755.95
78.2979 3703.8
81.7523 3382.18
85.3591 3914.89
89.1251 4036.02
93.0572 3450.56
97.1628 3863.78
101.45 3421.96
105.925 3894.39
110.599 4158.71
115.478 3590.99
120.573 4608.77
125.893 4355.01
131.447 4748.1
137.246 5715.85
143.301 4775.1
149.624 5395.57
156.225 4556.02
163.117 5395.33
170.314 5254.74
177.828 6482.57
185.674 6597.2
193.865 6667.23
202.418 7068.9
211.349 6153.44
220.673 7215.71
230.409 8403.91
240.575 7374.67
251.189 7933.5
262.271 9208.9
273.842 8993.29
285.924 9871.39
298.538 9835.39
311.709 8419.98
325.462 11021.6
339.821 8618.43
354.813 9315.37
370.467 10890.5
386.812 8869.66
403.878 5196.92
421.697 5174.79
440.301 4509.96
459.727 4099.12
480.01 2659.99
501.187 1622.76
523.299 1547.91
546.387 1310.12
570.493 808.094
595.662 427.638
621.942 693.778
649.382 653.535
678.032 332.601
707.946 34.3451
739.18 234.679
771.792 212.514
805.842 261.569
841.395 26.9471
878.517 0
917.276 0
957.745 0
1000 0
