# First line is two numbers 
#     First value is '2', it means 'histogram mode'
#     Second value is 'Emin' of the histogram
# Other lines : 2 columns. 1) energy 2) probability (nb divided by NbEvent)
# Number of bins = 480
# Content below the first bin: 0
# Content above the last  bin: 0
# Content above the last  bin: 0
# Number of events: 209000
2 1e-06
1.04412e-06 0
1.09018e-06 0
1.13828e-06 0
1.1885e-06 0
1.24094e-06 0
1.29569e-06 0
1.35285e-06 0
1.41254e-06 0
1.47486e-06 0
1.53993e-06 0
1.60787e-06 0
1.6788e-06 0
1.75287e-06 0
1.83021e-06 0
1.91095e-06 0
1.99526e-06 0
2.08329e-06 0
2.1752e-06 0
2.27117e-06 0
2.37137e-06 0
2.476e-06 0
2.58523e-06 0
2.69929e-06 0
2.81838e-06 0
2.94273e-06 0
3.07256e-06 0
3.20812e-06 0
3.34965e-06 0
3.49744e-06 0
3.65174e-06 0
3.81285e-06 0
3.98107e-06 0
4.15671e-06 0
4.3401e-06 0
4.53158e-06 0
4.73151e-06 0
4.94026e-06 0
5.15822e-06 0
5.3858e-06 0
5.62341e-06 0
5.87151e-06 0
6.13056e-06 0
6.40103e-06 0
6.68344e-06 0
6.97831e-06 0
7.28618e-06 0
7.60764e-06 0
7.94328e-06 0
8.29373e-06 0
8.65964e-06 0
9.0417e-06 0
9.44061e-06 0
9.85712e-06 0
1.0292e-05 0
1.07461e-05 0
1.12202e-05 0
1.17152e-05 0
1.22321e-05 0
1.27717e-05 0
1.33352e-05 0
1.39236e-05 0
1.45378e-05 0
1.51792e-05 0
1.58489e-05 0
1.65482e-05 0
1.72783e-05 0
1.80406e-05 0
1.88365e-05 0
1.96675e-05 0
2.05353e-05 0
2.14412e-05 0
2.23872e-05 0
2.33749e-05 0
2.44062e-05 0
2.5483e-05 0
2.66073e-05 0
2.77811e-05 0
2.90068e-05 0
3.02866e-05 0
3.16228e-05 0
3.30179e-05 0
3.44747e-05 0
3.59956e-05 0
3.75837e-05 0
3.92419e-05 0
4.09732e-05 0
4.27809e-05 0
4.46684e-05 0
4.66391e-05 0
4.86968e-05 0
5.08452e-05 0
5.30884e-05 0
5.54307e-05 0
5.78762e-05 0
6.04296e-05 0
6.30957e-05 0
6.58795e-05 0
6.8786e-05 0
7.18208e-05 0
7.49894e-05 0
7.82979e-05 0
8.17523e-05 0
8.53591e-05 0
8.91251e-05 0
9.30572e-05 0
9.71628e-05 0
0.00010145 0
0.000105925 0
0.000110599 0
0.000115478 0
0.000120573 0
0.000125893 0
0.000131447 0
0.000137246 0
0.000143301 0
0.000149624 0
0.000156225 0
0.000163117 0
0.000170314 0
0.000177828 0
0.000185674 0
0.000193865 0
0.000202418 0
0.000211349 0
0.000220673 0
0.000230409 0
0.000240575 0
0.000251189 0
0.000262271 0
0.000273842 0
0.000285924 0
0.000298538 0
0.000311709 0
0.000325462 0
0.000339821 0
0.000354813 0
0.000370467 0
0.000386812 0
0.000403878 0
0.000421697 0
0.000440301 0
0.000459727 0
0.00048001 0
0.000501187 0
0.000523299 0
0.000546387 0
0.000570493 0
0.000595662 0
0.000621942 0
0.000649382 0
0.000678032 0
0.000707946 0
0.00073918 0
0.000771792 0
0.000805842 0
0.000841395 0
0.000878517 0
0.000917276 0
0.000957745 0
0.001 0
0.00104412 0
0.00109018 0
0.00113828 0
0.0011885 0
0.00124094 0
0.00129569 0
0.00135285 0
0.00141254 0
0.00147486 0
0.00153993 0
0.00160787 0
0.0016788 0
0.00175287 0
0.00183021 0
0.00191095 0
0.00199526 0
0.00208329 0
0.0021752 0
0.00227117 0
0.00237137 0
0.002476 0
0.00258523 0
0.00269929 0
0.00281838 0
0.00294273 0
0.00307256 0
0.00320812 0
0.00334965 0
0.00349744 0
0.00365174 0
0.00381285 0
0.00398107 0
0.00415671 0
0.0043401 0
0.00453158 0
0.00473151 0
0.00494026 0
0.00515822 90.9482
0.0053858 0
0.00562341 0
0.00587151 0
0.00613056 0
0.00640103 93.2907
0.00668344 0
0.00697831 0
0.00728618 0
0.00760764 0
0.00794328 90.0763
0.00829373 0
0.00865964 0
0.0090417 80.5513
0.00944061 144.125
0.00985712 0
0.010292 142.014
0.0107461 0
0.0112202 0
0.0117152 0
0.0122321 0
0.0127717 0
0.0133352 23.7681
0.0139236 0
0.0145378 79.0758
0.0151792 0
0.0158489 39.7004
0.0165482 40.5497
0.0172783 0
0.0180406 135.844
0.0188365 0
0.0196675 149.531
0.0205353 111.276
0.0214412 121.383
0.0223872 230.565
0.0233749 210.531
0.0244062 98.2598
0.025483 82.1454
0.0266073 190.314
0.0277811 141.422
0.0290068 534.452
0.0302866 77.3796
0.0316228 83.0011
0.0330179 53.6277
0.0344747 165.553
0.0359956 25.4166
0.0375837 307.025
0.0392419 155.605
0.0409732 254.338
0.0427809 95.6211
0.0446684 183.262
0.0466391 99.0113
0.0486968 544.654
0.0508452 397.018
0.0530884 427.643
0.0554307 286.242
0.0578762 160.509
0.0604296 174.388
0.0630957 420.394
0.0658795 499.18
0.068786 478.629
0.0718208 508.999
0.0749894 743.176
0.0782979 854.254
0.0817523 619.472
0.0853591 677.936
0.0891251 743.373
0.0930572 765.376
0.0971628 818.027
0.10145 851.365
0.105925 494.31
0.110599 1000.06
0.115478 723.058
0.120573 583.873
0.125893 704.407
0.131447 550.815
0.137246 1093.18
0.143301 448.814
0.149624 1111.95
0.156225 890.392
0.163117 776.518
0.170314 1321.63
0.177828 555.005
0.185674 1448.33
0.193865 1742.79
0.202418 1891.26
0.211349 1138.18
0.220673 1381.23
0.230409 1830.95
0.240575 1315.16
0.251189 1223
0.262271 897.632
0.273842 1270.09
0.285924 1078.79
0.298538 1119.59
0.311709 1685.91
0.325462 985.414
0.339821 1855.91
0.354813 1119.9
0.370467 461.115
0.386812 1096.58
0.403878 1412.44
0.421697 852.205
0.440301 1173.16
0.459727 1356.52
0.48001 1445.04
0.501187 1633.7
0.523299 1865.33
0.546387 2899.27
0.570493 2047.32
0.595662 1255.59
0.621942 1308.06
0.649382 1017.24
0.678032 1030.42
0.707946 1696.05
0.73918 1323.89
0.771792 1538.83
0.805842 1208.19
0.841395 2016.83
0.878517 1553.08
0.917276 1215.28
0.957745 1205.79
1 1594.79
1.04412 1185.2
1.09018 1235.24
1.13828 1520.26
1.1885 995.201
1.24094 674.752
1.29569 927.412
1.35285 574.88
1.41254 935.682
1.47486 713.296
1.53993 646.323
1.60787 628.449
1.6788 815.48
1.75287 605.055
1.83021 446.615
1.91095 466.518
1.99526 711.832
2.08329 506.705
2.1752 1084.18
2.27117 301.526
2.37137 498.927
2.476 384.064
2.58523 113.991
2.69929 142.446
2.81838 631.483
2.94273 455.175
3.07256 538.572
3.20812 114.466
3.34965 317.96
3.49744 225.045
3.65174 347.455
3.81285 178.966
3.98107 391.823
4.15671 105.194
4.3401 263.581
4.53158 681.611
4.73151 266.51
4.94026 179.389
5.15822 595.465
5.3858 237.237
5.62341 318.469
5.87151 281.428
6.13056 378.633
6.40103 402.856
6.68344 140.995
6.97831 155.599
7.28618 52.822
7.60764 283.493
7.94328 158.451
8.29373 42.6893
8.65964 165.387
9.0417 232.647
9.44061 210.876
9.85712 204.792
10.292 319.643
10.7461 106.823
11.2202 99.6219
11.7152 95.0302
12.2321 337.002
12.7717 269.874
13.3352 156.609
13.9236 224.672
14.5378 308.34
15.1792 204.804
15.8489 195.08
16.5482 56.2195
17.2783 335.164
18.0406 163.984
18.8365 144.731
19.6675 214.298
20.5353 255.63
21.4412 288.41
22.3872 303.438
23.3749 0
24.4062 0
25.483 72.6591
26.6073 0
27.7811 220.113
29.0068 146.397
30.2866 210.985
31.6228 163.083
33.0179 353.531
34.4747 71.7814
35.9956 196.478
37.5837 92.9274
39.2419 71.6759
40.9732 259.284
42.7809 0
44.6684 187.172
46.6391 421.53
48.6968 37.828
50.8452 63.7231
53.0884 203.006
55.4307 235.354
57.8762 204.785
60.4296 635.665
63.0957 218.007
65.8795 38.014
68.786 17.9564
71.8208 333.742
74.9894 169.476
78.2979 109.223
81.7523 171.383
85.3591 249.116
89.1251 227.976
93.0572 253.633
97.1628 119.937
101.45 0
105.925 114.974
110.599 206.39
115.478 317.404
120.573 116.559
125.893 403.953
131.447 0
137.246 194.524
143.301 87.0258
149.624 157.879
156.225 95.5869
163.117 92.8386
170.314 101.022
177.828 53.0521
185.674 0
193.865 90.5439
202.418 88.0698
211.349 253.022
220.673 171.23
230.409 243.832
240.575 177.529
251.189 94.4758
262.271 61.0903
273.842 44.924
285.924 61.0723
298.538 121.46
311.709 0
325.462 0
339.821 0
354.813 0
370.467 0
386.812 0
403.878 0
421.697 0
440.301 0
459.727 0
480.01 0
501.187 0
523.299 0
546.387 0
570.493 0
595.662 0
621.942 0
649.382 0
678.032 0
707.946 0
739.18 0
771.792 0
805.842 0
841.395 0
878.517 0
917.276 115.848
957.745 0
1000 0
