# First line is two numbers 
#     First value is '2', it means 'histogram mode'
#     Second value is 'Emin' of the histogram
# Other lines : 2 columns. 1) energy 2) probability (nb divided by NbEvent)
# Number of bins = 480
# Content below the first bin: 0
# Content above the last  bin: 0
# Content above the last  bin: 0
# Number of events: 209000
2 1e-06
1.04412e-06 0
1.09018e-06 0
1.13828e-06 0
1.1885e-06 0
1.24094e-06 0
1.29569e-06 0
1.35285e-06 0
1.41254e-06 0
1.47486e-06 0
1.53993e-06 0
1.60787e-06 0
1.6788e-06 0
1.75287e-06 0
1.83021e-06 0
1.91095e-06 0
1.99526e-06 0
2.08329e-06 0
2.1752e-06 0
2.27117e-06 0
2.37137e-06 0
2.476e-06 0
2.58523e-06 0
2.69929e-06 0
2.81838e-06 0
2.94273e-06 0
3.07256e-06 0
3.20812e-06 0
3.34965e-06 0
3.49744e-06 0
3.65174e-06 0
3.81285e-06 0
3.98107e-06 0
4.15671e-06 0
4.3401e-06 0
4.53158e-06 0
4.73151e-06 0
4.94026e-06 0
5.15822e-06 0
5.3858e-06 0
5.62341e-06 0
5.87151e-06 0
6.13056e-06 0
6.40103e-06 0
6.68344e-06 0
6.97831e-06 0
7.28618e-06 0
7.60764e-06 0
7.94328e-06 0
8.29373e-06 0
8.65964e-06 0
9.0417e-06 0
9.44061e-06 0
9.85712e-06 0
1.0292e-05 0
1.07461e-05 0
1.12202e-05 0
1.17152e-05 0
1.22321e-05 0
1.27717e-05 0
1.33352e-05 0
1.39236e-05 0
1.45378e-05 0
1.51792e-05 0
1.58489e-05 0
1.65482e-05 0
1.72783e-05 0
1.80406e-05 0
1.88365e-05 0
1.96675e-05 0
2.05353e-05 0
2.14412e-05 0
2.23872e-05 0
2.33749e-05 0
2.44062e-05 0
2.5483e-05 0
2.66073e-05 0
2.77811e-05 0
2.90068e-05 0
3.02866e-05 0
3.16228e-05 0
3.30179e-05 0
3.44747e-05 0
3.59956e-05 0
3.75837e-05 0
3.92419e-05 0
4.09732e-05 0
4.27809e-05 0
4.46684e-05 0
4.66391e-05 0
4.86968e-05 0
5.08452e-05 0
5.30884e-05 0
5.54307e-05 0
5.78762e-05 0
6.04296e-05 0
6.30957e-05 0
6.58795e-05 0
6.8786e-05 0
7.18208e-05 0
7.49894e-05 0
7.82979e-05 0
8.17523e-05 0
8.53591e-05 0
8.91251e-05 0
9.30572e-05 0
9.71628e-05 0
0.00010145 0
0.000105925 0
0.000110599 0
0.000115478 0
0.000120573 0
0.000125893 0
0.000131447 0
0.000137246 0
0.000143301 0
0.000149624 0
0.000156225 0
0.000163117 0
0.000170314 0
0.000177828 0
0.000185674 0
0.000193865 0
0.000202418 0
0.000211349 0
0.000220673 0
0.000230409 0
0.000240575 0
0.000251189 0
0.000262271 0
0.000273842 0
0.000285924 0
0.000298538 0
0.000311709 0
0.000325462 0
0.000339821 0
0.000354813 0
0.000370467 0
0.000386812 0
0.000403878 0
0.000421697 112.095
0.000440301 0
0.000459727 0
0.00048001 0
0.000501187 0
0.000523299 0
0.000546387 0
0.000570493 0
0.000595662 0
0.000621942 0
0.000649382 0
0.000678032 0
0.000707946 0
0.00073918 0
0.000771792 0
0.000805842 0
0.000841395 0
0.000878517 0
0.000917276 0
0.000957745 0
0.001 0
0.00104412 0
0.00109018 0
0.00113828 0
0.0011885 0
0.00124094 0
0.00129569 0
0.00135285 0
0.00141254 0
0.00147486 0
0.00153993 0
0.00160787 0
0.0016788 0
0.00175287 0
0.00183021 0
0.00191095 0
0.00199526 0
0.00208329 0
0.0021752 0
0.00227117 0
0.00237137 0
0.002476 0
0.00258523 0
0.00269929 0
0.00281838 0
0.00294273 0
0.00307256 0
0.00320812 0
0.00334965 0
0.00349744 0
0.00365174 0
0.00381285 0
0.00398107 0
0.00415671 0
0.0043401 0
0.00453158 0
0.00473151 0
0.00494026 0
0.00515822 0
0.0053858 22.2829
0.00562341 0
0.00587151 0
0.00613056 105.638
0.00640103 0
0.00668344 0
0.00697831 0
0.00728618 0
0.00760764 0
0.00794328 103.215
0.00829373 0
0.00865964 0
0.0090417 58.3479
0.00944061 0
0.00985712 0
0.010292 0
0.0107461 106.044
0.0112202 0
0.0117152 0
0.0122321 0
0.0127717 0
0.0133352 0
0.0139236 0
0.0145378 132.582
0.0151792 0
0.0158489 0
0.0165482 0
0.0172783 0
0.0180406 0
0.0188365 197.977
0.0196675 190.36
0.0205353 50.4378
0.0214412 0
0.0223872 187.254
0.0233749 161.112
0.0244062 235.618
0.025483 173.698
0.0266073 76.2873
0.0277811 200.374
0.0290068 61.2058
0.0302866 345.483
0.0316228 0
0.0330179 185.269
0.0344747 291.333
0.0359956 0
0.0375837 522.683
0.0392419 516.935
0.0409732 54.0651
0.0427809 20.7618
0.0446684 524.444
0.0466391 525.775
0.0486968 204.677
0.0508452 205.876
0.0530884 391.361
0.0554307 535.992
0.0578762 14.9335
0.0604296 116.084
0.0630957 507.671
0.0658795 358.868
0.068786 317.813
0.0718208 431.227
0.0749894 502.305
0.0782979 511.882
0.0817523 599.933
0.0853591 420.948
0.0891251 585.668
0.0930572 475.346
0.0971628 826.545
0.10145 979.145
0.105925 688.693
0.110599 912.05
0.115478 873.526
0.120573 1022.37
0.125893 1608.24
0.131447 1118.08
0.137246 818.891
0.143301 953.892
0.149624 700.322
0.156225 882.564
0.163117 1205.84
0.170314 922.525
0.177828 1207.08
0.185674 1430.7
0.193865 1795.45
0.202418 892.778
0.211349 1568.25
0.220673 907.578
0.230409 849.486
0.240575 1814.41
0.251189 804.373
0.262271 1216.03
0.273842 1103.3
0.285924 1553.05
0.298538 1919.57
0.311709 595.3
0.325462 791.682
0.339821 1498.86
0.354813 2136.73
0.370467 1803.94
0.386812 1460.16
0.403878 1592.91
0.421697 1854.31
0.440301 1159.68
0.459727 1725.87
0.48001 1797.09
0.501187 729.658
0.523299 937.117
0.546387 2004.65
0.570493 1405.36
0.595662 2380.08
0.621942 1617.25
0.649382 1104.76
0.678032 952.399
0.707946 1476.71
0.73918 2566.99
0.771792 1470.05
0.805842 1404.07
0.841395 1404.11
0.878517 1676.75
0.917276 934.103
0.957745 1413.88
1 1040.47
1.04412 920.226
1.09018 903.637
1.13828 1063.55
1.1885 1483.93
1.24094 881.939
1.29569 910.56
1.35285 600.415
1.41254 826.734
1.47486 712.043
1.53993 416.148
1.60787 881.003
1.6788 518.575
1.75287 1263.62
1.83021 480.362
1.91095 923.476
1.99526 50.1699
2.08329 622.244
2.1752 612.82
2.27117 427.052
2.37137 205.4
2.476 289.956
2.58523 420.843
2.69929 387.759
2.81838 328.902
2.94273 410.164
3.07256 863.454
3.20812 396.195
3.34965 742.882
3.49744 627.806
3.65174 309.149
3.81285 334.269
3.98107 220.584
4.15671 315.051
4.3401 472.41
4.53158 354.387
4.73151 441.616
4.94026 174.311
5.15822 310.515
5.3858 220.468
5.62341 444.244
5.87151 210.366
6.13056 214.82
6.40103 156.068
6.68344 147.555
6.97831 188.282
7.28618 374.371
7.60764 514.879
7.94328 172.671
8.29373 108.515
8.65964 220.953
9.0417 126.764
9.44061 258.37
9.85712 210.442
10.292 175.827
10.7461 116.656
11.2202 199.091
11.7152 243.475
12.2321 362.038
12.7717 214.656
13.3352 300.476
13.9236 229.253
14.5378 231.184
15.1792 320.227
15.8489 85.022
16.5482 270.844
17.2783 425.458
18.0406 178.598
18.8365 35.5497
19.6675 295.782
20.5353 190.252
21.4412 291.987
22.3872 186.518
23.3749 251.463
24.4062 77.6684
25.483 316.837
26.6073 236.472
27.7811 114.716
29.0068 333.485
30.2866 103.134
31.6228 200.535
33.0179 194.908
34.4747 276.198
35.9956 81.3334
37.5837 187.649
39.2419 446.232
40.9732 362.555
42.7809 152.388
44.6684 290.026
46.6391 74.9896
48.6968 0
50.8452 328.244
53.0884 362.98
55.4307 158.298
57.8762 288.242
60.4296 597.125
63.0957 0
65.8795 140.764
68.786 81.31
71.8208 106
74.9894 185.036
78.2979 231.899
81.7523 474.823
85.3591 166.797
89.1251 186.637
93.0572 310.668
97.1628 196.815
101.45 68.5039
105.925 36.9111
110.599 367.024
115.478 0
120.573 219.351
125.893 157.216
131.447 217.836
137.246 208.927
143.301 119.045
149.624 79.1354
156.225 54.0651
163.117 77.4103
170.314 0
177.828 322.584
185.674 99.6888
193.865 324.435
202.418 0
211.349 88.8085
220.673 207.559
230.409 74.1489
240.575 0
251.189 36.4169
262.271 0
273.842 94.6522
285.924 56.0964
298.538 0
311.709 247.778
325.462 217.074
339.821 0
354.813 0
370.467 0
386.812 0
403.878 0
421.697 0
440.301 0
459.727 0
480.01 0
501.187 0
523.299 0
546.387 0
570.493 0
595.662 0
621.942 0
649.382 0
678.032 0
707.946 0
739.18 0
771.792 0
805.842 0
841.395 0
878.517 0
917.276 0
957.745 0
1000 0
