# First line is two numbers 
#     First value is '2', it means 'histogram mode'
#     Second value is 'Emin' of the histogram
# Other lines : 2 columns. 1) energy 2) probability (nb divided by NbEvent)
# Number of bins = 480
# Content below the first bin: 0
# Content above the last  bin: 0
# Content above the last  bin: 0
# Number of events: 209000
2 1e-06
1.04412e-06 0
1.09018e-06 0
1.13828e-06 0
1.1885e-06 0
1.24094e-06 0
1.29569e-06 0
1.35285e-06 0
1.41254e-06 0
1.47486e-06 0
1.53993e-06 0
1.60787e-06 0
1.6788e-06 0
1.75287e-06 0
1.83021e-06 0
1.91095e-06 0
1.99526e-06 0
2.08329e-06 0
2.1752e-06 0
2.27117e-06 0
2.37137e-06 0
2.476e-06 0
2.58523e-06 0
2.69929e-06 0
2.81838e-06 0
2.94273e-06 0
3.07256e-06 0
3.20812e-06 0
3.34965e-06 0
3.49744e-06 0
3.65174e-06 0
3.81285e-06 0
3.98107e-06 0
4.15671e-06 0
4.3401e-06 0
4.53158e-06 0
4.73151e-06 0
4.94026e-06 0
5.15822e-06 0
5.3858e-06 0
5.62341e-06 0
5.87151e-06 0
6.13056e-06 0
6.40103e-06 0
6.68344e-06 0
6.97831e-06 0
7.28618e-06 0
7.60764e-06 0
7.94328e-06 0
8.29373e-06 0
8.65964e-06 0
9.0417e-06 0
9.44061e-06 0
9.85712e-06 0
1.0292e-05 0
1.07461e-05 0
1.12202e-05 0
1.17152e-05 0
1.22321e-05 0
1.27717e-05 0
1.33352e-05 0
1.39236e-05 0
1.45378e-05 0
1.51792e-05 0
1.58489e-05 0
1.65482e-05 0
1.72783e-05 0
1.80406e-05 0
1.88365e-05 0
1.96675e-05 0
2.05353e-05 0
2.14412e-05 0
2.23872e-05 0
2.33749e-05 0
2.44062e-05 0
2.5483e-05 0
2.66073e-05 0
2.77811e-05 0
2.90068e-05 0
3.02866e-05 0
3.16228e-05 0
3.30179e-05 0
3.44747e-05 0
3.59956e-05 0
3.75837e-05 0
3.92419e-05 0
4.09732e-05 0
4.27809e-05 0
4.46684e-05 0
4.66391e-05 0
4.86968e-05 0
5.08452e-05 0
5.30884e-05 0
5.54307e-05 0
5.78762e-05 0
6.04296e-05 0
6.30957e-05 0
6.58795e-05 0
6.8786e-05 0
7.18208e-05 0
7.49894e-05 0
7.82979e-05 0
8.17523e-05 0
8.53591e-05 0
8.91251e-05 0
9.30572e-05 0
9.71628e-05 0
0.00010145 0
0.000105925 0
0.000110599 0
0.000115478 0
0.000120573 0
0.000125893 0
0.000131447 0
0.000137246 0
0.000143301 0
0.000149624 0
0.000156225 0
0.000163117 0
0.000170314 0
0.000177828 0
0.000185674 0
0.000193865 0
0.000202418 0
0.000211349 0
0.000220673 0
0.000230409 0
0.000240575 0
0.000251189 0
0.000262271 0
0.000273842 0
0.000285924 0
0.000298538 0
0.000311709 0
0.000325462 0
0.000339821 0
0.000354813 0
0.000370467 0
0.000386812 0
0.000403878 0
0.000421697 0
0.000440301 0
0.000459727 0
0.00048001 0
0.000501187 0
0.000523299 0
0.000546387 0
0.000570493 0
0.000595662 0
0.000621942 0
0.000649382 0
0.000678032 0
0.000707946 0
0.00073918 0
0.000771792 0
0.000805842 0
0.000841395 0
0.000878517 0
0.000917276 0
0.000957745 0
0.001 0
0.00104412 0
0.00109018 0
0.00113828 0
0.0011885 0
0.00124094 0
0.00129569 0
0.00135285 0
0.00141254 0
0.00147486 0
0.00153993 0
0.00160787 0
0.0016788 0
0.00175287 0
0.00183021 0
0.00191095 0
0.00199526 0
0.00208329 0
0.0021752 0
0.00227117 0
0.00237137 0
0.002476 0
0.00258523 0
0.00269929 0
0.00281838 0
0.00294273 0
0.00307256 0
0.00320812 0
0.00334965 0
0.00349744 0
0.00365174 0
0.00381285 0
0.00398107 0
0.00415671 0
0.0043401 0
0.00453158 0
0.00473151 0
0.00494026 0
0.00515822 0
0.0053858 0
0.00562341 0
0.00587151 0
0.00613056 0
0.00640103 0
0.00668344 0
0.00697831 0
0.00728618 0
0.00760764 0
0.00794328 0
0.00829373 0
0.00865964 88.3292
0.0090417 0
0.00944061 0
0.00985712 50.982
0.010292 0
0.0107461 0
0.0112202 103.625
0.0117152 0
0.0122321 0
0.0127717 436.288
0.0133352 94.82
0.0139236 101.616
0.0145378 0
0.0151792 0
0.0158489 204.061
0.0165482 0
0.0172783 0
0.0180406 0
0.0188365 0
0.0196675 112.728
0.0205353 212.593
0.0214412 273.127
0.0223872 383.028
0.0233749 210.676
0.0244062 55.7912
0.025483 79.3447
0.0266073 0
0.0277811 92.7251
0.0290068 66.7066
0.0302866 85.0589
0.0316228 145.286
0.0330179 162.82
0.0344747 589.1
0.0359956 162.235
0.0375837 351.393
0.0392419 125.988
0.0409732 496.139
0.0427809 264.499
0.0446684 850.33
0.0466391 0
0.0486968 388.664
0.0508452 222.232
0.0530884 503.258
0.0554307 330.35
0.0578762 291.457
0.0604296 414.007
0.0630957 304.943
0.0658795 405.187
0.068786 1063.78
0.0718208 1299.71
0.0749894 564.351
0.0782979 858.656
0.0817523 332.205
0.0853591 588.56
0.0891251 719.614
0.0930572 840.27
0.0971628 477.532
0.10145 717.654
0.105925 293.187
0.110599 676.773
0.115478 742.869
0.120573 835.656
0.125893 666.441
0.131447 946.864
0.137246 690.93
0.143301 1122.1
0.149624 1012.67
0.156225 1385.83
0.163117 1395.02
0.170314 668.724
0.177828 1041.43
0.185674 1214.89
0.193865 1011.52
0.202418 1098.14
0.211349 748.465
0.220673 729.565
0.230409 760.632
0.240575 1205.49
0.251189 1761.82
0.262271 987.489
0.273842 1459.85
0.285924 1144.91
0.298538 1274.78
0.311709 371.374
0.325462 1203.94
0.339821 1702.84
0.354813 1264.51
0.370467 1051.66
0.386812 1567.75
0.403878 1834.29
0.421697 2188.82
0.440301 1228.63
0.459727 1244.66
0.48001 1689.45
0.501187 1652.47
0.523299 1083.38
0.546387 1698.43
0.570493 2018.67
0.595662 1866.6
0.621942 1554.83
0.649382 1176.79
0.678032 1103.49
0.707946 1134.42
0.73918 744.954
0.771792 1463.28
0.805842 1464.41
0.841395 809.23
0.878517 1758.1
0.917276 1289.67
0.957745 1488.97
1 1276.32
1.04412 1302.65
1.09018 930.284
1.13828 1542.63
1.1885 764.898
1.24094 822.295
1.29569 920.518
1.35285 1070.59
1.41254 534.681
1.47486 756.755
1.53993 614.965
1.60787 274.872
1.6788 948.008
1.75287 527.968
1.83021 641.906
1.91095 686.836
1.99526 500.248
2.08329 953.979
2.1752 126.183
2.27117 611.88
2.37137 509.913
2.476 347.784
2.58523 392.19
2.69929 543.669
2.81838 212.573
2.94273 834.47
3.07256 653.926
3.20812 489.828
3.34965 296.815
3.49744 361.507
3.65174 393.922
3.81285 329.016
3.98107 447.105
4.15671 107.364
4.3401 390.83
4.53158 238.414
4.73151 111.659
4.94026 174.226
5.15822 450.581
5.3858 441.146
5.62341 58.1192
5.87151 392.091
6.13056 246.154
6.40103 396.297
6.68344 245.122
6.97831 443.612
7.28618 118.95
7.60764 166.407
7.94328 359.147
8.29373 193.657
8.65964 439.544
9.0417 207.096
9.44061 244.197
9.85712 343.562
10.292 151.7
10.7461 240.906
11.2202 320.171
11.7152 110.575
12.2321 248.157
12.7717 302.309
13.3352 259.671
13.9236 99.4286
14.5378 643.495
15.1792 346.091
15.8489 335.031
16.5482 169.673
17.2783 224.396
18.0406 132.482
18.8365 185.044
19.6675 462.471
20.5353 0
21.4412 178.64
22.3872 144.279
23.3749 24.6343
24.4062 178.624
25.483 230.975
26.6073 161.791
27.7811 156.738
29.0068 219.697
30.2866 207.885
31.6228 196.794
33.0179 24.4767
34.4747 96.79
35.9956 451.976
37.5837 162.721
39.2419 355.443
40.9732 192.409
42.7809 135.099
44.6684 0
46.6391 290.57
48.6968 116.952
50.8452 109.422
53.0884 205.399
55.4307 413.127
57.8762 95.7247
60.4296 378.345
63.0957 0
65.8795 219.83
68.786 318.021
71.8208 326.064
74.9894 108.583
78.2979 119.581
81.7523 275.803
85.3591 11.1521
89.1251 221.584
93.0572 70.8133
97.1628 0
101.45 103.135
105.925 132.951
110.599 75.9043
115.478 50.5673
120.573 429.663
125.893 289.804
131.447 48.9032
137.246 115.328
143.301 75.5705
149.624 324.81
156.225 110.63
163.117 247.696
170.314 115.618
177.828 106.936
185.674 95.9361
193.865 87.4051
202.418 117.979
211.349 0
220.673 31.8281
230.409 148.492
240.575 96.4742
251.189 193.358
262.271 70.8661
273.842 203.493
285.924 178.516
298.538 267.752
311.709 0
325.462 0
339.821 0
354.813 0
370.467 172.31
386.812 0
403.878 0
421.697 0
440.301 0
459.727 0
480.01 0
501.187 0
523.299 0
546.387 0
570.493 0
595.662 0
621.942 0
649.382 0
678.032 0
707.946 0
739.18 0
771.792 0
805.842 0
841.395 0
878.517 0
917.276 0
957.745 0
1000 0
