# First line is two numbers 
#     First value is '2', it means 'histogram mode'
#     Second value is 'Emin' of the histogram
# Other lines : 2 columns. 1) energy 2) probability (nb divided by NbEvent)
# Number of bins = 480
# Content below the first bin: 0
# Content above the last  bin: 0
# Content above the last  bin: 0
# Number of events: 400000
2 1e-06
1.04412e-06 0
1.09018e-06 0
1.13828e-06 0
1.1885e-06 0
1.24094e-06 0
1.29569e-06 0
1.35285e-06 0
1.41254e-06 0
1.47486e-06 0
1.53993e-06 0
1.60787e-06 0
1.6788e-06 0
1.75287e-06 0
1.83021e-06 0
1.91095e-06 0
1.99526e-06 0
2.08329e-06 0
2.1752e-06 0
2.27117e-06 0
2.37137e-06 0
2.476e-06 0
2.58523e-06 0
2.69929e-06 0
2.81838e-06 0
2.94273e-06 0
3.07256e-06 0
3.20812e-06 0
3.34965e-06 0
3.49744e-06 0
3.65174e-06 0
3.81285e-06 0
3.98107e-06 0
4.15671e-06 0
4.3401e-06 0
4.53158e-06 0
4.73151e-06 0
4.94026e-06 0
5.15822e-06 0
5.3858e-06 0
5.62341e-06 0
5.87151e-06 0
6.13056e-06 0
6.40103e-06 0
6.68344e-06 0
6.97831e-06 0
7.28618e-06 0
7.60764e-06 0
7.94328e-06 0
8.29373e-06 0
8.65964e-06 0
9.0417e-06 0
9.44061e-06 0
9.85712e-06 0
1.0292e-05 0
1.07461e-05 0
1.12202e-05 0
1.17152e-05 0
1.22321e-05 0
1.27717e-05 0
1.33352e-05 0
1.39236e-05 0
1.45378e-05 0
1.51792e-05 0
1.58489e-05 0
1.65482e-05 0
1.72783e-05 0
1.80406e-05 0
1.88365e-05 0
1.96675e-05 0
2.05353e-05 0
2.14412e-05 0
2.23872e-05 0
2.33749e-05 0
2.44062e-05 0
2.5483e-05 0
2.66073e-05 0
2.77811e-05 0
2.90068e-05 0
3.02866e-05 0
3.16228e-05 0
3.30179e-05 0
3.44747e-05 0
3.59956e-05 0
3.75837e-05 0
3.92419e-05 0
4.09732e-05 0
4.27809e-05 0
4.46684e-05 0
4.66391e-05 0
4.86968e-05 0
5.08452e-05 0
5.30884e-05 0
5.54307e-05 0
5.78762e-05 0
6.04296e-05 0
6.30957e-05 0
6.58795e-05 0
6.8786e-05 0
7.18208e-05 0
7.49894e-05 0
7.82979e-05 0
8.17523e-05 0
8.53591e-05 0
8.91251e-05 0
9.30572e-05 0
9.71628e-05 0
0.00010145 0
0.000105925 0
0.000110599 0
0.000115478 0
0.000120573 0
0.000125893 0
0.000131447 0
0.000137246 0
0.000143301 0
0.000149624 0
0.000156225 0
0.000163117 0
0.000170314 0
0.000177828 0
0.000185674 0
0.000193865 0
0.000202418 0
0.000211349 0
0.000220673 0
0.000230409 0
0.000240575 0
0.000251189 0
0.000262271 0
0.000273842 0
0.000285924 0
0.000298538 0
0.000311709 0
0.000325462 0
0.000339821 0
0.000354813 0
0.000370467 0
0.000386812 0
0.000403878 0
0.000421697 0
0.000440301 0
0.000459727 0
0.00048001 0
0.000501187 0
0.000523299 0
0.000546387 0
0.000570493 0
0.000595662 0
0.000621942 0
0.000649382 0
0.000678032 0
0.000707946 0
0.00073918 0
0.000771792 0
0.000805842 0
0.000841395 0
0.000878517 0
0.000917276 0
0.000957745 0
0.001 0
0.00104412 0
0.00109018 0
0.00113828 0
0.0011885 0
0.00124094 0
0.00129569 0
0.00135285 0
0.00141254 0
0.00147486 0
0.00153993 0
0.00160787 0
0.0016788 0
0.00175287 0
0.00183021 0
0.00191095 0
0.00199526 0
0.00208329 0
0.0021752 0
0.00227117 0
0.00237137 0
0.002476 106.132
0.00258523 0
0.00269929 0
0.00281838 0
0.00294273 0
0.00307256 0
0.00320812 0
0.00334965 0
0.00349744 0
0.00365174 0
0.00381285 0
0.00398107 0
0.00415671 0
0.0043401 0
0.00453158 0
0.00473151 0
0.00494026 0
0.00515822 0
0.0053858 0
0.00562341 0
0.00587151 0
0.00613056 0
0.00640103 0
0.00668344 0
0.00697831 0
0.00728618 0
0.00760764 0
0.00794328 0
0.00829373 0
0.00865964 0
0.0090417 0
0.00944061 0
0.00985712 0
0.010292 0
0.0107461 0
0.0112202 0
0.0117152 21.2903
0.0122321 0
0.0127717 0
0.0133352 0
0.0139236 0
0.0145378 0
0.0151792 0
0.0158489 0
0.0165482 0
0.0172783 0
0.0180406 0
0.0188365 0
0.0196675 0
0.0205353 0
0.0214412 0
0.0223872 96.9411
0.0233749 0
0.0244062 115.972
0.025483 197.434
0.0266073 143.176
0.0277811 0
0.0290068 0
0.0302866 0
0.0316228 0
0.0330179 0
0.0344747 0
0.0359956 0
0.0375837 0
0.0392419 0
0.0409732 68.5095
0.0427809 0
0.0446684 0
0.0466391 72.5221
0.0486968 0
0.0508452 0
0.0530884 0
0.0554307 0
0.0578762 0
0.0604296 0
0.0630957 0
0.0658795 0
0.068786 115.696
0.0718208 0
0.0749894 0
0.0782979 87.7172
0.0817523 47.6449
0.0853591 0
0.0891251 0
0.0930572 0
0.0971628 0
0.10145 0
0.105925 92.4199
0.110599 0
0.115478 119.51
0.120573 0
0.125893 243.589
0.131447 69.2307
0.137246 113.971
0.143301 126.317
0.149624 0
0.156225 0
0.163117 31.291
0.170314 90.7268
0.177828 0
0.185674 220.002
0.193865 0
0.202418 0
0.211349 34.1255
0.220673 329.532
0.230409 0
0.240575 222.058
0.251189 77.4812
0.262271 473.492
0.273842 567.511
0.285924 319.309
0.298538 247.568
0.311709 428.624
0.325462 304.573
0.339821 172.293
0.354813 1008.25
0.370467 433.456
0.386812 772.447
0.403878 303.275
0.421697 367.58
0.440301 353.246
0.459727 161.169
0.48001 633.966
0.501187 175.972
0.523299 417.197
0.546387 335.302
0.570493 248.004
0.595662 562.572
0.621942 1184.64
0.649382 733.309
0.678032 1022.46
0.707946 592.635
0.73918 729.389
0.771792 115.167
0.805842 173.386
0.841395 513.592
0.878517 292.368
0.917276 635.681
0.957745 698.651
1 408.623
1.04412 652.554
1.09018 317.178
1.13828 110.658
1.1885 516.515
1.24094 390.207
1.29569 412.935
1.35285 128.037
1.41254 333.545
1.47486 411.272
1.53993 808.893
1.60787 20.7229
1.6788 191.154
1.75287 93.4975
1.83021 370.423
1.91095 984.241
1.99526 192.134
2.08329 300.947
2.1752 255.136
2.27117 273.924
2.37137 205.26
2.476 68.5475
2.58523 543.023
2.69929 313.873
2.81838 71.578
2.94273 0
3.07256 171.676
3.20812 225.792
3.34965 19.9616
3.49744 0
3.65174 194.547
3.81285 115.217
3.98107 349.93
4.15671 108.884
4.3401 298.575
4.53158 135.903
4.73151 0
4.94026 211.085
5.15822 289.702
5.3858 82.9013
5.62341 53.6646
5.87151 223.272
6.13056 0
6.40103 84.4666
6.68344 0
6.97831 84.2952
7.28618 513.935
7.60764 41.2986
7.94328 216.112
8.29373 0
8.65964 289.96
9.0417 263.657
9.44061 98.763
9.85712 0
10.292 0
10.7461 0
11.2202 0
11.7152 0
12.2321 63.7885
12.7717 79.1846
13.3352 204.707
13.9236 106.117
14.5378 76.9026
15.1792 228.53
15.8489 57.7648
16.5482 229.962
17.2783 153.864
18.0406 88.0261
18.8365 0
19.6675 199.585
20.5353 496.443
21.4412 84.8589
22.3872 106.376
23.3749 108.41
24.4062 194.517
25.483 244.982
26.6073 57.5594
27.7811 438.369
29.0068 241.544
30.2866 119.336
31.6228 329.618
33.0179 281.636
34.4747 203.402
35.9956 96.6893
37.5837 427.212
39.2419 0
40.9732 181.406
42.7809 107.755
44.6684 218.468
46.6391 340.915
48.6968 119.954
50.8452 291.705
53.0884 57.7292
55.4307 4.42104
57.8762 292.902
60.4296 228.837
63.0957 153.868
65.8795 135.088
68.786 445.739
71.8208 561.396
74.9894 341.286
78.2979 583.385
81.7523 444.575
85.3591 730.764
89.1251 393.28
93.0572 225.198
97.1628 418.595
101.45 147.544
105.925 251.043
110.599 409.394
115.478 51.343
120.573 348.117
125.893 0
131.447 84.8201
137.246 79.9546
143.301 163.927
149.624 107.297
156.225 458.315
163.117 234.899
170.314 0
177.828 363.893
185.674 198.132
193.865 268.587
202.418 230.593
211.349 235.57
220.673 86.9697
230.409 220.03
240.575 0
251.189 0
262.271 82.6842
273.842 0
285.924 0
298.538 0
311.709 0
325.462 0
339.821 0
354.813 0
370.467 80.5636
386.812 110.181
403.878 0
421.697 0
440.301 0
459.727 0
480.01 0
501.187 0
523.299 0
546.387 0
570.493 0
595.662 0
621.942 0
649.382 0
678.032 0
707.946 0
739.18 0
771.792 0
805.842 0
841.395 0
878.517 0
917.276 0
957.745 0
1000 0
