# First line is two numbers 
#     First value is '2', it means 'histogram mode'
#     Second value is 'Emin' of the histogram
# Other lines : 2 columns. 1) energy 2) probability (nb divided by NbEvent)
# Number of bins = 480
# Content below the first bin: 0
# Content above the last  bin: 0
# Content above the last  bin: 0
# Number of events: 209000
2 1e-06
1.04412e-06 0
1.09018e-06 0
1.13828e-06 0
1.1885e-06 0
1.24094e-06 0
1.29569e-06 0
1.35285e-06 0
1.41254e-06 0
1.47486e-06 0
1.53993e-06 0
1.60787e-06 0
1.6788e-06 0
1.75287e-06 0
1.83021e-06 0
1.91095e-06 0
1.99526e-06 0
2.08329e-06 0
2.1752e-06 0
2.27117e-06 0
2.37137e-06 0
2.476e-06 0
2.58523e-06 0
2.69929e-06 0
2.81838e-06 0
2.94273e-06 0
3.07256e-06 0
3.20812e-06 0
3.34965e-06 0
3.49744e-06 0
3.65174e-06 0
3.81285e-06 0
3.98107e-06 0
4.15671e-06 0
4.3401e-06 0
4.53158e-06 0
4.73151e-06 0
4.94026e-06 0
5.15822e-06 0
5.3858e-06 0
5.62341e-06 0
5.87151e-06 0
6.13056e-06 0
6.40103e-06 0
6.68344e-06 0
6.97831e-06 0
7.28618e-06 0
7.60764e-06 0
7.94328e-06 0
8.29373e-06 0
8.65964e-06 0
9.0417e-06 0
9.44061e-06 0
9.85712e-06 0
1.0292e-05 0
1.07461e-05 0
1.12202e-05 0
1.17152e-05 0
1.22321e-05 0
1.27717e-05 0
1.33352e-05 0
1.39236e-05 0
1.45378e-05 0
1.51792e-05 0
1.58489e-05 0
1.65482e-05 0
1.72783e-05 0
1.80406e-05 0
1.88365e-05 0
1.96675e-05 0
2.05353e-05 0
2.14412e-05 0
2.23872e-05 0
2.33749e-05 0
2.44062e-05 0
2.5483e-05 0
2.66073e-05 0
2.77811e-05 0
2.90068e-05 0
3.02866e-05 0
3.16228e-05 0
3.30179e-05 0
3.44747e-05 0
3.59956e-05 0
3.75837e-05 0
3.92419e-05 0
4.09732e-05 0
4.27809e-05 0
4.46684e-05 0
4.66391e-05 0
4.86968e-05 0
5.08452e-05 0
5.30884e-05 0
5.54307e-05 0
5.78762e-05 0
6.04296e-05 0
6.30957e-05 0
6.58795e-05 0
6.8786e-05 0
7.18208e-05 0
7.49894e-05 0
7.82979e-05 0
8.17523e-05 0
8.53591e-05 0
8.91251e-05 0
9.30572e-05 0
9.71628e-05 0
0.00010145 0
0.000105925 0
0.000110599 0
0.000115478 0
0.000120573 0
0.000125893 0
0.000131447 0
0.000137246 0
0.000143301 0
0.000149624 0
0.000156225 0
0.000163117 0
0.000170314 0
0.000177828 0
0.000185674 0
0.000193865 0
0.000202418 0
0.000211349 0
0.000220673 0
0.000230409 0
0.000240575 0
0.000251189 0
0.000262271 0
0.000273842 0
0.000285924 0
0.000298538 0
0.000311709 0
0.000325462 0
0.000339821 0
0.000354813 0
0.000370467 0
0.000386812 0
0.000403878 0
0.000421697 0
0.000440301 0
0.000459727 0
0.00048001 0
0.000501187 0
0.000523299 0
0.000546387 0
0.000570493 0
0.000595662 0
0.000621942 0
0.000649382 0
0.000678032 0
0.000707946 0
0.00073918 0
0.000771792 0
0.000805842 0
0.000841395 0
0.000878517 0
0.000917276 0
0.000957745 0
0.001 0
0.00104412 0
0.00109018 119.644
0.00113828 0
0.0011885 0
0.00124094 0
0.00129569 0
0.00135285 0
0.00141254 0
0.00147486 0
0.00153993 0
0.00160787 0
0.0016788 0
0.00175287 0
0.00183021 0
0.00191095 0
0.00199526 0
0.00208329 0
0.0021752 0
0.00227117 0
0.00237137 0
0.002476 0
0.00258523 72.5751
0.00269929 0
0.00281838 0
0.00294273 56.2703
0.00307256 0
0.00320812 0
0.00334965 0
0.00349744 0
0.00365174 0
0.00381285 0
0.00398107 0
0.00415671 0
0.0043401 0
0.00453158 0
0.00473151 0
0.00494026 0
0.00515822 0
0.0053858 0
0.00562341 0
0.00587151 127.613
0.00613056 0
0.00640103 96.4879
0.00668344 0
0.00697831 127.847
0.00728618 90.87
0.00760764 0
0.00794328 27.334
0.00829373 0
0.00865964 106.969
0.0090417 93.2404
0.00944061 0
0.00985712 154.391
0.010292 0
0.0107461 0
0.0112202 65.2497
0.0117152 169.009
0.0122321 217.1
0.0127717 71.1668
0.0133352 249.036
0.0139236 237.499
0.0145378 0
0.0151792 184.992
0.0158489 119.092
0.0165482 347.439
0.0172783 298.697
0.0180406 272.196
0.0188365 129.488
0.0196675 415.746
0.0205353 501.421
0.0214412 191.735
0.0223872 625.868
0.0233749 466.381
0.0244062 343.857
0.025483 589.173
0.0266073 388.036
0.0277811 707.213
0.0290068 492.429
0.0302866 583.368
0.0316228 575.232
0.0330179 674.468
0.0344747 1195.83
0.0359956 344.605
0.0375837 756.67
0.0392419 1084.41
0.0409732 1002.7
0.0427809 1028.73
0.0446684 846.555
0.0466391 1073.54
0.0486968 695.383
0.0508452 1754.21
0.0530884 1028.56
0.0554307 1541.85
0.0578762 1257.36
0.0604296 1046.34
0.0630957 1464.7
0.0658795 2532.88
0.068786 1091.04
0.0718208 2224.94
0.0749894 1422.7
0.0782979 2227.9
0.0817523 1941.61
0.0853591 2881.62
0.0891251 1666.24
0.0930572 2422.88
0.0971628 2110.08
0.10145 2564.55
0.105925 2450.07
0.110599 2049.18
0.115478 3635.06
0.120573 2732.14
0.125893 2762.78
0.131447 2167.6
0.137246 3003.77
0.143301 3388.42
0.149624 3277.69
0.156225 3760.07
0.163117 3540.04
0.170314 2884.03
0.177828 3649.54
0.185674 2669.19
0.193865 3561.81
0.202418 3525.7
0.211349 3774.18
0.220673 4069.57
0.230409 3474.57
0.240575 3406.55
0.251189 3916.2
0.262271 3764
0.273842 3844.99
0.285924 4122.49
0.298538 2846.74
0.311709 3932.19
0.325462 3526.31
0.339821 3892.37
0.354813 3095.26
0.370467 3294.36
0.386812 3262.6
0.403878 3452.4
0.421697 3296.25
0.440301 3916.6
0.459727 4608.09
0.48001 3774.51
0.501187 4222.82
0.523299 4577.66
0.546387 3453.4
0.570493 4173.36
0.595662 4753.19
0.621942 3791.51
0.649382 3711.4
0.678032 3661.45
0.707946 3445.18
0.73918 3314.18
0.771792 3084.14
0.805842 2958.84
0.841395 3472.36
0.878517 4043.88
0.917276 3018.33
0.957745 3018.73
1 2688.56
1.04412 3127.15
1.09018 3293.6
1.13828 2420.33
1.1885 2302.58
1.24094 2397.15
1.29569 1277.91
1.35285 1472.63
1.41254 1395.2
1.47486 1191.49
1.53993 1556.42
1.60787 704.323
1.6788 1441.85
1.75287 614.795
1.83021 1245.74
1.91095 942.391
1.99526 921.111
2.08329 1335.39
2.1752 1030.66
2.27117 1228.79
2.37137 990.958
2.476 1256.78
2.58523 894.821
2.69929 1470.2
2.81838 1410.65
2.94273 1567.92
3.07256 1204.41
3.20812 762.18
3.34965 499.833
3.49744 787.395
3.65174 550.909
3.81285 511.337
3.98107 488.81
4.15671 1017.47
4.3401 435.331
4.53158 425.636
4.73151 552.169
4.94026 645.285
5.15822 950.808
5.3858 551.82
5.62341 118.075
5.87151 635.937
6.13056 575.369
6.40103 954.224
6.68344 321.653
6.97831 822.334
7.28618 312.678
7.60764 528.228
7.94328 519.347
8.29373 479.614
8.65964 122.054
9.0417 251.261
9.44061 378.924
9.85712 540.175
10.292 131.322
10.7461 438.496
11.2202 340.014
11.7152 292.821
12.2321 0
12.7717 698.478
13.3352 455.879
13.9236 388.145
14.5378 554.343
15.1792 252.813
15.8489 337.557
16.5482 102.645
17.2783 210.25
18.0406 553.161
18.8365 696.302
19.6675 154.27
20.5353 226.586
21.4412 128.106
22.3872 422.482
23.3749 77.6638
24.4062 402.832
25.483 817.772
26.6073 560.715
27.7811 417.199
29.0068 171.923
30.2866 841.788
31.6228 737.531
33.0179 355.016
34.4747 549.216
35.9956 273.636
37.5837 514.333
39.2419 359.34
40.9732 810.964
42.7809 416.765
44.6684 357.533
46.6391 229.715
48.6968 830.308
50.8452 301.917
53.0884 608.456
55.4307 822.309
57.8762 703.131
60.4296 430.464
63.0957 574.125
65.8795 679.641
68.786 463.359
71.8208 959.524
74.9894 533.501
78.2979 456.143
81.7523 585.044
85.3591 1053.88
89.1251 488.492
93.0572 443.599
97.1628 571.64
101.45 598.795
105.925 684.87
110.599 521.702
115.478 479.434
120.573 516.882
125.893 247.654
131.447 859.066
137.246 210.63
143.301 1109.3
149.624 711.48
156.225 832.289
163.117 504.849
170.314 1274.6
177.828 796.933
185.674 1113.36
193.865 872.896
202.418 881.774
211.349 924.17
220.673 952.512
230.409 696.768
240.575 311.876
251.189 780.079
262.271 882.753
273.842 706.458
285.924 635.558
298.538 745.224
311.709 890.773
325.462 982.887
339.821 364.013
354.813 664.879
370.467 265.155
386.812 116.783
403.878 284.788
421.697 158.687
440.301 109.177
459.727 339.19
480.01 76.1966
501.187 259.186
523.299 30.6094
546.387 292.154
570.493 100.548
595.662 0
621.942 0
649.382 215.36
678.032 0
707.946 0
739.18 0
771.792 183.812
805.842 0
841.395 116.057
878.517 0
917.276 0
957.745 90.4566
1000 0
