# First line is two numbers 
#     First value is '2', it means 'histogram mode'
#     Second value is 'Emin' of the histogram
# Other lines : 2 columns. 1) energy 2) probability (nb divided by NbEvent)
# Number of bins = 480
# Content below the first bin: 19606.6
# Content above the last  bin: 0
# Content above the last  bin: 0
# Number of events: 209000
2 1e-06
1.04412e-06 0
1.09018e-06 0
1.13828e-06 0
1.1885e-06 117.599
1.24094e-06 59.9419
1.29569e-06 0
1.35285e-06 0
1.41254e-06 0
1.47486e-06 0
1.53993e-06 0
1.60787e-06 0
1.6788e-06 115.136
1.75287e-06 82.3733
1.83021e-06 0
1.91095e-06 98.6482
1.99526e-06 0
2.08329e-06 116.814
2.1752e-06 0
2.27117e-06 76.5324
2.37137e-06 0
2.476e-06 37.5576
2.58523e-06 80.3741
2.69929e-06 0
2.81838e-06 116.791
2.94273e-06 0
3.07256e-06 0
3.20812e-06 162.961
3.34965e-06 0
3.49744e-06 0
3.65174e-06 0
3.81285e-06 49.0544
3.98107e-06 0
4.15671e-06 0
4.3401e-06 0
4.53158e-06 0
4.73151e-06 0
4.94026e-06 70.6591
5.15822e-06 0
5.3858e-06 79.7256
5.62341e-06 0
5.87151e-06 0
6.13056e-06 0
6.40103e-06 109.708
6.68344e-06 0
6.97831e-06 0
7.28618e-06 0
7.60764e-06 42.9838
7.94328e-06 0
8.29373e-06 90.3398
8.65964e-06 0
9.0417e-06 0
9.44061e-06 289.472
9.85712e-06 96.2204
1.0292e-05 9.91831
1.07461e-05 99.8784
1.12202e-05 111.812
1.17152e-05 0
1.22321e-05 0
1.27717e-05 105.222
1.33352e-05 96.8045
1.39236e-05 0
1.45378e-05 101.782
1.51792e-05 34.9979
1.58489e-05 0
1.65482e-05 0
1.72783e-05 0
1.80406e-05 62.4703
1.88365e-05 0
1.96675e-05 60.6619
2.05353e-05 0
2.14412e-05 0
2.23872e-05 80.8614
2.33749e-05 107.039
2.44062e-05 95.9442
2.5483e-05 0
2.66073e-05 108.724
2.77811e-05 185.427
2.90068e-05 28.5448
3.02866e-05 0
3.16228e-05 56.0263
3.30179e-05 170.83
3.44747e-05 221.238
3.59956e-05 0
3.75837e-05 0
3.92419e-05 0
4.09732e-05 48.6421
4.27809e-05 85.8884
4.46684e-05 0
4.66391e-05 0
4.86968e-05 49.2463
5.08452e-05 0
5.30884e-05 0
5.54307e-05 0
5.78762e-05 79.3811
6.04296e-05 0
6.30957e-05 40.1339
6.58795e-05 0
6.8786e-05 0
7.18208e-05 0
7.49894e-05 0
7.82979e-05 32.7607
8.17523e-05 59.4338
8.53591e-05 0
8.91251e-05 62.6109
9.30572e-05 0
9.71628e-05 54.1226
0.00010145 0
0.000105925 30.3429
0.000110599 81.4183
0.000115478 56.8626
0.000120573 43.2594
0.000125893 0
0.000131447 178.563
0.000137246 0
0.000143301 0
0.000149624 0
0.000156225 0
0.000163117 0
0.000170314 0
0.000177828 59.7878
0.000185674 166.468
0.000193865 115.918
0.000202418 205.645
0.000211349 0
0.000220673 0
0.000230409 110.404
0.000240575 0
0.000251189 0
0.000262271 0
0.000273842 0
0.000285924 0
0.000298538 110.717
0.000311709 100.905
0.000325462 60.168
0.000339821 0
0.000354813 115.543
0.000370467 0
0.000386812 0
0.000403878 40.802
0.000421697 0
0.000440301 0
0.000459727 99.8537
0.00048001 108.815
0.000501187 0
0.000523299 0
0.000546387 207.67
0.000570493 0
0.000595662 0
0.000621942 55.4197
0.000649382 111.309
0.000678032 166.145
0.000707946 110.472
0.00073918 63.0425
0.000771792 201.058
0.000805842 0
0.000841395 108.868
0.000878517 102.239
0.000917276 68.6588
0.000957745 95.2665
0.001 0
0.00104412 0
0.00109018 0
0.00113828 238.057
0.0011885 119.215
0.00124094 51.3577
0.00129569 86.0317
0.00135285 40.6884
0.00141254 16.9181
0.00147486 0
0.00153993 62.2627
0.00160787 0
0.0016788 0
0.00175287 414.429
0.00183021 0
0.00191095 193.616
0.00199526 105.93
0.00208329 214.25
0.0021752 0
0.00227117 0
0.00237137 0
0.002476 318.075
0.00258523 0
0.00269929 0
0.00281838 103.575
0.00294273 0
0.00307256 0
0.00320812 52.7225
0.00334965 0
0.00349744 59.4053
0.00365174 77.7701
0.00381285 0
0.00398107 46.4104
0.00415671 165.258
0.0043401 109.227
0.00453158 80.0175
0.00473151 0
0.00494026 0
0.00515822 256.841
0.0053858 97.5702
0.00562341 148.693
0.00587151 0
0.00613056 162.348
0.00640103 0
0.00668344 121.765
0.00697831 119.06
0.00728618 0
0.00760764 0
0.00794328 65.6813
0.00829373 258.002
0.00865964 133.145
0.0090417 201.186
0.00944061 134.09
0.00985712 284.941
0.010292 0
0.0107461 0
0.0112202 99.8478
0.0117152 0
0.0122321 60.4221
0.0127717 0
0.0133352 107.375
0.0139236 0
0.0145378 143.515
0.0151792 293.104
0.0158489 170.848
0.0165482 0
0.0172783 82.9719
0.0180406 109.198
0.0188365 118.122
0.0196675 153.06
0.0205353 120.027
0.0214412 0
0.0223872 0
0.0233749 44.7495
0.0244062 0
0.025483 28.4338
0.0266073 0
0.0277811 75.0851
0.0290068 227.418
0.0302866 87.8143
0.0316228 0
0.0330179 322.433
0.0344747 202.743
0.0359956 140.047
0.0375837 113.397
0.0392419 0
0.0409732 51.5185
0.0427809 75.4124
0.0446684 204.515
0.0466391 78.7876
0.0486968 114.45
0.0508452 250.092
0.0530884 246.875
0.0554307 68.4458
0.0578762 30.5522
0.0604296 75.6436
0.0630957 114.134
0.0658795 168.773
0.068786 45.4259
0.0718208 0
0.0749894 101.976
0.0782979 128.952
0.0817523 111.696
0.0853591 56.8849
0.0891251 151.601
0.0930572 40.5975
0.0971628 53.4768
0.10145 75.9341
0.105925 0
0.110599 358.55
0.115478 0
0.120573 52.0381
0.125893 106.701
0.131447 156.384
0.137246 105.742
0.143301 57.3574
0.149624 105.524
0.156225 386.37
0.163117 336.863
0.170314 178.044
0.177828 475.813
0.185674 294.312
0.193865 288.407
0.202418 0
0.211349 178.677
0.220673 349.953
0.230409 252.911
0.240575 163.992
0.251189 139.419
0.262271 194.315
0.273842 132.936
0.285924 180.872
0.298538 257.821
0.311709 264.24
0.325462 239.42
0.339821 339.794
0.354813 244.024
0.370467 226.965
0.386812 102.47
0.403878 296.604
0.421697 248.397
0.440301 87.183
0.459727 363.557
0.48001 318.321
0.501187 175.23
0.523299 1033.66
0.546387 523.819
0.570493 438.994
0.595662 356.836
0.621942 607.937
0.649382 482.555
0.678032 341.447
0.707946 313.909
0.73918 498.183
0.771792 603.266
0.805842 494.091
0.841395 567.207
0.878517 380.317
0.917276 486.104
0.957745 381.142
1 332.291
1.04412 136.493
1.09018 463.31
1.13828 551.8
1.1885 713.835
1.24094 505.369
1.29569 692.355
1.35285 360.803
1.41254 951.913
1.47486 379.677
1.53993 684.147
1.60787 858.328
1.6788 883.836
1.75287 958.466
1.83021 622.599
1.91095 662.4
1.99526 1150.68
2.08329 780.374
2.1752 1118.45
2.27117 1111.83
2.37137 2149.24
2.476 1222.5
2.58523 1532.32
2.69929 1455.46
2.81838 1505.26
2.94273 1203.04
3.07256 1467.25
3.20812 1016.49
3.34965 880.441
3.49744 1590.04
3.65174 1125.11
3.81285 890.25
3.98107 1163.19
4.15671 2090.14
4.3401 561.484
4.53158 1451.32
4.73151 1371.79
4.94026 1424.79
5.15822 1673.32
5.3858 2158.27
5.62341 1474.61
5.87151 2433.63
6.13056 2256.73
6.40103 2066.67
6.68344 3118.84
6.97831 1298.35
7.28618 2378.97
7.60764 1595.76
7.94328 964.652
8.29373 1648.37
8.65964 1856.59
9.0417 2883.4
9.44061 2728.45
9.85712 3143.15
10.292 2466.51
10.7461 3133.02
11.2202 2684.03
11.7152 3943.58
12.2321 1958.95
12.7717 1904.14
13.3352 4081.12
13.9236 2892.7
14.5378 3276.09
15.1792 3190.35
15.8489 3350.83
16.5482 3179.03
17.2783 3121.41
18.0406 3762.22
18.8365 4645.17
19.6675 4179.97
20.5353 4283.06
21.4412 3699.25
22.3872 5270.56
23.3749 5556.57
24.4062 4280.3
25.483 4932.79
26.6073 6254.03
27.7811 5303.26
29.0068 6419.04
30.2866 5361.09
31.6228 7698.45
33.0179 6311.43
34.4747 7031.6
35.9956 7602.14
37.5837 8154.19
39.2419 7241.58
40.9732 8500.3
42.7809 8783
44.6684 9241.43
46.6391 9971.86
48.6968 10472.7
50.8452 8602.47
53.0884 11877.5
55.4307 12533.3
57.8762 13190.5
60.4296 13218.3
63.0957 15890.3
65.8795 15227.1
68.786 16910.5
71.8208 18030.5
74.9894 15910.6
78.2979 20575.2
81.7523 17136.1
85.3591 20938.4
89.1251 21464.7
93.0572 23232.6
97.1628 26021.2
101.45 27406.3
105.925 27860.2
110.599 26313.5
115.478 32709.5
120.573 30630.4
125.893 35367.7
131.447 31505.8
137.246 39475.4
143.301 39326.2
149.624 41877.2
156.225 39915.9
163.117 44102.5
170.314 46806.9
177.828 49054.4
185.674 49235.1
193.865 54910.5
202.418 51104.6
211.349 51169.1
220.673 52405.8
230.409 47144.7
240.575 48004.6
251.189 43987.3
262.271 40503.1
273.842 38447.4
285.924 29390.4
298.538 27450.9
311.709 18578.8
325.462 17927.5
339.821 11056.9
354.813 10660.1
370.467 8583.56
386.812 5635.93
403.878 4494.67
421.697 3553.21
440.301 1739.45
459.727 1526.11
480.01 1300.29
501.187 985.598
523.299 916.812
546.387 508.744
570.493 394.965
595.662 296.998
621.942 0
649.382 0
678.032 270.74
707.946 0
739.18 0
771.792 0
805.842 98.8008
841.395 0
878.517 0
917.276 0
957.745 0
1000 0
