# First line is two numbers 
#     First value is '2', it means 'histogram mode'
#     Second value is 'Emin' of the histogram
# Other lines : 2 columns. 1) energy 2) probability (nb divided by NbEvent)
# Number of bins = 480
# Content below the first bin: 22240.1
# Content above the last  bin: 0
# Content above the last  bin: 0
# Number of events: 209000
2 1e-06
1.04412e-06 103.358
1.09018e-06 110.752
1.13828e-06 0
1.1885e-06 0
1.24094e-06 0
1.29569e-06 57.7049
1.35285e-06 0
1.41254e-06 69.6158
1.47486e-06 58.1777
1.53993e-06 0
1.60787e-06 0
1.6788e-06 0
1.75287e-06 0
1.83021e-06 85.5514
1.91095e-06 0
1.99526e-06 0
2.08329e-06 196.247
2.1752e-06 0
2.27117e-06 0
2.37137e-06 0
2.476e-06 0
2.58523e-06 0
2.69929e-06 113.84
2.81838e-06 57.5729
2.94273e-06 0
3.07256e-06 0
3.20812e-06 65.6245
3.34965e-06 80.5557
3.49744e-06 0
3.65174e-06 109.876
3.81285e-06 0
3.98107e-06 0
4.15671e-06 96.8049
4.3401e-06 0
4.53158e-06 242.823
4.73151e-06 43.8112
4.94026e-06 189.835
5.15822e-06 0
5.3858e-06 0
5.62341e-06 0
5.87151e-06 0
6.13056e-06 0
6.40103e-06 104.131
6.68344e-06 0
6.97831e-06 31.4256
7.28618e-06 0
7.60764e-06 0
7.94328e-06 48.7601
8.29373e-06 0
8.65964e-06 106.402
9.0417e-06 0
9.44061e-06 0
9.85712e-06 0
1.0292e-05 39.1282
1.07461e-05 0
1.12202e-05 0
1.17152e-05 0
1.22321e-05 0
1.27717e-05 67.4062
1.33352e-05 0
1.39236e-05 98.7461
1.45378e-05 0
1.51792e-05 0
1.58489e-05 0
1.65482e-05 91.5584
1.72783e-05 120.2
1.80406e-05 0
1.88365e-05 0
1.96675e-05 85.4026
2.05353e-05 0
2.14412e-05 0
2.23872e-05 0
2.33749e-05 50.7256
2.44062e-05 102.342
2.5483e-05 0
2.66073e-05 0
2.77811e-05 98.4491
2.90068e-05 0
3.02866e-05 108.218
3.16228e-05 0
3.30179e-05 0
3.44747e-05 0
3.59956e-05 94.706
3.75837e-05 0
3.92419e-05 63.725
4.09732e-05 0
4.27809e-05 11.5397
4.46684e-05 0
4.66391e-05 0
4.86968e-05 82.4791
5.08452e-05 75.0201
5.30884e-05 115.702
5.54307e-05 0
5.78762e-05 0
6.04296e-05 70.2691
6.30957e-05 78.9461
6.58795e-05 0
6.8786e-05 41.9401
7.18208e-05 0
7.49894e-05 95.1452
7.82979e-05 195.007
8.17523e-05 0
8.53591e-05 84.4665
8.91251e-05 217.304
9.30572e-05 0
9.71628e-05 99.7791
0.00010145 0
0.000105925 139.97
0.000110599 56.2055
0.000115478 47.9566
0.000120573 200.375
0.000125893 102.351
0.000131447 100.149
0.000137246 108.508
0.000143301 0
0.000149624 90.4061
0.000156225 82.4621
0.000163117 39.4168
0.000170314 154.945
0.000177828 0
0.000185674 0
0.000193865 0
0.000202418 118.42
0.000211349 0
0.000220673 0
0.000230409 64.4447
0.000240575 0
0.000251189 31.233
0.000262271 64.1179
0.000273842 57.9443
0.000285924 0
0.000298538 113.277
0.000311709 90.0914
0.000325462 0
0.000339821 115.459
0.000354813 94.1689
0.000370467 63.1835
0.000386812 98.4977
0.000403878 87.3496
0.000421697 96.2759
0.000440301 0
0.000459727 80.8499
0.00048001 0
0.000501187 0
0.000523299 117.889
0.000546387 0
0.000570493 0
0.000595662 82.0061
0.000621942 0
0.000649382 110.401
0.000678032 0
0.000707946 164.045
0.00073918 0
0.000771792 161.911
0.000805842 107.302
0.000841395 0
0.000878517 254.395
0.000917276 254.161
0.000957745 0
0.001 60.632
0.00104412 84.4025
0.00109018 198.59
0.00113828 94.3213
0.0011885 74.8767
0.00124094 159.791
0.00129569 0
0.00135285 27.9707
0.00141254 94.3025
0.00147486 0
0.00153993 65.6102
0.00160787 0
0.0016788 91.092
0.00175287 0
0.00183021 208.849
0.00191095 0
0.00199526 0
0.00208329 0
0.0021752 121.395
0.00227117 0
0.00237137 0
0.002476 0
0.00258523 0
0.00269929 0
0.00281838 0
0.00294273 62.171
0.00307256 98.8807
0.00320812 19.4719
0.00334965 0
0.00349744 82.5471
0.00365174 133.931
0.00381285 107.465
0.00398107 100.373
0.00415671 0
0.0043401 0
0.00453158 65.6724
0.00473151 49.248
0.00494026 0
0.00515822 108.703
0.0053858 0
0.00562341 111.433
0.00587151 0
0.00613056 223.673
0.00640103 50.2936
0.00668344 118.393
0.00697831 0
0.00728618 0
0.00760764 260.107
0.00794328 115.102
0.00829373 110.207
0.00865964 0
0.0090417 163.914
0.00944061 66.9936
0.00985712 0
0.010292 65.9062
0.0107461 51.2176
0.0112202 94.7138
0.0117152 106.915
0.0122321 121.567
0.0127717 99.1605
0.0133352 0
0.0139236 117.883
0.0145378 382.933
0.0151792 207.106
0.0158489 5.13652
0.0165482 0
0.0172783 163.595
0.0180406 79.406
0.0188365 136.338
0.0196675 124.206
0.0205353 98.5407
0.0214412 0
0.0223872 0
0.0233749 107.993
0.0244062 103.253
0.025483 28.8371
0.0266073 0
0.0277811 184.308
0.0290068 55.1053
0.0302866 111.858
0.0316228 79.385
0.0330179 69.0284
0.0344747 0
0.0359956 0
0.0375837 103.391
0.0392419 146.679
0.0409732 113.845
0.0427809 91.186
0.0446684 118.354
0.0466391 0
0.0486968 0
0.0508452 87.4769
0.0530884 0
0.0554307 88.9443
0.0578762 0
0.0604296 147.406
0.0630957 0
0.0658795 207.167
0.068786 66.5479
0.0718208 0
0.0749894 182.374
0.0782979 306.643
0.0817523 219.565
0.0853591 174.088
0.0891251 189.276
0.0930572 93.0876
0.0971628 100.153
0.10145 114.437
0.105925 246.59
0.110599 64.4086
0.115478 202.463
0.120573 0
0.125893 37.4591
0.131447 212.737
0.137246 382.397
0.143301 62.7951
0.149624 120.398
0.156225 164.549
0.163117 118.914
0.170314 223.297
0.177828 218.57
0.185674 45.7364
0.193865 256.325
0.202418 0
0.211349 225.735
0.220673 167.296
0.230409 98.5846
0.240575 173.124
0.251189 196.314
0.262271 78.0136
0.273842 169.384
0.285924 0
0.298538 381.67
0.311709 228.421
0.325462 167.669
0.339821 148.677
0.354813 446.602
0.370467 205.091
0.386812 201.47
0.403878 18.2548
0.421697 196.882
0.440301 104.283
0.459727 299.106
0.48001 418.558
0.501187 497.425
0.523299 613.839
0.546387 436.916
0.570493 33.372
0.595662 356.444
0.621942 264.661
0.649382 180.946
0.678032 270.811
0.707946 220.82
0.73918 1085.93
0.771792 86.0562
0.805842 572.679
0.841395 338.245
0.878517 1177.74
0.917276 758.287
0.957745 159.289
1 588.641
1.04412 488.408
1.09018 611.928
1.13828 758.268
1.1885 400.736
1.24094 898.718
1.29569 474.05
1.35285 542.925
1.41254 968.951
1.47486 1249.6
1.53993 976.634
1.60787 898.996
1.6788 1203.86
1.75287 1022.86
1.83021 1154.57
1.91095 1170.98
1.99526 877.673
2.08329 853.068
2.1752 878.028
2.27117 939.915
2.37137 907.438
2.476 1749.05
2.58523 804.951
2.69929 1751.55
2.81838 1335.28
2.94273 1482.59
3.07256 930.123
3.20812 1258.7
3.34965 1092.76
3.49744 761.179
3.65174 1543.2
3.81285 1118.7
3.98107 1578.02
4.15671 1498.54
4.3401 973.855
4.53158 1888.77
4.73151 1152.76
4.94026 1597.16
5.15822 1737.91
5.3858 1817.34
5.62341 1446.34
5.87151 1942.99
6.13056 1710.1
6.40103 1406.96
6.68344 1817.33
6.97831 2025.63
7.28618 2327.06
7.60764 2158.11
7.94328 2753.59
8.29373 2302.03
8.65964 1745.95
9.0417 1736.04
9.44061 2298.34
9.85712 2793.46
10.292 3127.78
10.7461 2458
11.2202 2650.67
11.7152 3436.7
12.2321 2400.37
12.7717 2116.34
13.3352 2382.06
13.9236 3635.56
14.5378 2789.94
15.1792 2975.69
15.8489 3114.53
16.5482 4646.31
17.2783 3175.83
18.0406 3414.58
18.8365 3530.53
19.6675 3364.91
20.5353 4280.93
21.4412 5355.92
22.3872 5366.47
23.3749 5166.78
24.4062 4352.96
25.483 5738.37
26.6073 4164.27
27.7811 6418.29
29.0068 5648.72
30.2866 6621.61
31.6228 6320.64
33.0179 8640.06
34.4747 6642.4
35.9956 6639.06
37.5837 9933.86
39.2419 9914.23
40.9732 8105.74
42.7809 10215.2
44.6684 8513.43
46.6391 9347.73
48.6968 10791.2
50.8452 10351
53.0884 9266.73
55.4307 10271.9
57.8762 13706.6
60.4296 11694.8
63.0957 13489.8
65.8795 15865
68.786 13494.2
71.8208 17019.9
74.9894 14792.3
78.2979 18817.1
81.7523 18059.2
85.3591 20312.3
89.1251 20995.7
93.0572 21422.5
97.1628 23949.2
101.45 22931
105.925 28795.7
110.599 27437.7
115.478 31282
120.573 32688.9
125.893 32787.6
131.447 34017.7
137.246 37863.1
143.301 36034.4
149.624 40506.7
156.225 43138.4
163.117 44331
170.314 43126.2
177.828 50235.2
185.674 48628.3
193.865 47943
202.418 48935.8
211.349 50499
220.673 57359.4
230.409 52051.9
240.575 46957.6
251.189 41986.5
262.271 39767.3
273.842 33793.6
285.924 28899.2
298.538 23397.5
311.709 20093.4
325.462 17566.3
339.821 12991.2
354.813 10019.5
370.467 8724.19
386.812 5462.86
403.878 4332.61
421.697 1874.03
440.301 2761.62
459.727 1524.09
480.01 1271.9
501.187 703.465
523.299 292.027
546.387 101.209
570.493 801.517
595.662 48.8471
621.942 467.044
649.382 333.031
678.032 136.994
707.946 0
739.18 100.307
771.792 0
805.842 0
841.395 0
878.517 0
917.276 0
957.745 0
1000 0
