# First line is two numbers 
#     First value is '2', it means 'histogram mode'
#     Second value is 'Emin' of the histogram
# Other lines : 2 columns. 1) energy 2) probability (nb divided by NbEvent)
# Number of bins = 480
# Content below the first bin: 21822.1
# Content above the last  bin: 0
# Content above the last  bin: 0
# Number of events: 209000
2 1e-06
1.04412e-06 0
1.09018e-06 81.1302
1.13828e-06 0
1.1885e-06 66.832
1.24094e-06 0
1.29569e-06 35.281
1.35285e-06 0
1.41254e-06 0
1.47486e-06 90.4015
1.53993e-06 0
1.60787e-06 0
1.6788e-06 82.801
1.75287e-06 0
1.83021e-06 207.643
1.91095e-06 0
1.99526e-06 0
2.08329e-06 0
2.1752e-06 0
2.27117e-06 72.8571
2.37137e-06 50.957
2.476e-06 34.8968
2.58523e-06 258.39
2.69929e-06 0
2.81838e-06 39.6309
2.94273e-06 113.555
3.07256e-06 0
3.20812e-06 118.25
3.34965e-06 0
3.49744e-06 0
3.65174e-06 221.309
3.81285e-06 105.786
3.98107e-06 0
4.15671e-06 0
4.3401e-06 0
4.53158e-06 0
4.73151e-06 52.4695
4.94026e-06 217.408
5.15822e-06 108.017
5.3858e-06 0
5.62341e-06 0
5.87151e-06 70.2126
6.13056e-06 62.4678
6.40103e-06 59.0008
6.68344e-06 88.6088
6.97831e-06 0
7.28618e-06 137.704
7.60764e-06 60.8519
7.94328e-06 0
8.29373e-06 0
8.65964e-06 0
9.0417e-06 108.006
9.44061e-06 0
9.85712e-06 0
1.0292e-05 3.50906
1.07461e-05 0
1.12202e-05 115.549
1.17152e-05 0
1.22321e-05 0
1.27717e-05 0
1.33352e-05 99.7353
1.39236e-05 79.6337
1.45378e-05 56.1939
1.51792e-05 72.5233
1.58489e-05 68.7583
1.65482e-05 198.483
1.72783e-05 54.2415
1.80406e-05 183.644
1.88365e-05 85.5659
1.96675e-05 118.811
2.05353e-05 0
2.14412e-05 0
2.23872e-05 86.9415
2.33749e-05 73.3438
2.44062e-05 103.291
2.5483e-05 0
2.66073e-05 7.37332
2.77811e-05 168.525
2.90068e-05 79.5168
3.02866e-05 91.8003
3.16228e-05 0
3.30179e-05 0
3.44747e-05 0
3.59956e-05 0
3.75837e-05 0
3.92419e-05 72.7522
4.09732e-05 117.148
4.27809e-05 97.7443
4.46684e-05 99.8023
4.66391e-05 144.937
4.86968e-05 0
5.08452e-05 0
5.30884e-05 185.653
5.54307e-05 0
5.78762e-05 0
6.04296e-05 0
6.30957e-05 118.626
6.58795e-05 0
6.8786e-05 0
7.18208e-05 0
7.49894e-05 78.8352
7.82979e-05 0
8.17523e-05 0
8.53591e-05 0
8.91251e-05 135.183
9.30572e-05 0
9.71628e-05 0
0.00010145 0
0.000105925 0
0.000110599 0
0.000115478 0
0.000120573 0
0.000125893 42.9961
0.000131447 0
0.000137246 0
0.000143301 0
0.000149624 0
0.000156225 0
0.000163117 0
0.000170314 69.8669
0.000177828 0
0.000185674 0
0.000193865 0
0.000202418 105.745
0.000211349 0
0.000220673 119.74
0.000230409 0
0.000240575 0
0.000251189 0
0.000262271 104.711
0.000273842 0
0.000285924 0
0.000298538 0
0.000311709 0
0.000325462 87.2117
0.000339821 123.084
0.000354813 98.1804
0.000370467 0
0.000386812 52.9439
0.000403878 75.1248
0.000421697 119.686
0.000440301 64.0335
0.000459727 16.4799
0.00048001 0
0.000501187 0
0.000523299 119.793
0.000546387 0
0.000570493 0
0.000595662 0
0.000621942 0
0.000649382 0
0.000678032 0
0.000707946 0
0.00073918 0
0.000771792 115.12
0.000805842 0
0.000841395 0
0.000878517 0
0.000917276 0
0.000957745 141.453
0.001 0
0.00104412 0
0.00109018 24.5886
0.00113828 0
0.0011885 0
0.00124094 0
0.00129569 0
0.00135285 151.043
0.00141254 0
0.00147486 92.3484
0.00153993 28.8626
0.00160787 0
0.0016788 0
0.00175287 0
0.00183021 0
0.00191095 118.726
0.00199526 0
0.00208329 115.345
0.0021752 0
0.00227117 0
0.00237137 83.4239
0.002476 0
0.00258523 0
0.00269929 39.1935
0.00281838 96.6485
0.00294273 156.736
0.00307256 108.865
0.00320812 126.324
0.00334965 0
0.00349744 0
0.00365174 0
0.00381285 0
0.00398107 0
0.00415671 82.8554
0.0043401 112.419
0.00453158 0
0.00473151 196.653
0.00494026 0
0.00515822 95.1085
0.0053858 47.2618
0.00562341 0
0.00587151 0
0.00613056 56.4993
0.00640103 73.6336
0.00668344 0
0.00697831 111.898
0.00728618 0
0.00760764 0
0.00794328 105.456
0.00829373 0
0.00865964 0
0.0090417 186.981
0.00944061 81.1248
0.00985712 34.2819
0.010292 0
0.0107461 0
0.0112202 141.759
0.0117152 0
0.0122321 0
0.0127717 105.772
0.0133352 0
0.0139236 107.401
0.0145378 72.3567
0.0151792 83.4887
0.0158489 8.947
0.0165482 0
0.0172783 0
0.0180406 0
0.0188365 85.6932
0.0196675 64.0198
0.0205353 0
0.0214412 0
0.0223872 131.409
0.0233749 0
0.0244062 0
0.025483 196.427
0.0266073 122.094
0.0277811 0
0.0290068 222.002
0.0302866 260.374
0.0316228 0
0.0330179 92.6654
0.0344747 0
0.0359956 105.339
0.0375837 0
0.0392419 64.0146
0.0409732 61.0505
0.0427809 0
0.0446684 42.769
0.0466391 358.293
0.0486968 85.4783
0.0508452 405.667
0.0530884 198.85
0.0554307 300.323
0.0578762 179.195
0.0604296 191.979
0.0630957 143.729
0.0658795 261.353
0.068786 0
0.0718208 200.521
0.0749894 214.661
0.0782979 0
0.0817523 30.641
0.0853591 0
0.0891251 0
0.0930572 152.35
0.0971628 201.643
0.10145 56.9441
0.105925 66.4196
0.110599 121.998
0.115478 115.317
0.120573 11.744
0.125893 33.2138
0.131447 184.845
0.137246 317.875
0.143301 331.019
0.149624 231.705
0.156225 81.9041
0.163117 151.523
0.170314 465.949
0.177828 181.302
0.185674 420.802
0.193865 134.293
0.202418 303.695
0.211349 97.8732
0.220673 218.002
0.230409 306.445
0.240575 287.191
0.251189 89.0398
0.262271 115.928
0.273842 145.265
0.285924 194.216
0.298538 457.065
0.311709 202.609
0.325462 195
0.339821 110.349
0.354813 44.2356
0.370467 331.779
0.386812 279.684
0.403878 340.484
0.421697 347.336
0.440301 111.097
0.459727 225.021
0.48001 335.927
0.501187 248.047
0.523299 154.458
0.546387 598.218
0.570493 551.463
0.595662 317.418
0.621942 113.109
0.649382 709.226
0.678032 877.626
0.707946 271.789
0.73918 604.438
0.771792 458.254
0.805842 419.36
0.841395 356.543
0.878517 450.764
0.917276 498.471
0.957745 426.903
1 504.964
1.04412 846.518
1.09018 149.628
1.13828 836.758
1.1885 636.719
1.24094 390.067
1.29569 730.242
1.35285 327.46
1.41254 360.8
1.47486 627.533
1.53993 1280.26
1.60787 600.939
1.6788 1265.64
1.75287 1237.29
1.83021 894.072
1.91095 1306.37
1.99526 1095.63
2.08329 1103.2
2.1752 948.014
2.27117 1339.06
2.37137 1539.62
2.476 1022.54
2.58523 1098.39
2.69929 1022.4
2.81838 1928.58
2.94273 1288.51
3.07256 1071.77
3.20812 906.498
3.34965 1454.46
3.49744 1071.35
3.65174 1424.77
3.81285 924.433
3.98107 890.198
4.15671 1689.1
4.3401 1220.95
4.53158 1955.82
4.73151 1192.49
4.94026 2691.03
5.15822 1845.74
5.3858 912.404
5.62341 1150.79
5.87151 1152.86
6.13056 2195.81
6.40103 1410.24
6.68344 2059.16
6.97831 2045.49
7.28618 1979.32
7.60764 1772.9
7.94328 1617.8
8.29373 2636.33
8.65964 2800.5
9.0417 1939.38
9.44061 3445.41
9.85712 2229.99
10.292 2567.21
10.7461 2679.48
11.2202 3357.32
11.7152 2200.11
12.2321 2223.39
12.7717 3253.13
13.3352 2540.33
13.9236 3356.49
14.5378 2744.08
15.1792 2542.63
15.8489 3548.28
16.5482 3284.95
17.2783 3926.1
18.0406 3607.27
18.8365 4023.76
19.6675 4543.81
20.5353 3706.79
21.4412 4589.52
22.3872 4106.8
23.3749 4458.68
24.4062 4648.93
25.483 5617.5
26.6073 4567.38
27.7811 6481.99
29.0068 6476.87
30.2866 6428.92
31.6228 7114.92
33.0179 7344.13
34.4747 5974.41
35.9956 6782.5
37.5837 7625.52
39.2419 9430.55
40.9732 7251.53
42.7809 6675.71
44.6684 8546.26
46.6391 10015
48.6968 9999.78
50.8452 9769.52
53.0884 10521.1
55.4307 13737.3
57.8762 12374.4
60.4296 13364.8
63.0957 14474.9
65.8795 14465.7
68.786 13860.3
71.8208 15848.7
74.9894 18047.4
78.2979 18079.2
81.7523 19920.1
85.3591 20939.3
89.1251 21248.3
93.0572 21339.7
97.1628 27731.7
101.45 23780.2
105.925 23540.3
110.599 26710.7
115.478 30793.8
120.573 31962.8
125.893 33416.4
131.447 35809
137.246 37301.3
143.301 39708
149.624 43038.6
156.225 40196.4
163.117 44835.9
170.314 48223.9
177.828 46770.3
185.674 51428.3
193.865 50259.2
202.418 51627.5
211.349 50826.6
220.673 49309.5
230.409 44857.4
240.575 43064
251.189 42450.8
262.271 40735.2
273.842 33234.6
285.924 29397.5
298.538 26215.9
311.709 20975
325.462 15635.9
339.821 12818.2
354.813 9447.94
370.467 8064.76
386.812 6418.98
403.878 4299.09
421.697 3641.12
440.301 2532.39
459.727 2125.32
480.01 1242.95
501.187 574.916
523.299 580.936
546.387 490.822
570.493 203.356
595.662 381.152
621.942 201.591
649.382 90.9346
678.032 0
707.946 0
739.18 0
771.792 0
805.842 0
841.395 0
878.517 0
917.276 0
957.745 0
1000 0
