# First line is two numbers 
#     First value is '2', it means 'histogram mode'
#     Second value is 'Emin' of the histogram
# Other lines : 2 columns. 1) energy 2) probability (nb divided by NbEvent)
# Number of bins = 480
# Content below the first bin: 0
# Content above the last  bin: 0
# Content above the last  bin: 0
# Number of events: 209000
2 1e-06
1.04412e-06 0
1.09018e-06 0
1.13828e-06 0
1.1885e-06 0
1.24094e-06 0
1.29569e-06 0
1.35285e-06 0
1.41254e-06 0
1.47486e-06 0
1.53993e-06 0
1.60787e-06 0
1.6788e-06 0
1.75287e-06 0
1.83021e-06 0
1.91095e-06 0
1.99526e-06 0
2.08329e-06 0
2.1752e-06 0
2.27117e-06 0
2.37137e-06 0
2.476e-06 0
2.58523e-06 0
2.69929e-06 0
2.81838e-06 0
2.94273e-06 0
3.07256e-06 0
3.20812e-06 0
3.34965e-06 0
3.49744e-06 0
3.65174e-06 0
3.81285e-06 0
3.98107e-06 0
4.15671e-06 0
4.3401e-06 0
4.53158e-06 0
4.73151e-06 0
4.94026e-06 0
5.15822e-06 0
5.3858e-06 0
5.62341e-06 0
5.87151e-06 0
6.13056e-06 0
6.40103e-06 0
6.68344e-06 0
6.97831e-06 0
7.28618e-06 0
7.60764e-06 0
7.94328e-06 0
8.29373e-06 0
8.65964e-06 0
9.0417e-06 0
9.44061e-06 0
9.85712e-06 0
1.0292e-05 0
1.07461e-05 0
1.12202e-05 0
1.17152e-05 0
1.22321e-05 0
1.27717e-05 0
1.33352e-05 0
1.39236e-05 0
1.45378e-05 0
1.51792e-05 0
1.58489e-05 0
1.65482e-05 0
1.72783e-05 0
1.80406e-05 0
1.88365e-05 0
1.96675e-05 0
2.05353e-05 0
2.14412e-05 0
2.23872e-05 0
2.33749e-05 0
2.44062e-05 0
2.5483e-05 0
2.66073e-05 0
2.77811e-05 0
2.90068e-05 0
3.02866e-05 0
3.16228e-05 0
3.30179e-05 0
3.44747e-05 0
3.59956e-05 0
3.75837e-05 0
3.92419e-05 0
4.09732e-05 0
4.27809e-05 0
4.46684e-05 0
4.66391e-05 0
4.86968e-05 0
5.08452e-05 0
5.30884e-05 0
5.54307e-05 0
5.78762e-05 0
6.04296e-05 0
6.30957e-05 0
6.58795e-05 0
6.8786e-05 0
7.18208e-05 0
7.49894e-05 0
7.82979e-05 0
8.17523e-05 0
8.53591e-05 0
8.91251e-05 0
9.30572e-05 0
9.71628e-05 0
0.00010145 0
0.000105925 0
0.000110599 0
0.000115478 0
0.000120573 0
0.000125893 0
0.000131447 0
0.000137246 0
0.000143301 0
0.000149624 0
0.000156225 0
0.000163117 0
0.000170314 0
0.000177828 0
0.000185674 0
0.000193865 0
0.000202418 0
0.000211349 0
0.000220673 0
0.000230409 0
0.000240575 0
0.000251189 0
0.000262271 0
0.000273842 0
0.000285924 0
0.000298538 0
0.000311709 0
0.000325462 0
0.000339821 0
0.000354813 0
0.000370467 0
0.000386812 0
0.000403878 0
0.000421697 0
0.000440301 0
0.000459727 0
0.00048001 0
0.000501187 0
0.000523299 0
0.000546387 0
0.000570493 0
0.000595662 0
0.000621942 0
0.000649382 0
0.000678032 0
0.000707946 0
0.00073918 0
0.000771792 0
0.000805842 37.6212
0.000841395 0
0.000878517 0
0.000917276 0
0.000957745 0
0.001 0
0.00104412 0
0.00109018 0
0.00113828 0
0.0011885 0
0.00124094 0
0.00129569 69.2349
0.00135285 0
0.00141254 0
0.00147486 0
0.00153993 0
0.00160787 0
0.0016788 0
0.00175287 0
0.00183021 0
0.00191095 0
0.00199526 0
0.00208329 0
0.0021752 0
0.00227117 0
0.00237137 0
0.002476 0
0.00258523 128.047
0.00269929 0
0.00281838 80.7551
0.00294273 0
0.00307256 0
0.00320812 0
0.00334965 0
0.00349744 78.8929
0.00365174 0
0.00381285 0
0.00398107 0
0.00415671 33.8386
0.0043401 0
0.00453158 110.894
0.00473151 107.359
0.00494026 41.8012
0.00515822 60.6479
0.0053858 0
0.00562341 0
0.00587151 0
0.00613056 0
0.00640103 104.797
0.00668344 54.9492
0.00697831 0
0.00728618 69.6913
0.00760764 106.187
0.00794328 0
0.00829373 0
0.00865964 98.4235
0.0090417 79.7283
0.00944061 144.047
0.00985712 93.2769
0.010292 28.4227
0.0107461 113.537
0.0112202 0
0.0117152 44.8778
0.0122321 0
0.0127717 467.408
0.0133352 114.224
0.0139236 116.501
0.0145378 0
0.0151792 116.848
0.0158489 250.521
0.0165482 323.99
0.0172783 463.3
0.0180406 401.57
0.0188365 573.12
0.0196675 659.988
0.0205353 214.772
0.0214412 393.956
0.0223872 418.183
0.0233749 535.642
0.0244062 416.945
0.025483 514.352
0.0266073 1013.66
0.0277811 423.163
0.0290068 631.451
0.0302866 273.332
0.0316228 694.588
0.0330179 254.335
0.0344747 1063.42
0.0359956 891.686
0.0375837 1040.46
0.0392419 639.183
0.0409732 1017.21
0.0427809 1028.12
0.0446684 1223.68
0.0466391 809.689
0.0486968 1645.23
0.0508452 1981.31
0.0530884 1918.68
0.0554307 1652.58
0.0578762 827.577
0.0604296 1489.85
0.0630957 2213.75
0.0658795 2238.36
0.068786 1618.23
0.0718208 1167.59
0.0749894 1701.34
0.0782979 2604.71
0.0817523 1814.78
0.0853591 2083.13
0.0891251 2662.08
0.0930572 2862.4
0.0971628 3292.08
0.10145 2936.02
0.105925 2296.64
0.110599 2497.25
0.115478 2911.65
0.120573 3825.55
0.125893 3558.59
0.131447 3314.07
0.137246 3253.51
0.143301 3796.45
0.149624 4757.3
0.156225 3552.02
0.163117 4251.72
0.170314 3414.99
0.177828 2707.74
0.185674 3258.13
0.193865 4030.52
0.202418 3882.78
0.211349 3929.28
0.220673 4437.06
0.230409 4119.54
0.240575 5401.57
0.251189 3744.67
0.262271 3925.57
0.273842 4191.67
0.285924 4236.2
0.298538 4971.75
0.311709 4741.98
0.325462 4563.75
0.339821 4715.49
0.354813 4401.87
0.370467 4497.84
0.386812 3747.67
0.403878 4568.18
0.421697 4064.06
0.440301 4609.33
0.459727 3564.48
0.48001 3782.72
0.501187 5163.21
0.523299 2783.68
0.546387 3559.07
0.570493 4959.33
0.595662 3426.29
0.621942 5040.09
0.649382 3491.3
0.678032 4480.01
0.707946 4338.15
0.73918 3670.75
0.771792 4670.79
0.805842 3871.69
0.841395 2522.43
0.878517 2972.42
0.917276 3239.18
0.957745 3953.77
1 1963.95
1.04412 1583.44
1.09018 2910.79
1.13828 2861.17
1.1885 2862.4
1.24094 2400.46
1.29569 2940.57
1.35285 1819.72
1.41254 1624.8
1.47486 1601.39
1.53993 1148.44
1.60787 1303.39
1.6788 1632.4
1.75287 1890.66
1.83021 1394.11
1.91095 1220.02
1.99526 1256.11
2.08329 1300.64
2.1752 1357.81
2.27117 1378.61
2.37137 1166.78
2.476 776.384
2.58523 1046.74
2.69929 1650.53
2.81838 1182.95
2.94273 1055.65
3.07256 879.23
3.20812 1125.72
3.34965 707.599
3.49744 1573.25
3.65174 1038.3
3.81285 1249.48
3.98107 1241.93
4.15671 389.761
4.3401 696.784
4.53158 496.253
4.73151 1012.51
4.94026 547.008
5.15822 545.364
5.3858 674.514
5.62341 629.169
5.87151 952.808
6.13056 904.484
6.40103 572.169
6.68344 775.485
6.97831 571.797
7.28618 373.076
7.60764 311.606
7.94328 734.341
8.29373 575.065
8.65964 754.454
9.0417 388.276
9.44061 103.517
9.85712 535.292
10.292 480.179
10.7461 462.448
11.2202 419.006
11.7152 79.0768
12.2321 558.878
12.7717 770.066
13.3352 115.037
13.9236 215.418
14.5378 517.321
15.1792 476.367
15.8489 324.588
16.5482 222.673
17.2783 341.821
18.0406 210.485
18.8365 384.9
19.6675 497.473
20.5353 519.725
21.4412 541.858
22.3872 450.026
23.3749 397.687
24.4062 411.027
25.483 308.01
26.6073 647.373
27.7811 348.733
29.0068 473.294
30.2866 772.93
31.6228 686.218
33.0179 244.733
34.4747 608.494
35.9956 628.256
37.5837 593.046
39.2419 367.197
40.9732 306.392
42.7809 653.065
44.6684 564.763
46.6391 965.179
48.6968 281.391
50.8452 864.989
53.0884 709.877
55.4307 561.144
57.8762 555.091
60.4296 650.761
63.0957 720.464
65.8795 1063.78
68.786 731.461
71.8208 568.639
74.9894 987.116
78.2979 1142.96
81.7523 543.362
85.3591 1162.33
89.1251 374.552
93.0572 758.483
97.1628 1691.53
101.45 976.566
105.925 872.13
110.599 1085.76
115.478 1038.6
120.573 758.396
125.893 861.526
131.447 828.866
137.246 545.392
143.301 787.962
149.624 477.272
156.225 894.64
163.117 1307.21
170.314 555.901
177.828 826.771
185.674 917.183
193.865 616.345
202.418 488.122
211.349 763.645
220.673 601.449
230.409 1111.82
240.575 872.886
251.189 515.69
262.271 601.074
273.842 381.507
285.924 353.211
298.538 445.867
311.709 524.325
325.462 152.268
339.821 469.119
354.813 727.557
370.467 312.618
386.812 282.321
403.878 355.653
421.697 0
440.301 111.585
459.727 97.3583
480.01 180.637
501.187 0
523.299 225.388
546.387 0
570.493 0
595.662 0
621.942 0
649.382 0
678.032 123.71
707.946 87.3447
739.18 23.2477
771.792 0
805.842 0
841.395 0
878.517 117.805
917.276 0
957.745 0
1000 0
