# First line is two numbers 
#     First value is '2', it means 'histogram mode'
#     Second value is 'Emin' of the histogram
# Other lines : 2 columns. 1) energy 2) probability (nb divided by NbEvent)
# Number of bins = 480
# Content below the first bin: 0
# Content above the last  bin: 0
# Content above the last  bin: 0
# Number of events: 209000
2 1e-06
1.04412e-06 0
1.09018e-06 0
1.13828e-06 0
1.1885e-06 0
1.24094e-06 0
1.29569e-06 0
1.35285e-06 0
1.41254e-06 0
1.47486e-06 0
1.53993e-06 0
1.60787e-06 0
1.6788e-06 0
1.75287e-06 0
1.83021e-06 0
1.91095e-06 0
1.99526e-06 0
2.08329e-06 0
2.1752e-06 0
2.27117e-06 0
2.37137e-06 0
2.476e-06 0
2.58523e-06 0
2.69929e-06 0
2.81838e-06 0
2.94273e-06 0
3.07256e-06 0
3.20812e-06 0
3.34965e-06 0
3.49744e-06 0
3.65174e-06 0
3.81285e-06 0
3.98107e-06 0
4.15671e-06 0
4.3401e-06 0
4.53158e-06 0
4.73151e-06 0
4.94026e-06 0
5.15822e-06 0
5.3858e-06 0
5.62341e-06 0
5.87151e-06 0
6.13056e-06 0
6.40103e-06 0
6.68344e-06 0
6.97831e-06 0
7.28618e-06 0
7.60764e-06 0
7.94328e-06 0
8.29373e-06 0
8.65964e-06 0
9.0417e-06 0
9.44061e-06 0
9.85712e-06 0
1.0292e-05 0
1.07461e-05 0
1.12202e-05 0
1.17152e-05 0
1.22321e-05 0
1.27717e-05 0
1.33352e-05 0
1.39236e-05 0
1.45378e-05 0
1.51792e-05 0
1.58489e-05 0
1.65482e-05 0
1.72783e-05 0
1.80406e-05 0
1.88365e-05 0
1.96675e-05 0
2.05353e-05 0
2.14412e-05 0
2.23872e-05 0
2.33749e-05 0
2.44062e-05 0
2.5483e-05 0
2.66073e-05 0
2.77811e-05 0
2.90068e-05 0
3.02866e-05 0
3.16228e-05 0
3.30179e-05 0
3.44747e-05 0
3.59956e-05 0
3.75837e-05 0
3.92419e-05 0
4.09732e-05 0
4.27809e-05 0
4.46684e-05 0
4.66391e-05 0
4.86968e-05 0
5.08452e-05 0
5.30884e-05 0
5.54307e-05 0
5.78762e-05 0
6.04296e-05 0
6.30957e-05 0
6.58795e-05 0
6.8786e-05 0
7.18208e-05 0
7.49894e-05 0
7.82979e-05 0
8.17523e-05 0
8.53591e-05 0
8.91251e-05 0
9.30572e-05 0
9.71628e-05 0
0.00010145 0
0.000105925 0
0.000110599 0
0.000115478 0
0.000120573 0
0.000125893 0
0.000131447 0
0.000137246 0
0.000143301 0
0.000149624 0
0.000156225 0
0.000163117 0
0.000170314 0
0.000177828 0
0.000185674 0
0.000193865 0
0.000202418 0
0.000211349 0
0.000220673 0
0.000230409 0
0.000240575 0
0.000251189 0
0.000262271 0
0.000273842 0
0.000285924 0
0.000298538 0
0.000311709 0
0.000325462 0
0.000339821 0
0.000354813 0
0.000370467 0
0.000386812 0
0.000403878 0
0.000421697 0
0.000440301 0
0.000459727 0
0.00048001 0
0.000501187 0
0.000523299 0
0.000546387 0
0.000570493 0
0.000595662 0
0.000621942 0
0.000649382 0
0.000678032 0
0.000707946 0
0.00073918 0
0.000771792 0
0.000805842 0
0.000841395 0
0.000878517 0
0.000917276 0
0.000957745 0
0.001 0
0.00104412 0
0.00109018 0
0.00113828 0
0.0011885 0
0.00124094 0
0.00129569 0
0.00135285 0
0.00141254 1
0.00147486 0
0.00153993 0
0.00160787 0
0.0016788 0
0.00175287 0
0.00183021 0
0.00191095 0
0.00199526 0
0.00208329 0
0.0021752 0
0.00227117 0
0.00237137 0
0.002476 0
0.00258523 0
0.00269929 0
0.00281838 0
0.00294273 0
0.00307256 0
0.00320812 0
0.00334965 1
0.00349744 1
0.00365174 0
0.00381285 0
0.00398107 0
0.00415671 1
0.0043401 0
0.00453158 0
0.00473151 0
0.00494026 1
0.00515822 0
0.0053858 0
0.00562341 0
0.00587151 0
0.00613056 0
0.00640103 0
0.00668344 0
0.00697831 0
0.00728618 0
0.00760764 0
0.00794328 3
0.00829373 0
0.00865964 2
0.0090417 0
0.00944061 0
0.00985712 1
0.010292 0
0.0107461 1
0.0112202 1
0.0117152 1
0.0122321 2
0.0127717 4
0.0133352 3
0.0139236 2
0.0145378 0
0.0151792 7
0.0158489 2
0.0165482 1
0.0172783 2
0.0180406 2
0.0188365 3
0.0196675 0
0.0205353 1
0.0214412 6
0.0223872 4
0.0233749 1
0.0244062 5
0.025483 1
0.0266073 5
0.0277811 5
0.0290068 9
0.0302866 11
0.0316228 8
0.0330179 9
0.0344747 3
0.0359956 2
0.0375837 7
0.0392419 7
0.0409732 11
0.0427809 12
0.0446684 10
0.0466391 8
0.0486968 10
0.0508452 12
0.0530884 15
0.0554307 5
0.0578762 12
0.0604296 8
0.0630957 15
0.0658795 12
0.068786 16
0.0718208 16
0.0749894 16
0.0782979 11
0.0817523 21
0.0853591 19
0.0891251 20
0.0930572 22
0.0971628 24
0.10145 14
0.105925 27
0.110599 25
0.115478 28
0.120573 21
0.125893 17
0.131447 24
0.137246 22
0.143301 32
0.149624 25
0.156225 33
0.163117 19
0.170314 37
0.177828 31
0.185674 36
0.193865 24
0.202418 41
0.211349 30
0.220673 31
0.230409 33
0.240575 35
0.251189 33
0.262271 27
0.273842 45
0.285924 26
0.298538 29
0.311709 29
0.325462 36
0.339821 44
0.354813 26
0.370467 36
0.386812 39
0.403878 37
0.421697 46
0.440301 33
0.459727 21
0.48001 43
0.501187 41
0.523299 51
0.546387 32
0.570493 31
0.595662 41
0.621942 41
0.649382 34
0.678032 40
0.707946 45
0.73918 26
0.771792 33
0.805842 34
0.841395 32
0.878517 24
0.917276 32
0.957745 22
1 32
1.04412 26
1.09018 16
1.13828 22
1.1885 19
1.24094 21
1.29569 27
1.35285 14
1.41254 21
1.47486 13
1.53993 10
1.60787 17
1.6788 12
1.75287 10
1.83021 13
1.91095 13
1.99526 6
2.08329 11
2.1752 8
2.27117 8
2.37137 11
2.476 13
2.58523 9
2.69929 10
2.81838 9
2.94273 10
3.07256 6
3.20812 5
3.34965 11
3.49744 6
3.65174 8
3.81285 8
3.98107 7
4.15671 7
4.3401 15
4.53158 5
4.73151 6
4.94026 4
5.15822 4
5.3858 3
5.62341 5
5.87151 3
6.13056 10
6.40103 7
6.68344 11
6.97831 5
7.28618 7
7.60764 3
7.94328 3
8.29373 5
8.65964 7
9.0417 4
9.44061 4
9.85712 7
10.292 4
10.7461 1
11.2202 3
11.7152 7
12.2321 3
12.7717 5
13.3352 5
13.9236 4
14.5378 6
15.1792 3
15.8489 3
16.5482 2
17.2783 7
18.0406 2
18.8365 4
19.6675 1
20.5353 2
21.4412 3
22.3872 5
23.3749 6
24.4062 3
25.483 2
26.6073 6
27.7811 4
29.0068 3
30.2866 8
31.6228 6
33.0179 8
34.4747 9
35.9956 9
37.5837 8
39.2419 3
40.9732 7
42.7809 4
44.6684 9
46.6391 7
48.6968 13
50.8452 3
53.0884 5
55.4307 4
57.8762 20
60.4296 11
63.0957 5
65.8795 7
68.786 12
71.8208 15
74.9894 8
78.2979 4
81.7523 9
85.3591 5
89.1251 13
93.0572 8
97.1628 9
101.45 13
105.925 13
110.599 6
115.478 16
120.573 12
125.893 11
131.447 12
137.246 14
143.301 11
149.624 13
156.225 14
163.117 12
170.314 14
177.828 16
185.674 13
193.865 13
202.418 13
211.349 15
220.673 19
230.409 14
240.575 19
251.189 11
262.271 18
273.842 21
285.924 15
298.538 9
311.709 13
325.462 8
339.821 8
354.813 9
370.467 5
386.812 7
403.878 3
421.697 5
440.301 3
459.727 3
480.01 1
501.187 0
523.299 1
546.387 0
570.493 1
595.662 0
621.942 2
649.382 0
678.032 0
707.946 0
739.18 0
771.792 0
805.842 0
841.395 0
878.517 0
917.276 0
957.745 0
1000 0
