# First line is two numbers 
#     First value is '2', it means 'histogram mode'
#     Second value is 'Emin' of the histogram
# Other lines : 2 columns. 1) energy 2) probability (nb divided by NbEvent)
# Number of bins = 480
# Content below the first bin: 0
# Content above the last  bin: 0
# Content above the last  bin: 0
# Number of events: 209000
2 1e-06
1.04412e-06 0
1.09018e-06 0
1.13828e-06 0
1.1885e-06 0
1.24094e-06 0
1.29569e-06 0
1.35285e-06 0
1.41254e-06 0
1.47486e-06 0
1.53993e-06 0
1.60787e-06 0
1.6788e-06 0
1.75287e-06 0
1.83021e-06 0
1.91095e-06 0
1.99526e-06 0
2.08329e-06 0
2.1752e-06 0
2.27117e-06 0
2.37137e-06 0
2.476e-06 0
2.58523e-06 0
2.69929e-06 0
2.81838e-06 0
2.94273e-06 0
3.07256e-06 0
3.20812e-06 0
3.34965e-06 0
3.49744e-06 0
3.65174e-06 0
3.81285e-06 0
3.98107e-06 0
4.15671e-06 0
4.3401e-06 0
4.53158e-06 0
4.73151e-06 0
4.94026e-06 0
5.15822e-06 0
5.3858e-06 0
5.62341e-06 0
5.87151e-06 0
6.13056e-06 0
6.40103e-06 0
6.68344e-06 0
6.97831e-06 0
7.28618e-06 0
7.60764e-06 0
7.94328e-06 0
8.29373e-06 0
8.65964e-06 0
9.0417e-06 0
9.44061e-06 0
9.85712e-06 0
1.0292e-05 0
1.07461e-05 0
1.12202e-05 0
1.17152e-05 0
1.22321e-05 0
1.27717e-05 0
1.33352e-05 0
1.39236e-05 0
1.45378e-05 0
1.51792e-05 0
1.58489e-05 0
1.65482e-05 0
1.72783e-05 0
1.80406e-05 0
1.88365e-05 0
1.96675e-05 0
2.05353e-05 0
2.14412e-05 0
2.23872e-05 0
2.33749e-05 0
2.44062e-05 0
2.5483e-05 0
2.66073e-05 0
2.77811e-05 0
2.90068e-05 0
3.02866e-05 0
3.16228e-05 0
3.30179e-05 0
3.44747e-05 0
3.59956e-05 0
3.75837e-05 0
3.92419e-05 0
4.09732e-05 0
4.27809e-05 0
4.46684e-05 0
4.66391e-05 0
4.86968e-05 0
5.08452e-05 0
5.30884e-05 0
5.54307e-05 0
5.78762e-05 0
6.04296e-05 0
6.30957e-05 0
6.58795e-05 0
6.8786e-05 0
7.18208e-05 0
7.49894e-05 0
7.82979e-05 0
8.17523e-05 0
8.53591e-05 0
8.91251e-05 0
9.30572e-05 0
9.71628e-05 0
0.00010145 0
0.000105925 0
0.000110599 0
0.000115478 0
0.000120573 0
0.000125893 0
0.000131447 0
0.000137246 0
0.000143301 0
0.000149624 0
0.000156225 0
0.000163117 0
0.000170314 0
0.000177828 0
0.000185674 0
0.000193865 0
0.000202418 0
0.000211349 0
0.000220673 0
0.000230409 0
0.000240575 0
0.000251189 0
0.000262271 0
0.000273842 0
0.000285924 0
0.000298538 0
0.000311709 0
0.000325462 0
0.000339821 0
0.000354813 0
0.000370467 0
0.000386812 0
0.000403878 0
0.000421697 0
0.000440301 0
0.000459727 0
0.00048001 0
0.000501187 0
0.000523299 0
0.000546387 0
0.000570493 0
0.000595662 0
0.000621942 0
0.000649382 0
0.000678032 0
0.000707946 0
0.00073918 87.8571
0.000771792 0
0.000805842 0
0.000841395 0
0.000878517 0
0.000917276 0
0.000957745 0
0.001 0
0.00104412 0
0.00109018 0
0.00113828 0
0.0011885 0
0.00124094 0
0.00129569 0
0.00135285 0
0.00141254 0
0.00147486 0
0.00153993 0
0.00160787 0
0.0016788 0
0.00175287 0
0.00183021 0
0.00191095 0
0.00199526 0
0.00208329 0
0.0021752 0
0.00227117 0
0.00237137 0
0.002476 0
0.00258523 0
0.00269929 0
0.00281838 0
0.00294273 0
0.00307256 0
0.00320812 0
0.00334965 0
0.00349744 0
0.00365174 0
0.00381285 0
0.00398107 0
0.00415671 0
0.0043401 0
0.00453158 0
0.00473151 0
0.00494026 0
0.00515822 0
0.0053858 0
0.00562341 0
0.00587151 0
0.00613056 0
0.00640103 0
0.00668344 0
0.00697831 0
0.00728618 0
0.00760764 0
0.00794328 0
0.00829373 0
0.00865964 0
0.0090417 0
0.00944061 40.6967
0.00985712 0
0.010292 0
0.0107461 0
0.0112202 0
0.0117152 0
0.0122321 105.808
0.0127717 0
0.0133352 0
0.0139236 0
0.0145378 0
0.0151792 0
0.0158489 60.4554
0.0165482 0
0.0172783 116.618
0.0180406 0
0.0188365 0
0.0196675 0
0.0205353 0
0.0214412 0
0.0223872 112.581
0.0233749 0
0.0244062 0
0.025483 0
0.0266073 0
0.0277811 0
0.0290068 208.658
0.0302866 0
0.0316228 0
0.0330179 81.3492
0.0344747 113.952
0.0359956 210.98
0.0375837 0
0.0392419 0
0.0409732 0
0.0427809 97.9714
0.0446684 0
0.0466391 0
0.0486968 0
0.0508452 107.423
0.0530884 90.1694
0.0554307 114.309
0.0578762 322.955
0.0604296 48.0959
0.0630957 0
0.0658795 96.4977
0.068786 75.5122
0.0718208 140.705
0.0749894 225.554
0.0782979 214.181
0.0817523 53.8577
0.0853591 0
0.0891251 369.537
0.0930572 109.022
0.0971628 277.201
0.10145 164.04
0.105925 0
0.110599 24.6679
0.115478 183.163
0.120573 171.336
0.125893 199.924
0.131447 118.533
0.137246 647.517
0.143301 311.351
0.149624 196.714
0.156225 436.464
0.163117 366.182
0.170314 183.583
0.177828 603.515
0.185674 359.76
0.193865 402.087
0.202418 405.623
0.211349 351.314
0.220673 254.83
0.230409 376.976
0.240575 279.097
0.251189 356.005
0.262271 320.7
0.273842 332.656
0.285924 368.83
0.298538 163.977
0.311709 620.251
0.325462 295.325
0.339821 222.082
0.354813 342.315
0.370467 398.872
0.386812 337.744
0.403878 117.235
0.421697 288.119
0.440301 176.16
0.459727 527.5
0.48001 258.655
0.501187 717.891
0.523299 316.238
0.546387 320.878
0.570493 473.167
0.595662 635.218
0.621942 652.385
0.649382 753.274
0.678032 309.82
0.707946 191.952
0.73918 560.431
0.771792 120.727
0.805842 109.419
0.841395 456.079
0.878517 357.657
0.917276 347.753
0.957745 277.602
1 426.096
1.04412 298.91
1.09018 583.794
1.13828 339.345
1.1885 383.497
1.24094 407.594
1.29569 146.244
1.35285 0
1.41254 98.8555
1.47486 244.404
1.53993 65.1602
1.60787 176.277
1.6788 162.99
1.75287 211.773
1.83021 0
1.91095 178.138
1.99526 195.357
2.08329 486.64
2.1752 0
2.27117 372.73
2.37137 0
2.476 175.218
2.58523 489.31
2.69929 187.234
2.81838 0
2.94273 0
3.07256 202.752
3.20812 76.6594
3.34965 74.8638
3.49744 0
3.65174 213.976
3.81285 187.239
3.98107 221.648
4.15671 272.835
4.3401 181.852
4.53158 0
4.73151 126.339
4.94026 0
5.15822 59.8874
5.3858 176.271
5.62341 187.339
5.87151 117.62
6.13056 75.9751
6.40103 231.053
6.68344 188.236
6.97831 96.1281
7.28618 128.011
7.60764 25.6507
7.94328 122.814
8.29373 0
8.65964 199.157
9.0417 0
9.44061 164.218
9.85712 43.504
10.292 96.6224
10.7461 86.2951
11.2202 147.756
11.7152 71.0094
12.2321 0
12.7717 0
13.3352 259.354
13.9236 0
14.5378 223.989
15.1792 130.719
15.8489 106.895
16.5482 215.964
17.2783 113.516
18.0406 209.951
18.8365 194.248
19.6675 43.58
20.5353 196.287
21.4412 227.961
22.3872 239.12
23.3749 0
24.4062 197.968
25.483 75.6423
26.6073 334.737
27.7811 117.731
29.0068 110.524
30.2866 135.668
31.6228 43.4575
33.0179 72.8256
34.4747 292.007
35.9956 145.326
37.5837 98.4512
39.2419 165.829
40.9732 232.512
42.7809 274.07
44.6684 367.921
46.6391 333.076
48.6968 236.083
50.8452 95.7083
53.0884 41.0923
55.4307 393.859
57.8762 465.897
60.4296 35.0872
63.0957 308.671
65.8795 114.362
68.786 243.024
71.8208 275.261
74.9894 233.892
78.2979 111.806
81.7523 702.376
85.3591 241.652
89.1251 315.661
93.0572 248.33
97.1628 297.667
101.45 107.505
105.925 12.797
110.599 237.68
115.478 335.719
120.573 203.028
125.893 354.17
131.447 511.179
137.246 511.884
143.301 543.415
149.624 567.085
156.225 181.498
163.117 756.051
170.314 337.858
177.828 345.385
185.674 736.133
193.865 589.304
202.418 467.776
211.349 362.118
220.673 449.608
230.409 995.584
240.575 489.908
251.189 971.439
262.271 1205.54
273.842 731.284
285.924 1153.62
298.538 1967.04
311.709 1421.22
325.462 2404.39
339.821 2394.3
354.813 2789.52
370.467 4130.66
386.812 2894.9
403.878 3411.99
421.697 2756.34
440.301 1343.94
459.727 1526.09
480.01 1402.85
501.187 1108.64
523.299 469.66
546.387 377.732
570.493 101.577
595.662 29.3041
621.942 0
649.382 0
678.032 182.96
707.946 97.404
739.18 118.169
771.792 0
805.842 231.114
841.395 105.674
878.517 0
917.276 0
957.745 0
1000 0
