# First line is two numbers 
#     First value is '2', it means 'histogram mode'
#     Second value is 'Emin' of the histogram
# Other lines : 2 columns. 1) energy 2) probability (nb divided by NbEvent)
# Number of bins = 480
# Content below the first bin: 0
# Content above the last  bin: 0
# Content above the last  bin: 0
# Number of events: 209000
2 1e-06
1.04412e-06 0
1.09018e-06 0
1.13828e-06 0
1.1885e-06 0
1.24094e-06 0
1.29569e-06 0
1.35285e-06 0
1.41254e-06 0
1.47486e-06 0
1.53993e-06 0
1.60787e-06 0
1.6788e-06 0
1.75287e-06 0
1.83021e-06 0
1.91095e-06 0
1.99526e-06 0
2.08329e-06 0
2.1752e-06 0
2.27117e-06 0
2.37137e-06 0
2.476e-06 0
2.58523e-06 0
2.69929e-06 0
2.81838e-06 0
2.94273e-06 0
3.07256e-06 0
3.20812e-06 0
3.34965e-06 0
3.49744e-06 0
3.65174e-06 0
3.81285e-06 0
3.98107e-06 0
4.15671e-06 0
4.3401e-06 0
4.53158e-06 0
4.73151e-06 0
4.94026e-06 0
5.15822e-06 0
5.3858e-06 0
5.62341e-06 0
5.87151e-06 0
6.13056e-06 0
6.40103e-06 0
6.68344e-06 0
6.97831e-06 0
7.28618e-06 0
7.60764e-06 0
7.94328e-06 0
8.29373e-06 0
8.65964e-06 0
9.0417e-06 0
9.44061e-06 0
9.85712e-06 0
1.0292e-05 0
1.07461e-05 0
1.12202e-05 0
1.17152e-05 0
1.22321e-05 0
1.27717e-05 0
1.33352e-05 0
1.39236e-05 0
1.45378e-05 0
1.51792e-05 0
1.58489e-05 0
1.65482e-05 0
1.72783e-05 0
1.80406e-05 0
1.88365e-05 0
1.96675e-05 0
2.05353e-05 0
2.14412e-05 0
2.23872e-05 0
2.33749e-05 0
2.44062e-05 0
2.5483e-05 0
2.66073e-05 0
2.77811e-05 0
2.90068e-05 0
3.02866e-05 0
3.16228e-05 0
3.30179e-05 0
3.44747e-05 0
3.59956e-05 0
3.75837e-05 0
3.92419e-05 0
4.09732e-05 0
4.27809e-05 0
4.46684e-05 0
4.66391e-05 0
4.86968e-05 0
5.08452e-05 0
5.30884e-05 0
5.54307e-05 0
5.78762e-05 0
6.04296e-05 0
6.30957e-05 0
6.58795e-05 0
6.8786e-05 0
7.18208e-05 0
7.49894e-05 0
7.82979e-05 0
8.17523e-05 0
8.53591e-05 0
8.91251e-05 0
9.30572e-05 0
9.71628e-05 0
0.00010145 0
0.000105925 0
0.000110599 0
0.000115478 0
0.000120573 0
0.000125893 0
0.000131447 0
0.000137246 0
0.000143301 0
0.000149624 0
0.000156225 0
0.000163117 0
0.000170314 0
0.000177828 0
0.000185674 0
0.000193865 0
0.000202418 0
0.000211349 0
0.000220673 0
0.000230409 0
0.000240575 0
0.000251189 0
0.000262271 0
0.000273842 0
0.000285924 0
0.000298538 0
0.000311709 0
0.000325462 0
0.000339821 0
0.000354813 0
0.000370467 0
0.000386812 0
0.000403878 0
0.000421697 0
0.000440301 0
0.000459727 0
0.00048001 0
0.000501187 0
0.000523299 0
0.000546387 0
0.000570493 0
0.000595662 0
0.000621942 0
0.000649382 0
0.000678032 0
0.000707946 0
0.00073918 0
0.000771792 0
0.000805842 0
0.000841395 0
0.000878517 0
0.000917276 0
0.000957745 0
0.001 0
0.00104412 0
0.00109018 0
0.00113828 0
0.0011885 0
0.00124094 0
0.00129569 0
0.00135285 0
0.00141254 0
0.00147486 0
0.00153993 0
0.00160787 0
0.0016788 0
0.00175287 0
0.00183021 0
0.00191095 0
0.00199526 0
0.00208329 0
0.0021752 0
0.00227117 0
0.00237137 0
0.002476 0
0.00258523 0
0.00269929 0
0.00281838 0
0.00294273 0
0.00307256 0
0.00320812 0
0.00334965 0
0.00349744 0
0.00365174 0
0.00381285 0
0.00398107 0
0.00415671 0
0.0043401 0
0.00453158 0
0.00473151 0
0.00494026 0
0.00515822 0
0.0053858 0
0.00562341 0
0.00587151 0
0.00613056 0
0.00640103 0
0.00668344 0
0.00697831 0
0.00728618 0
0.00760764 0
0.00794328 0
0.00829373 0
0.00865964 0
0.0090417 0
0.00944061 0
0.00985712 0
0.010292 0
0.0107461 0
0.0112202 12.2918
0.0117152 116.803
0.0122321 0
0.0127717 0
0.0133352 0
0.0139236 0
0.0145378 61.1872
0.0151792 0
0.0158489 0
0.0165482 0
0.0172783 0
0.0180406 0
0.0188365 0
0.0196675 110.51
0.0205353 103.192
0.0214412 0
0.0223872 29.8204
0.0233749 0
0.0244062 0
0.025483 0
0.0266073 0
0.0277811 87.6668
0.0290068 0
0.0302866 0
0.0316228 95.5833
0.0330179 0
0.0344747 0
0.0359956 0
0.0375837 0
0.0392419 0
0.0409732 0
0.0427809 0
0.0446684 169.829
0.0466391 67.4609
0.0486968 105.95
0.0508452 307.6
0.0530884 128.734
0.0554307 185.61
0.0578762 169.604
0.0604296 0
0.0630957 0
0.0658795 28.6693
0.068786 323.582
0.0718208 33.5257
0.0749894 82.0998
0.0782979 83.3718
0.0817523 29.3988
0.0853591 182.488
0.0891251 263.818
0.0930572 50.6422
0.0971628 280.558
0.10145 213.385
0.105925 316.85
0.110599 0
0.115478 247.319
0.120573 346.647
0.125893 103.809
0.131447 310.646
0.137246 201.669
0.143301 506.778
0.149624 165.4
0.156225 92.1626
0.163117 392.951
0.170314 121.208
0.177828 118.769
0.185674 266.337
0.193865 384.724
0.202418 229.402
0.211349 28.5914
0.220673 463.403
0.230409 277.241
0.240575 299.882
0.251189 434.011
0.262271 388.47
0.273842 246.796
0.285924 201.69
0.298538 593.314
0.311709 259.578
0.325462 180.357
0.339821 301.381
0.354813 216.728
0.370467 190.079
0.386812 460.019
0.403878 264.435
0.421697 44.0023
0.440301 301.475
0.459727 541.862
0.48001 534.091
0.501187 797.682
0.523299 94.8603
0.546387 277.929
0.570493 380.024
0.595662 261.62
0.621942 360.792
0.649382 336.078
0.678032 179.67
0.707946 602.296
0.73918 688.562
0.771792 545.918
0.805842 256.364
0.841395 683.812
0.878517 243.613
0.917276 295.6
0.957745 478.652
1 309.515
1.04412 271.663
1.09018 266.071
1.13828 529.921
1.1885 127.92
1.24094 522.773
1.29569 381.119
1.35285 258.454
1.41254 0
1.47486 81.7114
1.53993 304.846
1.60787 174.825
1.6788 214.416
1.75287 437.643
1.83021 142.692
1.91095 66.0945
1.99526 19.1096
2.08329 201.221
2.1752 87.8155
2.27117 0
2.37137 157.764
2.476 20.6078
2.58523 63.755
2.69929 397.649
2.81838 271.59
2.94273 20.6777
3.07256 93.9314
3.20812 149.05
3.34965 530.103
3.49744 189.411
3.65174 293.025
3.81285 92.5611
3.98107 0
4.15671 87.5482
4.3401 181.41
4.53158 304.549
4.73151 102.662
4.94026 109.657
5.15822 116.998
5.3858 100.661
5.62341 173.583
5.87151 202.282
6.13056 158.205
6.40103 78.304
6.68344 84.0257
6.97831 57.2093
7.28618 236.06
7.60764 108.205
7.94328 58.1818
8.29373 165.593
8.65964 98.3901
9.0417 45.4102
9.44061 0
9.85712 280.94
10.292 84.1371
10.7461 67.679
11.2202 122.804
11.7152 133.785
12.2321 83.3973
12.7717 64.1742
13.3352 234.045
13.9236 224.496
14.5378 8.61543
15.1792 228.461
15.8489 74.2071
16.5482 157.112
17.2783 0
18.0406 55.6841
18.8365 0
19.6675 288.041
20.5353 0
21.4412 361.782
22.3872 19.954
23.3749 0
24.4062 109.78
25.483 125.655
26.6073 104.194
27.7811 138.723
29.0068 172.485
30.2866 244.242
31.6228 186.944
33.0179 212.991
34.4747 170.609
35.9956 104.979
37.5837 238.448
39.2419 60.4792
40.9732 296.003
42.7809 279.618
44.6684 576.31
46.6391 301.953
48.6968 491.598
50.8452 520.361
53.0884 67.4077
55.4307 113.672
57.8762 39.9317
60.4296 83.6943
63.0957 189.332
65.8795 236.862
68.786 237.291
71.8208 362.723
74.9894 304.067
78.2979 148.751
81.7523 45.3129
85.3591 645.945
89.1251 292.217
93.0572 335.17
97.1628 24.7866
101.45 448.579
105.925 82.9198
110.599 312.252
115.478 128.138
120.573 278.268
125.893 343.072
131.447 547.397
137.246 381.78
143.301 225.414
149.624 157.31
156.225 734.961
163.117 333.986
170.314 160.691
177.828 182.42
185.674 214.741
193.865 236.782
202.418 573.373
211.349 347.635
220.673 300.144
230.409 614.833
240.575 869.46
251.189 987.489
262.271 770.622
273.842 1569.1
285.924 2314.25
298.538 1502.93
311.709 1995.17
325.462 1865.61
339.821 2293.87
354.813 3058.07
370.467 3838.19
386.812 3504.34
403.878 2999.89
421.697 2228.06
440.301 1623.86
459.727 1478.27
480.01 1127.29
501.187 771.453
523.299 628.151
546.387 334.553
570.493 227.704
595.662 150.108
621.942 98.9674
649.382 320.933
678.032 0
707.946 0
739.18 0
771.792 0
805.842 0
841.395 0
878.517 100.139
917.276 0
957.745 0
1000 0
