# First line is two numbers 
#     First value is '2', it means 'histogram mode'
#     Second value is 'Emin' of the histogram
# Other lines : 2 columns. 1) energy 2) probability (nb divided by NbEvent)
# Number of bins = 480
# Content below the first bin: 0
# Content above the last  bin: 0
# Content above the last  bin: 0
# Number of events: 209000
2 1e-06
1.04412e-06 0
1.09018e-06 0
1.13828e-06 0
1.1885e-06 0
1.24094e-06 0
1.29569e-06 0
1.35285e-06 0
1.41254e-06 0
1.47486e-06 0
1.53993e-06 0
1.60787e-06 0
1.6788e-06 0
1.75287e-06 0
1.83021e-06 0
1.91095e-06 0
1.99526e-06 0
2.08329e-06 0
2.1752e-06 0
2.27117e-06 0
2.37137e-06 0
2.476e-06 0
2.58523e-06 0
2.69929e-06 0
2.81838e-06 0
2.94273e-06 0
3.07256e-06 0
3.20812e-06 0
3.34965e-06 0
3.49744e-06 0
3.65174e-06 0
3.81285e-06 0
3.98107e-06 0
4.15671e-06 0
4.3401e-06 0
4.53158e-06 0
4.73151e-06 0
4.94026e-06 0
5.15822e-06 0
5.3858e-06 0
5.62341e-06 0
5.87151e-06 0
6.13056e-06 0
6.40103e-06 0
6.68344e-06 0
6.97831e-06 0
7.28618e-06 0
7.60764e-06 0
7.94328e-06 0
8.29373e-06 0
8.65964e-06 0
9.0417e-06 0
9.44061e-06 0
9.85712e-06 0
1.0292e-05 0
1.07461e-05 0
1.12202e-05 0
1.17152e-05 0
1.22321e-05 0
1.27717e-05 0
1.33352e-05 0
1.39236e-05 0
1.45378e-05 0
1.51792e-05 0
1.58489e-05 0
1.65482e-05 0
1.72783e-05 0
1.80406e-05 0
1.88365e-05 0
1.96675e-05 0
2.05353e-05 0
2.14412e-05 0
2.23872e-05 0
2.33749e-05 0
2.44062e-05 0
2.5483e-05 0
2.66073e-05 0
2.77811e-05 0
2.90068e-05 0
3.02866e-05 0
3.16228e-05 0
3.30179e-05 0
3.44747e-05 0
3.59956e-05 0
3.75837e-05 0
3.92419e-05 0
4.09732e-05 0
4.27809e-05 0
4.46684e-05 0
4.66391e-05 0
4.86968e-05 0
5.08452e-05 0
5.30884e-05 0
5.54307e-05 0
5.78762e-05 0
6.04296e-05 0
6.30957e-05 0
6.58795e-05 0
6.8786e-05 0
7.18208e-05 0
7.49894e-05 0
7.82979e-05 0
8.17523e-05 0
8.53591e-05 0
8.91251e-05 0
9.30572e-05 0
9.71628e-05 0
0.00010145 0
0.000105925 0
0.000110599 0
0.000115478 0
0.000120573 0
0.000125893 0
0.000131447 0
0.000137246 0
0.000143301 0
0.000149624 0
0.000156225 0
0.000163117 0
0.000170314 0
0.000177828 0
0.000185674 0
0.000193865 0
0.000202418 0
0.000211349 0
0.000220673 0
0.000230409 0
0.000240575 0
0.000251189 0
0.000262271 0
0.000273842 0
0.000285924 0
0.000298538 0
0.000311709 0
0.000325462 0
0.000339821 0
0.000354813 0
0.000370467 0
0.000386812 0
0.000403878 0
0.000421697 0
0.000440301 0
0.000459727 0
0.00048001 0
0.000501187 0
0.000523299 0
0.000546387 0
0.000570493 0
0.000595662 0
0.000621942 0
0.000649382 0
0.000678032 0
0.000707946 0
0.00073918 0
0.000771792 0
0.000805842 0
0.000841395 0
0.000878517 0
0.000917276 0
0.000957745 0
0.001 0
0.00104412 0
0.00109018 0
0.00113828 0
0.0011885 0
0.00124094 0
0.00129569 0
0.00135285 0
0.00141254 0
0.00147486 0
0.00153993 0
0.00160787 0
0.0016788 0
0.00175287 0
0.00183021 0
0.00191095 0
0.00199526 0
0.00208329 0
0.0021752 0
0.00227117 0
0.00237137 0
0.002476 0
0.00258523 0
0.00269929 0
0.00281838 0
0.00294273 79.7367
0.00307256 0
0.00320812 0
0.00334965 0
0.00349744 0
0.00365174 0
0.00381285 98.9476
0.00398107 0
0.00415671 0
0.0043401 0
0.00453158 0
0.00473151 0
0.00494026 0
0.00515822 0
0.0053858 0
0.00562341 100.894
0.00587151 0
0.00613056 0
0.00640103 40.1325
0.00668344 79.0136
0.00697831 0
0.00728618 0
0.00760764 0
0.00794328 0
0.00829373 0
0.00865964 61.1134
0.0090417 0
0.00944061 0
0.00985712 71.6167
0.010292 0
0.0107461 0
0.0112202 84.8194
0.0117152 0
0.0122321 0
0.0127717 119.509
0.0133352 12.4299
0.0139236 175.55
0.0145378 41.559
0.0151792 27.5388
0.0158489 64.2769
0.0165482 0
0.0172783 0
0.0180406 88.0839
0.0188365 156.929
0.0196675 40.0089
0.0205353 121.232
0.0214412 105.706
0.0223872 255.612
0.0233749 0
0.0244062 0
0.025483 45.1346
0.0266073 0
0.0277811 65.7276
0.0290068 62.7511
0.0302866 113.308
0.0316228 203.315
0.0330179 93.3229
0.0344747 137.202
0.0359956 49.6279
0.0375837 397.514
0.0392419 139.14
0.0409732 515.736
0.0427809 108.261
0.0446684 175.65
0.0466391 336.056
0.0486968 507.262
0.0508452 486.403
0.0530884 424.892
0.0554307 434.394
0.0578762 413.862
0.0604296 765.471
0.0630957 586.031
0.0658795 679.772
0.068786 980.413
0.0718208 612.951
0.0749894 1105.76
0.0782979 521.534
0.0817523 657.007
0.0853591 598.625
0.0891251 860.199
0.0930572 817.056
0.0971628 1682.04
0.10145 1334.8
0.105925 1140.62
0.110599 1529.96
0.115478 1088.15
0.120573 1268.37
0.125893 1110.45
0.131447 1955.73
0.137246 966.416
0.143301 1208.09
0.149624 1030.79
0.156225 1468.05
0.163117 1499.32
0.170314 2259.04
0.177828 1262.93
0.185674 1839.13
0.193865 1376.97
0.202418 1771.63
0.211349 2429.6
0.220673 2399.79
0.230409 2250.9
0.240575 2271.34
0.251189 1711.04
0.262271 1967.77
0.273842 1532.11
0.285924 2220.43
0.298538 1732.83
0.311709 2481.37
0.325462 2261.22
0.339821 2006.25
0.354813 2017.03
0.370467 3000.35
0.386812 2154.76
0.403878 3020.83
0.421697 3662.08
0.440301 1227.91
0.459727 2156.76
0.48001 2850.32
0.501187 2220.7
0.523299 1841.71
0.546387 2838.77
0.570493 2174.05
0.595662 1385.35
0.621942 2233.24
0.649382 2729.38
0.678032 2119.65
0.707946 1820.31
0.73918 2381.11
0.771792 2643.76
0.805842 2660.39
0.841395 1876.74
0.878517 2236.21
0.917276 2270.65
0.957745 2406.65
1 1867.48
1.04412 1466.98
1.09018 1720.51
1.13828 1456.21
1.1885 1919.46
1.24094 767.639
1.29569 1173.49
1.35285 1226.9
1.41254 929.988
1.47486 938.187
1.53993 539.023
1.60787 625.865
1.6788 1074.08
1.75287 1097.73
1.83021 792.74
1.91095 1021.91
1.99526 621.867
2.08329 1141.17
2.1752 691.58
2.27117 797.407
2.37137 961.194
2.476 794.85
2.58523 944.845
2.69929 482.676
2.81838 587.891
2.94273 775.653
3.07256 911.789
3.20812 711.134
3.34965 371.209
3.49744 739.01
3.65174 370.932
3.81285 341.219
3.98107 452.218
4.15671 767.369
4.3401 336.123
4.53158 199.369
4.73151 386.093
4.94026 576.309
5.15822 582.205
5.3858 271.022
5.62341 184.009
5.87151 882.355
6.13056 448.622
6.40103 99.1827
6.68344 466.212
6.97831 242.838
7.28618 271.941
7.60764 650.838
7.94328 269.33
8.29373 188.749
8.65964 736.233
9.0417 481.821
9.44061 233.565
9.85712 0
10.292 623.114
10.7461 604.173
11.2202 403.562
11.7152 658.207
12.2321 805.07
12.7717 367.024
13.3352 97.3489
13.9236 453.181
14.5378 329.151
15.1792 304.276
15.8489 873.63
16.5482 462.289
17.2783 357.812
18.0406 290.951
18.8365 489.522
19.6675 249.638
20.5353 535.938
21.4412 728.182
22.3872 108.501
23.3749 364.156
24.4062 259.083
25.483 405.567
26.6073 221.063
27.7811 164.233
29.0068 638.688
30.2866 783.784
31.6228 743.252
33.0179 352.321
34.4747 432.066
35.9956 205.223
37.5837 317.18
39.2419 772.276
40.9732 500.844
42.7809 597.546
44.6684 258.858
46.6391 233.111
48.6968 571.247
50.8452 591.328
53.0884 670.614
55.4307 824.795
57.8762 756.685
60.4296 701.011
63.0957 831.36
65.8795 478.428
68.786 873.583
71.8208 891.909
74.9894 825.773
78.2979 482.353
81.7523 718.782
85.3591 1034.37
89.1251 1009.16
93.0572 731.446
97.1628 1547.11
101.45 904.539
105.925 1238.59
110.599 931.587
115.478 1086.54
120.573 1554.96
125.893 829.424
131.447 1410.84
137.246 1448.16
143.301 1136.44
149.624 1363.97
156.225 771.279
163.117 1689.1
170.314 1554.12
177.828 1162.74
185.674 1445.63
193.865 1896.45
202.418 2404.91
211.349 3150.4
220.673 1249.72
230.409 1817.27
240.575 2815.27
251.189 2413.25
262.271 2260.83
273.842 1018.63
285.924 1366.19
298.538 2483.09
311.709 1029.32
325.462 935.648
339.821 1224.46
354.813 470.743
370.467 630.423
386.812 582.753
403.878 476.936
421.697 186.424
440.301 231.425
459.727 95.9752
480.01 361.23
501.187 96.383
523.299 92.9587
546.387 0
570.493 267.713
595.662 35.83
621.942 109.601
649.382 91.7338
678.032 44.2121
707.946 18.7588
739.18 0
771.792 0
805.842 0
841.395 0
878.517 0
917.276 0
957.745 0
1000 0
