# First line is two numbers 
#     First value is '2', it means 'histogram mode'
#     Second value is 'Emin' of the histogram
# Other lines : 2 columns. 1) energy 2) probability (nb divided by NbEvent)
# Number of bins = 480
# Content below the first bin: 0
# Content above the last  bin: 0
# Content above the last  bin: 0
# Number of events: 209000
2 1e-06
1.04412e-06 0
1.09018e-06 0
1.13828e-06 0
1.1885e-06 0
1.24094e-06 0
1.29569e-06 0
1.35285e-06 0
1.41254e-06 0
1.47486e-06 0
1.53993e-06 0
1.60787e-06 0
1.6788e-06 0
1.75287e-06 0
1.83021e-06 0
1.91095e-06 0
1.99526e-06 0
2.08329e-06 0
2.1752e-06 0
2.27117e-06 0
2.37137e-06 0
2.476e-06 0
2.58523e-06 0
2.69929e-06 0
2.81838e-06 0
2.94273e-06 0
3.07256e-06 0
3.20812e-06 0
3.34965e-06 0
3.49744e-06 0
3.65174e-06 0
3.81285e-06 0
3.98107e-06 0
4.15671e-06 0
4.3401e-06 0
4.53158e-06 0
4.73151e-06 0
4.94026e-06 0
5.15822e-06 0
5.3858e-06 0
5.62341e-06 0
5.87151e-06 0
6.13056e-06 0
6.40103e-06 0
6.68344e-06 0
6.97831e-06 0
7.28618e-06 0
7.60764e-06 0
7.94328e-06 0
8.29373e-06 0
8.65964e-06 0
9.0417e-06 0
9.44061e-06 0
9.85712e-06 0
1.0292e-05 0
1.07461e-05 0
1.12202e-05 0
1.17152e-05 0
1.22321e-05 0
1.27717e-05 0
1.33352e-05 0
1.39236e-05 0
1.45378e-05 0
1.51792e-05 0
1.58489e-05 0
1.65482e-05 0
1.72783e-05 0
1.80406e-05 0
1.88365e-05 0
1.96675e-05 0
2.05353e-05 0
2.14412e-05 0
2.23872e-05 0
2.33749e-05 0
2.44062e-05 0
2.5483e-05 0
2.66073e-05 0
2.77811e-05 0
2.90068e-05 0
3.02866e-05 0
3.16228e-05 0
3.30179e-05 0
3.44747e-05 0
3.59956e-05 0
3.75837e-05 0
3.92419e-05 0
4.09732e-05 0
4.27809e-05 0
4.46684e-05 0
4.66391e-05 0
4.86968e-05 0
5.08452e-05 0
5.30884e-05 0
5.54307e-05 0
5.78762e-05 0
6.04296e-05 0
6.30957e-05 0
6.58795e-05 0
6.8786e-05 0
7.18208e-05 0
7.49894e-05 0
7.82979e-05 0
8.17523e-05 0
8.53591e-05 0
8.91251e-05 0
9.30572e-05 0
9.71628e-05 0
0.00010145 0
0.000105925 0
0.000110599 0
0.000115478 0
0.000120573 0
0.000125893 0
0.000131447 0
0.000137246 0
0.000143301 0
0.000149624 0
0.000156225 0
0.000163117 0
0.000170314 0
0.000177828 0
0.000185674 0
0.000193865 0
0.000202418 0
0.000211349 0
0.000220673 0
0.000230409 0
0.000240575 0
0.000251189 0
0.000262271 0
0.000273842 0
0.000285924 0
0.000298538 0
0.000311709 0
0.000325462 0
0.000339821 0
0.000354813 0
0.000370467 0
0.000386812 0
0.000403878 0
0.000421697 0
0.000440301 0
0.000459727 0
0.00048001 0
0.000501187 0
0.000523299 0
0.000546387 0
0.000570493 0
0.000595662 0
0.000621942 0
0.000649382 0
0.000678032 0
0.000707946 0
0.00073918 0
0.000771792 0
0.000805842 0
0.000841395 0
0.000878517 0
0.000917276 0
0.000957745 0
0.001 0
0.00104412 0
0.00109018 0
0.00113828 0
0.0011885 0
0.00124094 0
0.00129569 0
0.00135285 0
0.00141254 0
0.00147486 0
0.00153993 0
0.00160787 0
0.0016788 0
0.00175287 0
0.00183021 0
0.00191095 0
0.00199526 0
0.00208329 0
0.0021752 0
0.00227117 0
0.00237137 0
0.002476 0
0.00258523 0
0.00269929 0
0.00281838 0
0.00294273 0
0.00307256 0
0.00320812 0
0.00334965 0
0.00349744 0
0.00365174 0
0.00381285 0
0.00398107 0
0.00415671 0
0.0043401 0
0.00453158 0
0.00473151 0
0.00494026 0
0.00515822 0
0.0053858 0
0.00562341 0
0.00587151 0
0.00613056 0
0.00640103 0
0.00668344 0
0.00697831 0
0.00728618 0
0.00760764 0
0.00794328 0
0.00829373 0
0.00865964 0
0.0090417 0
0.00944061 0
0.00985712 0
0.010292 0
0.0107461 0
0.0112202 0
0.0117152 0
0.0122321 0
0.0127717 0
0.0133352 0
0.0139236 0
0.0145378 0
0.0151792 0
0.0158489 0
0.0165482 0
0.0172783 0
0.0180406 0
0.0188365 0
0.0196675 0
0.0205353 0
0.0214412 0
0.0223872 0
0.0233749 0
0.0244062 0
0.025483 0
0.0266073 0
0.0277811 0
0.0290068 0
0.0302866 0
0.0316228 88.8304
0.0330179 0
0.0344747 0
0.0359956 0
0.0375837 0
0.0392419 0
0.0409732 0
0.0427809 0
0.0446684 14.5899
0.0466391 0
0.0486968 0
0.0508452 98.1412
0.0530884 0
0.0554307 0
0.0578762 0
0.0604296 0
0.0630957 112.695
0.0658795 176.445
0.068786 0
0.0718208 0
0.0749894 0
0.0782979 0
0.0817523 0
0.0853591 0
0.0891251 0
0.0930572 0
0.0971628 0
0.10145 210.966
0.105925 89.282
0.110599 0
0.115478 78.9643
0.120573 0
0.125893 0
0.131447 87.714
0.137246 0
0.143301 261.813
0.149624 211.524
0.156225 208.006
0.163117 103.589
0.170314 0
0.177828 18.8484
0.185674 0
0.193865 79.8086
0.202418 0
0.211349 0
0.220673 86.0715
0.230409 107.547
0.240575 0
0.251189 112.212
0.262271 86.2854
0.273842 154.27
0.285924 21.9354
0.298538 251.355
0.311709 117.94
0.325462 0
0.339821 53.259
0.354813 108.503
0.370467 239.854
0.386812 178.308
0.403878 111.295
0.421697 37.6833
0.440301 203.385
0.459727 171.001
0.48001 96.0254
0.501187 112.678
0.523299 337.524
0.546387 232.363
0.570493 88.7841
0.595662 209.845
0.621942 30.7901
0.649382 0
0.678032 0
0.707946 93.6196
0.73918 311.509
0.771792 108.934
0.805842 0
0.841395 164.554
0.878517 232.419
0.917276 55.0836
0.957745 248.276
1 246.151
1.04412 320.039
1.09018 168.464
1.13828 0
1.1885 0
1.24094 0
1.29569 118.045
1.35285 230.658
1.41254 32.0723
1.47486 0
1.53993 0
1.60787 142.1
1.6788 0
1.75287 203.85
1.83021 0
1.91095 48.7146
1.99526 0
2.08329 96.4736
2.1752 0
2.27117 210.237
2.37137 38.8937
2.476 181.423
2.58523 0
2.69929 0
2.81838 0
2.94273 246.853
3.07256 0
3.20812 0
3.34965 87.4757
3.49744 206.592
3.65174 73.0556
3.81285 237.197
3.98107 98.1294
4.15671 155.494
4.3401 101.228
4.53158 0
4.73151 0
4.94026 0
5.15822 0
5.3858 205.361
5.62341 0
5.87151 0
6.13056 118.897
6.40103 0
6.68344 24.1488
6.97831 112.225
7.28618 119.824
7.60764 115.609
7.94328 0
8.29373 0
8.65964 60.9304
9.0417 0
9.44061 96.7232
9.85712 0
10.292 0
10.7461 0
11.2202 106.018
11.7152 0
12.2321 44.9868
12.7717 0
13.3352 44.7004
13.9236 194.92
14.5378 0
15.1792 106.077
15.8489 0
16.5482 49.7651
17.2783 106.866
18.0406 0
18.8365 0
19.6675 138.528
20.5353 0
21.4412 0
22.3872 51.1349
23.3749 84.7793
24.4062 70.0281
25.483 0
26.6073 0
27.7811 0
29.0068 0
30.2866 0
31.6228 0
33.0179 16.722
34.4747 0
35.9956 0
37.5837 142.045
39.2419 6.26184
40.9732 0
42.7809 67.8629
44.6684 0
46.6391 88.2496
48.6968 114.921
50.8452 0
53.0884 148.259
55.4307 189.932
57.8762 102.112
60.4296 109.975
63.0957 0
65.8795 67.7844
68.786 69.2712
71.8208 193.15
74.9894 215.153
78.2979 98.1618
81.7523 0
85.3591 108.351
89.1251 45.6894
93.0572 0
97.1628 100.411
101.45 0
105.925 129.574
110.599 79.2441
115.478 0
120.573 0
125.893 0
131.447 113.097
137.246 68.7781
143.301 193.572
149.624 0
156.225 0
163.117 106.319
170.314 129.306
177.828 188.932
185.674 72.6252
193.865 184.478
202.418 219.499
211.349 166.681
220.673 64.6458
230.409 199.835
240.575 188.804
251.189 202.933
262.271 136.894
273.842 284.774
285.924 673.612
298.538 306.321
311.709 418.904
325.462 445.263
339.821 424.947
354.813 552.923
370.467 111.822
386.812 0
403.878 81.2201
421.697 173.057
440.301 452.444
459.727 341.279
480.01 80.5468
501.187 92.8886
523.299 34.8397
546.387 0
570.493 0
595.662 0
621.942 0
649.382 81.2731
678.032 0
707.946 0
739.18 109.045
771.792 29.0597
805.842 0
841.395 0
878.517 0
917.276 0
957.745 0
1000 0
