# First line is two numbers 
#     First value is '2', it means 'histogram mode'
#     Second value is 'Emin' of the histogram
# Other lines : 2 columns. 1) energy 2) probability (nb divided by NbEvent)
# Number of bins = 480
# Content below the first bin: 0
# Content above the last  bin: 0
# Content above the last  bin: 0
# Number of events: 209000
2 1e-06
1.04412e-06 0
1.09018e-06 0
1.13828e-06 0
1.1885e-06 0
1.24094e-06 0
1.29569e-06 0
1.35285e-06 0
1.41254e-06 0
1.47486e-06 0
1.53993e-06 0
1.60787e-06 0
1.6788e-06 0
1.75287e-06 0
1.83021e-06 0
1.91095e-06 0
1.99526e-06 0
2.08329e-06 0
2.1752e-06 0
2.27117e-06 0
2.37137e-06 0
2.476e-06 0
2.58523e-06 0
2.69929e-06 0
2.81838e-06 0
2.94273e-06 0
3.07256e-06 0
3.20812e-06 0
3.34965e-06 0
3.49744e-06 0
3.65174e-06 0
3.81285e-06 0
3.98107e-06 0
4.15671e-06 0
4.3401e-06 0
4.53158e-06 0
4.73151e-06 0
4.94026e-06 0
5.15822e-06 0
5.3858e-06 0
5.62341e-06 0
5.87151e-06 0
6.13056e-06 0
6.40103e-06 0
6.68344e-06 0
6.97831e-06 0
7.28618e-06 0
7.60764e-06 0
7.94328e-06 0
8.29373e-06 0
8.65964e-06 0
9.0417e-06 0
9.44061e-06 0
9.85712e-06 0
1.0292e-05 0
1.07461e-05 0
1.12202e-05 0
1.17152e-05 0
1.22321e-05 0
1.27717e-05 0
1.33352e-05 0
1.39236e-05 0
1.45378e-05 0
1.51792e-05 0
1.58489e-05 0
1.65482e-05 0
1.72783e-05 0
1.80406e-05 0
1.88365e-05 0
1.96675e-05 0
2.05353e-05 0
2.14412e-05 0
2.23872e-05 0
2.33749e-05 0
2.44062e-05 0
2.5483e-05 0
2.66073e-05 0
2.77811e-05 0
2.90068e-05 0
3.02866e-05 0
3.16228e-05 0
3.30179e-05 0
3.44747e-05 0
3.59956e-05 0
3.75837e-05 0
3.92419e-05 0
4.09732e-05 0
4.27809e-05 0
4.46684e-05 0
4.66391e-05 0
4.86968e-05 0
5.08452e-05 0
5.30884e-05 0
5.54307e-05 0
5.78762e-05 0
6.04296e-05 0
6.30957e-05 0
6.58795e-05 0
6.8786e-05 0
7.18208e-05 0
7.49894e-05 0
7.82979e-05 0
8.17523e-05 0
8.53591e-05 0
8.91251e-05 0
9.30572e-05 0
9.71628e-05 0
0.00010145 0
0.000105925 0
0.000110599 0
0.000115478 0
0.000120573 0
0.000125893 0
0.000131447 0
0.000137246 0
0.000143301 0
0.000149624 0
0.000156225 0
0.000163117 0
0.000170314 0
0.000177828 0
0.000185674 0
0.000193865 0
0.000202418 0
0.000211349 0
0.000220673 0
0.000230409 0
0.000240575 0
0.000251189 0
0.000262271 0
0.000273842 0
0.000285924 0
0.000298538 0
0.000311709 0
0.000325462 0
0.000339821 0
0.000354813 0
0.000370467 0
0.000386812 0
0.000403878 0
0.000421697 0
0.000440301 0
0.000459727 0
0.00048001 0
0.000501187 0
0.000523299 0
0.000546387 0
0.000570493 0
0.000595662 0
0.000621942 0
0.000649382 0
0.000678032 0
0.000707946 0
0.00073918 0
0.000771792 0
0.000805842 0
0.000841395 0
0.000878517 0
0.000917276 0
0.000957745 0
0.001 0
0.00104412 0
0.00109018 0
0.00113828 0
0.0011885 0
0.00124094 0
0.00129569 0
0.00135285 0
0.00141254 0
0.00147486 0
0.00153993 0
0.00160787 0
0.0016788 0
0.00175287 0
0.00183021 0
0.00191095 0
0.00199526 0
0.00208329 0
0.0021752 0
0.00227117 0
0.00237137 0
0.002476 0
0.00258523 0
0.00269929 0
0.00281838 0
0.00294273 0
0.00307256 0
0.00320812 0
0.00334965 0
0.00349744 0
0.00365174 0
0.00381285 0
0.00398107 0
0.00415671 0
0.0043401 0
0.00453158 0
0.00473151 0
0.00494026 0
0.00515822 0
0.0053858 0
0.00562341 0
0.00587151 0
0.00613056 0
0.00640103 0
0.00668344 0
0.00697831 0
0.00728618 0
0.00760764 0
0.00794328 0
0.00829373 0
0.00865964 92.1953
0.0090417 0
0.00944061 0
0.00985712 0
0.010292 117.172
0.0107461 0
0.0112202 109.64
0.0117152 0
0.0122321 0
0.0127717 267.071
0.0133352 76.8772
0.0139236 110.451
0.0145378 17.082
0.0151792 0
0.0158489 0
0.0165482 0
0.0172783 214.368
0.0180406 80.7085
0.0188365 0
0.0196675 0
0.0205353 0
0.0214412 43.4224
0.0223872 125.23
0.0233749 99.1231
0.0244062 90.3801
0.025483 105.976
0.0266073 26.3648
0.0277811 108.432
0.0290068 257.49
0.0302866 0
0.0316228 85.8909
0.0330179 0
0.0344747 130.683
0.0359956 318.195
0.0375837 115.891
0.0392419 250.627
0.0409732 71.8812
0.0427809 191.444
0.0446684 106.352
0.0466391 325.514
0.0486968 195.591
0.0508452 0
0.0530884 56.2165
0.0554307 0
0.0578762 340.428
0.0604296 0
0.0630957 318.409
0.0658795 249.415
0.068786 117.48
0.0718208 189.973
0.0749894 616.435
0.0782979 547.77
0.0817523 502.928
0.0853591 188.829
0.0891251 471.428
0.0930572 399.568
0.0971628 457.292
0.10145 74.5715
0.105925 609.668
0.110599 552.781
0.115478 505.12
0.120573 462.331
0.125893 323.24
0.131447 215.383
0.137246 385.093
0.143301 310.282
0.149624 322.532
0.156225 560.621
0.163117 410.467
0.170314 485.88
0.177828 732.81
0.185674 390.432
0.193865 543.374
0.202418 183.119
0.211349 752.354
0.220673 664.827
0.230409 627.526
0.240575 326.437
0.251189 400.525
0.262271 946.724
0.273842 164.142
0.285924 683.216
0.298538 826.381
0.311709 710.433
0.325462 487.487
0.339821 802.17
0.354813 405.898
0.370467 829.22
0.386812 1031.84
0.403878 850.963
0.421697 963.947
0.440301 851.236
0.459727 926.771
0.48001 607.975
0.501187 663.421
0.523299 1107.55
0.546387 826.477
0.570493 256.671
0.595662 809.059
0.621942 1224.42
0.649382 1280.96
0.678032 736.336
0.707946 643.582
0.73918 157.207
0.771792 1036.76
0.805842 1462.91
0.841395 865.208
0.878517 881.757
0.917276 664.881
0.957745 1038.7
1 198.251
1.04412 390.592
1.09018 841.694
1.13828 455.772
1.1885 333.649
1.24094 281.586
1.29569 467.785
1.35285 598.849
1.41254 307.794
1.47486 276.373
1.53993 140.517
1.60787 353.755
1.6788 440.287
1.75287 452.257
1.83021 287.011
1.91095 0
1.99526 596.377
2.08329 225.103
2.1752 376.4
2.27117 113.696
2.37137 125.668
2.476 176.066
2.58523 248.654
2.69929 190.59
2.81838 27.7852
2.94273 248.687
3.07256 98.6564
3.20812 233.74
3.34965 315.295
3.49744 319.842
3.65174 396.193
3.81285 0
3.98107 337.829
4.15671 87.7852
4.3401 360.378
4.53158 71.9133
4.73151 277.456
4.94026 357.157
5.15822 0
5.3858 239.726
5.62341 92.7587
5.87151 217.821
6.13056 309.632
6.40103 210.588
6.68344 0
6.97831 459.156
7.28618 86.2864
7.60764 194.884
7.94328 287.541
8.29373 0
8.65964 43.4423
9.0417 194.379
9.44061 163.645
9.85712 33.1304
10.292 0
10.7461 366.279
11.2202 106.783
11.7152 60.8369
12.2321 56.6631
12.7717 95.2924
13.3352 389.488
13.9236 0
14.5378 169.731
15.1792 267.379
15.8489 202.611
16.5482 152.996
17.2783 69.0844
18.0406 241.067
18.8365 0
19.6675 92.2773
20.5353 0
21.4412 0
22.3872 71.5858
23.3749 110.244
24.4062 333.118
25.483 0
26.6073 79.6498
27.7811 0
29.0068 108.704
30.2866 212.003
31.6228 280.533
33.0179 22.6644
34.4747 114.264
35.9956 212.428
37.5837 114.283
39.2419 29.9138
40.9732 258.704
42.7809 119.144
44.6684 105.067
46.6391 106.329
48.6968 386.459
50.8452 290.216
53.0884 60.5792
55.4307 175.6
57.8762 168.068
60.4296 0
63.0957 152.088
65.8795 74.3847
68.786 173.507
71.8208 280.44
74.9894 303.213
78.2979 304.498
81.7523 83.8365
85.3591 37.3532
89.1251 276.33
93.0572 181.182
97.1628 263.978
101.45 251.83
105.925 210.282
110.599 500.607
115.478 272.843
120.573 180.752
125.893 0
131.447 450.178
137.246 171.266
143.301 324.121
149.624 103.647
156.225 71.894
163.117 54.9716
170.314 246.151
177.828 280.092
185.674 806.308
193.865 262.314
202.418 152.598
211.349 73.4645
220.673 237.071
230.409 267.364
240.575 440.531
251.189 288.717
262.271 215.814
273.842 0
285.924 106.118
298.538 158.039
311.709 175.501
325.462 0
339.821 356.082
354.813 86.2165
370.467 77.5538
386.812 0
403.878 67.8223
421.697 0
440.301 0
459.727 102.358
480.01 0
501.187 0
523.299 0
546.387 0
570.493 0
595.662 250.707
621.942 0
649.382 0
678.032 0
707.946 0
739.18 113.34
771.792 103.152
805.842 0
841.395 0
878.517 0
917.276 0
957.745 0
1000 0
