# First line is two numbers 
#     First value is '2', it means 'histogram mode'
#     Second value is 'Emin' of the histogram
# Other lines : 2 columns. 1) energy 2) probability (nb divided by NbEvent)
# Number of bins = 480
# Content below the first bin: 0
# Content above the last  bin: 0
# Content above the last  bin: 0
# Number of events: 209000
2 1e-06
1.04412e-06 0
1.09018e-06 0
1.13828e-06 0
1.1885e-06 0
1.24094e-06 0
1.29569e-06 0
1.35285e-06 0
1.41254e-06 0
1.47486e-06 0
1.53993e-06 0
1.60787e-06 0
1.6788e-06 0
1.75287e-06 0
1.83021e-06 0
1.91095e-06 0
1.99526e-06 0
2.08329e-06 0
2.1752e-06 0
2.27117e-06 0
2.37137e-06 0
2.476e-06 0
2.58523e-06 0
2.69929e-06 0
2.81838e-06 0
2.94273e-06 0
3.07256e-06 0
3.20812e-06 0
3.34965e-06 0
3.49744e-06 0
3.65174e-06 0
3.81285e-06 0
3.98107e-06 0
4.15671e-06 0
4.3401e-06 0
4.53158e-06 0
4.73151e-06 0
4.94026e-06 0
5.15822e-06 0
5.3858e-06 0
5.62341e-06 0
5.87151e-06 0
6.13056e-06 0
6.40103e-06 0
6.68344e-06 0
6.97831e-06 0
7.28618e-06 0
7.60764e-06 0
7.94328e-06 0
8.29373e-06 0
8.65964e-06 0
9.0417e-06 0
9.44061e-06 0
9.85712e-06 0
1.0292e-05 0
1.07461e-05 0
1.12202e-05 0
1.17152e-05 0
1.22321e-05 0
1.27717e-05 0
1.33352e-05 0
1.39236e-05 0
1.45378e-05 0
1.51792e-05 0
1.58489e-05 0
1.65482e-05 0
1.72783e-05 0
1.80406e-05 0
1.88365e-05 0
1.96675e-05 0
2.05353e-05 0
2.14412e-05 0
2.23872e-05 0
2.33749e-05 0
2.44062e-05 0
2.5483e-05 0
2.66073e-05 0
2.77811e-05 0
2.90068e-05 0
3.02866e-05 0
3.16228e-05 0
3.30179e-05 0
3.44747e-05 0
3.59956e-05 0
3.75837e-05 0
3.92419e-05 0
4.09732e-05 0
4.27809e-05 0
4.46684e-05 0
4.66391e-05 0
4.86968e-05 0
5.08452e-05 0
5.30884e-05 0
5.54307e-05 0
5.78762e-05 0
6.04296e-05 0
6.30957e-05 0
6.58795e-05 0
6.8786e-05 0
7.18208e-05 0
7.49894e-05 0
7.82979e-05 0
8.17523e-05 0
8.53591e-05 0
8.91251e-05 0
9.30572e-05 0
9.71628e-05 0
0.00010145 0
0.000105925 0
0.000110599 0
0.000115478 0
0.000120573 0
0.000125893 0
0.000131447 0
0.000137246 0
0.000143301 0
0.000149624 0
0.000156225 0
0.000163117 0
0.000170314 0
0.000177828 0
0.000185674 0
0.000193865 0
0.000202418 0
0.000211349 0
0.000220673 0
0.000230409 0
0.000240575 0
0.000251189 0
0.000262271 0
0.000273842 0
0.000285924 0
0.000298538 0
0.000311709 0
0.000325462 0
0.000339821 0
0.000354813 0
0.000370467 0
0.000386812 0
0.000403878 0
0.000421697 0
0.000440301 0
0.000459727 0
0.00048001 0
0.000501187 0
0.000523299 0
0.000546387 0
0.000570493 0
0.000595662 0
0.000621942 0
0.000649382 0
0.000678032 0
0.000707946 0
0.00073918 0
0.000771792 0
0.000805842 0
0.000841395 0
0.000878517 0
0.000917276 0
0.000957745 0
0.001 0
0.00104412 0
0.00109018 0
0.00113828 0
0.0011885 0
0.00124094 0
0.00129569 0
0.00135285 0
0.00141254 0
0.00147486 0
0.00153993 0
0.00160787 0
0.0016788 0
0.00175287 0
0.00183021 0
0.00191095 0
0.00199526 0
0.00208329 0
0.0021752 0
0.00227117 0
0.00237137 0
0.002476 0
0.00258523 0
0.00269929 0
0.00281838 0
0.00294273 0
0.00307256 0
0.00320812 0
0.00334965 0
0.00349744 0
0.00365174 0
0.00381285 0
0.00398107 0
0.00415671 0
0.0043401 0
0.00453158 0
0.00473151 0
0.00494026 0
0.00515822 0
0.0053858 0
0.00562341 0
0.00587151 0
0.00613056 113.513
0.00640103 0
0.00668344 0
0.00697831 0
0.00728618 0
0.00760764 0
0.00794328 0
0.00829373 0
0.00865964 0
0.0090417 86.8904
0.00944061 0
0.00985712 0
0.010292 0
0.0107461 0
0.0112202 0
0.0117152 0
0.0122321 0
0.0127717 0
0.0133352 70.8571
0.0139236 0
0.0145378 0
0.0151792 0
0.0158489 0
0.0165482 0
0.0172783 0
0.0180406 0
0.0188365 0
0.0196675 112.313
0.0205353 0
0.0214412 0
0.0223872 0
0.0233749 0
0.0244062 0
0.025483 0
0.0266073 0
0.0277811 5.98707
0.0290068 97.0769
0.0302866 26.3495
0.0316228 111.066
0.0330179 0
0.0344747 0
0.0359956 0
0.0375837 191.858
0.0392419 61.511
0.0409732 139.69
0.0427809 107.772
0.0446684 0
0.0466391 103.456
0.0486968 0
0.0508452 0
0.0530884 224.04
0.0554307 0
0.0578762 119.963
0.0604296 0
0.0630957 0
0.0658795 229.209
0.068786 191.48
0.0718208 192.144
0.0749894 417.328
0.0782979 173.845
0.0817523 302
0.0853591 138.85
0.0891251 0
0.0930572 0
0.0971628 213.095
0.10145 419.531
0.105925 107.465
0.110599 126.325
0.115478 449.596
0.120573 156.5
0.125893 169.742
0.131447 102.482
0.137246 673.487
0.143301 386.243
0.149624 0
0.156225 169.006
0.163117 107.041
0.170314 191.901
0.177828 203.395
0.185674 68.984
0.193865 0
0.202418 0
0.211349 94.7928
0.220673 396.443
0.230409 123.487
0.240575 598.502
0.251189 108.147
0.262271 124.382
0.273842 300.619
0.285924 233.411
0.298538 254.901
0.311709 394.29
0.325462 0
0.339821 321.435
0.354813 308.863
0.370467 510.367
0.386812 251.103
0.403878 448.662
0.421697 152.456
0.440301 453.739
0.459727 657.574
0.48001 420.004
0.501187 233.239
0.523299 152.285
0.546387 243.444
0.570493 161.296
0.595662 358.318
0.621942 8.95223
0.649382 191.278
0.678032 543.458
0.707946 350.156
0.73918 204.208
0.771792 525.301
0.805842 259.43
0.841395 137.972
0.878517 111.765
0.917276 184.791
0.957745 163.658
1 66.5002
1.04412 294.383
1.09018 146.954
1.13828 316.666
1.1885 330.856
1.24094 16.1982
1.29569 368.811
1.35285 16.5087
1.41254 0
1.47486 119.22
1.53993 174.467
1.60787 78.7692
1.6788 367.544
1.75287 0
1.83021 98.6531
1.91095 222.942
1.99526 316.27
2.08329 328.911
2.1752 0
2.27117 0
2.37137 174.111
2.476 108.373
2.58523 180.887
2.69929 0
2.81838 190.275
2.94273 179.548
3.07256 89.7012
3.20812 192.267
3.34965 78.7139
3.49744 0
3.65174 118.698
3.81285 38.1282
3.98107 0
4.15671 0
4.3401 0
4.53158 0
4.73151 0
4.94026 0
5.15822 0
5.3858 0
5.62341 0
5.87151 0
6.13056 0
6.40103 0
6.68344 0
6.97831 0
7.28618 115.456
7.60764 0
7.94328 0
8.29373 0
8.65964 0
9.0417 0
9.44061 164.308
9.85712 75.6182
10.292 107.677
10.7461 0
11.2202 0
11.7152 71.4153
12.2321 108.704
12.7717 0
13.3352 100.001
13.9236 0
14.5378 95.121
15.1792 0
15.8489 101.212
16.5482 0
17.2783 336.347
18.0406 0
18.8365 90.9441
19.6675 50.1287
20.5353 69.2704
21.4412 0
22.3872 0
23.3749 0
24.4062 106.558
25.483 0
26.6073 221.564
27.7811 0
29.0068 162.309
30.2866 0
31.6228 87.5009
33.0179 56.3353
34.4747 171.769
35.9956 52.1737
37.5837 144.085
39.2419 113.034
40.9732 0
42.7809 0.883152
44.6684 30.2943
46.6391 0
48.6968 99.2129
50.8452 0
53.0884 48.6892
55.4307 91.6449
57.8762 101.055
60.4296 263.74
63.0957 60.7661
65.8795 84.2589
68.786 0
71.8208 97.626
74.9894 0
78.2979 0
81.7523 0
85.3591 79.9206
89.1251 204.829
93.0572 172.29
97.1628 78.7324
101.45 118.755
105.925 193.523
110.599 0
115.478 139.387
120.573 107.274
125.893 46.1983
131.447 0
137.246 125.81
143.301 209.874
149.624 0
156.225 42.0935
163.117 118.155
170.314 97.1483
177.828 146.495
185.674 48.6105
193.865 420.927
202.418 183.417
211.349 113.955
220.673 0
230.409 0
240.575 0
251.189 113.951
262.271 125.731
273.842 118.944
285.924 41.1649
298.538 0
311.709 36.8055
325.462 0
339.821 0
354.813 0
370.467 0
386.812 0
403.878 0
421.697 118.352
440.301 86.0409
459.727 0
480.01 0
501.187 0
523.299 0
546.387 0
570.493 0
595.662 0
621.942 0
649.382 0
678.032 0
707.946 0
739.18 0
771.792 0
805.842 0
841.395 0
878.517 0
917.276 0
957.745 0
1000 0
