# First line is two numbers 
#     First value is '2', it means 'histogram mode'
#     Second value is 'Emin' of the histogram
# Other lines : 2 columns. 1) energy 2) probability (nb divided by NbEvent)
# Number of bins = 480
# Content below the first bin: 0
# Content above the last  bin: 0
# Content above the last  bin: 0
# Number of events: 209000
2 1e-06
1.04412e-06 0
1.09018e-06 0
1.13828e-06 0
1.1885e-06 0
1.24094e-06 0
1.29569e-06 0
1.35285e-06 0
1.41254e-06 0
1.47486e-06 0
1.53993e-06 0
1.60787e-06 0
1.6788e-06 0
1.75287e-06 0
1.83021e-06 0
1.91095e-06 0
1.99526e-06 0
2.08329e-06 0
2.1752e-06 0
2.27117e-06 0
2.37137e-06 0
2.476e-06 0
2.58523e-06 0
2.69929e-06 0
2.81838e-06 0
2.94273e-06 0
3.07256e-06 0
3.20812e-06 0
3.34965e-06 0
3.49744e-06 0
3.65174e-06 0
3.81285e-06 0
3.98107e-06 0
4.15671e-06 0
4.3401e-06 0
4.53158e-06 0
4.73151e-06 0
4.94026e-06 0
5.15822e-06 0
5.3858e-06 0
5.62341e-06 0
5.87151e-06 0
6.13056e-06 0
6.40103e-06 0
6.68344e-06 0
6.97831e-06 0
7.28618e-06 0
7.60764e-06 0
7.94328e-06 0
8.29373e-06 0
8.65964e-06 0
9.0417e-06 0
9.44061e-06 0
9.85712e-06 0
1.0292e-05 0
1.07461e-05 0
1.12202e-05 0
1.17152e-05 0
1.22321e-05 0
1.27717e-05 0
1.33352e-05 0
1.39236e-05 0
1.45378e-05 0
1.51792e-05 0
1.58489e-05 0
1.65482e-05 0
1.72783e-05 0
1.80406e-05 0
1.88365e-05 0
1.96675e-05 0
2.05353e-05 0
2.14412e-05 0
2.23872e-05 0
2.33749e-05 0
2.44062e-05 0
2.5483e-05 0
2.66073e-05 0
2.77811e-05 0
2.90068e-05 0
3.02866e-05 0
3.16228e-05 0
3.30179e-05 0
3.44747e-05 0
3.59956e-05 0
3.75837e-05 0
3.92419e-05 0
4.09732e-05 0
4.27809e-05 0
4.46684e-05 0
4.66391e-05 0
4.86968e-05 0
5.08452e-05 0
5.30884e-05 0
5.54307e-05 0
5.78762e-05 0
6.04296e-05 0
6.30957e-05 0
6.58795e-05 0
6.8786e-05 0
7.18208e-05 0
7.49894e-05 0
7.82979e-05 0
8.17523e-05 0
8.53591e-05 0
8.91251e-05 0
9.30572e-05 0
9.71628e-05 0
0.00010145 0
0.000105925 0
0.000110599 0
0.000115478 0
0.000120573 0
0.000125893 0
0.000131447 0
0.000137246 0
0.000143301 0
0.000149624 0
0.000156225 0
0.000163117 0
0.000170314 0
0.000177828 0
0.000185674 0
0.000193865 0
0.000202418 0
0.000211349 0
0.000220673 0
0.000230409 0
0.000240575 0
0.000251189 0
0.000262271 0
0.000273842 0
0.000285924 0
0.000298538 0
0.000311709 0
0.000325462 0
0.000339821 0
0.000354813 0
0.000370467 0
0.000386812 0
0.000403878 0
0.000421697 0
0.000440301 0
0.000459727 0
0.00048001 0
0.000501187 0
0.000523299 0
0.000546387 0
0.000570493 0
0.000595662 0
0.000621942 0
0.000649382 0
0.000678032 0
0.000707946 0
0.00073918 0
0.000771792 0
0.000805842 0
0.000841395 0
0.000878517 0
0.000917276 0
0.000957745 0
0.001 0
0.00104412 0
0.00109018 0
0.00113828 0
0.0011885 0
0.00124094 0
0.00129569 0
0.00135285 0
0.00141254 0
0.00147486 0
0.00153993 0
0.00160787 0
0.0016788 0
0.00175287 0
0.00183021 0
0.00191095 0
0.00199526 0
0.00208329 0
0.0021752 0
0.00227117 0
0.00237137 0
0.002476 0
0.00258523 0
0.00269929 0
0.00281838 0
0.00294273 0
0.00307256 0
0.00320812 0
0.00334965 0
0.00349744 0
0.00365174 0
0.00381285 0
0.00398107 0
0.00415671 0
0.0043401 0
0.00453158 0
0.00473151 0
0.00494026 0
0.00515822 0
0.0053858 0
0.00562341 0
0.00587151 0
0.00613056 0
0.00640103 0
0.00668344 0
0.00697831 0
0.00728618 0
0.00760764 0
0.00794328 0
0.00829373 0
0.00865964 0
0.0090417 0
0.00944061 0
0.00985712 0
0.010292 0
0.0107461 0
0.0112202 0
0.0117152 0
0.0122321 0
0.0127717 0
0.0133352 0
0.0139236 0
0.0145378 0
0.0151792 0
0.0158489 0
0.0165482 0
0.0172783 0
0.0180406 0
0.0188365 0
0.0196675 0
0.0205353 0
0.0214412 0
0.0223872 0
0.0233749 0
0.0244062 0
0.025483 0
0.0266073 0
0.0277811 0
0.0290068 0
0.0302866 0
0.0316228 0
0.0330179 0
0.0344747 0
0.0359956 0
0.0375837 0
0.0392419 0
0.0409732 0
0.0427809 0
0.0446684 0
0.0466391 0
0.0486968 0
0.0508452 0
0.0530884 0
0.0554307 0
0.0578762 0
0.0604296 0
0.0630957 0
0.0658795 0
0.068786 0
0.0718208 0
0.0749894 0
0.0782979 0
0.0817523 0
0.0853591 0
0.0891251 0
0.0930572 0
0.0971628 0
0.10145 0
0.105925 0
0.110599 0
0.115478 0
0.120573 0
0.125893 0
0.131447 0
0.137246 0
0.143301 0
0.149624 0
0.156225 0
0.163117 0
0.170314 0
0.177828 0
0.185674 0
0.193865 0
0.202418 0
0.211349 0
0.220673 0
0.230409 0
0.240575 0
0.251189 0
0.262271 0
0.273842 0
0.285924 0
0.298538 0
0.311709 202.878
0.325462 23.4104
0.339821 0
0.354813 0
0.370467 0
0.386812 0
0.403878 0
0.421697 0
0.440301 0
0.459727 0
0.48001 0
0.501187 114.591
0.523299 0
0.546387 0
0.570493 0
0.595662 110.934
0.621942 0
0.649382 0
0.678032 54.6908
0.707946 60.9118
0.73918 0
0.771792 0
0.805842 0
0.841395 0
0.878517 99.6052
0.917276 0
0.957745 0
1 0
1.04412 93.3282
1.09018 0
1.13828 0
1.1885 75.6617
1.24094 0
1.29569 74.9352
1.35285 0
1.41254 0
1.47486 173.628
1.53993 114.496
1.60787 0
1.6788 39.5507
1.75287 92.6648
1.83021 0
1.91095 101.564
1.99526 0
2.08329 0
2.1752 0
2.27117 0
2.37137 0
2.476 75.777
2.58523 63.6139
2.69929 0
2.81838 98.5789
2.94273 0
3.07256 93.2238
3.20812 30.3635
3.34965 58.9319
3.49744 42.6984
3.65174 102.868
3.81285 0
3.98107 128.351
4.15671 0
4.3401 0
4.53158 0
4.73151 0
4.94026 66.7393
5.15822 0
5.3858 101.708
5.62341 237.745
5.87151 6.21343
6.13056 70.928
6.40103 125.08
6.68344 0
6.97831 220.37
7.28618 106.499
7.60764 396.219
7.94328 46.1205
8.29373 132.272
8.65964 131.295
9.0417 168.968
9.44061 314.685
9.85712 112.915
10.292 225.735
10.7461 318.13
11.2202 259.771
11.7152 112.706
12.2321 64.1607
12.7717 335.263
13.3352 347.447
13.9236 158.152
14.5378 169.947
15.1792 0
15.8489 402.789
16.5482 197.595
17.2783 87.3634
18.0406 559.232
18.8365 100.364
19.6675 358.714
20.5353 353.166
21.4412 111.641
22.3872 107.435
23.3749 696.681
24.4062 225.381
25.483 407.022
26.6073 379.029
27.7811 119.881
29.0068 376.675
30.2866 626.345
31.6228 408.179
33.0179 213.459
34.4747 395.701
35.9956 303.991
37.5837 72.453
39.2419 800.279
40.9732 513.227
42.7809 168.584
44.6684 186.595
46.6391 218.372
48.6968 218.561
50.8452 342.141
53.0884 597.598
55.4307 544.57
57.8762 215.77
60.4296 240.361
63.0957 932.865
65.8795 611.879
68.786 328.125
71.8208 537.096
74.9894 347.588
78.2979 578.946
81.7523 342.12
85.3591 472.642
89.1251 519.67
93.0572 709.94
97.1628 373.514
101.45 925.292
105.925 431.442
110.599 385.577
115.478 443.605
120.573 1040.8
125.893 612.323
131.447 612.656
137.246 1444.28
143.301 1015.52
149.624 938.268
156.225 1747.13
163.117 2174.3
170.314 2288.45
177.828 2402.37
185.674 3826.3
193.865 3473.99
202.418 4817.82
211.349 5816.4
220.673 8884.09
230.409 10282.2
240.575 11720.2
251.189 12702.3
262.271 12727.2
273.842 12160.1
285.924 13033.6
298.538 11720.3
311.709 11973.3
325.462 10200.7
339.821 8139.85
354.813 7494.07
370.467 4014.29
386.812 3213.14
403.878 1972.29
421.697 2078
440.301 2597.68
459.727 1238.14
480.01 1138.05
501.187 850.218
523.299 684.92
546.387 110.787
570.493 441.531
595.662 397.347
621.942 258.373
649.382 170.94
678.032 439.099
707.946 103.559
739.18 0
771.792 229.437
805.842 0
841.395 33.0084
878.517 0
917.276 0
957.745 0
1000 0
