# First line is two numbers 
#     First value is '2', it means 'histogram mode'
#     Second value is 'Emin' of the histogram
# Other lines : 2 columns. 1) energy 2) probability (nb divided by NbEvent)
# Number of bins = 480
# Content below the first bin: 0
# Content above the last  bin: 0
# Content above the last  bin: 0
# Number of events: 209000
2 1e-06
1.04412e-06 0
1.09018e-06 0
1.13828e-06 0
1.1885e-06 0
1.24094e-06 0
1.29569e-06 0
1.35285e-06 0
1.41254e-06 0
1.47486e-06 0
1.53993e-06 0
1.60787e-06 0
1.6788e-06 0
1.75287e-06 0
1.83021e-06 0
1.91095e-06 0
1.99526e-06 0
2.08329e-06 0
2.1752e-06 0
2.27117e-06 0
2.37137e-06 0
2.476e-06 0
2.58523e-06 0
2.69929e-06 0
2.81838e-06 0
2.94273e-06 0
3.07256e-06 0
3.20812e-06 0
3.34965e-06 0
3.49744e-06 0
3.65174e-06 0
3.81285e-06 0
3.98107e-06 0
4.15671e-06 0
4.3401e-06 0
4.53158e-06 0
4.73151e-06 0
4.94026e-06 0
5.15822e-06 0
5.3858e-06 0
5.62341e-06 0
5.87151e-06 0
6.13056e-06 0
6.40103e-06 0
6.68344e-06 0
6.97831e-06 0
7.28618e-06 0
7.60764e-06 0
7.94328e-06 0
8.29373e-06 0
8.65964e-06 0
9.0417e-06 0
9.44061e-06 0
9.85712e-06 0
1.0292e-05 0
1.07461e-05 0
1.12202e-05 0
1.17152e-05 0
1.22321e-05 0
1.27717e-05 0
1.33352e-05 0
1.39236e-05 0
1.45378e-05 0
1.51792e-05 0
1.58489e-05 0
1.65482e-05 0
1.72783e-05 0
1.80406e-05 0
1.88365e-05 0
1.96675e-05 0
2.05353e-05 0
2.14412e-05 0
2.23872e-05 0
2.33749e-05 0
2.44062e-05 0
2.5483e-05 0
2.66073e-05 0
2.77811e-05 0
2.90068e-05 0
3.02866e-05 0
3.16228e-05 0
3.30179e-05 0
3.44747e-05 0
3.59956e-05 0
3.75837e-05 0
3.92419e-05 0
4.09732e-05 0
4.27809e-05 0
4.46684e-05 0
4.66391e-05 0
4.86968e-05 0
5.08452e-05 0
5.30884e-05 0
5.54307e-05 0
5.78762e-05 0
6.04296e-05 0
6.30957e-05 0
6.58795e-05 0
6.8786e-05 0
7.18208e-05 0
7.49894e-05 0
7.82979e-05 0
8.17523e-05 0
8.53591e-05 0
8.91251e-05 0
9.30572e-05 0
9.71628e-05 0
0.00010145 0
0.000105925 0
0.000110599 0
0.000115478 0
0.000120573 0
0.000125893 0
0.000131447 0
0.000137246 0
0.000143301 0
0.000149624 0
0.000156225 0
0.000163117 0
0.000170314 0
0.000177828 0
0.000185674 0
0.000193865 0
0.000202418 0
0.000211349 0
0.000220673 0
0.000230409 0
0.000240575 0
0.000251189 0
0.000262271 0
0.000273842 0
0.000285924 0
0.000298538 0
0.000311709 0
0.000325462 0
0.000339821 0
0.000354813 0
0.000370467 0
0.000386812 0
0.000403878 0
0.000421697 0
0.000440301 0
0.000459727 0
0.00048001 0
0.000501187 0
0.000523299 0
0.000546387 0
0.000570493 0
0.000595662 0
0.000621942 0
0.000649382 0
0.000678032 0
0.000707946 0
0.00073918 0
0.000771792 0
0.000805842 0
0.000841395 0
0.000878517 0
0.000917276 0
0.000957745 0
0.001 0
0.00104412 0
0.00109018 0
0.00113828 0
0.0011885 0
0.00124094 0
0.00129569 0
0.00135285 0
0.00141254 0
0.00147486 0
0.00153993 0
0.00160787 0
0.0016788 0
0.00175287 0
0.00183021 0
0.00191095 0
0.00199526 0
0.00208329 0
0.0021752 0
0.00227117 0
0.00237137 0
0.002476 0
0.00258523 0
0.00269929 0
0.00281838 0
0.00294273 0
0.00307256 0
0.00320812 0
0.00334965 0
0.00349744 0
0.00365174 0
0.00381285 0
0.00398107 0
0.00415671 0
0.0043401 0
0.00453158 0
0.00473151 0
0.00494026 0
0.00515822 0
0.0053858 0
0.00562341 0
0.00587151 0
0.00613056 0
0.00640103 0
0.00668344 0
0.00697831 0
0.00728618 0
0.00760764 0
0.00794328 0
0.00829373 0
0.00865964 0
0.0090417 0
0.00944061 0
0.00985712 0
0.010292 0
0.0107461 0
0.0112202 0
0.0117152 0
0.0122321 0
0.0127717 0
0.0133352 0
0.0139236 0
0.0145378 0
0.0151792 0
0.0158489 0
0.0165482 0
0.0172783 0
0.0180406 0
0.0188365 0
0.0196675 0
0.0205353 0
0.0214412 0
0.0223872 0
0.0233749 0
0.0244062 0
0.025483 0
0.0266073 0
0.0277811 0
0.0290068 0
0.0302866 0
0.0316228 0
0.0330179 0
0.0344747 0
0.0359956 0
0.0375837 0
0.0392419 0
0.0409732 0
0.0427809 0
0.0446684 0
0.0466391 0
0.0486968 0
0.0508452 0
0.0530884 0
0.0554307 0
0.0578762 0
0.0604296 0
0.0630957 0
0.0658795 0
0.068786 0
0.0718208 0
0.0749894 0
0.0782979 0
0.0817523 0
0.0853591 0
0.0891251 0
0.0930572 0
0.0971628 0
0.10145 0
0.105925 96.8252
0.110599 0
0.115478 0
0.120573 0
0.125893 0
0.131447 0
0.137246 0
0.143301 0
0.149624 0
0.156225 0
0.163117 0
0.170314 0
0.177828 0
0.185674 0
0.193865 0
0.202418 0
0.211349 0
0.220673 0
0.230409 0
0.240575 0
0.251189 0
0.262271 0
0.273842 0
0.285924 0
0.298538 0
0.311709 0
0.325462 0
0.339821 0
0.354813 0
0.370467 0
0.386812 0
0.403878 0
0.421697 0
0.440301 0
0.459727 0
0.48001 0
0.501187 0
0.523299 0
0.546387 0
0.570493 0
0.595662 0
0.621942 0
0.649382 95.983
0.678032 0
0.707946 0
0.73918 0
0.771792 0
0.805842 34.3292
0.841395 0
0.878517 69.4579
0.917276 0
0.957745 0
1 79.9365
1.04412 0
1.09018 0
1.13828 0
1.1885 0
1.24094 114.4
1.29569 190.162
1.35285 0
1.41254 39.6896
1.47486 198.884
1.53993 113.442
1.60787 0
1.6788 94.4009
1.75287 108.409
1.83021 0
1.91095 100.053
1.99526 0
2.08329 63.3987
2.1752 0
2.27117 109.211
2.37137 0
2.476 108.697
2.58523 198.744
2.69929 143.053
2.81838 215.39
2.94273 171.859
3.07256 21.1934
3.20812 298.9
3.34965 95.9027
3.49744 94.6288
3.65174 56.0771
3.81285 105.423
3.98107 461.775
4.15671 61.1526
4.3401 20.716
4.53158 74.5809
4.73151 0
4.94026 186.346
5.15822 0
5.3858 101.063
5.62341 91.1755
5.87151 31.2933
6.13056 225.553
6.40103 0
6.68344 39.0534
6.97831 148.838
7.28618 80.015
7.60764 109.958
7.94328 54.9896
8.29373 137.208
8.65964 103.998
9.0417 123.794
9.44061 311.251
9.85712 308.101
10.292 364.307
10.7461 295.904
11.2202 46.308
11.7152 521.221
12.2321 292.987
12.7717 277.242
13.3352 271.567
13.9236 277.755
14.5378 561.119
15.1792 253.112
15.8489 337.629
16.5482 299.68
17.2783 317.841
18.0406 300.187
18.8365 449.942
19.6675 350.422
20.5353 329.281
21.4412 369.741
22.3872 536.805
23.3749 323.048
24.4062 585.702
25.483 504.364
26.6073 220.451
27.7811 337.273
29.0068 161.309
30.2866 261.962
31.6228 262.337
33.0179 341.581
34.4747 449.297
35.9956 163.613
37.5837 379.076
39.2419 212.007
40.9732 304.573
42.7809 718.885
44.6684 423.812
46.6391 363.056
48.6968 358.169
50.8452 635.617
53.0884 516.527
55.4307 787.892
57.8762 393.975
60.4296 440.93
63.0957 309.155
65.8795 216.222
68.786 585.451
71.8208 37.2098
74.9894 544.736
78.2979 442.862
81.7523 641.363
85.3591 180.109
89.1251 856.104
93.0572 385.466
97.1628 500.459
101.45 607.532
105.925 21.8736
110.599 824.494
115.478 1057.02
120.573 805.168
125.893 923.596
131.447 796.836
137.246 1317.54
143.301 902.937
149.624 1262.42
156.225 1279.29
163.117 2138.33
170.314 1411.35
177.828 2401
185.674 2747.66
193.865 3222.71
202.418 5379.25
211.349 6142.45
220.673 7115.96
230.409 9742.62
240.575 10640.2
251.189 12509.5
262.271 12586.5
273.842 14289.4
285.924 14911.7
298.538 12785.6
311.709 10426.1
325.462 8784.79
339.821 9067
354.813 5082.02
370.467 4184.17
386.812 3424.99
403.878 2873.18
421.697 2793.49
440.301 1703.45
459.727 692.082
480.01 1314.96
501.187 227.966
523.299 471.263
546.387 432.801
570.493 264.771
595.662 458.77
621.942 216.188
649.382 170.629
678.032 65.6521
707.946 324.074
739.18 110.491
771.792 119.55
805.842 147.835
841.395 111.498
878.517 0
917.276 0
957.745 0
1000 0
