# First line is two numbers 
#     First value is '2', it means 'histogram mode'
#     Second value is 'Emin' of the histogram
# Other lines : 2 columns. 1) energy 2) probability (nb divided by NbEvent)
# Number of bins = 480
# Content below the first bin: 0
# Content above the last  bin: 0
# Content above the last  bin: 0
# Number of events: 209000
2 1e-06
1.04412e-06 0
1.09018e-06 0
1.13828e-06 0
1.1885e-06 0
1.24094e-06 0
1.29569e-06 0
1.35285e-06 0
1.41254e-06 0
1.47486e-06 0
1.53993e-06 0
1.60787e-06 0
1.6788e-06 0
1.75287e-06 0
1.83021e-06 0
1.91095e-06 0
1.99526e-06 0
2.08329e-06 0
2.1752e-06 0
2.27117e-06 0
2.37137e-06 0
2.476e-06 0
2.58523e-06 0
2.69929e-06 0
2.81838e-06 0
2.94273e-06 0
3.07256e-06 0
3.20812e-06 0
3.34965e-06 0
3.49744e-06 0
3.65174e-06 0
3.81285e-06 0
3.98107e-06 0
4.15671e-06 0
4.3401e-06 0
4.53158e-06 0
4.73151e-06 0
4.94026e-06 0
5.15822e-06 0
5.3858e-06 0
5.62341e-06 0
5.87151e-06 0
6.13056e-06 0
6.40103e-06 0
6.68344e-06 0
6.97831e-06 0
7.28618e-06 0
7.60764e-06 0
7.94328e-06 0
8.29373e-06 0
8.65964e-06 0
9.0417e-06 0
9.44061e-06 0
9.85712e-06 0
1.0292e-05 0
1.07461e-05 0
1.12202e-05 0
1.17152e-05 0
1.22321e-05 0
1.27717e-05 0
1.33352e-05 0
1.39236e-05 0
1.45378e-05 0
1.51792e-05 0
1.58489e-05 0
1.65482e-05 0
1.72783e-05 0
1.80406e-05 0
1.88365e-05 0
1.96675e-05 0
2.05353e-05 0
2.14412e-05 0
2.23872e-05 0
2.33749e-05 0
2.44062e-05 0
2.5483e-05 0
2.66073e-05 0
2.77811e-05 0
2.90068e-05 0
3.02866e-05 0
3.16228e-05 0
3.30179e-05 0
3.44747e-05 0
3.59956e-05 0
3.75837e-05 0
3.92419e-05 0
4.09732e-05 0
4.27809e-05 0
4.46684e-05 0
4.66391e-05 0
4.86968e-05 0
5.08452e-05 0
5.30884e-05 0
5.54307e-05 0
5.78762e-05 0
6.04296e-05 0
6.30957e-05 0
6.58795e-05 0
6.8786e-05 0
7.18208e-05 0
7.49894e-05 0
7.82979e-05 0
8.17523e-05 0
8.53591e-05 0
8.91251e-05 0
9.30572e-05 0
9.71628e-05 0
0.00010145 0
0.000105925 0
0.000110599 0
0.000115478 0
0.000120573 0
0.000125893 0
0.000131447 0
0.000137246 0
0.000143301 0
0.000149624 0
0.000156225 0
0.000163117 0
0.000170314 0
0.000177828 0
0.000185674 0
0.000193865 0
0.000202418 0
0.000211349 0
0.000220673 0
0.000230409 0
0.000240575 0
0.000251189 0
0.000262271 0
0.000273842 0
0.000285924 0
0.000298538 0
0.000311709 0
0.000325462 0
0.000339821 0
0.000354813 0
0.000370467 0
0.000386812 0
0.000403878 0
0.000421697 0
0.000440301 0
0.000459727 0
0.00048001 0
0.000501187 0
0.000523299 0
0.000546387 0
0.000570493 0
0.000595662 0
0.000621942 0
0.000649382 0
0.000678032 0
0.000707946 0
0.00073918 0
0.000771792 0
0.000805842 0
0.000841395 0
0.000878517 0
0.000917276 0
0.000957745 0
0.001 0
0.00104412 0
0.00109018 0
0.00113828 0
0.0011885 0
0.00124094 0
0.00129569 0
0.00135285 0
0.00141254 0
0.00147486 0
0.00153993 0
0.00160787 0
0.0016788 0
0.00175287 0
0.00183021 0
0.00191095 0
0.00199526 0
0.00208329 0
0.0021752 0
0.00227117 0
0.00237137 101.416
0.002476 0
0.00258523 0
0.00269929 0
0.00281838 0
0.00294273 64.4685
0.00307256 0
0.00320812 0
0.00334965 59.1902
0.00349744 0
0.00365174 0
0.00381285 0
0.00398107 0
0.00415671 0
0.0043401 0
0.00453158 0
0.00473151 0
0.00494026 37.1591
0.00515822 0
0.0053858 0
0.00562341 0
0.00587151 115.682
0.00613056 41.6864
0.00640103 112.063
0.00668344 0
0.00697831 113.833
0.00728618 0
0.00760764 0
0.00794328 106.628
0.00829373 0
0.00865964 141.067
0.0090417 0
0.00944061 85.4805
0.00985712 0
0.010292 0
0.0107461 0
0.0112202 189.543
0.0117152 110.018
0.0122321 0
0.0127717 48.5221
0.0133352 0
0.0139236 119.177
0.0145378 215.563
0.0151792 36.2511
0.0158489 72.052
0.0165482 174.146
0.0172783 108.325
0.0180406 223.84
0.0188365 33.4317
0.0196675 309.877
0.0205353 507.435
0.0214412 309.671
0.0223872 226.57
0.0233749 46.3094
0.0244062 224.12
0.025483 310.644
0.0266073 334.604
0.0277811 179.353
0.0290068 68.4609
0.0302866 460.115
0.0316228 259.03
0.0330179 468.382
0.0344747 391.05
0.0359956 395.284
0.0375837 730.286
0.0392419 206.576
0.0409732 829.652
0.0427809 928.045
0.0446684 205.504
0.0466391 1022.34
0.0486968 831.253
0.0508452 920.023
0.0530884 989.222
0.0554307 404.572
0.0578762 506.507
0.0604296 890.746
0.0630957 1338.15
0.0658795 478.605
0.068786 744.542
0.0718208 1753.06
0.0749894 940.613
0.0782979 845.692
0.0817523 967.871
0.0853591 1441.19
0.0891251 1552.58
0.0930572 1200.63
0.0971628 1308.73
0.10145 2315.28
0.105925 1491.29
0.110599 1676.53
0.115478 2723.83
0.120573 2329.12
0.125893 1528.21
0.131447 2074.05
0.137246 1427.22
0.143301 1926.17
0.149624 1780.15
0.156225 2313.89
0.163117 2895.69
0.170314 1972.67
0.177828 2146.74
0.185674 1160.27
0.193865 2552.64
0.202418 1684.09
0.211349 2291.98
0.220673 2877.83
0.230409 2451.1
0.240575 2482.19
0.251189 1477.72
0.262271 1415.21
0.273842 2174.72
0.285924 2597.89
0.298538 2410.45
0.311709 2257.58
0.325462 1957.21
0.339821 2432.57
0.354813 2157.98
0.370467 2780.67
0.386812 2837.02
0.403878 2220.49
0.421697 2906.64
0.440301 2460.25
0.459727 2295.44
0.48001 2123.68
0.501187 3149.79
0.523299 2069.82
0.546387 3447.14
0.570493 2071.27
0.595662 1782.94
0.621942 2209.54
0.649382 2006.08
0.678032 2733.93
0.707946 2334.78
0.73918 1881.12
0.771792 2183.28
0.805842 1764.7
0.841395 1897.08
0.878517 1908.11
0.917276 1946.71
0.957745 1822.36
1 1728.88
1.04412 1448.04
1.09018 1272.17
1.13828 1742.46
1.1885 1423.09
1.24094 1934.61
1.29569 980.217
1.35285 1002.78
1.41254 801.381
1.47486 1129.59
1.53993 1003.24
1.60787 625.501
1.6788 841.221
1.75287 361.52
1.83021 641.603
1.91095 912.591
1.99526 586.11
2.08329 1021.78
2.1752 999.668
2.27117 244.238
2.37137 427.285
2.476 212.385
2.58523 1095.87
2.69929 635.797
2.81838 473.539
2.94273 624.03
3.07256 405.486
3.20812 248.684
3.34965 608.937
3.49744 297.257
3.65174 315.972
3.81285 802.58
3.98107 714.457
4.15671 223.258
4.3401 591.525
4.53158 507.764
4.73151 833.047
4.94026 481.827
5.15822 398.865
5.3858 498.104
5.62341 204.714
5.87151 167.988
6.13056 754.024
6.40103 158.326
6.68344 419.405
6.97831 189.717
7.28618 209.647
7.60764 445.813
7.94328 148.973
8.29373 475.702
8.65964 261.677
9.0417 688.774
9.44061 387.405
9.85712 100.23
10.292 0
10.7461 97.3463
11.2202 74.7839
11.7152 396.238
12.2321 177.165
12.7717 555.298
13.3352 100.011
13.9236 111.597
14.5378 228.836
15.1792 24.5887
15.8489 198.263
16.5482 203.439
17.2783 374.718
18.0406 270.244
18.8365 77.9316
19.6675 274.229
20.5353 307.027
21.4412 455.549
22.3872 109.404
23.3749 142.454
24.4062 463.503
25.483 411.423
26.6073 302.941
27.7811 1034.77
29.0068 360.205
30.2866 222.352
31.6228 166.381
33.0179 305.024
34.4747 397.719
35.9956 455.524
37.5837 195.428
39.2419 83.8421
40.9732 311.173
42.7809 506.557
44.6684 243.119
46.6391 651.912
48.6968 263.803
50.8452 221.021
53.0884 637.506
55.4307 466.931
57.8762 181.787
60.4296 392.32
63.0957 186.037
65.8795 637.95
68.786 236.536
71.8208 889.822
74.9894 402.77
78.2979 728.025
81.7523 331.107
85.3591 198.417
89.1251 580.736
93.0572 351.506
97.1628 166.766
101.45 690.066
105.925 844.242
110.599 1065
115.478 1028.19
120.573 429.617
125.893 689.271
131.447 744.932
137.246 480.138
143.301 714.579
149.624 501.48
156.225 774.372
163.117 685.974
170.314 679.576
177.828 631.254
185.674 603.007
193.865 1030.34
202.418 721.39
211.349 570.998
220.673 1157.41
230.409 884.694
240.575 1249.89
251.189 1045.69
262.271 1177.99
273.842 1532.34
285.924 1563.45
298.538 1418.7
311.709 1535.95
325.462 1847.51
339.821 1114.32
354.813 1400.35
370.467 2103.78
386.812 2157.49
403.878 1476.29
421.697 692.588
440.301 43.4547
459.727 356.038
480.01 770.552
501.187 344.562
523.299 103.145
546.387 0
570.493 203.779
595.662 152.603
621.942 82.0107
649.382 0
678.032 0
707.946 98.4279
739.18 0
771.792 0
805.842 0
841.395 111.27
878.517 0
917.276 0
957.745 0
1000 0
