# First line is two numbers 
#     First value is '2', it means 'histogram mode'
#     Second value is 'Emin' of the histogram
# Other lines : 2 columns. 1) energy 2) probability (nb divided by NbEvent)
# Number of bins = 480
# Content below the first bin: 0
# Content above the last  bin: 0
# Content above the last  bin: 0
# Number of events: 209000
2 1e-06
1.04412e-06 0
1.09018e-06 0
1.13828e-06 0
1.1885e-06 0
1.24094e-06 0
1.29569e-06 0
1.35285e-06 0
1.41254e-06 0
1.47486e-06 0
1.53993e-06 0
1.60787e-06 0
1.6788e-06 0
1.75287e-06 0
1.83021e-06 0
1.91095e-06 0
1.99526e-06 0
2.08329e-06 0
2.1752e-06 0
2.27117e-06 0
2.37137e-06 0
2.476e-06 0
2.58523e-06 0
2.69929e-06 0
2.81838e-06 0
2.94273e-06 0
3.07256e-06 0
3.20812e-06 0
3.34965e-06 0
3.49744e-06 0
3.65174e-06 0
3.81285e-06 0
3.98107e-06 0
4.15671e-06 0
4.3401e-06 0
4.53158e-06 0
4.73151e-06 0
4.94026e-06 0
5.15822e-06 0
5.3858e-06 0
5.62341e-06 0
5.87151e-06 0
6.13056e-06 0
6.40103e-06 0
6.68344e-06 0
6.97831e-06 0
7.28618e-06 0
7.60764e-06 0
7.94328e-06 0
8.29373e-06 0
8.65964e-06 0
9.0417e-06 0
9.44061e-06 0
9.85712e-06 0
1.0292e-05 0
1.07461e-05 0
1.12202e-05 0
1.17152e-05 0
1.22321e-05 0
1.27717e-05 0
1.33352e-05 0
1.39236e-05 0
1.45378e-05 0
1.51792e-05 0
1.58489e-05 0
1.65482e-05 0
1.72783e-05 0
1.80406e-05 0
1.88365e-05 0
1.96675e-05 0
2.05353e-05 0
2.14412e-05 0
2.23872e-05 0
2.33749e-05 0
2.44062e-05 0
2.5483e-05 0
2.66073e-05 0
2.77811e-05 0
2.90068e-05 0
3.02866e-05 0
3.16228e-05 0
3.30179e-05 0
3.44747e-05 0
3.59956e-05 0
3.75837e-05 0
3.92419e-05 0
4.09732e-05 0
4.27809e-05 0
4.46684e-05 0
4.66391e-05 0
4.86968e-05 0
5.08452e-05 0
5.30884e-05 0
5.54307e-05 0
5.78762e-05 0
6.04296e-05 0
6.30957e-05 0
6.58795e-05 0
6.8786e-05 0
7.18208e-05 0
7.49894e-05 0
7.82979e-05 0
8.17523e-05 0
8.53591e-05 0
8.91251e-05 0
9.30572e-05 0
9.71628e-05 0
0.00010145 0
0.000105925 0
0.000110599 0
0.000115478 0
0.000120573 0
0.000125893 0
0.000131447 0
0.000137246 0
0.000143301 0
0.000149624 0
0.000156225 0
0.000163117 0
0.000170314 0
0.000177828 0
0.000185674 0
0.000193865 0
0.000202418 0
0.000211349 0
0.000220673 0
0.000230409 0
0.000240575 0
0.000251189 0
0.000262271 0
0.000273842 0
0.000285924 0
0.000298538 0
0.000311709 0
0.000325462 70.3938
0.000339821 0
0.000354813 0
0.000370467 0
0.000386812 0
0.000403878 0
0.000421697 0
0.000440301 0
0.000459727 0
0.00048001 0
0.000501187 0
0.000523299 0
0.000546387 0
0.000570493 0
0.000595662 0
0.000621942 0
0.000649382 0
0.000678032 0
0.000707946 0
0.00073918 0
0.000771792 0
0.000805842 0
0.000841395 0
0.000878517 0
0.000917276 0
0.000957745 0
0.001 0
0.00104412 0
0.00109018 0
0.00113828 0
0.0011885 0
0.00124094 0
0.00129569 0
0.00135285 0
0.00141254 0
0.00147486 0
0.00153993 0
0.00160787 0
0.0016788 0
0.00175287 0
0.00183021 0
0.00191095 0
0.00199526 0
0.00208329 0
0.0021752 0
0.00227117 39.817
0.00237137 0
0.002476 0
0.00258523 0
0.00269929 0
0.00281838 0
0.00294273 0
0.00307256 79.0655
0.00320812 0
0.00334965 0
0.00349744 0
0.00365174 0
0.00381285 0
0.00398107 0
0.00415671 76.9837
0.0043401 0
0.00453158 0
0.00473151 0
0.00494026 0
0.00515822 0
0.0053858 278.343
0.00562341 0
0.00587151 0
0.00613056 106.269
0.00640103 69.9523
0.00668344 0
0.00697831 0
0.00728618 0
0.00760764 103.878
0.00794328 81.1982
0.00829373 0
0.00865964 0
0.0090417 96.0703
0.00944061 74.8819
0.00985712 0
0.010292 0
0.0107461 108.45
0.0112202 0
0.0117152 106.01
0.0122321 85.4512
0.0127717 0
0.0133352 174.337
0.0139236 0
0.0145378 89.3052
0.0151792 299.711
0.0158489 113.848
0.0165482 0
0.0172783 411.349
0.0180406 361.052
0.0188365 0
0.0196675 158.983
0.0205353 131.893
0.0214412 151.593
0.0223872 362.633
0.0233749 159.659
0.0244062 153.311
0.025483 110.968
0.0266073 203.956
0.0277811 179.015
0.0290068 858.272
0.0302866 191.52
0.0316228 500.533
0.0330179 293.188
0.0344747 512.847
0.0359956 262.256
0.0375837 727.401
0.0392419 747.186
0.0409732 372.161
0.0427809 390.765
0.0446684 758.118
0.0466391 871.766
0.0486968 612.624
0.0508452 809.961
0.0530884 875.287
0.0554307 561.449
0.0578762 991.679
0.0604296 1173.36
0.0630957 962.56
0.0658795 677.677
0.068786 836.701
0.0718208 908.7
0.0749894 943.014
0.0782979 1278.11
0.0817523 1160.34
0.0853591 1406.93
0.0891251 1466.65
0.0930572 1496.87
0.0971628 2274.64
0.10145 2095.24
0.105925 1590.49
0.110599 1673.56
0.115478 1874.06
0.120573 1651.05
0.125893 1777.2
0.131447 1489.46
0.137246 2181.07
0.143301 2566.76
0.149624 1640.37
0.156225 2010.72
0.163117 2320.17
0.170314 2021.39
0.177828 1563.73
0.185674 1880.04
0.193865 3216.03
0.202418 2383.77
0.211349 2137.39
0.220673 2188.75
0.230409 1611.52
0.240575 2571.51
0.251189 3126.48
0.262271 1855.12
0.273842 2330.56
0.285924 2224.73
0.298538 2527.18
0.311709 2127.83
0.325462 2287.24
0.339821 2780.42
0.354813 2399.05
0.370467 2150.04
0.386812 2256.9
0.403878 2775.95
0.421697 2654
0.440301 2953.55
0.459727 2319.72
0.48001 2409.16
0.501187 2340.27
0.523299 2617.74
0.546387 2668.84
0.570493 2224.07
0.595662 2454.98
0.621942 3396.14
0.649382 2709.29
0.678032 2026.48
0.707946 2605.22
0.73918 1939.94
0.771792 1925.88
0.805842 1717.34
0.841395 2414.52
0.878517 2311.08
0.917276 2119.62
0.957745 2265.17
1 2118.08
1.04412 1341.76
1.09018 1269.57
1.13828 1268.86
1.1885 937.814
1.24094 1943.56
1.29569 1477.1
1.35285 1266.05
1.41254 1120.77
1.47486 767.433
1.53993 947.64
1.60787 799.072
1.6788 728.27
1.75287 1219.6
1.83021 893.514
1.91095 1361.55
1.99526 976.395
2.08329 606.415
2.1752 1095.09
2.27117 600.221
2.37137 284.316
2.476 998.071
2.58523 750.793
2.69929 769.282
2.81838 250.537
2.94273 699.382
3.07256 601.669
3.20812 407.427
3.34965 620.678
3.49744 532.147
3.65174 603.374
3.81285 508.437
3.98107 434
4.15671 415.974
4.3401 401.133
4.53158 714.499
4.73151 54.9692
4.94026 447.068
5.15822 511.845
5.3858 244.091
5.62341 224.869
5.87151 181.329
6.13056 395.84
6.40103 349.573
6.68344 534.194
6.97831 377.637
7.28618 568.12
7.60764 686.372
7.94328 348.527
8.29373 838.285
8.65964 100.658
9.0417 254.654
9.44061 80.0152
9.85712 251.38
10.292 569.283
10.7461 155.244
11.2202 377.105
11.7152 131.504
12.2321 335.549
12.7717 394.536
13.3352 398.72
13.9236 478.471
14.5378 264.142
15.1792 100.067
15.8489 219.478
16.5482 478.606
17.2783 263.975
18.0406 272.459
18.8365 183.86
19.6675 390.904
20.5353 116.499
21.4412 165.214
22.3872 0
23.3749 260.924
24.4062 333.619
25.483 131.002
26.6073 311.638
27.7811 456.968
29.0068 290.212
30.2866 443.265
31.6228 175.363
33.0179 616.864
34.4747 89.6664
35.9956 537.064
37.5837 534.854
39.2419 717.989
40.9732 542.39
42.7809 491.349
44.6684 197.258
46.6391 641.493
48.6968 472.379
50.8452 257.5
53.0884 377.429
55.4307 711.49
57.8762 397.636
60.4296 432.6
63.0957 165.519
65.8795 558.925
68.786 479.238
71.8208 373.476
74.9894 722.056
78.2979 382.305
81.7523 488.005
85.3591 588.115
89.1251 734.433
93.0572 308.301
97.1628 738.27
101.45 406.737
105.925 331.433
110.599 289.907
115.478 573.56
120.573 867.125
125.893 569.795
131.447 857.749
137.246 771.844
143.301 515.497
149.624 953.45
156.225 532.077
163.117 650.089
170.314 910.868
177.828 979.413
185.674 511.452
193.865 745.778
202.418 886.736
211.349 762.742
220.673 1146.66
230.409 1153.95
240.575 908.606
251.189 1515.11
262.271 1478.97
273.842 1035.17
285.924 1080.17
298.538 1853.28
311.709 958.6
325.462 1695.55
339.821 1323.19
354.813 1654.27
370.467 1733.57
386.812 854.438
403.878 518.218
421.697 780.13
440.301 571.681
459.727 410.247
480.01 348.327
501.187 637.873
523.299 22.9782
546.387 298.899
570.493 85.591
595.662 0
621.942 69.1883
649.382 0
678.032 0
707.946 0
739.18 184.024
771.792 0
805.842 82.0105
841.395 0
878.517 0
917.276 0
957.745 0
1000 0
