# First line is two numbers 
#     First value is '2', it means 'histogram mode'
#     Second value is 'Emin' of the histogram
# Other lines : 2 columns. 1) energy 2) probability (nb divided by NbEvent)
# Number of bins = 480
# Content below the first bin: 0
# Content above the last  bin: 0
# Content above the last  bin: 0
# Number of events: 209000
2 1e-06
1.04412e-06 0
1.09018e-06 0
1.13828e-06 0
1.1885e-06 0
1.24094e-06 0
1.29569e-06 0
1.35285e-06 0
1.41254e-06 0
1.47486e-06 0
1.53993e-06 0
1.60787e-06 0
1.6788e-06 0
1.75287e-06 0
1.83021e-06 0
1.91095e-06 0
1.99526e-06 0
2.08329e-06 0
2.1752e-06 0
2.27117e-06 0
2.37137e-06 0
2.476e-06 0
2.58523e-06 0
2.69929e-06 0
2.81838e-06 0
2.94273e-06 0
3.07256e-06 0
3.20812e-06 0
3.34965e-06 0
3.49744e-06 0
3.65174e-06 0
3.81285e-06 0
3.98107e-06 0
4.15671e-06 0
4.3401e-06 0
4.53158e-06 0
4.73151e-06 0
4.94026e-06 0
5.15822e-06 0
5.3858e-06 0
5.62341e-06 0
5.87151e-06 0
6.13056e-06 0
6.40103e-06 0
6.68344e-06 0
6.97831e-06 0
7.28618e-06 0
7.60764e-06 0
7.94328e-06 0
8.29373e-06 0
8.65964e-06 0
9.0417e-06 0
9.44061e-06 0
9.85712e-06 0
1.0292e-05 0
1.07461e-05 0
1.12202e-05 0
1.17152e-05 0
1.22321e-05 0
1.27717e-05 0
1.33352e-05 0
1.39236e-05 0
1.45378e-05 0
1.51792e-05 0
1.58489e-05 0
1.65482e-05 0
1.72783e-05 0
1.80406e-05 0
1.88365e-05 0
1.96675e-05 0
2.05353e-05 0
2.14412e-05 0
2.23872e-05 0
2.33749e-05 0
2.44062e-05 0
2.5483e-05 0
2.66073e-05 0
2.77811e-05 0
2.90068e-05 0
3.02866e-05 0
3.16228e-05 0
3.30179e-05 0
3.44747e-05 0
3.59956e-05 0
3.75837e-05 0
3.92419e-05 0
4.09732e-05 0
4.27809e-05 0
4.46684e-05 0
4.66391e-05 0
4.86968e-05 0
5.08452e-05 0
5.30884e-05 0
5.54307e-05 0
5.78762e-05 0
6.04296e-05 0
6.30957e-05 0
6.58795e-05 0
6.8786e-05 0
7.18208e-05 0
7.49894e-05 0
7.82979e-05 0
8.17523e-05 0
8.53591e-05 0
8.91251e-05 0
9.30572e-05 0
9.71628e-05 0
0.00010145 0
0.000105925 0
0.000110599 0
0.000115478 0
0.000120573 0
0.000125893 0
0.000131447 0
0.000137246 101.569
0.000143301 0
0.000149624 0
0.000156225 0
0.000163117 0
0.000170314 0
0.000177828 0
0.000185674 0
0.000193865 0
0.000202418 0
0.000211349 0
0.000220673 0
0.000230409 0
0.000240575 0
0.000251189 0
0.000262271 0
0.000273842 0
0.000285924 0
0.000298538 12.4193
0.000311709 0
0.000325462 0
0.000339821 0
0.000354813 0
0.000370467 0
0.000386812 0
0.000403878 0
0.000421697 0
0.000440301 0
0.000459727 0
0.00048001 0
0.000501187 0
0.000523299 49.1792
0.000546387 0
0.000570493 0
0.000595662 0
0.000621942 0
0.000649382 0
0.000678032 0
0.000707946 0
0.00073918 0
0.000771792 0
0.000805842 0
0.000841395 0
0.000878517 0
0.000917276 0
0.000957745 0
0.001 0
0.00104412 0
0.00109018 0
0.00113828 0
0.0011885 0
0.00124094 0
0.00129569 0
0.00135285 0
0.00141254 0
0.00147486 0
0.00153993 0
0.00160787 0
0.0016788 0
0.00175287 0
0.00183021 0
0.00191095 99.131
0.00199526 0
0.00208329 0
0.0021752 0
0.00227117 0
0.00237137 0
0.002476 0
0.00258523 0
0.00269929 0
0.00281838 0
0.00294273 0
0.00307256 0
0.00320812 0
0.00334965 0
0.00349744 55.8252
0.00365174 0
0.00381285 0
0.00398107 0
0.00415671 0
0.0043401 0
0.00453158 0
0.00473151 0
0.00494026 0
0.00515822 0
0.0053858 0
0.00562341 0
0.00587151 24.3137
0.00613056 0
0.00640103 107.919
0.00668344 110.463
0.00697831 102.229
0.00728618 95.6177
0.00760764 0
0.00794328 0
0.00829373 86.671
0.00865964 96.5612
0.0090417 165.8
0.00944061 123.106
0.00985712 217.808
0.010292 0
0.0107461 0
0.0112202 84.1528
0.0117152 55.4424
0.0122321 209.247
0.0127717 21.8385
0.0133352 38.082
0.0139236 0
0.0145378 174.354
0.0151792 83.1444
0.0158489 173.853
0.0165482 194.502
0.0172783 67.4115
0.0180406 208.267
0.0188365 138.565
0.0196675 103.412
0.0205353 101.571
0.0214412 353.082
0.0223872 196.246
0.0233749 202.106
0.0244062 112.44
0.025483 349.841
0.0266073 93.2994
0.0277811 573.521
0.0290068 959.309
0.0302866 199.101
0.0316228 740.724
0.0330179 135.816
0.0344747 783.809
0.0359956 1071.61
0.0375837 586.944
0.0392419 468.57
0.0409732 640.399
0.0427809 470.839
0.0446684 655.256
0.0466391 588.546
0.0486968 998.111
0.0508452 821.973
0.0530884 431.328
0.0554307 439.737
0.0578762 867.754
0.0604296 656.642
0.0630957 1118.02
0.0658795 1969.34
0.068786 947.231
0.0718208 1868.54
0.0749894 446.436
0.0782979 1589.74
0.0817523 1293.86
0.0853591 1491.8
0.0891251 1275.43
0.0930572 1036.52
0.0971628 1362.26
0.10145 1854.36
0.105925 1481.6
0.110599 1880.81
0.115478 1591.2
0.120573 1339.35
0.125893 2294.06
0.131447 1730.13
0.137246 1467.13
0.143301 1423.49
0.149624 1764.5
0.156225 1874.24
0.163117 1560.26
0.170314 2220.25
0.177828 1822.78
0.185674 1875.67
0.193865 1744.64
0.202418 2060.82
0.211349 2716.66
0.220673 2332.04
0.230409 2147.14
0.240575 1981.86
0.251189 2394.44
0.262271 1779.26
0.273842 2880.05
0.285924 2118.84
0.298538 2180.67
0.311709 2637.84
0.325462 2769.02
0.339821 2328.61
0.354813 2660.27
0.370467 2005
0.386812 2054.58
0.403878 3132.75
0.421697 2412.6
0.440301 2420.99
0.459727 2173.67
0.48001 2582.26
0.501187 2826.11
0.523299 2426.84
0.546387 2004.01
0.570493 2506.07
0.595662 3535.2
0.621942 1978.29
0.649382 2657.72
0.678032 1892.41
0.707946 2747.19
0.73918 2310.78
0.771792 1978
0.805842 2215.19
0.841395 2228.03
0.878517 1740.17
0.917276 2312.37
0.957745 2681.71
1 1007.18
1.04412 1550.65
1.09018 1323.23
1.13828 1106.68
1.1885 1907.91
1.24094 1497.46
1.29569 1345.3
1.35285 1290.23
1.41254 1902.9
1.47486 1330.54
1.53993 1183.54
1.60787 816.596
1.6788 1281.03
1.75287 1612.71
1.83021 915.684
1.91095 510.036
1.99526 829.996
2.08329 805.197
2.1752 441.126
2.27117 709.857
2.37137 972.184
2.476 572.337
2.58523 1158.78
2.69929 470.699
2.81838 913.009
2.94273 611.295
3.07256 726.147
3.20812 698.969
3.34965 579.771
3.49744 548.341
3.65174 406.174
3.81285 816.189
3.98107 859.265
4.15671 397.184
4.3401 631.476
4.53158 288.294
4.73151 577.886
4.94026 410.505
5.15822 427.736
5.3858 273.38
5.62341 729.321
5.87151 406.585
6.13056 234.876
6.40103 550.39
6.68344 584.431
6.97831 410.205
7.28618 341.585
7.60764 192.718
7.94328 317.387
8.29373 359.074
8.65964 182.373
9.0417 73.8807
9.44061 605.095
9.85712 172.732
10.292 90.9844
10.7461 110.877
11.2202 616.39
11.7152 261.403
12.2321 371.219
12.7717 346.07
13.3352 450.716
13.9236 492.096
14.5378 465.973
15.1792 417.311
15.8489 307.904
16.5482 195.073
17.2783 101.983
18.0406 198.654
18.8365 214.674
19.6675 337.887
20.5353 174.491
21.4412 224.39
22.3872 366.995
23.3749 165.429
24.4062 161.462
25.483 350.712
26.6073 103.929
27.7811 26.3463
29.0068 360.7
30.2866 144.079
31.6228 80.3119
33.0179 364.103
34.4747 0
35.9956 455.241
37.5837 484.654
39.2419 517.84
40.9732 216.864
42.7809 340.936
44.6684 91.9111
46.6391 184.887
48.6968 366.307
50.8452 320.498
53.0884 247.883
55.4307 127.469
57.8762 278.168
60.4296 301.427
63.0957 277.729
65.8795 417.818
68.786 631.223
71.8208 945.058
74.9894 500.837
78.2979 573.539
81.7523 588.848
85.3591 655.586
89.1251 610.881
93.0572 701.264
97.1628 429.173
101.45 486.787
105.925 372.838
110.599 312.56
115.478 595.396
120.573 452.962
125.893 240.088
131.447 488.97
137.246 728.867
143.301 481.212
149.624 875.912
156.225 789.834
163.117 883.792
170.314 889.619
177.828 1142.27
185.674 513.371
193.865 1130.47
202.418 1494.46
211.349 1160.55
220.673 1565.38
230.409 853.785
240.575 1643.33
251.189 938.348
262.271 1163.84
273.842 913.201
285.924 938.017
298.538 1980.46
311.709 1324.03
325.462 1819.37
339.821 1804.51
354.813 1904.7
370.467 2087.17
386.812 1100.52
403.878 684.367
421.697 456.946
440.301 283.243
459.727 451.784
480.01 380.485
501.187 436.043
523.299 66.2364
546.387 134.008
570.493 0
595.662 229.956
621.942 114.523
649.382 0
678.032 188.984
707.946 0
739.18 176.612
771.792 149.323
805.842 0
841.395 0
878.517 96.7863
917.276 0
957.745 0
1000 0
