# First line is two numbers 
#     First value is '2', it means 'histogram mode'
#     Second value is 'Emin' of the histogram
# Other lines : 2 columns. 1) energy 2) probability (nb divided by NbEvent)
# Number of bins = 480
# Content below the first bin: 0
# Content above the last  bin: 94.5128
# Content above the last  bin: 94.5128
# Number of events: 209000
2 1e-06
1.04412e-06 0
1.09018e-06 0
1.13828e-06 0
1.1885e-06 0
1.24094e-06 0
1.29569e-06 0
1.35285e-06 0
1.41254e-06 0
1.47486e-06 0
1.53993e-06 0
1.60787e-06 0
1.6788e-06 0
1.75287e-06 0
1.83021e-06 0
1.91095e-06 0
1.99526e-06 0
2.08329e-06 0
2.1752e-06 0
2.27117e-06 0
2.37137e-06 0
2.476e-06 0
2.58523e-06 0
2.69929e-06 0
2.81838e-06 0
2.94273e-06 0
3.07256e-06 0
3.20812e-06 0
3.34965e-06 0
3.49744e-06 0
3.65174e-06 0
3.81285e-06 0
3.98107e-06 0
4.15671e-06 0
4.3401e-06 0
4.53158e-06 0
4.73151e-06 0
4.94026e-06 0
5.15822e-06 0
5.3858e-06 0
5.62341e-06 0
5.87151e-06 0
6.13056e-06 0
6.40103e-06 0
6.68344e-06 0
6.97831e-06 0
7.28618e-06 0
7.60764e-06 0
7.94328e-06 0
8.29373e-06 0
8.65964e-06 0
9.0417e-06 0
9.44061e-06 0
9.85712e-06 0
1.0292e-05 0
1.07461e-05 0
1.12202e-05 0
1.17152e-05 0
1.22321e-05 0
1.27717e-05 0
1.33352e-05 0
1.39236e-05 0
1.45378e-05 0
1.51792e-05 0
1.58489e-05 0
1.65482e-05 0
1.72783e-05 0
1.80406e-05 0
1.88365e-05 0
1.96675e-05 0
2.05353e-05 0
2.14412e-05 0
2.23872e-05 0
2.33749e-05 0
2.44062e-05 0
2.5483e-05 0
2.66073e-05 0
2.77811e-05 0
2.90068e-05 0
3.02866e-05 0
3.16228e-05 0
3.30179e-05 0
3.44747e-05 0
3.59956e-05 0
3.75837e-05 0
3.92419e-05 0
4.09732e-05 0
4.27809e-05 0
4.46684e-05 0
4.66391e-05 0
4.86968e-05 0
5.08452e-05 0
5.30884e-05 0
5.54307e-05 0
5.78762e-05 0
6.04296e-05 0
6.30957e-05 0
6.58795e-05 0
6.8786e-05 0
7.18208e-05 0
7.49894e-05 0
7.82979e-05 0
8.17523e-05 0
8.53591e-05 0
8.91251e-05 0
9.30572e-05 0
9.71628e-05 0
0.00010145 0
0.000105925 0
0.000110599 0
0.000115478 0
0.000120573 0
0.000125893 0
0.000131447 0
0.000137246 0
0.000143301 0
0.000149624 0
0.000156225 0
0.000163117 0
0.000170314 0
0.000177828 0
0.000185674 0
0.000193865 0
0.000202418 0
0.000211349 0
0.000220673 0
0.000230409 0
0.000240575 0
0.000251189 0
0.000262271 0
0.000273842 0
0.000285924 0
0.000298538 0
0.000311709 0
0.000325462 0
0.000339821 0
0.000354813 0
0.000370467 23.9629
0.000386812 0
0.000403878 0
0.000421697 111.347
0.000440301 0
0.000459727 0
0.00048001 0
0.000501187 0
0.000523299 0
0.000546387 0
0.000570493 0
0.000595662 80.5636
0.000621942 40.4366
0.000649382 0
0.000678032 0
0.000707946 0
0.00073918 0
0.000771792 0
0.000805842 0
0.000841395 80.948
0.000878517 0
0.000917276 0
0.000957745 0
0.001 0
0.00104412 0
0.00109018 0
0.00113828 0
0.0011885 0
0.00124094 0
0.00129569 0
0.00135285 0
0.00141254 66.4078
0.00147486 0
0.00153993 0
0.00160787 0
0.0016788 51.6018
0.00175287 0
0.00183021 0
0.00191095 0
0.00199526 0
0.00208329 0
0.0021752 74.7001
0.00227117 87.4526
0.00237137 0
0.002476 99.0664
0.00258523 0
0.00269929 115.648
0.00281838 75.5704
0.00294273 0
0.00307256 0
0.00320812 85.7264
0.00334965 89.4063
0.00349744 0
0.00365174 209.635
0.00381285 64.6529
0.00398107 188.738
0.00415671 104.555
0.0043401 0
0.00453158 64.665
0.00473151 8.77277
0.00494026 182.03
0.00515822 260.615
0.0053858 261.837
0.00562341 183.386
0.00587151 209.3
0.00613056 98.1179
0.00640103 48.3248
0.00668344 87.1435
0.00697831 689.879
0.00728618 534.694
0.00760764 138.036
0.00794328 368.7
0.00829373 424.525
0.00865964 525.261
0.0090417 371.214
0.00944061 355.449
0.00985712 289.038
0.010292 937.888
0.0107461 584.944
0.0112202 238.958
0.0117152 1086.38
0.0122321 489.657
0.0127717 919.715
0.0133352 395.257
0.0139236 843.09
0.0145378 1093.23
0.0151792 570.881
0.0158489 1207.23
0.0165482 1638.28
0.0172783 1691.26
0.0180406 1526.61
0.0188365 1357.52
0.0196675 1474.37
0.0205353 1624.81
0.0214412 1398.48
0.0223872 2675.96
0.0233749 1787.26
0.0244062 2383.37
0.025483 2926.95
0.0266073 3486.01
0.0277811 2443.12
0.0290068 2873.02
0.0302866 2582.46
0.0316228 4063.6
0.0330179 3692.11
0.0344747 5079.44
0.0359956 4017.78
0.0375837 4577.55
0.0392419 5698.33
0.0409732 5227.1
0.0427809 3791.08
0.0446684 6046.05
0.0466391 4315.43
0.0486968 5994.72
0.0508452 6996.05
0.0530884 6682.32
0.0554307 6913.76
0.0578762 7433.9
0.0604296 7500.83
0.0630957 8845.24
0.0658795 8314.98
0.068786 9456.99
0.0718208 9216.75
0.0749894 9355.97
0.0782979 10897.8
0.0817523 11570.4
0.0853591 12123.3
0.0891251 12689.8
0.0930572 11885.9
0.0971628 15661
0.10145 11689.7
0.105925 17250.8
0.110599 14061.1
0.115478 15415.5
0.120573 17524.8
0.125893 15017.1
0.131447 15268.7
0.137246 16586.3
0.143301 16995.8
0.149624 16499.7
0.156225 16088.7
0.163117 17170.1
0.170314 20571.7
0.177828 18475
0.185674 16921.1
0.193865 15664.3
0.202418 19276.5
0.211349 20232.3
0.220673 18955
0.230409 17760.2
0.240575 19284.7
0.251189 21009.1
0.262271 20348.8
0.273842 20958
0.285924 21696.1
0.298538 19821
0.311709 19718.4
0.325462 19581.7
0.339821 19126.8
0.354813 21968.5
0.370467 21129.5
0.386812 21877.8
0.403878 21612.4
0.421697 23028.6
0.440301 23574
0.459727 19387.3
0.48001 21198.1
0.501187 20583.6
0.523299 20193.3
0.546387 20422.1
0.570493 21263.8
0.595662 22055.8
0.621942 19178
0.649382 18793.3
0.678032 19774.2
0.707946 17234.2
0.73918 17247.6
0.771792 17000.7
0.805842 14378
0.841395 16666.9
0.878517 16702.3
0.917276 14012.2
0.957745 14495.3
1 15298
1.04412 14166.9
1.09018 10600.2
1.13828 11426.4
1.1885 12759.6
1.24094 12180
1.29569 11186.5
1.35285 8851.59
1.41254 7353.07
1.47486 7409.64
1.53993 8432.84
1.60787 7988.96
1.6788 7607.6
1.75287 6069.64
1.83021 7552.37
1.91095 7401.14
1.99526 7182.15
2.08329 7087.99
2.1752 5631.91
2.27117 6065.19
2.37137 4934.41
2.476 5247.68
2.58523 5132.47
2.69929 4457.14
2.81838 4231.95
2.94273 6821.67
3.07256 4632.12
3.20812 5114.36
3.34965 4287.88
3.49744 4283.5
3.65174 5071.8
3.81285 3486.28
3.98107 3623.84
4.15671 4560.25
4.3401 4685.48
4.53158 3146.97
4.73151 2967.57
4.94026 3331.76
5.15822 2902.49
5.3858 2786.72
5.62341 3113.62
5.87151 2361.6
6.13056 3168.47
6.40103 2299.63
6.68344 3139.95
6.97831 1813.84
7.28618 2251.98
7.60764 2463.03
7.94328 1727.62
8.29373 2749.65
8.65964 2163.99
9.0417 2255.93
9.44061 1638.51
9.85712 1934.15
10.292 2277.48
10.7461 1106.19
11.2202 1837.01
11.7152 1916.61
12.2321 2038.47
12.7717 1554.12
13.3352 1958.62
13.9236 1558.17
14.5378 2142.45
15.1792 2406.22
15.8489 2095.12
16.5482 1650.11
17.2783 1559.58
18.0406 1672.44
18.8365 2074.22
19.6675 1452.48
20.5353 2162.7
21.4412 2824.25
22.3872 1745.36
23.3749 1783.73
24.4062 1645.99
25.483 2296.1
26.6073 2012.33
27.7811 2929.37
29.0068 2147.76
30.2866 1952.57
31.6228 2506.74
33.0179 1877.72
34.4747 2670.96
35.9956 2808.65
37.5837 3177.62
39.2419 2200.54
40.9732 3125.4
42.7809 1946.63
44.6684 3041.95
46.6391 2854.09
48.6968 2146.01
50.8452 2591.67
53.0884 3326.5
55.4307 2932.56
57.8762 4133.54
60.4296 3089.6
63.0957 3016.49
65.8795 4247.74
68.786 3001.86
71.8208 5224
74.9894 3594.85
78.2979 4117.92
81.7523 4295.41
85.3591 4021.31
89.1251 4578.72
93.0572 4209.6
97.1628 4181.21
101.45 4251.16
105.925 3887.59
110.599 4562.08
115.478 4172.21
120.573 4977.92
125.893 4825.37
131.447 5238.94
137.246 5800.11
143.301 4659.9
149.624 4727.93
156.225 5746.75
163.117 7150.87
170.314 5759.44
177.828 4720.06
185.674 5961.07
193.865 5253.64
202.418 7850.98
211.349 6485.07
220.673 7910.97
230.409 9233.44
240.575 8628.25
251.189 8771.08
262.271 10108.9
273.842 9539.33
285.924 9263.82
298.538 10106.3
311.709 9285.85
325.462 8663.44
339.821 10538.6
354.813 9938.39
370.467 9370.33
386.812 6748.66
403.878 3892.82
421.697 2804.68
440.301 1543.49
459.727 1916.35
480.01 1943.42
501.187 846.383
523.299 1146.57
546.387 1221.22
570.493 668.336
595.662 532.276
621.942 0
649.382 653.831
678.032 648.627
707.946 195.044
739.18 97.8878
771.792 364.838
805.842 258.401
841.395 215.577
878.517 51.3445
917.276 68.7502
957.745 180.596
1000 0
