# First line is two numbers 
#     First value is '2', it means 'histogram mode'
#     Second value is 'Emin' of the histogram
# Other lines : 2 columns. 1) energy 2) probability (nb divided by NbEvent)
# Number of bins = 480
# Content below the first bin: 0
# Content above the last  bin: 0
# Content above the last  bin: 0
# Number of events: 209000
2 1e-06
1.04412e-06 0
1.09018e-06 0
1.13828e-06 0
1.1885e-06 0
1.24094e-06 0
1.29569e-06 0
1.35285e-06 0
1.41254e-06 0
1.47486e-06 0
1.53993e-06 0
1.60787e-06 0
1.6788e-06 0
1.75287e-06 0
1.83021e-06 0
1.91095e-06 0
1.99526e-06 0
2.08329e-06 0
2.1752e-06 0
2.27117e-06 0
2.37137e-06 0
2.476e-06 0
2.58523e-06 0
2.69929e-06 0
2.81838e-06 0
2.94273e-06 0
3.07256e-06 0
3.20812e-06 0
3.34965e-06 0
3.49744e-06 0
3.65174e-06 0
3.81285e-06 0
3.98107e-06 0
4.15671e-06 0
4.3401e-06 0
4.53158e-06 0
4.73151e-06 0
4.94026e-06 0
5.15822e-06 0
5.3858e-06 0
5.62341e-06 0
5.87151e-06 0
6.13056e-06 0
6.40103e-06 0
6.68344e-06 0
6.97831e-06 0
7.28618e-06 0
7.60764e-06 0
7.94328e-06 0
8.29373e-06 0
8.65964e-06 0
9.0417e-06 0
9.44061e-06 0
9.85712e-06 0
1.0292e-05 0
1.07461e-05 0
1.12202e-05 0
1.17152e-05 0
1.22321e-05 0
1.27717e-05 0
1.33352e-05 1
1.39236e-05 0
1.45378e-05 0
1.51792e-05 0
1.58489e-05 0
1.65482e-05 0
1.72783e-05 0
1.80406e-05 0
1.88365e-05 0
1.96675e-05 0
2.05353e-05 0
2.14412e-05 0
2.23872e-05 0
2.33749e-05 0
2.44062e-05 0
2.5483e-05 0
2.66073e-05 0
2.77811e-05 0
2.90068e-05 0
3.02866e-05 0
3.16228e-05 0
3.30179e-05 0
3.44747e-05 0
3.59956e-05 0
3.75837e-05 0
3.92419e-05 0
4.09732e-05 0
4.27809e-05 0
4.46684e-05 0
4.66391e-05 0
4.86968e-05 0
5.08452e-05 0
5.30884e-05 0
5.54307e-05 0
5.78762e-05 0
6.04296e-05 0
6.30957e-05 0
6.58795e-05 0
6.8786e-05 0
7.18208e-05 0
7.49894e-05 0
7.82979e-05 0
8.17523e-05 0
8.53591e-05 0
8.91251e-05 0
9.30572e-05 0
9.71628e-05 0
0.00010145 0
0.000105925 0
0.000110599 0
0.000115478 0
0.000120573 0
0.000125893 0
0.000131447 0
0.000137246 0
0.000143301 0
0.000149624 0
0.000156225 0
0.000163117 0
0.000170314 0
0.000177828 0
0.000185674 0
0.000193865 0
0.000202418 0
0.000211349 0
0.000220673 0
0.000230409 0
0.000240575 0
0.000251189 0
0.000262271 0
0.000273842 0
0.000285924 0
0.000298538 0
0.000311709 0
0.000325462 0
0.000339821 0
0.000354813 0
0.000370467 0
0.000386812 0
0.000403878 0
0.000421697 0
0.000440301 0
0.000459727 0
0.00048001 0
0.000501187 0
0.000523299 1
0.000546387 0
0.000570493 0
0.000595662 0
0.000621942 0
0.000649382 0
0.000678032 0
0.000707946 0
0.00073918 0
0.000771792 0
0.000805842 0
0.000841395 0
0.000878517 0
0.000917276 0
0.000957745 0
0.001 0
0.00104412 0
0.00109018 0
0.00113828 0
0.0011885 0
0.00124094 0
0.00129569 0
0.00135285 0
0.00141254 1
0.00147486 0
0.00153993 0
0.00160787 0
0.0016788 1
0.00175287 1
0.00183021 0
0.00191095 0
0.00199526 0
0.00208329 0
0.0021752 2
0.00227117 1
0.00237137 1
0.002476 3
0.00258523 2
0.00269929 0
0.00281838 0
0.00294273 2
0.00307256 1
0.00320812 0
0.00334965 2
0.00349744 1
0.00365174 2
0.00381285 3
0.00398107 0
0.00415671 0
0.0043401 1
0.00453158 0
0.00473151 0
0.00494026 2
0.00515822 1
0.0053858 1
0.00562341 1
0.00587151 0
0.00613056 2
0.00640103 4
0.00668344 5
0.00697831 4
0.00728618 2
0.00760764 2
0.00794328 2
0.00829373 3
0.00865964 5
0.0090417 5
0.00944061 7
0.00985712 6
0.010292 4
0.0107461 7
0.0112202 8
0.0117152 10
0.0122321 9
0.0127717 10
0.0133352 12
0.0139236 11
0.0145378 21
0.0151792 18
0.0158489 18
0.0165482 21
0.0172783 20
0.0180406 18
0.0188365 23
0.0196675 25
0.0205353 17
0.0214412 29
0.0223872 31
0.0233749 24
0.0244062 28
0.025483 37
0.0266073 23
0.0277811 38
0.0290068 35
0.0302866 43
0.0316228 48
0.0330179 43
0.0344747 54
0.0359956 62
0.0375837 53
0.0392419 57
0.0409732 60
0.0427809 65
0.0446684 70
0.0466391 63
0.0486968 46
0.0508452 85
0.0530884 85
0.0554307 94
0.0578762 93
0.0604296 106
0.0630957 103
0.0658795 108
0.068786 123
0.0718208 133
0.0749894 131
0.0782979 147
0.0817523 137
0.0853591 139
0.0891251 151
0.0930572 140
0.0971628 155
0.10145 203
0.105925 182
0.110599 175
0.115478 187
0.120573 195
0.125893 188
0.131447 198
0.137246 202
0.143301 207
0.149624 188
0.156225 189
0.163117 221
0.170314 243
0.177828 211
0.185674 253
0.193865 220
0.202418 224
0.211349 206
0.220673 232
0.230409 234
0.240575 241
0.251189 239
0.262271 289
0.273842 236
0.285924 247
0.298538 258
0.311709 252
0.325462 211
0.339821 307
0.354813 241
0.370467 272
0.386812 282
0.403878 291
0.421697 266
0.440301 236
0.459727 256
0.48001 279
0.501187 232
0.523299 318
0.546387 265
0.570493 250
0.595662 277
0.621942 246
0.649382 252
0.678032 246
0.707946 250
0.73918 219
0.771792 198
0.805842 215
0.841395 191
0.878517 213
0.917276 172
0.957745 183
1 155
1.04412 148
1.09018 152
1.13828 167
1.1885 124
1.24094 157
1.29569 123
1.35285 131
1.41254 105
1.47486 108
1.53993 93
1.60787 98
1.6788 90
1.75287 94
1.83021 94
1.91095 85
1.99526 86
2.08329 87
2.1752 74
2.27117 73
2.37137 81
2.476 62
2.58523 59
2.69929 67
2.81838 62
2.94273 69
3.07256 61
3.20812 59
3.34965 52
3.49744 58
3.65174 45
3.81285 52
3.98107 61
4.15671 47
4.3401 38
4.53158 49
4.73151 49
4.94026 57
5.15822 35
5.3858 38
5.62341 44
5.87151 32
6.13056 37
6.40103 30
6.68344 39
6.97831 38
7.28618 29
7.60764 24
7.94328 37
8.29373 35
8.65964 17
9.0417 30
9.44061 35
9.85712 23
10.292 20
10.7461 22
11.2202 27
11.7152 26
12.2321 31
12.7717 21
13.3352 32
13.9236 36
14.5378 28
15.1792 25
15.8489 22
16.5482 22
17.2783 20
18.0406 32
18.8365 20
19.6675 17
20.5353 24
21.4412 18
22.3872 35
23.3749 21
24.4062 25
25.483 27
26.6073 29
27.7811 32
29.0068 28
30.2866 34
31.6228 22
33.0179 34
34.4747 24
35.9956 33
37.5837 28
39.2419 32
40.9732 29
42.7809 33
44.6684 26
46.6391 45
48.6968 34
50.8452 44
53.0884 37
55.4307 45
57.8762 45
60.4296 43
63.0957 40
65.8795 49
68.786 46
71.8208 52
74.9894 50
78.2979 51
81.7523 55
85.3591 46
89.1251 48
93.0572 50
97.1628 51
101.45 64
105.925 62
110.599 59
115.478 57
120.573 72
125.893 74
131.447 74
137.246 69
143.301 64
149.624 65
156.225 91
163.117 73
170.314 54
177.828 84
185.674 74
193.865 80
202.418 99
211.349 106
220.673 113
230.409 95
240.575 106
251.189 119
262.271 106
273.842 114
285.924 116
298.538 133
311.709 136
325.462 137
339.821 119
354.813 120
370.467 91
386.812 62
403.878 63
421.697 37
440.301 25
459.727 28
480.01 19
501.187 14
523.299 9
546.387 14
570.493 14
595.662 3
621.942 3
649.382 3
678.032 8
707.946 4
739.18 6
771.792 8
805.842 0
841.395 2
878.517 2
917.276 2
957.745 0
1000 1
