# First line is two numbers 
#     First value is '2', it means 'histogram mode'
#     Second value is 'Emin' of the histogram
# Other lines : 2 columns. 1) energy 2) probability (nb divided by NbEvent)
# Number of bins = 480
# Content below the first bin: 0
# Content above the last  bin: 0
# Content above the last  bin: 0
# Number of events: 209000
2 1e-06
1.04412e-06 0
1.09018e-06 0
1.13828e-06 0
1.1885e-06 0
1.24094e-06 0
1.29569e-06 0
1.35285e-06 0
1.41254e-06 0
1.47486e-06 0
1.53993e-06 0
1.60787e-06 0
1.6788e-06 0
1.75287e-06 0
1.83021e-06 0
1.91095e-06 0
1.99526e-06 0
2.08329e-06 0
2.1752e-06 0
2.27117e-06 0
2.37137e-06 0
2.476e-06 0
2.58523e-06 0
2.69929e-06 0
2.81838e-06 0
2.94273e-06 0
3.07256e-06 0
3.20812e-06 0
3.34965e-06 0
3.49744e-06 0
3.65174e-06 0
3.81285e-06 0
3.98107e-06 0
4.15671e-06 0
4.3401e-06 0
4.53158e-06 0
4.73151e-06 0
4.94026e-06 0
5.15822e-06 0
5.3858e-06 0
5.62341e-06 0
5.87151e-06 0
6.13056e-06 0
6.40103e-06 0
6.68344e-06 0
6.97831e-06 0
7.28618e-06 0
7.60764e-06 0
7.94328e-06 0
8.29373e-06 0
8.65964e-06 0
9.0417e-06 0
9.44061e-06 0
9.85712e-06 0
1.0292e-05 0
1.07461e-05 0
1.12202e-05 0
1.17152e-05 0
1.22321e-05 0
1.27717e-05 0
1.33352e-05 0
1.39236e-05 0
1.45378e-05 0
1.51792e-05 0
1.58489e-05 0
1.65482e-05 0
1.72783e-05 0
1.80406e-05 0
1.88365e-05 0
1.96675e-05 0
2.05353e-05 0
2.14412e-05 0
2.23872e-05 0
2.33749e-05 0
2.44062e-05 0
2.5483e-05 0
2.66073e-05 0
2.77811e-05 0
2.90068e-05 0
3.02866e-05 0
3.16228e-05 0
3.30179e-05 0
3.44747e-05 0
3.59956e-05 0
3.75837e-05 0
3.92419e-05 0
4.09732e-05 0
4.27809e-05 0
4.46684e-05 0
4.66391e-05 0
4.86968e-05 0
5.08452e-05 0
5.30884e-05 0
5.54307e-05 0
5.78762e-05 0
6.04296e-05 0
6.30957e-05 0
6.58795e-05 0
6.8786e-05 0
7.18208e-05 0
7.49894e-05 0
7.82979e-05 0
8.17523e-05 0
8.53591e-05 0
8.91251e-05 0
9.30572e-05 0
9.71628e-05 0
0.00010145 0
0.000105925 1
0.000110599 0
0.000115478 0
0.000120573 0
0.000125893 0
0.000131447 0
0.000137246 0
0.000143301 0
0.000149624 0
0.000156225 0
0.000163117 0
0.000170314 0
0.000177828 0
0.000185674 0
0.000193865 0
0.000202418 0
0.000211349 0
0.000220673 0
0.000230409 0
0.000240575 0
0.000251189 0
0.000262271 0
0.000273842 0
0.000285924 0
0.000298538 0
0.000311709 0
0.000325462 0
0.000339821 0
0.000354813 0
0.000370467 0
0.000386812 1
0.000403878 0
0.000421697 0
0.000440301 0
0.000459727 0
0.00048001 0
0.000501187 0
0.000523299 0
0.000546387 0
0.000570493 0
0.000595662 1
0.000621942 0
0.000649382 0
0.000678032 0
0.000707946 0
0.00073918 0
0.000771792 0
0.000805842 0
0.000841395 0
0.000878517 0
0.000917276 0
0.000957745 0
0.001 0
0.00104412 0
0.00109018 0
0.00113828 0
0.0011885 0
0.00124094 0
0.00129569 0
0.00135285 0
0.00141254 1
0.00147486 0
0.00153993 2
0.00160787 0
0.0016788 1
0.00175287 1
0.00183021 1
0.00191095 0
0.00199526 0
0.00208329 0
0.0021752 1
0.00227117 0
0.00237137 1
0.002476 1
0.00258523 2
0.00269929 2
0.00281838 1
0.00294273 2
0.00307256 0
0.00320812 2
0.00334965 0
0.00349744 1
0.00365174 0
0.00381285 1
0.00398107 1
0.00415671 0
0.0043401 0
0.00453158 2
0.00473151 1
0.00494026 2
0.00515822 3
0.0053858 4
0.00562341 3
0.00587151 2
0.00613056 0
0.00640103 1
0.00668344 1
0.00697831 2
0.00728618 2
0.00760764 5
0.00794328 1
0.00829373 7
0.00865964 3
0.0090417 8
0.00944061 8
0.00985712 10
0.010292 7
0.0107461 8
0.0112202 8
0.0117152 8
0.0122321 16
0.0127717 8
0.0133352 10
0.0139236 9
0.0145378 11
0.0151792 11
0.0158489 12
0.0165482 23
0.0172783 23
0.0180406 17
0.0188365 14
0.0196675 19
0.0205353 19
0.0214412 27
0.0223872 25
0.0233749 19
0.0244062 36
0.025483 24
0.0266073 34
0.0277811 45
0.0290068 39
0.0302866 40
0.0316228 41
0.0330179 40
0.0344747 45
0.0359956 61
0.0375837 53
0.0392419 64
0.0409732 64
0.0427809 62
0.0446684 58
0.0466391 66
0.0486968 78
0.0508452 57
0.0530884 87
0.0554307 70
0.0578762 93
0.0604296 82
0.0630957 88
0.0658795 124
0.068786 104
0.0718208 145
0.0749894 111
0.0782979 130
0.0817523 136
0.0853591 158
0.0891251 156
0.0930572 172
0.0971628 161
0.10145 186
0.105925 177
0.110599 149
0.115478 200
0.120573 205
0.125893 173
0.131447 193
0.137246 208
0.143301 209
0.149624 192
0.156225 208
0.163117 224
0.170314 219
0.177828 224
0.185674 217
0.193865 234
0.202418 218
0.211349 224
0.220673 253
0.230409 275
0.240575 257
0.251189 224
0.262271 233
0.273842 253
0.285924 265
0.298538 263
0.311709 256
0.325462 248
0.339821 259
0.354813 260
0.370467 257
0.386812 271
0.403878 246
0.421697 272
0.440301 272
0.459727 232
0.48001 229
0.501187 245
0.523299 274
0.546387 263
0.570493 291
0.595662 274
0.621942 285
0.649382 259
0.678032 222
0.707946 242
0.73918 253
0.771792 179
0.805842 220
0.841395 193
0.878517 222
0.917276 189
0.957745 170
1 180
1.04412 157
1.09018 148
1.13828 142
1.1885 152
1.24094 111
1.29569 123
1.35285 122
1.41254 81
1.47486 75
1.53993 113
1.60787 84
1.6788 92
1.75287 86
1.83021 81
1.91095 79
1.99526 83
2.08329 76
2.1752 78
2.27117 64
2.37137 64
2.476 72
2.58523 79
2.69929 53
2.81838 59
2.94273 47
3.07256 59
3.20812 68
3.34965 48
3.49744 52
3.65174 53
3.81285 40
3.98107 39
4.15671 49
4.3401 45
4.53158 51
4.73151 43
4.94026 59
5.15822 36
5.3858 35
5.62341 38
5.87151 39
6.13056 31
6.40103 28
6.68344 32
6.97831 27
7.28618 28
7.60764 31
7.94328 19
8.29373 26
8.65964 34
9.0417 40
9.44061 34
9.85712 29
10.292 29
10.7461 29
11.2202 24
11.7152 23
12.2321 23
12.7717 24
13.3352 21
13.9236 18
14.5378 33
15.1792 29
15.8489 28
16.5482 15
17.2783 32
18.0406 26
18.8365 26
19.6675 19
20.5353 24
21.4412 37
22.3872 31
23.3749 32
24.4062 21
25.483 25
26.6073 26
27.7811 23
29.0068 24
30.2866 35
31.6228 28
33.0179 29
34.4747 37
35.9956 31
37.5837 32
39.2419 25
40.9732 34
42.7809 25
44.6684 36
46.6391 50
48.6968 42
50.8452 41
53.0884 31
55.4307 49
57.8762 44
60.4296 48
63.0957 55
65.8795 48
68.786 45
71.8208 57
74.9894 56
78.2979 47
81.7523 40
85.3591 52
89.1251 56
93.0572 50
97.1628 61
101.45 55
105.925 59
110.599 47
115.478 76
120.573 74
125.893 61
131.447 57
137.246 76
143.301 70
149.624 91
156.225 57
163.117 69
170.314 83
177.828 87
185.674 65
193.865 88
202.418 85
211.349 88
220.673 98
230.409 96
240.575 98
251.189 111
262.271 122
273.842 104
285.924 124
298.538 146
311.709 122
325.462 123
339.821 114
354.813 111
370.467 119
386.812 85
403.878 47
421.697 45
440.301 34
459.727 19
480.01 22
501.187 22
523.299 9
546.387 9
570.493 8
595.662 8
621.942 5
649.382 5
678.032 4
707.946 3
739.18 5
771.792 4
805.842 1
841.395 0
878.517 1
917.276 0
957.745 2
1000 1
