# First line is two numbers 
#     First value is '2', it means 'histogram mode'
#     Second value is 'Emin' of the histogram
# Other lines : 2 columns. 1) energy 2) probability (nb divided by NbEvent)
# Number of bins = 480
# Content below the first bin: 0
# Content above the last  bin: 0
# Content above the last  bin: 0
# Number of events: 209000
2 1e-06
1.04412e-06 0
1.09018e-06 0
1.13828e-06 0
1.1885e-06 0
1.24094e-06 0
1.29569e-06 0
1.35285e-06 0
1.41254e-06 0
1.47486e-06 0
1.53993e-06 0
1.60787e-06 0
1.6788e-06 0
1.75287e-06 0
1.83021e-06 0
1.91095e-06 0
1.99526e-06 0
2.08329e-06 0
2.1752e-06 0
2.27117e-06 0
2.37137e-06 0
2.476e-06 0
2.58523e-06 0
2.69929e-06 0
2.81838e-06 0
2.94273e-06 0
3.07256e-06 0
3.20812e-06 0
3.34965e-06 0
3.49744e-06 0
3.65174e-06 0
3.81285e-06 0
3.98107e-06 0
4.15671e-06 0
4.3401e-06 0
4.53158e-06 0
4.73151e-06 0
4.94026e-06 0
5.15822e-06 0
5.3858e-06 0
5.62341e-06 0
5.87151e-06 0
6.13056e-06 0
6.40103e-06 0
6.68344e-06 0
6.97831e-06 0
7.28618e-06 0
7.60764e-06 0
7.94328e-06 0
8.29373e-06 0
8.65964e-06 0
9.0417e-06 0
9.44061e-06 0
9.85712e-06 0
1.0292e-05 0
1.07461e-05 0
1.12202e-05 0
1.17152e-05 0
1.22321e-05 0
1.27717e-05 0
1.33352e-05 0
1.39236e-05 0
1.45378e-05 0
1.51792e-05 0
1.58489e-05 0
1.65482e-05 0
1.72783e-05 0
1.80406e-05 0
1.88365e-05 0
1.96675e-05 0
2.05353e-05 0
2.14412e-05 0
2.23872e-05 0
2.33749e-05 0
2.44062e-05 0
2.5483e-05 0
2.66073e-05 0
2.77811e-05 0
2.90068e-05 0
3.02866e-05 0
3.16228e-05 0
3.30179e-05 0
3.44747e-05 0
3.59956e-05 0
3.75837e-05 0
3.92419e-05 0
4.09732e-05 0
4.27809e-05 0
4.46684e-05 0
4.66391e-05 0
4.86968e-05 0
5.08452e-05 0
5.30884e-05 0
5.54307e-05 0
5.78762e-05 0
6.04296e-05 0
6.30957e-05 0
6.58795e-05 0
6.8786e-05 0
7.18208e-05 0
7.49894e-05 0
7.82979e-05 0
8.17523e-05 0
8.53591e-05 0
8.91251e-05 0
9.30572e-05 0
9.71628e-05 0
0.00010145 0
0.000105925 0
0.000110599 0
0.000115478 0
0.000120573 0
0.000125893 0
0.000131447 0
0.000137246 0
0.000143301 0
0.000149624 0
0.000156225 0
0.000163117 0
0.000170314 0
0.000177828 0
0.000185674 0
0.000193865 0
0.000202418 0
0.000211349 0
0.000220673 0
0.000230409 0
0.000240575 0
0.000251189 0
0.000262271 0
0.000273842 0
0.000285924 0
0.000298538 0
0.000311709 0
0.000325462 0
0.000339821 0
0.000354813 0
0.000370467 0
0.000386812 0
0.000403878 0
0.000421697 0
0.000440301 0
0.000459727 0
0.00048001 1
0.000501187 0
0.000523299 0
0.000546387 0
0.000570493 0
0.000595662 0
0.000621942 0
0.000649382 0
0.000678032 0
0.000707946 0
0.00073918 0
0.000771792 0
0.000805842 0
0.000841395 0
0.000878517 1
0.000917276 1
0.000957745 0
0.001 0
0.00104412 0
0.00109018 0
0.00113828 0
0.0011885 0
0.00124094 1
0.00129569 0
0.00135285 0
0.00141254 1
0.00147486 0
0.00153993 0
0.00160787 1
0.0016788 0
0.00175287 1
0.00183021 0
0.00191095 0
0.00199526 0
0.00208329 0
0.0021752 1
0.00227117 0
0.00237137 1
0.002476 1
0.00258523 1
0.00269929 0
0.00281838 1
0.00294273 1
0.00307256 0
0.00320812 1
0.00334965 1
0.00349744 1
0.00365174 0
0.00381285 1
0.00398107 2
0.00415671 5
0.0043401 1
0.00453158 0
0.00473151 0
0.00494026 2
0.00515822 2
0.0053858 1
0.00562341 1
0.00587151 1
0.00613056 2
0.00640103 1
0.00668344 3
0.00697831 3
0.00728618 2
0.00760764 1
0.00794328 3
0.00829373 3
0.00865964 1
0.0090417 4
0.00944061 4
0.00985712 4
0.010292 5
0.0107461 6
0.0112202 3
0.0117152 11
0.0122321 11
0.0127717 18
0.0133352 9
0.0139236 17
0.0145378 23
0.0151792 11
0.0158489 13
0.0165482 19
0.0172783 16
0.0180406 24
0.0188365 15
0.0196675 22
0.0205353 23
0.0214412 23
0.0223872 36
0.0233749 29
0.0244062 21
0.025483 23
0.0266073 26
0.0277811 35
0.0290068 34
0.0302866 38
0.0316228 50
0.0330179 52
0.0344747 47
0.0359956 56
0.0375837 37
0.0392419 69
0.0409732 55
0.0427809 59
0.0446684 62
0.0466391 58
0.0486968 77
0.0508452 79
0.0530884 97
0.0554307 68
0.0578762 87
0.0604296 81
0.0630957 103
0.0658795 122
0.068786 100
0.0718208 125
0.0749894 126
0.0782979 136
0.0817523 131
0.0853591 137
0.0891251 150
0.0930572 154
0.0971628 167
0.10145 170
0.105925 159
0.110599 176
0.115478 187
0.120573 215
0.125893 209
0.131447 212
0.137246 217
0.143301 215
0.149624 198
0.156225 200
0.163117 210
0.170314 232
0.177828 224
0.185674 207
0.193865 220
0.202418 226
0.211349 253
0.220673 241
0.230409 225
0.240575 264
0.251189 237
0.262271 230
0.273842 274
0.285924 294
0.298538 254
0.311709 246
0.325462 255
0.339821 258
0.354813 269
0.370467 285
0.386812 257
0.403878 273
0.421697 244
0.440301 257
0.459727 284
0.48001 263
0.501187 236
0.523299 283
0.546387 274
0.570493 262
0.595662 251
0.621942 268
0.649382 247
0.678032 266
0.707946 253
0.73918 218
0.771792 211
0.805842 206
0.841395 218
0.878517 187
0.917276 186
0.957745 178
1 203
1.04412 158
1.09018 151
1.13828 139
1.1885 138
1.24094 108
1.29569 122
1.35285 110
1.41254 111
1.47486 116
1.53993 104
1.60787 97
1.6788 100
1.75287 97
1.83021 88
1.91095 81
1.99526 71
2.08329 86
2.1752 69
2.27117 72
2.37137 76
2.476 67
2.58523 67
2.69929 69
2.81838 61
2.94273 65
3.07256 72
3.20812 51
3.34965 54
3.49744 55
3.65174 62
3.81285 54
3.98107 52
4.15671 48
4.3401 63
4.53158 53
4.73151 36
4.94026 34
5.15822 42
5.3858 41
5.62341 41
5.87151 41
6.13056 33
6.40103 25
6.68344 30
6.97831 26
7.28618 29
7.60764 41
7.94328 38
8.29373 22
8.65964 40
9.0417 31
9.44061 31
9.85712 28
10.292 31
10.7461 21
11.2202 30
11.7152 25
12.2321 22
12.7717 25
13.3352 33
13.9236 26
14.5378 21
15.1792 29
15.8489 22
16.5482 24
17.2783 28
18.0406 24
18.8365 26
19.6675 16
20.5353 34
21.4412 28
22.3872 26
23.3749 34
24.4062 32
25.483 37
26.6073 27
27.7811 28
29.0068 31
30.2866 27
31.6228 30
33.0179 36
34.4747 32
35.9956 25
37.5837 30
39.2419 34
40.9732 29
42.7809 33
44.6684 34
46.6391 33
48.6968 46
50.8452 42
53.0884 38
55.4307 44
57.8762 46
60.4296 30
63.0957 46
65.8795 58
68.786 48
71.8208 51
74.9894 49
78.2979 43
81.7523 51
85.3591 67
89.1251 50
93.0572 44
97.1628 44
101.45 47
105.925 60
110.599 54
115.478 67
120.573 60
125.893 73
131.447 46
137.246 51
143.301 54
149.624 65
156.225 93
163.117 82
170.314 80
177.828 90
185.674 102
193.865 85
202.418 102
211.349 90
220.673 91
230.409 103
240.575 121
251.189 110
262.271 126
273.842 130
285.924 141
298.538 138
311.709 138
325.462 152
339.821 111
354.813 117
370.467 97
386.812 81
403.878 58
421.697 53
440.301 28
459.727 35
480.01 26
501.187 11
523.299 10
546.387 11
570.493 5
595.662 8
621.942 7
649.382 5
678.032 4
707.946 4
739.18 5
771.792 4
805.842 4
841.395 3
878.517 0
917.276 1
957.745 0
1000 0
