# First line is two numbers 
#     First value is '2', it means 'histogram mode'
#     Second value is 'Emin' of the histogram
# Other lines : 2 columns. 1) energy 2) probability (nb divided by NbEvent)
# Number of bins = 480
# Content below the first bin: 0
# Content above the last  bin: 0
# Content above the last  bin: 0
# Number of events: 209000
2 1e-06
1.04412e-06 0
1.09018e-06 0
1.13828e-06 0
1.1885e-06 0
1.24094e-06 0
1.29569e-06 0
1.35285e-06 0
1.41254e-06 0
1.47486e-06 0
1.53993e-06 0
1.60787e-06 0
1.6788e-06 0
1.75287e-06 0
1.83021e-06 0
1.91095e-06 0
1.99526e-06 0
2.08329e-06 0
2.1752e-06 0
2.27117e-06 0
2.37137e-06 0
2.476e-06 0
2.58523e-06 0
2.69929e-06 0
2.81838e-06 0
2.94273e-06 0
3.07256e-06 0
3.20812e-06 0
3.34965e-06 0
3.49744e-06 0
3.65174e-06 0
3.81285e-06 0
3.98107e-06 0
4.15671e-06 0
4.3401e-06 0
4.53158e-06 0
4.73151e-06 0
4.94026e-06 0
5.15822e-06 0
5.3858e-06 0
5.62341e-06 0
5.87151e-06 0
6.13056e-06 0
6.40103e-06 0
6.68344e-06 0
6.97831e-06 0
7.28618e-06 0
7.60764e-06 0
7.94328e-06 0
8.29373e-06 0
8.65964e-06 0
9.0417e-06 0
9.44061e-06 0
9.85712e-06 0
1.0292e-05 0
1.07461e-05 0
1.12202e-05 0
1.17152e-05 0
1.22321e-05 0
1.27717e-05 0
1.33352e-05 0
1.39236e-05 0
1.45378e-05 0
1.51792e-05 0
1.58489e-05 0
1.65482e-05 0
1.72783e-05 0
1.80406e-05 0
1.88365e-05 0
1.96675e-05 0
2.05353e-05 0
2.14412e-05 0
2.23872e-05 0
2.33749e-05 0
2.44062e-05 0
2.5483e-05 0
2.66073e-05 0
2.77811e-05 0
2.90068e-05 0
3.02866e-05 0
3.16228e-05 0
3.30179e-05 0
3.44747e-05 0
3.59956e-05 0
3.75837e-05 0
3.92419e-05 0
4.09732e-05 0
4.27809e-05 0
4.46684e-05 0
4.66391e-05 0
4.86968e-05 0
5.08452e-05 0
5.30884e-05 0
5.54307e-05 0
5.78762e-05 0
6.04296e-05 0
6.30957e-05 0
6.58795e-05 0
6.8786e-05 0
7.18208e-05 0
7.49894e-05 0
7.82979e-05 0
8.17523e-05 0
8.53591e-05 0
8.91251e-05 0
9.30572e-05 0
9.71628e-05 0
0.00010145 0
0.000105925 0
0.000110599 0
0.000115478 0
0.000120573 0
0.000125893 0
0.000131447 0
0.000137246 0
0.000143301 0
0.000149624 0
0.000156225 0
0.000163117 0
0.000170314 0
0.000177828 0
0.000185674 0
0.000193865 0
0.000202418 0
0.000211349 0
0.000220673 0
0.000230409 0
0.000240575 0
0.000251189 0
0.000262271 0
0.000273842 0
0.000285924 0
0.000298538 0
0.000311709 0
0.000325462 0
0.000339821 0
0.000354813 0
0.000370467 0
0.000386812 0
0.000403878 0
0.000421697 0
0.000440301 0
0.000459727 0
0.00048001 0
0.000501187 0
0.000523299 0
0.000546387 0
0.000570493 0
0.000595662 0
0.000621942 0
0.000649382 0
0.000678032 0
0.000707946 0
0.00073918 0
0.000771792 0
0.000805842 0
0.000841395 0
0.000878517 0
0.000917276 0
0.000957745 0
0.001 0
0.00104412 0
0.00109018 0
0.00113828 0
0.0011885 0
0.00124094 0
0.00129569 0
0.00135285 0
0.00141254 0
0.00147486 0
0.00153993 0
0.00160787 0
0.0016788 0
0.00175287 0
0.00183021 0
0.00191095 0
0.00199526 24.1969
0.00208329 0
0.0021752 0
0.00227117 0
0.00237137 0
0.002476 0
0.00258523 0
0.00269929 0
0.00281838 0
0.00294273 0
0.00307256 0
0.00320812 0
0.00334965 0
0.00349744 0
0.00365174 0
0.00381285 0
0.00398107 0
0.00415671 0
0.0043401 0
0.00453158 0
0.00473151 0
0.00494026 41.2821
0.00515822 99.3554
0.0053858 0
0.00562341 71.5198
0.00587151 0
0.00613056 0
0.00640103 0
0.00668344 0
0.00697831 117.131
0.00728618 27.6329
0.00760764 26.9113
0.00794328 0
0.00829373 0
0.00865964 0
0.0090417 89.8716
0.00944061 102.719
0.00985712 0
0.010292 77.4463
0.0107461 321.157
0.0112202 0
0.0117152 91.0109
0.0122321 0
0.0127717 107.609
0.0133352 0
0.0139236 0
0.0145378 136.954
0.0151792 184.509
0.0158489 236.212
0.0165482 0
0.0172783 193.512
0.0180406 226.859
0.0188365 140.615
0.0196675 0
0.0205353 39.6005
0.0214412 105.625
0.0223872 185.294
0.0233749 280.275
0.0244062 326.879
0.025483 191.008
0.0266073 492.485
0.0277811 489.273
0.0290068 217.292
0.0302866 689.72
0.0316228 298.317
0.0330179 555.908
0.0344747 492.52
0.0359956 476.044
0.0375837 684.3
0.0392419 94.9894
0.0409732 480.629
0.0427809 658.146
0.0446684 970.79
0.0466391 710.519
0.0486968 546.695
0.0508452 990.05
0.0530884 1010.83
0.0554307 1072
0.0578762 1366
0.0604296 573.358
0.0630957 1153.87
0.0658795 673.524
0.068786 931.575
0.0718208 1548.24
0.0749894 775.754
0.0782979 1236.32
0.0817523 1877.7
0.0853591 1463.94
0.0891251 1458.41
0.0930572 1548.43
0.0971628 1555.06
0.10145 1291.09
0.105925 1925.46
0.110599 889.886
0.115478 2505.05
0.120573 1903.29
0.125893 1234.25
0.131447 2038.94
0.137246 1114.83
0.143301 1872.43
0.149624 2344.08
0.156225 2482.89
0.163117 2334.24
0.170314 1831.95
0.177828 2588.42
0.185674 2391.95
0.193865 2955.82
0.202418 3783.62
0.211349 3213.6
0.220673 2702.03
0.230409 2360.01
0.240575 2559.55
0.251189 2774.7
0.262271 3642.79
0.273842 3822.29
0.285924 3095.47
0.298538 2363.89
0.311709 3397.82
0.325462 3367.97
0.339821 3840.31
0.354813 3899.25
0.370467 3791.97
0.386812 2328.06
0.403878 3684.55
0.421697 3464.29
0.440301 3344.16
0.459727 3825.74
0.48001 2794.01
0.501187 3454.3
0.523299 5113.14
0.546387 3508.68
0.570493 3465.7
0.595662 3305.96
0.621942 3241.51
0.649382 2733.66
0.678032 3846.25
0.707946 4272.47
0.73918 2875.18
0.771792 2848.92
0.805842 3582.07
0.841395 2238.76
0.878517 3059.58
0.917276 3161.56
0.957745 2195.94
1 2162.74
1.04412 3218.11
1.09018 1771.41
1.13828 2524.69
1.1885 1794.39
1.24094 2079.75
1.29569 2211.68
1.35285 1639.94
1.41254 1203.86
1.47486 1149.43
1.53993 1603.04
1.60787 1760.12
1.6788 1684.29
1.75287 2003.72
1.83021 1296.97
1.91095 1658.79
1.99526 1002.82
2.08329 1267.91
2.1752 1257.82
2.27117 778.536
2.37137 814.966
2.476 1127.77
2.58523 1746.52
2.69929 944.692
2.81838 1201.25
2.94273 1412.85
3.07256 864.679
3.20812 734.449
3.34965 839.814
3.49744 1229.06
3.65174 693.017
3.81285 534.724
3.98107 785.667
4.15671 456.47
4.3401 593.806
4.53158 777.26
4.73151 817.547
4.94026 489.515
5.15822 904.543
5.3858 1022.21
5.62341 577.539
5.87151 902.386
6.13056 913.579
6.40103 510.877
6.68344 1177.46
6.97831 542.005
7.28618 363.648
7.60764 641.018
7.94328 569.407
8.29373 530.046
8.65964 668.572
9.0417 717.843
9.44061 534.103
9.85712 807.26
10.292 300.462
10.7461 648.082
11.2202 963.397
11.7152 1210.44
12.2321 871.017
12.7717 230.569
13.3352 728.193
13.9236 302.443
14.5378 508.168
15.1792 940.455
15.8489 284.034
16.5482 663.543
17.2783 315.269
18.0406 842.22
18.8365 653.935
19.6675 794.899
20.5353 245.292
21.4412 368.452
22.3872 765.704
23.3749 304.735
24.4062 715.589
25.483 258.153
26.6073 492.482
27.7811 652.698
29.0068 341.996
30.2866 991.136
31.6228 458.698
33.0179 751.052
34.4747 843.737
35.9956 449.318
37.5837 1104.75
39.2419 650.717
40.9732 625.025
42.7809 926.557
44.6684 658.533
46.6391 1097.87
48.6968 756.774
50.8452 1036.37
53.0884 919.77
55.4307 620.979
57.8762 1246.26
60.4296 649.745
63.0957 496.405
65.8795 362.726
68.786 485.553
71.8208 1075.24
74.9894 857.56
78.2979 1080.7
81.7523 1146.29
85.3591 934.307
89.1251 1735.86
93.0572 1325.09
97.1628 1170.16
101.45 924.728
105.925 1426.13
110.599 981.302
115.478 712.974
120.573 1208.98
125.893 1375.41
131.447 1354.55
137.246 1499.22
143.301 1357.13
149.624 1485.36
156.225 1070.5
163.117 1115.96
170.314 1045.27
177.828 1352.57
185.674 1667.5
193.865 2245.17
202.418 1792.58
211.349 2494.88
220.673 2286.07
230.409 1721.51
240.575 1495.27
251.189 1713.74
262.271 1487.57
273.842 1639.23
285.924 1875.5
298.538 1578.02
311.709 1033.1
325.462 897.554
339.821 1635.52
354.813 730.635
370.467 388.918
386.812 456.852
403.878 330
421.697 225.561
440.301 265.546
459.727 156.515
480.01 57.9701
501.187 42.6853
523.299 64.4544
546.387 130.946
570.493 89.3861
595.662 169.2
621.942 0
649.382 189.776
678.032 104.36
707.946 0
739.18 0
771.792 0
805.842 0
841.395 0
878.517 0
917.276 0
957.745 0
1000 0
