# First line is two numbers 
#     First value is '2', it means 'histogram mode'
#     Second value is 'Emin' of the histogram
# Other lines : 2 columns. 1) energy 2) probability (nb divided by NbEvent)
# Number of bins = 480
# Content below the first bin: 0
# Content above the last  bin: 0
# Content above the last  bin: 0
# Number of events: 209000
2 1e-06
1.04412e-06 0
1.09018e-06 0
1.13828e-06 0
1.1885e-06 0
1.24094e-06 0
1.29569e-06 0
1.35285e-06 0
1.41254e-06 0
1.47486e-06 0
1.53993e-06 0
1.60787e-06 0
1.6788e-06 0
1.75287e-06 0
1.83021e-06 0
1.91095e-06 0
1.99526e-06 0
2.08329e-06 0
2.1752e-06 0
2.27117e-06 0
2.37137e-06 0
2.476e-06 0
2.58523e-06 0
2.69929e-06 0
2.81838e-06 0
2.94273e-06 0
3.07256e-06 0
3.20812e-06 0
3.34965e-06 0
3.49744e-06 0
3.65174e-06 0
3.81285e-06 0
3.98107e-06 0
4.15671e-06 0
4.3401e-06 0
4.53158e-06 0
4.73151e-06 0
4.94026e-06 0
5.15822e-06 0
5.3858e-06 0
5.62341e-06 0
5.87151e-06 0
6.13056e-06 0
6.40103e-06 0
6.68344e-06 0
6.97831e-06 0
7.28618e-06 0
7.60764e-06 0
7.94328e-06 0
8.29373e-06 0
8.65964e-06 0
9.0417e-06 0
9.44061e-06 0
9.85712e-06 0
1.0292e-05 0
1.07461e-05 0
1.12202e-05 0
1.17152e-05 0
1.22321e-05 0
1.27717e-05 0
1.33352e-05 0
1.39236e-05 0
1.45378e-05 0
1.51792e-05 0
1.58489e-05 0
1.65482e-05 0
1.72783e-05 0
1.80406e-05 0
1.88365e-05 0
1.96675e-05 0
2.05353e-05 0
2.14412e-05 0
2.23872e-05 0
2.33749e-05 0
2.44062e-05 0
2.5483e-05 0
2.66073e-05 0
2.77811e-05 0
2.90068e-05 0
3.02866e-05 0
3.16228e-05 0
3.30179e-05 0
3.44747e-05 0
3.59956e-05 0
3.75837e-05 0
3.92419e-05 0
4.09732e-05 0
4.27809e-05 0
4.46684e-05 0
4.66391e-05 0
4.86968e-05 0
5.08452e-05 0
5.30884e-05 0
5.54307e-05 0
5.78762e-05 0
6.04296e-05 0
6.30957e-05 0
6.58795e-05 0
6.8786e-05 0
7.18208e-05 0
7.49894e-05 0
7.82979e-05 0
8.17523e-05 0
8.53591e-05 0
8.91251e-05 0
9.30572e-05 52.8578
9.71628e-05 0
0.00010145 0
0.000105925 0
0.000110599 0
0.000115478 0
0.000120573 0
0.000125893 0
0.000131447 0
0.000137246 0
0.000143301 0
0.000149624 0
0.000156225 0
0.000163117 0
0.000170314 84.6591
0.000177828 0
0.000185674 0
0.000193865 0
0.000202418 0
0.000211349 0
0.000220673 0
0.000230409 0
0.000240575 0
0.000251189 0
0.000262271 0
0.000273842 0
0.000285924 0
0.000298538 0
0.000311709 0
0.000325462 0
0.000339821 0
0.000354813 0
0.000370467 0
0.000386812 0
0.000403878 0
0.000421697 0
0.000440301 0
0.000459727 0
0.00048001 0
0.000501187 0
0.000523299 0
0.000546387 0
0.000570493 0
0.000595662 115.008
0.000621942 0
0.000649382 0
0.000678032 0
0.000707946 0
0.00073918 0
0.000771792 0
0.000805842 0
0.000841395 0
0.000878517 0
0.000917276 0
0.000957745 0
0.001 0
0.00104412 0
0.00109018 0
0.00113828 0
0.0011885 0
0.00124094 0
0.00129569 0
0.00135285 0
0.00141254 0
0.00147486 0
0.00153993 113.22
0.00160787 119.465
0.0016788 0
0.00175287 0
0.00183021 0
0.00191095 77.1006
0.00199526 0
0.00208329 0
0.0021752 115.551
0.00227117 0
0.00237137 118.22
0.002476 83.2794
0.00258523 0
0.00269929 72.0192
0.00281838 84.4193
0.00294273 103.952
0.00307256 0
0.00320812 94.8312
0.00334965 0
0.00349744 172.656
0.00365174 164.803
0.00381285 142.048
0.00398107 0
0.00415671 47.7945
0.0043401 205.553
0.00453158 111.013
0.00473151 0
0.00494026 111.7
0.00515822 317.258
0.0053858 115.432
0.00562341 58.188
0.00587151 83.5417
0.00613056 188.08
0.00640103 234.45
0.00668344 61.0974
0.00697831 29.0296
0.00728618 135.506
0.00760764 482.751
0.00794328 249.955
0.00829373 88.0934
0.00865964 206.749
0.0090417 569.21
0.00944061 356.504
0.00985712 289.967
0.010292 553.875
0.0107461 419.47
0.0112202 444.752
0.0117152 560.289
0.0122321 339.246
0.0127717 941.254
0.0133352 1022.16
0.0139236 799.158
0.0145378 655.56
0.0151792 1154.88
0.0158489 1442.58
0.0165482 1661.08
0.0172783 1627.17
0.0180406 1513.55
0.0188365 1770.78
0.0196675 2551.24
0.0205353 1929.95
0.0214412 1383.54
0.0223872 1853.5
0.0233749 1933.46
0.0244062 3405.15
0.025483 2601.08
0.0266073 1827.23
0.0277811 3016.95
0.0290068 3269.71
0.0302866 2661.72
0.0316228 3579.88
0.0330179 4514.51
0.0344747 3724.78
0.0359956 3248.39
0.0375837 4864.82
0.0392419 4532.01
0.0409732 4812.73
0.0427809 5650.68
0.0446684 6406.86
0.0466391 6173.57
0.0486968 8389.1
0.0508452 6387.49
0.0530884 6883.45
0.0554307 5732.34
0.0578762 6552.74
0.0604296 9537.33
0.0630957 8144.47
0.0658795 8854.11
0.068786 8131.84
0.0718208 12214.3
0.0749894 10954
0.0782979 11223.7
0.0817523 13611.2
0.0853591 12999.5
0.0891251 12377.3
0.0930572 14978
0.0971628 12296.1
0.10145 13268.4
0.105925 17581
0.110599 15797.9
0.115478 13465.2
0.120573 15286.6
0.125893 17508.2
0.131447 16533.5
0.137246 14913.1
0.143301 18136.2
0.149624 19649.5
0.156225 18121.8
0.163117 20858.4
0.170314 17222.8
0.177828 16258.7
0.185674 18437.8
0.193865 19581.6
0.202418 17221.7
0.211349 22139.9
0.220673 21684.4
0.230409 19469.6
0.240575 21600.4
0.251189 21195.3
0.262271 20614.7
0.273842 19418.9
0.285924 20869.2
0.298538 20564.9
0.311709 22201.8
0.325462 22191.8
0.339821 20247.4
0.354813 26892.4
0.370467 20805.4
0.386812 20248.2
0.403878 22171.3
0.421697 23241.7
0.440301 20642.8
0.459727 22530.6
0.48001 21516.6
0.501187 21043
0.523299 23390
0.546387 21520.1
0.570493 22586.5
0.595662 21204.8
0.621942 20950
0.649382 21960
0.678032 23053.2
0.707946 18046.8
0.73918 19635.9
0.771792 18567.8
0.805842 17526.5
0.841395 16982.3
0.878517 15410.7
0.917276 18124.5
0.957745 16796.8
1 14381.8
1.04412 15504.8
1.09018 11387.6
1.13828 10785.6
1.1885 13988.8
1.24094 10981.1
1.29569 10896
1.35285 9289.16
1.41254 7606.9
1.47486 8785.69
1.53993 8422.89
1.60787 7791.49
1.6788 8674.5
1.75287 7914.69
1.83021 7369.44
1.91095 7472.82
1.99526 7059.88
2.08329 6464.01
2.1752 6379.08
2.27117 6078.21
2.37137 5688.68
2.476 5395.05
2.58523 5590.75
2.69929 4494.59
2.81838 4633.49
2.94273 5387.93
3.07256 6143.72
3.20812 5549.46
3.34965 4227.47
3.49744 5052
3.65174 5827.2
3.81285 3975.19
3.98107 3080.9
4.15671 3793.97
4.3401 3907.52
4.53158 2816.53
4.73151 4003.97
4.94026 3872.64
5.15822 3876.58
5.3858 3624.79
5.62341 4004.73
5.87151 2869.09
6.13056 2428.21
6.40103 2864.17
6.68344 3006.34
6.97831 3090.41
7.28618 2289.8
7.60764 2489.19
7.94328 2786.17
8.29373 2581.93
8.65964 2058.76
9.0417 2406.69
9.44061 2229.49
9.85712 2612.92
10.292 2033.75
10.7461 1995.4
11.2202 2061.51
11.7152 1593.07
12.2321 2287.27
12.7717 2428.15
13.3352 2462.2
13.9236 2074.09
14.5378 2110.72
15.1792 1827.09
15.8489 2163.86
16.5482 1215.98
17.2783 2026.31
18.0406 1991.22
18.8365 1516.54
19.6675 2497.34
20.5353 2634.34
21.4412 1884.84
22.3872 2349.28
23.3749 2828.11
24.4062 1803.09
25.483 3180.58
26.6073 2147.28
27.7811 1866.79
29.0068 2720.88
30.2866 2115.64
31.6228 2370.69
33.0179 2386.81
34.4747 2166.81
35.9956 2323.69
37.5837 2911.66
39.2419 2640.82
40.9732 3225.24
42.7809 2057.23
44.6684 2683.08
46.6391 2254.25
48.6968 3707.6
50.8452 3209.31
53.0884 3214.01
55.4307 3968.21
57.8762 3237.54
60.4296 3364.92
63.0957 3514.1
65.8795 3945.12
68.786 3106.11
71.8208 3548.93
74.9894 3857.17
78.2979 3607.5
81.7523 4781.45
85.3591 3057.14
89.1251 2982
93.0572 4991.24
97.1628 4495.41
101.45 4894.67
105.925 4400.2
110.599 5750.06
115.478 4269.77
120.573 6032.4
125.893 4181.72
131.447 4955.12
137.246 4677.99
143.301 4544.84
149.624 6130.86
156.225 6775.55
163.117 5805.33
170.314 6691.09
177.828 7327.09
185.674 7578.24
193.865 7683.88
202.418 8687.65
211.349 7365.94
220.673 10212
230.409 7837.07
240.575 9967.89
251.189 8910.77
262.271 9640.45
273.842 11511.9
285.924 10706.2
298.538 9443.25
311.709 11608.8
325.462 11154.2
339.821 10352.9
354.813 9383.62
370.467 8418.22
386.812 6721.34
403.878 6012.46
421.697 4986.11
440.301 3487.27
459.727 2658.75
480.01 1706.11
501.187 1820.85
523.299 720.371
546.387 673.071
570.493 1295.18
595.662 1047.05
621.942 777.154
649.382 546.678
678.032 692.192
707.946 526.756
739.18 230.018
771.792 522.705
805.842 34.9978
841.395 330.354
878.517 0
917.276 110.793
957.745 115.54
1000 0
