# First line is two numbers 
#     First value is '2', it means 'histogram mode'
#     Second value is 'Emin' of the histogram
# Other lines : 2 columns. 1) energy 2) probability (nb divided by NbEvent)
# Number of bins = 480
# Content below the first bin: 0
# Content above the last  bin: 0
# Content above the last  bin: 0
# Number of events: 209000
2 1e-06
1.04412e-06 0
1.09018e-06 0
1.13828e-06 0
1.1885e-06 0
1.24094e-06 0
1.29569e-06 0
1.35285e-06 0
1.41254e-06 0
1.47486e-06 0
1.53993e-06 0
1.60787e-06 0
1.6788e-06 0
1.75287e-06 0
1.83021e-06 0
1.91095e-06 0
1.99526e-06 0
2.08329e-06 0
2.1752e-06 0
2.27117e-06 0
2.37137e-06 0
2.476e-06 0
2.58523e-06 0
2.69929e-06 0
2.81838e-06 0
2.94273e-06 0
3.07256e-06 0
3.20812e-06 0
3.34965e-06 0
3.49744e-06 0
3.65174e-06 0
3.81285e-06 0
3.98107e-06 0
4.15671e-06 0
4.3401e-06 0
4.53158e-06 0
4.73151e-06 0
4.94026e-06 0
5.15822e-06 0
5.3858e-06 0
5.62341e-06 0
5.87151e-06 0
6.13056e-06 0
6.40103e-06 0
6.68344e-06 0
6.97831e-06 0
7.28618e-06 0
7.60764e-06 0
7.94328e-06 0
8.29373e-06 0
8.65964e-06 0
9.0417e-06 0
9.44061e-06 0
9.85712e-06 0
1.0292e-05 0
1.07461e-05 0
1.12202e-05 0
1.17152e-05 0
1.22321e-05 0
1.27717e-05 0
1.33352e-05 0
1.39236e-05 0
1.45378e-05 0
1.51792e-05 0
1.58489e-05 0
1.65482e-05 0
1.72783e-05 0
1.80406e-05 0
1.88365e-05 0
1.96675e-05 0
2.05353e-05 0
2.14412e-05 0
2.23872e-05 0
2.33749e-05 0
2.44062e-05 0
2.5483e-05 0
2.66073e-05 0
2.77811e-05 0
2.90068e-05 0
3.02866e-05 0
3.16228e-05 0
3.30179e-05 0
3.44747e-05 0
3.59956e-05 0
3.75837e-05 0
3.92419e-05 0
4.09732e-05 0
4.27809e-05 0
4.46684e-05 0
4.66391e-05 0
4.86968e-05 0
5.08452e-05 0
5.30884e-05 0
5.54307e-05 0
5.78762e-05 0
6.04296e-05 0
6.30957e-05 0
6.58795e-05 0
6.8786e-05 0
7.18208e-05 0
7.49894e-05 0
7.82979e-05 0
8.17523e-05 0
8.53591e-05 0
8.91251e-05 0
9.30572e-05 0
9.71628e-05 0
0.00010145 0
0.000105925 0
0.000110599 0
0.000115478 0
0.000120573 0
0.000125893 0
0.000131447 0
0.000137246 0
0.000143301 0
0.000149624 0
0.000156225 0
0.000163117 0
0.000170314 0
0.000177828 0
0.000185674 0
0.000193865 0
0.000202418 0
0.000211349 0
0.000220673 0
0.000230409 0
0.000240575 0
0.000251189 0
0.000262271 0
0.000273842 0
0.000285924 0
0.000298538 0
0.000311709 0
0.000325462 0
0.000339821 0
0.000354813 0
0.000370467 0
0.000386812 0
0.000403878 1
0.000421697 0
0.000440301 1
0.000459727 0
0.00048001 0
0.000501187 0
0.000523299 0
0.000546387 0
0.000570493 0
0.000595662 0
0.000621942 0
0.000649382 0
0.000678032 0
0.000707946 0
0.00073918 0
0.000771792 0
0.000805842 0
0.000841395 0
0.000878517 0
0.000917276 0
0.000957745 1
0.001 0
0.00104412 1
0.00109018 0
0.00113828 0
0.0011885 1
0.00124094 0
0.00129569 0
0.00135285 0
0.00141254 0
0.00147486 1
0.00153993 0
0.00160787 1
0.0016788 2
0.00175287 2
0.00183021 0
0.00191095 0
0.00199526 0
0.00208329 0
0.0021752 0
0.00227117 0
0.00237137 1
0.002476 1
0.00258523 0
0.00269929 0
0.00281838 1
0.00294273 0
0.00307256 1
0.00320812 1
0.00334965 0
0.00349744 1
0.00365174 0
0.00381285 3
0.00398107 0
0.00415671 1
0.0043401 0
0.00453158 1
0.00473151 2
0.00494026 1
0.00515822 0
0.0053858 1
0.00562341 2
0.00587151 4
0.00613056 1
0.00640103 1
0.00668344 3
0.00697831 3
0.00728618 3
0.00760764 7
0.00794328 4
0.00829373 3
0.00865964 5
0.0090417 3
0.00944061 9
0.00985712 4
0.010292 4
0.0107461 14
0.0112202 7
0.0117152 7
0.0122321 11
0.0127717 7
0.0133352 8
0.0139236 11
0.0145378 15
0.0151792 13
0.0158489 12
0.0165482 14
0.0172783 23
0.0180406 23
0.0188365 18
0.0196675 20
0.0205353 28
0.0214412 33
0.0223872 30
0.0233749 27
0.0244062 38
0.025483 34
0.0266073 31
0.0277811 40
0.0290068 48
0.0302866 44
0.0316228 50
0.0330179 52
0.0344747 58
0.0359956 57
0.0375837 59
0.0392419 75
0.0409732 72
0.0427809 62
0.0446684 79
0.0466391 88
0.0486968 67
0.0508452 96
0.0530884 91
0.0554307 104
0.0578762 78
0.0604296 84
0.0630957 125
0.0658795 121
0.068786 120
0.0718208 146
0.0749894 126
0.0782979 150
0.0817523 137
0.0853591 135
0.0891251 148
0.0930572 153
0.0971628 167
0.10145 187
0.105925 182
0.110599 176
0.115478 187
0.120573 215
0.125893 196
0.131447 229
0.137246 202
0.143301 225
0.149624 220
0.156225 248
0.163117 237
0.170314 223
0.177828 228
0.185674 263
0.193865 231
0.202418 275
0.211349 250
0.220673 263
0.230409 248
0.240575 277
0.251189 251
0.262271 227
0.273842 240
0.285924 269
0.298538 310
0.311709 252
0.325462 272
0.339821 272
0.354813 267
0.370467 262
0.386812 317
0.403878 277
0.421697 292
0.440301 265
0.459727 278
0.48001 276
0.501187 262
0.523299 258
0.546387 303
0.570493 266
0.595662 280
0.621942 274
0.649382 239
0.678032 275
0.707946 237
0.73918 253
0.771792 228
0.805842 242
0.841395 217
0.878517 215
0.917276 189
0.957745 187
1 197
1.04412 168
1.09018 134
1.13828 172
1.1885 132
1.24094 146
1.29569 122
1.35285 140
1.41254 129
1.47486 102
1.53993 99
1.60787 112
1.6788 97
1.75287 108
1.83021 83
1.91095 94
1.99526 52
2.08329 87
2.1752 85
2.27117 87
2.37137 68
2.476 66
2.58523 61
2.69929 44
2.81838 78
2.94273 61
3.07256 73
3.20812 47
3.34965 56
3.49744 59
3.65174 46
3.81285 66
3.98107 66
4.15671 46
4.3401 51
4.53158 30
4.73151 37
4.94026 43
5.15822 48
5.3858 42
5.62341 40
5.87151 32
6.13056 39
6.40103 36
6.68344 25
6.97831 32
7.28618 31
7.60764 33
7.94328 33
8.29373 27
8.65964 30
9.0417 17
9.44061 33
9.85712 24
10.292 22
10.7461 36
11.2202 29
11.7152 34
12.2321 35
12.7717 29
13.3352 37
13.9236 21
14.5378 33
15.1792 22
15.8489 28
16.5482 33
17.2783 24
18.0406 24
18.8365 16
19.6675 30
20.5353 30
21.4412 25
22.3872 30
23.3749 25
24.4062 26
25.483 18
26.6073 26
27.7811 35
29.0068 26
30.2866 25
31.6228 35
33.0179 33
34.4747 34
35.9956 33
37.5837 31
39.2419 24
40.9732 34
42.7809 19
44.6684 39
46.6391 41
48.6968 47
50.8452 50
53.0884 48
55.4307 44
57.8762 53
60.4296 50
63.0957 54
65.8795 41
68.786 38
71.8208 43
74.9894 52
78.2979 51
81.7523 47
85.3591 42
89.1251 48
93.0572 65
97.1628 53
101.45 65
105.925 45
110.599 71
115.478 69
120.573 59
125.893 65
131.447 82
137.246 60
143.301 64
149.624 60
156.225 79
163.117 82
170.314 66
177.828 85
185.674 73
193.865 91
202.418 107
211.349 95
220.673 119
230.409 117
240.575 105
251.189 115
262.271 103
273.842 126
285.924 148
298.538 116
311.709 138
325.462 129
339.821 155
354.813 116
370.467 118
386.812 87
403.878 58
421.697 35
440.301 38
459.727 38
480.01 33
501.187 10
523.299 14
546.387 16
570.493 7
595.662 10
621.942 7
649.382 5
678.032 2
707.946 4
739.18 3
771.792 2
805.842 4
841.395 2
878.517 1
917.276 2
957.745 0
1000 0
