# First line is two numbers 
#     First value is '2', it means 'histogram mode'
#     Second value is 'Emin' of the histogram
# Other lines : 2 columns. 1) energy 2) probability (nb divided by NbEvent)
# Number of bins = 480
# Content below the first bin: 0
# Content above the last  bin: 89.9111
# Content above the last  bin: 89.9111
# Number of events: 209000
2 1e-06
1.04412e-06 0
1.09018e-06 0
1.13828e-06 0
1.1885e-06 0
1.24094e-06 0
1.29569e-06 0
1.35285e-06 0
1.41254e-06 0
1.47486e-06 0
1.53993e-06 0
1.60787e-06 0
1.6788e-06 0
1.75287e-06 0
1.83021e-06 0
1.91095e-06 0
1.99526e-06 0
2.08329e-06 0
2.1752e-06 0
2.27117e-06 0
2.37137e-06 0
2.476e-06 0
2.58523e-06 0
2.69929e-06 0
2.81838e-06 0
2.94273e-06 0
3.07256e-06 0
3.20812e-06 0
3.34965e-06 0
3.49744e-06 0
3.65174e-06 0
3.81285e-06 0
3.98107e-06 0
4.15671e-06 0
4.3401e-06 0
4.53158e-06 0
4.73151e-06 0
4.94026e-06 0
5.15822e-06 0
5.3858e-06 0
5.62341e-06 0
5.87151e-06 0
6.13056e-06 0
6.40103e-06 0
6.68344e-06 0
6.97831e-06 0
7.28618e-06 0
7.60764e-06 0
7.94328e-06 0
8.29373e-06 0
8.65964e-06 0
9.0417e-06 0
9.44061e-06 0
9.85712e-06 0
1.0292e-05 0
1.07461e-05 0
1.12202e-05 0
1.17152e-05 0
1.22321e-05 0
1.27717e-05 0
1.33352e-05 0
1.39236e-05 0
1.45378e-05 0
1.51792e-05 0
1.58489e-05 0
1.65482e-05 0
1.72783e-05 0
1.80406e-05 0
1.88365e-05 0
1.96675e-05 0
2.05353e-05 0
2.14412e-05 0
2.23872e-05 0
2.33749e-05 0
2.44062e-05 0
2.5483e-05 0
2.66073e-05 0
2.77811e-05 0
2.90068e-05 0
3.02866e-05 0
3.16228e-05 0
3.30179e-05 0
3.44747e-05 0
3.59956e-05 0
3.75837e-05 0
3.92419e-05 0
4.09732e-05 0
4.27809e-05 0
4.46684e-05 0
4.66391e-05 0
4.86968e-05 0
5.08452e-05 0
5.30884e-05 0
5.54307e-05 0
5.78762e-05 0
6.04296e-05 0
6.30957e-05 0
6.58795e-05 0
6.8786e-05 0
7.18208e-05 0
7.49894e-05 0
7.82979e-05 0
8.17523e-05 0
8.53591e-05 0
8.91251e-05 0
9.30572e-05 0
9.71628e-05 0
0.00010145 0
0.000105925 115.82
0.000110599 0
0.000115478 0
0.000120573 0
0.000125893 0
0.000131447 0
0.000137246 0
0.000143301 0
0.000149624 0
0.000156225 0
0.000163117 0
0.000170314 0
0.000177828 0
0.000185674 0
0.000193865 0
0.000202418 0
0.000211349 0
0.000220673 0
0.000230409 0
0.000240575 0
0.000251189 0
0.000262271 0
0.000273842 0
0.000285924 0
0.000298538 0
0.000311709 0
0.000325462 0
0.000339821 0
0.000354813 0
0.000370467 0
0.000386812 0
0.000403878 0
0.000421697 0
0.000440301 0
0.000459727 0
0.00048001 0
0.000501187 0
0.000523299 0
0.000546387 116.45
0.000570493 0
0.000595662 0
0.000621942 0
0.000649382 0
0.000678032 0
0.000707946 0
0.00073918 0
0.000771792 0
0.000805842 0
0.000841395 0
0.000878517 0
0.000917276 0
0.000957745 0
0.001 0
0.00104412 0
0.00109018 0
0.00113828 0
0.0011885 0
0.00124094 0
0.00129569 0
0.00135285 56.4222
0.00141254 0
0.00147486 0
0.00153993 96.1701
0.00160787 56.4222
0.0016788 0
0.00175287 45.0585
0.00183021 0
0.00191095 0
0.00199526 0
0.00208329 0
0.0021752 89.6068
0.00227117 145.051
0.00237137 194.982
0.002476 0
0.00258523 0
0.00269929 0
0.00281838 201.788
0.00294273 103.047
0.00307256 0
0.00320812 85.3915
0.00334965 217.618
0.00349744 0
0.00365174 208.618
0.00381285 111.349
0.00398107 0
0.00415671 32.4589
0.0043401 0
0.00453158 41.262
0.00473151 0
0.00494026 232.829
0.00515822 95.3033
0.0053858 153.39
0.00562341 0
0.00587151 278.513
0.00613056 266.147
0.00640103 252.612
0.00668344 214.642
0.00697831 727.505
0.00728618 191.45
0.00760764 253.846
0.00794328 623.964
0.00829373 365.704
0.00865964 513.516
0.0090417 479.685
0.00944061 584.571
0.00985712 677.691
0.010292 839.969
0.0107461 599.85
0.0112202 224.254
0.0117152 926.926
0.0122321 865.412
0.0127717 771
0.0133352 938.998
0.0139236 147.972
0.0145378 1292.27
0.0151792 880.671
0.0158489 1171.96
0.0165482 1323.02
0.0172783 2571.72
0.0180406 1819.52
0.0188365 1249.42
0.0196675 3242.81
0.0205353 1604.89
0.0214412 2350.87
0.0223872 1910.6
0.0233749 2719.29
0.0244062 2736.49
0.025483 2901.1
0.0266073 3099.97
0.0277811 3162.09
0.0290068 2762.29
0.0302866 3140.43
0.0316228 3100.86
0.0330179 3969.98
0.0344747 4355.43
0.0359956 4767.24
0.0375837 4889.31
0.0392419 3569.73
0.0409732 5479.15
0.0427809 5834.46
0.0446684 6583
0.0466391 5696.07
0.0486968 7055.83
0.0508452 6349.75
0.0530884 7751.98
0.0554307 7403.5
0.0578762 6776.4
0.0604296 8553.58
0.0630957 9759.02
0.0658795 9134.61
0.068786 9529.29
0.0718208 11054.4
0.0749894 9321.11
0.0782979 11292.8
0.0817523 11687.6
0.0853591 12201.7
0.0891251 11471
0.0930572 10777.4
0.0971628 15176
0.10145 13811.8
0.105925 14192
0.110599 13540.7
0.115478 15814.1
0.120573 16671.2
0.125893 16114.9
0.131447 17414.4
0.137246 16736
0.143301 16107.6
0.149624 15880.5
0.156225 17389
0.163117 17590.5
0.170314 19915.3
0.177828 22160.6
0.185674 22678.8
0.193865 20101.1
0.202418 19919
0.211349 18205.8
0.220673 20619.1
0.230409 20726.2
0.240575 21378.7
0.251189 19233.1
0.262271 21350.5
0.273842 20757.3
0.285924 21653.8
0.298538 22167.2
0.311709 22680.9
0.325462 20240.9
0.339821 21427.9
0.354813 21630.9
0.370467 22005.6
0.386812 20962.6
0.403878 21171.2
0.421697 21366.8
0.440301 23154.7
0.459727 24636.9
0.48001 25279.3
0.501187 19981
0.523299 23186.7
0.546387 22249.9
0.570493 24228.9
0.595662 21783.5
0.621942 19568
0.649382 19588.7
0.678032 21558.9
0.707946 20627
0.73918 18917.5
0.771792 17710.4
0.805842 16836.1
0.841395 18357.6
0.878517 16420.1
0.917276 13017.9
0.957745 13968.8
1 13530.1
1.04412 12646.6
1.09018 12936.9
1.13828 12692.9
1.1885 12682.9
1.24094 10334
1.29569 10150.6
1.35285 9000.32
1.41254 9668.65
1.47486 8315.17
1.53993 9212.82
1.60787 7745.02
1.6788 7529.38
1.75287 6908.57
1.83021 6705.56
1.91095 7619.94
1.99526 6695.39
2.08329 5934.14
2.1752 5007.56
2.27117 5857.18
2.37137 5689.13
2.476 4354.2
2.58523 5425.24
2.69929 5973.12
2.81838 4658.39
2.94273 5366.32
3.07256 5639.28
3.20812 3909.5
3.34965 4780.79
3.49744 4155.9
3.65174 3757.7
3.81285 3737.54
3.98107 4444.05
4.15671 3753.72
4.3401 4275.25
4.53158 4639.63
4.73151 3856.7
4.94026 2945.99
5.15822 4025.32
5.3858 3664.98
5.62341 2800.87
5.87151 2782.19
6.13056 2427.31
6.40103 3363.33
6.68344 3623.63
6.97831 2681.62
7.28618 1871.81
7.60764 2980.11
7.94328 2862.15
8.29373 3190.79
8.65964 2755.4
9.0417 1928.72
9.44061 2212.4
9.85712 1897.5
10.292 1771.95
10.7461 1748.16
11.2202 1920.38
11.7152 2143.01
12.2321 2227.06
12.7717 1346.7
13.3352 1996.4
13.9236 2851.3
14.5378 2435.22
15.1792 1692.57
15.8489 1606.54
16.5482 2335.81
17.2783 1852.96
18.0406 1906.09
18.8365 2370.71
19.6675 1977.24
20.5353 2413.8
21.4412 2394.78
22.3872 2669.13
23.3749 1905.13
24.4062 3092.52
25.483 2799.73
26.6073 2804.71
27.7811 1245.69
29.0068 2925.16
30.2866 1685.6
31.6228 2214.78
33.0179 2452.66
34.4747 2339.87
35.9956 3269.17
37.5837 2229.28
39.2419 3020.99
40.9732 2373.62
42.7809 2941.75
44.6684 2995.36
46.6391 3330.51
48.6968 3742.28
50.8452 3429.01
53.0884 3825.67
55.4307 3773.05
57.8762 2426.14
60.4296 3853.01
63.0957 3664.63
65.8795 3278.41
68.786 5330.02
71.8208 2794.04
74.9894 5103.39
78.2979 4118.34
81.7523 3536.53
85.3591 4257.14
89.1251 4865.08
93.0572 4808.11
97.1628 4736.7
101.45 4362.49
105.925 3845.26
110.599 5544.06
115.478 4965.52
120.573 5713.38
125.893 5242.37
131.447 5608.71
137.246 5306.27
143.301 5412.5
149.624 5501.88
156.225 5951.57
163.117 5995.41
170.314 6144.64
177.828 5253.56
185.674 7861.29
193.865 6653.67
202.418 8119.48
211.349 7469.46
220.673 8122.73
230.409 8393.18
240.575 9233.53
251.189 8897.33
262.271 10064.7
273.842 9239.19
285.924 8976.82
298.538 11143
311.709 9983.45
325.462 11454.9
339.821 9638.11
354.813 10106.5
370.467 10140.7
386.812 7370.37
403.878 5020.39
421.697 4622.3
440.301 3906.99
459.727 2236.37
480.01 1792.56
501.187 1644.77
523.299 933.768
546.387 592.14
570.493 886.395
595.662 512.471
621.942 686.926
649.382 612.174
678.032 388.394
707.946 374.76
739.18 179.865
771.792 540.289
805.842 404.618
841.395 69.8345
878.517 0
917.276 71.3303
957.745 27.1176
1000 0
