# First line is two numbers 
#     First value is '2', it means 'histogram mode'
#     Second value is 'Emin' of the histogram
# Other lines : 2 columns. 1) energy 2) probability (nb divided by NbEvent)
# Number of bins = 480
# Content below the first bin: 0
# Content above the last  bin: 0
# Content above the last  bin: 0
# Number of events: 209000
2 1e-06
1.04412e-06 0
1.09018e-06 0
1.13828e-06 0
1.1885e-06 0
1.24094e-06 0
1.29569e-06 0
1.35285e-06 0
1.41254e-06 0
1.47486e-06 0
1.53993e-06 0
1.60787e-06 0
1.6788e-06 0
1.75287e-06 0
1.83021e-06 0
1.91095e-06 0
1.99526e-06 0
2.08329e-06 0
2.1752e-06 0
2.27117e-06 0
2.37137e-06 0
2.476e-06 0
2.58523e-06 0
2.69929e-06 0
2.81838e-06 0
2.94273e-06 0
3.07256e-06 0
3.20812e-06 0
3.34965e-06 0
3.49744e-06 0
3.65174e-06 0
3.81285e-06 0
3.98107e-06 0
4.15671e-06 0
4.3401e-06 0
4.53158e-06 0
4.73151e-06 0
4.94026e-06 0
5.15822e-06 0
5.3858e-06 0
5.62341e-06 0
5.87151e-06 0
6.13056e-06 0
6.40103e-06 0
6.68344e-06 0
6.97831e-06 0
7.28618e-06 0
7.60764e-06 0
7.94328e-06 0
8.29373e-06 0
8.65964e-06 0
9.0417e-06 0
9.44061e-06 0
9.85712e-06 0
1.0292e-05 0
1.07461e-05 0
1.12202e-05 0
1.17152e-05 0
1.22321e-05 0
1.27717e-05 0
1.33352e-05 0
1.39236e-05 0
1.45378e-05 0
1.51792e-05 0
1.58489e-05 0
1.65482e-05 0
1.72783e-05 0
1.80406e-05 0
1.88365e-05 0
1.96675e-05 0
2.05353e-05 0
2.14412e-05 0
2.23872e-05 0
2.33749e-05 0
2.44062e-05 0
2.5483e-05 0
2.66073e-05 0
2.77811e-05 0
2.90068e-05 0
3.02866e-05 0
3.16228e-05 0
3.30179e-05 0
3.44747e-05 0
3.59956e-05 0
3.75837e-05 0
3.92419e-05 0
4.09732e-05 0
4.27809e-05 0
4.46684e-05 0
4.66391e-05 0
4.86968e-05 0
5.08452e-05 0
5.30884e-05 0
5.54307e-05 0
5.78762e-05 0
6.04296e-05 0
6.30957e-05 0
6.58795e-05 0
6.8786e-05 0
7.18208e-05 0
7.49894e-05 0
7.82979e-05 0
8.17523e-05 0
8.53591e-05 0
8.91251e-05 0
9.30572e-05 0
9.71628e-05 0
0.00010145 0
0.000105925 0
0.000110599 0
0.000115478 0
0.000120573 0
0.000125893 0
0.000131447 0
0.000137246 0
0.000143301 0
0.000149624 0
0.000156225 0
0.000163117 0
0.000170314 0
0.000177828 0
0.000185674 0
0.000193865 0
0.000202418 0
0.000211349 0
0.000220673 0
0.000230409 0
0.000240575 0
0.000251189 0
0.000262271 0
0.000273842 0
0.000285924 0
0.000298538 0
0.000311709 0
0.000325462 0
0.000339821 0
0.000354813 0
0.000370467 0
0.000386812 0
0.000403878 0
0.000421697 101.224
0.000440301 0
0.000459727 0
0.00048001 0
0.000501187 0
0.000523299 0
0.000546387 0
0.000570493 0
0.000595662 0
0.000621942 0
0.000649382 0
0.000678032 0
0.000707946 0
0.00073918 0
0.000771792 0
0.000805842 0
0.000841395 0
0.000878517 0
0.000917276 0
0.000957745 89.9223
0.001 0
0.00104412 0
0.00109018 0
0.00113828 0
0.0011885 0
0.00124094 0
0.00129569 0
0.00135285 0
0.00141254 0
0.00147486 0
0.00153993 0
0.00160787 0
0.0016788 118.769
0.00175287 0
0.00183021 0
0.00191095 0
0.00199526 94.2695
0.00208329 0
0.0021752 0
0.00227117 0
0.00237137 0
0.002476 188.598
0.00258523 199.875
0.00269929 0
0.00281838 98.5573
0.00294273 60.8064
0.00307256 0
0.00320812 26.5366
0.00334965 94.4265
0.00349744 0
0.00365174 0
0.00381285 65.7141
0.00398107 0
0.00415671 113.532
0.0043401 106.519
0.00453158 85.0559
0.00473151 80.3205
0.00494026 57.8806
0.00515822 309.945
0.0053858 119.996
0.00562341 207.52
0.00587151 109.716
0.00613056 423.233
0.00640103 167.338
0.00668344 341.262
0.00697831 349.722
0.00728618 94.1822
0.00760764 534.612
0.00794328 117.295
0.00829373 452.478
0.00865964 468.637
0.0090417 397.191
0.00944061 155.282
0.00985712 573.958
0.010292 400.383
0.0107461 540.278
0.0112202 363.918
0.0117152 310.286
0.0122321 490.323
0.0127717 1255.94
0.0133352 729.792
0.0139236 1088.73
0.0145378 755.818
0.0151792 847.63
0.0158489 1042.4
0.0165482 1126.29
0.0172783 1794.12
0.0180406 1037.56
0.0188365 1461.75
0.0196675 2550.71
0.0205353 1572.59
0.0214412 2087.65
0.0223872 2241.58
0.0233749 1928.72
0.0244062 2962.48
0.025483 2843.78
0.0266073 2102.44
0.0277811 3382.32
0.0290068 3660.12
0.0302866 3433.4
0.0316228 3927.31
0.0330179 3772.34
0.0344747 4176.03
0.0359956 4658.67
0.0375837 4371.03
0.0392419 5766.24
0.0409732 4156.61
0.0427809 5419.48
0.0446684 5119.29
0.0466391 5862.32
0.0486968 4701.92
0.0508452 7175.18
0.0530884 6517.93
0.0554307 6772.79
0.0578762 7138.03
0.0604296 8162.83
0.0630957 9026.73
0.0658795 11803.7
0.068786 9743.84
0.0718208 8368.14
0.0749894 11388.5
0.0782979 10082.6
0.0817523 10007.5
0.0853591 13989.1
0.0891251 12544.2
0.0930572 13514.5
0.0971628 13452.2
0.10145 13121.4
0.105925 13812.6
0.110599 13409
0.115478 15627.8
0.120573 16195.4
0.125893 17462
0.131447 18436.5
0.137246 18226.4
0.143301 16726.2
0.149624 19077.1
0.156225 17350.5
0.163117 18985.9
0.170314 15156.5
0.177828 20199.5
0.185674 21008
0.193865 17875.9
0.202418 19497.2
0.211349 22222.3
0.220673 21403.2
0.230409 21178.4
0.240575 19833.5
0.251189 21207.7
0.262271 20407.1
0.273842 20469.7
0.285924 23258.9
0.298538 22942.2
0.311709 24315.1
0.325462 21468.8
0.339821 21139.7
0.354813 22240.7
0.370467 21525.5
0.386812 22002.8
0.403878 21514.2
0.421697 22697.1
0.440301 19785
0.459727 24290.7
0.48001 23664.9
0.501187 21224.4
0.523299 22137.5
0.546387 23384.1
0.570493 22300.3
0.595662 21632.9
0.621942 20466.5
0.649382 19071.5
0.678032 19907.8
0.707946 18194.6
0.73918 20094.1
0.771792 19981.1
0.805842 19273.3
0.841395 16770.8
0.878517 16897.8
0.917276 16159.3
0.957745 16374.9
1 14374.5
1.04412 14462
1.09018 13786.3
1.13828 10949.1
1.1885 10208.2
1.24094 12110.1
1.29569 9328.52
1.35285 10277.8
1.41254 10348.7
1.47486 6862.74
1.53993 9334.62
1.60787 7502.25
1.6788 7225.26
1.75287 7795.85
1.83021 7306.54
1.91095 4903.57
1.99526 7633.89
2.08329 5912.13
2.1752 5944.16
2.27117 6863.1
2.37137 5385.55
2.476 5767.87
2.58523 5241.05
2.69929 3482.17
2.81838 5019.85
2.94273 3823.57
3.07256 5285.7
3.20812 3844.45
3.34965 4436.48
3.49744 5622.48
3.65174 4377.92
3.81285 5023.04
3.98107 4903.07
4.15671 3582.06
4.3401 3873.12
4.53158 3961.54
4.73151 3819.99
4.94026 4068.01
5.15822 4005.84
5.3858 3967.03
5.62341 3278.25
5.87151 3690.73
6.13056 3026.85
6.40103 2630.77
6.68344 2948.84
6.97831 2517.72
7.28618 2285.08
7.60764 1768.08
7.94328 2311.17
8.29373 2156.44
8.65964 2896.47
9.0417 2794.44
9.44061 2415.78
9.85712 2058.4
10.292 2225.26
10.7461 2071.98
11.2202 1426.08
11.7152 2013.75
12.2321 2788.87
12.7717 2373.77
13.3352 1212.54
13.9236 2096.06
14.5378 1692.3
15.1792 2380.58
15.8489 2842.31
16.5482 1556.34
17.2783 2256.34
18.0406 2460.15
18.8365 2612.82
19.6675 1086.04
20.5353 2522.6
21.4412 1719.79
22.3872 2961.4
23.3749 2812.39
24.4062 2509.41
25.483 2194.66
26.6073 2103.67
27.7811 2775.32
29.0068 2151.55
30.2866 1363.7
31.6228 2974.63
33.0179 2774.73
34.4747 2436.01
35.9956 2336.52
37.5837 2142.63
39.2419 3029.43
40.9732 3239.43
42.7809 3228.9
44.6684 3786.08
46.6391 3398.09
48.6968 3294.76
50.8452 3120.27
53.0884 4013.18
55.4307 3373.53
57.8762 3508.54
60.4296 3816.79
63.0957 2602.31
65.8795 3167.16
68.786 4093.89
71.8208 3491.07
74.9894 3545.67
78.2979 4248.54
81.7523 3885.91
85.3591 4681.54
89.1251 5274.12
93.0572 5031.78
97.1628 5883.2
101.45 4715.79
105.925 4568.82
110.599 4528.33
115.478 4360.59
120.573 4776.68
125.893 5327.39
131.447 4746.71
137.246 5215.37
143.301 5468.31
149.624 5610.11
156.225 6913.57
163.117 7068.07
170.314 6798.01
177.828 6052.66
185.674 7590.18
193.865 6763.55
202.418 8888.57
211.349 9360.62
220.673 8950.74
230.409 8254.44
240.575 7720.57
251.189 10070.6
262.271 10838.5
273.842 11461.7
285.924 11138.4
298.538 9828.73
311.709 11836.8
325.462 11513.1
339.821 11297.6
354.813 11025.8
370.467 8661.42
386.812 6593.19
403.878 4862
421.697 2941.33
440.301 3187.93
459.727 2405
480.01 1174.47
501.187 1570.92
523.299 1641.95
546.387 1358.1
570.493 505.163
595.662 406.456
621.942 793.685
649.382 279.863
678.032 248.974
707.946 286.281
739.18 319.551
771.792 0
805.842 118.88
841.395 240.175
878.517 281.676
917.276 0
957.745 107.469
1000 0
