# First line is two numbers 
#     First value is '2', it means 'histogram mode'
#     Second value is 'Emin' of the histogram
# Other lines : 2 columns. 1) energy 2) probability (nb divided by NbEvent)
# Number of bins = 480
# Content below the first bin: 0
# Content above the last  bin: 0
# Content above the last  bin: 0
# Number of events: 209000
2 1e-06
1.04412e-06 0
1.09018e-06 0
1.13828e-06 0
1.1885e-06 0
1.24094e-06 0
1.29569e-06 0
1.35285e-06 0
1.41254e-06 0
1.47486e-06 0
1.53993e-06 0
1.60787e-06 0
1.6788e-06 0
1.75287e-06 0
1.83021e-06 0
1.91095e-06 0
1.99526e-06 0
2.08329e-06 0
2.1752e-06 0
2.27117e-06 0
2.37137e-06 0
2.476e-06 0
2.58523e-06 0
2.69929e-06 0
2.81838e-06 0
2.94273e-06 0
3.07256e-06 0
3.20812e-06 0
3.34965e-06 0
3.49744e-06 0
3.65174e-06 0
3.81285e-06 0
3.98107e-06 0
4.15671e-06 0
4.3401e-06 0
4.53158e-06 0
4.73151e-06 0
4.94026e-06 0
5.15822e-06 0
5.3858e-06 0
5.62341e-06 0
5.87151e-06 0
6.13056e-06 0
6.40103e-06 0
6.68344e-06 0
6.97831e-06 0
7.28618e-06 0
7.60764e-06 0
7.94328e-06 0
8.29373e-06 0
8.65964e-06 0
9.0417e-06 0
9.44061e-06 0
9.85712e-06 0
1.0292e-05 0
1.07461e-05 0
1.12202e-05 0
1.17152e-05 0
1.22321e-05 0
1.27717e-05 0
1.33352e-05 0
1.39236e-05 0
1.45378e-05 0
1.51792e-05 0
1.58489e-05 0
1.65482e-05 0
1.72783e-05 0
1.80406e-05 0
1.88365e-05 0
1.96675e-05 0
2.05353e-05 0
2.14412e-05 0
2.23872e-05 0
2.33749e-05 0
2.44062e-05 0
2.5483e-05 0
2.66073e-05 0
2.77811e-05 0
2.90068e-05 0
3.02866e-05 0
3.16228e-05 0
3.30179e-05 0
3.44747e-05 0
3.59956e-05 0
3.75837e-05 0
3.92419e-05 0
4.09732e-05 0
4.27809e-05 0
4.46684e-05 0
4.66391e-05 0
4.86968e-05 0
5.08452e-05 0
5.30884e-05 0
5.54307e-05 0
5.78762e-05 0
6.04296e-05 0
6.30957e-05 0
6.58795e-05 0
6.8786e-05 0
7.18208e-05 0
7.49894e-05 0
7.82979e-05 0
8.17523e-05 0
8.53591e-05 0
8.91251e-05 0
9.30572e-05 0
9.71628e-05 0
0.00010145 0
0.000105925 0
0.000110599 0
0.000115478 0
0.000120573 0
0.000125893 0
0.000131447 0
0.000137246 0
0.000143301 0
0.000149624 0
0.000156225 0
0.000163117 0
0.000170314 0
0.000177828 0
0.000185674 0
0.000193865 0
0.000202418 0
0.000211349 0
0.000220673 0
0.000230409 0
0.000240575 0
0.000251189 0
0.000262271 0
0.000273842 0
0.000285924 0
0.000298538 0
0.000311709 0
0.000325462 0
0.000339821 0
0.000354813 0
0.000370467 0
0.000386812 0
0.000403878 0
0.000421697 0
0.000440301 0
0.000459727 0
0.00048001 0
0.000501187 0
0.000523299 0
0.000546387 0
0.000570493 0
0.000595662 0
0.000621942 0
0.000649382 0
0.000678032 0
0.000707946 0
0.00073918 0
0.000771792 0
0.000805842 0
0.000841395 0
0.000878517 0
0.000917276 0
0.000957745 0
0.001 0
0.00104412 0
0.00109018 0
0.00113828 0
0.0011885 0
0.00124094 0
0.00129569 0
0.00135285 0
0.00141254 0
0.00147486 0
0.00153993 0
0.00160787 0
0.0016788 0
0.00175287 0
0.00183021 0
0.00191095 0
0.00199526 0
0.00208329 0
0.0021752 0
0.00227117 0
0.00237137 0
0.002476 0
0.00258523 0
0.00269929 0
0.00281838 0
0.00294273 0
0.00307256 0
0.00320812 0
0.00334965 0
0.00349744 0
0.00365174 0
0.00381285 0
0.00398107 0
0.00415671 0
0.0043401 0
0.00453158 0
0.00473151 0
0.00494026 0
0.00515822 0
0.0053858 0
0.00562341 0
0.00587151 0
0.00613056 0
0.00640103 0
0.00668344 0
0.00697831 0
0.00728618 0
0.00760764 0
0.00794328 0
0.00829373 0
0.00865964 0
0.0090417 0
0.00944061 0
0.00985712 0
0.010292 0
0.0107461 0
0.0112202 0
0.0117152 0
0.0122321 0
0.0127717 0
0.0133352 0
0.0139236 0
0.0145378 0
0.0151792 0
0.0158489 0
0.0165482 0
0.0172783 0
0.0180406 0
0.0188365 0
0.0196675 0
0.0205353 0
0.0214412 0
0.0223872 64.3419
0.0233749 0
0.0244062 0
0.025483 0
0.0266073 0
0.0277811 0
0.0290068 0
0.0302866 0
0.0316228 0
0.0330179 0
0.0344747 0
0.0359956 60.8641
0.0375837 0
0.0392419 0
0.0409732 0
0.0427809 0
0.0446684 0
0.0466391 0
0.0486968 0
0.0508452 0
0.0530884 105.361
0.0554307 67.7078
0.0578762 0
0.0604296 95.6903
0.0630957 0
0.0658795 105.556
0.068786 52.9663
0.0718208 0
0.0749894 0
0.0782979 93.7392
0.0817523 0
0.0853591 0
0.0891251 0
0.0930572 111.411
0.0971628 0
0.10145 0
0.105925 33.0987
0.110599 0
0.115478 0
0.120573 0
0.125893 149.378
0.131447 59.2859
0.137246 0
0.143301 0
0.149624 0
0.156225 0
0.163117 0
0.170314 187.46
0.177828 90.7862
0.185674 113.783
0.193865 76.0621
0.202418 157.681
0.211349 188.841
0.220673 182.139
0.230409 0
0.240575 112.648
0.251189 97.5273
0.262271 305.368
0.273842 134.248
0.285924 0
0.298538 93.7762
0.311709 151.675
0.325462 120.358
0.339821 65.2417
0.354813 102.072
0.370467 199.919
0.386812 171.153
0.403878 259.348
0.421697 448.795
0.440301 188.761
0.459727 83.8015
0.48001 366.114
0.501187 23.6626
0.523299 43.0282
0.546387 273.441
0.570493 261.375
0.595662 14.5491
0.621942 143.78
0.649382 132.778
0.678032 110.245
0.707946 362.982
0.73918 232.253
0.771792 109.246
0.805842 186.489
0.841395 117.68
0.878517 104.827
0.917276 263.816
0.957745 72.2196
1 96.4586
1.04412 309.723
1.09018 52.8981
1.13828 179.41
1.1885 0
1.24094 227.055
1.29569 230.444
1.35285 88.5525
1.41254 438.491
1.47486 117.465
1.53993 277.725
1.60787 111.54
1.6788 204.009
1.75287 78.5306
1.83021 0
1.91095 555.924
1.99526 0
2.08329 141.291
2.1752 0
2.27117 197.814
2.37137 0
2.476 0
2.58523 294.35
2.69929 0
2.81838 102.646
2.94273 98.3116
3.07256 100.123
3.20812 309.48
3.34965 0
3.49744 205.077
3.65174 212.373
3.81285 202.414
3.98107 80.8721
4.15671 504.722
4.3401 53.6757
4.53158 171.184
4.73151 85.3917
4.94026 0
5.15822 0
5.3858 189.7
5.62341 104.349
5.87151 79.8402
6.13056 324.996
6.40103 174.369
6.68344 100.138
6.97831 238.575
7.28618 190.319
7.60764 66.9414
7.94328 308.649
8.29373 82.9303
8.65964 0
9.0417 323.36
9.44061 281.133
9.85712 338.082
10.292 57.3217
10.7461 184.204
11.2202 257.095
11.7152 575.855
12.2321 0
12.7717 230
13.3352 208.735
13.9236 325.524
14.5378 283.942
15.1792 183.305
15.8489 194.536
16.5482 105.029
17.2783 41.4788
18.0406 60.7412
18.8365 348.263
19.6675 84.136
20.5353 20.2336
21.4412 168.6
22.3872 89.1424
23.3749 322.463
24.4062 287.691
25.483 0
26.6073 312.953
27.7811 16.7987
29.0068 180.703
30.2866 169.004
31.6228 108.072
33.0179 63.4942
34.4747 318.834
35.9956 159.465
37.5837 407.463
39.2419 266.187
40.9732 117.106
42.7809 236.475
44.6684 403.533
46.6391 146.202
48.6968 83.5323
50.8452 147.497
53.0884 142.804
55.4307 253.039
57.8762 428.609
60.4296 42.1309
63.0957 440.96
65.8795 339.77
68.786 215.102
71.8208 415.801
74.9894 187.998
78.2979 166.178
81.7523 362.622
85.3591 326.529
89.1251 322.49
93.0572 340.475
97.1628 278.358
101.45 46.7598
105.925 311.171
110.599 264.982
115.478 605.189
120.573 247.259
125.893 354.71
131.447 89.8015
137.246 258.066
143.301 300.487
149.624 369.286
156.225 330.576
163.117 526.347
170.314 604.227
177.828 766.033
185.674 595.941
193.865 460.333
202.418 949.249
211.349 765.622
220.673 529.297
230.409 1058.06
240.575 1439.93
251.189 1415.4
262.271 1188.89
273.842 1357.9
285.924 1890.93
298.538 2841.57
311.709 3540.65
325.462 2000.83
339.821 3695.92
354.813 3653.59
370.467 4578.01
386.812 4529.38
403.878 4464.48
421.697 3808.9
440.301 2797.82
459.727 2368.8
480.01 1147.28
501.187 1414.77
523.299 643.455
546.387 810.69
570.493 277.683
595.662 340.107
621.942 305.019
649.382 26.7064
678.032 68.9723
707.946 115.223
739.18 0
771.792 0
805.842 0
841.395 0
878.517 0
917.276 0
957.745 0
1000 0
