# First line is two numbers 
#     First value is '2', it means 'histogram mode'
#     Second value is 'Emin' of the histogram
# Other lines : 2 columns. 1) energy 2) probability (nb divided by NbEvent)
# Number of bins = 480
# Content below the first bin: 0
# Content above the last  bin: 0
# Content above the last  bin: 0
# Number of events: 209000
2 1e-06
1.04412e-06 0
1.09018e-06 0
1.13828e-06 0
1.1885e-06 0
1.24094e-06 0
1.29569e-06 0
1.35285e-06 0
1.41254e-06 0
1.47486e-06 0
1.53993e-06 0
1.60787e-06 0
1.6788e-06 0
1.75287e-06 0
1.83021e-06 0
1.91095e-06 0
1.99526e-06 0
2.08329e-06 0
2.1752e-06 0
2.27117e-06 0
2.37137e-06 0
2.476e-06 0
2.58523e-06 0
2.69929e-06 0
2.81838e-06 0
2.94273e-06 0
3.07256e-06 0
3.20812e-06 0
3.34965e-06 0
3.49744e-06 0
3.65174e-06 0
3.81285e-06 0
3.98107e-06 0
4.15671e-06 0
4.3401e-06 0
4.53158e-06 0
4.73151e-06 0
4.94026e-06 0
5.15822e-06 0
5.3858e-06 0
5.62341e-06 0
5.87151e-06 0
6.13056e-06 0
6.40103e-06 0
6.68344e-06 0
6.97831e-06 0
7.28618e-06 0
7.60764e-06 0
7.94328e-06 0
8.29373e-06 0
8.65964e-06 0
9.0417e-06 0
9.44061e-06 0
9.85712e-06 0
1.0292e-05 0
1.07461e-05 0
1.12202e-05 0
1.17152e-05 0
1.22321e-05 0
1.27717e-05 0
1.33352e-05 0
1.39236e-05 0
1.45378e-05 0
1.51792e-05 0
1.58489e-05 0
1.65482e-05 0
1.72783e-05 0
1.80406e-05 0
1.88365e-05 0
1.96675e-05 0
2.05353e-05 0
2.14412e-05 0
2.23872e-05 0
2.33749e-05 0
2.44062e-05 0
2.5483e-05 0
2.66073e-05 0
2.77811e-05 0
2.90068e-05 0
3.02866e-05 0
3.16228e-05 0
3.30179e-05 0
3.44747e-05 0
3.59956e-05 0
3.75837e-05 0
3.92419e-05 0
4.09732e-05 0
4.27809e-05 0
4.46684e-05 0
4.66391e-05 0
4.86968e-05 0
5.08452e-05 0
5.30884e-05 0
5.54307e-05 0
5.78762e-05 0
6.04296e-05 0
6.30957e-05 0
6.58795e-05 0
6.8786e-05 0
7.18208e-05 0
7.49894e-05 0
7.82979e-05 0
8.17523e-05 0
8.53591e-05 0
8.91251e-05 0
9.30572e-05 0
9.71628e-05 0
0.00010145 0
0.000105925 0
0.000110599 0
0.000115478 0
0.000120573 0
0.000125893 0
0.000131447 0
0.000137246 0
0.000143301 0
0.000149624 0
0.000156225 0
0.000163117 0
0.000170314 0
0.000177828 0
0.000185674 0
0.000193865 0
0.000202418 0
0.000211349 0
0.000220673 0
0.000230409 0
0.000240575 0
0.000251189 0
0.000262271 0
0.000273842 0
0.000285924 0
0.000298538 0
0.000311709 0
0.000325462 0
0.000339821 0
0.000354813 0
0.000370467 0
0.000386812 0
0.000403878 0
0.000421697 0
0.000440301 0
0.000459727 0
0.00048001 0
0.000501187 0
0.000523299 0
0.000546387 0
0.000570493 0
0.000595662 0
0.000621942 0
0.000649382 0
0.000678032 0
0.000707946 0
0.00073918 0
0.000771792 0
0.000805842 0
0.000841395 0
0.000878517 0
0.000917276 0
0.000957745 0
0.001 0
0.00104412 0
0.00109018 0
0.00113828 0
0.0011885 0
0.00124094 0
0.00129569 0
0.00135285 0
0.00141254 0
0.00147486 0
0.00153993 0
0.00160787 0
0.0016788 0
0.00175287 0
0.00183021 0
0.00191095 0
0.00199526 0
0.00208329 0
0.0021752 0
0.00227117 0
0.00237137 0
0.002476 0
0.00258523 0
0.00269929 0
0.00281838 0
0.00294273 0
0.00307256 0
0.00320812 0
0.00334965 0
0.00349744 0
0.00365174 0
0.00381285 0
0.00398107 0
0.00415671 0
0.0043401 0
0.00453158 0
0.00473151 0
0.00494026 0
0.00515822 0
0.0053858 0
0.00562341 0
0.00587151 0
0.00613056 0
0.00640103 0
0.00668344 0
0.00697831 0
0.00728618 0
0.00760764 0
0.00794328 0
0.00829373 0
0.00865964 0
0.0090417 0
0.00944061 0
0.00985712 0
0.010292 0
0.0107461 0
0.0112202 104.547
0.0117152 0
0.0122321 0
0.0127717 0
0.0133352 0
0.0139236 0
0.0145378 0
0.0151792 0
0.0158489 0
0.0165482 0
0.0172783 0
0.0180406 0
0.0188365 0
0.0196675 0
0.0205353 0
0.0214412 0
0.0223872 0
0.0233749 0
0.0244062 0
0.025483 0
0.0266073 95.2622
0.0277811 0
0.0290068 0
0.0302866 119.643
0.0316228 0
0.0330179 0
0.0344747 0
0.0359956 0
0.0375837 0
0.0392419 0
0.0409732 0
0.0427809 89.8909
0.0446684 0
0.0466391 106.539
0.0486968 0
0.0508452 81.0391
0.0530884 0
0.0554307 150.952
0.0578762 0
0.0604296 35.1678
0.0630957 60.9705
0.0658795 0
0.068786 118.362
0.0718208 0
0.0749894 102.118
0.0782979 74.7512
0.0817523 0
0.0853591 0
0.0891251 0
0.0930572 166.541
0.0971628 80.2432
0.10145 222.776
0.105925 0
0.110599 0
0.115478 0
0.120573 0
0.125893 55.8231
0.131447 0
0.137246 93.0221
0.143301 163.501
0.149624 322.576
0.156225 0
0.163117 0
0.170314 255.49
0.177828 51.5819
0.185674 108.015
0.193865 0
0.202418 183.447
0.211349 0
0.220673 100.991
0.230409 0
0.240575 91.2767
0.251189 117.333
0.262271 74.4766
0.273842 16.9651
0.285924 126.15
0.298538 49.1905
0.311709 115.783
0.325462 0
0.339821 306.522
0.354813 147.608
0.370467 76.377
0.386812 123.259
0.403878 107.096
0.421697 345.114
0.440301 70.3792
0.459727 194.382
0.48001 37.1288
0.501187 423.941
0.523299 24.2728
0.546387 314.026
0.570493 112.663
0.595662 0
0.621942 417.276
0.649382 116.365
0.678032 257.534
0.707946 34.5793
0.73918 202.395
0.771792 312.19
0.805842 148.393
0.841395 0
0.878517 151.096
0.917276 113.797
0.957745 59.449
1 256.276
1.04412 0
1.09018 0
1.13828 164.352
1.1885 248.842
1.24094 93.8284
1.29569 196.634
1.35285 185.124
1.41254 107.837
1.47486 0
1.53993 36.7609
1.60787 0
1.6788 94.015
1.75287 102.997
1.83021 421.168
1.91095 0
1.99526 0
2.08329 86.1692
2.1752 102.771
2.27117 153.323
2.37137 159.742
2.476 119.028
2.58523 220.42
2.69929 85.6494
2.81838 61.6471
2.94273 233.126
3.07256 95.6598
3.20812 183.425
3.34965 257.353
3.49744 49.7643
3.65174 0
3.81285 99.0898
3.98107 0
4.15671 199.663
4.3401 102.5
4.53158 40.7301
4.73151 290.027
4.94026 190.111
5.15822 0
5.3858 252.345
5.62341 0
5.87151 91.9812
6.13056 96.165
6.40103 70.2362
6.68344 0
6.97831 0
7.28618 72.5225
7.60764 78.9377
7.94328 334
8.29373 75.0722
8.65964 168.769
9.0417 121.089
9.44061 177.571
9.85712 78.6375
10.292 148.446
10.7461 287.063
11.2202 71.9869
11.7152 275.506
12.2321 185.761
12.7717 236.031
13.3352 46.4377
13.9236 49.0904
14.5378 246.346
15.1792 62.6293
15.8489 74.0119
16.5482 0
17.2783 179.839
18.0406 253.233
18.8365 0
19.6675 200.6
20.5353 183.291
21.4412 257.148
22.3872 149.33
23.3749 246.919
24.4062 227.14
25.483 255
26.6073 134.886
27.7811 0
29.0068 181.984
30.2866 174.109
31.6228 200.98
33.0179 178.256
34.4747 109.265
35.9956 41.8385
37.5837 621.345
39.2419 9.5644
40.9732 91.1443
42.7809 162.635
44.6684 189.026
46.6391 262.468
48.6968 439.965
50.8452 62.0137
53.0884 303.49
55.4307 478.88
57.8762 126.762
60.4296 94.9297
63.0957 54.4891
65.8795 232.531
68.786 210.413
71.8208 37.4817
74.9894 494.922
78.2979 470.77
81.7523 223.194
85.3591 37.2121
89.1251 0
93.0572 115.751
97.1628 480.537
101.45 385.797
105.925 413.644
110.599 368.306
115.478 168.063
120.573 188.907
125.893 143.129
131.447 100.579
137.246 425.148
143.301 475.352
149.624 225.045
156.225 421.424
163.117 393.78
170.314 511.332
177.828 483.921
185.674 216.676
193.865 585.468
202.418 717.054
211.349 878.972
220.673 1224.55
230.409 1216.05
240.575 887.032
251.189 795.191
262.271 1656.24
273.842 1686.56
285.924 1633.42
298.538 1473.41
311.709 1910.08
325.462 3180.64
339.821 4954.01
354.813 4498.96
370.467 3813.13
386.812 5629.8
403.878 3018.36
421.697 2888.78
440.301 2844.51
459.727 2050.18
480.01 2068.33
501.187 1202.51
523.299 1165.04
546.387 709.936
570.493 420.014
595.662 273.407
621.942 188.188
649.382 45.8497
678.032 259.814
707.946 370.298
739.18 30.3906
771.792 0
805.842 0
841.395 0
878.517 161.271
917.276 0
957.745 0
1000 0
