# First line is two numbers 
#     First value is '2', it means 'histogram mode'
#     Second value is 'Emin' of the histogram
# Other lines : 2 columns. 1) energy 2) probability (nb divided by NbEvent)
# Number of bins = 480
# Content below the first bin: 0
# Content above the last  bin: 0
# Content above the last  bin: 0
# Number of events: 209000
2 1e-06
1.04412e-06 0
1.09018e-06 0
1.13828e-06 0
1.1885e-06 0
1.24094e-06 0
1.29569e-06 0
1.35285e-06 0
1.41254e-06 0
1.47486e-06 0
1.53993e-06 0
1.60787e-06 0
1.6788e-06 0
1.75287e-06 0
1.83021e-06 0
1.91095e-06 0
1.99526e-06 0
2.08329e-06 0
2.1752e-06 0
2.27117e-06 0
2.37137e-06 0
2.476e-06 0
2.58523e-06 0
2.69929e-06 0
2.81838e-06 0
2.94273e-06 0
3.07256e-06 0
3.20812e-06 0
3.34965e-06 0
3.49744e-06 0
3.65174e-06 0
3.81285e-06 0
3.98107e-06 0
4.15671e-06 0
4.3401e-06 0
4.53158e-06 0
4.73151e-06 0
4.94026e-06 0
5.15822e-06 0
5.3858e-06 0
5.62341e-06 0
5.87151e-06 0
6.13056e-06 0
6.40103e-06 0
6.68344e-06 0
6.97831e-06 0
7.28618e-06 0
7.60764e-06 0
7.94328e-06 0
8.29373e-06 0
8.65964e-06 0
9.0417e-06 0
9.44061e-06 0
9.85712e-06 0
1.0292e-05 0
1.07461e-05 0
1.12202e-05 0
1.17152e-05 0
1.22321e-05 0
1.27717e-05 0
1.33352e-05 0
1.39236e-05 0
1.45378e-05 0
1.51792e-05 0
1.58489e-05 0
1.65482e-05 0
1.72783e-05 0
1.80406e-05 0
1.88365e-05 0
1.96675e-05 0
2.05353e-05 0
2.14412e-05 0
2.23872e-05 0
2.33749e-05 0
2.44062e-05 0
2.5483e-05 0
2.66073e-05 0
2.77811e-05 0
2.90068e-05 0
3.02866e-05 0
3.16228e-05 0
3.30179e-05 0
3.44747e-05 0
3.59956e-05 0
3.75837e-05 0
3.92419e-05 0
4.09732e-05 0
4.27809e-05 0
4.46684e-05 0
4.66391e-05 0
4.86968e-05 0
5.08452e-05 0
5.30884e-05 0
5.54307e-05 0
5.78762e-05 0
6.04296e-05 0
6.30957e-05 0
6.58795e-05 0
6.8786e-05 0
7.18208e-05 0
7.49894e-05 0
7.82979e-05 0
8.17523e-05 0
8.53591e-05 0
8.91251e-05 0
9.30572e-05 0
9.71628e-05 0
0.00010145 0
0.000105925 0
0.000110599 0
0.000115478 0
0.000120573 0
0.000125893 0
0.000131447 0
0.000137246 0
0.000143301 0
0.000149624 0
0.000156225 0
0.000163117 0
0.000170314 0
0.000177828 0
0.000185674 0
0.000193865 0
0.000202418 0
0.000211349 0
0.000220673 0
0.000230409 0
0.000240575 0
0.000251189 0
0.000262271 0
0.000273842 0
0.000285924 0
0.000298538 0
0.000311709 0
0.000325462 0
0.000339821 0
0.000354813 0
0.000370467 0
0.000386812 0
0.000403878 0
0.000421697 0
0.000440301 0
0.000459727 0
0.00048001 0
0.000501187 0
0.000523299 0
0.000546387 0
0.000570493 0
0.000595662 0
0.000621942 0
0.000649382 0
0.000678032 0
0.000707946 0
0.00073918 0
0.000771792 0
0.000805842 0
0.000841395 0
0.000878517 0
0.000917276 0
0.000957745 0
0.001 0
0.00104412 0
0.00109018 0
0.00113828 0
0.0011885 0
0.00124094 0
0.00129569 0
0.00135285 0
0.00141254 0
0.00147486 0
0.00153993 0
0.00160787 0
0.0016788 0
0.00175287 0
0.00183021 0
0.00191095 0
0.00199526 0
0.00208329 0
0.0021752 0
0.00227117 0
0.00237137 0
0.002476 0
0.00258523 0
0.00269929 0
0.00281838 0
0.00294273 0
0.00307256 0
0.00320812 0
0.00334965 0
0.00349744 0
0.00365174 0
0.00381285 0
0.00398107 0
0.00415671 0
0.0043401 0
0.00453158 0
0.00473151 0
0.00494026 0
0.00515822 0
0.0053858 0
0.00562341 0
0.00587151 0
0.00613056 0
0.00640103 0
0.00668344 0
0.00697831 0
0.00728618 0
0.00760764 0
0.00794328 0
0.00829373 0
0.00865964 0
0.0090417 0
0.00944061 0
0.00985712 0
0.010292 0
0.0107461 0
0.0112202 0
0.0117152 0
0.0122321 0
0.0127717 0
0.0133352 0
0.0139236 0
0.0145378 0
0.0151792 0
0.0158489 0
0.0165482 0
0.0172783 39.6727
0.0180406 0
0.0188365 0
0.0196675 0
0.0205353 0
0.0214412 0
0.0223872 0
0.0233749 0
0.0244062 0
0.025483 109.083
0.0266073 45.0075
0.0277811 0
0.0290068 0
0.0302866 0
0.0316228 0
0.0330179 0
0.0344747 0
0.0359956 0
0.0375837 0
0.0392419 0
0.0409732 0
0.0427809 0
0.0446684 0
0.0466391 0
0.0486968 0
0.0508452 0
0.0530884 0
0.0554307 0
0.0578762 0
0.0604296 107.276
0.0630957 0
0.0658795 0
0.068786 0
0.0718208 0
0.0749894 61.9059
0.0782979 113.886
0.0817523 0
0.0853591 0
0.0891251 0
0.0930572 0
0.0971628 0
0.10145 0
0.105925 0
0.110599 0
0.115478 93.173
0.120573 0
0.125893 128.611
0.131447 0
0.137246 97.5444
0.143301 303.48
0.149624 0
0.156225 0
0.163117 95.57
0.170314 178.378
0.177828 63.3941
0.185674 149.878
0.193865 116.545
0.202418 0
0.211349 74.4253
0.220673 93.7996
0.230409 0
0.240575 75.4215
0.251189 219.486
0.262271 0
0.273842 241.231
0.285924 0
0.298538 75.7626
0.311709 187.838
0.325462 157.279
0.339821 143.598
0.354813 612.361
0.370467 249.328
0.386812 0
0.403878 0
0.421697 115.241
0.440301 212.929
0.459727 110.818
0.48001 222.354
0.501187 174.982
0.523299 285.373
0.546387 0
0.570493 401.47
0.595662 640.754
0.621942 461.749
0.649382 966.535
0.678032 466.253
0.707946 521.732
0.73918 764.807
0.771792 361.535
0.805842 174.061
0.841395 484.96
0.878517 241.668
0.917276 199.414
0.957745 190.714
1 323.199
1.04412 94.31
1.09018 354.224
1.13828 443.884
1.1885 414.981
1.24094 536.567
1.29569 292.486
1.35285 200.195
1.41254 465.907
1.47486 423.826
1.53993 347.769
1.60787 0
1.6788 326.483
1.75287 166.544
1.83021 324.887
1.91095 638.302
1.99526 390.176
2.08329 338.329
2.1752 692.738
2.27117 502.748
2.37137 446.2
2.476 0
2.58523 253.924
2.69929 337.064
2.81838 304.975
2.94273 240.762
3.07256 72.1814
3.20812 286.387
3.34965 260.757
3.49744 115.642
3.65174 357.439
3.81285 474.546
3.98107 0
4.15671 217.104
4.3401 145.816
4.53158 80.4473
4.73151 117.952
4.94026 267.006
5.15822 227.254
5.3858 79.9536
5.62341 68.1521
5.87151 168.598
6.13056 95.355
6.40103 299.906
6.68344 80.4342
6.97831 106.599
7.28618 303.894
7.60764 107.706
7.94328 407.663
8.29373 89.8386
8.65964 181.242
9.0417 200.886
9.44061 8.75659
9.85712 228.168
10.292 317.461
10.7461 101.461
11.2202 98.391
11.7152 0
12.2321 191.378
12.7717 41.9657
13.3352 243.473
13.9236 51.4529
14.5378 148.234
15.1792 232.663
15.8489 210.477
16.5482 192.582
17.2783 0
18.0406 321.994
18.8365 93.5196
19.6675 76.0456
20.5353 190.866
21.4412 0
22.3872 165.709
23.3749 340.715
24.4062 140.817
25.483 0
26.6073 217.724
27.7811 99.6523
29.0068 350.885
30.2866 113.825
31.6228 260.271
33.0179 252.158
34.4747 379.331
35.9956 102.239
37.5837 258.09
39.2419 0
40.9732 109.149
42.7809 485.104
44.6684 432.047
46.6391 176.158
48.6968 238.034
50.8452 461.365
53.0884 233.729
55.4307 144.142
57.8762 418.363
60.4296 768.091
63.0957 468.784
65.8795 260.153
68.786 144.014
71.8208 617.015
74.9894 386.272
78.2979 334.852
81.7523 401.921
85.3591 262.657
89.1251 292.764
93.0572 302.493
97.1628 288.238
101.45 272.741
105.925 27.256
110.599 122.589
115.478 457.486
120.573 217.048
125.893 230.464
131.447 91.7864
137.246 433.842
143.301 131.282
149.624 251.44
156.225 178.632
163.117 181.151
170.314 86.3905
177.828 0
185.674 422.577
193.865 291.456
202.418 217.381
211.349 355.436
220.673 648.24
230.409 404.172
240.575 93.0323
251.189 224.347
262.271 40.9737
273.842 0
285.924 0
298.538 83.6339
311.709 0
325.462 101.323
339.821 0
354.813 0
370.467 0
386.812 0
403.878 0
421.697 0
440.301 0
459.727 0
480.01 0
501.187 0
523.299 44.1147
546.387 0
570.493 54.5413
595.662 87.9942
621.942 0
649.382 0
678.032 0
707.946 0
739.18 0
771.792 0
805.842 0
841.395 0
878.517 0
917.276 0
957.745 0
1000 0
