# First line is two numbers 
#     First value is '2', it means 'histogram mode'
#     Second value is 'Emin' of the histogram
# Other lines : 2 columns. 1) energy 2) probability (nb divided by NbEvent)
# Number of bins = 480
# Content below the first bin: 0
# Content above the last  bin: 0
# Content above the last  bin: 0
# Number of events: 209000
2 1e-06
1.04412e-06 0
1.09018e-06 0
1.13828e-06 0
1.1885e-06 0
1.24094e-06 0
1.29569e-06 0
1.35285e-06 0
1.41254e-06 0
1.47486e-06 0
1.53993e-06 0
1.60787e-06 0
1.6788e-06 0
1.75287e-06 0
1.83021e-06 0
1.91095e-06 0
1.99526e-06 0
2.08329e-06 0
2.1752e-06 0
2.27117e-06 0
2.37137e-06 0
2.476e-06 0
2.58523e-06 0
2.69929e-06 0
2.81838e-06 0
2.94273e-06 0
3.07256e-06 0
3.20812e-06 0
3.34965e-06 0
3.49744e-06 0
3.65174e-06 0
3.81285e-06 0
3.98107e-06 0
4.15671e-06 0
4.3401e-06 0
4.53158e-06 0
4.73151e-06 0
4.94026e-06 0
5.15822e-06 0
5.3858e-06 0
5.62341e-06 0
5.87151e-06 0
6.13056e-06 0
6.40103e-06 0
6.68344e-06 0
6.97831e-06 0
7.28618e-06 0
7.60764e-06 0
7.94328e-06 0
8.29373e-06 0
8.65964e-06 0
9.0417e-06 0
9.44061e-06 0
9.85712e-06 0
1.0292e-05 0
1.07461e-05 0
1.12202e-05 0
1.17152e-05 0
1.22321e-05 0
1.27717e-05 0
1.33352e-05 0
1.39236e-05 0
1.45378e-05 0
1.51792e-05 0
1.58489e-05 0
1.65482e-05 0
1.72783e-05 0
1.80406e-05 0
1.88365e-05 0
1.96675e-05 0
2.05353e-05 0
2.14412e-05 0
2.23872e-05 0
2.33749e-05 0
2.44062e-05 0
2.5483e-05 0
2.66073e-05 0
2.77811e-05 0
2.90068e-05 0
3.02866e-05 0
3.16228e-05 0
3.30179e-05 0
3.44747e-05 0
3.59956e-05 0
3.75837e-05 0
3.92419e-05 0
4.09732e-05 0
4.27809e-05 0
4.46684e-05 0
4.66391e-05 0
4.86968e-05 0
5.08452e-05 0
5.30884e-05 0
5.54307e-05 0
5.78762e-05 0
6.04296e-05 0
6.30957e-05 0
6.58795e-05 0
6.8786e-05 0
7.18208e-05 0
7.49894e-05 0
7.82979e-05 0
8.17523e-05 0
8.53591e-05 0
8.91251e-05 0
9.30572e-05 0
9.71628e-05 0
0.00010145 0
0.000105925 0
0.000110599 0
0.000115478 0
0.000120573 0
0.000125893 0
0.000131447 0
0.000137246 0
0.000143301 0
0.000149624 0
0.000156225 0
0.000163117 0
0.000170314 0
0.000177828 0
0.000185674 0
0.000193865 0
0.000202418 0
0.000211349 0
0.000220673 0
0.000230409 0
0.000240575 0
0.000251189 0
0.000262271 0
0.000273842 0
0.000285924 0
0.000298538 0
0.000311709 0
0.000325462 0
0.000339821 0
0.000354813 0
0.000370467 0
0.000386812 0
0.000403878 0
0.000421697 0
0.000440301 0
0.000459727 0
0.00048001 0
0.000501187 0
0.000523299 0
0.000546387 0
0.000570493 0
0.000595662 0
0.000621942 0
0.000649382 0
0.000678032 0
0.000707946 0
0.00073918 0
0.000771792 0
0.000805842 0
0.000841395 0
0.000878517 0
0.000917276 0
0.000957745 0
0.001 0
0.00104412 0
0.00109018 0
0.00113828 0
0.0011885 0
0.00124094 0
0.00129569 0
0.00135285 0
0.00141254 0
0.00147486 0
0.00153993 0
0.00160787 0
0.0016788 0
0.00175287 0
0.00183021 0
0.00191095 0
0.00199526 0
0.00208329 0
0.0021752 0
0.00227117 0
0.00237137 0
0.002476 0
0.00258523 0
0.00269929 0
0.00281838 0
0.00294273 0
0.00307256 0
0.00320812 0
0.00334965 0
0.00349744 0
0.00365174 0
0.00381285 0
0.00398107 0
0.00415671 0
0.0043401 0
0.00453158 85.6156
0.00473151 0
0.00494026 0
0.00515822 0
0.0053858 0
0.00562341 0
0.00587151 0
0.00613056 0
0.00640103 0
0.00668344 0
0.00697831 0
0.00728618 0
0.00760764 0
0.00794328 0
0.00829373 0
0.00865964 0
0.0090417 0
0.00944061 0
0.00985712 0
0.010292 0
0.0107461 0
0.0112202 0
0.0117152 0
0.0122321 0
0.0127717 0
0.0133352 0
0.0139236 0
0.0145378 0
0.0151792 0
0.0158489 0
0.0165482 0
0.0172783 0
0.0180406 0
0.0188365 0
0.0196675 0
0.0205353 0
0.0214412 0
0.0223872 0
0.0233749 0
0.0244062 0
0.025483 0
0.0266073 0
0.0277811 0
0.0290068 0
0.0302866 0
0.0316228 0
0.0330179 0
0.0344747 0
0.0359956 0
0.0375837 110.382
0.0392419 0
0.0409732 34.158
0.0427809 0
0.0446684 0
0.0466391 0
0.0486968 0
0.0508452 0
0.0530884 0
0.0554307 45.8371
0.0578762 0
0.0604296 93.9249
0.0630957 0
0.0658795 0
0.068786 0
0.0718208 100.517
0.0749894 63.4282
0.0782979 0
0.0817523 0
0.0853591 0
0.0891251 26.4381
0.0930572 0
0.0971628 0
0.10145 0
0.105925 129.896
0.110599 0
0.115478 0
0.120573 0
0.125893 0
0.131447 0
0.137246 53.3054
0.143301 0
0.149624 0
0.156225 409.464
0.163117 109.21
0.170314 0
0.177828 58.5893
0.185674 142.756
0.193865 84.4309
0.202418 0
0.211349 282.908
0.220673 228.645
0.230409 0
0.240575 63.8755
0.251189 33.2176
0.262271 256.443
0.273842 108.829
0.285924 0
0.298538 0
0.311709 94.8753
0.325462 109.213
0.339821 10.8557
0.354813 92.2146
0.370467 430.683
0.386812 50.4772
0.403878 147.3
0.421697 201.275
0.440301 0
0.459727 83.6332
0.48001 195.131
0.501187 185.135
0.523299 298.389
0.546387 308.298
0.570493 209.89
0.595662 364.391
0.621942 735.884
0.649382 690.017
0.678032 297.465
0.707946 473.178
0.73918 375.512
0.771792 0
0.805842 147.948
0.841395 334.11
0.878517 528.113
0.917276 100.928
0.957745 788.544
1 452.487
1.04412 196.302
1.09018 309.732
1.13828 435.18
1.1885 545.374
1.24094 467.264
1.29569 482.365
1.35285 768.827
1.41254 441.785
1.47486 581.781
1.53993 146.364
1.60787 388.765
1.6788 554.544
1.75287 463.764
1.83021 465.26
1.91095 372.169
1.99526 90.7722
2.08329 17.8052
2.1752 91.4291
2.27117 450.043
2.37137 267.793
2.476 268.292
2.58523 282.114
2.69929 229.165
2.81838 205.286
2.94273 307.868
3.07256 214.601
3.20812 135.504
3.34965 601.011
3.49744 125.768
3.65174 333.237
3.81285 151.508
3.98107 399.033
4.15671 109.188
4.3401 122.033
4.53158 59.4921
4.73151 52.1172
4.94026 106.579
5.15822 177.898
5.3858 0
5.62341 305.671
5.87151 299.155
6.13056 0
6.40103 116.288
6.68344 0
6.97831 373.498
7.28618 151.242
7.60764 203.912
7.94328 0
8.29373 103.002
8.65964 339.918
9.0417 108.613
9.44061 397.61
9.85712 85.466
10.292 211.329
10.7461 0
11.2202 202.902
11.7152 75.359
12.2321 109.488
12.7717 84.9391
13.3352 76.2687
13.9236 230.755
14.5378 201.298
15.1792 264.797
15.8489 179.154
16.5482 164.978
17.2783 344.731
18.0406 325.448
18.8365 227.127
19.6675 175.543
20.5353 177.277
21.4412 165.796
22.3872 0
23.3749 320.177
24.4062 249.023
25.483 175.333
26.6073 242.038
27.7811 206.054
29.0068 109.55
30.2866 302.939
31.6228 402.283
33.0179 164.413
34.4747 175.644
35.9956 520.16
37.5837 198.902
39.2419 395.94
40.9732 283.059
42.7809 162.011
44.6684 240.711
46.6391 167.867
48.6968 217.721
50.8452 377.626
53.0884 166.783
55.4307 22.8791
57.8762 117.677
60.4296 308.932
63.0957 628.765
65.8795 251.254
68.786 502.677
71.8208 240.102
74.9894 242.221
78.2979 317.332
81.7523 297.463
85.3591 212.072
89.1251 0
93.0572 103.698
97.1628 172.045
101.45 512.637
105.925 274.574
110.599 388.762
115.478 553.192
120.573 278.628
125.893 309.941
131.447 619.62
137.246 103.246
143.301 155.871
149.624 281.374
156.225 380.425
163.117 469.835
170.314 292.53
177.828 194.26
185.674 317.391
193.865 543.57
202.418 174.309
211.349 222.547
220.673 384.584
230.409 36.3676
240.575 0
251.189 182.561
262.271 300.95
273.842 0
285.924 0
298.538 212.497
311.709 0
325.462 0
339.821 0
354.813 0
370.467 115.824
386.812 178.473
403.878 114.459
421.697 0
440.301 0
459.727 0
480.01 0
501.187 0
523.299 0
546.387 0
570.493 0
595.662 0
621.942 114.705
649.382 0
678.032 0
707.946 0
739.18 0
771.792 0
805.842 0
841.395 0
878.517 0
917.276 0
957.745 0
1000 0
