# First line is two numbers 
#     First value is '2', it means 'histogram mode'
#     Second value is 'Emin' of the histogram
# Other lines : 2 columns. 1) energy 2) probability (nb divided by NbEvent)
# Number of bins = 480
# Content below the first bin: 0
# Content above the last  bin: 0
# Content above the last  bin: 0
# Number of events: 209000
2 1e-06
1.04412e-06 0
1.09018e-06 0
1.13828e-06 0
1.1885e-06 0
1.24094e-06 0
1.29569e-06 0
1.35285e-06 0
1.41254e-06 0
1.47486e-06 0
1.53993e-06 0
1.60787e-06 0
1.6788e-06 0
1.75287e-06 0
1.83021e-06 0
1.91095e-06 0
1.99526e-06 0
2.08329e-06 0
2.1752e-06 0
2.27117e-06 0
2.37137e-06 0
2.476e-06 0
2.58523e-06 0
2.69929e-06 0
2.81838e-06 0
2.94273e-06 0
3.07256e-06 0
3.20812e-06 0
3.34965e-06 0
3.49744e-06 0
3.65174e-06 0
3.81285e-06 0
3.98107e-06 0
4.15671e-06 0
4.3401e-06 0
4.53158e-06 0
4.73151e-06 0
4.94026e-06 0
5.15822e-06 0
5.3858e-06 0
5.62341e-06 0
5.87151e-06 0
6.13056e-06 0
6.40103e-06 0
6.68344e-06 0
6.97831e-06 0
7.28618e-06 0
7.60764e-06 0
7.94328e-06 0
8.29373e-06 0
8.65964e-06 0
9.0417e-06 0
9.44061e-06 0
9.85712e-06 0
1.0292e-05 0
1.07461e-05 0
1.12202e-05 0
1.17152e-05 0
1.22321e-05 0
1.27717e-05 0
1.33352e-05 0
1.39236e-05 0
1.45378e-05 0
1.51792e-05 0
1.58489e-05 0
1.65482e-05 0
1.72783e-05 0
1.80406e-05 0
1.88365e-05 0
1.96675e-05 0
2.05353e-05 0
2.14412e-05 0
2.23872e-05 0
2.33749e-05 0
2.44062e-05 0
2.5483e-05 0
2.66073e-05 0
2.77811e-05 0
2.90068e-05 0
3.02866e-05 0
3.16228e-05 0
3.30179e-05 0
3.44747e-05 0
3.59956e-05 0
3.75837e-05 0
3.92419e-05 0
4.09732e-05 0
4.27809e-05 0
4.46684e-05 0
4.66391e-05 0
4.86968e-05 0
5.08452e-05 0
5.30884e-05 0
5.54307e-05 0
5.78762e-05 0
6.04296e-05 0
6.30957e-05 0
6.58795e-05 0
6.8786e-05 0
7.18208e-05 0
7.49894e-05 0
7.82979e-05 0
8.17523e-05 0
8.53591e-05 0
8.91251e-05 0
9.30572e-05 0
9.71628e-05 0
0.00010145 0
0.000105925 0
0.000110599 0
0.000115478 0
0.000120573 0
0.000125893 0
0.000131447 0
0.000137246 0
0.000143301 0
0.000149624 0
0.000156225 0
0.000163117 0
0.000170314 0
0.000177828 0
0.000185674 0
0.000193865 0
0.000202418 0
0.000211349 0
0.000220673 0
0.000230409 0
0.000240575 0
0.000251189 0
0.000262271 0
0.000273842 0
0.000285924 0
0.000298538 0
0.000311709 0
0.000325462 0
0.000339821 0
0.000354813 0
0.000370467 0
0.000386812 0
0.000403878 0
0.000421697 0
0.000440301 0
0.000459727 0
0.00048001 0
0.000501187 0
0.000523299 0
0.000546387 0
0.000570493 0
0.000595662 0
0.000621942 0
0.000649382 0
0.000678032 0
0.000707946 0
0.00073918 0
0.000771792 0
0.000805842 0
0.000841395 0
0.000878517 0
0.000917276 0
0.000957745 0
0.001 0
0.00104412 0
0.00109018 0
0.00113828 0
0.0011885 0
0.00124094 0
0.00129569 0
0.00135285 0
0.00141254 0
0.00147486 0
0.00153993 0
0.00160787 0
0.0016788 0
0.00175287 0
0.00183021 0
0.00191095 0
0.00199526 0
0.00208329 0
0.0021752 0
0.00227117 0
0.00237137 0
0.002476 0
0.00258523 0
0.00269929 0
0.00281838 0
0.00294273 0
0.00307256 0
0.00320812 0
0.00334965 0
0.00349744 0
0.00365174 0
0.00381285 0
0.00398107 0
0.00415671 0
0.0043401 0
0.00453158 0
0.00473151 0
0.00494026 0
0.00515822 0
0.0053858 0
0.00562341 0
0.00587151 0
0.00613056 0
0.00640103 0
0.00668344 0
0.00697831 0
0.00728618 0
0.00760764 0
0.00794328 0
0.00829373 0
0.00865964 0
0.0090417 0
0.00944061 0
0.00985712 0
0.010292 0
0.0107461 0
0.0112202 0
0.0117152 0
0.0122321 0
0.0127717 0
0.0133352 0
0.0139236 0
0.0145378 0
0.0151792 0
0.0158489 0
0.0165482 0
0.0172783 0
0.0180406 0
0.0188365 0
0.0196675 0
0.0205353 0
0.0214412 0
0.0223872 0
0.0233749 0
0.0244062 0
0.025483 102.95
0.0266073 0
0.0277811 0
0.0290068 0
0.0302866 0
0.0316228 0
0.0330179 0
0.0344747 0
0.0359956 0
0.0375837 0
0.0392419 0
0.0409732 0
0.0427809 0
0.0446684 0
0.0466391 0
0.0486968 0
0.0508452 0
0.0530884 0
0.0554307 0
0.0578762 71.3546
0.0604296 0
0.0630957 0
0.0658795 0
0.068786 0
0.0718208 0
0.0749894 91.3555
0.0782979 0
0.0817523 0
0.0853591 0
0.0891251 0
0.0930572 0
0.0971628 0
0.10145 55.7663
0.105925 112.833
0.110599 0
0.115478 96.8743
0.120573 0
0.125893 90.9856
0.131447 0
0.137246 102.931
0.143301 119.77
0.149624 0
0.156225 0
0.163117 0
0.170314 70.1264
0.177828 0
0.185674 306.187
0.193865 0
0.202418 70.3004
0.211349 56.4967
0.220673 0
0.230409 0
0.240575 192.787
0.251189 200.129
0.262271 0
0.273842 105.104
0.285924 76.2525
0.298538 225.601
0.311709 180.383
0.325462 18.4059
0.339821 71.3351
0.354813 194.132
0.370467 376.608
0.386812 286.011
0.403878 0
0.421697 191.348
0.440301 0
0.459727 58.4676
0.48001 146.289
0.501187 127.438
0.523299 335.512
0.546387 304.577
0.570493 191.228
0.595662 370.062
0.621942 396.148
0.649382 830.857
0.678032 432.984
0.707946 356.618
0.73918 180.438
0.771792 340.464
0.805842 292.677
0.841395 601.194
0.878517 286.858
0.917276 400.473
0.957745 540.183
1 499.487
1.04412 120.257
1.09018 261.924
1.13828 797.901
1.1885 458.218
1.24094 122.966
1.29569 216.116
1.35285 373.589
1.41254 265.805
1.47486 103.334
1.53993 413.034
1.60787 362.167
1.6788 392.161
1.75287 410.641
1.83021 583.391
1.91095 535.638
1.99526 500.873
2.08329 258.895
2.1752 63.1729
2.27117 424.983
2.37137 844.32
2.476 267.19
2.58523 326.771
2.69929 66.5723
2.81838 352.023
2.94273 200.413
3.07256 340.429
3.20812 211.198
3.34965 31.9981
3.49744 232.823
3.65174 398.748
3.81285 207.806
3.98107 195.588
4.15671 454.062
4.3401 150.524
4.53158 98.1383
4.73151 93.9852
4.94026 144.883
5.15822 309.06
5.3858 102.986
5.62341 119.164
5.87151 16.1177
6.13056 242.843
6.40103 331.086
6.68344 215.719
6.97831 0
7.28618 199.11
7.60764 344.723
7.94328 0
8.29373 161.271
8.65964 0
9.0417 109.313
9.44061 0
9.85712 0
10.292 282.653
10.7461 120.861
11.2202 175.114
11.7152 203.807
12.2321 0
12.7717 97.2397
13.3352 200.569
13.9236 210.569
14.5378 338.48
15.1792 244.353
15.8489 249.818
16.5482 75.121
17.2783 393.614
18.0406 283.929
18.8365 93.0351
19.6675 438.024
20.5353 0
21.4412 0
22.3872 257.318
23.3749 251.656
24.4062 583.684
25.483 0
26.6073 606.72
27.7811 140.114
29.0068 54.2084
30.2866 159.591
31.6228 243.642
33.0179 108.048
34.4747 346.017
35.9956 315.119
37.5837 265.117
39.2419 359.004
40.9732 529.623
42.7809 579.417
44.6684 196.382
46.6391 178.085
48.6968 337.771
50.8452 119.925
53.0884 112.007
55.4307 257.565
57.8762 93.2661
60.4296 478.204
63.0957 489.763
65.8795 178.342
68.786 106.724
71.8208 217.561
74.9894 520.645
78.2979 385.08
81.7523 157.068
85.3591 274.581
89.1251 254.947
93.0572 184.04
97.1628 517.236
101.45 298.727
105.925 398.007
110.599 0
115.478 267.383
120.573 306.161
125.893 335.657
131.447 393.358
137.246 187.282
143.301 114.177
149.624 116.079
156.225 103.204
163.117 237.559
170.314 271.942
177.828 269.936
185.674 421.102
193.865 273.643
202.418 403.001
211.349 129.863
220.673 353.687
230.409 26.5904
240.575 98.6566
251.189 133.931
262.271 0
273.842 156.682
285.924 0
298.538 0
311.709 169.107
325.462 47.4357
339.821 0
354.813 0
370.467 0
386.812 196.961
403.878 0
421.697 0
440.301 0
459.727 0
480.01 0
501.187 0
523.299 0
546.387 0
570.493 0
595.662 0
621.942 0
649.382 0
678.032 0
707.946 0
739.18 0
771.792 0
805.842 0
841.395 0
878.517 0
917.276 0
957.745 0
1000 0
