# First line is two numbers 
#     First value is '2', it means 'histogram mode'
#     Second value is 'Emin' of the histogram
# Other lines : 2 columns. 1) energy 2) probability (nb divided by NbEvent)
# Number of bins = 480
# Content below the first bin: 0
# Content above the last  bin: 0
# Content above the last  bin: 0
# Number of events: 209000
2 1e-06
1.04412e-06 0
1.09018e-06 0
1.13828e-06 0
1.1885e-06 0
1.24094e-06 0
1.29569e-06 0
1.35285e-06 0
1.41254e-06 0
1.47486e-06 0
1.53993e-06 0
1.60787e-06 0
1.6788e-06 0
1.75287e-06 0
1.83021e-06 0
1.91095e-06 0
1.99526e-06 0
2.08329e-06 0
2.1752e-06 0
2.27117e-06 0
2.37137e-06 0
2.476e-06 0
2.58523e-06 0
2.69929e-06 0
2.81838e-06 0
2.94273e-06 0
3.07256e-06 0
3.20812e-06 0
3.34965e-06 0
3.49744e-06 0
3.65174e-06 0
3.81285e-06 0
3.98107e-06 0
4.15671e-06 0
4.3401e-06 0
4.53158e-06 0
4.73151e-06 0
4.94026e-06 0
5.15822e-06 0
5.3858e-06 0
5.62341e-06 0
5.87151e-06 0
6.13056e-06 0
6.40103e-06 0
6.68344e-06 0
6.97831e-06 0
7.28618e-06 0
7.60764e-06 0
7.94328e-06 0
8.29373e-06 0
8.65964e-06 0
9.0417e-06 0
9.44061e-06 0
9.85712e-06 0
1.0292e-05 0
1.07461e-05 0
1.12202e-05 0
1.17152e-05 0
1.22321e-05 0
1.27717e-05 0
1.33352e-05 0
1.39236e-05 0
1.45378e-05 0
1.51792e-05 0
1.58489e-05 0
1.65482e-05 0
1.72783e-05 0
1.80406e-05 0
1.88365e-05 0
1.96675e-05 0
2.05353e-05 0
2.14412e-05 0
2.23872e-05 0
2.33749e-05 0
2.44062e-05 0
2.5483e-05 0
2.66073e-05 0
2.77811e-05 0
2.90068e-05 0
3.02866e-05 0
3.16228e-05 0
3.30179e-05 0
3.44747e-05 0
3.59956e-05 0
3.75837e-05 0
3.92419e-05 0
4.09732e-05 0
4.27809e-05 0
4.46684e-05 0
4.66391e-05 0
4.86968e-05 0
5.08452e-05 0
5.30884e-05 0
5.54307e-05 0
5.78762e-05 0
6.04296e-05 0
6.30957e-05 0
6.58795e-05 0
6.8786e-05 0
7.18208e-05 0
7.49894e-05 0
7.82979e-05 0
8.17523e-05 0
8.53591e-05 0
8.91251e-05 0
9.30572e-05 0
9.71628e-05 0
0.00010145 0
0.000105925 0
0.000110599 0
0.000115478 0
0.000120573 0
0.000125893 0
0.000131447 0
0.000137246 0
0.000143301 0
0.000149624 0
0.000156225 0
0.000163117 0
0.000170314 0
0.000177828 0
0.000185674 0
0.000193865 0
0.000202418 0
0.000211349 0
0.000220673 0
0.000230409 0
0.000240575 0
0.000251189 0
0.000262271 0
0.000273842 0
0.000285924 0
0.000298538 0
0.000311709 0
0.000325462 0
0.000339821 0
0.000354813 0
0.000370467 0
0.000386812 0
0.000403878 0
0.000421697 0
0.000440301 0
0.000459727 0
0.00048001 0
0.000501187 0
0.000523299 0
0.000546387 0
0.000570493 0
0.000595662 0
0.000621942 0
0.000649382 0
0.000678032 0
0.000707946 0
0.00073918 0
0.000771792 0
0.000805842 0
0.000841395 0
0.000878517 0
0.000917276 0
0.000957745 0
0.001 0
0.00104412 0
0.00109018 0
0.00113828 0
0.0011885 0
0.00124094 0
0.00129569 0
0.00135285 0
0.00141254 0
0.00147486 0
0.00153993 0
0.00160787 84.78
0.0016788 0
0.00175287 0
0.00183021 0
0.00191095 0
0.00199526 0
0.00208329 0
0.0021752 0
0.00227117 0
0.00237137 0
0.002476 0
0.00258523 0
0.00269929 0
0.00281838 0
0.00294273 0
0.00307256 0
0.00320812 0
0.00334965 0
0.00349744 0
0.00365174 0
0.00381285 0
0.00398107 0
0.00415671 0
0.0043401 0
0.00453158 0
0.00473151 0
0.00494026 0
0.00515822 0
0.0053858 0
0.00562341 0
0.00587151 0
0.00613056 0
0.00640103 0
0.00668344 0
0.00697831 0
0.00728618 55.829
0.00760764 12.334
0.00794328 0
0.00829373 0
0.00865964 20.4583
0.0090417 0
0.00944061 0
0.00985712 0
0.010292 0
0.0107461 0
0.0112202 114.934
0.0117152 0
0.0122321 90.8765
0.0127717 0
0.0133352 0
0.0139236 0
0.0145378 0
0.0151792 0
0.0158489 0
0.0165482 22.6544
0.0172783 63.4276
0.0180406 91.2601
0.0188365 70.9253
0.0196675 0
0.0205353 0
0.0214412 0
0.0223872 191.448
0.0233749 82.9869
0.0244062 0
0.025483 131.542
0.0266073 70.2875
0.0277811 39.1274
0.0290068 247.467
0.0302866 244.774
0.0316228 0
0.0330179 231.509
0.0344747 375.03
0.0359956 342.435
0.0375837 0
0.0392419 204.77
0.0409732 0
0.0427809 487.363
0.0446684 397.512
0.0466391 165.144
0.0486968 500.863
0.0508452 223.239
0.0530884 147.075
0.0554307 337.895
0.0578762 337.378
0.0604296 441.386
0.0630957 40.0848
0.0658795 561.912
0.068786 582.538
0.0718208 387.853
0.0749894 417.967
0.0782979 501.148
0.0817523 821.999
0.0853591 279.064
0.0891251 497.986
0.0930572 596.078
0.0971628 413.924
0.10145 887.713
0.105925 303.925
0.110599 459.461
0.115478 1319.2
0.120573 944.777
0.125893 784.338
0.131447 665.341
0.137246 241.836
0.143301 964.911
0.149624 1381.94
0.156225 523.521
0.163117 549.834
0.170314 750.008
0.177828 1240.9
0.185674 665.243
0.193865 630.289
0.202418 714.513
0.211349 1390.46
0.220673 1099.32
0.230409 873.479
0.240575 696.879
0.251189 1292.95
0.262271 1155.83
0.273842 1425.38
0.285924 1132.87
0.298538 819.35
0.311709 1173.61
0.325462 1608.47
0.339821 1684.3
0.354813 873.866
0.370467 1783.42
0.386812 1161.33
0.403878 926.926
0.421697 1038.41
0.440301 997.122
0.459727 789.059
0.48001 1702.05
0.501187 968.445
0.523299 1678.75
0.546387 1302.45
0.570493 1293.87
0.595662 1517.62
0.621942 819.43
0.649382 1358.69
0.678032 1350.91
0.707946 1838.5
0.73918 848.768
0.771792 1049.02
0.805842 1230.66
0.841395 506.041
0.878517 709.739
0.917276 636.699
0.957745 582.262
1 800.356
1.04412 602.015
1.09018 821.482
1.13828 499.418
1.1885 469.361
1.24094 839.373
1.29569 174.986
1.35285 831.605
1.41254 592.295
1.47486 554.607
1.53993 349.594
1.60787 333.781
1.6788 564.638
1.75287 404.161
1.83021 294.59
1.91095 510.745
1.99526 552.974
2.08329 109.564
2.1752 130.926
2.27117 361.184
2.37137 170.914
2.476 138.778
2.58523 250.621
2.69929 226.341
2.81838 295.79
2.94273 287.599
3.07256 255.102
3.20812 162.816
3.34965 126.702
3.49744 301.692
3.65174 206.681
3.81285 145.132
3.98107 143.715
4.15671 446.874
4.3401 22.8959
4.53158 349.061
4.73151 79.0595
4.94026 424.728
5.15822 198.843
5.3858 0
5.62341 374.062
5.87151 57.7007
6.13056 432.792
6.40103 0
6.68344 202.894
6.97831 95.285
7.28618 96.3688
7.60764 0
7.94328 143.344
8.29373 182.975
8.65964 0
9.0417 62.0277
9.44061 115.829
9.85712 238.014
10.292 0
10.7461 59.4627
11.2202 0
11.7152 235.617
12.2321 203.694
12.7717 211.481
13.3352 191.652
13.9236 0
14.5378 108.25
15.1792 127.364
15.8489 0
16.5482 144.742
17.2783 50.2179
18.0406 57.0706
18.8365 176.751
19.6675 89.8243
20.5353 126.928
21.4412 0
22.3872 306.143
23.3749 190.166
24.4062 83.7707
25.483 272.236
26.6073 80.6235
27.7811 104.19
29.0068 96.5996
30.2866 144.365
31.6228 171.378
33.0179 213.649
34.4747 0
35.9956 113.269
37.5837 232.799
39.2419 0
40.9732 86.0675
42.7809 206.815
44.6684 173.35
46.6391 190.945
48.6968 92.321
50.8452 172.689
53.0884 143.22
55.4307 286.205
57.8762 83.9649
60.4296 69.8009
63.0957 208.929
65.8795 0
68.786 237.809
71.8208 291.421
74.9894 348.391
78.2979 30.935
81.7523 118.176
85.3591 362.615
89.1251 118.085
93.0572 104.805
97.1628 175.943
101.45 152.59
105.925 253.737
110.599 197.914
115.478 74.1958
120.573 373.348
125.893 208.819
131.447 290.368
137.246 0
143.301 323.624
149.624 264.773
156.225 278.097
163.117 307.513
170.314 97.4274
177.828 180.936
185.674 116.247
193.865 490.483
202.418 148.746
211.349 442.785
220.673 107.72
230.409 137.419
240.575 68.5155
251.189 219.412
262.271 209.728
273.842 205.91
285.924 243.991
298.538 0
311.709 184.647
325.462 94.0118
339.821 0
354.813 110.451
370.467 115.62
386.812 80.8023
403.878 0
421.697 104.591
440.301 106.01
459.727 0
480.01 50.7171
501.187 0
523.299 0
546.387 0
570.493 0
595.662 0
621.942 0
649.382 0
678.032 0
707.946 69.2647
739.18 0
771.792 0
805.842 0
841.395 0
878.517 0
917.276 0
957.745 0
1000 0
