# First line is two numbers 
#     First value is '2', it means 'histogram mode'
#     Second value is 'Emin' of the histogram
# Other lines : 2 columns. 1) energy 2) probability (nb divided by NbEvent)
# Number of bins = 480
# Content below the first bin: 0
# Content above the last  bin: 0
# Content above the last  bin: 0
# Number of events: 209000
2 1e-06
1.04412e-06 0
1.09018e-06 0
1.13828e-06 0
1.1885e-06 0
1.24094e-06 0
1.29569e-06 0
1.35285e-06 0
1.41254e-06 0
1.47486e-06 0
1.53993e-06 0
1.60787e-06 0
1.6788e-06 0
1.75287e-06 0
1.83021e-06 0
1.91095e-06 0
1.99526e-06 0
2.08329e-06 0
2.1752e-06 0
2.27117e-06 0
2.37137e-06 0
2.476e-06 0
2.58523e-06 0
2.69929e-06 0
2.81838e-06 0
2.94273e-06 0
3.07256e-06 0
3.20812e-06 0
3.34965e-06 0
3.49744e-06 0
3.65174e-06 0
3.81285e-06 0
3.98107e-06 0
4.15671e-06 0
4.3401e-06 0
4.53158e-06 0
4.73151e-06 0
4.94026e-06 0
5.15822e-06 0
5.3858e-06 0
5.62341e-06 0
5.87151e-06 0
6.13056e-06 0
6.40103e-06 0
6.68344e-06 0
6.97831e-06 0
7.28618e-06 0
7.60764e-06 0
7.94328e-06 0
8.29373e-06 0
8.65964e-06 0
9.0417e-06 0
9.44061e-06 0
9.85712e-06 0
1.0292e-05 0
1.07461e-05 0
1.12202e-05 0
1.17152e-05 0
1.22321e-05 0
1.27717e-05 0
1.33352e-05 0
1.39236e-05 0
1.45378e-05 0
1.51792e-05 0
1.58489e-05 0
1.65482e-05 0
1.72783e-05 0
1.80406e-05 0
1.88365e-05 0
1.96675e-05 0
2.05353e-05 0
2.14412e-05 0
2.23872e-05 0
2.33749e-05 0
2.44062e-05 0
2.5483e-05 0
2.66073e-05 0
2.77811e-05 0
2.90068e-05 0
3.02866e-05 0
3.16228e-05 0
3.30179e-05 0
3.44747e-05 0
3.59956e-05 0
3.75837e-05 0
3.92419e-05 0
4.09732e-05 0
4.27809e-05 0
4.46684e-05 0
4.66391e-05 0
4.86968e-05 0
5.08452e-05 0
5.30884e-05 0
5.54307e-05 0
5.78762e-05 0
6.04296e-05 0
6.30957e-05 0
6.58795e-05 0
6.8786e-05 0
7.18208e-05 0
7.49894e-05 0
7.82979e-05 0
8.17523e-05 0
8.53591e-05 0
8.91251e-05 0
9.30572e-05 0
9.71628e-05 0
0.00010145 0
0.000105925 0
0.000110599 0
0.000115478 0
0.000120573 0
0.000125893 0
0.000131447 0
0.000137246 0
0.000143301 0
0.000149624 0
0.000156225 0
0.000163117 0
0.000170314 0
0.000177828 0
0.000185674 0
0.000193865 0
0.000202418 0
0.000211349 0
0.000220673 0
0.000230409 0
0.000240575 0
0.000251189 0
0.000262271 0
0.000273842 0
0.000285924 0
0.000298538 0
0.000311709 0
0.000325462 0
0.000339821 0
0.000354813 0
0.000370467 0
0.000386812 0
0.000403878 0
0.000421697 0
0.000440301 0
0.000459727 0
0.00048001 0
0.000501187 0
0.000523299 0
0.000546387 0
0.000570493 0
0.000595662 0
0.000621942 0
0.000649382 0
0.000678032 0
0.000707946 0
0.00073918 0
0.000771792 0
0.000805842 0
0.000841395 0
0.000878517 0
0.000917276 0
0.000957745 0
0.001 0
0.00104412 0
0.00109018 0
0.00113828 0
0.0011885 0
0.00124094 0
0.00129569 0
0.00135285 0
0.00141254 0
0.00147486 0
0.00153993 0
0.00160787 0
0.0016788 0
0.00175287 0
0.00183021 0
0.00191095 0
0.00199526 0
0.00208329 0
0.0021752 0
0.00227117 0
0.00237137 0
0.002476 0
0.00258523 0
0.00269929 0
0.00281838 0
0.00294273 0
0.00307256 0
0.00320812 0
0.00334965 0
0.00349744 81.4415
0.00365174 0
0.00381285 0
0.00398107 0
0.00415671 0
0.0043401 0
0.00453158 0
0.00473151 0
0.00494026 95.6606
0.00515822 0
0.0053858 0
0.00562341 0
0.00587151 0
0.00613056 0
0.00640103 0
0.00668344 0
0.00697831 80.7539
0.00728618 0
0.00760764 0
0.00794328 0
0.00829373 16.5354
0.00865964 0
0.0090417 0
0.00944061 198.899
0.00985712 0
0.010292 18.1886
0.0107461 0
0.0112202 0
0.0117152 0
0.0122321 266.793
0.0127717 165.607
0.0133352 0
0.0139236 0
0.0145378 180.435
0.0151792 174.784
0.0158489 290.012
0.0165482 52.0351
0.0172783 0
0.0180406 253.546
0.0188365 83.193
0.0196675 107.052
0.0205353 176.492
0.0214412 71.7862
0.0223872 99.2719
0.0233749 319.528
0.0244062 244.538
0.025483 447.381
0.0266073 278.601
0.0277811 288.523
0.0290068 232.544
0.0302866 242.952
0.0316228 102.875
0.0330179 609.146
0.0344747 535.238
0.0359956 476.571
0.0375837 442.954
0.0392419 967.66
0.0409732 187.125
0.0427809 441.035
0.0446684 757.913
0.0466391 633.041
0.0486968 459.598
0.0508452 154.454
0.0530884 963.448
0.0554307 344.514
0.0578762 405.377
0.0604296 1246.02
0.0630957 683.295
0.0658795 863.106
0.068786 906.566
0.0718208 1019.46
0.0749894 1220.45
0.0782979 791.142
0.0817523 902.687
0.0853591 1108.9
0.0891251 1192.01
0.0930572 1036.92
0.0971628 1453.07
0.10145 1627.92
0.105925 2065.43
0.110599 1767.64
0.115478 1445.59
0.120573 1873.3
0.125893 2098.93
0.131447 2379.57
0.137246 1325.32
0.143301 1614.4
0.149624 1895.57
0.156225 1746.98
0.163117 2004.26
0.170314 1709.05
0.177828 1807.69
0.185674 1549.66
0.193865 1821.11
0.202418 1877.26
0.211349 1349.84
0.220673 1774.8
0.230409 1566.61
0.240575 1508.85
0.251189 2241.65
0.262271 2616.74
0.273842 2319.32
0.285924 2374.69
0.298538 2086.26
0.311709 2736.71
0.325462 2993.85
0.339821 1838.69
0.354813 1988.38
0.370467 3074.22
0.386812 2498.1
0.403878 3284.46
0.421697 2494.3
0.440301 1918.96
0.459727 2015.64
0.48001 2579.87
0.501187 2144.49
0.523299 2229.19
0.546387 2056.17
0.570493 1761.54
0.595662 1634.1
0.621942 2124.49
0.649382 2210.79
0.678032 1697.18
0.707946 2102.06
0.73918 2358.8
0.771792 2757.69
0.805842 1516.22
0.841395 1055.17
0.878517 1885.68
0.917276 1271.79
0.957745 1512.01
1 1891.42
1.04412 1214.81
1.09018 1434.97
1.13828 1515.55
1.1885 1589.66
1.24094 1965.19
1.29569 1233.39
1.35285 1100.59
1.41254 673.02
1.47486 1101.82
1.53993 808.448
1.60787 811.785
1.6788 680.702
1.75287 990.996
1.83021 630.025
1.91095 857.714
1.99526 436.081
2.08329 437.704
2.1752 726.516
2.27117 847.354
2.37137 201.05
2.476 870.079
2.58523 322.246
2.69929 594.411
2.81838 286.273
2.94273 227.084
3.07256 323.793
3.20812 240.908
3.34965 427.85
3.49744 592.96
3.65174 272.237
3.81285 678.624
3.98107 675.91
4.15671 937.606
4.3401 172.142
4.53158 205.682
4.73151 331.789
4.94026 293.427
5.15822 630.549
5.3858 235.5
5.62341 266.644
5.87151 282.013
6.13056 261.402
6.40103 433.6
6.68344 387.582
6.97831 351.523
7.28618 13.5033
7.60764 256.269
7.94328 134.292
8.29373 218.317
8.65964 113.983
9.0417 102.26
9.44061 129.15
9.85712 177.982
10.292 146.907
10.7461 177.109
11.2202 101.719
11.7152 225.073
12.2321 244.162
12.7717 310.253
13.3352 12.0499
13.9236 282.708
14.5378 247.048
15.1792 418.447
15.8489 389.841
16.5482 25.3554
17.2783 96.5322
18.0406 139.791
18.8365 105.597
19.6675 25.505
20.5353 93.4885
21.4412 0
22.3872 233.678
23.3749 366.286
24.4062 19.6264
25.483 315.585
26.6073 97.6473
27.7811 418.927
29.0068 435.763
30.2866 103.135
31.6228 133.434
33.0179 348.74
34.4747 131.035
35.9956 36.1483
37.5837 117.056
39.2419 203.562
40.9732 294.364
42.7809 271.175
44.6684 231.709
46.6391 365.689
48.6968 276.808
50.8452 421.306
53.0884 246.022
55.4307 450.104
57.8762 206.805
60.4296 155.386
63.0957 206.476
65.8795 634.009
68.786 224.315
71.8208 262.701
74.9894 519.268
78.2979 381.114
81.7523 576.322
85.3591 585.604
89.1251 314.51
93.0572 691.282
97.1628 620.974
101.45 240.982
105.925 474.159
110.599 410.73
115.478 562.598
120.573 452.12
125.893 253.705
131.447 537.47
137.246 406.235
143.301 871.171
149.624 590.093
156.225 445.068
163.117 231.219
170.314 497.174
177.828 420.902
185.674 895.03
193.865 351.468
202.418 490.36
211.349 807.517
220.673 831.254
230.409 873.354
240.575 414.936
251.189 252.95
262.271 302.962
273.842 194.171
285.924 487.068
298.538 470.743
311.709 227.23
325.462 356.599
339.821 142.141
354.813 295.86
370.467 87.573
386.812 0
403.878 197.073
421.697 0
440.301 0
459.727 90.657
480.01 0
501.187 0
523.299 0
546.387 0
570.493 0
595.662 0
621.942 68.1136
649.382 0
678.032 0
707.946 0
739.18 0
771.792 0
805.842 0
841.395 0
878.517 0
917.276 0
957.745 0
1000 0
