# First line is two numbers 
#     First value is '2', it means 'histogram mode'
#     Second value is 'Emin' of the histogram
# Other lines : 2 columns. 1) energy 2) probability (nb divided by NbEvent)
# Number of bins = 480
# Content below the first bin: 0
# Content above the last  bin: 0
# Content above the last  bin: 0
# Number of events: 209000
2 1e-06
1.04412e-06 0
1.09018e-06 0
1.13828e-06 0
1.1885e-06 0
1.24094e-06 0
1.29569e-06 0
1.35285e-06 0
1.41254e-06 0
1.47486e-06 0
1.53993e-06 0
1.60787e-06 0
1.6788e-06 0
1.75287e-06 0
1.83021e-06 0
1.91095e-06 0
1.99526e-06 0
2.08329e-06 0
2.1752e-06 0
2.27117e-06 0
2.37137e-06 0
2.476e-06 0
2.58523e-06 0
2.69929e-06 0
2.81838e-06 0
2.94273e-06 0
3.07256e-06 0
3.20812e-06 0
3.34965e-06 0
3.49744e-06 0
3.65174e-06 0
3.81285e-06 0
3.98107e-06 0
4.15671e-06 0
4.3401e-06 0
4.53158e-06 0
4.73151e-06 0
4.94026e-06 0
5.15822e-06 0
5.3858e-06 0
5.62341e-06 0
5.87151e-06 0
6.13056e-06 0
6.40103e-06 0
6.68344e-06 0
6.97831e-06 0
7.28618e-06 0
7.60764e-06 0
7.94328e-06 0
8.29373e-06 0
8.65964e-06 0
9.0417e-06 0
9.44061e-06 0
9.85712e-06 0
1.0292e-05 0
1.07461e-05 0
1.12202e-05 0
1.17152e-05 0
1.22321e-05 0
1.27717e-05 0
1.33352e-05 0
1.39236e-05 0
1.45378e-05 0
1.51792e-05 0
1.58489e-05 0
1.65482e-05 0
1.72783e-05 0
1.80406e-05 0
1.88365e-05 0
1.96675e-05 0
2.05353e-05 0
2.14412e-05 0
2.23872e-05 0
2.33749e-05 0
2.44062e-05 0
2.5483e-05 0
2.66073e-05 0
2.77811e-05 0
2.90068e-05 0
3.02866e-05 0
3.16228e-05 0
3.30179e-05 0
3.44747e-05 0
3.59956e-05 0
3.75837e-05 0
3.92419e-05 0
4.09732e-05 0
4.27809e-05 0
4.46684e-05 0
4.66391e-05 0
4.86968e-05 0
5.08452e-05 0
5.30884e-05 0
5.54307e-05 0
5.78762e-05 0
6.04296e-05 0
6.30957e-05 0
6.58795e-05 0
6.8786e-05 0
7.18208e-05 0
7.49894e-05 0
7.82979e-05 0
8.17523e-05 0
8.53591e-05 0
8.91251e-05 0
9.30572e-05 0
9.71628e-05 0
0.00010145 0
0.000105925 0
0.000110599 0
0.000115478 0
0.000120573 0
0.000125893 0
0.000131447 0
0.000137246 0
0.000143301 0
0.000149624 0
0.000156225 0
0.000163117 0
0.000170314 0
0.000177828 0
0.000185674 0
0.000193865 0
0.000202418 0
0.000211349 0
0.000220673 0
0.000230409 0
0.000240575 0
0.000251189 0
0.000262271 0
0.000273842 0
0.000285924 0
0.000298538 0
0.000311709 0
0.000325462 0
0.000339821 0
0.000354813 0
0.000370467 0
0.000386812 0
0.000403878 0
0.000421697 0
0.000440301 0
0.000459727 0
0.00048001 0
0.000501187 0
0.000523299 0
0.000546387 0
0.000570493 0
0.000595662 0
0.000621942 0
0.000649382 0
0.000678032 0
0.000707946 0
0.00073918 0
0.000771792 0
0.000805842 0
0.000841395 0
0.000878517 0
0.000917276 0
0.000957745 0
0.001 0
0.00104412 0
0.00109018 0
0.00113828 0
0.0011885 0
0.00124094 0
0.00129569 0
0.00135285 0
0.00141254 0
0.00147486 0
0.00153993 0
0.00160787 0
0.0016788 0
0.00175287 0
0.00183021 0
0.00191095 0
0.00199526 0
0.00208329 0
0.0021752 0
0.00227117 0
0.00237137 0
0.002476 0
0.00258523 0
0.00269929 0
0.00281838 0
0.00294273 0
0.00307256 0
0.00320812 0
0.00334965 0
0.00349744 0
0.00365174 0
0.00381285 0
0.00398107 0
0.00415671 0
0.0043401 0
0.00453158 0
0.00473151 0
0.00494026 0
0.00515822 0
0.0053858 0
0.00562341 0
0.00587151 0
0.00613056 0
0.00640103 0
0.00668344 0
0.00697831 0
0.00728618 0
0.00760764 0
0.00794328 91.9845
0.00829373 0
0.00865964 0
0.0090417 0
0.00944061 0
0.00985712 23.6783
0.010292 0
0.0107461 0
0.0112202 0
0.0117152 0
0.0122321 0
0.0127717 104.897
0.0133352 0
0.0139236 0
0.0145378 0
0.0151792 0
0.0158489 64.688
0.0165482 0
0.0172783 80.0864
0.0180406 0
0.0188365 0
0.0196675 30.3346
0.0205353 110.314
0.0214412 250.598
0.0223872 93.5873
0.0233749 79.617
0.0244062 52.7002
0.025483 268.266
0.0266073 114.329
0.0277811 69.5205
0.0290068 37.1594
0.0302866 46.2429
0.0316228 236.778
0.0330179 192.173
0.0344747 350.72
0.0359956 203.147
0.0375837 322.163
0.0392419 147.734
0.0409732 136.185
0.0427809 113.721
0.0446684 168.674
0.0466391 49.3095
0.0486968 179.717
0.0508452 89.8514
0.0530884 350.156
0.0554307 448.158
0.0578762 251.223
0.0604296 433.895
0.0630957 630.941
0.0658795 362.298
0.068786 417.33
0.0718208 375.535
0.0749894 493.14
0.0782979 731.955
0.0817523 278.405
0.0853591 497.099
0.0891251 590.608
0.0930572 439.102
0.0971628 684.198
0.10145 502.834
0.105925 610.453
0.110599 519.981
0.115478 346.388
0.120573 1116.9
0.125893 355.777
0.131447 697.872
0.137246 477.631
0.143301 723.716
0.149624 820.864
0.156225 763.272
0.163117 958.608
0.170314 1022.41
0.177828 262.721
0.185674 748.505
0.193865 1289.64
0.202418 1150.97
0.211349 673.148
0.220673 1167.48
0.230409 696.59
0.240575 435.078
0.251189 1189.81
0.262271 1566.54
0.273842 1100.61
0.285924 959.967
0.298538 738.899
0.311709 1271.17
0.325462 1385.95
0.339821 1085.88
0.354813 1016.29
0.370467 1791.68
0.386812 1436.23
0.403878 1510.74
0.421697 1396.63
0.440301 1291.61
0.459727 2191.34
0.48001 1914.37
0.501187 996.627
0.523299 1697.66
0.546387 1481
0.570493 1233.34
0.595662 1180.35
0.621942 1011.18
0.649382 1140.57
0.678032 1588.92
0.707946 1255.28
0.73918 1165.27
0.771792 962.334
0.805842 917.818
0.841395 1345.17
0.878517 1410.2
0.917276 1219.58
0.957745 615.947
1 677.793
1.04412 1294.79
1.09018 790.241
1.13828 1195.14
1.1885 1165.67
1.24094 851.552
1.29569 547.147
1.35285 684.158
1.41254 502.087
1.47486 685.682
1.53993 428.323
1.60787 301.226
1.6788 457.838
1.75287 902.369
1.83021 512.723
1.91095 415.933
1.99526 280.945
2.08329 835.071
2.1752 607.03
2.27117 452.106
2.37137 250.588
2.476 474.262
2.58523 165.719
2.69929 810.65
2.81838 647.563
2.94273 350.302
3.07256 303.217
3.20812 249.669
3.34965 435.846
3.49744 253.215
3.65174 386.079
3.81285 233.686
3.98107 357.961
4.15671 266.749
4.3401 490.501
4.53158 302.29
4.73151 358.749
4.94026 229.514
5.15822 240.623
5.3858 253.969
5.62341 335.793
5.87151 440.471
6.13056 278.547
6.40103 129.835
6.68344 347.672
6.97831 223.276
7.28618 401.513
7.60764 108.804
7.94328 55.7535
8.29373 211.239
8.65964 165.931
9.0417 277.617
9.44061 325.623
9.85712 181.617
10.292 285.983
10.7461 386.846
11.2202 246.641
11.7152 125.104
12.2321 192.701
12.7717 151.65
13.3352 46.167
13.9236 206.853
14.5378 288.084
15.1792 182.291
15.8489 143.257
16.5482 0
17.2783 205.138
18.0406 80.0996
18.8365 0
19.6675 187.364
20.5353 171.087
21.4412 91.7082
22.3872 352.702
23.3749 277.998
24.4062 108.47
25.483 0
26.6073 313.233
27.7811 302.638
29.0068 460.23
30.2866 257.091
31.6228 234.336
33.0179 314.706
34.4747 237.543
35.9956 176.075
37.5837 96.0799
39.2419 213.117
40.9732 238.07
42.7809 108.152
44.6684 335.97
46.6391 147.251
48.6968 0
50.8452 24.3728
53.0884 127.163
55.4307 247.36
57.8762 220.076
60.4296 181.157
63.0957 115.312
65.8795 688.675
68.786 255.804
71.8208 24.5126
74.9894 167.151
78.2979 352.413
81.7523 166.831
85.3591 71.6998
89.1251 126.994
93.0572 150.555
97.1628 224.574
101.45 316.428
105.925 403.638
110.599 0
115.478 622.66
120.573 309.175
125.893 329.841
131.447 233.104
137.246 110.786
143.301 362.99
149.624 209.183
156.225 112.844
163.117 318.022
170.314 428.579
177.828 72.5648
185.674 309.135
193.865 804.621
202.418 230.487
211.349 0
220.673 399.399
230.409 190.519
240.575 71.0199
251.189 167.988
262.271 0
273.842 111.108
285.924 0
298.538 0
311.709 0
325.462 0
339.821 0
354.813 37.964
370.467 0
386.812 0
403.878 0
421.697 0
440.301 0
459.727 0
480.01 0
501.187 31.232
523.299 0
546.387 0
570.493 0
595.662 0
621.942 0
649.382 0
678.032 0
707.946 83.1267
739.18 0
771.792 0
805.842 0
841.395 0
878.517 0
917.276 0
957.745 0
1000 0
