# First line is two numbers 
#     First value is '2', it means 'histogram mode'
#     Second value is 'Emin' of the histogram
# Other lines : 2 columns. 1) energy 2) probability (nb divided by NbEvent)
# Number of bins = 480
# Content below the first bin: 0
# Content above the last  bin: 0
# Content above the last  bin: 0
# Number of events: 209000
2 1e-06
1.04412e-06 0
1.09018e-06 0
1.13828e-06 0
1.1885e-06 0
1.24094e-06 0
1.29569e-06 0
1.35285e-06 0
1.41254e-06 0
1.47486e-06 0
1.53993e-06 0
1.60787e-06 0
1.6788e-06 0
1.75287e-06 0
1.83021e-06 0
1.91095e-06 0
1.99526e-06 0
2.08329e-06 0
2.1752e-06 0
2.27117e-06 0
2.37137e-06 0
2.476e-06 0
2.58523e-06 0
2.69929e-06 0
2.81838e-06 0
2.94273e-06 0
3.07256e-06 0
3.20812e-06 0
3.34965e-06 0
3.49744e-06 0
3.65174e-06 0
3.81285e-06 0
3.98107e-06 0
4.15671e-06 0
4.3401e-06 0
4.53158e-06 0
4.73151e-06 0
4.94026e-06 0
5.15822e-06 0
5.3858e-06 0
5.62341e-06 0
5.87151e-06 0
6.13056e-06 0
6.40103e-06 0
6.68344e-06 0
6.97831e-06 0
7.28618e-06 0
7.60764e-06 0
7.94328e-06 0
8.29373e-06 0
8.65964e-06 0
9.0417e-06 0
9.44061e-06 0
9.85712e-06 0
1.0292e-05 0
1.07461e-05 0
1.12202e-05 0
1.17152e-05 0
1.22321e-05 0
1.27717e-05 0
1.33352e-05 0
1.39236e-05 0
1.45378e-05 0
1.51792e-05 0
1.58489e-05 0
1.65482e-05 0
1.72783e-05 0
1.80406e-05 0
1.88365e-05 0
1.96675e-05 0
2.05353e-05 0
2.14412e-05 0
2.23872e-05 0
2.33749e-05 0
2.44062e-05 0
2.5483e-05 0
2.66073e-05 0
2.77811e-05 0
2.90068e-05 0
3.02866e-05 0
3.16228e-05 0
3.30179e-05 0
3.44747e-05 0
3.59956e-05 0
3.75837e-05 0
3.92419e-05 0
4.09732e-05 0
4.27809e-05 0
4.46684e-05 0
4.66391e-05 0
4.86968e-05 0
5.08452e-05 0
5.30884e-05 0
5.54307e-05 0
5.78762e-05 0
6.04296e-05 0
6.30957e-05 0
6.58795e-05 0
6.8786e-05 0
7.18208e-05 0
7.49894e-05 0
7.82979e-05 0
8.17523e-05 0
8.53591e-05 0
8.91251e-05 0
9.30572e-05 0
9.71628e-05 0
0.00010145 0
0.000105925 0
0.000110599 0
0.000115478 0
0.000120573 0
0.000125893 0
0.000131447 0
0.000137246 0
0.000143301 0
0.000149624 0
0.000156225 0
0.000163117 0
0.000170314 0
0.000177828 0
0.000185674 0
0.000193865 0
0.000202418 0
0.000211349 0
0.000220673 0
0.000230409 0
0.000240575 0
0.000251189 0
0.000262271 0
0.000273842 0
0.000285924 0
0.000298538 0
0.000311709 0
0.000325462 0
0.000339821 0
0.000354813 0
0.000370467 0
0.000386812 0
0.000403878 0
0.000421697 0
0.000440301 0
0.000459727 0
0.00048001 0
0.000501187 0
0.000523299 0
0.000546387 0
0.000570493 0
0.000595662 0
0.000621942 0
0.000649382 0
0.000678032 0
0.000707946 0
0.00073918 0
0.000771792 0
0.000805842 0
0.000841395 0
0.000878517 0
0.000917276 0
0.000957745 0
0.001 0
0.00104412 0
0.00109018 0
0.00113828 0
0.0011885 0
0.00124094 0
0.00129569 0
0.00135285 0
0.00141254 0
0.00147486 0
0.00153993 0
0.00160787 0
0.0016788 0
0.00175287 0
0.00183021 0
0.00191095 0
0.00199526 0
0.00208329 0
0.0021752 0
0.00227117 0
0.00237137 0
0.002476 0
0.00258523 0
0.00269929 0
0.00281838 0
0.00294273 0
0.00307256 0
0.00320812 0
0.00334965 0
0.00349744 0
0.00365174 0
0.00381285 0
0.00398107 0
0.00415671 0
0.0043401 0
0.00453158 0
0.00473151 0
0.00494026 0
0.00515822 0
0.0053858 0
0.00562341 0
0.00587151 0
0.00613056 0
0.00640103 0
0.00668344 0
0.00697831 0
0.00728618 0
0.00760764 0
0.00794328 0
0.00829373 109.559
0.00865964 0
0.0090417 0
0.00944061 0
0.00985712 0
0.010292 166.53
0.0107461 0
0.0112202 0
0.0117152 0
0.0122321 0
0.0127717 0
0.0133352 23.7834
0.0139236 0
0.0145378 0
0.0151792 0
0.0158489 0
0.0165482 0
0.0172783 0
0.0180406 0
0.0188365 127.104
0.0196675 114.439
0.0205353 0
0.0214412 0
0.0223872 64.4504
0.0233749 0
0.0244062 0
0.025483 87.5325
0.0266073 48.028
0.0277811 78.5113
0.0290068 101.468
0.0302866 79.9278
0.0316228 0
0.0330179 0
0.0344747 71.1178
0.0359956 0
0.0375837 47.6115
0.0392419 0
0.0409732 67.2679
0.0427809 204.064
0.0446684 209.456
0.0466391 0
0.0486968 170.682
0.0508452 128.844
0.0530884 69.4212
0.0554307 35.2179
0.0578762 137.27
0.0604296 325.177
0.0630957 258.655
0.0658795 223.764
0.068786 316.749
0.0718208 82.0164
0.0749894 246.46
0.0782979 189.814
0.0817523 278.877
0.0853591 413.092
0.0891251 273.766
0.0930572 236.617
0.0971628 158.453
0.10145 736.447
0.105925 434.115
0.110599 430.901
0.115478 152.404
0.120573 451.297
0.125893 0
0.131447 256.429
0.137246 380.521
0.143301 400.745
0.149624 512.576
0.156225 488.245
0.163117 522.395
0.170314 414.966
0.177828 389.69
0.185674 276.032
0.193865 312.617
0.202418 376.016
0.211349 315.259
0.220673 436.736
0.230409 452.967
0.240575 365.097
0.251189 278.928
0.262271 114.364
0.273842 471.956
0.285924 193.227
0.298538 155.764
0.311709 457.751
0.325462 508.7
0.339821 544.342
0.354813 371.156
0.370467 511.63
0.386812 259.168
0.403878 347.866
0.421697 189.814
0.440301 91.8254
0.459727 321.223
0.48001 210.644
0.501187 243.878
0.523299 361.266
0.546387 539.363
0.570493 412.871
0.595662 567.39
0.621942 231.085
0.649382 83.388
0.678032 294.772
0.707946 320.275
0.73918 325.023
0.771792 233.784
0.805842 430.697
0.841395 136.236
0.878517 134.255
0.917276 183.081
0.957745 116.47
1 75.2455
1.04412 240.528
1.09018 87.4036
1.13828 339.568
1.1885 274.652
1.24094 60.0167
1.29569 288.883
1.35285 104.6
1.41254 0
1.47486 83.1856
1.53993 0
1.60787 183.567
1.6788 36.7013
1.75287 60.1509
1.83021 69.9433
1.91095 0
1.99526 27.7195
2.08329 145.436
2.1752 164.944
2.27117 0
2.37137 0
2.476 98.0737
2.58523 0
2.69929 0
2.81838 90.4347
2.94273 88.8733
3.07256 0
3.20812 196.204
3.34965 0
3.49744 364.303
3.65174 9.58203
3.81285 0
3.98107 0
4.15671 0
4.3401 0
4.53158 105.795
4.73151 0
4.94026 0
5.15822 43.7381
5.3858 0
5.62341 208.929
5.87151 0
6.13056 72.3303
6.40103 0
6.68344 0
6.97831 0
7.28618 206.182
7.60764 0
7.94328 0
8.29373 0
8.65964 0
9.0417 106.521
9.44061 0
9.85712 95.6523
10.292 0
10.7461 213.527
11.2202 0
11.7152 353.477
12.2321 0
12.7717 110.974
13.3352 0
13.9236 118.544
14.5378 248.812
15.1792 0
15.8489 136.128
16.5482 0
17.2783 12.2567
18.0406 0
18.8365 100.49
19.6675 170.754
20.5353 0
21.4412 15.2743
22.3872 0
23.3749 25.2527
24.4062 0
25.483 74.2015
26.6073 72.8669
27.7811 0
29.0068 0
30.2866 46.3884
31.6228 58.2413
33.0179 0
34.4747 0
35.9956 375.621
37.5837 100.4
39.2419 60.9909
40.9732 54.6251
42.7809 98.6249
44.6684 66.8408
46.6391 0
48.6968 69.907
50.8452 85.1434
53.0884 270.279
55.4307 116.07
57.8762 114.886
60.4296 73.2614
63.0957 47.4893
65.8795 92.649
68.786 100.477
71.8208 102.445
74.9894 0
78.2979 99.1894
81.7523 332.547
85.3591 152.69
89.1251 313.135
93.0572 0
97.1628 116.775
101.45 0
105.925 10.8277
110.599 164.832
115.478 0
120.573 65.74
125.893 301.505
131.447 278.538
137.246 202.035
143.301 97.7806
149.624 464.413
156.225 243.416
163.117 0
170.314 66.5666
177.828 360.971
185.674 113.884
193.865 105.357
202.418 206.77
211.349 0
220.673 0
230.409 171.757
240.575 0
251.189 0
262.271 110.36
273.842 57.7346
285.924 0
298.538 0
311.709 0
325.462 0
339.821 0
354.813 71.8002
370.467 0
386.812 0
403.878 115.552
421.697 0
440.301 0
459.727 0
480.01 0
501.187 0
523.299 0
546.387 0
570.493 0
595.662 0
621.942 0
649.382 0
678.032 0
707.946 0
739.18 0
771.792 0
805.842 0
841.395 0
878.517 0
917.276 0
957.745 0
1000 0
