# First line is two numbers 
#     First value is '2', it means 'histogram mode'
#     Second value is 'Emin' of the histogram
# Other lines : 2 columns. 1) energy 2) probability (nb divided by NbEvent)
# Number of bins = 480
# Content below the first bin: 0
# Content above the last  bin: 0
# Content above the last  bin: 0
# Number of events: 209000
2 1e-06
1.04412e-06 0
1.09018e-06 0
1.13828e-06 0
1.1885e-06 0
1.24094e-06 0
1.29569e-06 0
1.35285e-06 0
1.41254e-06 0
1.47486e-06 0
1.53993e-06 0
1.60787e-06 0
1.6788e-06 0
1.75287e-06 0
1.83021e-06 0
1.91095e-06 0
1.99526e-06 0
2.08329e-06 0
2.1752e-06 0
2.27117e-06 0
2.37137e-06 0
2.476e-06 0
2.58523e-06 0
2.69929e-06 0
2.81838e-06 0
2.94273e-06 0
3.07256e-06 0
3.20812e-06 0
3.34965e-06 0
3.49744e-06 0
3.65174e-06 0
3.81285e-06 0
3.98107e-06 0
4.15671e-06 0
4.3401e-06 0
4.53158e-06 0
4.73151e-06 0
4.94026e-06 0
5.15822e-06 0
5.3858e-06 0
5.62341e-06 0
5.87151e-06 0
6.13056e-06 0
6.40103e-06 0
6.68344e-06 0
6.97831e-06 0
7.28618e-06 0
7.60764e-06 0
7.94328e-06 0
8.29373e-06 0
8.65964e-06 0
9.0417e-06 0
9.44061e-06 0
9.85712e-06 0
1.0292e-05 0
1.07461e-05 0
1.12202e-05 0
1.17152e-05 0
1.22321e-05 0
1.27717e-05 0
1.33352e-05 0
1.39236e-05 0
1.45378e-05 0
1.51792e-05 0
1.58489e-05 0
1.65482e-05 0
1.72783e-05 0
1.80406e-05 0
1.88365e-05 0
1.96675e-05 0
2.05353e-05 0
2.14412e-05 0
2.23872e-05 0
2.33749e-05 0
2.44062e-05 0
2.5483e-05 0
2.66073e-05 0
2.77811e-05 0
2.90068e-05 0
3.02866e-05 0
3.16228e-05 0
3.30179e-05 0
3.44747e-05 0
3.59956e-05 0
3.75837e-05 0
3.92419e-05 0
4.09732e-05 0
4.27809e-05 0
4.46684e-05 0
4.66391e-05 0
4.86968e-05 0
5.08452e-05 0
5.30884e-05 0
5.54307e-05 0
5.78762e-05 0
6.04296e-05 0
6.30957e-05 0
6.58795e-05 0
6.8786e-05 0
7.18208e-05 0
7.49894e-05 0
7.82979e-05 0
8.17523e-05 0
8.53591e-05 0
8.91251e-05 0
9.30572e-05 0
9.71628e-05 0
0.00010145 0
0.000105925 0
0.000110599 0
0.000115478 0
0.000120573 0
0.000125893 0
0.000131447 0
0.000137246 0
0.000143301 0
0.000149624 0
0.000156225 0
0.000163117 0
0.000170314 0
0.000177828 0
0.000185674 0
0.000193865 0
0.000202418 0
0.000211349 0
0.000220673 0
0.000230409 0
0.000240575 0
0.000251189 0
0.000262271 0
0.000273842 0
0.000285924 0
0.000298538 0
0.000311709 0
0.000325462 0
0.000339821 0
0.000354813 0
0.000370467 0
0.000386812 0
0.000403878 0
0.000421697 0
0.000440301 0
0.000459727 0
0.00048001 0
0.000501187 0
0.000523299 0
0.000546387 0
0.000570493 0
0.000595662 0
0.000621942 0
0.000649382 0
0.000678032 0
0.000707946 0
0.00073918 0
0.000771792 0
0.000805842 0
0.000841395 0
0.000878517 0
0.000917276 0
0.000957745 0
0.001 0
0.00104412 0
0.00109018 0
0.00113828 0
0.0011885 0
0.00124094 0
0.00129569 0
0.00135285 0
0.00141254 0
0.00147486 0
0.00153993 0
0.00160787 0
0.0016788 0
0.00175287 0
0.00183021 0
0.00191095 0
0.00199526 0
0.00208329 0
0.0021752 0
0.00227117 0
0.00237137 0
0.002476 0
0.00258523 0
0.00269929 0
0.00281838 0
0.00294273 0
0.00307256 0
0.00320812 0
0.00334965 0
0.00349744 0
0.00365174 0
0.00381285 0
0.00398107 0
0.00415671 0
0.0043401 0
0.00453158 0
0.00473151 0
0.00494026 0
0.00515822 0
0.0053858 0
0.00562341 0
0.00587151 0
0.00613056 0
0.00640103 0
0.00668344 0
0.00697831 0
0.00728618 0
0.00760764 0
0.00794328 0
0.00829373 0
0.00865964 0
0.0090417 171.672
0.00944061 0
0.00985712 0
0.010292 0
0.0107461 0
0.0112202 0
0.0117152 0
0.0122321 147.23
0.0127717 0
0.0133352 0
0.0139236 59.6491
0.0145378 85.7971
0.0151792 0
0.0158489 36.836
0.0165482 71.5529
0.0172783 0
0.0180406 0
0.0188365 62.7735
0.0196675 108.235
0.0205353 107.201
0.0214412 145.343
0.0223872 42.0664
0.0233749 118.101
0.0244062 69.9849
0.025483 0
0.0266073 73.1652
0.0277811 177.085
0.0290068 85.7842
0.0302866 64.7949
0.0316228 0
0.0330179 268.884
0.0344747 110.437
0.0359956 117.005
0.0375837 98.3596
0.0392419 61.3252
0.0409732 240.04
0.0427809 190.282
0.0446684 268.405
0.0466391 246.458
0.0486968 227.124
0.0508452 197.069
0.0530884 120.256
0.0554307 208.628
0.0578762 215.11
0.0604296 302.512
0.0630957 233.292
0.0658795 152.269
0.068786 296.711
0.0718208 410.382
0.0749894 331.556
0.0782979 240.641
0.0817523 150.666
0.0853591 279.27
0.0891251 684.813
0.0930572 562.675
0.0971628 270.452
0.10145 465.217
0.105925 606.823
0.110599 341.461
0.115478 575.06
0.120573 168.837
0.125893 564.498
0.131447 831.49
0.137246 370.111
0.143301 430.971
0.149624 581.113
0.156225 531.585
0.163117 851.687
0.170314 463.931
0.177828 593.686
0.185674 430.186
0.193865 523.047
0.202418 457.374
0.211349 384.151
0.220673 594.19
0.230409 723.952
0.240575 769.896
0.251189 807.584
0.262271 972.817
0.273842 217.907
0.285924 364.099
0.298538 493.626
0.311709 603.041
0.325462 505.097
0.339821 574.741
0.354813 207.67
0.370467 429.882
0.386812 371.938
0.403878 526.269
0.421697 1054.48
0.440301 321.443
0.459727 592.761
0.48001 682.543
0.501187 562.153
0.523299 517.251
0.546387 777.998
0.570493 464.785
0.595662 393.592
0.621942 700.217
0.649382 948.263
0.678032 576.987
0.707946 472.114
0.73918 149.573
0.771792 488.351
0.805842 350.14
0.841395 248.311
0.878517 255.107
0.917276 128.316
0.957745 385.31
1 506.914
1.04412 346.842
1.09018 136.665
1.13828 313.209
1.1885 516.137
1.24094 261.22
1.29569 332.244
1.35285 198.802
1.41254 435.614
1.47486 248.699
1.53993 309.909
1.60787 159.56
1.6788 91.4547
1.75287 248.026
1.83021 194.696
1.91095 377.695
1.99526 312.113
2.08329 217.442
2.1752 85.8477
2.27117 76.0463
2.37137 236.739
2.476 110.933
2.58523 338.6
2.69929 207.692
2.81838 245.809
2.94273 97.8935
3.07256 72.7704
3.20812 0
3.34965 163.892
3.49744 108.556
3.65174 118.089
3.81285 95.6178
3.98107 58.9485
4.15671 206.682
4.3401 339.03
4.53158 0
4.73151 0
4.94026 0
5.15822 0
5.3858 13.6397
5.62341 56.6153
5.87151 91.5748
6.13056 188.792
6.40103 108.384
6.68344 190.937
6.97831 152.136
7.28618 0
7.60764 0
7.94328 0
8.29373 0
8.65964 37.4349
9.0417 236.915
9.44061 137.296
9.85712 96.2644
10.292 74.4039
10.7461 310.206
11.2202 0
11.7152 0
12.2321 0
12.7717 0
13.3352 59.1536
13.9236 0
14.5378 0
15.1792 0
15.8489 67.9094
16.5482 262.945
17.2783 0
18.0406 96.143
18.8365 0
19.6675 115.343
20.5353 192.113
21.4412 97.7697
22.3872 0
23.3749 0
24.4062 169.175
25.483 311.962
26.6073 146.577
27.7811 76.3341
29.0068 0
30.2866 74.6252
31.6228 113.276
33.0179 72.3502
34.4747 160.174
35.9956 210.424
37.5837 78.5853
39.2419 194.43
40.9732 101.651
42.7809 0
44.6684 0
46.6391 0
48.6968 106.368
50.8452 65.3941
53.0884 353.625
55.4307 98.6107
57.8762 443.93
60.4296 0
63.0957 185.16
65.8795 388.087
68.786 1.29347
71.8208 109.826
74.9894 172.62
78.2979 249.957
81.7523 319.599
85.3591 238.214
89.1251 163.248
93.0572 107.922
97.1628 113.335
101.45 63.9241
105.925 260.787
110.599 166.548
115.478 0
120.573 123.088
125.893 263.597
131.447 0
137.246 244.159
143.301 492.935
149.624 177.379
156.225 63.8732
163.117 99.1556
170.314 203.019
177.828 306.49
185.674 0
193.865 498.771
202.418 393.622
211.349 70.4805
220.673 622.783
230.409 133.603
240.575 145.837
251.189 438.183
262.271 244.445
273.842 430.679
285.924 402.959
298.538 245.632
311.709 107.131
325.462 257.068
339.821 109.073
354.813 96.2412
370.467 0
386.812 100.09
403.878 92.6685
421.697 0
440.301 0
459.727 0
480.01 0
501.187 0
523.299 0
546.387 0
570.493 0
595.662 0
621.942 0
649.382 0
678.032 0
707.946 0
739.18 0
771.792 0
805.842 0
841.395 0
878.517 0
917.276 0
957.745 0
1000 0
