# First line is two numbers 
#     First value is '2', it means 'histogram mode'
#     Second value is 'Emin' of the histogram
# Other lines : 2 columns. 1) energy 2) probability (nb divided by NbEvent)
# Number of bins = 480
# Content below the first bin: 0
# Content above the last  bin: 0
# Content above the last  bin: 0
# Number of events: 209000
2 1e-06
1.04412e-06 0
1.09018e-06 0
1.13828e-06 0
1.1885e-06 0
1.24094e-06 0
1.29569e-06 0
1.35285e-06 0
1.41254e-06 0
1.47486e-06 0
1.53993e-06 0
1.60787e-06 0
1.6788e-06 0
1.75287e-06 0
1.83021e-06 0
1.91095e-06 0
1.99526e-06 0
2.08329e-06 0
2.1752e-06 0
2.27117e-06 0
2.37137e-06 0
2.476e-06 0
2.58523e-06 0
2.69929e-06 0
2.81838e-06 0
2.94273e-06 0
3.07256e-06 0
3.20812e-06 0
3.34965e-06 0
3.49744e-06 0
3.65174e-06 0
3.81285e-06 0
3.98107e-06 0
4.15671e-06 0
4.3401e-06 0
4.53158e-06 0
4.73151e-06 0
4.94026e-06 0
5.15822e-06 0
5.3858e-06 0
5.62341e-06 0
5.87151e-06 0
6.13056e-06 0
6.40103e-06 0
6.68344e-06 0
6.97831e-06 0
7.28618e-06 0
7.60764e-06 0
7.94328e-06 0
8.29373e-06 0
8.65964e-06 0
9.0417e-06 0
9.44061e-06 0
9.85712e-06 0
1.0292e-05 0
1.07461e-05 0
1.12202e-05 0
1.17152e-05 0
1.22321e-05 0
1.27717e-05 0
1.33352e-05 0
1.39236e-05 0
1.45378e-05 0
1.51792e-05 0
1.58489e-05 0
1.65482e-05 0
1.72783e-05 0
1.80406e-05 0
1.88365e-05 0
1.96675e-05 0
2.05353e-05 0
2.14412e-05 0
2.23872e-05 0
2.33749e-05 0
2.44062e-05 0
2.5483e-05 0
2.66073e-05 0
2.77811e-05 0
2.90068e-05 0
3.02866e-05 0
3.16228e-05 0
3.30179e-05 0
3.44747e-05 0
3.59956e-05 0
3.75837e-05 0
3.92419e-05 0
4.09732e-05 0
4.27809e-05 0
4.46684e-05 0
4.66391e-05 0
4.86968e-05 0
5.08452e-05 0
5.30884e-05 0
5.54307e-05 0
5.78762e-05 0
6.04296e-05 0
6.30957e-05 0
6.58795e-05 0
6.8786e-05 0
7.18208e-05 0
7.49894e-05 0
7.82979e-05 0
8.17523e-05 0
8.53591e-05 0
8.91251e-05 0
9.30572e-05 0
9.71628e-05 0
0.00010145 0
0.000105925 0
0.000110599 0
0.000115478 0
0.000120573 0
0.000125893 0
0.000131447 0
0.000137246 0
0.000143301 0
0.000149624 0
0.000156225 0
0.000163117 0
0.000170314 0
0.000177828 0
0.000185674 0
0.000193865 0
0.000202418 0
0.000211349 0
0.000220673 0
0.000230409 0
0.000240575 0
0.000251189 0
0.000262271 0
0.000273842 0
0.000285924 0
0.000298538 0
0.000311709 0
0.000325462 0
0.000339821 0
0.000354813 0
0.000370467 0
0.000386812 0
0.000403878 0
0.000421697 0
0.000440301 0
0.000459727 0
0.00048001 0
0.000501187 0
0.000523299 0
0.000546387 0
0.000570493 0
0.000595662 0
0.000621942 0
0.000649382 0
0.000678032 0
0.000707946 0
0.00073918 0
0.000771792 0
0.000805842 0
0.000841395 0
0.000878517 0
0.000917276 0
0.000957745 0
0.001 0
0.00104412 0
0.00109018 0
0.00113828 0
0.0011885 0
0.00124094 0
0.00129569 0
0.00135285 0
0.00141254 0
0.00147486 0
0.00153993 0
0.00160787 0
0.0016788 0
0.00175287 0
0.00183021 0
0.00191095 0
0.00199526 0
0.00208329 0
0.0021752 0
0.00227117 0
0.00237137 0
0.002476 0
0.00258523 0
0.00269929 0
0.00281838 0
0.00294273 0
0.00307256 0
0.00320812 0
0.00334965 0
0.00349744 0
0.00365174 0
0.00381285 0
0.00398107 0
0.00415671 0
0.0043401 0
0.00453158 0
0.00473151 0
0.00494026 0
0.00515822 0
0.0053858 0
0.00562341 0
0.00587151 0
0.00613056 0
0.00640103 0
0.00668344 0
0.00697831 0
0.00728618 0
0.00760764 0
0.00794328 0
0.00829373 0
0.00865964 0
0.0090417 0
0.00944061 0
0.00985712 0
0.010292 0
0.0107461 0
0.0112202 147.758
0.0117152 0
0.0122321 0
0.0127717 0
0.0133352 93.5046
0.0139236 0
0.0145378 0
0.0151792 0
0.0158489 192.522
0.0165482 0
0.0172783 0
0.0180406 0
0.0188365 0
0.0196675 108.65
0.0205353 0
0.0214412 0
0.0223872 0
0.0233749 207.069
0.0244062 0
0.025483 116.952
0.0266073 91.5556
0.0277811 0
0.0290068 85.0702
0.0302866 30.8761
0.0316228 148.328
0.0330179 262.446
0.0344747 204.09
0.0359956 222.097
0.0375837 85.5595
0.0392419 0
0.0409732 97.3616
0.0427809 180.974
0.0446684 117.029
0.0466391 113.468
0.0486968 0
0.0508452 261.488
0.0530884 163.382
0.0554307 0
0.0578762 312.429
0.0604296 91.1172
0.0630957 116.338
0.0658795 625.954
0.068786 268.604
0.0718208 414.449
0.0749894 66.4376
0.0782979 564.158
0.0817523 493.462
0.0853591 108.089
0.0891251 474.754
0.0930572 312.385
0.0971628 45.9625
0.10145 742.953
0.105925 92.8347
0.110599 578.387
0.115478 668.024
0.120573 529.711
0.125893 574.984
0.131447 197.266
0.137246 625.589
0.143301 658.236
0.149624 290.771
0.156225 497.133
0.163117 239.374
0.170314 389.012
0.177828 418.333
0.185674 899.437
0.193865 450.92
0.202418 304.284
0.211349 291.967
0.220673 371.272
0.230409 594.467
0.240575 315.744
0.251189 214.697
0.262271 897.863
0.273842 1552.39
0.285924 913.3
0.298538 428.619
0.311709 555.803
0.325462 624.674
0.339821 792.803
0.354813 566.181
0.370467 780.65
0.386812 1186.83
0.403878 714.505
0.421697 887.606
0.440301 840.501
0.459727 351.106
0.48001 512.449
0.501187 468.893
0.523299 720.041
0.546387 985.439
0.570493 399.787
0.595662 439.049
0.621942 443.803
0.649382 681.491
0.678032 458.158
0.707946 386.027
0.73918 153.97
0.771792 360.874
0.805842 265.462
0.841395 764.951
0.878517 392.222
0.917276 269.246
0.957745 521.1
1 403.867
1.04412 276.463
1.09018 290.245
1.13828 301.836
1.1885 448.687
1.24094 107.788
1.29569 579.238
1.35285 221.866
1.41254 269.511
1.47486 410.178
1.53993 174.46
1.60787 175.937
1.6788 297.411
1.75287 182.152
1.83021 210.599
1.91095 209.625
1.99526 177.781
2.08329 174.013
2.1752 410.134
2.27117 290.773
2.37137 159.322
2.476 234.404
2.58523 109.946
2.69929 84.4209
2.81838 262.497
2.94273 46.1767
3.07256 143.863
3.20812 94.2387
3.34965 0
3.49744 439.18
3.65174 50.8419
3.81285 0
3.98107 306.575
4.15671 111.123
4.3401 0
4.53158 139.847
4.73151 186.48
4.94026 14.6523
5.15822 151.785
5.3858 112.171
5.62341 0
5.87151 108.879
6.13056 178.515
6.40103 0
6.68344 0
6.97831 104.642
7.28618 0
7.60764 119.238
7.94328 35.6481
8.29373 0
8.65964 0
9.0417 27.4623
9.44061 0
9.85712 98.6471
10.292 33.7953
10.7461 0
11.2202 0
11.7152 0
12.2321 109.456
12.7717 76.6271
13.3352 28.8826
13.9236 96.4425
14.5378 109.496
15.1792 62.4536
15.8489 0
16.5482 117.61
17.2783 178.345
18.0406 0
18.8365 111.429
19.6675 0
20.5353 0
21.4412 206.412
22.3872 36.2225
23.3749 104.733
24.4062 0
25.483 41.144
26.6073 0
27.7811 81.743
29.0068 99.656
30.2866 107.448
31.6228 9.9876
33.0179 88.92
34.4747 88.0067
35.9956 0
37.5837 182.522
39.2419 112.824
40.9732 134.597
42.7809 95.5047
44.6684 140.916
46.6391 35.4834
48.6968 209.372
50.8452 0
53.0884 236.402
55.4307 0
57.8762 89.4528
60.4296 61.684
63.0957 2.27186
65.8795 114.48
68.786 230.232
71.8208 505.071
74.9894 309.581
78.2979 0
81.7523 175.156
85.3591 119.49
89.1251 431.24
93.0572 282.36
97.1628 559.745
101.45 164.218
105.925 296.255
110.599 381.447
115.478 51.3665
120.573 105.68
125.893 109.547
131.447 408.904
137.246 200.339
143.301 53.7072
149.624 443.608
156.225 40.8572
163.117 431.174
170.314 657.403
177.828 353.742
185.674 229.126
193.865 410.764
202.418 381.042
211.349 114.816
220.673 354.249
230.409 743.518
240.575 431.614
251.189 460.933
262.271 558.763
273.842 280.149
285.924 171.392
298.538 93.8309
311.709 0
325.462 283.481
339.821 287.667
354.813 88.3304
370.467 114.14
386.812 37.9219
403.878 0
421.697 0
440.301 69.7526
459.727 101.277
480.01 0
501.187 116.114
523.299 112.299
546.387 0
570.493 0
595.662 0
621.942 0
649.382 0
678.032 0
707.946 0
739.18 0
771.792 0
805.842 0
841.395 0
878.517 0
917.276 0
957.745 0
1000 0
