# First line is two numbers 
#     First value is '2', it means 'histogram mode'
#     Second value is 'Emin' of the histogram
# Other lines : 2 columns. 1) energy 2) probability (nb divided by NbEvent)
# Number of bins = 480
# Content below the first bin: 0
# Content above the last  bin: 0
# Content above the last  bin: 0
# Number of events: 209000
2 1e-06
1.04412e-06 0
1.09018e-06 0
1.13828e-06 0
1.1885e-06 0
1.24094e-06 0
1.29569e-06 0
1.35285e-06 0
1.41254e-06 0
1.47486e-06 0
1.53993e-06 0
1.60787e-06 0
1.6788e-06 0
1.75287e-06 0
1.83021e-06 0
1.91095e-06 0
1.99526e-06 0
2.08329e-06 0
2.1752e-06 0
2.27117e-06 0
2.37137e-06 0
2.476e-06 0
2.58523e-06 0
2.69929e-06 0
2.81838e-06 0
2.94273e-06 0
3.07256e-06 0
3.20812e-06 0
3.34965e-06 0
3.49744e-06 0
3.65174e-06 0
3.81285e-06 0
3.98107e-06 0
4.15671e-06 0
4.3401e-06 0
4.53158e-06 0
4.73151e-06 0
4.94026e-06 0
5.15822e-06 0
5.3858e-06 0
5.62341e-06 0
5.87151e-06 0
6.13056e-06 0
6.40103e-06 0
6.68344e-06 0
6.97831e-06 0
7.28618e-06 0
7.60764e-06 0
7.94328e-06 0
8.29373e-06 0
8.65964e-06 0
9.0417e-06 0
9.44061e-06 0
9.85712e-06 0
1.0292e-05 0
1.07461e-05 0
1.12202e-05 0
1.17152e-05 0
1.22321e-05 0
1.27717e-05 0
1.33352e-05 0
1.39236e-05 0
1.45378e-05 0
1.51792e-05 0
1.58489e-05 0
1.65482e-05 0
1.72783e-05 0
1.80406e-05 0
1.88365e-05 0
1.96675e-05 0
2.05353e-05 0
2.14412e-05 0
2.23872e-05 0
2.33749e-05 0
2.44062e-05 0
2.5483e-05 0
2.66073e-05 0
2.77811e-05 0
2.90068e-05 0
3.02866e-05 0
3.16228e-05 0
3.30179e-05 0
3.44747e-05 0
3.59956e-05 0
3.75837e-05 0
3.92419e-05 0
4.09732e-05 0
4.27809e-05 0
4.46684e-05 0
4.66391e-05 0
4.86968e-05 0
5.08452e-05 0
5.30884e-05 0
5.54307e-05 0
5.78762e-05 0
6.04296e-05 0
6.30957e-05 0
6.58795e-05 0
6.8786e-05 0
7.18208e-05 0
7.49894e-05 0
7.82979e-05 0
8.17523e-05 0
8.53591e-05 0
8.91251e-05 0
9.30572e-05 0
9.71628e-05 0
0.00010145 0
0.000105925 0
0.000110599 0
0.000115478 0
0.000120573 0
0.000125893 0
0.000131447 0
0.000137246 0
0.000143301 0
0.000149624 0
0.000156225 0
0.000163117 0
0.000170314 0
0.000177828 0
0.000185674 0
0.000193865 0
0.000202418 0
0.000211349 0
0.000220673 0
0.000230409 0
0.000240575 0
0.000251189 0
0.000262271 0
0.000273842 0
0.000285924 0
0.000298538 0
0.000311709 0
0.000325462 0
0.000339821 0
0.000354813 0
0.000370467 0
0.000386812 0
0.000403878 0
0.000421697 0
0.000440301 0
0.000459727 106.941
0.00048001 0
0.000501187 0
0.000523299 0
0.000546387 0
0.000570493 0
0.000595662 0
0.000621942 0
0.000649382 0
0.000678032 0
0.000707946 0
0.00073918 0
0.000771792 0
0.000805842 0
0.000841395 0
0.000878517 0
0.000917276 0
0.000957745 0
0.001 0
0.00104412 0
0.00109018 0
0.00113828 0
0.0011885 0
0.00124094 0
0.00129569 0
0.00135285 0
0.00141254 0
0.00147486 0
0.00153993 0
0.00160787 0
0.0016788 0
0.00175287 0
0.00183021 0
0.00191095 0
0.00199526 0
0.00208329 0
0.0021752 0
0.00227117 0
0.00237137 0
0.002476 0
0.00258523 0
0.00269929 108.07
0.00281838 101.66
0.00294273 0
0.00307256 0
0.00320812 0
0.00334965 0
0.00349744 109.907
0.00365174 0
0.00381285 0
0.00398107 0
0.00415671 0
0.0043401 0
0.00453158 35.9035
0.00473151 118.711
0.00494026 229.772
0.00515822 0
0.0053858 0
0.00562341 215.927
0.00587151 34.8158
0.00613056 44.3425
0.00640103 108.25
0.00668344 383.835
0.00697831 89.6656
0.00728618 63.5193
0.00760764 121.795
0.00794328 53.7555
0.00829373 187.115
0.00865964 144.816
0.0090417 258.739
0.00944061 269.671
0.00985712 326.522
0.010292 205.338
0.0107461 188.343
0.0112202 395.081
0.0117152 694.205
0.0122321 152.341
0.0127717 566.607
0.0133352 246.98
0.0139236 508.833
0.0145378 796.236
0.0151792 294.333
0.0158489 496.492
0.0165482 384.653
0.0172783 918.93
0.0180406 872.064
0.0188365 523.795
0.0196675 501.604
0.0205353 940.733
0.0214412 1032.09
0.0223872 914.038
0.0233749 1158.56
0.0244062 1134.81
0.025483 1567.55
0.0266073 1844.94
0.0277811 1587.93
0.0290068 1811.53
0.0302866 1720
0.0316228 1304.1
0.0330179 2075.98
0.0344747 2348.47
0.0359956 1840.32
0.0375837 3048.72
0.0392419 1944.11
0.0409732 3025.77
0.0427809 3328.54
0.0446684 2974.23
0.0466391 2082.14
0.0486968 2525.27
0.0508452 4281.05
0.0530884 3435.45
0.0554307 3440.17
0.0578762 3015.63
0.0604296 3820.03
0.0630957 5888.15
0.0658795 5876.87
0.068786 4230.51
0.0718208 5665.42
0.0749894 4676.17
0.0782979 5779.34
0.0817523 5486.92
0.0853591 6320.38
0.0891251 8324.84
0.0930572 6501.57
0.0971628 7466.59
0.10145 7595.39
0.105925 7206.74
0.110599 8161.24
0.115478 9410.62
0.120573 9322.19
0.125893 10083.2
0.131447 8152.46
0.137246 6543.01
0.143301 8381.87
0.149624 7671.63
0.156225 11442.7
0.163117 10147.9
0.170314 9791.43
0.177828 9738.12
0.185674 10029
0.193865 9045.34
0.202418 10629.8
0.211349 10027.6
0.220673 9782.49
0.230409 10827.3
0.240575 11707.9
0.251189 11785.5
0.262271 9636.24
0.273842 12809.5
0.285924 11984.3
0.298538 12583.6
0.311709 11584.3
0.325462 11695.6
0.339821 13663.5
0.354813 11172.9
0.370467 13242.4
0.386812 14172.2
0.403878 12487.9
0.421697 10849.9
0.440301 11970.2
0.459727 10533.9
0.48001 13243.4
0.501187 10874.7
0.523299 11283.5
0.546387 12621.7
0.570493 11776.2
0.595662 13218.2
0.621942 10437.1
0.649382 10735.4
0.678032 11272.7
0.707946 10158.2
0.73918 11563.2
0.771792 10150.8
0.805842 9781.41
0.841395 8043.88
0.878517 7881.19
0.917276 9528.72
0.957745 7543.07
1 8355.23
1.04412 8944.94
1.09018 7159.03
1.13828 6818.66
1.1885 6826.2
1.24094 5301.85
1.29569 5519.78
1.35285 6256.28
1.41254 4258.53
1.47486 4300.52
1.53993 5585.6
1.60787 4357.8
1.6788 4370.92
1.75287 3934.89
1.83021 4367.88
1.91095 2908.9
1.99526 3289.22
2.08329 3130.8
2.1752 3812.86
2.27117 2864.96
2.37137 2387.55
2.476 4152.3
2.58523 3245.21
2.69929 2680.75
2.81838 2831.03
2.94273 2384.1
3.07256 3451.51
3.20812 3337.86
3.34965 2871.56
3.49744 1905.53
3.65174 2948.26
3.81285 2340.4
3.98107 1925.42
4.15671 2729.07
4.3401 1484.67
4.53158 1762.47
4.73151 2256.91
4.94026 1692.81
5.15822 1759.75
5.3858 1202.5
5.62341 1449.78
5.87151 1626.65
6.13056 1812.88
6.40103 1410.13
6.68344 1584.53
6.97831 1325.03
7.28618 1900.48
7.60764 1166.68
7.94328 980.194
8.29373 1093.16
8.65964 1096.42
9.0417 1538.67
9.44061 1245.48
9.85712 1432.64
10.292 903.6
10.7461 924.538
11.2202 1131.26
11.7152 930.105
12.2321 894.031
12.7717 750.948
13.3352 1270.52
13.9236 540.769
14.5378 1358.39
15.1792 1094.24
15.8489 1214.64
16.5482 748.03
17.2783 840.833
18.0406 971.919
18.8365 969.602
19.6675 1038.63
20.5353 1402.67
21.4412 991.804
22.3872 1272.06
23.3749 1145.76
24.4062 1432.73
25.483 926.504
26.6073 781.918
27.7811 877.411
29.0068 1427.22
30.2866 1025.91
31.6228 967.364
33.0179 879.448
34.4747 909.54
35.9956 1443.53
37.5837 1104.59
39.2419 975.955
40.9732 1406.62
42.7809 926.716
44.6684 1667.67
46.6391 1206.89
48.6968 1527.71
50.8452 1966.12
53.0884 2125.91
55.4307 2126.93
57.8762 1038.88
60.4296 1066.97
63.0957 1503.5
65.8795 1735.09
68.786 1633.27
71.8208 1344.99
74.9894 1599.1
78.2979 1532.43
81.7523 1489.72
85.3591 2251.39
89.1251 2353.31
93.0572 1705.15
97.1628 2385.45
101.45 2972.95
105.925 2192.1
110.599 1854.34
115.478 2225.4
120.573 1688.82
125.893 1527.04
131.447 1969.42
137.246 2097.33
143.301 1584.85
149.624 1632.32
156.225 2773.46
163.117 2285.39
170.314 2078.92
177.828 1921.25
185.674 1753.2
193.865 1518.27
202.418 2203.67
211.349 1310.8
220.673 1123.52
230.409 1349.21
240.575 659.061
251.189 1398.47
262.271 746.697
273.842 1283.28
285.924 1345.93
298.538 738.952
311.709 802.874
325.462 1214.95
339.821 1572.27
354.813 1279.16
370.467 505.576
386.812 764.196
403.878 363.524
421.697 134.404
440.301 315.851
459.727 328.617
480.01 494.348
501.187 113.019
523.299 0
546.387 258.715
570.493 0
595.662 0
621.942 64.5709
649.382 0
678.032 99.0104
707.946 0
739.18 0
771.792 0
805.842 0
841.395 0
878.517 0
917.276 109.122
957.745 0
1000 0
