# First line is two numbers 
#     First value is '2', it means 'histogram mode'
#     Second value is 'Emin' of the histogram
# Other lines : 2 columns. 1) energy 2) probability (nb divided by NbEvent)
# Number of bins = 480
# Content below the first bin: 0
# Content above the last  bin: 0
# Content above the last  bin: 0
# Number of events: 209000
2 1e-06
1.04412e-06 0
1.09018e-06 0
1.13828e-06 0
1.1885e-06 0
1.24094e-06 0
1.29569e-06 0
1.35285e-06 0
1.41254e-06 0
1.47486e-06 0
1.53993e-06 0
1.60787e-06 0
1.6788e-06 0
1.75287e-06 0
1.83021e-06 0
1.91095e-06 0
1.99526e-06 0
2.08329e-06 0
2.1752e-06 0
2.27117e-06 0
2.37137e-06 0
2.476e-06 0
2.58523e-06 0
2.69929e-06 0
2.81838e-06 0
2.94273e-06 0
3.07256e-06 0
3.20812e-06 0
3.34965e-06 0
3.49744e-06 0
3.65174e-06 0
3.81285e-06 0
3.98107e-06 0
4.15671e-06 0
4.3401e-06 0
4.53158e-06 0
4.73151e-06 0
4.94026e-06 0
5.15822e-06 0
5.3858e-06 0
5.62341e-06 0
5.87151e-06 0
6.13056e-06 0
6.40103e-06 0
6.68344e-06 0
6.97831e-06 0
7.28618e-06 0
7.60764e-06 0
7.94328e-06 0
8.29373e-06 0
8.65964e-06 0
9.0417e-06 0
9.44061e-06 0
9.85712e-06 0
1.0292e-05 0
1.07461e-05 0
1.12202e-05 0
1.17152e-05 0
1.22321e-05 0
1.27717e-05 0
1.33352e-05 0
1.39236e-05 0
1.45378e-05 0
1.51792e-05 0
1.58489e-05 0
1.65482e-05 0
1.72783e-05 0
1.80406e-05 0
1.88365e-05 0
1.96675e-05 0
2.05353e-05 0
2.14412e-05 0
2.23872e-05 0
2.33749e-05 0
2.44062e-05 0
2.5483e-05 0
2.66073e-05 0
2.77811e-05 0
2.90068e-05 0
3.02866e-05 0
3.16228e-05 0
3.30179e-05 0
3.44747e-05 0
3.59956e-05 0
3.75837e-05 0
3.92419e-05 0
4.09732e-05 0
4.27809e-05 0
4.46684e-05 0
4.66391e-05 0
4.86968e-05 0
5.08452e-05 0
5.30884e-05 0
5.54307e-05 0
5.78762e-05 0
6.04296e-05 0
6.30957e-05 0
6.58795e-05 0
6.8786e-05 0
7.18208e-05 0
7.49894e-05 0
7.82979e-05 0
8.17523e-05 0
8.53591e-05 0
8.91251e-05 0
9.30572e-05 0
9.71628e-05 0
0.00010145 0
0.000105925 0
0.000110599 0
0.000115478 0
0.000120573 0
0.000125893 0
0.000131447 0
0.000137246 0
0.000143301 0
0.000149624 0
0.000156225 0
0.000163117 0
0.000170314 0
0.000177828 0
0.000185674 0
0.000193865 0
0.000202418 0
0.000211349 0
0.000220673 0
0.000230409 0
0.000240575 0
0.000251189 0
0.000262271 0
0.000273842 0
0.000285924 0
0.000298538 0
0.000311709 0
0.000325462 0
0.000339821 0
0.000354813 0
0.000370467 0
0.000386812 0
0.000403878 0
0.000421697 0
0.000440301 0
0.000459727 0
0.00048001 1
0.000501187 0
0.000523299 0
0.000546387 0
0.000570493 0
0.000595662 0
0.000621942 0
0.000649382 1
0.000678032 0
0.000707946 0
0.00073918 0
0.000771792 0
0.000805842 0
0.000841395 0
0.000878517 0
0.000917276 1
0.000957745 0
0.001 0
0.00104412 0
0.00109018 0
0.00113828 0
0.0011885 0
0.00124094 0
0.00129569 0
0.00135285 0
0.00141254 0
0.00147486 0
0.00153993 0
0.00160787 1
0.0016788 0
0.00175287 1
0.00183021 0
0.00191095 0
0.00199526 0
0.00208329 0
0.0021752 0
0.00227117 0
0.00237137 0
0.002476 1
0.00258523 0
0.00269929 0
0.00281838 0
0.00294273 0
0.00307256 1
0.00320812 1
0.00334965 0
0.00349744 0
0.00365174 0
0.00381285 1
0.00398107 2
0.00415671 1
0.0043401 0
0.00453158 0
0.00473151 1
0.00494026 1
0.00515822 0
0.0053858 3
0.00562341 0
0.00587151 1
0.00613056 0
0.00640103 3
0.00668344 2
0.00697831 2
0.00728618 2
0.00760764 1
0.00794328 1
0.00829373 1
0.00865964 5
0.0090417 3
0.00944061 5
0.00985712 6
0.010292 2
0.0107461 4
0.0112202 2
0.0117152 5
0.0122321 4
0.0127717 4
0.0133352 8
0.0139236 5
0.0145378 8
0.0151792 7
0.0158489 5
0.0165482 14
0.0172783 8
0.0180406 7
0.0188365 7
0.0196675 8
0.0205353 7
0.0214412 12
0.0223872 16
0.0233749 15
0.0244062 17
0.025483 17
0.0266073 15
0.0277811 20
0.0290068 19
0.0302866 23
0.0316228 22
0.0330179 22
0.0344747 33
0.0359956 32
0.0375837 30
0.0392419 39
0.0409732 34
0.0427809 34
0.0446684 27
0.0466391 30
0.0486968 40
0.0508452 45
0.0530884 44
0.0554307 37
0.0578762 61
0.0604296 55
0.0630957 56
0.0658795 69
0.068786 57
0.0718208 70
0.0749894 50
0.0782979 82
0.0817523 94
0.0853591 76
0.0891251 69
0.0930572 87
0.0971628 88
0.10145 104
0.105925 104
0.110599 91
0.115478 120
0.120573 111
0.125893 109
0.131447 126
0.137246 89
0.143301 131
0.149624 128
0.156225 122
0.163117 118
0.170314 116
0.177828 132
0.185674 128
0.193865 154
0.202418 111
0.211349 117
0.220673 122
0.230409 134
0.240575 129
0.251189 132
0.262271 136
0.273842 145
0.285924 141
0.298538 151
0.311709 156
0.325462 144
0.339821 139
0.354813 145
0.370467 149
0.386812 153
0.403878 179
0.421697 140
0.440301 145
0.459727 153
0.48001 162
0.501187 174
0.523299 167
0.546387 152
0.570493 165
0.595662 115
0.621942 165
0.649382 139
0.678032 148
0.707946 134
0.73918 109
0.771792 101
0.805842 121
0.841395 118
0.878517 112
0.917276 111
0.957745 91
1 99
1.04412 91
1.09018 83
1.13828 82
1.1885 67
1.24094 84
1.29569 74
1.35285 86
1.41254 82
1.47486 61
1.53993 53
1.60787 61
1.6788 57
1.75287 52
1.83021 41
1.91095 36
1.99526 50
2.08329 27
2.1752 36
2.27117 37
2.37137 42
2.476 32
2.58523 33
2.69929 30
2.81838 37
2.94273 22
3.07256 45
3.20812 28
3.34965 33
3.49744 28
3.65174 31
3.81285 29
3.98107 36
4.15671 34
4.3401 28
4.53158 28
4.73151 27
4.94026 21
5.15822 29
5.3858 25
5.62341 16
5.87151 22
6.13056 17
6.40103 19
6.68344 16
6.97831 13
7.28618 14
7.60764 16
7.94328 8
8.29373 22
8.65964 19
9.0417 16
9.44061 16
9.85712 16
10.292 17
10.7461 12
11.2202 15
11.7152 10
12.2321 11
12.7717 14
13.3352 15
13.9236 14
14.5378 11
15.1792 15
15.8489 8
16.5482 15
17.2783 12
18.0406 11
18.8365 14
19.6675 20
20.5353 14
21.4412 10
22.3872 18
23.3749 10
24.4062 11
25.483 14
26.6073 11
27.7811 10
29.0068 18
30.2866 12
31.6228 16
33.0179 18
34.4747 13
35.9956 18
37.5837 24
39.2419 11
40.9732 15
42.7809 24
44.6684 14
46.6391 15
48.6968 18
50.8452 14
53.0884 16
55.4307 20
57.8762 26
60.4296 15
63.0957 16
65.8795 22
68.786 31
71.8208 25
74.9894 25
78.2979 26
81.7523 30
85.3591 22
89.1251 15
93.0572 20
97.1628 27
101.45 23
105.925 24
110.599 32
115.478 21
120.573 23
125.893 22
131.447 26
137.246 21
143.301 22
149.624 32
156.225 26
163.117 19
170.314 30
177.828 13
185.674 21
193.865 19
202.418 16
211.349 22
220.673 22
230.409 15
240.575 11
251.189 16
262.271 10
273.842 10
285.924 15
298.538 11
311.709 10
325.462 14
339.821 13
354.813 12
370.467 13
386.812 5
403.878 3
421.697 7
440.301 6
459.727 1
480.01 3
501.187 5
523.299 1
546.387 1
570.493 1
595.662 2
621.942 0
649.382 0
678.032 0
707.946 0
739.18 0
771.792 0
805.842 0
841.395 0
878.517 0
917.276 0
957.745 1
1000 0
