# First line is two numbers 
#     First value is '2', it means 'histogram mode'
#     Second value is 'Emin' of the histogram
# Other lines : 2 columns. 1) energy 2) probability (nb divided by NbEvent)
# Number of bins = 480
# Content below the first bin: 0
# Content above the last  bin: 0
# Content above the last  bin: 0
# Number of events: 209000
2 1e-06
1.04412e-06 0
1.09018e-06 0
1.13828e-06 0
1.1885e-06 0
1.24094e-06 0
1.29569e-06 0
1.35285e-06 0
1.41254e-06 0
1.47486e-06 0
1.53993e-06 0
1.60787e-06 0
1.6788e-06 0
1.75287e-06 0
1.83021e-06 0
1.91095e-06 0
1.99526e-06 0
2.08329e-06 0
2.1752e-06 0
2.27117e-06 0
2.37137e-06 0
2.476e-06 0
2.58523e-06 0
2.69929e-06 0
2.81838e-06 0
2.94273e-06 0
3.07256e-06 0
3.20812e-06 0
3.34965e-06 0
3.49744e-06 0
3.65174e-06 0
3.81285e-06 0
3.98107e-06 0
4.15671e-06 0
4.3401e-06 0
4.53158e-06 0
4.73151e-06 0
4.94026e-06 0
5.15822e-06 0
5.3858e-06 0
5.62341e-06 0
5.87151e-06 0
6.13056e-06 0
6.40103e-06 0
6.68344e-06 0
6.97831e-06 0
7.28618e-06 0
7.60764e-06 0
7.94328e-06 0
8.29373e-06 0
8.65964e-06 0
9.0417e-06 0
9.44061e-06 0
9.85712e-06 0
1.0292e-05 0
1.07461e-05 0
1.12202e-05 0
1.17152e-05 0
1.22321e-05 0
1.27717e-05 0
1.33352e-05 0
1.39236e-05 0
1.45378e-05 0
1.51792e-05 0
1.58489e-05 0
1.65482e-05 0
1.72783e-05 0
1.80406e-05 0
1.88365e-05 0
1.96675e-05 0
2.05353e-05 0
2.14412e-05 0
2.23872e-05 0
2.33749e-05 0
2.44062e-05 0
2.5483e-05 0
2.66073e-05 0
2.77811e-05 0
2.90068e-05 0
3.02866e-05 0
3.16228e-05 0
3.30179e-05 0
3.44747e-05 0
3.59956e-05 0
3.75837e-05 0
3.92419e-05 0
4.09732e-05 0
4.27809e-05 0
4.46684e-05 0
4.66391e-05 0
4.86968e-05 0
5.08452e-05 0
5.30884e-05 0
5.54307e-05 0
5.78762e-05 0
6.04296e-05 0
6.30957e-05 0
6.58795e-05 0
6.8786e-05 0
7.18208e-05 0
7.49894e-05 0
7.82979e-05 0
8.17523e-05 0
8.53591e-05 0
8.91251e-05 0
9.30572e-05 0
9.71628e-05 0
0.00010145 0
0.000105925 0
0.000110599 36.2916
0.000115478 0
0.000120573 0
0.000125893 0
0.000131447 0
0.000137246 0
0.000143301 0
0.000149624 0
0.000156225 0
0.000163117 0
0.000170314 0
0.000177828 0
0.000185674 0
0.000193865 0
0.000202418 0
0.000211349 0
0.000220673 0
0.000230409 0
0.000240575 0
0.000251189 0
0.000262271 0
0.000273842 0
0.000285924 0
0.000298538 0
0.000311709 0
0.000325462 0
0.000339821 0
0.000354813 0
0.000370467 0
0.000386812 0
0.000403878 0
0.000421697 0
0.000440301 0
0.000459727 0
0.00048001 0
0.000501187 0
0.000523299 0
0.000546387 0
0.000570493 0
0.000595662 0
0.000621942 0
0.000649382 0
0.000678032 0
0.000707946 0
0.00073918 0
0.000771792 0
0.000805842 0
0.000841395 0
0.000878517 0
0.000917276 0
0.000957745 0
0.001 0
0.00104412 0
0.00109018 0
0.00113828 0
0.0011885 0
0.00124094 0
0.00129569 0
0.00135285 0
0.00141254 0
0.00147486 0
0.00153993 0
0.00160787 0
0.0016788 0
0.00175287 0
0.00183021 0
0.00191095 0
0.00199526 0
0.00208329 0
0.0021752 0
0.00227117 0
0.00237137 0
0.002476 0
0.00258523 0
0.00269929 0
0.00281838 119.003
0.00294273 74.6152
0.00307256 0
0.00320812 66.5693
0.00334965 0
0.00349744 0
0.00365174 0
0.00381285 0
0.00398107 0
0.00415671 155.193
0.0043401 0
0.00453158 204.83
0.00473151 118.505
0.00494026 71.0685
0.00515822 0
0.0053858 116.098
0.00562341 49.1096
0.00587151 100.57
0.00613056 51.0509
0.00640103 0
0.00668344 205.596
0.00697831 0
0.00728618 115.377
0.00760764 61.1688
0.00794328 119.325
0.00829373 99.9984
0.00865964 188.322
0.0090417 246.527
0.00944061 140.849
0.00985712 176.171
0.010292 134.613
0.0107461 296.395
0.0112202 143.269
0.0117152 227.882
0.0122321 666.783
0.0127717 369.923
0.0133352 673.93
0.0139236 254.761
0.0145378 129.278
0.0151792 516.286
0.0158489 824.236
0.0165482 631.037
0.0172783 515.284
0.0180406 404.543
0.0188365 579.401
0.0196675 1080.06
0.0205353 480.119
0.0214412 680.151
0.0223872 936.885
0.0233749 687.815
0.0244062 1036.25
0.025483 679.111
0.0266073 888.873
0.0277811 1399.15
0.0290068 1435.96
0.0302866 1378.35
0.0316228 1170.95
0.0330179 948.767
0.0344747 1451.22
0.0359956 1776
0.0375837 1660.53
0.0392419 1304.53
0.0409732 1118.31
0.0427809 2092.41
0.0446684 1445.92
0.0466391 3087.17
0.0486968 2594.29
0.0508452 1243.14
0.0530884 2711.4
0.0554307 2228.59
0.0578762 2238.77
0.0604296 2950.43
0.0630957 3058.77
0.0658795 2136.05
0.068786 2822.86
0.0718208 3693.72
0.0749894 2959.72
0.0782979 3281.76
0.0817523 3866.47
0.0853591 4057.71
0.0891251 5081.87
0.0930572 5021.05
0.0971628 5333.16
0.10145 4806.92
0.105925 5613.31
0.110599 3874.05
0.115478 4622.25
0.120573 6441.4
0.125893 5374.46
0.131447 6445.57
0.137246 5995.61
0.143301 5881.92
0.149624 6441.63
0.156225 7486.71
0.163117 6475.78
0.170314 6553.98
0.177828 6663.7
0.185674 7080.83
0.193865 5961.89
0.202418 4835.4
0.211349 6694.85
0.220673 6297.68
0.230409 6734.7
0.240575 7204.25
0.251189 7656.89
0.262271 6722.73
0.273842 7409.59
0.285924 7087.84
0.298538 6303.65
0.311709 7225.15
0.325462 7337.94
0.339821 9324.21
0.354813 9318.59
0.370467 7444.96
0.386812 7157.98
0.403878 7334.73
0.421697 6696.62
0.440301 7716.8
0.459727 8751.14
0.48001 7157.34
0.501187 8620.01
0.523299 7485.37
0.546387 6734.85
0.570493 8462.36
0.595662 7157.28
0.621942 7827.95
0.649382 6953.45
0.678032 6319.06
0.707946 5785.72
0.73918 7065.54
0.771792 5597.62
0.805842 5636.34
0.841395 6148.08
0.878517 4893.4
0.917276 6607.24
0.957745 5139.44
1 5290.69
1.04412 3742.35
1.09018 5440.01
1.13828 5328.33
1.1885 3490.71
1.24094 2706.58
1.29569 3193.49
1.35285 2723.37
1.41254 3854.65
1.47486 3332.81
1.53993 2222.12
1.60787 2461.37
1.6788 2538.04
1.75287 2543.72
1.83021 2792.25
1.91095 2994.77
1.99526 1990.68
2.08329 2032.9
2.1752 2120.52
2.27117 2567.26
2.37137 1819.64
2.476 2539.24
2.58523 1196.89
2.69929 1773.63
2.81838 1661.11
2.94273 1624.04
3.07256 1782.18
3.20812 1580.45
3.34965 1076.79
3.49744 1841.92
3.65174 1897.79
3.81285 1206.94
3.98107 1594.44
4.15671 1914.29
4.3401 1099.38
4.53158 1630.74
4.73151 1192.95
4.94026 1675.68
5.15822 1364.73
5.3858 1382.41
5.62341 1117.28
5.87151 681.043
6.13056 1112.84
6.40103 880.564
6.68344 1308.37
6.97831 1213.49
7.28618 963.206
7.60764 717.977
7.94328 730.041
8.29373 548.987
8.65964 300.991
9.0417 944.795
9.44061 419.42
9.85712 764.987
10.292 606.014
10.7461 594.835
11.2202 620.843
11.7152 805.065
12.2321 650.66
12.7717 673.891
13.3352 874.557
13.9236 1073.45
14.5378 411.042
15.1792 862.451
15.8489 755.014
16.5482 1254.19
17.2783 841.184
18.0406 741.311
18.8365 685.488
19.6675 539.93
20.5353 755.324
21.4412 977.335
22.3872 950.077
23.3749 519.001
24.4062 507.543
25.483 795.537
26.6073 998.9
27.7811 601.681
29.0068 822.886
30.2866 509.916
31.6228 606.249
33.0179 776.703
34.4747 603.949
35.9956 1043.27
37.5837 1300.76
39.2419 1117.8
40.9732 486.307
42.7809 747.572
44.6684 992.99
46.6391 1080.24
48.6968 1391.36
50.8452 1188.95
53.0884 910.711
55.4307 1350.16
57.8762 1078.52
60.4296 932.067
63.0957 926.132
65.8795 1249.38
68.786 935.164
71.8208 1586.22
74.9894 1851.68
78.2979 1362.35
81.7523 1450.42
85.3591 1856.41
89.1251 1277.16
93.0572 2270.21
97.1628 1822.23
101.45 2276.27
105.925 1408.56
110.599 1708.69
115.478 1302.56
120.573 1312.18
125.893 1873.92
131.447 1633.23
137.246 2033.67
143.301 2164.53
149.624 1899.07
156.225 1858.58
163.117 3025.57
170.314 2081.85
177.828 2142.64
185.674 3137.95
193.865 3226.72
202.418 3424.68
211.349 3719.86
220.673 3101.6
230.409 3368.21
240.575 3633.69
251.189 3605.83
262.271 2930.9
273.842 4678.07
285.924 3524.11
298.538 3451.48
311.709 4998.41
325.462 3274.86
339.821 4107.91
354.813 4059.33
370.467 3008.86
386.812 3476.13
403.878 1952.56
421.697 2163.31
440.301 1278.56
459.727 1066.26
480.01 978.688
501.187 1019.44
523.299 218.247
546.387 230.398
570.493 276.856
595.662 247.391
621.942 306.33
649.382 0
678.032 92.5193
707.946 0
739.18 105.428
771.792 0
805.842 24.1177
841.395 34.8055
878.517 203.742
917.276 0
957.745 74.3505
1000 0
