# First line is two numbers 
#     First value is '2', it means 'histogram mode'
#     Second value is 'Emin' of the histogram
# Other lines : 2 columns. 1) energy 2) probability (nb divided by NbEvent)
# Number of bins = 480
# Content below the first bin: 0
# Content above the last  bin: 0
# Content above the last  bin: 0
# Number of events: 209000
2 1e-06
1.04412e-06 0
1.09018e-06 0
1.13828e-06 0
1.1885e-06 0
1.24094e-06 0
1.29569e-06 0
1.35285e-06 0
1.41254e-06 0
1.47486e-06 0
1.53993e-06 0
1.60787e-06 0
1.6788e-06 0
1.75287e-06 0
1.83021e-06 0
1.91095e-06 0
1.99526e-06 0
2.08329e-06 0
2.1752e-06 0
2.27117e-06 0
2.37137e-06 0
2.476e-06 0
2.58523e-06 0
2.69929e-06 0
2.81838e-06 0
2.94273e-06 0
3.07256e-06 0
3.20812e-06 0
3.34965e-06 0
3.49744e-06 0
3.65174e-06 0
3.81285e-06 0
3.98107e-06 0
4.15671e-06 0
4.3401e-06 0
4.53158e-06 0
4.73151e-06 0
4.94026e-06 0
5.15822e-06 0
5.3858e-06 0
5.62341e-06 0
5.87151e-06 0
6.13056e-06 0
6.40103e-06 0
6.68344e-06 0
6.97831e-06 0
7.28618e-06 0
7.60764e-06 0
7.94328e-06 0
8.29373e-06 0
8.65964e-06 0
9.0417e-06 0
9.44061e-06 0
9.85712e-06 0
1.0292e-05 0
1.07461e-05 0
1.12202e-05 0
1.17152e-05 0
1.22321e-05 0
1.27717e-05 0
1.33352e-05 0
1.39236e-05 0
1.45378e-05 0
1.51792e-05 0
1.58489e-05 0
1.65482e-05 0
1.72783e-05 0
1.80406e-05 0
1.88365e-05 0
1.96675e-05 0
2.05353e-05 0
2.14412e-05 0
2.23872e-05 0
2.33749e-05 0
2.44062e-05 0
2.5483e-05 0
2.66073e-05 0
2.77811e-05 0
2.90068e-05 0
3.02866e-05 0
3.16228e-05 0
3.30179e-05 0
3.44747e-05 0
3.59956e-05 0
3.75837e-05 0
3.92419e-05 0
4.09732e-05 0
4.27809e-05 0
4.46684e-05 0
4.66391e-05 0
4.86968e-05 0
5.08452e-05 0
5.30884e-05 0
5.54307e-05 0
5.78762e-05 0
6.04296e-05 0
6.30957e-05 0
6.58795e-05 0
6.8786e-05 0
7.18208e-05 0
7.49894e-05 0
7.82979e-05 0
8.17523e-05 0
8.53591e-05 0
8.91251e-05 0
9.30572e-05 0
9.71628e-05 0
0.00010145 0
0.000105925 0
0.000110599 0
0.000115478 0
0.000120573 0
0.000125893 0
0.000131447 0
0.000137246 0
0.000143301 0
0.000149624 0
0.000156225 0
0.000163117 0
0.000170314 0
0.000177828 0
0.000185674 0
0.000193865 0
0.000202418 0
0.000211349 0
0.000220673 0
0.000230409 0
0.000240575 0
0.000251189 0
0.000262271 0
0.000273842 0
0.000285924 0
0.000298538 0
0.000311709 0
0.000325462 0
0.000339821 0
0.000354813 0
0.000370467 0
0.000386812 0
0.000403878 0
0.000421697 0
0.000440301 0
0.000459727 0
0.00048001 0
0.000501187 0
0.000523299 0
0.000546387 0
0.000570493 0
0.000595662 0
0.000621942 0
0.000649382 0
0.000678032 0
0.000707946 0
0.00073918 0
0.000771792 0
0.000805842 0
0.000841395 0
0.000878517 0
0.000917276 0
0.000957745 0
0.001 0
0.00104412 0
0.00109018 0
0.00113828 0
0.0011885 0
0.00124094 0
0.00129569 0
0.00135285 0
0.00141254 0
0.00147486 0
0.00153993 0
0.00160787 0
0.0016788 0
0.00175287 0
0.00183021 0
0.00191095 0
0.00199526 0
0.00208329 0
0.0021752 99.9361
0.00227117 0
0.00237137 0
0.002476 0
0.00258523 0
0.00269929 0
0.00281838 119.837
0.00294273 0
0.00307256 0
0.00320812 0
0.00334965 45.6109
0.00349744 0
0.00365174 0
0.00381285 0
0.00398107 0
0.00415671 72.2206
0.0043401 215.975
0.00453158 97.921
0.00473151 0
0.00494026 0
0.00515822 0
0.0053858 0
0.00562341 0
0.00587151 110.56
0.00613056 45.5926
0.00640103 0
0.00668344 142.825
0.00697831 0
0.00728618 115.464
0.00760764 198.401
0.00794328 84.7892
0.00829373 161.586
0.00865964 0
0.0090417 246.991
0.00944061 225.242
0.00985712 235.823
0.010292 391.478
0.0107461 77.5142
0.0112202 288.94
0.0117152 198.24
0.0122321 406.832
0.0127717 257.754
0.0133352 207.252
0.0139236 481.034
0.0145378 0
0.0151792 706.769
0.0158489 269.559
0.0165482 372.408
0.0172783 599.77
0.0180406 583.813
0.0188365 447.619
0.0196675 826.842
0.0205353 611.584
0.0214412 875.167
0.0223872 696.068
0.0233749 557.751
0.0244062 853.413
0.025483 435.879
0.0266073 685.066
0.0277811 888.493
0.0290068 1020.49
0.0302866 1453.31
0.0316228 1564.11
0.0330179 1721.62
0.0344747 1724.04
0.0359956 1219.34
0.0375837 1375.71
0.0392419 1403.08
0.0409732 1730.8
0.0427809 1549.12
0.0446684 2232.24
0.0466391 2049.76
0.0486968 1845.09
0.0508452 2073.62
0.0530884 3655.83
0.0554307 2328.24
0.0578762 3617.27
0.0604296 3042.21
0.0630957 3624.25
0.0658795 2603.76
0.068786 3153.44
0.0718208 3588.22
0.0749894 3941.48
0.0782979 2942.17
0.0817523 3328.98
0.0853591 3678.97
0.0891251 5260.23
0.0930572 4151.32
0.0971628 5454.87
0.10145 5749.36
0.105925 4908.93
0.110599 5119.43
0.115478 6832.01
0.120573 4364.85
0.125893 6306.28
0.131447 5901.35
0.137246 5752.17
0.143301 6473.86
0.149624 7036.24
0.156225 5786.47
0.163117 6058.61
0.170314 6784.43
0.177828 7898.68
0.185674 8491.16
0.193865 6287.16
0.202418 6213.5
0.211349 7486.95
0.220673 6396.83
0.230409 6782.35
0.240575 7428.54
0.251189 7588.09
0.262271 7553.35
0.273842 7597.69
0.285924 7504.84
0.298538 7024.71
0.311709 7405.52
0.325462 7867.22
0.339821 8229.4
0.354813 9184.1
0.370467 7635.84
0.386812 7083.78
0.403878 7829.7
0.421697 6977.94
0.440301 6921.79
0.459727 7863.63
0.48001 7597.36
0.501187 8776.23
0.523299 6531.52
0.546387 7008.36
0.570493 7833.82
0.595662 6930.4
0.621942 7803.06
0.649382 6787.58
0.678032 6169.93
0.707946 7282.67
0.73918 4912.14
0.771792 6730.49
0.805842 6091.46
0.841395 4883.63
0.878517 6546.5
0.917276 5545.01
0.957745 4731.99
1 4926.87
1.04412 4499.96
1.09018 4564
1.13828 4314.67
1.1885 4492.04
1.24094 3088.57
1.29569 3693.71
1.35285 2780.23
1.41254 3245.52
1.47486 2934.27
1.53993 3503.15
1.60787 3857.57
1.6788 2091.16
1.75287 1996.21
1.83021 2811.95
1.91095 2220.25
1.99526 2371.36
2.08329 2301.56
2.1752 1956.3
2.27117 2362.49
2.37137 1658.85
2.476 1907.68
2.58523 1827.11
2.69929 2796.93
2.81838 2320.21
2.94273 2197.05
3.07256 1132.89
3.20812 1401.79
3.34965 849.192
3.49744 1557.24
3.65174 2488.28
3.81285 1468.5
3.98107 1264.58
4.15671 1328.9
4.3401 2462.9
4.53158 1775.35
4.73151 706.503
4.94026 1169.64
5.15822 1575.86
5.3858 1322.14
5.62341 1162.73
5.87151 1469.24
6.13056 1012.2
6.40103 1337.15
6.68344 1385.66
6.97831 778.02
7.28618 1477.4
7.60764 1172.47
7.94328 938.621
8.29373 1304.48
8.65964 966.578
9.0417 1279.36
9.44061 1364.19
9.85712 475.658
10.292 958.307
10.7461 742.497
11.2202 283.251
11.7152 756.717
12.2321 878.744
12.7717 754.688
13.3352 648.877
13.9236 314.797
14.5378 502.62
15.1792 391.539
15.8489 799.058
16.5482 520.591
17.2783 699.78
18.0406 850.907
18.8365 805.113
19.6675 679.496
20.5353 460.23
21.4412 1079.18
22.3872 894.656
23.3749 891.616
24.4062 1197.96
25.483 567.082
26.6073 788.017
27.7811 819.933
29.0068 721.781
30.2866 1274.43
31.6228 472.296
33.0179 643.516
34.4747 910.64
35.9956 1125.84
37.5837 875.618
39.2419 682.498
40.9732 1350.55
42.7809 1059.09
44.6684 1475.76
46.6391 469.332
48.6968 1224.87
50.8452 1457
53.0884 833.283
55.4307 1176.41
57.8762 818.606
60.4296 1351.28
63.0957 1784.98
65.8795 1779.15
68.786 731.065
71.8208 1494.03
74.9894 1104.58
78.2979 1041.07
81.7523 2037.72
85.3591 1675.07
89.1251 1687.25
93.0572 1645.49
97.1628 1764.54
101.45 1696.65
105.925 1277.39
110.599 1767.1
115.478 2128.23
120.573 2382.09
125.893 3362.36
131.447 1682.74
137.246 1708.78
143.301 2277.6
149.624 1623.46
156.225 2847.82
163.117 2230.12
170.314 2666.04
177.828 2317.61
185.674 1906.81
193.865 2524.19
202.418 2478.31
211.349 3146.83
220.673 3312.62
230.409 2997.77
240.575 2949.65
251.189 3285.5
262.271 3378.42
273.842 4376.93
285.924 4399.51
298.538 5565.2
311.709 4275.63
325.462 3876.76
339.821 4571.7
354.813 5404.24
370.467 4149.95
386.812 3328.68
403.878 1751.39
421.697 2059.95
440.301 1193.33
459.727 832.272
480.01 877.144
501.187 534.146
523.299 230.696
546.387 166.378
570.493 392.37
595.662 101.31
621.942 617.502
649.382 11.4951
678.032 0
707.946 318.646
739.18 93.2108
771.792 0
805.842 95.2483
841.395 205.47
878.517 0
917.276 0
957.745 0
1000 0
