# First line is two numbers 
#     First value is '2', it means 'histogram mode'
#     Second value is 'Emin' of the histogram
# Other lines : 2 columns. 1) energy 2) probability (nb divided by NbEvent)
# Number of bins = 480
# Content below the first bin: 0
# Content above the last  bin: 0
# Content above the last  bin: 0
# Number of events: 209000
2 1e-06
1.04412e-06 0
1.09018e-06 0
1.13828e-06 0
1.1885e-06 0
1.24094e-06 0
1.29569e-06 0
1.35285e-06 0
1.41254e-06 0
1.47486e-06 0
1.53993e-06 0
1.60787e-06 0
1.6788e-06 0
1.75287e-06 0
1.83021e-06 0
1.91095e-06 0
1.99526e-06 0
2.08329e-06 0
2.1752e-06 0
2.27117e-06 0
2.37137e-06 0
2.476e-06 0
2.58523e-06 0
2.69929e-06 0
2.81838e-06 0
2.94273e-06 0
3.07256e-06 0
3.20812e-06 0
3.34965e-06 0
3.49744e-06 0
3.65174e-06 0
3.81285e-06 0
3.98107e-06 0
4.15671e-06 0
4.3401e-06 0
4.53158e-06 0
4.73151e-06 0
4.94026e-06 0
5.15822e-06 0
5.3858e-06 0
5.62341e-06 0
5.87151e-06 0
6.13056e-06 0
6.40103e-06 0
6.68344e-06 0
6.97831e-06 0
7.28618e-06 0
7.60764e-06 0
7.94328e-06 0
8.29373e-06 0
8.65964e-06 0
9.0417e-06 0
9.44061e-06 0
9.85712e-06 0
1.0292e-05 0
1.07461e-05 0
1.12202e-05 0
1.17152e-05 0
1.22321e-05 0
1.27717e-05 0
1.33352e-05 0
1.39236e-05 0
1.45378e-05 0
1.51792e-05 0
1.58489e-05 0
1.65482e-05 0
1.72783e-05 0
1.80406e-05 0
1.88365e-05 0
1.96675e-05 0
2.05353e-05 0
2.14412e-05 0
2.23872e-05 0
2.33749e-05 0
2.44062e-05 0
2.5483e-05 0
2.66073e-05 0
2.77811e-05 0
2.90068e-05 0
3.02866e-05 0
3.16228e-05 0
3.30179e-05 0
3.44747e-05 0
3.59956e-05 0
3.75837e-05 0
3.92419e-05 0
4.09732e-05 0
4.27809e-05 0
4.46684e-05 0
4.66391e-05 0
4.86968e-05 0
5.08452e-05 0
5.30884e-05 0
5.54307e-05 0
5.78762e-05 0
6.04296e-05 0
6.30957e-05 0
6.58795e-05 0
6.8786e-05 0
7.18208e-05 0
7.49894e-05 0
7.82979e-05 0
8.17523e-05 0
8.53591e-05 0
8.91251e-05 0
9.30572e-05 0
9.71628e-05 0
0.00010145 0
0.000105925 0
0.000110599 0
0.000115478 0
0.000120573 0
0.000125893 0
0.000131447 0
0.000137246 0
0.000143301 0
0.000149624 0
0.000156225 0
0.000163117 0
0.000170314 0
0.000177828 0
0.000185674 0
0.000193865 0
0.000202418 0
0.000211349 0
0.000220673 0
0.000230409 0
0.000240575 0
0.000251189 0
0.000262271 0
0.000273842 0
0.000285924 0
0.000298538 0
0.000311709 0
0.000325462 0
0.000339821 0
0.000354813 0
0.000370467 0
0.000386812 0
0.000403878 0
0.000421697 0
0.000440301 0
0.000459727 0
0.00048001 0
0.000501187 0
0.000523299 0
0.000546387 0
0.000570493 0
0.000595662 0
0.000621942 0
0.000649382 0
0.000678032 0
0.000707946 0
0.00073918 0
0.000771792 0
0.000805842 0
0.000841395 0
0.000878517 0
0.000917276 0
0.000957745 0
0.001 0
0.00104412 0
0.00109018 0
0.00113828 0
0.0011885 0
0.00124094 0
0.00129569 0
0.00135285 0
0.00141254 0
0.00147486 0
0.00153993 0
0.00160787 0
0.0016788 0
0.00175287 0
0.00183021 0
0.00191095 0
0.00199526 0
0.00208329 0
0.0021752 0
0.00227117 0
0.00237137 0
0.002476 0
0.00258523 0
0.00269929 0
0.00281838 0
0.00294273 0
0.00307256 0
0.00320812 0
0.00334965 0
0.00349744 0
0.00365174 0
0.00381285 0
0.00398107 0
0.00415671 0
0.0043401 0
0.00453158 0
0.00473151 0
0.00494026 0
0.00515822 0
0.0053858 0
0.00562341 53.1817
0.00587151 0
0.00613056 0
0.00640103 0
0.00668344 0
0.00697831 108.161
0.00728618 99.7809
0.00760764 0
0.00794328 0
0.00829373 42.9025
0.00865964 0
0.0090417 23.5089
0.00944061 34.6673
0.00985712 96.1443
0.010292 103.587
0.0107461 56.3367
0.0112202 0
0.0117152 97.9015
0.0122321 153.573
0.0127717 0
0.0133352 0
0.0139236 0
0.0145378 69.4101
0.0151792 0
0.0158489 74.5378
0.0165482 114.231
0.0172783 114.546
0.0180406 0
0.0188365 122.861
0.0196675 152.411
0.0205353 247.986
0.0214412 225.832
0.0223872 135.26
0.0233749 359.189
0.0244062 0
0.025483 252.517
0.0266073 0
0.0277811 153.228
0.0290068 99.8261
0.0302866 321.651
0.0316228 260.954
0.0330179 402.412
0.0344747 402.22
0.0359956 65.186
0.0375837 281.512
0.0392419 120.437
0.0409732 551.586
0.0427809 382.888
0.0446684 216.994
0.0466391 686.688
0.0486968 579.188
0.0508452 419.122
0.0530884 573.238
0.0554307 456.019
0.0578762 315.282
0.0604296 448.669
0.0630957 899.829
0.0658795 511.2
0.068786 630.309
0.0718208 819.876
0.0749894 690.195
0.0782979 1012.27
0.0817523 302.527
0.0853591 520.448
0.0891251 677.438
0.0930572 330.947
0.0971628 728.379
0.10145 933.425
0.105925 777.042
0.110599 462.181
0.115478 621.164
0.120573 1143.45
0.125893 829.798
0.131447 1603.59
0.137246 719.957
0.143301 1132.79
0.149624 1125.5
0.156225 774.829
0.163117 1073.88
0.170314 1397.57
0.177828 1446.74
0.185674 926.909
0.193865 846.511
0.202418 1106.61
0.211349 1412.02
0.220673 1840.65
0.230409 1188.54
0.240575 1092.35
0.251189 1553.9
0.262271 641.969
0.273842 927.866
0.285924 1449.91
0.298538 1077
0.311709 1316.46
0.325462 2367.47
0.339821 1625.82
0.354813 1680.62
0.370467 1263.13
0.386812 1887.79
0.403878 1187.09
0.421697 1046.37
0.440301 1224.26
0.459727 1696.87
0.48001 1304.66
0.501187 1490.24
0.523299 1810.03
0.546387 1211.8
0.570493 1711.47
0.595662 1075.93
0.621942 1417.92
0.649382 1478.81
0.678032 1330.68
0.707946 1262.8
0.73918 1082.68
0.771792 1562.3
0.805842 1403.74
0.841395 1504.7
0.878517 991.297
0.917276 1158.75
0.957745 727.581
1 358.025
1.04412 750.929
1.09018 837.525
1.13828 782.731
1.1885 698.771
1.24094 842.178
1.29569 1046.75
1.35285 662.503
1.41254 232.948
1.47486 830.745
1.53993 347.462
1.60787 963.577
1.6788 449.608
1.75287 418.11
1.83021 357.855
1.91095 206.319
1.99526 417.649
2.08329 587.525
2.1752 539.206
2.27117 339.299
2.37137 297.366
2.476 811.812
2.58523 351.742
2.69929 292.486
2.81838 425.148
2.94273 318.261
3.07256 567.502
3.20812 274.417
3.34965 614.232
3.49744 152.978
3.65174 244.702
3.81285 309.384
3.98107 318.458
4.15671 536.376
4.3401 437.199
4.53158 339.229
4.73151 296.473
4.94026 634.249
5.15822 114.783
5.3858 49.522
5.62341 515.963
5.87151 84.4087
6.13056 221.592
6.40103 176.682
6.68344 123.21
6.97831 207.577
7.28618 149.573
7.60764 205.97
7.94328 211.617
8.29373 65.2677
8.65964 156.826
9.0417 110.002
9.44061 0
9.85712 170.345
10.292 92.2886
10.7461 110.157
11.2202 136.382
11.7152 122.62
12.2321 71.8745
12.7717 251.666
13.3352 126.132
13.9236 127.526
14.5378 0
15.1792 144.844
15.8489 335.969
16.5482 0
17.2783 200.887
18.0406 0
18.8365 0
19.6675 0
20.5353 97.7355
21.4412 215.886
22.3872 250.55
23.3749 62.1855
24.4062 325.492
25.483 109.659
26.6073 159.243
27.7811 250.072
29.0068 210.227
30.2866 123.414
31.6228 263.439
33.0179 126.199
34.4747 259.595
35.9956 106.851
37.5837 162.818
39.2419 259.635
40.9732 357.891
42.7809 356.67
44.6684 90.6232
46.6391 348.215
48.6968 275.447
50.8452 152.306
53.0884 70.4016
55.4307 229.103
57.8762 386.198
60.4296 212.161
63.0957 376.915
65.8795 185.898
68.786 344.625
71.8208 249.824
74.9894 393.129
78.2979 388.027
81.7523 215.283
85.3591 295.026
89.1251 205.802
93.0572 151.392
97.1628 149.526
101.45 157.937
105.925 460.675
110.599 122.876
115.478 493.62
120.573 102.813
125.893 210.415
131.447 431.602
137.246 584.854
143.301 219.405
149.624 211.541
156.225 491.076
163.117 117.226
170.314 108.54
177.828 157.062
185.674 315.852
193.865 511.254
202.418 122.148
211.349 304.296
220.673 0
230.409 158.293
240.575 0
251.189 255.583
262.271 228.036
273.842 97.2823
285.924 538.058
298.538 63.6031
311.709 255.697
325.462 409.767
339.821 101.087
354.813 48.6242
370.467 0
386.812 0
403.878 0
421.697 105.114
440.301 0
459.727 0
480.01 0
501.187 0
523.299 0
546.387 0
570.493 27.8214
595.662 0
621.942 0
649.382 0
678.032 0
707.946 104.702
739.18 0
771.792 0
805.842 0
841.395 0
878.517 0
917.276 0
957.745 0
1000 0
