# First line is two numbers 
#     First value is '2', it means 'histogram mode'
#     Second value is 'Emin' of the histogram
# Other lines : 2 columns. 1) energy 2) probability (nb divided by NbEvent)
# Number of bins = 480
# Content below the first bin: 0
# Content above the last  bin: 0
# Content above the last  bin: 0
# Number of events: 209000
2 1e-06
1.04412e-06 0
1.09018e-06 0
1.13828e-06 0
1.1885e-06 0
1.24094e-06 0
1.29569e-06 0
1.35285e-06 0
1.41254e-06 0
1.47486e-06 0
1.53993e-06 0
1.60787e-06 0
1.6788e-06 0
1.75287e-06 0
1.83021e-06 0
1.91095e-06 0
1.99526e-06 0
2.08329e-06 0
2.1752e-06 0
2.27117e-06 0
2.37137e-06 0
2.476e-06 0
2.58523e-06 0
2.69929e-06 0
2.81838e-06 0
2.94273e-06 0
3.07256e-06 0
3.20812e-06 0
3.34965e-06 0
3.49744e-06 0
3.65174e-06 0
3.81285e-06 0
3.98107e-06 0
4.15671e-06 0
4.3401e-06 0
4.53158e-06 0
4.73151e-06 0
4.94026e-06 0
5.15822e-06 0
5.3858e-06 0
5.62341e-06 0
5.87151e-06 0
6.13056e-06 0
6.40103e-06 0
6.68344e-06 0
6.97831e-06 0
7.28618e-06 0
7.60764e-06 0
7.94328e-06 0
8.29373e-06 0
8.65964e-06 0
9.0417e-06 0
9.44061e-06 0
9.85712e-06 0
1.0292e-05 0
1.07461e-05 0
1.12202e-05 0
1.17152e-05 0
1.22321e-05 0
1.27717e-05 0
1.33352e-05 0
1.39236e-05 0
1.45378e-05 0
1.51792e-05 0
1.58489e-05 0
1.65482e-05 0
1.72783e-05 0
1.80406e-05 0
1.88365e-05 0
1.96675e-05 0
2.05353e-05 0
2.14412e-05 0
2.23872e-05 0
2.33749e-05 0
2.44062e-05 0
2.5483e-05 0
2.66073e-05 0
2.77811e-05 0
2.90068e-05 0
3.02866e-05 0
3.16228e-05 0
3.30179e-05 0
3.44747e-05 0
3.59956e-05 0
3.75837e-05 0
3.92419e-05 0
4.09732e-05 0
4.27809e-05 0
4.46684e-05 0
4.66391e-05 0
4.86968e-05 0
5.08452e-05 0
5.30884e-05 0
5.54307e-05 0
5.78762e-05 0
6.04296e-05 0
6.30957e-05 0
6.58795e-05 0
6.8786e-05 0
7.18208e-05 0
7.49894e-05 0
7.82979e-05 0
8.17523e-05 0
8.53591e-05 0
8.91251e-05 0
9.30572e-05 0
9.71628e-05 0
0.00010145 0
0.000105925 0
0.000110599 0
0.000115478 0
0.000120573 0
0.000125893 0
0.000131447 0
0.000137246 0
0.000143301 0
0.000149624 0
0.000156225 0
0.000163117 0
0.000170314 0
0.000177828 0
0.000185674 0
0.000193865 0
0.000202418 0
0.000211349 0
0.000220673 0
0.000230409 0
0.000240575 0
0.000251189 0
0.000262271 0
0.000273842 0
0.000285924 0
0.000298538 0
0.000311709 0
0.000325462 0
0.000339821 0
0.000354813 0
0.000370467 0
0.000386812 0
0.000403878 0
0.000421697 0
0.000440301 0
0.000459727 0
0.00048001 0
0.000501187 0
0.000523299 0
0.000546387 0
0.000570493 0
0.000595662 0
0.000621942 0
0.000649382 0
0.000678032 0
0.000707946 0
0.00073918 0
0.000771792 0
0.000805842 0
0.000841395 0
0.000878517 0
0.000917276 0
0.000957745 0
0.001 0
0.00104412 0
0.00109018 0
0.00113828 0
0.0011885 0
0.00124094 0
0.00129569 0
0.00135285 27.4144
0.00141254 0
0.00147486 0
0.00153993 0
0.00160787 0
0.0016788 0
0.00175287 0
0.00183021 0
0.00191095 0
0.00199526 0
0.00208329 0
0.0021752 0
0.00227117 0
0.00237137 0
0.002476 0
0.00258523 0
0.00269929 0
0.00281838 0
0.00294273 0
0.00307256 0
0.00320812 0
0.00334965 0
0.00349744 0
0.00365174 0
0.00381285 0
0.00398107 0
0.00415671 0
0.0043401 0
0.00453158 0
0.00473151 0
0.00494026 0
0.00515822 0
0.0053858 0
0.00562341 0
0.00587151 0
0.00613056 0
0.00640103 0
0.00668344 0
0.00697831 0
0.00728618 0
0.00760764 0
0.00794328 0
0.00829373 0
0.00865964 0
0.0090417 0
0.00944061 0
0.00985712 118.109
0.010292 0
0.0107461 0
0.0112202 0
0.0117152 45.394
0.0122321 0
0.0127717 0
0.0133352 210.886
0.0139236 0
0.0145378 0
0.0151792 115.911
0.0158489 82.2989
0.0165482 0
0.0172783 0
0.0180406 0
0.0188365 45.6737
0.0196675 0
0.0205353 16.1116
0.0214412 206.939
0.0223872 153.321
0.0233749 322.653
0.0244062 86.8259
0.025483 111.578
0.0266073 80.4832
0.0277811 471.441
0.0290068 255.337
0.0302866 254.605
0.0316228 214.568
0.0330179 299.041
0.0344747 271.237
0.0359956 413.869
0.0375837 446.946
0.0392419 464.221
0.0409732 110.663
0.0427809 562.708
0.0446684 409.269
0.0466391 290.813
0.0486968 260.367
0.0508452 494.483
0.0530884 169.353
0.0554307 417.998
0.0578762 403.014
0.0604296 211.319
0.0630957 502.218
0.0658795 395.222
0.068786 415.197
0.0718208 559.95
0.0749894 335.452
0.0782979 628.365
0.0817523 654.708
0.0853591 317.243
0.0891251 393.365
0.0930572 442.309
0.0971628 1284.97
0.10145 1011.58
0.105925 1004.84
0.110599 456.24
0.115478 647.599
0.120573 649.845
0.125893 1302.21
0.131447 1335.97
0.137246 1007.94
0.143301 1453.31
0.149624 565.86
0.156225 1131.38
0.163117 1087.16
0.170314 918.83
0.177828 531.032
0.185674 1385.66
0.193865 1009.43
0.202418 1273.96
0.211349 1417.14
0.220673 1770.79
0.230409 1722.16
0.240575 1619.38
0.251189 1633.16
0.262271 1564.11
0.273842 1832.73
0.285924 1147.27
0.298538 1414.25
0.311709 1917.71
0.325462 1590.88
0.339821 976.401
0.354813 1865.12
0.370467 1460
0.386812 1200.44
0.403878 1029.15
0.421697 1924.92
0.440301 1636.34
0.459727 1443.04
0.48001 1675.91
0.501187 1090.99
0.523299 1181.67
0.546387 866.581
0.570493 1093.19
0.595662 1406.19
0.621942 1478.11
0.649382 1286.88
0.678032 1487.37
0.707946 1047.52
0.73918 1139.8
0.771792 1970.62
0.805842 1252.73
0.841395 1100.07
0.878517 686.014
0.917276 1003.94
0.957745 1152.64
1 1099.73
1.04412 1492.44
1.09018 1116.7
1.13828 1004.95
1.1885 908.91
1.24094 354.087
1.29569 582.288
1.35285 879.928
1.41254 481.996
1.47486 359.275
1.53993 552.83
1.60787 119.126
1.6788 293.784
1.75287 471.993
1.83021 217.403
1.91095 159.923
1.99526 1014.28
2.08329 603.169
2.1752 485.699
2.27117 305.893
2.37137 270.511
2.476 383.556
2.58523 580.599
2.69929 390.772
2.81838 484.797
2.94273 505.313
3.07256 159.335
3.20812 259.543
3.34965 385.824
3.49744 61.6149
3.65174 15.5878
3.81285 206.255
3.98107 194.061
4.15671 556.089
4.3401 232.34
4.53158 348.492
4.73151 49.056
4.94026 392.609
5.15822 411.796
5.3858 159.874
5.62341 274.357
5.87151 185.616
6.13056 79.5396
6.40103 22.596
6.68344 369.845
6.97831 105.285
7.28618 196.116
7.60764 222.416
7.94328 87.2667
8.29373 117.878
8.65964 0
9.0417 170.874
9.44061 22.1973
9.85712 141.01
10.292 80.5387
10.7461 176.009
11.2202 264.586
11.7152 182.195
12.2321 99.579
12.7717 264.772
13.3352 51.1504
13.9236 93.1156
14.5378 193.086
15.1792 0
15.8489 74.9599
16.5482 96.7475
17.2783 70.9671
18.0406 0
18.8365 0
19.6675 46.3409
20.5353 0
21.4412 0
22.3872 0
23.3749 0
24.4062 70.4887
25.483 328.495
26.6073 0
27.7811 188.153
29.0068 70.1731
30.2866 71.5511
31.6228 0
33.0179 373.629
34.4747 111.074
35.9956 279.24
37.5837 269.095
39.2419 0
40.9732 619.951
42.7809 114.9
44.6684 461.253
46.6391 156.982
48.6968 261.238
50.8452 314.412
53.0884 153.565
55.4307 266.878
57.8762 327.388
60.4296 66.2686
63.0957 109.274
65.8795 175.297
68.786 97.3984
71.8208 160.303
74.9894 0
78.2979 60.5656
81.7523 524.139
85.3591 165.693
89.1251 177.064
93.0572 234.397
97.1628 230.737
101.45 399.361
105.925 219.296
110.599 339.461
115.478 270.664
120.573 134.401
125.893 544.507
131.447 105.896
137.246 206.636
143.301 150.325
149.624 98.0585
156.225 369.339
163.117 76.6852
170.314 183.145
177.828 200.622
185.674 274.087
193.865 695.221
202.418 86.6393
211.349 152.386
220.673 96.5221
230.409 377.188
240.575 295.515
251.189 207.102
262.271 288.451
273.842 0
285.924 282.388
298.538 369.729
311.709 327.731
325.462 89.4124
339.821 0
354.813 158.324
370.467 0
386.812 0
403.878 81.3199
421.697 0
440.301 0
459.727 0
480.01 0
501.187 55.6022
523.299 0
546.387 0
570.493 0
595.662 0
621.942 0
649.382 0
678.032 0
707.946 0
739.18 0
771.792 0
805.842 0
841.395 0
878.517 0
917.276 0
957.745 0
1000 0
