# First line is two numbers 
#     First value is '2', it means 'histogram mode'
#     Second value is 'Emin' of the histogram
# Other lines : 2 columns. 1) energy 2) probability (nb divided by NbEvent)
# Number of bins = 480
# Content below the first bin: 0
# Content above the last  bin: 0
# Content above the last  bin: 0
# Number of events: 209000
2 1e-06
1.04412e-06 0
1.09018e-06 0
1.13828e-06 0
1.1885e-06 0
1.24094e-06 0
1.29569e-06 0
1.35285e-06 0
1.41254e-06 0
1.47486e-06 0
1.53993e-06 0
1.60787e-06 0
1.6788e-06 0
1.75287e-06 0
1.83021e-06 0
1.91095e-06 0
1.99526e-06 0
2.08329e-06 0
2.1752e-06 0
2.27117e-06 0
2.37137e-06 0
2.476e-06 0
2.58523e-06 0
2.69929e-06 0
2.81838e-06 0
2.94273e-06 0
3.07256e-06 0
3.20812e-06 0
3.34965e-06 0
3.49744e-06 0
3.65174e-06 0
3.81285e-06 0
3.98107e-06 0
4.15671e-06 0
4.3401e-06 0
4.53158e-06 0
4.73151e-06 0
4.94026e-06 0
5.15822e-06 0
5.3858e-06 0
5.62341e-06 0
5.87151e-06 0
6.13056e-06 0
6.40103e-06 0
6.68344e-06 0
6.97831e-06 0
7.28618e-06 0
7.60764e-06 0
7.94328e-06 0
8.29373e-06 0
8.65964e-06 0
9.0417e-06 0
9.44061e-06 0
9.85712e-06 0
1.0292e-05 0
1.07461e-05 0
1.12202e-05 0
1.17152e-05 0
1.22321e-05 0
1.27717e-05 0
1.33352e-05 0
1.39236e-05 0
1.45378e-05 0
1.51792e-05 0
1.58489e-05 0
1.65482e-05 0
1.72783e-05 0
1.80406e-05 0
1.88365e-05 0
1.96675e-05 0
2.05353e-05 0
2.14412e-05 0
2.23872e-05 0
2.33749e-05 0
2.44062e-05 0
2.5483e-05 0
2.66073e-05 0
2.77811e-05 0
2.90068e-05 0
3.02866e-05 0
3.16228e-05 0
3.30179e-05 0
3.44747e-05 0
3.59956e-05 0
3.75837e-05 0
3.92419e-05 0
4.09732e-05 0
4.27809e-05 0
4.46684e-05 0
4.66391e-05 0
4.86968e-05 0
5.08452e-05 0
5.30884e-05 0
5.54307e-05 0
5.78762e-05 0
6.04296e-05 0
6.30957e-05 0
6.58795e-05 0
6.8786e-05 0
7.18208e-05 0
7.49894e-05 0
7.82979e-05 0
8.17523e-05 0
8.53591e-05 0
8.91251e-05 0
9.30572e-05 0
9.71628e-05 0
0.00010145 0
0.000105925 0
0.000110599 0
0.000115478 0
0.000120573 0
0.000125893 0
0.000131447 0
0.000137246 0
0.000143301 0
0.000149624 0
0.000156225 0
0.000163117 0
0.000170314 0
0.000177828 0
0.000185674 0
0.000193865 0
0.000202418 0
0.000211349 0
0.000220673 0
0.000230409 0
0.000240575 0
0.000251189 0
0.000262271 0
0.000273842 0
0.000285924 0
0.000298538 0
0.000311709 0
0.000325462 0
0.000339821 0
0.000354813 0
0.000370467 0
0.000386812 0
0.000403878 0
0.000421697 0
0.000440301 0
0.000459727 0
0.00048001 0
0.000501187 0
0.000523299 0
0.000546387 0
0.000570493 0
0.000595662 0
0.000621942 0
0.000649382 0
0.000678032 0
0.000707946 0
0.00073918 0
0.000771792 0
0.000805842 0
0.000841395 0
0.000878517 0
0.000917276 0
0.000957745 0
0.001 0
0.00104412 0
0.00109018 0
0.00113828 0
0.0011885 0
0.00124094 0
0.00129569 0
0.00135285 0
0.00141254 0
0.00147486 0
0.00153993 0
0.00160787 0
0.0016788 0
0.00175287 0
0.00183021 0
0.00191095 0
0.00199526 0
0.00208329 0
0.0021752 0
0.00227117 0
0.00237137 0
0.002476 0
0.00258523 0
0.00269929 0
0.00281838 0
0.00294273 0
0.00307256 0
0.00320812 0
0.00334965 0
0.00349744 0
0.00365174 0
0.00381285 0
0.00398107 0
0.00415671 0
0.0043401 0
0.00453158 0
0.00473151 0
0.00494026 0
0.00515822 0
0.0053858 0
0.00562341 0
0.00587151 0
0.00613056 0
0.00640103 0
0.00668344 0
0.00697831 0
0.00728618 0
0.00760764 0
0.00794328 0
0.00829373 0
0.00865964 0
0.0090417 0
0.00944061 0
0.00985712 0
0.010292 0
0.0107461 0
0.0112202 0
0.0117152 0
0.0122321 0
0.0127717 0
0.0133352 0
0.0139236 0
0.0145378 0
0.0151792 0
0.0158489 0
0.0165482 0
0.0172783 0
0.0180406 0
0.0188365 0
0.0196675 0
0.0205353 0
0.0214412 0
0.0223872 0
0.0233749 0
0.0244062 0
0.025483 0
0.0266073 0
0.0277811 0
0.0290068 0
0.0302866 0
0.0316228 0
0.0330179 0
0.0344747 0
0.0359956 0
0.0375837 0
0.0392419 0
0.0409732 0
0.0427809 0
0.0446684 0
0.0466391 0
0.0486968 104.66
0.0508452 0
0.0530884 0
0.0554307 0
0.0578762 0
0.0604296 0
0.0630957 0
0.0658795 0
0.068786 0
0.0718208 76.221
0.0749894 117.54
0.0782979 0
0.0817523 0
0.0853591 166.5
0.0891251 77.0131
0.0930572 119.137
0.0971628 0
0.10145 0
0.105925 140.409
0.110599 107.625
0.115478 174.814
0.120573 148.897
0.125893 0
0.131447 0
0.137246 179.751
0.143301 210.453
0.149624 0
0.156225 0
0.163117 0
0.170314 359.613
0.177828 702.22
0.185674 608.864
0.193865 64.423
0.202418 0
0.211349 0
0.220673 170.327
0.230409 237.148
0.240575 497.256
0.251189 195.508
0.262271 100.413
0.273842 710.146
0.285924 523.516
0.298538 326.27
0.311709 760.022
0.325462 696.78
0.339821 500.004
0.354813 697.442
0.370467 446.999
0.386812 801.313
0.403878 282.623
0.421697 226.714
0.440301 615.104
0.459727 508.284
0.48001 1171.12
0.501187 765.642
0.523299 214.116
0.546387 539.316
0.570493 979.978
0.595662 834.588
0.621942 1278.93
0.649382 1375.55
0.678032 961.07
0.707946 1420.06
0.73918 602.211
0.771792 431.942
0.805842 563.305
0.841395 591.047
0.878517 309.304
0.917276 870.94
0.957745 588.371
1 1161.25
1.04412 1060.85
1.09018 1513.01
1.13828 1377.82
1.1885 1101.01
1.24094 1051.96
1.29569 959.471
1.35285 815.988
1.41254 954.091
1.47486 452.452
1.53993 1053.98
1.60787 542.729
1.6788 815.624
1.75287 965.603
1.83021 1317.1
1.91095 866.703
1.99526 738.717
2.08329 880.491
2.1752 1504.89
2.27117 1534.09
2.37137 783.952
2.476 749.004
2.58523 1024.82
2.69929 564.479
2.81838 602.722
2.94273 1209.57
3.07256 880.918
3.20812 220.649
3.34965 563.257
3.49744 727.122
3.65174 586.238
3.81285 552.57
3.98107 732.648
4.15671 696.917
4.3401 956.382
4.53158 506.286
4.73151 288.947
4.94026 919.515
5.15822 452.88
5.3858 579.407
5.62341 231.192
5.87151 304.208
6.13056 319.547
6.40103 348.84
6.68344 600.156
6.97831 381.524
7.28618 296.436
7.60764 559.221
7.94328 560.707
8.29373 383.144
8.65964 277.414
9.0417 238.462
9.44061 316.449
9.85712 303.423
10.292 81.5292
10.7461 203.005
11.2202 388.877
11.7152 147.448
12.2321 173.958
12.7717 467.657
13.3352 351.149
13.9236 380.887
14.5378 608.23
15.1792 459.572
15.8489 348.055
16.5482 421.798
17.2783 417.826
18.0406 353.771
18.8365 467.058
19.6675 483.165
20.5353 390.351
21.4412 581.882
22.3872 273.08
23.3749 1105.45
24.4062 706.683
25.483 375.404
26.6073 388.401
27.7811 571.734
29.0068 1014.5
30.2866 604.371
31.6228 909.952
33.0179 379.211
34.4747 397.994
35.9956 1355.24
37.5837 829.598
39.2419 892.654
40.9732 668.593
42.7809 989.108
44.6684 1745.97
46.6391 1065.1
48.6968 626.671
50.8452 848.776
53.0884 1031.9
55.4307 1094.15
57.8762 1686.89
60.4296 1244.53
63.0957 1628.88
65.8795 1344.61
68.786 1447.15
71.8208 1307.93
74.9894 1208.49
78.2979 1601.81
81.7523 1828.18
85.3591 1773.96
89.1251 2284
93.0572 2098.01
97.1628 1856.94
101.45 1960.04
105.925 2143.71
110.599 2221.83
115.478 2481.69
120.573 2175.18
125.893 1470.08
131.447 3021.69
137.246 2000.55
143.301 1965.83
149.624 2347.42
156.225 1289.77
163.117 2499.94
170.314 2173.9
177.828 2246.09
185.674 1996.4
193.865 2098.09
202.418 2577.95
211.349 1807.87
220.673 1461.66
230.409 1789.1
240.575 1851.96
251.189 2363.78
262.271 2254.81
273.842 2458.51
285.924 2258.18
298.538 2181.66
311.709 2002.09
325.462 862.546
339.821 1447.01
354.813 1018.94
370.467 1474.9
386.812 139.376
403.878 505.671
421.697 300.862
440.301 406.033
459.727 13.8537
480.01 87.8377
501.187 274.541
523.299 203.739
546.387 201.821
570.493 70.8341
595.662 102.98
621.942 211.254
649.382 97.6794
678.032 113.695
707.946 58.4145
739.18 0
771.792 0
805.842 0
841.395 0
878.517 0
917.276 0
957.745 0
1000 0
