# First line is two numbers 
#     First value is '2', it means 'histogram mode'
#     Second value is 'Emin' of the histogram
# Other lines : 2 columns. 1) energy 2) probability (nb divided by NbEvent)
# Number of bins = 480
# Content below the first bin: 0
# Content above the last  bin: 0
# Content above the last  bin: 0
# Number of events: 209000
2 1e-06
1.04412e-06 0
1.09018e-06 0
1.13828e-06 0
1.1885e-06 0
1.24094e-06 0
1.29569e-06 0
1.35285e-06 0
1.41254e-06 0
1.47486e-06 0
1.53993e-06 0
1.60787e-06 0
1.6788e-06 0
1.75287e-06 0
1.83021e-06 0
1.91095e-06 0
1.99526e-06 0
2.08329e-06 0
2.1752e-06 0
2.27117e-06 0
2.37137e-06 0
2.476e-06 0
2.58523e-06 0
2.69929e-06 0
2.81838e-06 0
2.94273e-06 0
3.07256e-06 0
3.20812e-06 0
3.34965e-06 0
3.49744e-06 0
3.65174e-06 0
3.81285e-06 0
3.98107e-06 0
4.15671e-06 0
4.3401e-06 0
4.53158e-06 0
4.73151e-06 0
4.94026e-06 0
5.15822e-06 0
5.3858e-06 0
5.62341e-06 0
5.87151e-06 0
6.13056e-06 0
6.40103e-06 0
6.68344e-06 0
6.97831e-06 0
7.28618e-06 0
7.60764e-06 0
7.94328e-06 0
8.29373e-06 0
8.65964e-06 0
9.0417e-06 0
9.44061e-06 0
9.85712e-06 0
1.0292e-05 0
1.07461e-05 0
1.12202e-05 0
1.17152e-05 0
1.22321e-05 0
1.27717e-05 0
1.33352e-05 0
1.39236e-05 0
1.45378e-05 0
1.51792e-05 0
1.58489e-05 0
1.65482e-05 0
1.72783e-05 0
1.80406e-05 0
1.88365e-05 0
1.96675e-05 0
2.05353e-05 0
2.14412e-05 0
2.23872e-05 0
2.33749e-05 0
2.44062e-05 0
2.5483e-05 0
2.66073e-05 0
2.77811e-05 0
2.90068e-05 0
3.02866e-05 0
3.16228e-05 0
3.30179e-05 0
3.44747e-05 0
3.59956e-05 0
3.75837e-05 0
3.92419e-05 0
4.09732e-05 0
4.27809e-05 0
4.46684e-05 0
4.66391e-05 0
4.86968e-05 0
5.08452e-05 0
5.30884e-05 0
5.54307e-05 0
5.78762e-05 0
6.04296e-05 0
6.30957e-05 0
6.58795e-05 0
6.8786e-05 0
7.18208e-05 0
7.49894e-05 0
7.82979e-05 0
8.17523e-05 0
8.53591e-05 0
8.91251e-05 0
9.30572e-05 0
9.71628e-05 0
0.00010145 0
0.000105925 0
0.000110599 0
0.000115478 0
0.000120573 0
0.000125893 0
0.000131447 0
0.000137246 0
0.000143301 0
0.000149624 0
0.000156225 0
0.000163117 0
0.000170314 0
0.000177828 0
0.000185674 0
0.000193865 0
0.000202418 0
0.000211349 0
0.000220673 0
0.000230409 0
0.000240575 0
0.000251189 0
0.000262271 0
0.000273842 0
0.000285924 0
0.000298538 0
0.000311709 0
0.000325462 0
0.000339821 0
0.000354813 0
0.000370467 0
0.000386812 0
0.000403878 0
0.000421697 0
0.000440301 0
0.000459727 0
0.00048001 0
0.000501187 0
0.000523299 0
0.000546387 0
0.000570493 0
0.000595662 0
0.000621942 0
0.000649382 0
0.000678032 0
0.000707946 0
0.00073918 0
0.000771792 0
0.000805842 0
0.000841395 0
0.000878517 0
0.000917276 0
0.000957745 0
0.001 0
0.00104412 0
0.00109018 0
0.00113828 0
0.0011885 0
0.00124094 0
0.00129569 0
0.00135285 0
0.00141254 0
0.00147486 0
0.00153993 0
0.00160787 0
0.0016788 0
0.00175287 0
0.00183021 0
0.00191095 0
0.00199526 0
0.00208329 0
0.0021752 0
0.00227117 0
0.00237137 0
0.002476 0
0.00258523 0
0.00269929 0
0.00281838 0
0.00294273 0
0.00307256 0
0.00320812 0
0.00334965 0
0.00349744 0
0.00365174 105.004
0.00381285 0
0.00398107 0
0.00415671 0
0.0043401 0
0.00453158 0
0.00473151 0
0.00494026 0
0.00515822 52.991
0.0053858 0
0.00562341 0
0.00587151 0
0.00613056 0
0.00640103 0
0.00668344 78.2948
0.00697831 0
0.00728618 105.049
0.00760764 0
0.00794328 0
0.00829373 0
0.00865964 0
0.0090417 0
0.00944061 0
0.00985712 0
0.010292 0
0.0107461 0
0.0112202 0
0.0117152 0
0.0122321 0
0.0127717 0
0.0133352 0
0.0139236 0
0.0145378 0
0.0151792 0
0.0158489 0
0.0165482 0
0.0172783 0
0.0180406 0
0.0188365 0
0.0196675 0
0.0205353 0
0.0214412 0
0.0223872 0
0.0233749 0
0.0244062 0
0.025483 0
0.0266073 0
0.0277811 0
0.0290068 0
0.0302866 0
0.0316228 0
0.0330179 0
0.0344747 0
0.0359956 0
0.0375837 0
0.0392419 0
0.0409732 0
0.0427809 0
0.0446684 54.0707
0.0466391 102.17
0.0486968 0
0.0508452 0
0.0530884 0
0.0554307 0
0.0578762 66.2418
0.0604296 0
0.0630957 80.3828
0.0658795 132.549
0.068786 112.135
0.0718208 0
0.0749894 61.6229
0.0782979 0
0.0817523 160.039
0.0853591 0
0.0891251 0
0.0930572 0
0.0971628 90.6594
0.10145 0
0.105925 116.016
0.110599 106.941
0.115478 53.3998
0.120573 211.149
0.125893 0
0.131447 195.996
0.137246 367.829
0.143301 81.4978
0.149624 0
0.156225 111.885
0.163117 245.469
0.170314 126.296
0.177828 103.175
0.185674 172.99
0.193865 203.845
0.202418 0
0.211349 147.415
0.220673 247.388
0.230409 237.082
0.240575 209.102
0.251189 303.674
0.262271 250.914
0.273842 350.74
0.285924 189.686
0.298538 369.68
0.311709 851.663
0.325462 583.744
0.339821 453.971
0.354813 1281.19
0.370467 664.702
0.386812 862.937
0.403878 234.241
0.421697 352.132
0.440301 710.239
0.459727 282.693
0.48001 359.474
0.501187 475.827
0.523299 896.643
0.546387 1042.57
0.570493 996.322
0.595662 730.721
0.621942 825.588
0.649382 1634.45
0.678032 1065.09
0.707946 793.434
0.73918 1201.17
0.771792 714.257
0.805842 634.895
0.841395 1468.36
0.878517 666.882
0.917276 1219.58
0.957745 1025.57
1 1045.29
1.04412 748.597
1.09018 396.491
1.13828 1076.84
1.1885 1121.53
1.24094 1080.25
1.29569 1159.74
1.35285 1225.57
1.41254 818.417
1.47486 1061.04
1.53993 1472.76
1.60787 962.415
1.6788 874.475
1.75287 771.955
1.83021 1570.17
1.91095 975.026
1.99526 1003.58
2.08329 439.968
2.1752 678.802
2.27117 937.35
2.37137 969.971
2.476 655.061
2.58523 603.117
2.69929 512.801
2.81838 923.895
2.94273 190.701
3.07256 505.309
3.20812 717.845
3.34965 815.609
3.49744 190.866
3.65174 637.168
3.81285 283.098
3.98107 806.231
4.15671 307.561
4.3401 295.921
4.53158 858.345
4.73151 544.844
4.94026 569.48
5.15822 226.939
5.3858 386.929
5.62341 436.876
5.87151 143.135
6.13056 451.551
6.40103 0
6.68344 276.327
6.97831 183.634
7.28618 410.504
7.60764 794.753
7.94328 590.083
8.29373 271.324
8.65964 557.714
9.0417 419.357
9.44061 653.169
9.85712 441.258
10.292 363.109
10.7461 242.217
11.2202 865.288
11.7152 321.05
12.2321 453.743
12.7717 650.208
13.3352 311.098
13.9236 269.218
14.5378 270.096
15.1792 450.977
15.8489 238.629
16.5482 156.282
17.2783 614.713
18.0406 216.863
18.8365 385.981
19.6675 926.266
20.5353 417.562
21.4412 100.354
22.3872 381.993
23.3749 1384.02
24.4062 523.882
25.483 523.438
26.6073 949.101
27.7811 670.262
29.0068 532.085
30.2866 565.302
31.6228 724.482
33.0179 1512.31
34.4747 775.428
35.9956 226.604
37.5837 784.954
39.2419 495
40.9732 919.119
42.7809 892.885
44.6684 1438.18
46.6391 766.404
48.6968 1247.99
50.8452 1226.88
53.0884 1380.27
55.4307 898.234
57.8762 1542.85
60.4296 1198.79
63.0957 1219.92
65.8795 1297.44
68.786 651.914
71.8208 1250.42
74.9894 1788.05
78.2979 1125.37
81.7523 867.376
85.3591 1730.44
89.1251 1435.21
93.0572 1908.25
97.1628 769.61
101.45 1795.38
105.925 1998.52
110.599 1466
115.478 1725.26
120.573 2628.09
125.893 2457.49
131.447 1762.42
137.246 2564.03
143.301 2345.44
149.624 2086.76
156.225 3280.71
163.117 2705.53
170.314 2736.85
177.828 2581.7
185.674 2992.94
193.865 2770.71
202.418 2606.65
211.349 3319.71
220.673 2787.39
230.409 2053.03
240.575 2095.47
251.189 2484.33
262.271 1707
273.842 2420
285.924 2040.13
298.538 1852.35
311.709 1281.55
325.462 1671.51
339.821 1251.63
354.813 541.94
370.467 466.974
386.812 732.698
403.878 1083.27
421.697 530.109
440.301 290.68
459.727 92.7487
480.01 78.7217
501.187 160.569
523.299 164.696
546.387 193.714
570.493 282.466
595.662 0
621.942 0
649.382 0
678.032 0
707.946 0
739.18 106.167
771.792 0
805.842 114.015
841.395 0
878.517 0
917.276 0
957.745 0
1000 0
