# First line is two numbers 
#     First value is '2', it means 'histogram mode'
#     Second value is 'Emin' of the histogram
# Other lines : 2 columns. 1) energy 2) probability (nb divided by NbEvent)
# Number of bins = 480
# Content below the first bin: 0
# Content above the last  bin: 0
# Content above the last  bin: 0
# Number of events: 209000
2 1e-06
1.04412e-06 0
1.09018e-06 0
1.13828e-06 0
1.1885e-06 0
1.24094e-06 0
1.29569e-06 0
1.35285e-06 0
1.41254e-06 0
1.47486e-06 0
1.53993e-06 0
1.60787e-06 0
1.6788e-06 0
1.75287e-06 0
1.83021e-06 0
1.91095e-06 0
1.99526e-06 0
2.08329e-06 0
2.1752e-06 0
2.27117e-06 0
2.37137e-06 0
2.476e-06 0
2.58523e-06 0
2.69929e-06 0
2.81838e-06 0
2.94273e-06 0
3.07256e-06 0
3.20812e-06 0
3.34965e-06 0
3.49744e-06 0
3.65174e-06 0
3.81285e-06 0
3.98107e-06 0
4.15671e-06 0
4.3401e-06 0
4.53158e-06 0
4.73151e-06 0
4.94026e-06 0
5.15822e-06 0
5.3858e-06 0
5.62341e-06 0
5.87151e-06 0
6.13056e-06 0
6.40103e-06 0
6.68344e-06 0
6.97831e-06 0
7.28618e-06 0
7.60764e-06 0
7.94328e-06 0
8.29373e-06 0
8.65964e-06 0
9.0417e-06 0
9.44061e-06 0
9.85712e-06 0
1.0292e-05 0
1.07461e-05 0
1.12202e-05 0
1.17152e-05 0
1.22321e-05 0
1.27717e-05 0
1.33352e-05 0
1.39236e-05 0
1.45378e-05 0
1.51792e-05 0
1.58489e-05 0
1.65482e-05 0
1.72783e-05 0
1.80406e-05 0
1.88365e-05 0
1.96675e-05 0
2.05353e-05 0
2.14412e-05 0
2.23872e-05 0
2.33749e-05 0
2.44062e-05 0
2.5483e-05 0
2.66073e-05 0
2.77811e-05 0
2.90068e-05 0
3.02866e-05 0
3.16228e-05 0
3.30179e-05 0
3.44747e-05 0
3.59956e-05 0
3.75837e-05 0
3.92419e-05 0
4.09732e-05 0
4.27809e-05 0
4.46684e-05 0
4.66391e-05 0
4.86968e-05 0
5.08452e-05 0
5.30884e-05 0
5.54307e-05 0
5.78762e-05 0
6.04296e-05 0
6.30957e-05 0
6.58795e-05 0
6.8786e-05 0
7.18208e-05 0
7.49894e-05 0
7.82979e-05 0
8.17523e-05 0
8.53591e-05 0
8.91251e-05 0
9.30572e-05 0
9.71628e-05 0
0.00010145 0
0.000105925 0
0.000110599 0
0.000115478 0
0.000120573 0
0.000125893 0
0.000131447 0
0.000137246 0
0.000143301 0
0.000149624 0
0.000156225 0
0.000163117 0
0.000170314 0
0.000177828 0
0.000185674 0
0.000193865 0
0.000202418 0
0.000211349 0
0.000220673 0
0.000230409 0
0.000240575 0
0.000251189 0
0.000262271 0
0.000273842 0
0.000285924 0
0.000298538 0
0.000311709 0
0.000325462 0
0.000339821 0
0.000354813 0
0.000370467 0
0.000386812 0
0.000403878 0
0.000421697 0
0.000440301 0
0.000459727 0
0.00048001 0
0.000501187 0
0.000523299 0
0.000546387 0
0.000570493 0
0.000595662 0
0.000621942 0
0.000649382 0
0.000678032 0
0.000707946 49.6252
0.00073918 0
0.000771792 0
0.000805842 0
0.000841395 0
0.000878517 0
0.000917276 0
0.000957745 84.4502
0.001 0
0.00104412 0
0.00109018 0
0.00113828 0
0.0011885 0
0.00124094 0
0.00129569 101.611
0.00135285 112.818
0.00141254 0
0.00147486 0
0.00153993 0
0.00160787 0
0.0016788 0
0.00175287 0
0.00183021 0
0.00191095 0
0.00199526 0
0.00208329 0
0.0021752 0
0.00227117 0
0.00237137 0
0.002476 31.2942
0.00258523 0
0.00269929 0
0.00281838 89.6964
0.00294273 102.923
0.00307256 107.902
0.00320812 0
0.00334965 0
0.00349744 0
0.00365174 0
0.00381285 0
0.00398107 0
0.00415671 0
0.0043401 0
0.00453158 0
0.00473151 110.065
0.00494026 194.294
0.00515822 0
0.0053858 65.4622
0.00562341 62.0098
0.00587151 132.748
0.00613056 0
0.00640103 32.0565
0.00668344 303.37
0.00697831 0
0.00728618 0
0.00760764 292.155
0.00794328 0
0.00829373 188.905
0.00865964 0
0.0090417 209.501
0.00944061 229.666
0.00985712 139.125
0.010292 103.37
0.0107461 233.824
0.0112202 72.2026
0.0117152 92.607
0.0122321 194.124
0.0127717 99.3913
0.0133352 285.179
0.0139236 78.1986
0.0145378 247.053
0.0151792 300.088
0.0158489 274.753
0.0165482 548.841
0.0172783 594.371
0.0180406 305.069
0.0188365 616.297
0.0196675 792.282
0.0205353 480.973
0.0214412 564.357
0.0223872 690.324
0.0233749 573.764
0.0244062 583.514
0.025483 1105.09
0.0266073 1021.1
0.0277811 883.503
0.0290068 1587.83
0.0302866 725.58
0.0316228 1197.89
0.0330179 1197.33
0.0344747 764.407
0.0359956 2114.08
0.0375837 1642.25
0.0392419 2006.22
0.0409732 1284.26
0.0427809 808.343
0.0446684 1873.37
0.0466391 2215.01
0.0486968 2154.34
0.0508452 1982.36
0.0530884 2484.64
0.0554307 2416.3
0.0578762 3244.89
0.0604296 2871.19
0.0630957 2818.66
0.0658795 1769.02
0.068786 2662.36
0.0718208 3057.48
0.0749894 2522
0.0782979 3749.92
0.0817523 3366.61
0.0853591 3532.82
0.0891251 3951.7
0.0930572 4503.67
0.0971628 4263.52
0.10145 4935.85
0.105925 4991.37
0.110599 3622.17
0.115478 4890.73
0.120573 4292.66
0.125893 5528.5
0.131447 5004.78
0.137246 5126.38
0.143301 5122.25
0.149624 6114.41
0.156225 5313.04
0.163117 5014.08
0.170314 5933.83
0.177828 5988.18
0.185674 5088.7
0.193865 7101.85
0.202418 6201.44
0.211349 5830.28
0.220673 6345.65
0.230409 5586.31
0.240575 6798.58
0.251189 7075.93
0.262271 7114.82
0.273842 7596.16
0.285924 6614.6
0.298538 8216.08
0.311709 7336.99
0.325462 7353.49
0.339821 8448.39
0.354813 8491.34
0.370467 6888.41
0.386812 7444.1
0.403878 8801.59
0.421697 7097.26
0.440301 8015.99
0.459727 7624.14
0.48001 6996.35
0.501187 9527.08
0.523299 8403.49
0.546387 7730.78
0.570493 6421.45
0.595662 7450.35
0.621942 6748.42
0.649382 5667.39
0.678032 6973.07
0.707946 6992.98
0.73918 6303.68
0.771792 5282.26
0.805842 5462.85
0.841395 5970.82
0.878517 5035.35
0.917276 5256.73
0.957745 5177.09
1 4829.62
1.04412 4429.07
1.09018 3995.44
1.13828 3906.8
1.1885 3835.93
1.24094 4197.35
1.29569 2748.55
1.35285 3163.47
1.41254 2559.9
1.47486 2076.59
1.53993 2710.25
1.60787 2078.85
1.6788 2891.3
1.75287 2274.07
1.83021 2956.49
1.91095 2258.23
1.99526 1794.95
2.08329 2084.5
2.1752 1962.47
2.27117 2209.32
2.37137 1553.81
2.476 2127.19
2.58523 2130.26
2.69929 2085.14
2.81838 1607.26
2.94273 2354.84
3.07256 1913.73
3.20812 1621.2
3.34965 1533.93
3.49744 1421.57
3.65174 1292.68
3.81285 1763.8
3.98107 1970.05
4.15671 1301.65
4.3401 1447.02
4.53158 532.718
4.73151 928.06
4.94026 1102.06
5.15822 919.577
5.3858 1139.06
5.62341 907.945
5.87151 1797.7
6.13056 1019.52
6.40103 1185.29
6.68344 692.407
6.97831 480.913
7.28618 946.652
7.60764 721.134
7.94328 803.489
8.29373 608.359
8.65964 808.74
9.0417 706.614
9.44061 1513.52
9.85712 800.823
10.292 1026.14
10.7461 653.78
11.2202 909.422
11.7152 608.38
12.2321 469.01
12.7717 1200.06
13.3352 421.978
13.9236 568.076
14.5378 433.503
15.1792 609.395
15.8489 457.118
16.5482 633.815
17.2783 569.635
18.0406 699.743
18.8365 458.74
19.6675 1151.04
20.5353 791.254
21.4412 973.315
22.3872 590.177
23.3749 546.902
24.4062 844.591
25.483 806.296
26.6073 704.554
27.7811 983.287
29.0068 593.476
30.2866 715.89
31.6228 971.855
33.0179 1195.5
34.4747 894.111
35.9956 1148.58
37.5837 612.972
39.2419 1199.43
40.9732 1026.02
42.7809 640.292
44.6684 1266.6
46.6391 1101.07
48.6968 1276.84
50.8452 746.421
53.0884 1000.85
55.4307 943.419
57.8762 1154.69
60.4296 1079.33
63.0957 2009.8
65.8795 1668.44
68.786 1443.31
71.8208 1343.07
74.9894 1456.89
78.2979 1194.14
81.7523 970.837
85.3591 1983.43
89.1251 1622.72
93.0572 1605.82
97.1628 1425.24
101.45 999.904
105.925 1642.99
110.599 1026.95
115.478 1747.87
120.573 1739.5
125.893 1452.95
131.447 1172.63
137.246 2074.8
143.301 1288.13
149.624 2072.52
156.225 1361.3
163.117 1725.55
170.314 2379.9
177.828 2556.81
185.674 1603.92
193.865 1588.2
202.418 2402.07
211.349 1522.51
220.673 2295.36
230.409 2048.24
240.575 2037.77
251.189 2260.48
262.271 2141.56
273.842 2829.32
285.924 2602.01
298.538 2140.9
311.709 2590.14
325.462 2176.53
339.821 1591.82
354.813 1830.49
370.467 2376.54
386.812 2047.57
403.878 828.014
421.697 2270.4
440.301 1128.98
459.727 926.098
480.01 814.341
501.187 336.576
523.299 315.339
546.387 375.271
570.493 559.177
595.662 169.127
621.942 707.985
649.382 243.617
678.032 220.212
707.946 0
739.18 186.429
771.792 0
805.842 0
841.395 0
878.517 0
917.276 0
957.745 0
1000 0
