# First line is two numbers 
#     First value is '2', it means 'histogram mode'
#     Second value is 'Emin' of the histogram
# Other lines : 2 columns. 1) energy 2) probability (nb divided by NbEvent)
# Number of bins = 480
# Content below the first bin: 0
# Content above the last  bin: 104.442
# Content above the last  bin: 104.442
# Number of events: 209000
2 1e-06
1.04412e-06 0
1.09018e-06 0
1.13828e-06 0
1.1885e-06 0
1.24094e-06 0
1.29569e-06 0
1.35285e-06 0
1.41254e-06 0
1.47486e-06 0
1.53993e-06 0
1.60787e-06 0
1.6788e-06 0
1.75287e-06 0
1.83021e-06 0
1.91095e-06 0
1.99526e-06 0
2.08329e-06 0
2.1752e-06 0
2.27117e-06 0
2.37137e-06 0
2.476e-06 0
2.58523e-06 0
2.69929e-06 0
2.81838e-06 0
2.94273e-06 0
3.07256e-06 0
3.20812e-06 0
3.34965e-06 0
3.49744e-06 0
3.65174e-06 0
3.81285e-06 0
3.98107e-06 0
4.15671e-06 0
4.3401e-06 0
4.53158e-06 0
4.73151e-06 0
4.94026e-06 0
5.15822e-06 0
5.3858e-06 0
5.62341e-06 0
5.87151e-06 0
6.13056e-06 0
6.40103e-06 0
6.68344e-06 0
6.97831e-06 0
7.28618e-06 0
7.60764e-06 0
7.94328e-06 0
8.29373e-06 0
8.65964e-06 0
9.0417e-06 0
9.44061e-06 0
9.85712e-06 0
1.0292e-05 0
1.07461e-05 0
1.12202e-05 0
1.17152e-05 0
1.22321e-05 0
1.27717e-05 0
1.33352e-05 0
1.39236e-05 0
1.45378e-05 0
1.51792e-05 0
1.58489e-05 0
1.65482e-05 0
1.72783e-05 0
1.80406e-05 0
1.88365e-05 0
1.96675e-05 0
2.05353e-05 0
2.14412e-05 0
2.23872e-05 0
2.33749e-05 0
2.44062e-05 0
2.5483e-05 0
2.66073e-05 0
2.77811e-05 0
2.90068e-05 0
3.02866e-05 0
3.16228e-05 0
3.30179e-05 0
3.44747e-05 0
3.59956e-05 0
3.75837e-05 0
3.92419e-05 0
4.09732e-05 0
4.27809e-05 0
4.46684e-05 0
4.66391e-05 0
4.86968e-05 0
5.08452e-05 0
5.30884e-05 0
5.54307e-05 0
5.78762e-05 0
6.04296e-05 0
6.30957e-05 0
6.58795e-05 0
6.8786e-05 0
7.18208e-05 0
7.49894e-05 0
7.82979e-05 0
8.17523e-05 0
8.53591e-05 0
8.91251e-05 0
9.30572e-05 0
9.71628e-05 0
0.00010145 0
0.000105925 0
0.000110599 0
0.000115478 0
0.000120573 0
0.000125893 0
0.000131447 0
0.000137246 0
0.000143301 0
0.000149624 0
0.000156225 0
0.000163117 0
0.000170314 0
0.000177828 0
0.000185674 0
0.000193865 0
0.000202418 0
0.000211349 0
0.000220673 0
0.000230409 0
0.000240575 0
0.000251189 0
0.000262271 0
0.000273842 0
0.000285924 0
0.000298538 0
0.000311709 0
0.000325462 0
0.000339821 0
0.000354813 0
0.000370467 0
0.000386812 0
0.000403878 0
0.000421697 0
0.000440301 0
0.000459727 0
0.00048001 65.77
0.000501187 0
0.000523299 0
0.000546387 0
0.000570493 0
0.000595662 0
0.000621942 0
0.000649382 0
0.000678032 0
0.000707946 0
0.00073918 0
0.000771792 0
0.000805842 0
0.000841395 0
0.000878517 0
0.000917276 0
0.000957745 0
0.001 0
0.00104412 0
0.00109018 0
0.00113828 0
0.0011885 0
0.00124094 0
0.00129569 0
0.00135285 0
0.00141254 0
0.00147486 0
0.00153993 0
0.00160787 0
0.0016788 116.451
0.00175287 0
0.00183021 0
0.00191095 0
0.00199526 34.3526
0.00208329 0
0.0021752 0
0.00227117 0
0.00237137 0
0.002476 0
0.00258523 0
0.00269929 0
0.00281838 0
0.00294273 0
0.00307256 0
0.00320812 0
0.00334965 0
0.00349744 109.434
0.00365174 0
0.00381285 0
0.00398107 0
0.00415671 0
0.0043401 0
0.00453158 0
0.00473151 0
0.00494026 0
0.00515822 0
0.0053858 0
0.00562341 0
0.00587151 0
0.00613056 0
0.00640103 0
0.00668344 118.384
0.00697831 0
0.00728618 0
0.00760764 0
0.00794328 0
0.00829373 0
0.00865964 75.9227
0.0090417 303.015
0.00944061 0
0.00985712 112.672
0.010292 0
0.0107461 75.6917
0.0112202 71.9242
0.0117152 92.3811
0.0122321 69.3215
0.0127717 0
0.0133352 0
0.0139236 242.356
0.0145378 176.197
0.0151792 267.795
0.0158489 0
0.0165482 271.377
0.0172783 119.239
0.0180406 42.8253
0.0188365 383.689
0.0196675 89.7529
0.0205353 95.7072
0.0214412 133.171
0.0223872 90.7739
0.0233749 147.694
0.0244062 124.817
0.025483 239.817
0.0266073 355.386
0.0277811 224.618
0.0290068 505.634
0.0302866 592.529
0.0316228 290.525
0.0330179 319.194
0.0344747 792.612
0.0359956 412.212
0.0375837 662.854
0.0392419 646.557
0.0409732 393.767
0.0427809 738.347
0.0446684 331.561
0.0466391 460.542
0.0486968 893.768
0.0508452 1315.72
0.0530884 625.026
0.0554307 459.821
0.0578762 795.686
0.0604296 1068.39
0.0630957 775.729
0.0658795 643.86
0.068786 1042.27
0.0718208 1285.35
0.0749894 1220.43
0.0782979 1003.15
0.0817523 1695.93
0.0853591 1886.51
0.0891251 1663.23
0.0930572 1476.22
0.0971628 1992.87
0.10145 1546.67
0.105925 1558.41
0.110599 1505.01
0.115478 2679.28
0.120573 1855.91
0.125893 1988.54
0.131447 3130.83
0.137246 1497.64
0.143301 2489.79
0.149624 2627.22
0.156225 1882.57
0.163117 3425.32
0.170314 2635.84
0.177828 2127.17
0.185674 2764.17
0.193865 2823.44
0.202418 2543.03
0.211349 4133.69
0.220673 3078.84
0.230409 2978.73
0.240575 4295.86
0.251189 3681.16
0.262271 2433.47
0.273842 2410.83
0.285924 3768.18
0.298538 3580.29
0.311709 3839.67
0.325462 3307.56
0.339821 5191.32
0.354813 4141.6
0.370467 3721.28
0.386812 3820
0.403878 4747.87
0.421697 4325.54
0.440301 5566.14
0.459727 3821.85
0.48001 4144.32
0.501187 5827.02
0.523299 5565.59
0.546387 3343.14
0.570493 5437.08
0.595662 4601.63
0.621942 3882.83
0.649382 5326.24
0.678032 4660.3
0.707946 5321.63
0.73918 3653.75
0.771792 4712.12
0.805842 4091.28
0.841395 4788.89
0.878517 3862.83
0.917276 4064.27
0.957745 3309.41
1 3160.89
1.04412 3364.63
1.09018 2364.31
1.13828 2703.91
1.1885 3316.58
1.24094 2915.93
1.29569 2791.92
1.35285 2837.44
1.41254 3270.39
1.47486 2369.15
1.53993 1553.14
1.60787 2118.99
1.6788 2256.59
1.75287 3102.54
1.83021 2987.17
1.91095 2469.15
1.99526 1361.01
2.08329 1829.19
2.1752 2073.06
2.27117 1519.93
2.37137 2116.91
2.476 1421.53
2.58523 1579.03
2.69929 1739.73
2.81838 1817.07
2.94273 1916.18
3.07256 1838.92
3.20812 1627.28
3.34965 1450.74
3.49744 2208.52
3.65174 1110.59
3.81285 1714.85
3.98107 1417.58
4.15671 1257.18
4.3401 865.966
4.53158 1305.3
4.73151 1085.74
4.94026 1281.75
5.15822 973.203
5.3858 1276.44
5.62341 829.633
5.87151 1103.42
6.13056 890.144
6.40103 1228.86
6.68344 1195.51
6.97831 740.377
7.28618 741.468
7.60764 870.207
7.94328 372.95
8.29373 535.514
8.65964 722.064
9.0417 922.254
9.44061 815.585
9.85712 452.857
10.292 434.627
10.7461 1331.46
11.2202 965.397
11.7152 751.411
12.2321 807.694
12.7717 457.386
13.3352 555.741
13.9236 704.621
14.5378 699.537
15.1792 1597.21
15.8489 1101.77
16.5482 967.534
17.2783 499.293
18.0406 953.633
18.8365 463.951
19.6675 538.529
20.5353 537
21.4412 435.124
22.3872 410.366
23.3749 1083.85
24.4062 938.378
25.483 1249.69
26.6073 626.589
27.7811 853.02
29.0068 735.812
30.2866 1207.47
31.6228 909.775
33.0179 967.163
34.4747 811.729
35.9956 895.491
37.5837 1098.07
39.2419 1250.28
40.9732 1271.87
42.7809 1156.66
44.6684 1133.6
46.6391 1243.41
48.6968 1027.77
50.8452 927.69
53.0884 1710.9
55.4307 590.588
57.8762 601.153
60.4296 1760.81
63.0957 1623.54
65.8795 1089.8
68.786 1553.05
71.8208 1132.8
74.9894 1748.26
78.2979 1298.94
81.7523 1489.6
85.3591 1315.58
89.1251 1362.29
93.0572 1648.69
97.1628 2040.94
101.45 2386.02
105.925 1555.64
110.599 1940.95
115.478 2483.21
120.573 1729.28
125.893 1980.48
131.447 2123.79
137.246 2262.02
143.301 2402.38
149.624 3559.94
156.225 3153.77
163.117 2862.38
170.314 2237.66
177.828 3267.45
185.674 3497.42
193.865 2990.88
202.418 3774.88
211.349 3203.7
220.673 3691.58
230.409 3732.26
240.575 4225.47
251.189 5330.21
262.271 4356.25
273.842 4920.96
285.924 5858.53
298.538 5211.2
311.709 8331.47
325.462 7467.89
339.821 9840.09
354.813 8144.64
370.467 8813.95
386.812 8739.86
403.878 6260.3
421.697 5560.6
440.301 2566.96
459.727 3510.07
480.01 2589.03
501.187 2239.2
523.299 1259.34
546.387 721.341
570.493 1099.7
595.662 926.865
621.942 254.102
649.382 583.208
678.032 62.8192
707.946 178.572
739.18 128.38
771.792 102.474
805.842 94.3355
841.395 241.156
878.517 0
917.276 0
957.745 200.695
1000 0
