# First line is two numbers 
#     First value is '2', it means 'histogram mode'
#     Second value is 'Emin' of the histogram
# Other lines : 2 columns. 1) energy 2) probability (nb divided by NbEvent)
# Number of bins = 480
# Content below the first bin: 0
# Content above the last  bin: 0
# Content above the last  bin: 0
# Number of events: 209000
2 1e-06
1.04412e-06 0
1.09018e-06 0
1.13828e-06 0
1.1885e-06 0
1.24094e-06 0
1.29569e-06 0
1.35285e-06 0
1.41254e-06 0
1.47486e-06 0
1.53993e-06 0
1.60787e-06 0
1.6788e-06 0
1.75287e-06 0
1.83021e-06 0
1.91095e-06 0
1.99526e-06 0
2.08329e-06 0
2.1752e-06 0
2.27117e-06 0
2.37137e-06 0
2.476e-06 0
2.58523e-06 0
2.69929e-06 0
2.81838e-06 0
2.94273e-06 0
3.07256e-06 0
3.20812e-06 0
3.34965e-06 0
3.49744e-06 0
3.65174e-06 0
3.81285e-06 0
3.98107e-06 0
4.15671e-06 0
4.3401e-06 0
4.53158e-06 0
4.73151e-06 0
4.94026e-06 0
5.15822e-06 0
5.3858e-06 0
5.62341e-06 0
5.87151e-06 0
6.13056e-06 0
6.40103e-06 0
6.68344e-06 0
6.97831e-06 0
7.28618e-06 0
7.60764e-06 0
7.94328e-06 0
8.29373e-06 0
8.65964e-06 0
9.0417e-06 0
9.44061e-06 0
9.85712e-06 0
1.0292e-05 0
1.07461e-05 0
1.12202e-05 0
1.17152e-05 0
1.22321e-05 0
1.27717e-05 0
1.33352e-05 0
1.39236e-05 0
1.45378e-05 0
1.51792e-05 0
1.58489e-05 0
1.65482e-05 0
1.72783e-05 0
1.80406e-05 0
1.88365e-05 0
1.96675e-05 0
2.05353e-05 0
2.14412e-05 0
2.23872e-05 0
2.33749e-05 0
2.44062e-05 0
2.5483e-05 0
2.66073e-05 0
2.77811e-05 0
2.90068e-05 0
3.02866e-05 0
3.16228e-05 0
3.30179e-05 0
3.44747e-05 0
3.59956e-05 0
3.75837e-05 0
3.92419e-05 0
4.09732e-05 0
4.27809e-05 0
4.46684e-05 0
4.66391e-05 0
4.86968e-05 0
5.08452e-05 0
5.30884e-05 0
5.54307e-05 0
5.78762e-05 0
6.04296e-05 0
6.30957e-05 0
6.58795e-05 0
6.8786e-05 0
7.18208e-05 0
7.49894e-05 0
7.82979e-05 0
8.17523e-05 0
8.53591e-05 0
8.91251e-05 0
9.30572e-05 0
9.71628e-05 0
0.00010145 0
0.000105925 0
0.000110599 0
0.000115478 0
0.000120573 0
0.000125893 0
0.000131447 0
0.000137246 0
0.000143301 0
0.000149624 0
0.000156225 0
0.000163117 0
0.000170314 0
0.000177828 0
0.000185674 0
0.000193865 0
0.000202418 0
0.000211349 0
0.000220673 0
0.000230409 0
0.000240575 0
0.000251189 0
0.000262271 0
0.000273842 0
0.000285924 0
0.000298538 0
0.000311709 0
0.000325462 0
0.000339821 0
0.000354813 0
0.000370467 0
0.000386812 0
0.000403878 0
0.000421697 0
0.000440301 0
0.000459727 0
0.00048001 0
0.000501187 0
0.000523299 0
0.000546387 0
0.000570493 0
0.000595662 0
0.000621942 0
0.000649382 0
0.000678032 0
0.000707946 0
0.00073918 0
0.000771792 0
0.000805842 0
0.000841395 0
0.000878517 0
0.000917276 0
0.000957745 0
0.001 0
0.00104412 0
0.00109018 0
0.00113828 0
0.0011885 0
0.00124094 0
0.00129569 0
0.00135285 0
0.00141254 0
0.00147486 0
0.00153993 0
0.00160787 0
0.0016788 0
0.00175287 0
0.00183021 0
0.00191095 0
0.00199526 0
0.00208329 0
0.0021752 0
0.00227117 0
0.00237137 1
0.002476 0
0.00258523 0
0.00269929 0
0.00281838 0
0.00294273 0
0.00307256 2
0.00320812 0
0.00334965 0
0.00349744 0
0.00365174 0
0.00381285 0
0.00398107 1
0.00415671 0
0.0043401 0
0.00453158 0
0.00473151 1
0.00494026 0
0.00515822 0
0.0053858 1
0.00562341 0
0.00587151 0
0.00613056 0
0.00640103 2
0.00668344 0
0.00697831 0
0.00728618 0
0.00760764 1
0.00794328 0
0.00829373 1
0.00865964 3
0.0090417 0
0.00944061 0
0.00985712 0
0.010292 0
0.0107461 2
0.0112202 0
0.0117152 2
0.0122321 0
0.0127717 1
0.0133352 2
0.0139236 1
0.0145378 2
0.0151792 2
0.0158489 0
0.0165482 0
0.0172783 5
0.0180406 1
0.0188365 3
0.0196675 0
0.0205353 1
0.0214412 2
0.0223872 0
0.0233749 2
0.0244062 4
0.025483 2
0.0266073 6
0.0277811 4
0.0290068 3
0.0302866 1
0.0316228 8
0.0330179 8
0.0344747 4
0.0359956 4
0.0375837 8
0.0392419 4
0.0409732 8
0.0427809 8
0.0446684 8
0.0466391 8
0.0486968 5
0.0508452 9
0.0530884 13
0.0554307 14
0.0578762 15
0.0604296 18
0.0630957 10
0.0658795 13
0.068786 11
0.0718208 26
0.0749894 11
0.0782979 20
0.0817523 21
0.0853591 15
0.0891251 26
0.0930572 28
0.0971628 30
0.10145 22
0.105925 31
0.110599 22
0.115478 24
0.120573 24
0.125893 31
0.131447 24
0.137246 27
0.143301 27
0.149624 32
0.156225 27
0.163117 32
0.170314 35
0.177828 30
0.185674 35
0.193865 26
0.202418 40
0.211349 40
0.220673 36
0.230409 47
0.240575 49
0.251189 43
0.262271 36
0.273842 55
0.285924 41
0.298538 53
0.311709 53
0.325462 54
0.339821 48
0.354813 47
0.370467 47
0.386812 46
0.403878 57
0.421697 60
0.440301 54
0.459727 60
0.48001 47
0.501187 48
0.523299 68
0.546387 64
0.570493 52
0.595662 64
0.621942 53
0.649382 53
0.678032 54
0.707946 59
0.73918 71
0.771792 60
0.805842 55
0.841395 47
0.878517 41
0.917276 46
0.957745 60
1 50
1.04412 55
1.09018 40
1.13828 39
1.1885 35
1.24094 38
1.29569 35
1.35285 36
1.41254 31
1.47486 28
1.53993 32
1.60787 42
1.6788 28
1.75287 22
1.83021 26
1.91095 30
1.99526 24
2.08329 22
2.1752 11
2.27117 20
2.37137 22
2.476 25
2.58523 18
2.69929 25
2.81838 20
2.94273 15
3.07256 21
3.20812 17
3.34965 20
3.49744 18
3.65174 20
3.81285 10
3.98107 15
4.15671 8
4.3401 10
4.53158 14
4.73151 9
4.94026 11
5.15822 8
5.3858 10
5.62341 9
5.87151 14
6.13056 12
6.40103 13
6.68344 18
6.97831 10
7.28618 13
7.60764 17
7.94328 12
8.29373 10
8.65964 9
9.0417 15
9.44061 8
9.85712 8
10.292 12
10.7461 13
11.2202 10
11.7152 11
12.2321 8
12.7717 5
13.3352 15
13.9236 13
14.5378 9
15.1792 8
15.8489 12
16.5482 15
17.2783 15
18.0406 16
18.8365 5
19.6675 17
20.5353 9
21.4412 10
22.3872 17
23.3749 6
24.4062 10
25.483 11
26.6073 6
27.7811 14
29.0068 8
30.2866 10
31.6228 11
33.0179 11
34.4747 12
35.9956 20
37.5837 15
39.2419 4
40.9732 23
42.7809 14
44.6684 8
46.6391 11
48.6968 10
50.8452 24
53.0884 15
55.4307 28
57.8762 17
60.4296 21
63.0957 17
65.8795 14
68.786 21
71.8208 22
74.9894 16
78.2979 14
81.7523 20
85.3591 21
89.1251 17
93.0572 26
97.1628 20
101.45 33
105.925 16
110.599 25
115.478 27
120.573 37
125.893 22
131.447 32
137.246 32
143.301 33
149.624 37
156.225 33
163.117 30
170.314 41
177.828 39
185.674 31
193.865 37
202.418 44
211.349 28
220.673 45
230.409 56
240.575 60
251.189 59
262.271 60
273.842 72
285.924 76
298.538 85
311.709 81
325.462 99
339.821 98
354.813 102
370.467 102
386.812 105
403.878 97
421.697 63
440.301 44
459.727 39
480.01 33
501.187 24
523.299 22
546.387 9
570.493 12
595.662 9
621.942 3
649.382 7
678.032 3
707.946 2
739.18 5
771.792 4
805.842 0
841.395 1
878.517 0
917.276 1
957.745 2
1000 0
