# First line is two numbers 
#     First value is '2', it means 'histogram mode'
#     Second value is 'Emin' of the histogram
# Other lines : 2 columns. 1) energy 2) probability (nb divided by NbEvent)
# Number of bins = 480
# Content below the first bin: 0
# Content above the last  bin: 0
# Content above the last  bin: 0
# Number of events: 209000
2 1e-06
1.04412e-06 0
1.09018e-06 0
1.13828e-06 0
1.1885e-06 0
1.24094e-06 0
1.29569e-06 0
1.35285e-06 0
1.41254e-06 0
1.47486e-06 0
1.53993e-06 0
1.60787e-06 0
1.6788e-06 0
1.75287e-06 0
1.83021e-06 0
1.91095e-06 0
1.99526e-06 0
2.08329e-06 0
2.1752e-06 0
2.27117e-06 0
2.37137e-06 0
2.476e-06 0
2.58523e-06 0
2.69929e-06 0
2.81838e-06 0
2.94273e-06 0
3.07256e-06 0
3.20812e-06 0
3.34965e-06 0
3.49744e-06 0
3.65174e-06 0
3.81285e-06 0
3.98107e-06 0
4.15671e-06 0
4.3401e-06 0
4.53158e-06 0
4.73151e-06 0
4.94026e-06 0
5.15822e-06 0
5.3858e-06 0
5.62341e-06 0
5.87151e-06 0
6.13056e-06 0
6.40103e-06 0
6.68344e-06 0
6.97831e-06 0
7.28618e-06 0
7.60764e-06 0
7.94328e-06 0
8.29373e-06 0
8.65964e-06 0
9.0417e-06 0
9.44061e-06 0
9.85712e-06 0
1.0292e-05 0
1.07461e-05 0
1.12202e-05 0
1.17152e-05 0
1.22321e-05 0
1.27717e-05 0
1.33352e-05 0
1.39236e-05 0
1.45378e-05 0
1.51792e-05 0
1.58489e-05 0
1.65482e-05 0
1.72783e-05 0
1.80406e-05 0
1.88365e-05 0
1.96675e-05 0
2.05353e-05 0
2.14412e-05 0
2.23872e-05 0
2.33749e-05 0
2.44062e-05 0
2.5483e-05 0
2.66073e-05 0
2.77811e-05 0
2.90068e-05 0
3.02866e-05 0
3.16228e-05 0
3.30179e-05 0
3.44747e-05 0
3.59956e-05 0
3.75837e-05 0
3.92419e-05 0
4.09732e-05 0
4.27809e-05 0
4.46684e-05 0
4.66391e-05 0
4.86968e-05 0
5.08452e-05 0
5.30884e-05 0
5.54307e-05 0
5.78762e-05 0
6.04296e-05 0
6.30957e-05 0
6.58795e-05 0
6.8786e-05 0
7.18208e-05 0
7.49894e-05 0
7.82979e-05 0
8.17523e-05 0
8.53591e-05 0
8.91251e-05 0
9.30572e-05 0
9.71628e-05 0
0.00010145 0
0.000105925 0
0.000110599 0
0.000115478 0
0.000120573 0
0.000125893 0
0.000131447 0
0.000137246 0
0.000143301 0
0.000149624 0
0.000156225 0
0.000163117 0
0.000170314 0
0.000177828 0
0.000185674 0
0.000193865 0
0.000202418 0
0.000211349 0
0.000220673 0
0.000230409 0
0.000240575 0
0.000251189 0
0.000262271 0
0.000273842 0
0.000285924 0
0.000298538 0
0.000311709 0
0.000325462 0
0.000339821 0
0.000354813 0
0.000370467 0
0.000386812 0
0.000403878 0
0.000421697 0
0.000440301 0
0.000459727 0
0.00048001 0
0.000501187 0
0.000523299 0
0.000546387 0
0.000570493 0
0.000595662 0
0.000621942 0
0.000649382 0
0.000678032 0
0.000707946 0
0.00073918 0
0.000771792 0
0.000805842 0
0.000841395 0
0.000878517 0
0.000917276 0
0.000957745 0
0.001 0
0.00104412 0
0.00109018 1
0.00113828 0
0.0011885 0
0.00124094 1
0.00129569 0
0.00135285 0
0.00141254 1
0.00147486 0
0.00153993 0
0.00160787 0
0.0016788 0
0.00175287 0
0.00183021 0
0.00191095 0
0.00199526 0
0.00208329 0
0.0021752 0
0.00227117 0
0.00237137 0
0.002476 0
0.00258523 1
0.00269929 0
0.00281838 0
0.00294273 0
0.00307256 1
0.00320812 0
0.00334965 0
0.00349744 0
0.00365174 0
0.00381285 0
0.00398107 1
0.00415671 0
0.0043401 0
0.00453158 0
0.00473151 0
0.00494026 0
0.00515822 0
0.0053858 0
0.00562341 0
0.00587151 0
0.00613056 0
0.00640103 0
0.00668344 0
0.00697831 0
0.00728618 0
0.00760764 2
0.00794328 0
0.00829373 1
0.00865964 2
0.0090417 0
0.00944061 0
0.00985712 0
0.010292 0
0.0107461 1
0.0112202 1
0.0117152 1
0.0122321 0
0.0127717 4
0.0133352 0
0.0139236 1
0.0145378 0
0.0151792 1
0.0158489 3
0.0165482 2
0.0172783 1
0.0180406 1
0.0188365 2
0.0196675 2
0.0205353 2
0.0214412 2
0.0223872 3
0.0233749 3
0.0244062 3
0.025483 2
0.0266073 2
0.0277811 1
0.0290068 2
0.0302866 3
0.0316228 4
0.0330179 7
0.0344747 7
0.0359956 8
0.0375837 3
0.0392419 6
0.0409732 7
0.0427809 7
0.0446684 10
0.0466391 6
0.0486968 14
0.0508452 10
0.0530884 8
0.0554307 6
0.0578762 14
0.0604296 6
0.0630957 17
0.0658795 11
0.068786 10
0.0718208 13
0.0749894 15
0.0782979 14
0.0817523 14
0.0853591 14
0.0891251 15
0.0930572 22
0.0971628 22
0.10145 21
0.105925 27
0.110599 20
0.115478 22
0.120573 27
0.125893 30
0.131447 31
0.137246 35
0.143301 29
0.149624 34
0.156225 25
0.163117 36
0.170314 34
0.177828 39
0.185674 46
0.193865 38
0.202418 49
0.211349 55
0.220673 42
0.230409 42
0.240575 50
0.251189 45
0.262271 52
0.273842 47
0.285924 58
0.298538 49
0.311709 44
0.325462 42
0.339821 52
0.354813 40
0.370467 51
0.386812 58
0.403878 61
0.421697 67
0.440301 54
0.459727 56
0.48001 58
0.501187 59
0.523299 67
0.546387 62
0.570493 60
0.595662 65
0.621942 60
0.649382 81
0.678032 61
0.707946 45
0.73918 51
0.771792 57
0.805842 50
0.841395 41
0.878517 48
0.917276 52
0.957745 41
1 55
1.04412 51
1.09018 38
1.13828 37
1.1885 36
1.24094 32
1.29569 37
1.35285 32
1.41254 24
1.47486 35
1.53993 35
1.60787 29
1.6788 22
1.75287 24
1.83021 22
1.91095 17
1.99526 30
2.08329 25
2.1752 22
2.27117 27
2.37137 19
2.476 23
2.58523 24
2.69929 20
2.81838 27
2.94273 27
3.07256 21
3.20812 21
3.34965 21
3.49744 19
3.65174 14
3.81285 17
3.98107 19
4.15671 17
4.3401 14
4.53158 18
4.73151 18
4.94026 12
5.15822 12
5.3858 7
5.62341 17
5.87151 13
6.13056 12
6.40103 13
6.68344 11
6.97831 9
7.28618 15
7.60764 13
7.94328 19
8.29373 9
8.65964 13
9.0417 12
9.44061 24
9.85712 15
10.292 17
10.7461 5
11.2202 10
11.7152 16
12.2321 10
12.7717 8
13.3352 11
13.9236 14
14.5378 7
15.1792 7
15.8489 6
16.5482 11
17.2783 6
18.0406 15
18.8365 13
19.6675 7
20.5353 10
21.4412 16
22.3872 11
23.3749 8
24.4062 13
25.483 7
26.6073 17
27.7811 15
29.0068 9
30.2866 10
31.6228 15
33.0179 11
34.4747 17
35.9956 16
37.5837 20
39.2419 17
40.9732 13
42.7809 17
44.6684 15
46.6391 21
48.6968 12
50.8452 12
53.0884 23
55.4307 22
57.8762 15
60.4296 20
63.0957 26
65.8795 19
68.786 17
71.8208 22
74.9894 21
78.2979 21
81.7523 27
85.3591 32
89.1251 30
93.0572 26
97.1628 28
101.45 18
105.925 26
110.599 26
115.478 28
120.573 26
125.893 29
131.447 27
137.246 21
143.301 35
149.624 34
156.225 54
163.117 33
170.314 34
177.828 32
185.674 43
193.865 45
202.418 43
211.349 53
220.673 59
230.409 53
240.575 64
251.189 49
262.271 71
273.842 74
285.924 94
298.538 64
311.709 107
325.462 100
339.821 99
354.813 121
370.467 92
386.812 96
403.878 74
421.697 65
440.301 47
459.727 34
480.01 28
501.187 18
523.299 10
546.387 13
570.493 6
595.662 6
621.942 10
649.382 3
678.032 2
707.946 2
739.18 3
771.792 3
805.842 0
841.395 0
878.517 4
917.276 0
957.745 1
1000 1
