# First line is two numbers 
#     First value is '2', it means 'histogram mode'
#     Second value is 'Emin' of the histogram
# Other lines : 2 columns. 1) energy 2) probability (nb divided by NbEvent)
# Number of bins = 480
# Content below the first bin: 0
# Content above the last  bin: 0
# Content above the last  bin: 0
# Number of events: 209000
2 1e-06
1.04412e-06 0
1.09018e-06 0
1.13828e-06 0
1.1885e-06 0
1.24094e-06 0
1.29569e-06 0
1.35285e-06 0
1.41254e-06 0
1.47486e-06 0
1.53993e-06 0
1.60787e-06 0
1.6788e-06 0
1.75287e-06 0
1.83021e-06 0
1.91095e-06 0
1.99526e-06 0
2.08329e-06 0
2.1752e-06 0
2.27117e-06 0
2.37137e-06 0
2.476e-06 0
2.58523e-06 0
2.69929e-06 0
2.81838e-06 0
2.94273e-06 0
3.07256e-06 0
3.20812e-06 0
3.34965e-06 0
3.49744e-06 0
3.65174e-06 0
3.81285e-06 0
3.98107e-06 0
4.15671e-06 0
4.3401e-06 0
4.53158e-06 0
4.73151e-06 0
4.94026e-06 0
5.15822e-06 0
5.3858e-06 0
5.62341e-06 0
5.87151e-06 0
6.13056e-06 0
6.40103e-06 0
6.68344e-06 0
6.97831e-06 0
7.28618e-06 0
7.60764e-06 0
7.94328e-06 0
8.29373e-06 0
8.65964e-06 0
9.0417e-06 0
9.44061e-06 0
9.85712e-06 0
1.0292e-05 0
1.07461e-05 0
1.12202e-05 0
1.17152e-05 0
1.22321e-05 0
1.27717e-05 0
1.33352e-05 0
1.39236e-05 0
1.45378e-05 0
1.51792e-05 0
1.58489e-05 0
1.65482e-05 0
1.72783e-05 0
1.80406e-05 0
1.88365e-05 0
1.96675e-05 0
2.05353e-05 0
2.14412e-05 0
2.23872e-05 0
2.33749e-05 0
2.44062e-05 0
2.5483e-05 0
2.66073e-05 0
2.77811e-05 0
2.90068e-05 0
3.02866e-05 0
3.16228e-05 0
3.30179e-05 0
3.44747e-05 0
3.59956e-05 0
3.75837e-05 0
3.92419e-05 0
4.09732e-05 0
4.27809e-05 0
4.46684e-05 0
4.66391e-05 0
4.86968e-05 0
5.08452e-05 0
5.30884e-05 0
5.54307e-05 0
5.78762e-05 0
6.04296e-05 0
6.30957e-05 0
6.58795e-05 0
6.8786e-05 0
7.18208e-05 0
7.49894e-05 0
7.82979e-05 0
8.17523e-05 0
8.53591e-05 0
8.91251e-05 0
9.30572e-05 0
9.71628e-05 0
0.00010145 0
0.000105925 0
0.000110599 0
0.000115478 0
0.000120573 0
0.000125893 0
0.000131447 0
0.000137246 0
0.000143301 0
0.000149624 0
0.000156225 0
0.000163117 0
0.000170314 0
0.000177828 0
0.000185674 0
0.000193865 0
0.000202418 0
0.000211349 0
0.000220673 0
0.000230409 0
0.000240575 0
0.000251189 0
0.000262271 0
0.000273842 0
0.000285924 0
0.000298538 0
0.000311709 0
0.000325462 0
0.000339821 0
0.000354813 0
0.000370467 0
0.000386812 0
0.000403878 0
0.000421697 0
0.000440301 0
0.000459727 0
0.00048001 0
0.000501187 0
0.000523299 0
0.000546387 0
0.000570493 0
0.000595662 0
0.000621942 0
0.000649382 0
0.000678032 0
0.000707946 0
0.00073918 0
0.000771792 1
0.000805842 0
0.000841395 0
0.000878517 0
0.000917276 0
0.000957745 0
0.001 0
0.00104412 0
0.00109018 0
0.00113828 0
0.0011885 0
0.00124094 0
0.00129569 1
0.00135285 0
0.00141254 0
0.00147486 2
0.00153993 0
0.00160787 0
0.0016788 0
0.00175287 0
0.00183021 0
0.00191095 2
0.00199526 0
0.00208329 0
0.0021752 0
0.00227117 0
0.00237137 0
0.002476 1
0.00258523 0
0.00269929 0
0.00281838 1
0.00294273 1
0.00307256 0
0.00320812 1
0.00334965 1
0.00349744 0
0.00365174 0
0.00381285 0
0.00398107 0
0.00415671 0
0.0043401 0
0.00453158 1
0.00473151 1
0.00494026 1
0.00515822 1
0.0053858 1
0.00562341 0
0.00587151 3
0.00613056 2
0.00640103 0
0.00668344 5
0.00697831 4
0.00728618 5
0.00760764 2
0.00794328 2
0.00829373 1
0.00865964 4
0.0090417 5
0.00944061 9
0.00985712 5
0.010292 2
0.0107461 4
0.0112202 5
0.0117152 6
0.0122321 6
0.0127717 5
0.0133352 6
0.0139236 7
0.0145378 11
0.0151792 5
0.0158489 12
0.0165482 17
0.0172783 9
0.0180406 7
0.0188365 11
0.0196675 18
0.0205353 13
0.0214412 13
0.0223872 20
0.0233749 17
0.0244062 21
0.025483 23
0.0266073 21
0.0277811 27
0.0290068 30
0.0302866 16
0.0316228 27
0.0330179 24
0.0344747 31
0.0359956 33
0.0375837 37
0.0392419 41
0.0409732 35
0.0427809 40
0.0446684 45
0.0466391 63
0.0486968 48
0.0508452 50
0.0530884 32
0.0554307 56
0.0578762 53
0.0604296 62
0.0630957 69
0.0658795 58
0.068786 82
0.0718208 75
0.0749894 70
0.0782979 88
0.0817523 106
0.0853591 80
0.0891251 85
0.0930572 90
0.0971628 110
0.10145 116
0.105925 94
0.110599 102
0.115478 126
0.120573 123
0.125893 132
0.131447 126
0.137246 101
0.143301 97
0.149624 130
0.156225 141
0.163117 124
0.170314 129
0.177828 154
0.185674 127
0.193865 129
0.202418 154
0.211349 141
0.220673 135
0.230409 154
0.240575 138
0.251189 144
0.262271 137
0.273842 137
0.285924 167
0.298538 165
0.311709 148
0.325462 172
0.339821 141
0.354813 163
0.370467 173
0.386812 180
0.403878 161
0.421697 155
0.440301 178
0.459727 168
0.48001 163
0.501187 148
0.523299 163
0.546387 156
0.570493 159
0.595662 141
0.621942 162
0.649382 129
0.678032 127
0.707946 129
0.73918 139
0.771792 113
0.805842 140
0.841395 115
0.878517 139
0.917276 96
0.957745 94
1 91
1.04412 120
1.09018 91
1.13828 85
1.1885 91
1.24094 65
1.29569 74
1.35285 65
1.41254 72
1.47486 53
1.53993 55
1.60787 52
1.6788 60
1.75287 53
1.83021 64
1.91095 42
1.99526 44
2.08329 42
2.1752 52
2.27117 47
2.37137 40
2.476 35
2.58523 37
2.69929 31
2.81838 33
2.94273 52
3.07256 44
3.20812 29
3.34965 28
3.49744 24
3.65174 38
3.81285 33
3.98107 29
4.15671 28
4.3401 26
4.53158 20
4.73151 25
4.94026 20
5.15822 19
5.3858 16
5.62341 33
5.87151 25
6.13056 18
6.40103 22
6.68344 16
6.97831 18
7.28618 10
7.60764 25
7.94328 15
8.29373 18
8.65964 21
9.0417 12
9.44061 18
9.85712 16
10.292 13
10.7461 15
11.2202 17
11.7152 19
12.2321 19
12.7717 9
13.3352 13
13.9236 13
14.5378 11
15.1792 13
15.8489 12
16.5482 24
17.2783 13
18.0406 10
18.8365 10
19.6675 18
20.5353 11
21.4412 16
22.3872 19
23.3749 14
24.4062 18
25.483 20
26.6073 10
27.7811 9
29.0068 22
30.2866 22
31.6228 28
33.0179 17
34.4747 21
35.9956 27
37.5837 17
39.2419 29
40.9732 24
42.7809 14
44.6684 27
46.6391 16
48.6968 16
50.8452 17
53.0884 25
55.4307 32
57.8762 19
60.4296 24
63.0957 26
65.8795 27
68.786 24
71.8208 30
74.9894 33
78.2979 29
81.7523 28
85.3591 30
89.1251 31
93.0572 41
97.1628 32
101.45 35
105.925 28
110.599 34
115.478 31
120.573 47
125.893 31
131.447 32
137.246 51
143.301 42
149.624 41
156.225 41
163.117 40
170.314 38
177.828 39
185.674 38
193.865 35
202.418 42
211.349 43
220.673 38
230.409 54
240.575 35
251.189 38
262.271 42
273.842 38
285.924 39
298.538 31
311.709 39
325.462 34
339.821 46
354.813 35
370.467 10
386.812 18
403.878 11
421.697 17
440.301 10
459.727 10
480.01 7
501.187 3
523.299 3
546.387 2
570.493 2
595.662 5
621.942 2
649.382 4
678.032 2
707.946 1
739.18 0
771.792 1
805.842 1
841.395 0
878.517 0
917.276 0
957.745 0
1000 0
