# First line is two numbers 
#     First value is '2', it means 'histogram mode'
#     Second value is 'Emin' of the histogram
# Other lines : 2 columns. 1) energy 2) probability (nb divided by NbEvent)
# Number of bins = 480
# Content below the first bin: 0
# Content above the last  bin: 56.6859
# Content above the last  bin: 56.6859
# Number of events: 209000
2 1e-06
1.04412e-06 0
1.09018e-06 0
1.13828e-06 0
1.1885e-06 0
1.24094e-06 0
1.29569e-06 0
1.35285e-06 0
1.41254e-06 0
1.47486e-06 0
1.53993e-06 0
1.60787e-06 0
1.6788e-06 0
1.75287e-06 0
1.83021e-06 0
1.91095e-06 0
1.99526e-06 0
2.08329e-06 0
2.1752e-06 0
2.27117e-06 0
2.37137e-06 0
2.476e-06 0
2.58523e-06 0
2.69929e-06 0
2.81838e-06 0
2.94273e-06 0
3.07256e-06 0
3.20812e-06 0
3.34965e-06 0
3.49744e-06 0
3.65174e-06 0
3.81285e-06 0
3.98107e-06 0
4.15671e-06 0
4.3401e-06 0
4.53158e-06 0
4.73151e-06 0
4.94026e-06 0
5.15822e-06 0
5.3858e-06 0
5.62341e-06 0
5.87151e-06 0
6.13056e-06 0
6.40103e-06 0
6.68344e-06 0
6.97831e-06 0
7.28618e-06 0
7.60764e-06 0
7.94328e-06 0
8.29373e-06 0
8.65964e-06 0
9.0417e-06 0
9.44061e-06 0
9.85712e-06 0
1.0292e-05 0
1.07461e-05 0
1.12202e-05 0
1.17152e-05 0
1.22321e-05 0
1.27717e-05 0
1.33352e-05 0
1.39236e-05 0
1.45378e-05 0
1.51792e-05 0
1.58489e-05 0
1.65482e-05 0
1.72783e-05 0
1.80406e-05 0
1.88365e-05 0
1.96675e-05 0
2.05353e-05 0
2.14412e-05 0
2.23872e-05 0
2.33749e-05 0
2.44062e-05 0
2.5483e-05 0
2.66073e-05 0
2.77811e-05 0
2.90068e-05 0
3.02866e-05 0
3.16228e-05 0
3.30179e-05 0
3.44747e-05 0
3.59956e-05 0
3.75837e-05 0
3.92419e-05 0
4.09732e-05 0
4.27809e-05 0
4.46684e-05 0
4.66391e-05 0
4.86968e-05 0
5.08452e-05 0
5.30884e-05 0
5.54307e-05 0
5.78762e-05 0
6.04296e-05 0
6.30957e-05 0
6.58795e-05 0
6.8786e-05 0
7.18208e-05 0
7.49894e-05 0
7.82979e-05 0
8.17523e-05 0
8.53591e-05 0
8.91251e-05 0
9.30572e-05 0
9.71628e-05 0
0.00010145 0
0.000105925 0
0.000110599 0
0.000115478 0
0.000120573 0
0.000125893 0
0.000131447 0
0.000137246 0
0.000143301 0
0.000149624 0
0.000156225 0
0.000163117 0
0.000170314 0
0.000177828 0
0.000185674 0
0.000193865 0
0.000202418 0
0.000211349 0
0.000220673 0
0.000230409 0
0.000240575 0
0.000251189 0
0.000262271 0
0.000273842 0
0.000285924 0
0.000298538 0
0.000311709 0
0.000325462 0
0.000339821 0
0.000354813 0
0.000370467 0
0.000386812 0
0.000403878 0
0.000421697 0
0.000440301 23.9108
0.000459727 0
0.00048001 0
0.000501187 0
0.000523299 0
0.000546387 0
0.000570493 0
0.000595662 0
0.000621942 0
0.000649382 0
0.000678032 0
0.000707946 0
0.00073918 0
0.000771792 0
0.000805842 93.6667
0.000841395 0
0.000878517 106.223
0.000917276 0
0.000957745 0
0.001 0
0.00104412 0
0.00109018 0
0.00113828 0
0.0011885 0
0.00124094 0
0.00129569 0
0.00135285 109.196
0.00141254 0
0.00147486 0
0.00153993 0
0.00160787 0
0.0016788 0
0.00175287 84.7235
0.00183021 0
0.00191095 103.392
0.00199526 64.2093
0.00208329 0
0.0021752 0
0.00227117 0
0.00237137 101.988
0.002476 107.456
0.00258523 0
0.00269929 0
0.00281838 0
0.00294273 0
0.00307256 0
0.00320812 0
0.00334965 74.0081
0.00349744 0
0.00365174 115.555
0.00381285 0
0.00398107 0
0.00415671 68.0789
0.0043401 0
0.00453158 57.8436
0.00473151 0
0.00494026 90.4609
0.00515822 66.0793
0.0053858 119.176
0.00562341 45.1628
0.00587151 0
0.00613056 94.4742
0.00640103 197.56
0.00668344 0
0.00697831 126.203
0.00728618 128.091
0.00760764 457.254
0.00794328 0
0.00829373 77.7248
0.00865964 93.5623
0.0090417 279.624
0.00944061 116.535
0.00985712 178.466
0.010292 253.645
0.0107461 362.453
0.0112202 426.413
0.0117152 150.201
0.0122321 620.404
0.0127717 178.277
0.0133352 649.462
0.0139236 290.753
0.0145378 399.861
0.0151792 984.683
0.0158489 529.199
0.0165482 1189.59
0.0172783 783.288
0.0180406 895.491
0.0188365 756.745
0.0196675 1490.09
0.0205353 862.198
0.0214412 1486.29
0.0223872 1276.06
0.0233749 1875.05
0.0244062 920.013
0.025483 1399.25
0.0266073 1859.97
0.0277811 1986.66
0.0290068 1774.77
0.0302866 1316.39
0.0316228 1756.09
0.0330179 2656.98
0.0344747 2072.07
0.0359956 2082.36
0.0375837 2370.79
0.0392419 2678.58
0.0409732 4466.62
0.0427809 3458.99
0.0446684 3771.21
0.0466391 3318.23
0.0486968 3960.1
0.0508452 4656.83
0.0530884 4199.09
0.0554307 3496.21
0.0578762 4227.78
0.0604296 4313.83
0.0630957 6194.89
0.0658795 5670.8
0.068786 5201.98
0.0718208 4872.49
0.0749894 5958.41
0.0782979 6607.2
0.0817523 6064.09
0.0853591 7354.14
0.0891251 7995.42
0.0930572 7091.31
0.0971628 8548.21
0.10145 7723.36
0.105925 7338.29
0.110599 8822.65
0.115478 8023.33
0.120573 10298.7
0.125893 10297.3
0.131447 9940.09
0.137246 9644.64
0.143301 9602
0.149624 11824
0.156225 10677.3
0.163117 12344.1
0.170314 11231.9
0.177828 11892.9
0.185674 9597.98
0.193865 9643.77
0.202418 9865.73
0.211349 12074.5
0.220673 11572.8
0.230409 11925
0.240575 13143.5
0.251189 10440.9
0.262271 12041.1
0.273842 12949
0.285924 12730.9
0.298538 11032.3
0.311709 13107.7
0.325462 12593.4
0.339821 13779.5
0.354813 12498.1
0.370467 13282.6
0.386812 13408.3
0.403878 13221.2
0.421697 14538
0.440301 12381.5
0.459727 13867.1
0.48001 13245
0.501187 12793.5
0.523299 13430.1
0.546387 12157.6
0.570493 12264.4
0.595662 12994.1
0.621942 12406.2
0.649382 12591.3
0.678032 10140
0.707946 11222.5
0.73918 12411.5
0.771792 10696.3
0.805842 10676.6
0.841395 9450.4
0.878517 7143.66
0.917276 8905.98
0.957745 9015.09
1 8075.65
1.04412 8212.89
1.09018 7531.66
1.13828 6535.77
1.1885 8010.54
1.24094 5363.15
1.29569 6262.92
1.35285 5853.25
1.41254 5283.13
1.47486 4590.45
1.53993 5273.15
1.60787 4903.8
1.6788 3574.8
1.75287 4275.11
1.83021 5377.68
1.91095 4325.07
1.99526 3845.22
2.08329 3977.43
2.1752 2190.21
2.27117 3250.32
2.37137 2901.96
2.476 3285.5
2.58523 3426.69
2.69929 2754.59
2.81838 3261.25
2.94273 2828.4
3.07256 2170.47
3.20812 2860.86
3.34965 3061.55
3.49744 2265.53
3.65174 2465.29
3.81285 3124.32
3.98107 2414.58
4.15671 2160.71
4.3401 1736.85
4.53158 2587.07
4.73151 1844.87
4.94026 2278.19
5.15822 1609.49
5.3858 1617.5
5.62341 1621.51
5.87151 1342.5
6.13056 2386.09
6.40103 1410.33
6.68344 1650.7
6.97831 1132.45
7.28618 1155.14
7.60764 1771.41
7.94328 1942.94
8.29373 601.643
8.65964 1097.45
9.0417 1046.1
9.44061 1035.18
9.85712 923.474
10.292 1443.35
10.7461 1997.68
11.2202 1170.12
11.7152 931.833
12.2321 1082.86
12.7717 1414.47
13.3352 1213.52
13.9236 1052.14
14.5378 1344.67
15.1792 1098.85
15.8489 705.314
16.5482 1132.14
17.2783 1156.09
18.0406 1600.87
18.8365 994.345
19.6675 1114.44
20.5353 944.958
21.4412 1495.84
22.3872 1272.57
23.3749 1281.57
24.4062 862.619
25.483 1178.83
26.6073 1431.1
27.7811 1427.7
29.0068 1094.66
30.2866 1142.86
31.6228 1979.37
33.0179 1651.32
34.4747 1433.28
35.9956 1317.27
37.5837 1454.5
39.2419 1492.25
40.9732 1520.89
42.7809 1521.12
44.6684 1733.68
46.6391 1251.08
48.6968 2130.25
50.8452 1776.73
53.0884 1903.89
55.4307 1940.01
57.8762 2269.38
60.4296 1703.02
63.0957 2516.99
65.8795 1510.53
68.786 3015.05
71.8208 2057.54
74.9894 2525.93
78.2979 2327.94
81.7523 1691.68
85.3591 2837.21
89.1251 1526.23
93.0572 2567.1
97.1628 3180.8
101.45 2983.07
105.925 3601.12
110.599 1941.3
115.478 2437.62
120.573 3795.26
125.893 2090.87
131.447 3445.22
137.246 3420.79
143.301 3149.35
149.624 3594.9
156.225 3175.26
163.117 2869.27
170.314 3059.13
177.828 3099.65
185.674 2789.03
193.865 3384.76
202.418 4202.89
211.349 3488.2
220.673 2414.82
230.409 3201.19
240.575 3830.69
251.189 3027.91
262.271 3051.17
273.842 1921.97
285.924 3287.03
298.538 2387.94
311.709 2474.31
325.462 2175.73
339.821 1613.22
354.813 1087.89
370.467 1282.55
386.812 789.82
403.878 1144.95
421.697 621.999
440.301 634.349
459.727 580.055
480.01 743.227
501.187 112.605
523.299 383.712
546.387 306.995
570.493 114.286
595.662 0
621.942 157.053
649.382 0
678.032 0
707.946 102.57
739.18 117.142
771.792 114.643
805.842 19.3696
841.395 11.1269
878.517 0
917.276 0
957.745 0
1000 81.0107
