# First line is two numbers 
#     First value is '2', it means 'histogram mode'
#     Second value is 'Emin' of the histogram
# Other lines : 2 columns. 1) energy 2) probability (nb divided by NbEvent)
# Number of bins = 480
# Content below the first bin: 0
# Content above the last  bin: 0
# Content above the last  bin: 0
# Number of events: 209000
2 1e-06
1.04412e-06 0
1.09018e-06 0
1.13828e-06 0
1.1885e-06 0
1.24094e-06 0
1.29569e-06 0
1.35285e-06 0
1.41254e-06 0
1.47486e-06 0
1.53993e-06 0
1.60787e-06 0
1.6788e-06 0
1.75287e-06 0
1.83021e-06 0
1.91095e-06 0
1.99526e-06 0
2.08329e-06 0
2.1752e-06 0
2.27117e-06 0
2.37137e-06 0
2.476e-06 0
2.58523e-06 0
2.69929e-06 0
2.81838e-06 0
2.94273e-06 0
3.07256e-06 0
3.20812e-06 0
3.34965e-06 0
3.49744e-06 0
3.65174e-06 0
3.81285e-06 0
3.98107e-06 0
4.15671e-06 0
4.3401e-06 0
4.53158e-06 0
4.73151e-06 0
4.94026e-06 0
5.15822e-06 0
5.3858e-06 0
5.62341e-06 0
5.87151e-06 0
6.13056e-06 0
6.40103e-06 0
6.68344e-06 0
6.97831e-06 0
7.28618e-06 0
7.60764e-06 0
7.94328e-06 0
8.29373e-06 0
8.65964e-06 0
9.0417e-06 0
9.44061e-06 0
9.85712e-06 0
1.0292e-05 0
1.07461e-05 0
1.12202e-05 0
1.17152e-05 0
1.22321e-05 0
1.27717e-05 0
1.33352e-05 0
1.39236e-05 0
1.45378e-05 0
1.51792e-05 0
1.58489e-05 0
1.65482e-05 0
1.72783e-05 0
1.80406e-05 0
1.88365e-05 0
1.96675e-05 0
2.05353e-05 0
2.14412e-05 0
2.23872e-05 0
2.33749e-05 0
2.44062e-05 0
2.5483e-05 0
2.66073e-05 0
2.77811e-05 0
2.90068e-05 0
3.02866e-05 0
3.16228e-05 0
3.30179e-05 0
3.44747e-05 0
3.59956e-05 0
3.75837e-05 0
3.92419e-05 0
4.09732e-05 0
4.27809e-05 0
4.46684e-05 0
4.66391e-05 0
4.86968e-05 0
5.08452e-05 0
5.30884e-05 0
5.54307e-05 0
5.78762e-05 0
6.04296e-05 0
6.30957e-05 0
6.58795e-05 0
6.8786e-05 0
7.18208e-05 0
7.49894e-05 0
7.82979e-05 0
8.17523e-05 0
8.53591e-05 0
8.91251e-05 0
9.30572e-05 0
9.71628e-05 0
0.00010145 0
0.000105925 0
0.000110599 0
0.000115478 0
0.000120573 0
0.000125893 0
0.000131447 0
0.000137246 0
0.000143301 0
0.000149624 0
0.000156225 0
0.000163117 0
0.000170314 0
0.000177828 0
0.000185674 0
0.000193865 0
0.000202418 0
0.000211349 0
0.000220673 0
0.000230409 0
0.000240575 0
0.000251189 0
0.000262271 0
0.000273842 0
0.000285924 0
0.000298538 0
0.000311709 0
0.000325462 0
0.000339821 0
0.000354813 0
0.000370467 0
0.000386812 0
0.000403878 0
0.000421697 0
0.000440301 0
0.000459727 0
0.00048001 0
0.000501187 0
0.000523299 0
0.000546387 0
0.000570493 0
0.000595662 0
0.000621942 0
0.000649382 57.8663
0.000678032 0
0.000707946 0
0.00073918 0
0.000771792 0
0.000805842 0
0.000841395 0
0.000878517 0
0.000917276 0
0.000957745 0
0.001 0
0.00104412 0
0.00109018 0
0.00113828 0
0.0011885 0
0.00124094 0
0.00129569 0
0.00135285 0
0.00141254 77.5332
0.00147486 0
0.00153993 0
0.00160787 0
0.0016788 0
0.00175287 0
0.00183021 0
0.00191095 0
0.00199526 0
0.00208329 0
0.0021752 0
0.00227117 0
0.00237137 0
0.002476 0
0.00258523 0
0.00269929 0
0.00281838 0
0.00294273 0
0.00307256 0
0.00320812 0
0.00334965 0
0.00349744 0
0.00365174 0
0.00381285 0
0.00398107 0
0.00415671 0
0.0043401 0
0.00453158 0
0.00473151 0
0.00494026 0
0.00515822 0
0.0053858 0
0.00562341 0
0.00587151 0
0.00613056 0
0.00640103 0
0.00668344 0
0.00697831 0
0.00728618 0
0.00760764 0
0.00794328 0
0.00829373 0
0.00865964 0
0.0090417 0
0.00944061 0
0.00985712 0
0.010292 117.13
0.0107461 0
0.0112202 105.95
0.0117152 0
0.0122321 0
0.0127717 0
0.0133352 0
0.0139236 0
0.0145378 0
0.0151792 98.8301
0.0158489 213.743
0.0165482 197.889
0.0172783 152.526
0.0180406 165.252
0.0188365 0
0.0196675 0
0.0205353 82.3611
0.0214412 107.14
0.0223872 184.966
0.0233749 83.5935
0.0244062 233.297
0.025483 62.4487
0.0266073 161.846
0.0277811 392.561
0.0290068 206.236
0.0302866 115.671
0.0316228 197.413
0.0330179 0
0.0344747 97.8593
0.0359956 180.251
0.0375837 71.9278
0.0392419 376.251
0.0409732 197.735
0.0427809 217.132
0.0446684 381.088
0.0466391 331.191
0.0486968 210.564
0.0508452 348.944
0.0530884 110.644
0.0554307 514.501
0.0578762 322.036
0.0604296 227.885
0.0630957 238.764
0.0658795 223.523
0.068786 204.306
0.0718208 330.65
0.0749894 526.372
0.0782979 590.098
0.0817523 340.172
0.0853591 726.873
0.0891251 559.017
0.0930572 453.834
0.0971628 984.097
0.10145 671.529
0.105925 784.289
0.110599 578.583
0.115478 278.319
0.120573 889.959
0.125893 1179.34
0.131447 947.197
0.137246 722.933
0.143301 786.56
0.149624 526.583
0.156225 1067.42
0.163117 1218.23
0.170314 856.593
0.177828 913.483
0.185674 667.984
0.193865 1862.19
0.202418 1003.34
0.211349 694.132
0.220673 872.483
0.230409 1624.76
0.240575 1103.65
0.251189 1831.31
0.262271 1653.09
0.273842 1335.97
0.285924 1744.96
0.298538 1163.59
0.311709 961.607
0.325462 997.541
0.339821 1195.37
0.354813 714.562
0.370467 1139.57
0.386812 1085.51
0.403878 1770.63
0.421697 1466.56
0.440301 524.959
0.459727 1800.47
0.48001 1791.7
0.501187 1300.6
0.523299 1080.42
0.546387 1032.41
0.570493 1740.22
0.595662 2086.22
0.621942 1024.47
0.649382 1719.13
0.678032 1820.1
0.707946 1421.39
0.73918 2283.44
0.771792 1519.93
0.805842 2139.13
0.841395 1413.65
0.878517 1850.86
0.917276 1477.28
0.957745 1246.94
1 1196.21
1.04412 1684.31
1.09018 533.698
1.13828 1046.81
1.1885 870.007
1.24094 969.05
1.29569 980.524
1.35285 1148.17
1.41254 976.798
1.47486 656.863
1.53993 1027.99
1.60787 941.179
1.6788 796.773
1.75287 713.391
1.83021 293.57
1.91095 487.623
1.99526 622.249
2.08329 262.359
2.1752 625.313
2.27117 486.152
2.37137 831.562
2.476 479.439
2.58523 505.957
2.69929 472.965
2.81838 672.58
2.94273 340.236
3.07256 205.879
3.20812 221.888
3.34965 438.045
3.49744 305.72
3.65174 424.506
3.81285 149.346
3.98107 788.096
4.15671 949.563
4.3401 348.8
4.53158 279.487
4.73151 503.214
4.94026 298.505
5.15822 325.182
5.3858 21.0211
5.62341 153.183
5.87151 355.77
6.13056 147.265
6.40103 308.242
6.68344 199.791
6.97831 721.434
7.28618 266.141
7.60764 551.615
7.94328 189.452
8.29373 129.066
8.65964 165.419
9.0417 194.197
9.44061 221.496
9.85712 403.858
10.292 444.694
10.7461 279.28
11.2202 311.677
11.7152 320.775
12.2321 174.436
12.7717 319.821
13.3352 340.109
13.9236 172.114
14.5378 233.63
15.1792 409.85
15.8489 338.286
16.5482 287.091
17.2783 376.946
18.0406 188.183
18.8365 53.4088
19.6675 150.115
20.5353 168.754
21.4412 438.355
22.3872 443.062
23.3749 217.14
24.4062 518.256
25.483 237.164
26.6073 107.401
27.7811 618.327
29.0068 244.794
30.2866 0
31.6228 422.736
33.0179 70.5227
34.4747 310.355
35.9956 314.407
37.5837 490.629
39.2419 97.1307
40.9732 264.33
42.7809 56.6649
44.6684 379.611
46.6391 310.109
48.6968 255.637
50.8452 179.392
53.0884 388.441
55.4307 154.812
57.8762 451.047
60.4296 296.507
63.0957 868.438
65.8795 429.215
68.786 336.591
71.8208 265.146
74.9894 311.863
78.2979 264.02
81.7523 856.647
85.3591 636.851
89.1251 697.971
93.0572 293.323
97.1628 524.016
101.45 588.9
105.925 297.117
110.599 1030.14
115.478 885.341
120.573 807.705
125.893 647.758
131.447 586.163
137.246 693.948
143.301 869.98
149.624 1293.8
156.225 1415.56
163.117 354.241
170.314 501.877
177.828 364.464
185.674 259.753
193.865 827.955
202.418 1222.41
211.349 1186.24
220.673 941.506
230.409 708.934
240.575 861.729
251.189 1366.76
262.271 1105.76
273.842 572.742
285.924 970.048
298.538 779.35
311.709 451.221
325.462 310.163
339.821 309.262
354.813 222.889
370.467 279.802
386.812 352.057
403.878 114.376
421.697 319.299
440.301 186.623
459.727 230.871
480.01 0
501.187 9.15519
523.299 211.709
546.387 131.282
570.493 0
595.662 0
621.942 0
649.382 0
678.032 0
707.946 0
739.18 0
771.792 0
805.842 0
841.395 0
878.517 0
917.276 0
957.745 0
1000 0
