# First line is two numbers 
#     First value is '2', it means 'histogram mode'
#     Second value is 'Emin' of the histogram
# Other lines : 2 columns. 1) energy 2) probability (nb divided by NbEvent)
# Number of bins = 480
# Content below the first bin: 0
# Content above the last  bin: 0
# Content above the last  bin: 0
# Number of events: 400000
2 1e-06
1.04412e-06 0
1.09018e-06 0
1.13828e-06 0
1.1885e-06 0
1.24094e-06 0
1.29569e-06 0
1.35285e-06 0
1.41254e-06 0
1.47486e-06 0
1.53993e-06 0
1.60787e-06 0
1.6788e-06 0
1.75287e-06 0
1.83021e-06 0
1.91095e-06 0
1.99526e-06 0
2.08329e-06 0
2.1752e-06 0
2.27117e-06 0
2.37137e-06 0
2.476e-06 0
2.58523e-06 0
2.69929e-06 0
2.81838e-06 0
2.94273e-06 0
3.07256e-06 0
3.20812e-06 0
3.34965e-06 0
3.49744e-06 0
3.65174e-06 0
3.81285e-06 0
3.98107e-06 0
4.15671e-06 0
4.3401e-06 0
4.53158e-06 0
4.73151e-06 0
4.94026e-06 0
5.15822e-06 0
5.3858e-06 0
5.62341e-06 0
5.87151e-06 0
6.13056e-06 0
6.40103e-06 0
6.68344e-06 0
6.97831e-06 0
7.28618e-06 0
7.60764e-06 0
7.94328e-06 0
8.29373e-06 0
8.65964e-06 0
9.0417e-06 0
9.44061e-06 0
9.85712e-06 0
1.0292e-05 0
1.07461e-05 0
1.12202e-05 0
1.17152e-05 0
1.22321e-05 0
1.27717e-05 0
1.33352e-05 0
1.39236e-05 0
1.45378e-05 0
1.51792e-05 0
1.58489e-05 0
1.65482e-05 0
1.72783e-05 0
1.80406e-05 0
1.88365e-05 0
1.96675e-05 0
2.05353e-05 0
2.14412e-05 0
2.23872e-05 0
2.33749e-05 0
2.44062e-05 0
2.5483e-05 0
2.66073e-05 0
2.77811e-05 0
2.90068e-05 0
3.02866e-05 0
3.16228e-05 0
3.30179e-05 0
3.44747e-05 0
3.59956e-05 0
3.75837e-05 0
3.92419e-05 0
4.09732e-05 0
4.27809e-05 0
4.46684e-05 0
4.66391e-05 0
4.86968e-05 0
5.08452e-05 0
5.30884e-05 0
5.54307e-05 0
5.78762e-05 0
6.04296e-05 0
6.30957e-05 0
6.58795e-05 0
6.8786e-05 0
7.18208e-05 0
7.49894e-05 0
7.82979e-05 0
8.17523e-05 0
8.53591e-05 0
8.91251e-05 0
9.30572e-05 0
9.71628e-05 0
0.00010145 0
0.000105925 0
0.000110599 0
0.000115478 0
0.000120573 0
0.000125893 0
0.000131447 0
0.000137246 0
0.000143301 0
0.000149624 0
0.000156225 0
0.000163117 0
0.000170314 0
0.000177828 0
0.000185674 0
0.000193865 0
0.000202418 0
0.000211349 0
0.000220673 0
0.000230409 0
0.000240575 0
0.000251189 0
0.000262271 0
0.000273842 0
0.000285924 0
0.000298538 0
0.000311709 0
0.000325462 0
0.000339821 0
0.000354813 0
0.000370467 0
0.000386812 0
0.000403878 0
0.000421697 0
0.000440301 0
0.000459727 0
0.00048001 0
0.000501187 0
0.000523299 0
0.000546387 0
0.000570493 0
0.000595662 0
0.000621942 0
0.000649382 0
0.000678032 0
0.000707946 0
0.00073918 0
0.000771792 0
0.000805842 0
0.000841395 0
0.000878517 0
0.000917276 0
0.000957745 0
0.001 0
0.00104412 0
0.00109018 0
0.00113828 0
0.0011885 0
0.00124094 0
0.00129569 0
0.00135285 0
0.00141254 0
0.00147486 0
0.00153993 0
0.00160787 47.2279
0.0016788 0
0.00175287 0
0.00183021 0
0.00191095 0
0.00199526 0
0.00208329 0
0.0021752 0
0.00227117 0
0.00237137 0
0.002476 0
0.00258523 0
0.00269929 0
0.00281838 0
0.00294273 0
0.00307256 0
0.00320812 0
0.00334965 0
0.00349744 0
0.00365174 0
0.00381285 0
0.00398107 0
0.00415671 0
0.0043401 0
0.00453158 0
0.00473151 0
0.00494026 0
0.00515822 0
0.0053858 0
0.00562341 0
0.00587151 0
0.00613056 0
0.00640103 0
0.00668344 0
0.00697831 0
0.00728618 0
0.00760764 0
0.00794328 0
0.00829373 0
0.00865964 0
0.0090417 0
0.00944061 0
0.00985712 0
0.010292 0
0.0107461 0
0.0112202 41.6625
0.0117152 0
0.0122321 0
0.0127717 0
0.0133352 0
0.0139236 0
0.0145378 0
0.0151792 0
0.0158489 0
0.0165482 0
0.0172783 0
0.0180406 0
0.0188365 0
0.0196675 0
0.0205353 0
0.0214412 0
0.0223872 0
0.0233749 0
0.0244062 0
0.025483 76.4178
0.0266073 0
0.0277811 0
0.0290068 0
0.0302866 0
0.0316228 0
0.0330179 0
0.0344747 0
0.0359956 0
0.0375837 220.309
0.0392419 21.5624
0.0409732 0
0.0427809 0
0.0446684 0
0.0466391 0
0.0486968 0
0.0508452 0
0.0530884 91.7175
0.0554307 0
0.0578762 0
0.0604296 0
0.0630957 0
0.0658795 0
0.068786 101.181
0.0718208 218.472
0.0749894 20.9611
0.0782979 0
0.0817523 118.468
0.0853591 139.907
0.0891251 80.1474
0.0930572 0
0.0971628 115.384
0.10145 104.805
0.105925 85.9391
0.110599 69.1297
0.115478 200.36
0.120573 0
0.125893 39.7909
0.131447 330.595
0.137246 24.5538
0.143301 0
0.149624 105.821
0.156225 170.713
0.163117 306.006
0.170314 98.0413
0.177828 478.427
0.185674 1080.25
0.193865 0
0.202418 93.8729
0.211349 344.995
0.220673 487.096
0.230409 68.8446
0.240575 556.725
0.251189 662.724
0.262271 391.794
0.273842 783.497
0.285924 230.69
0.298538 514.02
0.311709 1119.44
0.325462 381.375
0.339821 606.012
0.354813 1323.78
0.370467 477.783
0.386812 831.555
0.403878 101.251
0.421697 317.107
0.440301 575.157
0.459727 517.863
0.48001 462.126
0.501187 462.285
0.523299 435.728
0.546387 669.055
0.570493 517.812
0.595662 1074.75
0.621942 1742
0.649382 1342.11
0.678032 1209.72
0.707946 1729.83
0.73918 685.598
0.771792 607.265
0.805842 422.3
0.841395 766.758
0.878517 1253.33
0.917276 1391.95
0.957745 1243.74
1 942.92
1.04412 509.462
1.09018 493.866
1.13828 1017.3
1.1885 930.581
1.24094 975.75
1.29569 879.945
1.35285 404.497
1.41254 622.696
1.47486 773.589
1.53993 601.862
1.60787 1023.89
1.6788 533.458
1.75287 804.94
1.83021 296.114
1.91095 265.148
1.99526 239.601
2.08329 579.458
2.1752 526.686
2.27117 325.99
2.37137 433.373
2.476 649.857
2.58523 215.99
2.69929 620.418
2.81838 108.494
2.94273 255.509
3.07256 305.319
3.20812 434.301
3.34965 675.461
3.49744 102.372
3.65174 526.676
3.81285 302.686
3.98107 60.5958
4.15671 142.007
4.3401 130.655
4.53158 230.793
4.73151 356.553
4.94026 212.993
5.15822 0
5.3858 78.2811
5.62341 64.9432
5.87151 191.492
6.13056 360.561
6.40103 80.2573
6.68344 94.2918
6.97831 80.1084
7.28618 115.398
7.60764 359.595
7.94328 295.807
8.29373 315.193
8.65964 145.331
9.0417 76.899
9.44061 0
9.85712 93.2517
10.292 85.2964
10.7461 166.097
11.2202 117.983
11.7152 122.799
12.2321 0
12.7717 147.061
13.3352 88.4341
13.9236 0
14.5378 60.9235
15.1792 102.89
15.8489 188.778
16.5482 81.7231
17.2783 0
18.0406 108.77
18.8365 160.432
19.6675 417.962
20.5353 126.923
21.4412 293.517
22.3872 460.397
23.3749 69.2464
24.4062 306.766
25.483 499.746
26.6073 142.112
27.7811 214.435
29.0068 119.755
30.2866 49.0462
31.6228 24.3954
33.0179 321.095
34.4747 101.635
35.9956 335.322
37.5837 53.8536
39.2419 247.313
40.9732 279.091
42.7809 74.2911
44.6684 479.476
46.6391 276.931
48.6968 212.843
50.8452 418.229
53.0884 678.322
55.4307 43.62
57.8762 230.786
60.4296 199.464
63.0957 435.324
65.8795 560.588
68.786 766.855
71.8208 557.884
74.9894 423.829
78.2979 605.75
81.7523 637.189
85.3591 843.529
89.1251 447.789
93.0572 731.26
97.1628 773.52
101.45 459.268
105.925 401.341
110.599 659.477
115.478 419.279
120.573 446.041
125.893 706.934
131.447 829.16
137.246 726.944
143.301 568.533
149.624 582.864
156.225 333.139
163.117 498.92
170.314 1027.78
177.828 816.72
185.674 409.129
193.865 651.405
202.418 635.427
211.349 469.756
220.673 278.74
230.409 263.006
240.575 307.596
251.189 557.211
262.271 175.867
273.842 25.4865
285.924 190.242
298.538 109.737
311.709 0
325.462 0
339.821 0
354.813 162.05
370.467 0
386.812 92.6676
403.878 39.9714
421.697 0
440.301 0
459.727 0
480.01 102.139
501.187 0
523.299 0
546.387 0
570.493 0
595.662 0
621.942 0
649.382 0
678.032 0
707.946 0
739.18 0
771.792 0
805.842 0
841.395 0
878.517 0
917.276 0
957.745 0
1000 0
