# First line is two numbers 
#     First value is '2', it means 'histogram mode'
#     Second value is 'Emin' of the histogram
# Other lines : 2 columns. 1) energy 2) probability (nb divided by NbEvent)
# Number of bins = 480
# Content below the first bin: 0
# Content above the last  bin: 0
# Content above the last  bin: 0
# Number of events: 400000
2 1e-06
1.04412e-06 0
1.09018e-06 0
1.13828e-06 0
1.1885e-06 0
1.24094e-06 0
1.29569e-06 0
1.35285e-06 0
1.41254e-06 0
1.47486e-06 0
1.53993e-06 0
1.60787e-06 0
1.6788e-06 0
1.75287e-06 0
1.83021e-06 0
1.91095e-06 0
1.99526e-06 0
2.08329e-06 0
2.1752e-06 0
2.27117e-06 0
2.37137e-06 0
2.476e-06 0
2.58523e-06 0
2.69929e-06 0
2.81838e-06 0
2.94273e-06 0
3.07256e-06 0
3.20812e-06 0
3.34965e-06 0
3.49744e-06 0
3.65174e-06 0
3.81285e-06 0
3.98107e-06 0
4.15671e-06 0
4.3401e-06 0
4.53158e-06 0
4.73151e-06 0
4.94026e-06 0
5.15822e-06 0
5.3858e-06 0
5.62341e-06 0
5.87151e-06 0
6.13056e-06 0
6.40103e-06 0
6.68344e-06 0
6.97831e-06 0
7.28618e-06 0
7.60764e-06 0
7.94328e-06 0
8.29373e-06 0
8.65964e-06 0
9.0417e-06 0
9.44061e-06 0
9.85712e-06 0
1.0292e-05 0
1.07461e-05 0
1.12202e-05 0
1.17152e-05 0
1.22321e-05 0
1.27717e-05 0
1.33352e-05 0
1.39236e-05 0
1.45378e-05 0
1.51792e-05 0
1.58489e-05 0
1.65482e-05 0
1.72783e-05 0
1.80406e-05 0
1.88365e-05 0
1.96675e-05 0
2.05353e-05 0
2.14412e-05 0
2.23872e-05 0
2.33749e-05 0
2.44062e-05 0
2.5483e-05 0
2.66073e-05 0
2.77811e-05 0
2.90068e-05 0
3.02866e-05 0
3.16228e-05 0
3.30179e-05 0
3.44747e-05 0
3.59956e-05 0
3.75837e-05 0
3.92419e-05 0
4.09732e-05 0
4.27809e-05 0
4.46684e-05 0
4.66391e-05 0
4.86968e-05 0
5.08452e-05 0
5.30884e-05 0
5.54307e-05 0
5.78762e-05 0
6.04296e-05 0
6.30957e-05 0
6.58795e-05 0
6.8786e-05 0
7.18208e-05 0
7.49894e-05 0
7.82979e-05 0
8.17523e-05 0
8.53591e-05 0
8.91251e-05 0
9.30572e-05 0
9.71628e-05 0
0.00010145 0
0.000105925 0
0.000110599 0
0.000115478 0
0.000120573 0
0.000125893 0
0.000131447 0
0.000137246 0
0.000143301 0
0.000149624 0
0.000156225 0
0.000163117 0
0.000170314 0
0.000177828 0
0.000185674 0
0.000193865 110.49
0.000202418 0
0.000211349 0
0.000220673 0
0.000230409 0
0.000240575 0
0.000251189 0
0.000262271 0
0.000273842 0
0.000285924 0
0.000298538 0
0.000311709 0
0.000325462 0
0.000339821 0
0.000354813 0
0.000370467 0
0.000386812 0
0.000403878 0
0.000421697 0
0.000440301 0
0.000459727 0
0.00048001 0
0.000501187 0
0.000523299 0
0.000546387 0
0.000570493 0
0.000595662 0
0.000621942 0
0.000649382 0
0.000678032 0
0.000707946 0
0.00073918 0
0.000771792 0
0.000805842 0
0.000841395 0
0.000878517 0
0.000917276 0
0.000957745 0
0.001 0
0.00104412 0
0.00109018 0
0.00113828 0
0.0011885 0
0.00124094 0
0.00129569 0
0.00135285 0
0.00141254 0
0.00147486 0
0.00153993 0
0.00160787 0
0.0016788 0
0.00175287 0
0.00183021 0
0.00191095 0
0.00199526 0
0.00208329 0
0.0021752 0
0.00227117 0
0.00237137 0
0.002476 0
0.00258523 0
0.00269929 0
0.00281838 0
0.00294273 0
0.00307256 0
0.00320812 0
0.00334965 0
0.00349744 0
0.00365174 0
0.00381285 0
0.00398107 0
0.00415671 0
0.0043401 0
0.00453158 0
0.00473151 107.131
0.00494026 0
0.00515822 0
0.0053858 0
0.00562341 0
0.00587151 105.434
0.00613056 0
0.00640103 0
0.00668344 0
0.00697831 0
0.00728618 0
0.00760764 0
0.00794328 0
0.00829373 0
0.00865964 0
0.0090417 0
0.00944061 0
0.00985712 0
0.010292 0
0.0107461 0
0.0112202 0
0.0117152 0
0.0122321 0
0.0127717 0
0.0133352 0
0.0139236 0
0.0145378 0
0.0151792 0
0.0158489 0
0.0165482 0
0.0172783 0
0.0180406 0
0.0188365 0
0.0196675 0
0.0205353 0
0.0214412 0
0.0223872 0
0.0233749 0
0.0244062 73.3425
0.025483 154.352
0.0266073 89.0791
0.0277811 0
0.0290068 0
0.0302866 0
0.0316228 0
0.0330179 0
0.0344747 0
0.0359956 0
0.0375837 119.367
0.0392419 0
0.0409732 115.985
0.0427809 115.486
0.0446684 203.136
0.0466391 45.3895
0.0486968 0
0.0508452 0
0.0530884 0
0.0554307 0
0.0578762 0
0.0604296 124.746
0.0630957 0
0.0658795 0
0.068786 0
0.0718208 25.8094
0.0749894 48.4572
0.0782979 0
0.0817523 304.576
0.0853591 91.935
0.0891251 0
0.0930572 0
0.0971628 113.649
0.10145 0
0.105925 136.743
0.110599 115.044
0.115478 280.165
0.120573 380.216
0.125893 104.964
0.131447 427.021
0.137246 134.262
0.143301 277.419
0.149624 0
0.156225 50.3376
0.163117 68.1345
0.170314 266.816
0.177828 290.151
0.185674 383.423
0.193865 0
0.202418 309.444
0.211349 274.511
0.220673 590.832
0.230409 296.098
0.240575 304.528
0.251189 306.366
0.262271 734.627
0.273842 667.597
0.285924 449.209
0.298538 225.906
0.311709 2109.49
0.325462 436.16
0.339821 433.071
0.354813 1052.84
0.370467 571.589
0.386812 1204.61
0.403878 359.838
0.421697 165.647
0.440301 189.31
0.459727 693.561
0.48001 754.41
0.501187 372.432
0.523299 857.021
0.546387 558.393
0.570493 475.264
0.595662 799.825
0.621942 1734.92
0.649382 2189.97
0.678032 1588.84
0.707946 620.915
0.73918 1074.54
0.771792 750.345
0.805842 782.176
0.841395 195.938
0.878517 704.744
0.917276 622.023
0.957745 948.249
1 960.981
1.04412 628.522
1.09018 695.149
1.13828 570.354
1.1885 940.011
1.24094 820.811
1.29569 542.257
1.35285 473.956
1.41254 1270.65
1.47486 684.46
1.53993 920.848
1.60787 336.093
1.6788 398.87
1.75287 332.061
1.83021 285.919
1.91095 368.895
1.99526 372.112
2.08329 757.485
2.1752 631.733
2.27117 280.49
2.37137 332.036
2.476 651.81
2.58523 243.888
2.69929 586.865
2.81838 0
2.94273 115.178
3.07256 85.6072
3.20812 334.989
3.34965 455.267
3.49744 210.834
3.65174 229.39
3.81285 106.417
3.98107 107.047
4.15671 368.028
4.3401 104.74
4.53158 421.261
4.73151 0
4.94026 191.636
5.15822 314.751
5.3858 234.134
5.62341 0
5.87151 189.487
6.13056 321.829
6.40103 54.5649
6.68344 89.0942
6.97831 223.666
7.28618 109.279
7.60764 192.115
7.94328 353.988
8.29373 290.574
8.65964 0
9.0417 144.223
9.44061 86.5111
9.85712 169.302
10.292 255.956
10.7461 63.3892
11.2202 0
11.7152 70.3674
12.2321 191.6
12.7717 286.662
13.3352 273.199
13.9236 297.322
14.5378 146.057
15.1792 386.832
15.8489 98.8792
16.5482 173.667
17.2783 229.702
18.0406 493.512
18.8365 67.6861
19.6675 316.168
20.5353 231.027
21.4412 31.8393
22.3872 349.785
23.3749 343.125
24.4062 216.015
25.483 0
26.6073 333.218
27.7811 602.957
29.0068 167.197
30.2866 281.892
31.6228 377.9
33.0179 220.222
34.4747 584.957
35.9956 435.064
37.5837 50.3725
39.2419 287.032
40.9732 461.138
42.7809 236.47
44.6684 363.408
46.6391 200.571
48.6968 97.7265
50.8452 272.89
53.0884 471.449
55.4307 378.931
57.8762 260.559
60.4296 705.737
63.0957 379.377
65.8795 313.408
68.786 193.654
71.8208 228.696
74.9894 502.107
78.2979 646.654
81.7523 279.485
85.3591 528.084
89.1251 382.481
93.0572 637.717
97.1628 561.037
101.45 410.062
105.925 550.348
110.599 332.926
115.478 470.641
120.573 176.104
125.893 457.754
131.447 680.931
137.246 604.437
143.301 195.563
149.624 323.842
156.225 798.692
163.117 416.741
170.314 813.047
177.828 372.558
185.674 399.95
193.865 1038.75
202.418 943.406
211.349 589.516
220.673 570.044
230.409 524.082
240.575 158.77
251.189 162.759
262.271 61.7547
273.842 72.4331
285.924 187.326
298.538 0
311.709 184.575
325.462 0
339.821 0
354.813 118.436
370.467 0
386.812 79.0332
403.878 0
421.697 0
440.301 0
459.727 61.1117
480.01 0
501.187 0
523.299 0
546.387 0
570.493 0
595.662 0
621.942 0
649.382 0
678.032 0
707.946 0
739.18 0
771.792 0
805.842 0
841.395 0
878.517 0
917.276 0
957.745 0
1000 0
