# First line is two numbers 
#     First value is '2', it means 'histogram mode'
#     Second value is 'Emin' of the histogram
# Other lines : 2 columns. 1) energy 2) probability (nb divided by NbEvent)
# Number of bins = 480
# Content below the first bin: 0
# Content above the last  bin: 0
# Content above the last  bin: 0
# Number of events: 400000
2 1e-06
1.04412e-06 0
1.09018e-06 0
1.13828e-06 0
1.1885e-06 0
1.24094e-06 0
1.29569e-06 0
1.35285e-06 0
1.41254e-06 0
1.47486e-06 0
1.53993e-06 0
1.60787e-06 0
1.6788e-06 0
1.75287e-06 0
1.83021e-06 0
1.91095e-06 0
1.99526e-06 0
2.08329e-06 0
2.1752e-06 0
2.27117e-06 0
2.37137e-06 0
2.476e-06 0
2.58523e-06 0
2.69929e-06 0
2.81838e-06 0
2.94273e-06 0
3.07256e-06 0
3.20812e-06 0
3.34965e-06 0
3.49744e-06 0
3.65174e-06 0
3.81285e-06 0
3.98107e-06 0
4.15671e-06 0
4.3401e-06 0
4.53158e-06 0
4.73151e-06 0
4.94026e-06 0
5.15822e-06 0
5.3858e-06 0
5.62341e-06 0
5.87151e-06 0
6.13056e-06 0
6.40103e-06 0
6.68344e-06 0
6.97831e-06 0
7.28618e-06 0
7.60764e-06 0
7.94328e-06 0
8.29373e-06 0
8.65964e-06 0
9.0417e-06 0
9.44061e-06 0
9.85712e-06 0
1.0292e-05 0
1.07461e-05 0
1.12202e-05 0
1.17152e-05 0
1.22321e-05 0
1.27717e-05 0
1.33352e-05 0
1.39236e-05 0
1.45378e-05 0
1.51792e-05 0
1.58489e-05 0
1.65482e-05 0
1.72783e-05 0
1.80406e-05 0
1.88365e-05 0
1.96675e-05 0
2.05353e-05 0
2.14412e-05 0
2.23872e-05 0
2.33749e-05 0
2.44062e-05 0
2.5483e-05 0
2.66073e-05 0
2.77811e-05 0
2.90068e-05 0
3.02866e-05 0
3.16228e-05 0
3.30179e-05 0
3.44747e-05 0
3.59956e-05 0
3.75837e-05 0
3.92419e-05 0
4.09732e-05 0
4.27809e-05 0
4.46684e-05 0
4.66391e-05 0
4.86968e-05 0
5.08452e-05 0
5.30884e-05 0
5.54307e-05 0
5.78762e-05 0
6.04296e-05 0
6.30957e-05 0
6.58795e-05 0
6.8786e-05 0
7.18208e-05 0
7.49894e-05 0
7.82979e-05 0
8.17523e-05 0
8.53591e-05 0
8.91251e-05 0
9.30572e-05 0
9.71628e-05 0
0.00010145 0
0.000105925 0
0.000110599 0
0.000115478 0
0.000120573 0
0.000125893 0
0.000131447 0
0.000137246 0
0.000143301 0
0.000149624 0
0.000156225 0
0.000163117 0
0.000170314 0
0.000177828 0
0.000185674 0
0.000193865 0
0.000202418 0
0.000211349 0
0.000220673 0
0.000230409 0
0.000240575 0
0.000251189 0
0.000262271 0
0.000273842 0
0.000285924 0
0.000298538 0
0.000311709 0
0.000325462 0
0.000339821 0
0.000354813 0
0.000370467 0
0.000386812 0
0.000403878 0
0.000421697 0
0.000440301 0
0.000459727 0
0.00048001 0
0.000501187 0
0.000523299 0
0.000546387 0
0.000570493 0
0.000595662 0
0.000621942 0
0.000649382 0
0.000678032 0
0.000707946 0
0.00073918 0
0.000771792 117.748
0.000805842 0
0.000841395 0
0.000878517 0
0.000917276 0
0.000957745 0
0.001 0
0.00104412 0
0.00109018 0
0.00113828 0
0.0011885 0
0.00124094 0
0.00129569 0
0.00135285 0
0.00141254 0
0.00147486 0
0.00153993 0
0.00160787 0
0.0016788 0
0.00175287 0
0.00183021 0
0.00191095 0
0.00199526 0
0.00208329 0
0.0021752 0
0.00227117 0
0.00237137 0
0.002476 0
0.00258523 0
0.00269929 0
0.00281838 0
0.00294273 0
0.00307256 0
0.00320812 0
0.00334965 0
0.00349744 0
0.00365174 0
0.00381285 0
0.00398107 0
0.00415671 0
0.0043401 0
0.00453158 0
0.00473151 0
0.00494026 0
0.00515822 90.2378
0.0053858 0
0.00562341 0
0.00587151 0
0.00613056 0
0.00640103 0
0.00668344 0
0.00697831 0
0.00728618 0
0.00760764 0
0.00794328 0
0.00829373 0
0.00865964 0
0.0090417 0
0.00944061 0
0.00985712 0
0.010292 0
0.0107461 0
0.0112202 0
0.0117152 0
0.0122321 0
0.0127717 0
0.0133352 0
0.0139236 100.473
0.0145378 0
0.0151792 0
0.0158489 0
0.0165482 0
0.0172783 0
0.0180406 0
0.0188365 0
0.0196675 0
0.0205353 0
0.0214412 0
0.0223872 0
0.0233749 0
0.0244062 146.184
0.025483 101.031
0.0266073 30.3702
0.0277811 0
0.0290068 0
0.0302866 0
0.0316228 0
0.0330179 0
0.0344747 0
0.0359956 0
0.0375837 82.8978
0.0392419 0
0.0409732 77.9454
0.0427809 0
0.0446684 0
0.0466391 0
0.0486968 0
0.0508452 164.664
0.0530884 0
0.0554307 0
0.0578762 0
0.0604296 0
0.0630957 0
0.0658795 103.818
0.068786 92.9828
0.0718208 0
0.0749894 0
0.0782979 0
0.0817523 271.688
0.0853591 54.0168
0.0891251 97.1152
0.0930572 131.325
0.0971628 189.232
0.10145 29.6608
0.105925 372.932
0.110599 0
0.115478 72.753
0.120573 82.9123
0.125893 314.179
0.131447 224.26
0.137246 273.097
0.143301 209.232
0.149624 174.336
0.156225 183.407
0.163117 115.132
0.170314 464.423
0.177828 55.4202
0.185674 541.33
0.193865 0
0.202418 265.284
0.211349 447.512
0.220673 500.782
0.230409 221.358
0.240575 264.076
0.251189 398.5
0.262271 666.212
0.273842 906.034
0.285924 36.395
0.298538 422.853
0.311709 852.729
0.325462 519.568
0.339821 185.354
0.354813 1490.15
0.370467 563.204
0.386812 847.165
0.403878 206.044
0.421697 167.438
0.440301 482.379
0.459727 287.349
0.48001 568.299
0.501187 554.803
0.523299 522.067
0.546387 599.862
0.570493 769.357
0.595662 797.115
0.621942 1122.65
0.649382 1261.74
0.678032 909.626
0.707946 1366.58
0.73918 470.585
0.771792 748.589
0.805842 475.68
0.841395 988.095
0.878517 738.42
0.917276 1045.28
0.957745 1779.56
1 726.296
1.04412 529.269
1.09018 1067.26
1.13828 641.267
1.1885 954.34
1.24094 681.493
1.29569 725.555
1.35285 879.108
1.41254 456.42
1.47486 172.676
1.53993 869.972
1.60787 311.301
1.6788 494.919
1.75287 972.267
1.83021 356.121
1.91095 514.133
1.99526 407.563
2.08329 323.83
2.1752 229.868
2.27117 297.392
2.37137 470.388
2.476 355.219
2.58523 187.766
2.69929 431.91
2.81838 387.248
2.94273 91.5651
3.07256 545.292
3.20812 270.996
3.34965 114.076
3.49744 243.75
3.65174 107.281
3.81285 631.439
3.98107 285.425
4.15671 396.549
4.3401 217.615
4.53158 91.7219
4.73151 107.698
4.94026 438.344
5.15822 210.916
5.3858 236.165
5.62341 219.369
5.87151 114.658
6.13056 54.5348
6.40103 0
6.68344 186.342
6.97831 0
7.28618 171.729
7.60764 212.43
7.94328 0
8.29373 228.942
8.65964 215.353
9.0417 415.585
9.44061 206.155
9.85712 115.182
10.292 28.6281
10.7461 186.702
11.2202 171.151
11.7152 74.8512
12.2321 110.746
12.7717 168.593
13.3352 71.7105
13.9236 247.53
14.5378 414.193
15.1792 54.2723
15.8489 172.617
16.5482 118.497
17.2783 240.733
18.0406 234.36
18.8365 253.813
19.6675 107.439
20.5353 57.8535
21.4412 187.832
22.3872 109.063
23.3749 96.3322
24.4062 265.953
25.483 378.409
26.6073 225.63
27.7811 561.924
29.0068 358.645
30.2866 0
31.6228 632.492
33.0179 341.653
34.4747 114.996
35.9956 305.935
37.5837 330.783
39.2419 730.608
40.9732 378.581
42.7809 578.735
44.6684 416.358
46.6391 295.589
48.6968 471.493
50.8452 490.272
53.0884 855.506
55.4307 341.372
57.8762 291.25
60.4296 516.529
63.0957 630.088
65.8795 672.63
68.786 595.211
71.8208 597.402
74.9894 313.459
78.2979 442.183
81.7523 835.353
85.3591 491.272
89.1251 772.365
93.0572 453.969
97.1628 797.467
101.45 573.19
105.925 635.356
110.599 368.204
115.478 350.502
120.573 502.314
125.893 460.928
131.447 595.614
137.246 601.027
143.301 229.14
149.624 1012.13
156.225 396.47
163.117 366.58
170.314 268.256
177.828 111.305
185.674 472.165
193.865 304.072
202.418 704.742
211.349 834.938
220.673 252.371
230.409 311.392
240.575 356.448
251.189 284.71
262.271 372.169
273.842 0
285.924 109.668
298.538 161.352
311.709 36.7407
325.462 36.3837
339.821 18.636
354.813 204.018
370.467 93.6758
386.812 0
403.878 164.945
421.697 71.5284
440.301 0
459.727 0
480.01 0
501.187 0
523.299 0
546.387 0
570.493 0
595.662 0
621.942 0
649.382 0
678.032 0
707.946 0
739.18 0
771.792 0
805.842 0
841.395 0
878.517 0
917.276 0
957.745 0
1000 0
