# First line is two numbers 
#     First value is '2', it means 'histogram mode'
#     Second value is 'Emin' of the histogram
# Other lines : 2 columns. 1) energy 2) probability (nb divided by NbEvent)
# Number of bins = 480
# Content below the first bin: 0
# Content above the last  bin: 0
# Content above the last  bin: 0
# Number of events: 400000
2 1e-06
1.04412e-06 0
1.09018e-06 0
1.13828e-06 0
1.1885e-06 0
1.24094e-06 0
1.29569e-06 0
1.35285e-06 0
1.41254e-06 0
1.47486e-06 0
1.53993e-06 0
1.60787e-06 0
1.6788e-06 0
1.75287e-06 0
1.83021e-06 0
1.91095e-06 0
1.99526e-06 0
2.08329e-06 0
2.1752e-06 0
2.27117e-06 0
2.37137e-06 0
2.476e-06 0
2.58523e-06 0
2.69929e-06 0
2.81838e-06 0
2.94273e-06 0
3.07256e-06 0
3.20812e-06 0
3.34965e-06 0
3.49744e-06 0
3.65174e-06 0
3.81285e-06 0
3.98107e-06 0
4.15671e-06 0
4.3401e-06 0
4.53158e-06 0
4.73151e-06 0
4.94026e-06 0
5.15822e-06 0
5.3858e-06 0
5.62341e-06 0
5.87151e-06 0
6.13056e-06 0
6.40103e-06 0
6.68344e-06 0
6.97831e-06 0
7.28618e-06 0
7.60764e-06 0
7.94328e-06 0
8.29373e-06 0
8.65964e-06 0
9.0417e-06 0
9.44061e-06 0
9.85712e-06 0
1.0292e-05 0
1.07461e-05 0
1.12202e-05 0
1.17152e-05 0
1.22321e-05 0
1.27717e-05 0
1.33352e-05 0
1.39236e-05 0
1.45378e-05 0
1.51792e-05 0
1.58489e-05 0
1.65482e-05 0
1.72783e-05 0
1.80406e-05 0
1.88365e-05 0
1.96675e-05 0
2.05353e-05 0
2.14412e-05 0
2.23872e-05 0
2.33749e-05 0
2.44062e-05 0
2.5483e-05 0
2.66073e-05 0
2.77811e-05 0
2.90068e-05 0
3.02866e-05 0
3.16228e-05 0
3.30179e-05 0
3.44747e-05 0
3.59956e-05 0
3.75837e-05 0
3.92419e-05 0
4.09732e-05 0
4.27809e-05 0
4.46684e-05 0
4.66391e-05 0
4.86968e-05 0
5.08452e-05 0
5.30884e-05 0
5.54307e-05 0
5.78762e-05 0
6.04296e-05 0
6.30957e-05 0
6.58795e-05 0
6.8786e-05 0
7.18208e-05 0
7.49894e-05 0
7.82979e-05 0
8.17523e-05 0
8.53591e-05 0
8.91251e-05 0
9.30572e-05 0
9.71628e-05 0
0.00010145 0
0.000105925 0
0.000110599 0
0.000115478 0
0.000120573 0
0.000125893 0
0.000131447 0
0.000137246 0
0.000143301 0
0.000149624 0
0.000156225 0
0.000163117 0
0.000170314 0
0.000177828 0
0.000185674 0
0.000193865 0
0.000202418 0
0.000211349 0
0.000220673 0
0.000230409 0
0.000240575 0
0.000251189 0
0.000262271 0
0.000273842 0
0.000285924 0
0.000298538 0
0.000311709 0
0.000325462 0
0.000339821 0
0.000354813 0
0.000370467 0
0.000386812 0
0.000403878 0
0.000421697 0
0.000440301 0
0.000459727 0
0.00048001 0
0.000501187 0
0.000523299 0
0.000546387 0
0.000570493 0
0.000595662 0
0.000621942 0
0.000649382 0
0.000678032 0
0.000707946 0
0.00073918 0
0.000771792 0
0.000805842 0
0.000841395 0
0.000878517 0
0.000917276 0
0.000957745 0
0.001 0
0.00104412 0
0.00109018 0
0.00113828 0
0.0011885 0
0.00124094 0
0.00129569 0
0.00135285 0
0.00141254 0
0.00147486 0
0.00153993 0
0.00160787 0
0.0016788 0
0.00175287 0
0.00183021 0
0.00191095 0
0.00199526 0
0.00208329 0
0.0021752 0
0.00227117 0
0.00237137 0
0.002476 0
0.00258523 0
0.00269929 0
0.00281838 0
0.00294273 0
0.00307256 0
0.00320812 0
0.00334965 0
0.00349744 0
0.00365174 0
0.00381285 0
0.00398107 0
0.00415671 0
0.0043401 0
0.00453158 0
0.00473151 0
0.00494026 0
0.00515822 0
0.0053858 0
0.00562341 0
0.00587151 0
0.00613056 0
0.00640103 0
0.00668344 0
0.00697831 0
0.00728618 0
0.00760764 0
0.00794328 0
0.00829373 0
0.00865964 0
0.0090417 0
0.00944061 0
0.00985712 4.02562
0.010292 0
0.0107461 0
0.0112202 0
0.0117152 0
0.0122321 0
0.0127717 0
0.0133352 0
0.0139236 0
0.0145378 0
0.0151792 0
0.0158489 0
0.0165482 0
0.0172783 0
0.0180406 0
0.0188365 0
0.0196675 0
0.0205353 0
0.0214412 0
0.0223872 0
0.0233749 0
0.0244062 111.748
0.025483 360.387
0.0266073 119.82
0.0277811 113.216
0.0290068 0
0.0302866 0
0.0316228 0
0.0330179 0
0.0344747 0
0.0359956 0
0.0375837 0
0.0392419 0
0.0409732 0
0.0427809 0
0.0446684 0
0.0466391 179.513
0.0486968 0
0.0508452 0
0.0530884 101.103
0.0554307 118.22
0.0578762 0
0.0604296 0
0.0630957 0
0.0658795 120.146
0.068786 0
0.0718208 65.9956
0.0749894 0
0.0782979 0
0.0817523 294.833
0.0853591 244.764
0.0891251 0
0.0930572 0
0.0971628 197.987
0.10145 74.9719
0.105925 0
0.110599 95.5578
0.115478 105.175
0.120573 0
0.125893 80.5737
0.131447 106.29
0.137246 360.273
0.143301 224.446
0.149624 0
0.156225 0
0.163117 153.417
0.170314 413.506
0.177828 307.184
0.185674 288.241
0.193865 0
0.202418 227.54
0.211349 162.505
0.220673 334.98
0.230409 105.489
0.240575 268.11
0.251189 402.015
0.262271 290.919
0.273842 443.662
0.285924 136.071
0.298538 179.351
0.311709 912.229
0.325462 521.289
0.339821 587.298
0.354813 1250.58
0.370467 543.669
0.386812 791.064
0.403878 228.391
0.421697 277.546
0.440301 487.029
0.459727 512.075
0.48001 550.087
0.501187 1007.98
0.523299 419.598
0.546387 1208.94
0.570493 788.153
0.595662 454.077
0.621942 1786.02
0.649382 1860.34
0.678032 1062.63
0.707946 747.332
0.73918 1242.63
0.771792 395.703
0.805842 638.251
0.841395 720.878
0.878517 1433.44
0.917276 559.133
0.957745 1293.4
1 777.094
1.04412 364.309
1.09018 926.195
1.13828 834.979
1.1885 750.089
1.24094 547.576
1.29569 596.139
1.35285 585.146
1.41254 434.652
1.47486 590.135
1.53993 829.366
1.60787 227.012
1.6788 573.197
1.75287 741.614
1.83021 733.802
1.91095 134.415
1.99526 386.929
2.08329 589.682
2.1752 248.399
2.27117 337.165
2.37137 350.35
2.476 356.27
2.58523 192.631
2.69929 367.759
2.81838 565.295
2.94273 222.663
3.07256 681.44
3.20812 288.633
3.34965 440.891
3.49744 86.5672
3.65174 0
3.81285 132.646
3.98107 98.72
4.15671 303.657
4.3401 478.481
4.53158 145.408
4.73151 103.293
4.94026 278.807
5.15822 527.161
5.3858 135.503
5.62341 312.087
5.87151 211.334
6.13056 266.996
6.40103 108.211
6.68344 37.8595
6.97831 0
7.28618 101.596
7.60764 58.4965
7.94328 295.75
8.29373 0
8.65964 290.103
9.0417 224.748
9.44061 16.741
9.85712 84.1103
10.292 93.1925
10.7461 80.2364
11.2202 326.635
11.7152 111.346
12.2321 65.916
12.7717 0
13.3352 176.172
13.9236 226.394
14.5378 111.247
15.1792 348.072
15.8489 217.022
16.5482 263.955
17.2783 437.487
18.0406 328.955
18.8365 102.756
19.6675 202.817
20.5353 201.384
21.4412 272.212
22.3872 276.044
23.3749 161.293
24.4062 56.938
25.483 323.891
26.6073 45.6599
27.7811 463.81
29.0068 276.363
30.2866 90.1074
31.6228 525.97
33.0179 512.983
34.4747 397.763
35.9956 87.9994
37.5837 211.744
39.2419 306.006
40.9732 81.3778
42.7809 616.747
44.6684 444.836
46.6391 420.863
48.6968 511.166
50.8452 750.519
53.0884 816.085
55.4307 302.399
57.8762 522.63
60.4296 533.863
63.0957 94.457
65.8795 556.395
68.786 304.042
71.8208 768.083
74.9894 741.781
78.2979 661.011
81.7523 451.242
85.3591 633.738
89.1251 462.791
93.0572 904.34
97.1628 70.5687
101.45 631.773
105.925 622.278
110.599 417.709
115.478 336.658
120.573 54.8158
125.893 910.323
131.447 472.366
137.246 315.232
143.301 506.862
149.624 291.214
156.225 735.636
163.117 239.983
170.314 424.062
177.828 397.822
185.674 228.186
193.865 369.574
202.418 538.086
211.349 425.92
220.673 1058.06
230.409 574.889
240.575 940.057
251.189 58.6071
262.271 159.797
273.842 0
285.924 0
298.538 210.673
311.709 0
325.462 228.499
339.821 147.041
354.813 0
370.467 221.899
386.812 74.2896
403.878 0
421.697 0
440.301 61.9705
459.727 0
480.01 87.9234
501.187 0
523.299 0
546.387 0
570.493 0
595.662 0
621.942 0
649.382 0
678.032 0
707.946 0
739.18 0
771.792 0
805.842 0
841.395 0
878.517 0
917.276 0
957.745 0
1000 0
