# First line is two numbers 
#     First value is '2', it means 'histogram mode'
#     Second value is 'Emin' of the histogram
# Other lines : 2 columns. 1) energy 2) probability (nb divided by NbEvent)
# Number of bins = 480
# Content below the first bin: 0
# Content above the last  bin: 0
# Content above the last  bin: 0
# Number of events: 209000
2 1e-06
1.04412e-06 0
1.09018e-06 0
1.13828e-06 0
1.1885e-06 0
1.24094e-06 0
1.29569e-06 0
1.35285e-06 0
1.41254e-06 0
1.47486e-06 0
1.53993e-06 0
1.60787e-06 0
1.6788e-06 0
1.75287e-06 0
1.83021e-06 0
1.91095e-06 0
1.99526e-06 0
2.08329e-06 0
2.1752e-06 0
2.27117e-06 0
2.37137e-06 0
2.476e-06 0
2.58523e-06 0
2.69929e-06 0
2.81838e-06 0
2.94273e-06 0
3.07256e-06 0
3.20812e-06 0
3.34965e-06 0
3.49744e-06 0
3.65174e-06 0
3.81285e-06 0
3.98107e-06 0
4.15671e-06 0
4.3401e-06 0
4.53158e-06 0
4.73151e-06 0
4.94026e-06 0
5.15822e-06 0
5.3858e-06 0
5.62341e-06 0
5.87151e-06 0
6.13056e-06 0
6.40103e-06 0
6.68344e-06 0
6.97831e-06 0
7.28618e-06 0
7.60764e-06 0
7.94328e-06 0
8.29373e-06 0
8.65964e-06 0
9.0417e-06 0
9.44061e-06 0
9.85712e-06 0
1.0292e-05 0
1.07461e-05 0
1.12202e-05 0
1.17152e-05 0
1.22321e-05 0
1.27717e-05 0
1.33352e-05 0
1.39236e-05 0
1.45378e-05 0
1.51792e-05 0
1.58489e-05 0
1.65482e-05 0
1.72783e-05 0
1.80406e-05 0
1.88365e-05 0
1.96675e-05 0
2.05353e-05 0
2.14412e-05 0
2.23872e-05 0
2.33749e-05 0
2.44062e-05 0
2.5483e-05 0
2.66073e-05 0
2.77811e-05 0
2.90068e-05 0
3.02866e-05 0
3.16228e-05 0
3.30179e-05 0
3.44747e-05 0
3.59956e-05 0
3.75837e-05 0
3.92419e-05 0
4.09732e-05 0
4.27809e-05 0
4.46684e-05 0
4.66391e-05 0
4.86968e-05 0
5.08452e-05 0
5.30884e-05 0
5.54307e-05 0
5.78762e-05 0
6.04296e-05 0
6.30957e-05 0
6.58795e-05 0
6.8786e-05 0
7.18208e-05 0
7.49894e-05 0
7.82979e-05 0
8.17523e-05 0
8.53591e-05 0
8.91251e-05 0
9.30572e-05 0
9.71628e-05 0
0.00010145 0
0.000105925 0
0.000110599 0
0.000115478 0
0.000120573 0
0.000125893 0
0.000131447 0
0.000137246 0
0.000143301 0
0.000149624 0
0.000156225 0
0.000163117 0
0.000170314 0
0.000177828 0
0.000185674 0
0.000193865 0
0.000202418 0
0.000211349 0
0.000220673 0
0.000230409 0
0.000240575 0
0.000251189 0
0.000262271 0
0.000273842 0
0.000285924 0
0.000298538 0
0.000311709 0
0.000325462 0
0.000339821 0
0.000354813 0
0.000370467 0
0.000386812 0
0.000403878 0
0.000421697 0
0.000440301 0
0.000459727 0
0.00048001 0
0.000501187 118.051
0.000523299 0
0.000546387 0
0.000570493 0
0.000595662 0
0.000621942 0
0.000649382 0
0.000678032 0
0.000707946 0
0.00073918 0
0.000771792 0
0.000805842 0
0.000841395 0
0.000878517 0
0.000917276 0
0.000957745 0
0.001 0
0.00104412 0
0.00109018 0
0.00113828 0
0.0011885 0
0.00124094 0
0.00129569 0
0.00135285 0
0.00141254 0
0.00147486 0
0.00153993 0
0.00160787 0
0.0016788 80.6473
0.00175287 0
0.00183021 0
0.00191095 0
0.00199526 0
0.00208329 0
0.0021752 0
0.00227117 0
0.00237137 105.962
0.002476 0
0.00258523 0
0.00269929 0
0.00281838 0
0.00294273 0
0.00307256 0
0.00320812 53.96
0.00334965 0
0.00349744 0
0.00365174 0
0.00381285 0
0.00398107 0
0.00415671 110.148
0.0043401 0
0.00453158 0
0.00473151 0
0.00494026 0
0.00515822 91.7102
0.0053858 0
0.00562341 0
0.00587151 182.794
0.00613056 0
0.00640103 37.8514
0.00668344 166.04
0.00697831 0
0.00728618 199.641
0.00760764 0
0.00794328 0
0.00829373 0
0.00865964 337.179
0.0090417 112.817
0.00944061 72.288
0.00985712 72.3294
0.010292 75.716
0.0107461 124.729
0.0112202 79.2149
0.0117152 0
0.0122321 0
0.0127717 0
0.0133352 106.349
0.0139236 98.9441
0.0145378 0
0.0151792 63.7004
0.0158489 38.1745
0.0165482 93.3061
0.0172783 392.138
0.0180406 168.12
0.0188365 223.174
0.0196675 161.028
0.0205353 263.212
0.0214412 155.478
0.0223872 374.705
0.0233749 176.352
0.0244062 298.629
0.025483 295.741
0.0266073 314.674
0.0277811 202.143
0.0290068 55.8772
0.0302866 422.345
0.0316228 229.695
0.0330179 561.222
0.0344747 517.667
0.0359956 233.686
0.0375837 254.417
0.0392419 316.092
0.0409732 921.852
0.0427809 202.252
0.0446684 844.352
0.0466391 495.974
0.0486968 545.752
0.0508452 752.396
0.0530884 626.71
0.0554307 505.571
0.0578762 656.329
0.0604296 981.177
0.0630957 880.055
0.0658795 956.527
0.068786 1254.8
0.0718208 1720.97
0.0749894 1232.1
0.0782979 1729.88
0.0817523 1601
0.0853591 1645.02
0.0891251 1448.27
0.0930572 1691.36
0.0971628 1796.11
0.10145 1124.53
0.105925 1890.27
0.110599 766.75
0.115478 2238.93
0.120573 1927.48
0.125893 1236.62
0.131447 1964.83
0.137246 2380.35
0.143301 2467.28
0.149624 3520.81
0.156225 2530.68
0.163117 1635.01
0.170314 2578.13
0.177828 1973.44
0.185674 2920.97
0.193865 2508.07
0.202418 2676.64
0.211349 3044.37
0.220673 2080.86
0.230409 3572.76
0.240575 2618.88
0.251189 3338.4
0.262271 3208.51
0.273842 2868.84
0.285924 4103.54
0.298538 2837.94
0.311709 2865.86
0.325462 3821.99
0.339821 3855.11
0.354813 3735.91
0.370467 3158.3
0.386812 3210.52
0.403878 4105.34
0.421697 3216.57
0.440301 3350.98
0.459727 4089.34
0.48001 3445.17
0.501187 3787.28
0.523299 3651.43
0.546387 3483.27
0.570493 3335.28
0.595662 4433.72
0.621942 3529.57
0.649382 5058.26
0.678032 3913.26
0.707946 3621.53
0.73918 3637.96
0.771792 3168.73
0.805842 3315.24
0.841395 2703.78
0.878517 2532.69
0.917276 3378.3
0.957745 3289.11
1 2439.35
1.04412 2551.71
1.09018 3336.05
1.13828 2351.92
1.1885 2333.54
1.24094 2131.17
1.29569 2309.13
1.35285 1827.99
1.41254 1179.96
1.47486 1137.31
1.53993 1277.22
1.60787 1571.22
1.6788 2047.57
1.75287 1232.71
1.83021 1104.92
1.91095 1162.95
1.99526 1162.79
2.08329 1538.33
2.1752 1359.23
2.27117 1124.68
2.37137 1065.78
2.476 1518.1
2.58523 842.101
2.69929 1162.71
2.81838 768.754
2.94273 709.548
3.07256 1125.03
3.20812 1549.69
3.34965 468.002
3.49744 1124.69
3.65174 579.941
3.81285 703.293
3.98107 505.756
4.15671 511.649
4.3401 543.316
4.53158 1153.39
4.73151 851.106
4.94026 711.473
5.15822 848.496
5.3858 1030.03
5.62341 618.584
5.87151 457.629
6.13056 569.302
6.40103 688.594
6.68344 327.398
6.97831 376.937
7.28618 261.688
7.60764 444.065
7.94328 790.055
8.29373 373.043
8.65964 283.947
9.0417 799.292
9.44061 821.041
9.85712 347.853
10.292 582.973
10.7461 44.0989
11.2202 410.464
11.7152 310.109
12.2321 622.827
12.7717 424.356
13.3352 443.917
13.9236 175.281
14.5378 500.952
15.1792 947.589
15.8489 579.515
16.5482 288.918
17.2783 542.04
18.0406 217.219
18.8365 534.23
19.6675 354.316
20.5353 851.636
21.4412 881.469
22.3872 541.208
23.3749 364.907
24.4062 475.982
25.483 470.35
26.6073 315.136
27.7811 542.005
29.0068 471.584
30.2866 545.059
31.6228 841.993
33.0179 596.467
34.4747 417.199
35.9956 549.898
37.5837 559.099
39.2419 501.472
40.9732 603.688
42.7809 694.416
44.6684 789.253
46.6391 547.414
48.6968 560.494
50.8452 593.317
53.0884 804.783
55.4307 590.387
57.8762 833.397
60.4296 1052.9
63.0957 733.388
65.8795 607.279
68.786 1303.37
71.8208 1000.65
74.9894 970.063
78.2979 1319.2
81.7523 1244.33
85.3591 798.019
89.1251 1165.13
93.0572 1379.01
97.1628 1165.55
101.45 1245.84
105.925 803.596
110.599 1127.16
115.478 1255.96
120.573 2013.42
125.893 1448.89
131.447 1116.45
137.246 1532.51
143.301 1046.7
149.624 1091.2
156.225 1943.61
163.117 1722.74
170.314 2001.71
177.828 1548.69
185.674 1522.06
193.865 2096.84
202.418 2217.92
211.349 2334.85
220.673 1845.03
230.409 2389.51
240.575 2651.78
251.189 2606.71
262.271 3065.44
273.842 4434.55
285.924 3298.57
298.538 4039.49
311.709 4301.84
325.462 5216.56
339.821 6332.85
354.813 4639.27
370.467 5658.67
386.812 4630.31
403.878 5302.81
421.697 2670.27
440.301 2474.08
459.727 2033.76
480.01 1529.43
501.187 829.319
523.299 852.908
546.387 707.149
570.493 735.763
595.662 205.921
621.942 112.259
649.382 0
678.032 114.916
707.946 0
739.18 98.3961
771.792 265.289
805.842 41.3971
841.395 20.6937
878.517 118.761
917.276 0
957.745 94.9636
1000 0
