# First line is two numbers 
#     First value is '2', it means 'histogram mode'
#     Second value is 'Emin' of the histogram
# Other lines : 2 columns. 1) energy 2) probability (nb divided by NbEvent)
# Number of bins = 480
# Content below the first bin: 0
# Content above the last  bin: 0
# Content above the last  bin: 0
# Number of events: 400000
2 1e-06
1.04412e-06 0
1.09018e-06 0
1.13828e-06 0
1.1885e-06 0
1.24094e-06 0
1.29569e-06 0
1.35285e-06 0
1.41254e-06 0
1.47486e-06 0
1.53993e-06 0
1.60787e-06 0
1.6788e-06 0
1.75287e-06 0
1.83021e-06 0
1.91095e-06 0
1.99526e-06 0
2.08329e-06 0
2.1752e-06 0
2.27117e-06 0
2.37137e-06 0
2.476e-06 0
2.58523e-06 0
2.69929e-06 0
2.81838e-06 0
2.94273e-06 0
3.07256e-06 0
3.20812e-06 0
3.34965e-06 0
3.49744e-06 0
3.65174e-06 0
3.81285e-06 0
3.98107e-06 0
4.15671e-06 0
4.3401e-06 0
4.53158e-06 0
4.73151e-06 0
4.94026e-06 0
5.15822e-06 0
5.3858e-06 0
5.62341e-06 0
5.87151e-06 0
6.13056e-06 0
6.40103e-06 0
6.68344e-06 0
6.97831e-06 0
7.28618e-06 0
7.60764e-06 0
7.94328e-06 0
8.29373e-06 0
8.65964e-06 0
9.0417e-06 0
9.44061e-06 0
9.85712e-06 0
1.0292e-05 0
1.07461e-05 0
1.12202e-05 0
1.17152e-05 0
1.22321e-05 0
1.27717e-05 0
1.33352e-05 0
1.39236e-05 0
1.45378e-05 0
1.51792e-05 0
1.58489e-05 0
1.65482e-05 0
1.72783e-05 0
1.80406e-05 0
1.88365e-05 0
1.96675e-05 0
2.05353e-05 0
2.14412e-05 0
2.23872e-05 0
2.33749e-05 0
2.44062e-05 0
2.5483e-05 0
2.66073e-05 0
2.77811e-05 0
2.90068e-05 0
3.02866e-05 0
3.16228e-05 0
3.30179e-05 0
3.44747e-05 0
3.59956e-05 0
3.75837e-05 0
3.92419e-05 0
4.09732e-05 0
4.27809e-05 0
4.46684e-05 0
4.66391e-05 0
4.86968e-05 0
5.08452e-05 0
5.30884e-05 0
5.54307e-05 0
5.78762e-05 0
6.04296e-05 0
6.30957e-05 0
6.58795e-05 0
6.8786e-05 0
7.18208e-05 0
7.49894e-05 0
7.82979e-05 0
8.17523e-05 0
8.53591e-05 0
8.91251e-05 0
9.30572e-05 0
9.71628e-05 0
0.00010145 0
0.000105925 0
0.000110599 0
0.000115478 0
0.000120573 0
0.000125893 0
0.000131447 0
0.000137246 0
0.000143301 0
0.000149624 0
0.000156225 0
0.000163117 0
0.000170314 0
0.000177828 0
0.000185674 0
0.000193865 0
0.000202418 0
0.000211349 0
0.000220673 0
0.000230409 0
0.000240575 0
0.000251189 0
0.000262271 0
0.000273842 0
0.000285924 0
0.000298538 0
0.000311709 0
0.000325462 0
0.000339821 0
0.000354813 0
0.000370467 0
0.000386812 0
0.000403878 0
0.000421697 0
0.000440301 0
0.000459727 0
0.00048001 0
0.000501187 0
0.000523299 0
0.000546387 0
0.000570493 0
0.000595662 0
0.000621942 0
0.000649382 0
0.000678032 0
0.000707946 0
0.00073918 93.5717
0.000771792 90.7414
0.000805842 0
0.000841395 0
0.000878517 0
0.000917276 0
0.000957745 0
0.001 0
0.00104412 0
0.00109018 0
0.00113828 0
0.0011885 0
0.00124094 0
0.00129569 0
0.00135285 0
0.00141254 0
0.00147486 0
0.00153993 0
0.00160787 0
0.0016788 0
0.00175287 0
0.00183021 0
0.00191095 0
0.00199526 0
0.00208329 0
0.0021752 0
0.00227117 0
0.00237137 0
0.002476 0
0.00258523 0
0.00269929 0
0.00281838 0
0.00294273 0
0.00307256 0
0.00320812 0
0.00334965 0
0.00349744 0
0.00365174 0
0.00381285 0
0.00398107 0
0.00415671 0
0.0043401 0
0.00453158 0
0.00473151 0
0.00494026 0
0.00515822 0
0.0053858 0
0.00562341 0
0.00587151 0
0.00613056 0
0.00640103 0
0.00668344 0
0.00697831 0
0.00728618 0
0.00760764 0
0.00794328 0
0.00829373 0
0.00865964 0
0.0090417 0
0.00944061 0
0.00985712 0
0.010292 0
0.0107461 0
0.0112202 0
0.0117152 0
0.0122321 0
0.0127717 0
0.0133352 0
0.0139236 0
0.0145378 0
0.0151792 0
0.0158489 0
0.0165482 0
0.0172783 0
0.0180406 0
0.0188365 0
0.0196675 0
0.0205353 0
0.0214412 93.7805
0.0223872 0
0.0233749 0
0.0244062 0
0.025483 235.786
0.0266073 51.926
0.0277811 0
0.0290068 0
0.0302866 0
0.0316228 0
0.0330179 0
0.0344747 0
0.0359956 0
0.0375837 107.438
0.0392419 0
0.0409732 0
0.0427809 0
0.0446684 0
0.0466391 0
0.0486968 0
0.0508452 0
0.0530884 0
0.0554307 144.647
0.0578762 98.1177
0.0604296 0
0.0630957 0
0.0658795 0
0.068786 156.447
0.0718208 0
0.0749894 63.025
0.0782979 0
0.0817523 167.967
0.0853591 0
0.0891251 0
0.0930572 107.99
0.0971628 189.373
0.10145 0
0.105925 84.1619
0.110599 0
0.115478 118.626
0.120573 127.562
0.125893 529.31
0.131447 336.782
0.137246 371.81
0.143301 33.1808
0.149624 0
0.156225 73.5901
0.163117 110.482
0.170314 110.284
0.177828 77.0985
0.185674 509.928
0.193865 0
0.202418 93.4926
0.211349 159.766
0.220673 189.69
0.230409 191.753
0.240575 85.5468
0.251189 580.415
0.262271 72.872
0.273842 171.593
0.285924 61.3482
0.298538 414.009
0.311709 672.459
0.325462 244.292
0.339821 270.993
0.354813 501.677
0.370467 412.49
0.386812 290.363
0.403878 213.688
0.421697 424.784
0.440301 133.968
0.459727 139.543
0.48001 850.864
0.501187 1008.36
0.523299 556.821
0.546387 774.415
0.570493 509.643
0.595662 304.098
0.621942 1183.16
0.649382 1195.22
0.678032 1091.54
0.707946 457.571
0.73918 314.619
0.771792 46.2811
0.805842 528.191
0.841395 358.061
0.878517 342.839
0.917276 930.222
0.957745 232.988
1 406.066
1.04412 559.343
1.09018 146.843
1.13828 245.072
1.1885 740.911
1.24094 721.147
1.29569 397.796
1.35285 623.878
1.41254 266.633
1.47486 91.8824
1.53993 454.64
1.60787 479.118
1.6788 335.571
1.75287 584.915
1.83021 526.575
1.91095 343.306
1.99526 324.753
2.08329 257.178
2.1752 407.691
2.27117 182.479
2.37137 274.138
2.476 420.629
2.58523 214.716
2.69929 407.28
2.81838 112.3
2.94273 273.584
3.07256 102.736
3.20812 126.328
3.34965 657.298
3.49744 149.125
3.65174 326.943
3.81285 0
3.98107 403.588
4.15671 99.5903
4.3401 212.496
4.53158 102.224
4.73151 228.276
4.94026 350.736
5.15822 104.912
5.3858 136.399
5.62341 133.829
5.87151 94.9142
6.13056 184.266
6.40103 118.534
6.68344 274.745
6.97831 296.952
7.28618 197.642
7.60764 0
7.94328 202.6
8.29373 17.1152
8.65964 27.9792
9.0417 0
9.44061 134.328
9.85712 0
10.292 142.259
10.7461 306.376
11.2202 0
11.7152 49.5433
12.2321 0
12.7717 0
13.3352 222.773
13.9236 17.0567
14.5378 240.694
15.1792 142.873
15.8489 263.021
16.5482 108.502
17.2783 267.457
18.0406 41.4946
18.8365 153.82
19.6675 128.995
20.5353 50.4361
21.4412 259.5
22.3872 222.982
23.3749 49.9541
24.4062 246.122
25.483 195.557
26.6073 240.893
27.7811 430.612
29.0068 284.754
30.2866 185.033
31.6228 172.775
33.0179 162.556
34.4747 356.39
35.9956 121.237
37.5837 263.147
39.2419 213.53
40.9732 145.24
42.7809 488.957
44.6684 205.765
46.6391 191.733
48.6968 381.133
50.8452 163.762
53.0884 437.141
55.4307 541.467
57.8762 122.565
60.4296 381.877
63.0957 690.744
65.8795 162.335
68.786 400.816
71.8208 285.466
74.9894 292.025
78.2979 290.67
81.7523 227.415
85.3591 808.632
89.1251 815.476
93.0572 858.185
97.1628 380.208
101.45 594.411
105.925 699.733
110.599 505.23
115.478 524.301
120.573 1193.08
125.893 638.891
131.447 1265.26
137.246 1086.84
143.301 798.558
149.624 2699.18
156.225 1464.62
163.117 1135.08
170.314 1617.54
177.828 1359.77
185.674 2608.94
193.865 2444.5
202.418 2039.19
211.349 1899.78
220.673 2816.18
230.409 2541.77
240.575 2692.53
251.189 3567.61
262.271 2743.98
273.842 3850.76
285.924 2986.71
298.538 3924.65
311.709 1445.64
325.462 2252.55
339.821 1484.09
354.813 1221.98
370.467 361.994
386.812 1157.21
403.878 862.237
421.697 179.213
440.301 303.211
459.727 223.691
480.01 211.873
501.187 182.655
523.299 0
546.387 69.0492
570.493 0
595.662 203.655
621.942 0
649.382 0
678.032 0
707.946 0
739.18 0
771.792 0
805.842 0
841.395 0
878.517 0
917.276 0
957.745 0
1000 0
