# First line is two numbers 
#     First value is '2', it means 'histogram mode'
#     Second value is 'Emin' of the histogram
# Other lines : 2 columns. 1) energy 2) probability (nb divided by NbEvent)
# Number of bins = 480
# Content below the first bin: 0
# Content above the last  bin: 0
# Content above the last  bin: 0
# Number of events: 209000
2 1e-06
1.04412e-06 0
1.09018e-06 0
1.13828e-06 0
1.1885e-06 0
1.24094e-06 0
1.29569e-06 0
1.35285e-06 0
1.41254e-06 0
1.47486e-06 0
1.53993e-06 0
1.60787e-06 0
1.6788e-06 0
1.75287e-06 0
1.83021e-06 0
1.91095e-06 0
1.99526e-06 0
2.08329e-06 0
2.1752e-06 0
2.27117e-06 0
2.37137e-06 0
2.476e-06 0
2.58523e-06 0
2.69929e-06 0
2.81838e-06 0
2.94273e-06 0
3.07256e-06 0
3.20812e-06 0
3.34965e-06 0
3.49744e-06 0
3.65174e-06 0
3.81285e-06 0
3.98107e-06 0
4.15671e-06 0
4.3401e-06 0
4.53158e-06 0
4.73151e-06 0
4.94026e-06 0
5.15822e-06 0
5.3858e-06 0
5.62341e-06 0
5.87151e-06 0
6.13056e-06 0
6.40103e-06 0
6.68344e-06 0
6.97831e-06 0
7.28618e-06 0
7.60764e-06 0
7.94328e-06 0
8.29373e-06 0
8.65964e-06 0
9.0417e-06 0
9.44061e-06 0
9.85712e-06 0
1.0292e-05 0
1.07461e-05 0
1.12202e-05 0
1.17152e-05 0
1.22321e-05 0
1.27717e-05 0
1.33352e-05 0
1.39236e-05 0
1.45378e-05 0
1.51792e-05 0
1.58489e-05 0
1.65482e-05 0
1.72783e-05 0
1.80406e-05 0
1.88365e-05 0
1.96675e-05 0
2.05353e-05 0
2.14412e-05 0
2.23872e-05 0
2.33749e-05 0
2.44062e-05 0
2.5483e-05 0
2.66073e-05 0
2.77811e-05 0
2.90068e-05 0
3.02866e-05 0
3.16228e-05 0
3.30179e-05 0
3.44747e-05 0
3.59956e-05 0
3.75837e-05 0
3.92419e-05 0
4.09732e-05 0
4.27809e-05 0
4.46684e-05 0
4.66391e-05 0
4.86968e-05 0
5.08452e-05 0
5.30884e-05 0
5.54307e-05 0
5.78762e-05 0
6.04296e-05 0
6.30957e-05 0
6.58795e-05 0
6.8786e-05 0
7.18208e-05 0
7.49894e-05 0
7.82979e-05 0
8.17523e-05 0
8.53591e-05 0
8.91251e-05 0
9.30572e-05 0
9.71628e-05 0
0.00010145 0
0.000105925 0
0.000110599 0
0.000115478 0
0.000120573 0
0.000125893 0
0.000131447 0
0.000137246 0
0.000143301 0
0.000149624 0
0.000156225 0
0.000163117 0
0.000170314 0
0.000177828 0
0.000185674 0
0.000193865 0
0.000202418 0
0.000211349 0
0.000220673 0
0.000230409 0
0.000240575 0
0.000251189 0
0.000262271 0
0.000273842 0
0.000285924 0
0.000298538 0
0.000311709 0
0.000325462 0
0.000339821 0
0.000354813 0
0.000370467 0
0.000386812 0
0.000403878 0
0.000421697 0
0.000440301 0
0.000459727 0
0.00048001 0
0.000501187 0
0.000523299 0
0.000546387 0
0.000570493 0
0.000595662 0
0.000621942 0
0.000649382 0
0.000678032 0
0.000707946 0
0.00073918 0
0.000771792 0
0.000805842 0
0.000841395 0
0.000878517 0
0.000917276 0
0.000957745 0
0.001 0
0.00104412 0
0.00109018 0
0.00113828 0
0.0011885 0
0.00124094 0
0.00129569 0
0.00135285 0
0.00141254 0
0.00147486 0
0.00153993 0
0.00160787 0
0.0016788 0
0.00175287 85.3568
0.00183021 0
0.00191095 0
0.00199526 0
0.00208329 0
0.0021752 0
0.00227117 0
0.00237137 0
0.002476 0
0.00258523 0
0.00269929 0
0.00281838 0
0.00294273 0
0.00307256 60.2869
0.00320812 0
0.00334965 0
0.00349744 0
0.00365174 0
0.00381285 119.303
0.00398107 0
0.00415671 0
0.0043401 0
0.00453158 0
0.00473151 0
0.00494026 0
0.00515822 0
0.0053858 0
0.00562341 0
0.00587151 0
0.00613056 24.7279
0.00640103 0
0.00668344 71.544
0.00697831 0
0.00728618 73.1656
0.00760764 0
0.00794328 0
0.00829373 0
0.00865964 82.8036
0.0090417 0
0.00944061 0
0.00985712 231.451
0.010292 0
0.0107461 98.143
0.0112202 106.439
0.0117152 0
0.0122321 0
0.0127717 0
0.0133352 0
0.0139236 85.7194
0.0145378 140.157
0.0151792 73.4068
0.0158489 211.253
0.0165482 156.378
0.0172783 284.709
0.0180406 153.641
0.0188365 184.8
0.0196675 83.7203
0.0205353 150.566
0.0214412 0
0.0223872 66.9982
0.0233749 376.668
0.0244062 305.066
0.025483 82.6672
0.0266073 217.136
0.0277811 221.856
0.0290068 83.1137
0.0302866 266.989
0.0316228 594.735
0.0330179 118.687
0.0344747 554.116
0.0359956 605.875
0.0375837 146.383
0.0392419 520.578
0.0409732 745.899
0.0427809 461.325
0.0446684 923.042
0.0466391 446.465
0.0486968 638.554
0.0508452 694.787
0.0530884 514.301
0.0554307 1045.3
0.0578762 732.939
0.0604296 853.952
0.0630957 867.728
0.0658795 997.581
0.068786 1066.02
0.0718208 975.486
0.0749894 1129.38
0.0782979 1895.13
0.0817523 1129.22
0.0853591 842.902
0.0891251 1103.56
0.0930572 1140.5
0.0971628 1468.04
0.10145 1851.08
0.105925 1359.25
0.110599 1337.3
0.115478 1726.93
0.120573 1721.89
0.125893 1732.93
0.131447 1917.99
0.137246 1753.68
0.143301 2472.71
0.149624 1690.19
0.156225 2081.18
0.163117 1791.1
0.170314 2015.9
0.177828 2142.81
0.185674 1585.31
0.193865 1586.83
0.202418 1794.11
0.211349 2237.76
0.220673 2347.76
0.230409 2239.35
0.240575 2289.33
0.251189 2846.56
0.262271 2102.08
0.273842 1739.04
0.285924 1884.78
0.298538 2633.8
0.311709 2876.72
0.325462 1480.03
0.339821 2241.41
0.354813 3081.92
0.370467 1495.15
0.386812 2095.38
0.403878 2638.51
0.421697 1734.08
0.440301 2569.45
0.459727 2074.92
0.48001 2064.77
0.501187 3167.56
0.523299 2182.73
0.546387 2419.09
0.570493 2402.09
0.595662 2628.06
0.621942 1357.81
0.649382 2017.66
0.678032 2391.99
0.707946 1731.43
0.73918 1631.09
0.771792 1388.58
0.805842 1432.99
0.841395 1630.08
0.878517 1617.24
0.917276 1043.85
0.957745 1548.37
1 2124.61
1.04412 1234.61
1.09018 1790.02
1.13828 1149.3
1.1885 1148.97
1.24094 1374.87
1.29569 1022.61
1.35285 1450.68
1.41254 1052.6
1.47486 1063.66
1.53993 870.082
1.60787 1149.6
1.6788 485.855
1.75287 511.573
1.83021 484.247
1.91095 931.331
1.99526 1048.16
2.08329 677.1
2.1752 539.771
2.27117 587.19
2.37137 613.982
2.476 446.814
2.58523 783.567
2.69929 415.538
2.81838 399.27
2.94273 611.315
3.07256 396.213
3.20812 476.325
3.34965 372.668
3.49744 611.927
3.65174 322.681
3.81285 561.33
3.98107 712.827
4.15671 352.688
4.3401 291.063
4.53158 705.082
4.73151 496.319
4.94026 263.481
5.15822 606.69
5.3858 363.504
5.62341 0
5.87151 373.005
6.13056 691.21
6.40103 159.306
6.68344 96.5798
6.97831 391.287
7.28618 77.1075
7.60764 87.1871
7.94328 109.194
8.29373 84.5939
8.65964 166.436
9.0417 173.645
9.44061 201.699
9.85712 186.709
10.292 264.718
10.7461 200.511
11.2202 278.864
11.7152 448.766
12.2321 311.322
12.7717 0
13.3352 186.172
13.9236 64.2647
14.5378 167.766
15.1792 133.97
15.8489 72.8345
16.5482 328.346
17.2783 237.007
18.0406 118.15
18.8365 58.9511
19.6675 496.968
20.5353 118.837
21.4412 422.248
22.3872 102.989
23.3749 294.417
24.4062 162.91
25.483 116.726
26.6073 180.79
27.7811 694.234
29.0068 105.706
30.2866 98.7034
31.6228 94.0761
33.0179 163.564
34.4747 183.354
35.9956 216.154
37.5837 199.431
39.2419 450.888
40.9732 471.512
42.7809 141.911
44.6684 257.086
46.6391 363.209
48.6968 253.617
50.8452 464.486
53.0884 448.745
55.4307 525.281
57.8762 397.882
60.4296 235.149
63.0957 216.452
65.8795 695.328
68.786 165.324
71.8208 615.322
74.9894 890.568
78.2979 184.249
81.7523 255.947
85.3591 549.934
89.1251 472.871
93.0572 373.044
97.1628 433.494
101.45 308.164
105.925 412.147
110.599 232.839
115.478 668.528
120.573 244.5
125.893 627.108
131.447 582.595
137.246 436.004
143.301 545.162
149.624 500.437
156.225 537.429
163.117 388.599
170.314 226.789
177.828 740.186
185.674 0
193.865 374.065
202.418 763.932
211.349 442.019
220.673 623.957
230.409 216.93
240.575 399.862
251.189 201.693
262.271 277.135
273.842 520.936
285.924 246.004
298.538 699.526
311.709 258.164
325.462 595.884
339.821 299.377
354.813 187.079
370.467 199.481
386.812 0
403.878 0
421.697 0
440.301 0
459.727 219.514
480.01 102.808
501.187 172.923
523.299 0
546.387 0
570.493 0
595.662 114.028
621.942 0
649.382 0
678.032 92.0789
707.946 0
739.18 0
771.792 0
805.842 0
841.395 85.3236
878.517 0
917.276 0
957.745 0
1000 0
