# First line is two numbers 
#     First value is '2', it means 'histogram mode'
#     Second value is 'Emin' of the histogram
# Other lines : 2 columns. 1) energy 2) probability (nb divided by NbEvent)
# Number of bins = 480
# Content below the first bin: 0
# Content above the last  bin: 0
# Content above the last  bin: 0
# Number of events: 209000
2 1e-06
1.04412e-06 0
1.09018e-06 0
1.13828e-06 0
1.1885e-06 0
1.24094e-06 0
1.29569e-06 0
1.35285e-06 0
1.41254e-06 0
1.47486e-06 0
1.53993e-06 0
1.60787e-06 0
1.6788e-06 0
1.75287e-06 0
1.83021e-06 0
1.91095e-06 0
1.99526e-06 0
2.08329e-06 0
2.1752e-06 0
2.27117e-06 0
2.37137e-06 0
2.476e-06 0
2.58523e-06 0
2.69929e-06 0
2.81838e-06 0
2.94273e-06 0
3.07256e-06 0
3.20812e-06 0
3.34965e-06 0
3.49744e-06 0
3.65174e-06 0
3.81285e-06 0
3.98107e-06 0
4.15671e-06 0
4.3401e-06 0
4.53158e-06 0
4.73151e-06 0
4.94026e-06 0
5.15822e-06 0
5.3858e-06 0
5.62341e-06 0
5.87151e-06 0
6.13056e-06 0
6.40103e-06 0
6.68344e-06 0
6.97831e-06 0
7.28618e-06 0
7.60764e-06 0
7.94328e-06 0
8.29373e-06 0
8.65964e-06 0
9.0417e-06 0
9.44061e-06 0
9.85712e-06 0
1.0292e-05 0
1.07461e-05 0
1.12202e-05 0
1.17152e-05 0
1.22321e-05 0
1.27717e-05 0
1.33352e-05 0
1.39236e-05 0
1.45378e-05 0
1.51792e-05 0
1.58489e-05 0
1.65482e-05 0
1.72783e-05 0
1.80406e-05 0
1.88365e-05 0
1.96675e-05 0
2.05353e-05 0
2.14412e-05 0
2.23872e-05 0
2.33749e-05 0
2.44062e-05 0
2.5483e-05 0
2.66073e-05 0
2.77811e-05 0
2.90068e-05 0
3.02866e-05 0
3.16228e-05 0
3.30179e-05 0
3.44747e-05 0
3.59956e-05 0
3.75837e-05 0
3.92419e-05 0
4.09732e-05 0
4.27809e-05 0
4.46684e-05 0
4.66391e-05 0
4.86968e-05 0
5.08452e-05 0
5.30884e-05 0
5.54307e-05 0
5.78762e-05 0
6.04296e-05 0
6.30957e-05 0
6.58795e-05 0
6.8786e-05 0
7.18208e-05 0
7.49894e-05 0
7.82979e-05 0
8.17523e-05 0
8.53591e-05 0
8.91251e-05 0
9.30572e-05 0
9.71628e-05 0
0.00010145 0
0.000105925 0
0.000110599 0
0.000115478 0
0.000120573 0
0.000125893 0
0.000131447 0
0.000137246 0
0.000143301 0
0.000149624 0
0.000156225 0
0.000163117 0
0.000170314 0
0.000177828 0
0.000185674 0
0.000193865 0
0.000202418 0
0.000211349 0
0.000220673 0
0.000230409 0
0.000240575 0
0.000251189 0
0.000262271 0
0.000273842 0
0.000285924 0
0.000298538 0
0.000311709 0
0.000325462 0
0.000339821 0
0.000354813 0
0.000370467 0
0.000386812 0
0.000403878 0
0.000421697 0
0.000440301 0
0.000459727 0
0.00048001 0
0.000501187 0
0.000523299 0
0.000546387 0
0.000570493 0
0.000595662 0
0.000621942 0
0.000649382 0
0.000678032 0
0.000707946 0
0.00073918 0
0.000771792 0
0.000805842 0
0.000841395 0
0.000878517 0
0.000917276 0
0.000957745 0
0.001 0
0.00104412 0
0.00109018 0
0.00113828 0
0.0011885 0
0.00124094 0
0.00129569 0
0.00135285 0
0.00141254 0
0.00147486 0
0.00153993 0
0.00160787 0
0.0016788 0
0.00175287 0
0.00183021 0
0.00191095 0
0.00199526 0
0.00208329 0
0.0021752 0
0.00227117 0
0.00237137 5.29943
0.002476 0
0.00258523 0
0.00269929 0
0.00281838 0
0.00294273 0
0.00307256 0
0.00320812 0
0.00334965 0
0.00349744 0
0.00365174 0
0.00381285 0
0.00398107 0
0.00415671 0
0.0043401 0
0.00453158 0
0.00473151 0
0.00494026 0
0.00515822 92.3967
0.0053858 0
0.00562341 0
0.00587151 0
0.00613056 57.6268
0.00640103 0
0.00668344 0
0.00697831 0
0.00728618 0
0.00760764 0
0.00794328 0
0.00829373 0
0.00865964 99.6221
0.0090417 0
0.00944061 0
0.00985712 127.13
0.010292 0
0.0107461 43.4995
0.0112202 66.6659
0.0117152 110.741
0.0122321 204.144
0.0127717 98.6858
0.0133352 185.025
0.0139236 0
0.0145378 212.908
0.0151792 108.086
0.0158489 145.654
0.0165482 427.264
0.0172783 272.956
0.0180406 275.681
0.0188365 351.056
0.0196675 0
0.0205353 289.592
0.0214412 167.204
0.0223872 488.286
0.0233749 146.734
0.0244062 381.735
0.025483 97.7114
0.0266073 186.865
0.0277811 547.617
0.0290068 361.994
0.0302866 337.729
0.0316228 682.115
0.0330179 272.611
0.0344747 756.577
0.0359956 447.423
0.0375837 1054.16
0.0392419 745.679
0.0409732 366.653
0.0427809 230.074
0.0446684 187.091
0.0466391 352.101
0.0486968 177.562
0.0508452 509.225
0.0530884 733.058
0.0554307 514.383
0.0578762 775.93
0.0604296 623.903
0.0630957 707.994
0.0658795 1149.17
0.068786 1233.33
0.0718208 1173.65
0.0749894 1053.95
0.0782979 1139.72
0.0817523 915.287
0.0853591 1313.35
0.0891251 1639.07
0.0930572 1468.37
0.0971628 1498.09
0.10145 1285.35
0.105925 1562.52
0.110599 1177.74
0.115478 1664.61
0.120573 1634.26
0.125893 915.772
0.131447 2372.1
0.137246 1502.01
0.143301 1955.16
0.149624 1498.67
0.156225 1903.07
0.163117 1291.96
0.170314 2099.82
0.177828 2286.95
0.185674 1996.74
0.193865 2209.86
0.202418 1320.79
0.211349 2595.31
0.220673 1847.9
0.230409 2249.77
0.240575 2138.96
0.251189 3049.85
0.262271 2299.96
0.273842 2059.6
0.285924 2584.51
0.298538 1741.12
0.311709 2585.16
0.325462 2798.36
0.339821 1812.6
0.354813 2954.8
0.370467 2016.17
0.386812 1710.76
0.403878 3018.84
0.421697 1023.03
0.440301 1735.1
0.459727 2507.59
0.48001 1242.44
0.501187 1557.67
0.523299 1825.57
0.546387 2258.68
0.570493 2006.3
0.595662 2804.51
0.621942 2196.05
0.649382 1889.89
0.678032 2597.49
0.707946 1557.39
0.73918 2066.52
0.771792 1996.29
0.805842 1664.87
0.841395 2096.63
0.878517 1390.74
0.917276 1743.4
0.957745 1777.71
1 2034.1
1.04412 1592.37
1.09018 1315.78
1.13828 1085.29
1.1885 916.621
1.24094 1542.83
1.29569 1580.75
1.35285 807.082
1.41254 657.438
1.47486 899.749
1.53993 1272.2
1.60787 782.596
1.6788 755.859
1.75287 1741.94
1.83021 369.411
1.91095 779
1.99526 843.132
2.08329 653.341
2.1752 642.134
2.27117 438.759
2.37137 863.222
2.476 1143.09
2.58523 335.062
2.69929 371.495
2.81838 672.918
2.94273 791.493
3.07256 828.26
3.20812 248.68
3.34965 496.074
3.49744 781.52
3.65174 467.425
3.81285 166.928
3.98107 500.182
4.15671 235.155
4.3401 277.681
4.53158 793.949
4.73151 398.385
4.94026 55.8185
5.15822 408.455
5.3858 129.975
5.62341 63.5129
5.87151 304.038
6.13056 265.189
6.40103 324.15
6.68344 338.532
6.97831 523.334
7.28618 125.578
7.60764 98.115
7.94328 367.945
8.29373 165.031
8.65964 110.538
9.0417 71.0322
9.44061 65.4395
9.85712 115.506
10.292 269.462
10.7461 124.021
11.2202 275.722
11.7152 389.575
12.2321 140.64
12.7717 119.216
13.3352 94.5881
13.9236 198.015
14.5378 102.599
15.1792 292.475
15.8489 334.621
16.5482 148.172
17.2783 242.171
18.0406 0
18.8365 0
19.6675 432.505
20.5353 67.8234
21.4412 316.856
22.3872 311.222
23.3749 167.14
24.4062 0
25.483 82.4818
26.6073 199.021
27.7811 82.1706
29.0068 83.4784
30.2866 238.353
31.6228 336.27
33.0179 340.675
34.4747 276.299
35.9956 544.077
37.5837 238.396
39.2419 190.66
40.9732 254.192
42.7809 673.733
44.6684 215.934
46.6391 200.665
48.6968 465.111
50.8452 40.8589
53.0884 512.616
55.4307 93.6489
57.8762 522.268
60.4296 86.6744
63.0957 577.97
65.8795 531.606
68.786 183.238
71.8208 359.928
74.9894 598.219
78.2979 671.982
81.7523 552.595
85.3591 383.604
89.1251 752.018
93.0572 802.534
97.1628 336.63
101.45 485.741
105.925 325.857
110.599 285.133
115.478 429.63
120.573 203.708
125.893 66.2733
131.447 468.96
137.246 438.683
143.301 372.684
149.624 449.331
156.225 595.536
163.117 634.451
170.314 368.866
177.828 227.4
185.674 400.321
193.865 729.192
202.418 324.436
211.349 404.081
220.673 273.457
230.409 819.498
240.575 254.609
251.189 189.052
262.271 227.167
273.842 0
285.924 327.814
298.538 292.518
311.709 291.631
325.462 317.179
339.821 315.635
354.813 278.759
370.467 0
386.812 0
403.878 154.294
421.697 0
440.301 117.998
459.727 0
480.01 32.0563
501.187 72.8794
523.299 74.1646
546.387 0
570.493 0
595.662 78.0674
621.942 0
649.382 0
678.032 0
707.946 91.5187
739.18 0
771.792 0
805.842 0
841.395 0
878.517 0
917.276 0
957.745 0
1000 0
