# First line is two numbers 
#     First value is '2', it means 'histogram mode'
#     Second value is 'Emin' of the histogram
# Other lines : 2 columns. 1) energy 2) probability (nb divided by NbEvent)
# Number of bins = 480
# Content below the first bin: 0
# Content above the last  bin: 0
# Content above the last  bin: 0
# Number of events: 209000
2 1e-06
1.04412e-06 0
1.09018e-06 0
1.13828e-06 0
1.1885e-06 0
1.24094e-06 0
1.29569e-06 0
1.35285e-06 0
1.41254e-06 0
1.47486e-06 0
1.53993e-06 0
1.60787e-06 0
1.6788e-06 0
1.75287e-06 0
1.83021e-06 0
1.91095e-06 0
1.99526e-06 0
2.08329e-06 0
2.1752e-06 0
2.27117e-06 0
2.37137e-06 0
2.476e-06 0
2.58523e-06 0
2.69929e-06 0
2.81838e-06 0
2.94273e-06 0
3.07256e-06 0
3.20812e-06 0
3.34965e-06 0
3.49744e-06 0
3.65174e-06 0
3.81285e-06 0
3.98107e-06 0
4.15671e-06 0
4.3401e-06 0
4.53158e-06 0
4.73151e-06 0
4.94026e-06 0
5.15822e-06 0
5.3858e-06 0
5.62341e-06 0
5.87151e-06 0
6.13056e-06 0
6.40103e-06 0
6.68344e-06 0
6.97831e-06 0
7.28618e-06 0
7.60764e-06 0
7.94328e-06 0
8.29373e-06 0
8.65964e-06 0
9.0417e-06 0
9.44061e-06 0
9.85712e-06 0
1.0292e-05 0
1.07461e-05 0
1.12202e-05 0
1.17152e-05 0
1.22321e-05 0
1.27717e-05 0
1.33352e-05 0
1.39236e-05 0
1.45378e-05 0
1.51792e-05 0
1.58489e-05 0
1.65482e-05 0
1.72783e-05 0
1.80406e-05 0
1.88365e-05 0
1.96675e-05 0
2.05353e-05 0
2.14412e-05 0
2.23872e-05 0
2.33749e-05 0
2.44062e-05 0
2.5483e-05 0
2.66073e-05 0
2.77811e-05 0
2.90068e-05 0
3.02866e-05 0
3.16228e-05 0
3.30179e-05 0
3.44747e-05 0
3.59956e-05 0
3.75837e-05 0
3.92419e-05 0
4.09732e-05 0
4.27809e-05 0
4.46684e-05 0
4.66391e-05 0
4.86968e-05 0
5.08452e-05 0
5.30884e-05 0
5.54307e-05 0
5.78762e-05 0
6.04296e-05 0
6.30957e-05 0
6.58795e-05 0
6.8786e-05 0
7.18208e-05 0
7.49894e-05 0
7.82979e-05 0
8.17523e-05 0
8.53591e-05 0
8.91251e-05 0
9.30572e-05 0
9.71628e-05 0
0.00010145 0
0.000105925 0
0.000110599 0
0.000115478 0
0.000120573 0
0.000125893 0
0.000131447 0
0.000137246 0
0.000143301 0
0.000149624 0
0.000156225 0
0.000163117 0
0.000170314 0
0.000177828 0
0.000185674 0
0.000193865 0
0.000202418 0
0.000211349 0
0.000220673 0
0.000230409 0
0.000240575 0
0.000251189 0
0.000262271 0
0.000273842 0
0.000285924 0
0.000298538 0
0.000311709 0
0.000325462 0
0.000339821 0
0.000354813 0
0.000370467 0
0.000386812 0
0.000403878 0
0.000421697 0
0.000440301 0
0.000459727 0
0.00048001 0
0.000501187 0
0.000523299 0
0.000546387 0
0.000570493 0
0.000595662 0
0.000621942 0
0.000649382 0
0.000678032 0
0.000707946 0
0.00073918 0
0.000771792 0
0.000805842 0
0.000841395 0
0.000878517 0
0.000917276 0
0.000957745 0
0.001 0
0.00104412 0
0.00109018 0
0.00113828 0
0.0011885 0
0.00124094 0
0.00129569 0
0.00135285 0
0.00141254 0
0.00147486 0
0.00153993 112.244
0.00160787 0
0.0016788 0
0.00175287 0
0.00183021 0
0.00191095 0
0.00199526 0
0.00208329 0
0.0021752 0
0.00227117 0
0.00237137 0
0.002476 0
0.00258523 0
0.00269929 0
0.00281838 0
0.00294273 0
0.00307256 0
0.00320812 0
0.00334965 0
0.00349744 0
0.00365174 0
0.00381285 0
0.00398107 0
0.00415671 0
0.0043401 0
0.00453158 0
0.00473151 0
0.00494026 0
0.00515822 0
0.0053858 0
0.00562341 0
0.00587151 0
0.00613056 0
0.00640103 0
0.00668344 108.127
0.00697831 0
0.00728618 0
0.00760764 0
0.00794328 68.7242
0.00829373 0
0.00865964 75.3147
0.0090417 69.619
0.00944061 0
0.00985712 0
0.010292 53.4465
0.0107461 0
0.0112202 0
0.0117152 104.739
0.0122321 54.5949
0.0127717 0
0.0133352 108.959
0.0139236 105.753
0.0145378 217.907
0.0151792 100.45
0.0158489 110.735
0.0165482 0
0.0172783 267.201
0.0180406 74.5384
0.0188365 266.075
0.0196675 233.836
0.0205353 321.396
0.0214412 285.351
0.0223872 80.4529
0.0233749 363.227
0.0244062 218.491
0.025483 480.827
0.0266073 226.791
0.0277811 494.157
0.0290068 378.345
0.0302866 239.685
0.0316228 272.034
0.0330179 140.356
0.0344747 238.648
0.0359956 450.086
0.0375837 429.718
0.0392419 332.152
0.0409732 463.979
0.0427809 423.934
0.0446684 844.192
0.0466391 246.104
0.0486968 239.569
0.0508452 1154.49
0.0530884 749.546
0.0554307 414.278
0.0578762 517.867
0.0604296 993.437
0.0630957 587.138
0.0658795 1286.4
0.068786 1004.61
0.0718208 902.759
0.0749894 1086.96
0.0782979 1111.34
0.0817523 976.194
0.0853591 1232.1
0.0891251 1115.98
0.0930572 811.329
0.0971628 1177.31
0.10145 1251.37
0.105925 1042.19
0.110599 1324.09
0.115478 1122.82
0.120573 1417.01
0.125893 1000.11
0.131447 1556.6
0.137246 1914.92
0.143301 2130.56
0.149624 1978.32
0.156225 1365.98
0.163117 2372.58
0.170314 1760.2
0.177828 2234.42
0.185674 1658
0.193865 2357.87
0.202418 1399.43
0.211349 2515.13
0.220673 2057.58
0.230409 2020.18
0.240575 1594.63
0.251189 1893.47
0.262271 2058.21
0.273842 2450.75
0.285924 1850.73
0.298538 2685.16
0.311709 1879.01
0.325462 2509.19
0.339821 2536.52
0.354813 2595.08
0.370467 2511.83
0.386812 2710.71
0.403878 2055.16
0.421697 2233.28
0.440301 2798.77
0.459727 2022.22
0.48001 3101.39
0.501187 2930.24
0.523299 1420.51
0.546387 2474.3
0.570493 1905.74
0.595662 1980.23
0.621942 1921
0.649382 2365.62
0.678032 2422.08
0.707946 1475.92
0.73918 1851.98
0.771792 2081.24
0.805842 1364.81
0.841395 1780.39
0.878517 1616.41
0.917276 2029.45
0.957745 1440.43
1 1413.74
1.04412 1189.27
1.09018 940.305
1.13828 550.092
1.1885 1852.53
1.24094 1000.38
1.29569 728.385
1.35285 715.826
1.41254 533.683
1.47486 1664.47
1.53993 645.484
1.60787 938.067
1.6788 448.675
1.75287 777.438
1.83021 790.25
1.91095 846.763
1.99526 503.612
2.08329 600.873
2.1752 540.963
2.27117 430.117
2.37137 473.294
2.476 272.374
2.58523 686.034
2.69929 666.253
2.81838 638.82
2.94273 292.267
3.07256 461.473
3.20812 335.7
3.34965 811.142
3.49744 174.048
3.65174 429.414
3.81285 611.838
3.98107 194.074
4.15671 511.85
4.3401 470.824
4.53158 136.146
4.73151 486.407
4.94026 353.506
5.15822 99.4512
5.3858 193.138
5.62341 697.334
5.87151 387.099
6.13056 312.329
6.40103 102.058
6.68344 126.309
6.97831 102.94
7.28618 34.3879
7.60764 83.6787
7.94328 98.1782
8.29373 267.268
8.65964 407.637
9.0417 341.128
9.44061 68.9844
9.85712 143.362
10.292 242.232
10.7461 178.301
11.2202 29.0051
11.7152 502.642
12.2321 0
12.7717 267.238
13.3352 272.413
13.9236 294.599
14.5378 318.905
15.1792 0
15.8489 336.638
16.5482 238.778
17.2783 212.936
18.0406 533.113
18.8365 301.635
19.6675 140.355
20.5353 244.99
21.4412 0
22.3872 0
23.3749 136.155
24.4062 80.4702
25.483 107.867
26.6073 0
27.7811 580.693
29.0068 158.768
30.2866 433.839
31.6228 164.381
33.0179 486.868
34.4747 482.414
35.9956 155.93
37.5837 217.177
39.2419 429.183
40.9732 67.6532
42.7809 192.742
44.6684 403.655
46.6391 109.509
48.6968 269.594
50.8452 226.506
53.0884 510.979
55.4307 354.903
57.8762 375.485
60.4296 425.531
63.0957 179.805
65.8795 683.436
68.786 533.897
71.8208 513.87
74.9894 554.825
78.2979 408.397
81.7523 347.696
85.3591 342.005
89.1251 315.633
93.0572 313.619
97.1628 484.064
101.45 637.257
105.925 98.996
110.599 380.635
115.478 490.817
120.573 265.824
125.893 675.344
131.447 127.161
137.246 363.827
143.301 220.069
149.624 114.866
156.225 715.628
163.117 466.664
170.314 239.08
177.828 141.726
185.674 568.471
193.865 646.918
202.418 453.192
211.349 204.054
220.673 777.437
230.409 138.887
240.575 153.359
251.189 445.537
262.271 207.319
273.842 574.49
285.924 448.646
298.538 560.125
311.709 290.82
325.462 240.632
339.821 25.0133
354.813 105.406
370.467 48.6964
386.812 0
403.878 89.2059
421.697 181.693
440.301 0
459.727 90.5378
480.01 0
501.187 0
523.299 0
546.387 0
570.493 0
595.662 0
621.942 0
649.382 0
678.032 0
707.946 0
739.18 0
771.792 60.0577
805.842 0
841.395 0
878.517 0
917.276 0
957.745 0
1000 0
