# First line is two numbers 
#     First value is '2', it means 'histogram mode'
#     Second value is 'Emin' of the histogram
# Other lines : 2 columns. 1) energy 2) probability (nb divided by NbEvent)
# Number of bins = 480
# Content below the first bin: 0
# Content above the last  bin: 0
# Content above the last  bin: 0
# Number of events: 209000
2 1e-06
1.04412e-06 0
1.09018e-06 0
1.13828e-06 0
1.1885e-06 0
1.24094e-06 0
1.29569e-06 0
1.35285e-06 0
1.41254e-06 0
1.47486e-06 0
1.53993e-06 0
1.60787e-06 0
1.6788e-06 0
1.75287e-06 0
1.83021e-06 0
1.91095e-06 0
1.99526e-06 0
2.08329e-06 0
2.1752e-06 0
2.27117e-06 0
2.37137e-06 0
2.476e-06 0
2.58523e-06 0
2.69929e-06 0
2.81838e-06 0
2.94273e-06 0
3.07256e-06 0
3.20812e-06 0
3.34965e-06 0
3.49744e-06 0
3.65174e-06 0
3.81285e-06 0
3.98107e-06 0
4.15671e-06 0
4.3401e-06 0
4.53158e-06 0
4.73151e-06 0
4.94026e-06 0
5.15822e-06 0
5.3858e-06 0
5.62341e-06 0
5.87151e-06 0
6.13056e-06 0
6.40103e-06 0
6.68344e-06 0
6.97831e-06 0
7.28618e-06 0
7.60764e-06 0
7.94328e-06 0
8.29373e-06 0
8.65964e-06 0
9.0417e-06 0
9.44061e-06 0
9.85712e-06 0
1.0292e-05 0
1.07461e-05 0
1.12202e-05 0
1.17152e-05 0
1.22321e-05 0
1.27717e-05 0
1.33352e-05 0
1.39236e-05 0
1.45378e-05 0
1.51792e-05 0
1.58489e-05 0
1.65482e-05 0
1.72783e-05 0
1.80406e-05 0
1.88365e-05 0
1.96675e-05 0
2.05353e-05 0
2.14412e-05 0
2.23872e-05 0
2.33749e-05 0
2.44062e-05 0
2.5483e-05 0
2.66073e-05 0
2.77811e-05 0
2.90068e-05 0
3.02866e-05 0
3.16228e-05 0
3.30179e-05 0
3.44747e-05 0
3.59956e-05 0
3.75837e-05 0
3.92419e-05 0
4.09732e-05 0
4.27809e-05 0
4.46684e-05 0
4.66391e-05 0
4.86968e-05 0
5.08452e-05 0
5.30884e-05 0
5.54307e-05 0
5.78762e-05 0
6.04296e-05 0
6.30957e-05 0
6.58795e-05 0
6.8786e-05 0
7.18208e-05 0
7.49894e-05 0
7.82979e-05 0
8.17523e-05 0
8.53591e-05 0
8.91251e-05 0
9.30572e-05 0
9.71628e-05 0
0.00010145 0
0.000105925 0
0.000110599 0
0.000115478 0
0.000120573 0
0.000125893 0
0.000131447 0
0.000137246 0
0.000143301 0
0.000149624 0
0.000156225 0
0.000163117 0
0.000170314 0
0.000177828 0
0.000185674 0
0.000193865 0
0.000202418 0
0.000211349 0
0.000220673 0
0.000230409 0
0.000240575 0
0.000251189 0
0.000262271 0
0.000273842 0
0.000285924 0
0.000298538 0
0.000311709 0
0.000325462 0
0.000339821 0
0.000354813 0
0.000370467 0
0.000386812 0
0.000403878 0
0.000421697 0
0.000440301 0
0.000459727 0
0.00048001 0
0.000501187 0
0.000523299 0
0.000546387 0
0.000570493 0
0.000595662 0
0.000621942 0
0.000649382 0
0.000678032 0
0.000707946 0
0.00073918 0
0.000771792 0
0.000805842 0
0.000841395 0
0.000878517 0
0.000917276 0
0.000957745 0
0.001 0
0.00104412 0
0.00109018 0
0.00113828 0
0.0011885 0
0.00124094 0
0.00129569 0
0.00135285 0
0.00141254 0
0.00147486 0
0.00153993 0
0.00160787 0
0.0016788 118.894
0.00175287 0
0.00183021 0
0.00191095 0
0.00199526 0
0.00208329 0
0.0021752 0
0.00227117 0
0.00237137 0
0.002476 0
0.00258523 0
0.00269929 0
0.00281838 0
0.00294273 0
0.00307256 0
0.00320812 0
0.00334965 0
0.00349744 0
0.00365174 0
0.00381285 0
0.00398107 0
0.00415671 0
0.0043401 0
0.00453158 0
0.00473151 0
0.00494026 86.206
0.00515822 0
0.0053858 84.5312
0.00562341 0
0.00587151 0
0.00613056 0
0.00640103 0
0.00668344 0
0.00697831 0
0.00728618 0
0.00760764 81.7172
0.00794328 0
0.00829373 75.6568
0.00865964 0
0.0090417 0
0.00944061 69.5049
0.00985712 61.297
0.010292 0
0.0107461 106.171
0.0112202 0
0.0117152 68.6044
0.0122321 0
0.0127717 115.39
0.0133352 232.512
0.0139236 112.679
0.0145378 0
0.0151792 0
0.0158489 105.869
0.0165482 141.567
0.0172783 118.098
0.0180406 110.356
0.0188365 22.3845
0.0196675 137.011
0.0205353 94.3338
0.0214412 186.121
0.0223872 193.571
0.0233749 227.957
0.0244062 224.051
0.025483 345.305
0.0266073 191.815
0.0277811 112.781
0.0290068 135.327
0.0302866 322.084
0.0316228 158.318
0.0330179 253.195
0.0344747 241.982
0.0359956 477.836
0.0375837 135.234
0.0392419 389.52
0.0409732 189.288
0.0427809 271.083
0.0446684 535.508
0.0466391 402.97
0.0486968 184.507
0.0508452 323.123
0.0530884 689.882
0.0554307 518.187
0.0578762 610.221
0.0604296 383.733
0.0630957 743.846
0.0658795 643.036
0.068786 484.609
0.0718208 610.966
0.0749894 907.548
0.0782979 884.553
0.0817523 1409.69
0.0853591 934.303
0.0891251 981.068
0.0930572 508.616
0.0971628 1430.31
0.10145 501.155
0.105925 754.332
0.110599 1557.73
0.115478 1593.83
0.120573 873.256
0.125893 747.704
0.131447 1407.98
0.137246 1167.27
0.143301 1204.71
0.149624 1645.99
0.156225 1258.51
0.163117 1110.42
0.170314 950.951
0.177828 1247.08
0.185674 1050.92
0.193865 678.946
0.202418 1552.25
0.211349 1517.29
0.220673 1583.19
0.230409 841.187
0.240575 1694.05
0.251189 1908.19
0.262271 1313.67
0.273842 1295.62
0.285924 1179.73
0.298538 1515.86
0.311709 1322.81
0.325462 1640.68
0.339821 1283.81
0.354813 1800.67
0.370467 1101.63
0.386812 1604.21
0.403878 1184.95
0.421697 1493.26
0.440301 1372.46
0.459727 2648.78
0.48001 1439.88
0.501187 1844.49
0.523299 1529.9
0.546387 1489.59
0.570493 1312.51
0.595662 1040.35
0.621942 1139.91
0.649382 1194.45
0.678032 1131.28
0.707946 583.033
0.73918 691.034
0.771792 974.118
0.805842 1085.69
0.841395 1421.59
0.878517 963.512
0.917276 846.241
0.957745 443.072
1 873.375
1.04412 871.722
1.09018 534.945
1.13828 636.057
1.1885 354.468
1.24094 484.261
1.29569 611.566
1.35285 414.918
1.41254 634.552
1.47486 455.181
1.53993 363.79
1.60787 156.466
1.6788 523.906
1.75287 0
1.83021 464.632
1.91095 220.429
1.99526 352.398
2.08329 312.897
2.1752 131.979
2.27117 334.684
2.37137 80.9895
2.476 170.669
2.58523 250.88
2.69929 303.848
2.81838 230.616
2.94273 173.494
3.07256 508.212
3.20812 0
3.34965 322.603
3.49744 0
3.65174 80.3771
3.81285 255.945
3.98107 366.504
4.15671 207.891
4.3401 192.227
4.53158 291.062
4.73151 124.493
4.94026 111.4
5.15822 492.377
5.3858 0
5.62341 62.8821
5.87151 0
6.13056 67.7051
6.40103 91.9814
6.68344 69.0622
6.97831 0
7.28618 232.505
7.60764 112.969
7.94328 102.27
8.29373 265.229
8.65964 94.6879
9.0417 110.108
9.44061 274.511
9.85712 86.3188
10.292 447.305
10.7461 0
11.2202 100.361
11.7152 65.06
12.2321 243.917
12.7717 283.822
13.3352 123.751
13.9236 459.767
14.5378 295.514
15.1792 51.8443
15.8489 170.502
16.5482 54.7445
17.2783 163.452
18.0406 123.254
18.8365 212.953
19.6675 428.669
20.5353 474.886
21.4412 511.89
22.3872 148.731
23.3749 314.466
24.4062 250.605
25.483 213.366
26.6073 268.54
27.7811 0
29.0068 204.725
30.2866 596.824
31.6228 206.253
33.0179 338.083
34.4747 349.4
35.9956 162.118
37.5837 404.277
39.2419 101.262
40.9732 274.973
42.7809 248.116
44.6684 216.733
46.6391 425.746
48.6968 578.241
50.8452 351.865
53.0884 140.836
55.4307 420.255
57.8762 148.598
60.4296 577.238
63.0957 238.503
65.8795 950.188
68.786 282.348
71.8208 486.837
74.9894 279.768
78.2979 312.537
81.7523 666.986
85.3591 470.151
89.1251 1186.96
93.0572 626.756
97.1628 355.235
101.45 291.796
105.925 948.693
110.599 455.594
115.478 702.672
120.573 516.841
125.893 715.502
131.447 592.423
137.246 1091.3
143.301 482.28
149.624 1381.54
156.225 548.602
163.117 459.396
170.314 959.662
177.828 622.431
185.674 604.312
193.865 571.508
202.418 578.698
211.349 394.282
220.673 657.62
230.409 338.665
240.575 25.2328
251.189 152.489
262.271 90.7959
273.842 0
285.924 141.282
298.538 92.9311
311.709 148.766
325.462 0
339.821 0
354.813 121.34
370.467 232.321
386.812 89.3006
403.878 0
421.697 0
440.301 0
459.727 94.8976
480.01 0
501.187 0
523.299 0
546.387 0
570.493 0
595.662 0
621.942 0
649.382 0
678.032 0
707.946 0
739.18 0
771.792 0
805.842 0
841.395 0
878.517 0
917.276 0
957.745 0
1000 0
