# First line is two numbers 
#     First value is '2', it means 'histogram mode'
#     Second value is 'Emin' of the histogram
# Other lines : 2 columns. 1) energy 2) probability (nb divided by NbEvent)
# Number of bins = 480
# Content below the first bin: 0
# Content above the last  bin: 0
# Content above the last  bin: 0
# Number of events: 209000
2 1e-06
1.04412e-06 0
1.09018e-06 0
1.13828e-06 0
1.1885e-06 0
1.24094e-06 0
1.29569e-06 0
1.35285e-06 0
1.41254e-06 0
1.47486e-06 0
1.53993e-06 0
1.60787e-06 0
1.6788e-06 0
1.75287e-06 0
1.83021e-06 0
1.91095e-06 0
1.99526e-06 0
2.08329e-06 0
2.1752e-06 0
2.27117e-06 0
2.37137e-06 0
2.476e-06 0
2.58523e-06 0
2.69929e-06 0
2.81838e-06 0
2.94273e-06 0
3.07256e-06 0
3.20812e-06 0
3.34965e-06 0
3.49744e-06 0
3.65174e-06 0
3.81285e-06 0
3.98107e-06 0
4.15671e-06 0
4.3401e-06 0
4.53158e-06 0
4.73151e-06 0
4.94026e-06 0
5.15822e-06 0
5.3858e-06 0
5.62341e-06 0
5.87151e-06 0
6.13056e-06 0
6.40103e-06 0
6.68344e-06 0
6.97831e-06 0
7.28618e-06 0
7.60764e-06 0
7.94328e-06 0
8.29373e-06 0
8.65964e-06 0
9.0417e-06 0
9.44061e-06 0
9.85712e-06 0
1.0292e-05 0
1.07461e-05 0
1.12202e-05 0
1.17152e-05 0
1.22321e-05 0
1.27717e-05 0
1.33352e-05 0
1.39236e-05 0
1.45378e-05 0
1.51792e-05 0
1.58489e-05 0
1.65482e-05 0
1.72783e-05 0
1.80406e-05 0
1.88365e-05 0
1.96675e-05 0
2.05353e-05 0
2.14412e-05 0
2.23872e-05 0
2.33749e-05 0
2.44062e-05 0
2.5483e-05 0
2.66073e-05 0
2.77811e-05 0
2.90068e-05 0
3.02866e-05 0
3.16228e-05 0
3.30179e-05 0
3.44747e-05 0
3.59956e-05 0
3.75837e-05 0
3.92419e-05 0
4.09732e-05 0
4.27809e-05 0
4.46684e-05 0
4.66391e-05 0
4.86968e-05 0
5.08452e-05 0
5.30884e-05 0
5.54307e-05 0
5.78762e-05 0
6.04296e-05 0
6.30957e-05 0
6.58795e-05 0
6.8786e-05 0
7.18208e-05 0
7.49894e-05 0
7.82979e-05 0
8.17523e-05 0
8.53591e-05 0
8.91251e-05 0
9.30572e-05 0
9.71628e-05 0
0.00010145 0
0.000105925 0
0.000110599 0
0.000115478 0
0.000120573 0
0.000125893 0
0.000131447 0
0.000137246 0
0.000143301 0
0.000149624 0
0.000156225 0
0.000163117 0
0.000170314 0
0.000177828 0
0.000185674 0
0.000193865 0
0.000202418 0
0.000211349 0
0.000220673 0
0.000230409 0
0.000240575 0
0.000251189 0
0.000262271 0
0.000273842 0
0.000285924 0
0.000298538 0
0.000311709 0
0.000325462 0
0.000339821 0
0.000354813 0
0.000370467 0
0.000386812 0
0.000403878 0
0.000421697 0
0.000440301 0
0.000459727 0
0.00048001 0
0.000501187 0
0.000523299 0
0.000546387 0
0.000570493 0
0.000595662 0
0.000621942 0
0.000649382 0
0.000678032 0
0.000707946 0
0.00073918 0
0.000771792 0
0.000805842 0
0.000841395 0
0.000878517 0
0.000917276 0
0.000957745 0
0.001 0
0.00104412 0
0.00109018 0
0.00113828 0
0.0011885 0
0.00124094 0
0.00129569 0
0.00135285 0
0.00141254 0
0.00147486 0
0.00153993 0
0.00160787 0
0.0016788 0
0.00175287 98.5747
0.00183021 0
0.00191095 0
0.00199526 0
0.00208329 0
0.0021752 0
0.00227117 0
0.00237137 0
0.002476 0
0.00258523 0
0.00269929 0
0.00281838 0
0.00294273 0
0.00307256 0
0.00320812 0
0.00334965 0
0.00349744 0
0.00365174 0
0.00381285 0
0.00398107 0
0.00415671 61.2364
0.0043401 0
0.00453158 0
0.00473151 0
0.00494026 0
0.00515822 0
0.0053858 0
0.00562341 0
0.00587151 0
0.00613056 0
0.00640103 0
0.00668344 0
0.00697831 0
0.00728618 60.0454
0.00760764 0
0.00794328 0
0.00829373 0
0.00865964 182.798
0.0090417 0
0.00944061 0
0.00985712 116.182
0.010292 0
0.0107461 116.157
0.0112202 0
0.0117152 115.567
0.0122321 0
0.0127717 87.3485
0.0133352 0
0.0139236 74.3274
0.0145378 0
0.0151792 178.966
0.0158489 104.958
0.0165482 0
0.0172783 85.6875
0.0180406 143.321
0.0188365 73.8591
0.0196675 130.921
0.0205353 303.822
0.0214412 361.765
0.0223872 144.259
0.0233749 172.942
0.0244062 0
0.025483 0
0.0266073 142.192
0.0277811 0
0.0290068 48.4329
0.0302866 217.177
0.0316228 175.964
0.0330179 346.318
0.0344747 327.046
0.0359956 367.348
0.0375837 84.7275
0.0392419 358.205
0.0409732 335.933
0.0427809 586.486
0.0446684 155.162
0.0466391 162.332
0.0486968 372.023
0.0508452 329.502
0.0530884 511.099
0.0554307 487.116
0.0578762 386.725
0.0604296 481.207
0.0630957 562.082
0.0658795 643.015
0.068786 802.713
0.0718208 1201.38
0.0749894 706.487
0.0782979 630.85
0.0817523 937.344
0.0853591 615.83
0.0891251 776.641
0.0930572 1103.2
0.0971628 921.544
0.10145 1847.69
0.105925 816.263
0.110599 1215.55
0.115478 1009.99
0.120573 625.862
0.125893 1153.54
0.131447 1207.62
0.137246 1235.87
0.143301 828.145
0.149624 1484.3
0.156225 1437.23
0.163117 1310.01
0.170314 2187.37
0.177828 1446.7
0.185674 1619.44
0.193865 1575.52
0.202418 2253.97
0.211349 1364.12
0.220673 1768.2
0.230409 1183.63
0.240575 1684.97
0.251189 1137.15
0.262271 1169.54
0.273842 1564.05
0.285924 1967.97
0.298538 1321.04
0.311709 1239.33
0.325462 1910.19
0.339821 1027.3
0.354813 1493.39
0.370467 2050.34
0.386812 1771.01
0.403878 1078.2
0.421697 2037.65
0.440301 1302.09
0.459727 1066.2
0.48001 889.385
0.501187 1557.99
0.523299 1921.83
0.546387 1507.41
0.570493 1449.39
0.595662 499.5
0.621942 1343.71
0.649382 1257.84
0.678032 850.815
0.707946 1491.59
0.73918 988.394
0.771792 1410.9
0.805842 1417.64
0.841395 964.366
0.878517 798.229
0.917276 1247.72
0.957745 918.071
1 516.381
1.04412 917.693
1.09018 702.179
1.13828 569.746
1.1885 476.492
1.24094 269.586
1.29569 820.513
1.35285 504.778
1.41254 257.128
1.47486 257.123
1.53993 185.968
1.60787 113.697
1.6788 295.466
1.75287 365.372
1.83021 160.018
1.91095 322.241
1.99526 207.765
2.08329 234.029
2.1752 438.325
2.27117 436.14
2.37137 544.019
2.476 552.35
2.58523 457.787
2.69929 117.863
2.81838 0
2.94273 162.201
3.07256 212.111
3.20812 516.655
3.34965 69.0152
3.49744 685.069
3.65174 41.693
3.81285 278.058
3.98107 172.028
4.15671 0
4.3401 274.296
4.53158 206.9
4.73151 514.026
4.94026 163.393
5.15822 208.112
5.3858 240.139
5.62341 64.6132
5.87151 223.427
6.13056 262.589
6.40103 389.853
6.68344 43.209
6.97831 278.852
7.28618 50.7453
7.60764 294.88
7.94328 204.25
8.29373 72.1445
8.65964 177.752
9.0417 117.058
9.44061 115.011
9.85712 243.55
10.292 165.432
10.7461 103.536
11.2202 172.421
11.7152 0
12.2321 229.188
12.7717 73.5795
13.3352 404.227
13.9236 459.23
14.5378 322.876
15.1792 148.503
15.8489 172.01
16.5482 0
17.2783 79.0331
18.0406 195.601
18.8365 318.886
19.6675 165.214
20.5353 356.941
21.4412 130.969
22.3872 309.804
23.3749 157.992
24.4062 146.285
25.483 73.4478
26.6073 135.782
27.7811 338.076
29.0068 174.945
30.2866 206.744
31.6228 316.333
33.0179 207.333
34.4747 340.594
35.9956 98.5857
37.5837 152.2
39.2419 458.5
40.9732 205.839
42.7809 363.748
44.6684 370.059
46.6391 209.918
48.6968 623.549
50.8452 141.267
53.0884 142.408
55.4307 218.886
57.8762 401.532
60.4296 880.105
63.0957 308.836
65.8795 73.4304
68.786 375.743
71.8208 367.427
74.9894 535.19
78.2979 775.398
81.7523 740.272
85.3591 354.622
89.1251 316.035
93.0572 560.233
97.1628 455.353
101.45 975.917
105.925 632.273
110.599 571.334
115.478 592.181
120.573 1478.57
125.893 700.12
131.447 619.641
137.246 625.578
143.301 442.904
149.624 538.609
156.225 378.371
163.117 1041.98
170.314 574.86
177.828 582.054
185.674 346.581
193.865 361.468
202.418 386.332
211.349 375.11
220.673 166.954
230.409 313.866
240.575 548.306
251.189 281.494
262.271 427.063
273.842 0
285.924 0
298.538 96.7387
311.709 95.367
325.462 124.672
339.821 0
354.813 184.808
370.467 0
386.812 0
403.878 106.67
421.697 152.8
440.301 0
459.727 0
480.01 0
501.187 0
523.299 0
546.387 0
570.493 0
595.662 0
621.942 0
649.382 0
678.032 0
707.946 0
739.18 0
771.792 0
805.842 0
841.395 0
878.517 0
917.276 0
957.745 0
1000 0
