# First line is two numbers 
#     First value is '2', it means 'histogram mode'
#     Second value is 'Emin' of the histogram
# Other lines : 2 columns. 1) energy 2) probability (nb divided by NbEvent)
# Number of bins = 480
# Content below the first bin: 0
# Content above the last  bin: 0
# Content above the last  bin: 0
# Number of events: 209000
2 1e-06
1.04412e-06 0
1.09018e-06 0
1.13828e-06 0
1.1885e-06 0
1.24094e-06 0
1.29569e-06 0
1.35285e-06 0
1.41254e-06 0
1.47486e-06 0
1.53993e-06 0
1.60787e-06 0
1.6788e-06 0
1.75287e-06 0
1.83021e-06 0
1.91095e-06 0
1.99526e-06 0
2.08329e-06 0
2.1752e-06 0
2.27117e-06 0
2.37137e-06 0
2.476e-06 0
2.58523e-06 0
2.69929e-06 0
2.81838e-06 0
2.94273e-06 0
3.07256e-06 0
3.20812e-06 0
3.34965e-06 0
3.49744e-06 0
3.65174e-06 0
3.81285e-06 0
3.98107e-06 0
4.15671e-06 0
4.3401e-06 0
4.53158e-06 0
4.73151e-06 0
4.94026e-06 0
5.15822e-06 0
5.3858e-06 0
5.62341e-06 0
5.87151e-06 0
6.13056e-06 0
6.40103e-06 0
6.68344e-06 0
6.97831e-06 0
7.28618e-06 0
7.60764e-06 0
7.94328e-06 0
8.29373e-06 0
8.65964e-06 0
9.0417e-06 0
9.44061e-06 0
9.85712e-06 0
1.0292e-05 0
1.07461e-05 0
1.12202e-05 0
1.17152e-05 0
1.22321e-05 0
1.27717e-05 0
1.33352e-05 0
1.39236e-05 0
1.45378e-05 0
1.51792e-05 0
1.58489e-05 0
1.65482e-05 0
1.72783e-05 0
1.80406e-05 0
1.88365e-05 0
1.96675e-05 0
2.05353e-05 0
2.14412e-05 0
2.23872e-05 0
2.33749e-05 0
2.44062e-05 0
2.5483e-05 0
2.66073e-05 0
2.77811e-05 0
2.90068e-05 0
3.02866e-05 0
3.16228e-05 0
3.30179e-05 0
3.44747e-05 0
3.59956e-05 0
3.75837e-05 0
3.92419e-05 0
4.09732e-05 0
4.27809e-05 0
4.46684e-05 0
4.66391e-05 0
4.86968e-05 0
5.08452e-05 0
5.30884e-05 0
5.54307e-05 0
5.78762e-05 0
6.04296e-05 0
6.30957e-05 0
6.58795e-05 0
6.8786e-05 0
7.18208e-05 0
7.49894e-05 0
7.82979e-05 0
8.17523e-05 0
8.53591e-05 0
8.91251e-05 0
9.30572e-05 0
9.71628e-05 0
0.00010145 0
0.000105925 0
0.000110599 0
0.000115478 0
0.000120573 0
0.000125893 0
0.000131447 0
0.000137246 88.5055
0.000143301 0
0.000149624 0
0.000156225 0
0.000163117 0
0.000170314 0
0.000177828 0
0.000185674 0
0.000193865 0
0.000202418 0
0.000211349 0
0.000220673 0
0.000230409 0
0.000240575 0
0.000251189 0
0.000262271 0
0.000273842 0
0.000285924 0
0.000298538 0
0.000311709 0
0.000325462 0
0.000339821 0
0.000354813 0
0.000370467 0
0.000386812 0
0.000403878 0
0.000421697 0
0.000440301 0
0.000459727 0
0.00048001 0
0.000501187 0
0.000523299 0
0.000546387 0
0.000570493 0
0.000595662 0
0.000621942 0
0.000649382 0
0.000678032 0
0.000707946 0
0.00073918 0
0.000771792 0
0.000805842 0
0.000841395 0
0.000878517 0
0.000917276 0
0.000957745 0
0.001 0
0.00104412 0
0.00109018 0
0.00113828 0
0.0011885 0
0.00124094 0
0.00129569 0
0.00135285 0
0.00141254 0
0.00147486 0
0.00153993 0
0.00160787 0
0.0016788 0
0.00175287 0
0.00183021 0
0.00191095 0
0.00199526 0
0.00208329 0
0.0021752 0
0.00227117 0
0.00237137 0
0.002476 0
0.00258523 0
0.00269929 0
0.00281838 0
0.00294273 0
0.00307256 0
0.00320812 0
0.00334965 0
0.00349744 0
0.00365174 0
0.00381285 0
0.00398107 0
0.00415671 0
0.0043401 0
0.00453158 0
0.00473151 0
0.00494026 0
0.00515822 0
0.0053858 118.739
0.00562341 0
0.00587151 3.00034
0.00613056 52.7597
0.00640103 0
0.00668344 0
0.00697831 0
0.00728618 0
0.00760764 55.1684
0.00794328 0
0.00829373 0
0.00865964 0
0.0090417 23.1565
0.00944061 117.699
0.00985712 323.905
0.010292 101.275
0.0107461 0
0.0112202 69.9075
0.0117152 179.687
0.0122321 268.964
0.0127717 59.5478
0.0133352 100.066
0.0139236 0
0.0145378 34.714
0.0151792 144.091
0.0158489 0
0.0165482 173.864
0.0172783 117.707
0.0180406 169.397
0.0188365 0
0.0196675 201.9
0.0205353 0
0.0214412 275.626
0.0223872 274.185
0.0233749 275.451
0.0244062 503.268
0.025483 200.792
0.0266073 318.025
0.0277811 0
0.0290068 305.291
0.0302866 522.636
0.0316228 171.005
0.0330179 108.472
0.0344747 273.7
0.0359956 454.011
0.0375837 140.023
0.0392419 423.408
0.0409732 647.446
0.0427809 303.112
0.0446684 306.27
0.0466391 305.075
0.0486968 395.275
0.0508452 526.4
0.0530884 383.445
0.0554307 520.462
0.0578762 613.684
0.0604296 529.319
0.0630957 738.341
0.0658795 338.271
0.068786 413.405
0.0718208 764.193
0.0749894 586.26
0.0782979 889.127
0.0817523 537.035
0.0853591 737.746
0.0891251 1319.9
0.0930572 1479.67
0.0971628 1064.22
0.10145 1115.43
0.105925 1085.67
0.110599 1191.61
0.115478 1129.82
0.120573 1475.81
0.125893 702.732
0.131447 1197.88
0.137246 1068.17
0.143301 1104.97
0.149624 1129.3
0.156225 939.479
0.163117 1119.11
0.170314 1550.49
0.177828 803.417
0.185674 1253.99
0.193865 1422.39
0.202418 1454.91
0.211349 1440.06
0.220673 783.438
0.230409 1824.05
0.240575 1689.9
0.251189 796.949
0.262271 1263.83
0.273842 1739.12
0.285924 1473.75
0.298538 1512.73
0.311709 965.709
0.325462 990.258
0.339821 2138.59
0.354813 1304.42
0.370467 1666.15
0.386812 1525.58
0.403878 1783.61
0.421697 1282.33
0.440301 1814.99
0.459727 1917.58
0.48001 1181.82
0.501187 1703.87
0.523299 1316.78
0.546387 1234.74
0.570493 612.594
0.595662 993.647
0.621942 1318.39
0.649382 1004.9
0.678032 1160.08
0.707946 1426.64
0.73918 619.829
0.771792 1735.89
0.805842 1012.43
0.841395 689.147
0.878517 1186.48
0.917276 1039.17
0.957745 620.07
1 328.266
1.04412 1005.93
1.09018 405.152
1.13828 597.684
1.1885 1091.49
1.24094 729.943
1.29569 540.099
1.35285 584.042
1.41254 560.847
1.47486 666.015
1.53993 424.365
1.60787 461.854
1.6788 626.756
1.75287 312.633
1.83021 358.911
1.91095 213.216
1.99526 754.044
2.08329 233.02
2.1752 325.1
2.27117 213.798
2.37137 62.7856
2.476 516.081
2.58523 325.325
2.69929 287.584
2.81838 231.029
2.94273 495.931
3.07256 296.465
3.20812 66.137
3.34965 195.842
3.49744 237.28
3.65174 506.243
3.81285 165.052
3.98107 280.829
4.15671 272.36
4.3401 154.467
4.53158 525.256
4.73151 77.1606
4.94026 218.551
5.15822 230.832
5.3858 173.723
5.62341 350.884
5.87151 297.499
6.13056 260.854
6.40103 119.742
6.68344 116.269
6.97831 252.795
7.28618 288.669
7.60764 151.235
7.94328 204.737
8.29373 118.736
8.65964 322.743
9.0417 79.2326
9.44061 0
9.85712 307.729
10.292 0
10.7461 156.683
11.2202 266.499
11.7152 0
12.2321 280.499
12.7717 530.409
13.3352 0
13.9236 373.202
14.5378 164.46
15.1792 287.312
15.8489 0
16.5482 78.6785
17.2783 211.845
18.0406 333.172
18.8365 0
19.6675 114.125
20.5353 0
21.4412 87.1362
22.3872 108.808
23.3749 109.067
24.4062 279.624
25.483 505.48
26.6073 258.118
27.7811 95.6894
29.0068 0
30.2866 314.709
31.6228 516.306
33.0179 13.33
34.4747 344.949
35.9956 41.0645
37.5837 69.2598
39.2419 209.59
40.9732 0
42.7809 0
44.6684 185.974
46.6391 243.649
48.6968 262.642
50.8452 313.154
53.0884 605.039
55.4307 165.836
57.8762 447.727
60.4296 872.755
63.0957 345.335
65.8795 241.365
68.786 687.82
71.8208 724.112
74.9894 604.551
78.2979 526.737
81.7523 590.78
85.3591 519.917
89.1251 268.823
93.0572 554.854
97.1628 546.111
101.45 959.962
105.925 750.058
110.599 419.264
115.478 354.289
120.573 382.727
125.893 766.538
131.447 788.64
137.246 957.084
143.301 755.651
149.624 517.813
156.225 739.583
163.117 725.927
170.314 450.401
177.828 673.052
185.674 951.06
193.865 491.011
202.418 435.71
211.349 340.318
220.673 217.06
230.409 196.668
240.575 203.863
251.189 221.188
262.271 246.445
273.842 97.8882
285.924 323.924
298.538 162.978
311.709 29.6462
325.462 101.905
339.821 88.8953
354.813 171.732
370.467 99.9505
386.812 178.139
403.878 0
421.697 112.124
440.301 0
459.727 67.3474
480.01 0
501.187 0
523.299 0
546.387 0
570.493 0
595.662 0
621.942 95.5394
649.382 0
678.032 0
707.946 0
739.18 0
771.792 0
805.842 0
841.395 0
878.517 0
917.276 0
957.745 0
1000 0
