# First line is two numbers 
#     First value is '2', it means 'histogram mode'
#     Second value is 'Emin' of the histogram
# Other lines : 2 columns. 1) energy 2) probability (nb divided by NbEvent)
# Number of bins = 480
# Content below the first bin: 0
# Content above the last  bin: 0
# Content above the last  bin: 0
# Number of events: 209000
2 1e-06
1.04412e-06 0
1.09018e-06 0
1.13828e-06 0
1.1885e-06 0
1.24094e-06 0
1.29569e-06 0
1.35285e-06 0
1.41254e-06 0
1.47486e-06 0
1.53993e-06 0
1.60787e-06 0
1.6788e-06 0
1.75287e-06 0
1.83021e-06 0
1.91095e-06 0
1.99526e-06 0
2.08329e-06 0
2.1752e-06 0
2.27117e-06 0
2.37137e-06 0
2.476e-06 0
2.58523e-06 0
2.69929e-06 0
2.81838e-06 0
2.94273e-06 0
3.07256e-06 0
3.20812e-06 0
3.34965e-06 0
3.49744e-06 0
3.65174e-06 0
3.81285e-06 0
3.98107e-06 0
4.15671e-06 0
4.3401e-06 0
4.53158e-06 0
4.73151e-06 0
4.94026e-06 0
5.15822e-06 0
5.3858e-06 0
5.62341e-06 0
5.87151e-06 0
6.13056e-06 0
6.40103e-06 0
6.68344e-06 0
6.97831e-06 0
7.28618e-06 0
7.60764e-06 0
7.94328e-06 0
8.29373e-06 0
8.65964e-06 0
9.0417e-06 0
9.44061e-06 0
9.85712e-06 0
1.0292e-05 0
1.07461e-05 0
1.12202e-05 0
1.17152e-05 0
1.22321e-05 0
1.27717e-05 0
1.33352e-05 0
1.39236e-05 0
1.45378e-05 0
1.51792e-05 0
1.58489e-05 0
1.65482e-05 0
1.72783e-05 0
1.80406e-05 0
1.88365e-05 0
1.96675e-05 0
2.05353e-05 0
2.14412e-05 0
2.23872e-05 0
2.33749e-05 0
2.44062e-05 0
2.5483e-05 0
2.66073e-05 0
2.77811e-05 0
2.90068e-05 0
3.02866e-05 0
3.16228e-05 0
3.30179e-05 0
3.44747e-05 0
3.59956e-05 0
3.75837e-05 0
3.92419e-05 0
4.09732e-05 0
4.27809e-05 0
4.46684e-05 0
4.66391e-05 0
4.86968e-05 0
5.08452e-05 0
5.30884e-05 0
5.54307e-05 0
5.78762e-05 0
6.04296e-05 0
6.30957e-05 0
6.58795e-05 0
6.8786e-05 0
7.18208e-05 0
7.49894e-05 0
7.82979e-05 0
8.17523e-05 0
8.53591e-05 0
8.91251e-05 0
9.30572e-05 0
9.71628e-05 0
0.00010145 0
0.000105925 0
0.000110599 0
0.000115478 0
0.000120573 0
0.000125893 0
0.000131447 0
0.000137246 0
0.000143301 0
0.000149624 0
0.000156225 0
0.000163117 0
0.000170314 0
0.000177828 0
0.000185674 0
0.000193865 0
0.000202418 0
0.000211349 0
0.000220673 0
0.000230409 0
0.000240575 0
0.000251189 0
0.000262271 0
0.000273842 0
0.000285924 0
0.000298538 0
0.000311709 0
0.000325462 0
0.000339821 0
0.000354813 0
0.000370467 0
0.000386812 0
0.000403878 0
0.000421697 0
0.000440301 0
0.000459727 0
0.00048001 0
0.000501187 0
0.000523299 0
0.000546387 1
0.000570493 0
0.000595662 0
0.000621942 0
0.000649382 0
0.000678032 0
0.000707946 0
0.00073918 0
0.000771792 0
0.000805842 0
0.000841395 0
0.000878517 0
0.000917276 0
0.000957745 0
0.001 0
0.00104412 0
0.00109018 0
0.00113828 0
0.0011885 0
0.00124094 0
0.00129569 0
0.00135285 0
0.00141254 0
0.00147486 0
0.00153993 0
0.00160787 0
0.0016788 0
0.00175287 0
0.00183021 0
0.00191095 1
0.00199526 0
0.00208329 0
0.0021752 0
0.00227117 1
0.00237137 0
0.002476 2
0.00258523 1
0.00269929 0
0.00281838 0
0.00294273 3
0.00307256 1
0.00320812 0
0.00334965 0
0.00349744 0
0.00365174 1
0.00381285 1
0.00398107 0
0.00415671 0
0.0043401 0
0.00453158 1
0.00473151 0
0.00494026 2
0.00515822 0
0.0053858 2
0.00562341 2
0.00587151 0
0.00613056 1
0.00640103 3
0.00668344 1
0.00697831 1
0.00728618 1
0.00760764 2
0.00794328 1
0.00829373 1
0.00865964 1
0.0090417 4
0.00944061 3
0.00985712 6
0.010292 4
0.0107461 5
0.0112202 1
0.0117152 3
0.0122321 6
0.0127717 5
0.0133352 6
0.0139236 8
0.0145378 7
0.0151792 7
0.0158489 5
0.0165482 8
0.0172783 8
0.0180406 11
0.0188365 10
0.0196675 11
0.0205353 7
0.0214412 11
0.0223872 9
0.0233749 17
0.0244062 14
0.025483 19
0.0266073 15
0.0277811 19
0.0290068 23
0.0302866 20
0.0316228 21
0.0330179 23
0.0344747 24
0.0359956 25
0.0375837 26
0.0392419 22
0.0409732 26
0.0427809 21
0.0446684 34
0.0466391 47
0.0486968 34
0.0508452 37
0.0530884 39
0.0554307 39
0.0578762 37
0.0604296 37
0.0630957 47
0.0658795 60
0.068786 47
0.0718208 55
0.0749894 49
0.0782979 51
0.0817523 42
0.0853591 66
0.0891251 76
0.0930572 73
0.0971628 75
0.10145 73
0.105925 63
0.110599 75
0.115478 78
0.120573 99
0.125893 97
0.131447 89
0.137246 80
0.143301 92
0.149624 99
0.156225 89
0.163117 109
0.170314 111
0.177828 102
0.185674 89
0.193865 113
0.202418 113
0.211349 104
0.220673 97
0.230409 97
0.240575 96
0.251189 109
0.262271 103
0.273842 121
0.285924 117
0.298538 109
0.311709 104
0.325462 116
0.339821 124
0.354813 125
0.370467 103
0.386812 121
0.403878 123
0.421697 125
0.440301 111
0.459727 114
0.48001 123
0.501187 105
0.523299 118
0.546387 123
0.570493 110
0.595662 97
0.621942 132
0.649382 103
0.678032 98
0.707946 110
0.73918 108
0.771792 95
0.805842 92
0.841395 84
0.878517 95
0.917276 79
0.957745 72
1 85
1.04412 86
1.09018 77
1.13828 68
1.1885 50
1.24094 55
1.29569 50
1.35285 55
1.41254 41
1.47486 44
1.53993 43
1.60787 37
1.6788 38
1.75287 35
1.83021 37
1.91095 44
1.99526 36
2.08329 46
2.1752 24
2.27117 28
2.37137 32
2.476 29
2.58523 25
2.69929 26
2.81838 21
2.94273 24
3.07256 32
3.20812 28
3.34965 15
3.49744 16
3.65174 31
3.81285 19
3.98107 33
4.15671 23
4.3401 23
4.53158 17
4.73151 13
4.94026 16
5.15822 13
5.3858 14
5.62341 24
5.87151 15
6.13056 11
6.40103 15
6.68344 16
6.97831 14
7.28618 13
7.60764 11
7.94328 12
8.29373 17
8.65964 10
9.0417 20
9.44061 8
9.85712 9
10.292 19
10.7461 9
11.2202 9
11.7152 9
12.2321 15
12.7717 5
13.3352 10
13.9236 14
14.5378 17
15.1792 14
15.8489 11
16.5482 10
17.2783 13
18.0406 15
18.8365 13
19.6675 8
20.5353 6
21.4412 17
22.3872 10
23.3749 17
24.4062 15
25.483 18
26.6073 19
27.7811 12
29.0068 10
30.2866 15
31.6228 21
33.0179 14
34.4747 20
35.9956 15
37.5837 16
39.2419 10
40.9732 19
42.7809 20
44.6684 15
46.6391 23
48.6968 12
50.8452 25
53.0884 22
55.4307 18
57.8762 24
60.4296 30
63.0957 19
65.8795 22
68.786 22
71.8208 22
74.9894 23
78.2979 32
81.7523 26
85.3591 21
89.1251 27
93.0572 27
97.1628 34
101.45 30
105.925 31
110.599 51
115.478 34
120.573 38
125.893 43
131.447 33
137.246 38
143.301 33
149.624 45
156.225 29
163.117 36
170.314 45
177.828 37
185.674 45
193.865 59
202.418 33
211.349 52
220.673 66
230.409 56
240.575 48
251.189 41
262.271 49
273.842 30
285.924 28
298.538 26
311.709 23
325.462 19
339.821 9
354.813 8
370.467 6
386.812 7
403.878 7
421.697 7
440.301 4
459.727 3
480.01 0
501.187 3
523.299 1
546.387 4
570.493 1
595.662 2
621.942 1
649.382 2
678.032 2
707.946 1
739.18 1
771.792 1
805.842 0
841.395 1
878.517 0
917.276 0
957.745 0
1000 0
