# First line is two numbers 
#     First value is '2', it means 'histogram mode'
#     Second value is 'Emin' of the histogram
# Other lines : 2 columns. 1) energy 2) probability (nb divided by NbEvent)
# Number of bins = 480
# Content below the first bin: 0
# Content above the last  bin: 0
# Content above the last  bin: 0
# Number of events: 209000
2 1e-06
1.04412e-06 0
1.09018e-06 0
1.13828e-06 0
1.1885e-06 0
1.24094e-06 0
1.29569e-06 0
1.35285e-06 0
1.41254e-06 0
1.47486e-06 0
1.53993e-06 0
1.60787e-06 0
1.6788e-06 0
1.75287e-06 0
1.83021e-06 0
1.91095e-06 0
1.99526e-06 0
2.08329e-06 0
2.1752e-06 0
2.27117e-06 0
2.37137e-06 0
2.476e-06 0
2.58523e-06 0
2.69929e-06 0
2.81838e-06 0
2.94273e-06 0
3.07256e-06 0
3.20812e-06 0
3.34965e-06 0
3.49744e-06 0
3.65174e-06 0
3.81285e-06 0
3.98107e-06 0
4.15671e-06 0
4.3401e-06 0
4.53158e-06 0
4.73151e-06 0
4.94026e-06 0
5.15822e-06 0
5.3858e-06 0
5.62341e-06 0
5.87151e-06 0
6.13056e-06 0
6.40103e-06 0
6.68344e-06 0
6.97831e-06 0
7.28618e-06 0
7.60764e-06 0
7.94328e-06 0
8.29373e-06 0
8.65964e-06 0
9.0417e-06 0
9.44061e-06 0
9.85712e-06 0
1.0292e-05 0
1.07461e-05 0
1.12202e-05 0
1.17152e-05 0
1.22321e-05 0
1.27717e-05 0
1.33352e-05 0
1.39236e-05 0
1.45378e-05 0
1.51792e-05 0
1.58489e-05 0
1.65482e-05 0
1.72783e-05 0
1.80406e-05 0
1.88365e-05 0
1.96675e-05 0
2.05353e-05 0
2.14412e-05 0
2.23872e-05 0
2.33749e-05 0
2.44062e-05 0
2.5483e-05 0
2.66073e-05 0
2.77811e-05 0
2.90068e-05 0
3.02866e-05 0
3.16228e-05 0
3.30179e-05 0
3.44747e-05 0
3.59956e-05 0
3.75837e-05 0
3.92419e-05 0
4.09732e-05 0
4.27809e-05 0
4.46684e-05 0
4.66391e-05 0
4.86968e-05 0
5.08452e-05 0
5.30884e-05 0
5.54307e-05 0
5.78762e-05 0
6.04296e-05 0
6.30957e-05 0
6.58795e-05 0
6.8786e-05 0
7.18208e-05 0
7.49894e-05 0
7.82979e-05 0
8.17523e-05 0
8.53591e-05 0
8.91251e-05 0
9.30572e-05 0
9.71628e-05 0
0.00010145 0
0.000105925 0
0.000110599 0
0.000115478 0
0.000120573 0
0.000125893 0
0.000131447 0
0.000137246 0
0.000143301 0
0.000149624 0
0.000156225 0
0.000163117 0
0.000170314 0
0.000177828 0
0.000185674 0
0.000193865 0
0.000202418 0
0.000211349 0
0.000220673 0
0.000230409 0
0.000240575 0
0.000251189 0
0.000262271 0
0.000273842 0
0.000285924 0
0.000298538 0
0.000311709 0
0.000325462 0
0.000339821 99.1586
0.000354813 0
0.000370467 0
0.000386812 0
0.000403878 0
0.000421697 0
0.000440301 0
0.000459727 0
0.00048001 0
0.000501187 0
0.000523299 0
0.000546387 0
0.000570493 0
0.000595662 0
0.000621942 0
0.000649382 0
0.000678032 0
0.000707946 0
0.00073918 0
0.000771792 0
0.000805842 0
0.000841395 0
0.000878517 0
0.000917276 0
0.000957745 0
0.001 0
0.00104412 0
0.00109018 0
0.00113828 0
0.0011885 0
0.00124094 0
0.00129569 0
0.00135285 0
0.00141254 0
0.00147486 0
0.00153993 0
0.00160787 0
0.0016788 0
0.00175287 94.6893
0.00183021 0
0.00191095 0
0.00199526 79.2748
0.00208329 0
0.0021752 0
0.00227117 0
0.00237137 0
0.002476 0
0.00258523 0
0.00269929 0
0.00281838 153.683
0.00294273 0
0.00307256 0
0.00320812 0
0.00334965 0
0.00349744 0
0.00365174 0
0.00381285 40.2512
0.00398107 0
0.00415671 0
0.0043401 0
0.00453158 0
0.00473151 0
0.00494026 0
0.00515822 0
0.0053858 0
0.00562341 0
0.00587151 0
0.00613056 0
0.00640103 42.4619
0.00668344 75.3286
0.00697831 0
0.00728618 0
0.00760764 219.025
0.00794328 0
0.00829373 45.8677
0.00865964 38.5846
0.0090417 236.785
0.00944061 133.549
0.00985712 0
0.010292 32.2284
0.0107461 95.3142
0.0112202 61.2625
0.0117152 202.89
0.0122321 179.959
0.0127717 284.173
0.0133352 9.94132
0.0139236 70.2712
0.0145378 52.6289
0.0151792 192.87
0.0158489 489.893
0.0165482 145.862
0.0172783 174.347
0.0180406 288.014
0.0188365 434.166
0.0196675 452.939
0.0205353 541.938
0.0214412 467.492
0.0223872 326.049
0.0233749 447.976
0.0244062 604.368
0.025483 624.74
0.0266073 590.059
0.0277811 331.212
0.0290068 566.556
0.0302866 865.738
0.0316228 691.836
0.0330179 937.42
0.0344747 640.302
0.0359956 747.356
0.0375837 1207.91
0.0392419 896.117
0.0409732 1377.16
0.0427809 1297.07
0.0446684 1202.22
0.0466391 1038.42
0.0486968 604.85
0.0508452 1133.27
0.0530884 1094.68
0.0554307 2036.52
0.0578762 1348.34
0.0604296 2024.05
0.0630957 1946.16
0.0658795 1702.17
0.068786 1873.05
0.0718208 1833.94
0.0749894 2306.73
0.0782979 1644.97
0.0817523 2300.41
0.0853591 1838.81
0.0891251 2464.96
0.0930572 3366.91
0.0971628 3100.23
0.10145 1860.92
0.105925 1561.69
0.110599 2252.29
0.115478 2944.68
0.120573 2839
0.125893 2842.78
0.131447 3317.93
0.137246 3739.96
0.143301 2654.67
0.149624 3429.9
0.156225 3125.42
0.163117 2979.64
0.170314 3853.26
0.177828 4005.2
0.185674 3346.5
0.193865 3247.52
0.202418 3735.02
0.211349 4782.5
0.220673 4526.18
0.230409 4890.03
0.240575 4503.99
0.251189 4812.96
0.262271 3408.36
0.273842 4700.74
0.285924 4587.21
0.298538 4402.53
0.311709 3708.53
0.325462 5173.33
0.339821 5472.11
0.354813 3526.52
0.370467 4461.57
0.386812 6138.02
0.403878 5713.62
0.421697 5203.82
0.440301 5077.73
0.459727 5947.06
0.48001 4081.11
0.501187 4104.08
0.523299 4380.44
0.546387 5215.74
0.570493 4196.23
0.595662 5550.97
0.621942 5398.7
0.649382 3759.73
0.678032 3866.61
0.707946 4583.06
0.73918 4829.44
0.771792 3590.49
0.805842 3122.49
0.841395 2733.78
0.878517 3094.58
0.917276 4143.55
0.957745 3224.21
1 3005.57
1.04412 3356.81
1.09018 2912.91
1.13828 2911.34
1.1885 1479.82
1.24094 1886.35
1.29569 1534.95
1.35285 2590.69
1.41254 1453.38
1.47486 1299.86
1.53993 1364.26
1.60787 2384.87
1.6788 1545.8
1.75287 909.992
1.83021 1564.1
1.91095 1391.52
1.99526 1531.24
2.08329 953.472
2.1752 714.913
2.27117 1877.65
2.37137 1918.44
2.476 1608.36
2.58523 1680.06
2.69929 895.584
2.81838 873.742
2.94273 1277.56
3.07256 1112.82
3.20812 1497.28
3.34965 1113.28
3.49744 899.439
3.65174 708.451
3.81285 643.024
3.98107 978.736
4.15671 942.126
4.3401 1070.05
4.53158 888.208
4.73151 1152.61
4.94026 711.92
5.15822 825.731
5.3858 505.8
5.62341 762.926
5.87151 718.797
6.13056 1041.45
6.40103 427.7
6.68344 413.906
6.97831 463.037
7.28618 411.151
7.60764 230.144
7.94328 406.025
8.29373 892.881
8.65964 656.345
9.0417 240.321
9.44061 511.842
9.85712 509.334
10.292 381.301
10.7461 296.831
11.2202 404.313
11.7152 286.623
12.2321 505.264
12.7717 690.426
13.3352 681.254
13.9236 190.273
14.5378 168.425
15.1792 648.531
15.8489 186.489
16.5482 280.377
17.2783 541.603
18.0406 521.607
18.8365 595.282
19.6675 584.764
20.5353 281.734
21.4412 368.902
22.3872 534.437
23.3749 448.302
24.4062 656.322
25.483 201.698
26.6073 616.745
27.7811 472.839
29.0068 866.833
30.2866 444.971
31.6228 504.277
33.0179 891.023
34.4747 87.1826
35.9956 415.567
37.5837 303.389
39.2419 318.815
40.9732 686.719
42.7809 563.611
44.6684 459.519
46.6391 652.714
48.6968 616.135
50.8452 743.509
53.0884 342.612
55.4307 751.401
57.8762 1204.84
60.4296 793.244
63.0957 790.434
65.8795 583.163
68.786 555.354
71.8208 690.622
74.9894 295.08
78.2979 688.647
81.7523 506.406
85.3591 663.381
89.1251 250.158
93.0572 228.878
97.1628 653.335
101.45 290.081
105.925 476.789
110.599 502.85
115.478 766.227
120.573 448.589
125.893 286.933
131.447 278.719
137.246 500.494
143.301 387.901
149.624 632.438
156.225 758.626
163.117 196.002
170.314 238.696
177.828 705.528
185.674 243.241
193.865 467.437
202.418 472.172
211.349 218.884
220.673 588.276
230.409 118.797
240.575 320.844
251.189 150.813
262.271 302.868
273.842 139.723
285.924 110.445
298.538 347.754
311.709 754.318
325.462 231.124
339.821 107.327
354.813 0
370.467 130.228
386.812 107.385
403.878 0
421.697 0
440.301 0
459.727 0
480.01 100.547
501.187 0
523.299 0
546.387 0
570.493 0
595.662 0
621.942 0
649.382 0
678.032 0
707.946 0
739.18 0
771.792 0
805.842 0
841.395 0
878.517 0
917.276 0
957.745 0
1000 0
