# First line is two numbers 
#     First value is '2', it means 'histogram mode'
#     Second value is 'Emin' of the histogram
# Other lines : 2 columns. 1) energy 2) probability (nb divided by NbEvent)
# Number of bins = 480
# Content below the first bin: 0
# Content above the last  bin: 0
# Content above the last  bin: 0
# Number of events: 209000
2 1e-06
1.04412e-06 0
1.09018e-06 0
1.13828e-06 0
1.1885e-06 0
1.24094e-06 0
1.29569e-06 0
1.35285e-06 0
1.41254e-06 0
1.47486e-06 0
1.53993e-06 0
1.60787e-06 0
1.6788e-06 0
1.75287e-06 0
1.83021e-06 0
1.91095e-06 0
1.99526e-06 0
2.08329e-06 0
2.1752e-06 0
2.27117e-06 0
2.37137e-06 0
2.476e-06 0
2.58523e-06 0
2.69929e-06 0
2.81838e-06 0
2.94273e-06 0
3.07256e-06 0
3.20812e-06 0
3.34965e-06 0
3.49744e-06 0
3.65174e-06 0
3.81285e-06 0
3.98107e-06 0
4.15671e-06 0
4.3401e-06 0
4.53158e-06 0
4.73151e-06 0
4.94026e-06 0
5.15822e-06 0
5.3858e-06 0
5.62341e-06 0
5.87151e-06 0
6.13056e-06 0
6.40103e-06 0
6.68344e-06 0
6.97831e-06 0
7.28618e-06 0
7.60764e-06 0
7.94328e-06 0
8.29373e-06 0
8.65964e-06 0
9.0417e-06 0
9.44061e-06 0
9.85712e-06 0
1.0292e-05 0
1.07461e-05 0
1.12202e-05 0
1.17152e-05 0
1.22321e-05 0
1.27717e-05 0
1.33352e-05 0
1.39236e-05 0
1.45378e-05 0
1.51792e-05 0
1.58489e-05 0
1.65482e-05 0
1.72783e-05 0
1.80406e-05 0
1.88365e-05 0
1.96675e-05 0
2.05353e-05 0
2.14412e-05 0
2.23872e-05 0
2.33749e-05 0
2.44062e-05 0
2.5483e-05 0
2.66073e-05 0
2.77811e-05 0
2.90068e-05 0
3.02866e-05 0
3.16228e-05 0
3.30179e-05 0
3.44747e-05 0
3.59956e-05 0
3.75837e-05 0
3.92419e-05 0
4.09732e-05 0
4.27809e-05 0
4.46684e-05 0
4.66391e-05 0
4.86968e-05 0
5.08452e-05 0
5.30884e-05 0
5.54307e-05 0
5.78762e-05 0
6.04296e-05 0
6.30957e-05 0
6.58795e-05 0
6.8786e-05 0
7.18208e-05 0
7.49894e-05 0
7.82979e-05 0
8.17523e-05 0
8.53591e-05 0
8.91251e-05 0
9.30572e-05 0
9.71628e-05 0
0.00010145 0
0.000105925 0
0.000110599 0
0.000115478 0
0.000120573 0
0.000125893 0
0.000131447 0
0.000137246 0
0.000143301 0
0.000149624 0
0.000156225 0
0.000163117 0
0.000170314 0
0.000177828 0
0.000185674 0
0.000193865 0
0.000202418 0
0.000211349 0
0.000220673 0
0.000230409 0
0.000240575 0
0.000251189 0
0.000262271 0
0.000273842 0
0.000285924 0
0.000298538 0
0.000311709 0
0.000325462 0
0.000339821 0
0.000354813 0
0.000370467 0
0.000386812 0
0.000403878 0
0.000421697 0
0.000440301 0
0.000459727 0
0.00048001 0
0.000501187 0
0.000523299 0
0.000546387 0
0.000570493 0
0.000595662 0
0.000621942 0
0.000649382 0
0.000678032 0
0.000707946 0
0.00073918 0
0.000771792 0
0.000805842 0
0.000841395 0
0.000878517 0
0.000917276 0
0.000957745 0
0.001 0
0.00104412 89.7881
0.00109018 0
0.00113828 0
0.0011885 0
0.00124094 46.5294
0.00129569 72.6204
0.00135285 0
0.00141254 0
0.00147486 0
0.00153993 0
0.00160787 0
0.0016788 0
0.00175287 0
0.00183021 0
0.00191095 0
0.00199526 0
0.00208329 0
0.0021752 7.10954
0.00227117 0
0.00237137 0
0.002476 0
0.00258523 0
0.00269929 0
0.00281838 0
0.00294273 0
0.00307256 0
0.00320812 0
0.00334965 93.4608
0.00349744 0
0.00365174 0
0.00381285 0
0.00398107 0
0.00415671 0
0.0043401 0
0.00453158 0
0.00473151 0
0.00494026 72.1677
0.00515822 0
0.0053858 0
0.00562341 0
0.00587151 80.501
0.00613056 0
0.00640103 89.9257
0.00668344 20.5903
0.00697831 0
0.00728618 0
0.00760764 168.246
0.00794328 201.331
0.00829373 41.6114
0.00865964 195.96
0.0090417 83.827
0.00944061 96.2898
0.00985712 111.768
0.010292 79.2645
0.0107461 118.19
0.0112202 151.079
0.0117152 111.199
0.0122321 482.061
0.0127717 302.071
0.0133352 87.7828
0.0139236 44.6333
0.0145378 113.873
0.0151792 143.641
0.0158489 293.682
0.0165482 52.07
0.0172783 282.07
0.0180406 198.148
0.0188365 208.748
0.0196675 449.399
0.0205353 872.712
0.0214412 496.218
0.0223872 609.675
0.0233749 253.985
0.0244062 491.74
0.025483 759.069
0.0266073 898.276
0.0277811 190.797
0.0290068 809.487
0.0302866 1045.8
0.0316228 1175.53
0.0330179 950.03
0.0344747 624.001
0.0359956 621.791
0.0375837 1202.31
0.0392419 924.252
0.0409732 1048.93
0.0427809 417.98
0.0446684 1277.66
0.0466391 2023.28
0.0486968 1655.46
0.0508452 1435.86
0.0530884 1004.12
0.0554307 1179.5
0.0578762 1448.89
0.0604296 1296.67
0.0630957 1935.87
0.0658795 1880.22
0.068786 2365.03
0.0718208 2712.77
0.0749894 1843.37
0.0782979 1856.13
0.0817523 2610.23
0.0853591 1931.1
0.0891251 2395.9
0.0930572 3256.03
0.0971628 3121.92
0.10145 2838.52
0.105925 3442.2
0.110599 2746.27
0.115478 3560.34
0.120573 4035.18
0.125893 3077.95
0.131447 3556.26
0.137246 2666.34
0.143301 2856.18
0.149624 3458.46
0.156225 4303.28
0.163117 3192.07
0.170314 3669.02
0.177828 4567.04
0.185674 3310.69
0.193865 4354.65
0.202418 4498.2
0.211349 4574.03
0.220673 3514.25
0.230409 2940.83
0.240575 3736.53
0.251189 4096.79
0.262271 5155.12
0.273842 5122.68
0.285924 3559.75
0.298538 5418.57
0.311709 4675.09
0.325462 4641.69
0.339821 5097.06
0.354813 6531.97
0.370467 4685.72
0.386812 4931.8
0.403878 5118.72
0.421697 5017.57
0.440301 5034.86
0.459727 3486.56
0.48001 5095.4
0.501187 5589.01
0.523299 4529.14
0.546387 4820.57
0.570493 5582.59
0.595662 4482.97
0.621942 5210.7
0.649382 4464.39
0.678032 4739.17
0.707946 4234.73
0.73918 3359.91
0.771792 3526.49
0.805842 5436.82
0.841395 3900.46
0.878517 3422.16
0.917276 3257.56
0.957745 2746.28
1 3138.32
1.04412 2553.38
1.09018 2927.16
1.13828 3234.95
1.1885 2143.23
1.24094 2008.87
1.29569 2670.25
1.35285 2450.06
1.41254 1932.16
1.47486 1830.61
1.53993 1127.39
1.60787 1239.29
1.6788 1409.86
1.75287 1634.01
1.83021 2068.68
1.91095 992.197
1.99526 680.477
2.08329 1645.38
2.1752 1209.09
2.27117 1221.04
2.37137 740.166
2.476 1232.22
2.58523 1188.53
2.69929 987.623
2.81838 470.451
2.94273 978.036
3.07256 1024.58
3.20812 881.634
3.34965 528.38
3.49744 721.791
3.65174 894.774
3.81285 1025.33
3.98107 992.284
4.15671 1259.09
4.3401 601.456
4.53158 1425.3
4.73151 629.771
4.94026 507.245
5.15822 838.127
5.3858 824.73
5.62341 802.217
5.87151 1037.7
6.13056 592.486
6.40103 769.245
6.68344 244.607
6.97831 971.707
7.28618 495.254
7.60764 752.894
7.94328 417.367
8.29373 715.458
8.65964 381.897
9.0417 158.44
9.44061 85.0091
9.85712 644.214
10.292 518.05
10.7461 466.714
11.2202 445.531
11.7152 355.645
12.2321 563.907
12.7717 237.124
13.3352 632.644
13.9236 356.272
14.5378 521.391
15.1792 166.649
15.8489 217.188
16.5482 221.947
17.2783 356.295
18.0406 256.77
18.8365 314.889
19.6675 298.983
20.5353 284.718
21.4412 557.405
22.3872 262.54
23.3749 491.801
24.4062 77.7664
25.483 763.973
26.6073 276.834
27.7811 225.425
29.0068 607.238
30.2866 193.989
31.6228 457.175
33.0179 606.408
34.4747 57.9816
35.9956 677.411
37.5837 837.461
39.2419 564.804
40.9732 434.52
42.7809 422.912
44.6684 740.761
46.6391 576.725
48.6968 473.135
50.8452 191.98
53.0884 606.833
55.4307 686.047
57.8762 528.005
60.4296 349.933
63.0957 546.415
65.8795 679.945
68.786 412.948
71.8208 650.283
74.9894 334.182
78.2979 641.054
81.7523 717.584
85.3591 1161.83
89.1251 891.083
93.0572 457.652
97.1628 1051.62
101.45 566.245
105.925 753.064
110.599 408.295
115.478 961.493
120.573 428.845
125.893 378.471
131.447 750.181
137.246 440.245
143.301 56.6428
149.624 919.057
156.225 411.306
163.117 429.354
170.314 261.357
177.828 61.5901
185.674 512.224
193.865 450.693
202.418 560.766
211.349 170.215
220.673 327.92
230.409 121.186
240.575 323.166
251.189 261.968
262.271 91.7727
273.842 130.373
285.924 117.367
298.538 232.869
311.709 164.993
325.462 284.437
339.821 0
354.813 214.045
370.467 137.924
386.812 0
403.878 0
421.697 0
440.301 0
459.727 0
480.01 0
501.187 0
523.299 0
546.387 208.052
570.493 0
595.662 0
621.942 0
649.382 0
678.032 0
707.946 0
739.18 98.6048
771.792 0
805.842 0
841.395 0
878.517 0
917.276 0
957.745 0
1000 0
