# First line is two numbers 
#     First value is '2', it means 'histogram mode'
#     Second value is 'Emin' of the histogram
# Other lines : 2 columns. 1) energy 2) probability (nb divided by NbEvent)
# Number of bins = 480
# Content below the first bin: 0
# Content above the last  bin: 0
# Content above the last  bin: 0
# Number of events: 209000
2 1e-06
1.04412e-06 0
1.09018e-06 0
1.13828e-06 0
1.1885e-06 0
1.24094e-06 0
1.29569e-06 0
1.35285e-06 0
1.41254e-06 0
1.47486e-06 0
1.53993e-06 0
1.60787e-06 0
1.6788e-06 0
1.75287e-06 0
1.83021e-06 0
1.91095e-06 0
1.99526e-06 0
2.08329e-06 0
2.1752e-06 0
2.27117e-06 0
2.37137e-06 0
2.476e-06 0
2.58523e-06 0
2.69929e-06 0
2.81838e-06 0
2.94273e-06 0
3.07256e-06 0
3.20812e-06 0
3.34965e-06 0
3.49744e-06 0
3.65174e-06 0
3.81285e-06 0
3.98107e-06 0
4.15671e-06 0
4.3401e-06 0
4.53158e-06 0
4.73151e-06 0
4.94026e-06 0
5.15822e-06 0
5.3858e-06 0
5.62341e-06 0
5.87151e-06 0
6.13056e-06 0
6.40103e-06 0
6.68344e-06 0
6.97831e-06 0
7.28618e-06 0
7.60764e-06 0
7.94328e-06 0
8.29373e-06 0
8.65964e-06 0
9.0417e-06 0
9.44061e-06 0
9.85712e-06 0
1.0292e-05 0
1.07461e-05 0
1.12202e-05 0
1.17152e-05 0
1.22321e-05 0
1.27717e-05 0
1.33352e-05 0
1.39236e-05 0
1.45378e-05 0
1.51792e-05 0
1.58489e-05 0
1.65482e-05 0
1.72783e-05 0
1.80406e-05 0
1.88365e-05 0
1.96675e-05 0
2.05353e-05 0
2.14412e-05 0
2.23872e-05 0
2.33749e-05 0
2.44062e-05 0
2.5483e-05 0
2.66073e-05 0
2.77811e-05 0
2.90068e-05 0
3.02866e-05 0
3.16228e-05 0
3.30179e-05 0
3.44747e-05 0
3.59956e-05 0
3.75837e-05 0
3.92419e-05 0
4.09732e-05 0
4.27809e-05 0
4.46684e-05 0
4.66391e-05 0
4.86968e-05 0
5.08452e-05 0
5.30884e-05 0
5.54307e-05 0
5.78762e-05 0
6.04296e-05 0
6.30957e-05 0
6.58795e-05 0
6.8786e-05 0
7.18208e-05 0
7.49894e-05 0
7.82979e-05 0
8.17523e-05 0
8.53591e-05 0
8.91251e-05 0
9.30572e-05 0
9.71628e-05 0
0.00010145 0
0.000105925 0
0.000110599 0
0.000115478 0
0.000120573 0
0.000125893 0
0.000131447 0
0.000137246 0
0.000143301 0
0.000149624 0
0.000156225 0
0.000163117 0
0.000170314 0
0.000177828 0
0.000185674 0
0.000193865 0
0.000202418 0
0.000211349 0
0.000220673 0
0.000230409 0
0.000240575 0
0.000251189 0
0.000262271 0
0.000273842 0
0.000285924 0
0.000298538 0
0.000311709 0
0.000325462 0
0.000339821 0
0.000354813 0
0.000370467 0
0.000386812 0
0.000403878 0
0.000421697 0
0.000440301 0
0.000459727 0
0.00048001 0
0.000501187 0
0.000523299 0
0.000546387 0
0.000570493 0
0.000595662 0
0.000621942 0
0.000649382 0
0.000678032 0
0.000707946 0
0.00073918 0
0.000771792 0
0.000805842 0
0.000841395 0
0.000878517 0
0.000917276 0
0.000957745 0
0.001 0
0.00104412 0
0.00109018 0
0.00113828 0
0.0011885 0
0.00124094 0
0.00129569 0
0.00135285 0
0.00141254 0
0.00147486 0
0.00153993 0
0.00160787 0
0.0016788 0
0.00175287 0
0.00183021 0
0.00191095 0
0.00199526 0
0.00208329 0
0.0021752 0
0.00227117 0
0.00237137 0
0.002476 0
0.00258523 0
0.00269929 0
0.00281838 0
0.00294273 0
0.00307256 0
0.00320812 0
0.00334965 0
0.00349744 0
0.00365174 0
0.00381285 0
0.00398107 0
0.00415671 0
0.0043401 0
0.00453158 0
0.00473151 0
0.00494026 0
0.00515822 0
0.0053858 0
0.00562341 0
0.00587151 0
0.00613056 0
0.00640103 35.145
0.00668344 38.2066
0.00697831 0
0.00728618 0
0.00760764 0
0.00794328 0
0.00829373 0
0.00865964 0
0.0090417 0
0.00944061 0
0.00985712 0
0.010292 0
0.0107461 89.5024
0.0112202 117.91
0.0117152 0
0.0122321 0
0.0127717 0
0.0133352 0
0.0139236 0
0.0145378 0
0.0151792 0
0.0158489 0
0.0165482 0
0.0172783 0
0.0180406 0
0.0188365 104.325
0.0196675 48.4154
0.0205353 154.638
0.0214412 154.602
0.0223872 41.1224
0.0233749 75.6665
0.0244062 119.242
0.025483 0
0.0266073 0
0.0277811 0
0.0290068 152.344
0.0302866 0
0.0316228 0
0.0330179 39.5029
0.0344747 146.348
0.0359956 62.2606
0.0375837 360.447
0.0392419 104.504
0.0409732 85.3925
0.0427809 0
0.0446684 431.416
0.0466391 114.376
0.0486968 234.584
0.0508452 116.191
0.0530884 564.095
0.0554307 257.624
0.0578762 297.278
0.0604296 169.501
0.0630957 307.541
0.0658795 210.609
0.068786 267.191
0.0718208 359.677
0.0749894 380.913
0.0782979 850.163
0.0817523 841.995
0.0853591 416.11
0.0891251 455.386
0.0930572 639.582
0.0971628 346.885
0.10145 957.493
0.105925 848.804
0.110599 576.33
0.115478 390.794
0.120573 846.783
0.125893 414.721
0.131447 718.06
0.137246 596.651
0.143301 771.581
0.149624 333.121
0.156225 959.431
0.163117 1049.76
0.170314 694.319
0.177828 147.192
0.185674 940.809
0.193865 914.71
0.202418 972.347
0.211349 677.117
0.220673 642.941
0.230409 932.425
0.240575 631.801
0.251189 604.878
0.262271 950.599
0.273842 554.43
0.285924 626.329
0.298538 1190.29
0.311709 416.118
0.325462 507.456
0.339821 1234.11
0.354813 912.288
0.370467 971.666
0.386812 701.087
0.403878 670.157
0.421697 892.251
0.440301 339.899
0.459727 847.085
0.48001 1095.6
0.501187 731.568
0.523299 764.923
0.546387 490.067
0.570493 713.647
0.595662 781.941
0.621942 849.17
0.649382 394.807
0.678032 683.231
0.707946 874.065
0.73918 896.696
0.771792 292.69
0.805842 924.723
0.841395 350.154
0.878517 115.763
0.917276 492.375
0.957745 671.937
1 159.601
1.04412 282.224
1.09018 575.014
1.13828 290.471
1.1885 408.884
1.24094 170.975
1.29569 571.305
1.35285 533.142
1.41254 160.202
1.47486 363.096
1.53993 405.078
1.60787 359.386
1.6788 71.8032
1.75287 377.393
1.83021 139.73
1.91095 187.04
1.99526 144.162
2.08329 101.467
2.1752 77.2338
2.27117 299.048
2.37137 323.425
2.476 142.035
2.58523 514.376
2.69929 205.611
2.81838 194.837
2.94273 324.212
3.07256 62.5644
3.20812 234.347
3.34965 76.0699
3.49744 418.915
3.65174 90.6758
3.81285 428.797
3.98107 113.49
4.15671 109.027
4.3401 166.812
4.53158 118.332
4.73151 123.001
4.94026 205.792
5.15822 285.436
5.3858 153.748
5.62341 101.005
5.87151 119.996
6.13056 159.049
6.40103 0
6.68344 137.8
6.97831 0
7.28618 329.984
7.60764 105.67
7.94328 75.4521
8.29373 97.7055
8.65964 117.612
9.0417 117.941
9.44061 158.821
9.85712 200.991
10.292 198.595
10.7461 155.029
11.2202 216.961
11.7152 0
12.2321 0
12.7717 185.404
13.3352 201.086
13.9236 0
14.5378 0
15.1792 72.6676
15.8489 39.2683
16.5482 193.748
17.2783 35.9715
18.0406 67.4473
18.8365 0
19.6675 100.845
20.5353 114.173
21.4412 0
22.3872 292.094
23.3749 95.4384
24.4062 138.057
25.483 99.9238
26.6073 0
27.7811 97.5189
29.0068 66.1505
30.2866 213.887
31.6228 50.4004
33.0179 25.6051
34.4747 76.7904
35.9956 0
37.5837 30.3612
39.2419 106.974
40.9732 275.309
42.7809 209.871
44.6684 297.119
46.6391 48.2531
48.6968 131.175
50.8452 197.869
53.0884 275.029
55.4307 84.8984
57.8762 249.749
60.4296 76.9169
63.0957 442.148
65.8795 0
68.786 223.392
71.8208 102.497
74.9894 272.369
78.2979 143.881
81.7523 202.47
85.3591 782.874
89.1251 378.699
93.0572 134.259
97.1628 552.922
101.45 137.129
105.925 15.8157
110.599 197.088
115.478 270.511
120.573 249.313
125.893 294.642
131.447 679.239
137.246 500.923
143.301 495.477
149.624 441.052
156.225 344.724
163.117 154.075
170.314 795.118
177.828 162.215
185.674 371.335
193.865 409.713
202.418 739.378
211.349 532.772
220.673 630.793
230.409 1071.09
240.575 1552.33
251.189 969.317
262.271 994.761
273.842 1018.99
285.924 828.243
298.538 790.276
311.709 502.206
325.462 62.531
339.821 496.674
354.813 274.919
370.467 338.17
386.812 188.633
403.878 187.306
421.697 113.355
440.301 181.478
459.727 140.728
480.01 97.127
501.187 98.2878
523.299 0
546.387 0
570.493 0
595.662 112.031
621.942 0
649.382 99.1432
678.032 0
707.946 0
739.18 111.664
771.792 0
805.842 0
841.395 0
878.517 0
917.276 0
957.745 0
1000 0
