# First line is two numbers 
#     First value is '2', it means 'histogram mode'
#     Second value is 'Emin' of the histogram
# Other lines : 2 columns. 1) energy 2) probability (nb divided by NbEvent)
# Number of bins = 480
# Content below the first bin: 0
# Content above the last  bin: 0
# Content above the last  bin: 0
# Number of events: 209000
2 1e-06
1.04412e-06 0
1.09018e-06 0
1.13828e-06 0
1.1885e-06 0
1.24094e-06 0
1.29569e-06 0
1.35285e-06 0
1.41254e-06 0
1.47486e-06 0
1.53993e-06 0
1.60787e-06 0
1.6788e-06 0
1.75287e-06 0
1.83021e-06 0
1.91095e-06 0
1.99526e-06 0
2.08329e-06 0
2.1752e-06 0
2.27117e-06 0
2.37137e-06 0
2.476e-06 0
2.58523e-06 0
2.69929e-06 0
2.81838e-06 0
2.94273e-06 0
3.07256e-06 0
3.20812e-06 0
3.34965e-06 0
3.49744e-06 0
3.65174e-06 0
3.81285e-06 0
3.98107e-06 0
4.15671e-06 0
4.3401e-06 0
4.53158e-06 0
4.73151e-06 0
4.94026e-06 0
5.15822e-06 0
5.3858e-06 0
5.62341e-06 0
5.87151e-06 0
6.13056e-06 0
6.40103e-06 0
6.68344e-06 0
6.97831e-06 0
7.28618e-06 0
7.60764e-06 0
7.94328e-06 0
8.29373e-06 0
8.65964e-06 0
9.0417e-06 0
9.44061e-06 0
9.85712e-06 0
1.0292e-05 0
1.07461e-05 0
1.12202e-05 0
1.17152e-05 0
1.22321e-05 0
1.27717e-05 0
1.33352e-05 0
1.39236e-05 0
1.45378e-05 0
1.51792e-05 0
1.58489e-05 0
1.65482e-05 0
1.72783e-05 0
1.80406e-05 0
1.88365e-05 0
1.96675e-05 0
2.05353e-05 0
2.14412e-05 0
2.23872e-05 0
2.33749e-05 0
2.44062e-05 0
2.5483e-05 0
2.66073e-05 0
2.77811e-05 0
2.90068e-05 0
3.02866e-05 0
3.16228e-05 0
3.30179e-05 0
3.44747e-05 0
3.59956e-05 0
3.75837e-05 0
3.92419e-05 0
4.09732e-05 0
4.27809e-05 0
4.46684e-05 0
4.66391e-05 0
4.86968e-05 0
5.08452e-05 0
5.30884e-05 0
5.54307e-05 0
5.78762e-05 0
6.04296e-05 0
6.30957e-05 0
6.58795e-05 0
6.8786e-05 0
7.18208e-05 0
7.49894e-05 0
7.82979e-05 0
8.17523e-05 0
8.53591e-05 0
8.91251e-05 0
9.30572e-05 0
9.71628e-05 0
0.00010145 0
0.000105925 0
0.000110599 0
0.000115478 0
0.000120573 0
0.000125893 0
0.000131447 0
0.000137246 0
0.000143301 0
0.000149624 0
0.000156225 0
0.000163117 0
0.000170314 0
0.000177828 0
0.000185674 0
0.000193865 0
0.000202418 0
0.000211349 0
0.000220673 0
0.000230409 0
0.000240575 0
0.000251189 0
0.000262271 0
0.000273842 0
0.000285924 0
0.000298538 0
0.000311709 0
0.000325462 0
0.000339821 0
0.000354813 0
0.000370467 0
0.000386812 0
0.000403878 0
0.000421697 0
0.000440301 0
0.000459727 0
0.00048001 0
0.000501187 0
0.000523299 0
0.000546387 0
0.000570493 0
0.000595662 0
0.000621942 0
0.000649382 0
0.000678032 0
0.000707946 0
0.00073918 0
0.000771792 0
0.000805842 0
0.000841395 0
0.000878517 0
0.000917276 0
0.000957745 0
0.001 0
0.00104412 0
0.00109018 0
0.00113828 0
0.0011885 0
0.00124094 0
0.00129569 0
0.00135285 0
0.00141254 0
0.00147486 0
0.00153993 0
0.00160787 0
0.0016788 0
0.00175287 0
0.00183021 0
0.00191095 0
0.00199526 0
0.00208329 0
0.0021752 0
0.00227117 0
0.00237137 0
0.002476 0
0.00258523 0
0.00269929 0
0.00281838 0
0.00294273 0
0.00307256 0
0.00320812 0
0.00334965 0
0.00349744 0
0.00365174 0
0.00381285 0
0.00398107 0
0.00415671 0
0.0043401 0
0.00453158 0
0.00473151 0
0.00494026 74.5124
0.00515822 0
0.0053858 0
0.00562341 0
0.00587151 0
0.00613056 0
0.00640103 0
0.00668344 0
0.00697831 0
0.00728618 0
0.00760764 0
0.00794328 0
0.00829373 0
0.00865964 201.827
0.0090417 31.5281
0.00944061 0
0.00985712 0
0.010292 0
0.0107461 87.1925
0.0112202 0
0.0117152 0
0.0122321 0
0.0127717 0
0.0133352 69.3501
0.0139236 0
0.0145378 0
0.0151792 73.0018
0.0158489 98.528
0.0165482 0
0.0172783 0
0.0180406 93.2617
0.0188365 0
0.0196675 0
0.0205353 0
0.0214412 0
0.0223872 0
0.0233749 56.972
0.0244062 0
0.025483 116.092
0.0266073 97.2311
0.0277811 132.548
0.0290068 94.4528
0.0302866 0
0.0316228 119.192
0.0330179 180.263
0.0344747 36.9541
0.0359956 0
0.0375837 94.4978
0.0392419 286.389
0.0409732 124.895
0.0427809 471.275
0.0446684 157.942
0.0466391 176.495
0.0486968 309.062
0.0508452 100.858
0.0530884 100.752
0.0554307 129.069
0.0578762 187.941
0.0604296 411.532
0.0630957 94.0543
0.0658795 39.6495
0.068786 525.836
0.0718208 497.662
0.0749894 359.24
0.0782979 270.804
0.0817523 941.933
0.0853591 442.189
0.0891251 330.407
0.0930572 260.313
0.0971628 139.423
0.10145 259.11
0.105925 587.147
0.110599 355.763
0.115478 443.629
0.120573 483.724
0.125893 1034.46
0.131447 595.653
0.137246 533.957
0.143301 375.927
0.149624 1056.94
0.156225 540.897
0.163117 806.617
0.170314 497.508
0.177828 662.783
0.185674 371.009
0.193865 112.698
0.202418 529.328
0.211349 688.355
0.220673 753.492
0.230409 978.134
0.240575 1133.16
0.251189 1050.59
0.262271 869.061
0.273842 733.862
0.285924 513.303
0.298538 891.574
0.311709 1053.2
0.325462 870.884
0.339821 367.183
0.354813 905.465
0.370467 527.376
0.386812 453.263
0.403878 941.292
0.421697 571.69
0.440301 911.582
0.459727 528.361
0.48001 951.76
0.501187 992.312
0.523299 1087.17
0.546387 572.042
0.570493 735.652
0.595662 539.288
0.621942 440.16
0.649382 454.781
0.678032 714.763
0.707946 1031.48
0.73918 714.97
0.771792 1118.7
0.805842 357.151
0.841395 528.85
0.878517 527.645
0.917276 279.853
0.957745 293.633
1 261.461
1.04412 165.822
1.09018 622.358
1.13828 196.439
1.1885 181.874
1.24094 458.624
1.29569 80.3242
1.35285 240.464
1.41254 216.592
1.47486 321.947
1.53993 577.212
1.60787 201.659
1.6788 370.122
1.75287 0
1.83021 610.242
1.91095 368.774
1.99526 204.304
2.08329 59.0156
2.1752 292.883
2.27117 301.241
2.37137 116.66
2.476 224.114
2.58523 385.667
2.69929 202.561
2.81838 309.245
2.94273 0
3.07256 166.751
3.20812 192.989
3.34965 213.993
3.49744 157.864
3.65174 419.581
3.81285 225.986
3.98107 181.996
4.15671 121.065
4.3401 109.861
4.53158 113.845
4.73151 119
4.94026 203.375
5.15822 216.941
5.3858 168.84
5.62341 59.3683
5.87151 103.155
6.13056 80.1777
6.40103 148.843
6.68344 144.817
6.97831 0
7.28618 115.172
7.60764 0
7.94328 114.945
8.29373 212.24
8.65964 270.298
9.0417 84.4035
9.44061 379.674
9.85712 0
10.292 159.688
10.7461 0
11.2202 241.502
11.7152 206.216
12.2321 169.008
12.7717 312.94
13.3352 379.839
13.9236 0
14.5378 0
15.1792 0
15.8489 134.194
16.5482 243.5
17.2783 104.747
18.0406 198.444
18.8365 289.26
19.6675 0
20.5353 111.176
21.4412 0
22.3872 142.574
23.3749 94.3567
24.4062 187.628
25.483 0
26.6073 109.008
27.7811 0
29.0068 0
30.2866 33.8154
31.6228 0
33.0179 288.032
34.4747 156.919
35.9956 64.3607
37.5837 51.9804
39.2419 146.486
40.9732 151.493
42.7809 405.627
44.6684 0
46.6391 78.4504
48.6968 0
50.8452 229.166
53.0884 88.3717
55.4307 98.9849
57.8762 166.344
60.4296 242.903
63.0957 184.035
65.8795 44.9106
68.786 107.467
71.8208 432.251
74.9894 400.095
78.2979 71.3412
81.7523 88.0221
85.3591 70.571
89.1251 298.881
93.0572 282.883
97.1628 355.029
101.45 140.872
105.925 539.372
110.599 165.299
115.478 508.17
120.573 516.016
125.893 290.506
131.447 237.941
137.246 566.088
143.301 531.066
149.624 453.504
156.225 441.074
163.117 667.08
170.314 743.455
177.828 340.964
185.674 330.478
193.865 765.51
202.418 1122.47
211.349 1032.38
220.673 1060.11
230.409 1300.54
240.575 827.616
251.189 1390.9
262.271 851.848
273.842 302.83
285.924 1051.5
298.538 719.811
311.709 823.662
325.462 476.31
339.821 351.94
354.813 564.39
370.467 430.015
386.812 501.057
403.878 393.822
421.697 74.6906
440.301 77.5844
459.727 162.31
480.01 117.009
501.187 0
523.299 47.1802
546.387 187.091
570.493 0
595.662 0
621.942 0
649.382 0
678.032 0
707.946 0
739.18 0
771.792 0
805.842 0
841.395 0
878.517 0
917.276 0
957.745 0
1000 0
