# First line is two numbers 
#     First value is '2', it means 'histogram mode'
#     Second value is 'Emin' of the histogram
# Other lines : 2 columns. 1) energy 2) probability (nb divided by NbEvent)
# Number of bins = 480
# Content below the first bin: 0
# Content above the last  bin: 0
# Content above the last  bin: 0
# Number of events: 209000
2 1e-06
1.04412e-06 0
1.09018e-06 0
1.13828e-06 0
1.1885e-06 0
1.24094e-06 0
1.29569e-06 0
1.35285e-06 0
1.41254e-06 0
1.47486e-06 0
1.53993e-06 0
1.60787e-06 0
1.6788e-06 0
1.75287e-06 0
1.83021e-06 0
1.91095e-06 0
1.99526e-06 0
2.08329e-06 0
2.1752e-06 0
2.27117e-06 0
2.37137e-06 0
2.476e-06 0
2.58523e-06 0
2.69929e-06 0
2.81838e-06 0
2.94273e-06 0
3.07256e-06 0
3.20812e-06 0
3.34965e-06 0
3.49744e-06 0
3.65174e-06 0
3.81285e-06 0
3.98107e-06 0
4.15671e-06 0
4.3401e-06 0
4.53158e-06 0
4.73151e-06 0
4.94026e-06 0
5.15822e-06 0
5.3858e-06 0
5.62341e-06 0
5.87151e-06 0
6.13056e-06 0
6.40103e-06 0
6.68344e-06 0
6.97831e-06 0
7.28618e-06 0
7.60764e-06 0
7.94328e-06 0
8.29373e-06 0
8.65964e-06 0
9.0417e-06 0
9.44061e-06 0
9.85712e-06 0
1.0292e-05 0
1.07461e-05 0
1.12202e-05 0
1.17152e-05 0
1.22321e-05 0
1.27717e-05 0
1.33352e-05 0
1.39236e-05 0
1.45378e-05 0
1.51792e-05 0
1.58489e-05 0
1.65482e-05 0
1.72783e-05 0
1.80406e-05 0
1.88365e-05 0
1.96675e-05 0
2.05353e-05 0
2.14412e-05 0
2.23872e-05 0
2.33749e-05 0
2.44062e-05 0
2.5483e-05 0
2.66073e-05 0
2.77811e-05 0
2.90068e-05 0
3.02866e-05 0
3.16228e-05 0
3.30179e-05 0
3.44747e-05 0
3.59956e-05 0
3.75837e-05 0
3.92419e-05 0
4.09732e-05 0
4.27809e-05 0
4.46684e-05 0
4.66391e-05 0
4.86968e-05 0
5.08452e-05 0
5.30884e-05 0
5.54307e-05 0
5.78762e-05 0
6.04296e-05 0
6.30957e-05 0
6.58795e-05 0
6.8786e-05 0
7.18208e-05 0
7.49894e-05 0
7.82979e-05 0
8.17523e-05 0
8.53591e-05 0
8.91251e-05 0
9.30572e-05 0
9.71628e-05 0
0.00010145 0
0.000105925 0
0.000110599 0
0.000115478 0
0.000120573 0
0.000125893 0
0.000131447 0
0.000137246 0
0.000143301 0
0.000149624 0
0.000156225 0
0.000163117 0
0.000170314 0
0.000177828 0
0.000185674 0
0.000193865 0
0.000202418 0
0.000211349 0
0.000220673 0
0.000230409 0
0.000240575 0
0.000251189 0
0.000262271 0
0.000273842 0
0.000285924 0
0.000298538 0
0.000311709 0
0.000325462 0
0.000339821 0
0.000354813 0
0.000370467 0
0.000386812 0
0.000403878 0
0.000421697 0
0.000440301 0
0.000459727 0
0.00048001 0
0.000501187 0
0.000523299 0
0.000546387 0
0.000570493 0
0.000595662 0
0.000621942 0
0.000649382 0
0.000678032 0
0.000707946 0
0.00073918 0
0.000771792 0
0.000805842 0
0.000841395 0
0.000878517 0
0.000917276 0
0.000957745 0
0.001 0
0.00104412 0
0.00109018 0
0.00113828 0
0.0011885 0
0.00124094 0
0.00129569 0
0.00135285 0
0.00141254 0
0.00147486 0
0.00153993 0
0.00160787 0
0.0016788 0
0.00175287 1
0.00183021 0
0.00191095 1
0.00199526 1
0.00208329 1
0.0021752 0
0.00227117 0
0.00237137 0
0.002476 1
0.00258523 0
0.00269929 0
0.00281838 0
0.00294273 0
0.00307256 0
0.00320812 0
0.00334965 0
0.00349744 0
0.00365174 0
0.00381285 0
0.00398107 0
0.00415671 0
0.0043401 0
0.00453158 2
0.00473151 0
0.00494026 0
0.00515822 0
0.0053858 0
0.00562341 0
0.00587151 1
0.00613056 0
0.00640103 0
0.00668344 0
0.00697831 0
0.00728618 0
0.00760764 1
0.00794328 1
0.00829373 2
0.00865964 4
0.0090417 2
0.00944061 0
0.00985712 2
0.010292 0
0.0107461 2
0.0112202 2
0.0117152 1
0.0122321 2
0.0127717 5
0.0133352 0
0.0139236 1
0.0145378 3
0.0151792 2
0.0158489 5
0.0165482 6
0.0172783 2
0.0180406 5
0.0188365 2
0.0196675 5
0.0205353 4
0.0214412 4
0.0223872 4
0.0233749 7
0.0244062 6
0.025483 7
0.0266073 7
0.0277811 8
0.0290068 4
0.0302866 7
0.0316228 15
0.0330179 8
0.0344747 4
0.0359956 7
0.0375837 13
0.0392419 11
0.0409732 13
0.0427809 10
0.0446684 10
0.0466391 6
0.0486968 17
0.0508452 15
0.0530884 14
0.0554307 21
0.0578762 11
0.0604296 17
0.0630957 19
0.0658795 20
0.068786 25
0.0718208 29
0.0749894 17
0.0782979 33
0.0817523 29
0.0853591 23
0.0891251 34
0.0930572 34
0.0971628 30
0.10145 34
0.105925 41
0.110599 47
0.115478 33
0.120573 39
0.125893 57
0.131447 38
0.137246 46
0.143301 40
0.149624 45
0.156225 38
0.163117 44
0.170314 53
0.177828 55
0.185674 33
0.193865 49
0.202418 47
0.211349 51
0.220673 55
0.230409 56
0.240575 56
0.251189 61
0.262271 50
0.273842 46
0.285924 59
0.298538 63
0.311709 66
0.325462 57
0.339821 61
0.354813 73
0.370467 66
0.386812 60
0.403878 51
0.421697 57
0.440301 52
0.459727 63
0.48001 50
0.501187 75
0.523299 57
0.546387 58
0.570493 59
0.595662 58
0.621942 63
0.649382 50
0.678032 47
0.707946 66
0.73918 39
0.771792 52
0.805842 42
0.841395 50
0.878517 71
0.917276 40
0.957745 48
1 28
1.04412 38
1.09018 26
1.13828 37
1.1885 38
1.24094 28
1.29569 33
1.35285 32
1.41254 28
1.47486 21
1.53993 25
1.60787 26
1.6788 22
1.75287 22
1.83021 17
1.91095 20
1.99526 21
2.08329 14
2.1752 11
2.27117 19
2.37137 18
2.476 17
2.58523 14
2.69929 23
2.81838 6
2.94273 9
3.07256 15
3.20812 9
3.34965 12
3.49744 12
3.65174 11
3.81285 8
3.98107 8
4.15671 12
4.3401 11
4.53158 15
4.73151 14
4.94026 14
5.15822 8
5.3858 11
5.62341 4
5.87151 5
6.13056 4
6.40103 5
6.68344 8
6.97831 5
7.28618 6
7.60764 8
7.94328 11
8.29373 11
8.65964 9
9.0417 12
9.44061 7
9.85712 13
10.292 10
10.7461 7
11.2202 6
11.7152 5
12.2321 6
12.7717 9
13.3352 11
13.9236 8
14.5378 8
15.1792 5
15.8489 5
16.5482 5
17.2783 9
18.0406 11
18.8365 4
19.6675 11
20.5353 2
21.4412 5
22.3872 4
23.3749 7
24.4062 5
25.483 7
26.6073 5
27.7811 10
29.0068 10
30.2866 9
31.6228 10
33.0179 11
34.4747 8
35.9956 6
37.5837 8
39.2419 5
40.9732 5
42.7809 8
44.6684 13
46.6391 12
48.6968 16
50.8452 17
53.0884 13
55.4307 13
57.8762 11
60.4296 13
63.0957 12
65.8795 14
68.786 20
71.8208 23
74.9894 12
78.2979 22
81.7523 11
85.3591 12
89.1251 19
93.0572 20
97.1628 16
101.45 15
105.925 24
110.599 20
115.478 11
120.573 18
125.893 21
131.447 26
137.246 17
143.301 20
149.624 30
156.225 19
163.117 22
170.314 28
177.828 29
185.674 26
193.865 25
202.418 33
211.349 29
220.673 31
230.409 21
240.575 23
251.189 27
262.271 25
273.842 44
285.924 23
298.538 15
311.709 16
325.462 16
339.821 9
354.813 7
370.467 8
386.812 9
403.878 5
421.697 10
440.301 1
459.727 1
480.01 1
501.187 2
523.299 3
546.387 0
570.493 3
595.662 1
621.942 0
649.382 0
678.032 1
707.946 0
739.18 0
771.792 0
805.842 0
841.395 0
878.517 1
917.276 0
957.745 0
1000 0
