# First line is two numbers 
#     First value is '2', it means 'histogram mode'
#     Second value is 'Emin' of the histogram
# Other lines : 2 columns. 1) energy 2) probability (nb divided by NbEvent)
# Number of bins = 480
# Content below the first bin: 0
# Content above the last  bin: 0
# Content above the last  bin: 0
# Number of events: 209000
2 1e-06
1.04412e-06 0
1.09018e-06 0
1.13828e-06 0
1.1885e-06 0
1.24094e-06 0
1.29569e-06 0
1.35285e-06 0
1.41254e-06 0
1.47486e-06 0
1.53993e-06 0
1.60787e-06 0
1.6788e-06 0
1.75287e-06 0
1.83021e-06 0
1.91095e-06 0
1.99526e-06 0
2.08329e-06 0
2.1752e-06 0
2.27117e-06 0
2.37137e-06 0
2.476e-06 0
2.58523e-06 0
2.69929e-06 0
2.81838e-06 0
2.94273e-06 0
3.07256e-06 0
3.20812e-06 0
3.34965e-06 0
3.49744e-06 0
3.65174e-06 0
3.81285e-06 0
3.98107e-06 0
4.15671e-06 0
4.3401e-06 0
4.53158e-06 0
4.73151e-06 0
4.94026e-06 0
5.15822e-06 0
5.3858e-06 0
5.62341e-06 0
5.87151e-06 0
6.13056e-06 0
6.40103e-06 0
6.68344e-06 0
6.97831e-06 0
7.28618e-06 0
7.60764e-06 0
7.94328e-06 0
8.29373e-06 0
8.65964e-06 0
9.0417e-06 0
9.44061e-06 0
9.85712e-06 0
1.0292e-05 0
1.07461e-05 0
1.12202e-05 0
1.17152e-05 0
1.22321e-05 0
1.27717e-05 0
1.33352e-05 0
1.39236e-05 0
1.45378e-05 0
1.51792e-05 0
1.58489e-05 0
1.65482e-05 0
1.72783e-05 0
1.80406e-05 0
1.88365e-05 0
1.96675e-05 0
2.05353e-05 0
2.14412e-05 0
2.23872e-05 0
2.33749e-05 0
2.44062e-05 0
2.5483e-05 0
2.66073e-05 0
2.77811e-05 0
2.90068e-05 0
3.02866e-05 0
3.16228e-05 0
3.30179e-05 0
3.44747e-05 0
3.59956e-05 0
3.75837e-05 0
3.92419e-05 0
4.09732e-05 0
4.27809e-05 0
4.46684e-05 0
4.66391e-05 0
4.86968e-05 0
5.08452e-05 0
5.30884e-05 0
5.54307e-05 0
5.78762e-05 0
6.04296e-05 0
6.30957e-05 0
6.58795e-05 0
6.8786e-05 0
7.18208e-05 0
7.49894e-05 0
7.82979e-05 0
8.17523e-05 0
8.53591e-05 0
8.91251e-05 0
9.30572e-05 0
9.71628e-05 0
0.00010145 0
0.000105925 0
0.000110599 0
0.000115478 0
0.000120573 0
0.000125893 0
0.000131447 0
0.000137246 0
0.000143301 0
0.000149624 0
0.000156225 0
0.000163117 0
0.000170314 0
0.000177828 0
0.000185674 0
0.000193865 0
0.000202418 0
0.000211349 0
0.000220673 0
0.000230409 0
0.000240575 0
0.000251189 0
0.000262271 0
0.000273842 0
0.000285924 0
0.000298538 0
0.000311709 0
0.000325462 0
0.000339821 0
0.000354813 0
0.000370467 0
0.000386812 0
0.000403878 0
0.000421697 0
0.000440301 0
0.000459727 0
0.00048001 0
0.000501187 0
0.000523299 0
0.000546387 0
0.000570493 0
0.000595662 0
0.000621942 0
0.000649382 0
0.000678032 0
0.000707946 0
0.00073918 0
0.000771792 0
0.000805842 0
0.000841395 0
0.000878517 0
0.000917276 0
0.000957745 0
0.001 0
0.00104412 0
0.00109018 0
0.00113828 0
0.0011885 0
0.00124094 0
0.00129569 0
0.00135285 0
0.00141254 0
0.00147486 0
0.00153993 0
0.00160787 0
0.0016788 109.779
0.00175287 0
0.00183021 0
0.00191095 0
0.00199526 0
0.00208329 0
0.0021752 0
0.00227117 0
0.00237137 0
0.002476 47.1279
0.00258523 0
0.00269929 0
0.00281838 0
0.00294273 0
0.00307256 103.814
0.00320812 52.5839
0.00334965 0
0.00349744 0
0.00365174 0
0.00381285 0
0.00398107 0
0.00415671 42.9754
0.0043401 0
0.00453158 0
0.00473151 23.0059
0.00494026 0
0.00515822 47.2844
0.0053858 0
0.00562341 74.4233
0.00587151 112.138
0.00613056 73.0884
0.00640103 118.746
0.00668344 0
0.00697831 109.925
0.00728618 186.08
0.00760764 41.2341
0.00794328 173.355
0.00829373 186.889
0.00865964 183.653
0.0090417 98.6948
0.00944061 38.0886
0.00985712 358.346
0.010292 110.843
0.0107461 244.281
0.0112202 233.113
0.0117152 107.158
0.0122321 276.613
0.0127717 185.155
0.0133352 319.143
0.0139236 382.939
0.0145378 337.649
0.0151792 516.913
0.0158489 579.863
0.0165482 869.107
0.0172783 335.623
0.0180406 358.874
0.0188365 563.339
0.0196675 430.426
0.0205353 242.622
0.0214412 308.266
0.0223872 765.066
0.0233749 698.179
0.0244062 671.191
0.025483 619.578
0.0266073 565.075
0.0277811 1055.61
0.0290068 880.518
0.0302866 1116.43
0.0316228 854.736
0.0330179 1668.8
0.0344747 1273.43
0.0359956 1551.49
0.0375837 1474.21
0.0392419 1332.98
0.0409732 1690.69
0.0427809 1453.2
0.0446684 1391.34
0.0466391 1638.92
0.0486968 2320.11
0.0508452 1712.22
0.0530884 2406.67
0.0554307 1567.32
0.0578762 1763.65
0.0604296 2307.88
0.0630957 2239.1
0.0658795 2817.13
0.068786 2670.49
0.0718208 3912.27
0.0749894 3142
0.0782979 4037.63
0.0817523 2736.15
0.0853591 4243.99
0.0891251 3367.6
0.0930572 4455.74
0.0971628 4368.6
0.10145 5645.18
0.105925 4357.13
0.110599 4963.08
0.115478 5900.51
0.120573 5859.6
0.125893 4680.81
0.131447 5284.3
0.137246 4865.53
0.143301 5979.05
0.149624 5475.2
0.156225 6545.38
0.163117 7824.09
0.170314 6077.5
0.177828 7161.55
0.185674 6466.21
0.193865 5048.77
0.202418 6765.46
0.211349 6069.74
0.220673 7137.87
0.230409 7105.42
0.240575 6229
0.251189 6769.65
0.262271 6669.5
0.273842 7033.92
0.285924 6498.65
0.298538 6839.92
0.311709 7644.96
0.325462 7429.25
0.339821 7080.75
0.354813 8016.54
0.370467 6012.71
0.386812 7811.96
0.403878 7590.45
0.421697 8565.83
0.440301 8356.09
0.459727 7821.45
0.48001 7105.48
0.501187 6892.23
0.523299 6077.89
0.546387 7903.08
0.570493 7587.15
0.595662 6971.31
0.621942 7251.28
0.649382 6084.1
0.678032 6840.73
0.707946 6968.05
0.73918 7296.51
0.771792 6702.31
0.805842 5213.65
0.841395 5645.02
0.878517 6215.05
0.917276 4705.65
0.957745 5577.49
1 5475.69
1.04412 4210.85
1.09018 3569.35
1.13828 3348.91
1.1885 4018.37
1.24094 3799.71
1.29569 3189.97
1.35285 2977.05
1.41254 2719.14
1.47486 3234.1
1.53993 3951.88
1.60787 3331.1
1.6788 2517.37
1.75287 2429.88
1.83021 2655.07
1.91095 1837.84
1.99526 2222.72
2.08329 2822.02
2.1752 1884.58
2.27117 1998.18
2.37137 2050.37
2.476 2248.45
2.58523 2250.42
2.69929 1926.47
2.81838 2064.05
2.94273 2166.99
3.07256 1996.49
3.20812 1370.8
3.34965 1736.14
3.49744 1897.17
3.65174 919.361
3.81285 778.096
3.98107 2046.15
4.15671 1641.42
4.3401 668.068
4.53158 1665.88
4.73151 1047.39
4.94026 1184.97
5.15822 1532.53
5.3858 708.286
5.62341 794.487
5.87151 1166.6
6.13056 546.282
6.40103 1068.74
6.68344 979.079
6.97831 1216.58
7.28618 1415.5
7.60764 779.141
7.94328 658.315
8.29373 762.972
8.65964 991.563
9.0417 904.059
9.44061 1069.07
9.85712 408.445
10.292 840.081
10.7461 904.76
11.2202 1034.97
11.7152 984.149
12.2321 1008.22
12.7717 1075.17
13.3352 1416.24
13.9236 995.071
14.5378 1017.73
15.1792 225.503
15.8489 496.239
16.5482 429.476
17.2783 1070.43
18.0406 932.483
18.8365 922.765
19.6675 1127.47
20.5353 928.709
21.4412 1113.57
22.3872 1065.85
23.3749 453.175
24.4062 1465.81
25.483 723.179
26.6073 551.991
27.7811 1172.21
29.0068 645.303
30.2866 1351.44
31.6228 1579.62
33.0179 647.403
34.4747 1326.54
35.9956 1423.22
37.5837 1479.47
39.2419 1264.66
40.9732 1660.16
42.7809 1574.18
44.6684 1586.71
46.6391 1730.2
48.6968 1423.25
50.8452 1754.36
53.0884 1745.35
55.4307 1808.5
57.8762 1260.59
60.4296 1288.41
63.0957 1811.8
65.8795 1475.85
68.786 2327.49
71.8208 1678.09
74.9894 2651.71
78.2979 2579.18
81.7523 1850.71
85.3591 1829.03
89.1251 2232.29
93.0572 2017.86
97.1628 2999.72
101.45 3294.1
105.925 1675.21
110.599 1955.84
115.478 2776.99
120.573 2399.02
125.893 2844.92
131.447 2554.14
137.246 2608.47
143.301 2742.97
149.624 2398.48
156.225 2934.69
163.117 3173.46
170.314 3574.56
177.828 3404.14
185.674 2587.24
193.865 4468.59
202.418 3821.91
211.349 3853.71
220.673 4536.41
230.409 3826.64
240.575 4312.8
251.189 4130.69
262.271 4394.15
273.842 4754.8
285.924 3809.6
298.538 2739.5
311.709 1366.24
325.462 2251.08
339.821 1176.61
354.813 1626.71
370.467 1040.31
386.812 1192.79
403.878 557.947
421.697 518.554
440.301 442.884
459.727 82.4522
480.01 64.1068
501.187 272.505
523.299 126.706
546.387 82.1568
570.493 212.168
595.662 96.4502
621.942 0
649.382 0
678.032 94.1493
707.946 220.388
739.18 0
771.792 0
805.842 0
841.395 0
878.517 0
917.276 0
957.745 0
1000 0
