# First line is two numbers 
#     First value is '2', it means 'histogram mode'
#     Second value is 'Emin' of the histogram
# Other lines : 2 columns. 1) energy 2) probability (nb divided by NbEvent)
# Number of bins = 480
# Content below the first bin: 0
# Content above the last  bin: 0
# Content above the last  bin: 0
# Number of events: 209000
2 1e-06
1.04412e-06 0
1.09018e-06 0
1.13828e-06 0
1.1885e-06 0
1.24094e-06 0
1.29569e-06 0
1.35285e-06 0
1.41254e-06 0
1.47486e-06 0
1.53993e-06 0
1.60787e-06 0
1.6788e-06 0
1.75287e-06 0
1.83021e-06 0
1.91095e-06 0
1.99526e-06 0
2.08329e-06 0
2.1752e-06 0
2.27117e-06 0
2.37137e-06 0
2.476e-06 0
2.58523e-06 0
2.69929e-06 0
2.81838e-06 0
2.94273e-06 0
3.07256e-06 0
3.20812e-06 0
3.34965e-06 0
3.49744e-06 0
3.65174e-06 0
3.81285e-06 0
3.98107e-06 0
4.15671e-06 0
4.3401e-06 0
4.53158e-06 0
4.73151e-06 0
4.94026e-06 0
5.15822e-06 0
5.3858e-06 0
5.62341e-06 0
5.87151e-06 0
6.13056e-06 0
6.40103e-06 0
6.68344e-06 0
6.97831e-06 0
7.28618e-06 0
7.60764e-06 0
7.94328e-06 0
8.29373e-06 0
8.65964e-06 0
9.0417e-06 0
9.44061e-06 0
9.85712e-06 0
1.0292e-05 0
1.07461e-05 0
1.12202e-05 0
1.17152e-05 0
1.22321e-05 0
1.27717e-05 0
1.33352e-05 0
1.39236e-05 0
1.45378e-05 0
1.51792e-05 0
1.58489e-05 0
1.65482e-05 0
1.72783e-05 0
1.80406e-05 0
1.88365e-05 0
1.96675e-05 0
2.05353e-05 0
2.14412e-05 0
2.23872e-05 0
2.33749e-05 0
2.44062e-05 0
2.5483e-05 0
2.66073e-05 0
2.77811e-05 0
2.90068e-05 0
3.02866e-05 0
3.16228e-05 0
3.30179e-05 0
3.44747e-05 0
3.59956e-05 0
3.75837e-05 0
3.92419e-05 0
4.09732e-05 0
4.27809e-05 0
4.46684e-05 0
4.66391e-05 0
4.86968e-05 0
5.08452e-05 0
5.30884e-05 0
5.54307e-05 0
5.78762e-05 0
6.04296e-05 0
6.30957e-05 0
6.58795e-05 0
6.8786e-05 0
7.18208e-05 0
7.49894e-05 0
7.82979e-05 0
8.17523e-05 0
8.53591e-05 0
8.91251e-05 0
9.30572e-05 0
9.71628e-05 0
0.00010145 0
0.000105925 0
0.000110599 0
0.000115478 0
0.000120573 0
0.000125893 0
0.000131447 0
0.000137246 0
0.000143301 0
0.000149624 0
0.000156225 0
0.000163117 0
0.000170314 0
0.000177828 0
0.000185674 0
0.000193865 0
0.000202418 0
0.000211349 0
0.000220673 0
0.000230409 0
0.000240575 0
0.000251189 0
0.000262271 0
0.000273842 0
0.000285924 0
0.000298538 0
0.000311709 0
0.000325462 0
0.000339821 94.6898
0.000354813 0
0.000370467 0
0.000386812 0
0.000403878 0
0.000421697 0
0.000440301 0
0.000459727 0
0.00048001 0
0.000501187 0
0.000523299 0
0.000546387 0
0.000570493 0
0.000595662 0
0.000621942 0
0.000649382 0
0.000678032 0
0.000707946 0
0.00073918 0
0.000771792 0
0.000805842 0
0.000841395 0
0.000878517 0
0.000917276 0
0.000957745 0
0.001 0
0.00104412 0
0.00109018 0
0.00113828 0
0.0011885 0
0.00124094 0
0.00129569 0
0.00135285 57.3236
0.00141254 117.104
0.00147486 0
0.00153993 0
0.00160787 0
0.0016788 0
0.00175287 0
0.00183021 54.8916
0.00191095 178.525
0.00199526 0
0.00208329 0
0.0021752 0
0.00227117 0
0.00237137 0
0.002476 0
0.00258523 116.863
0.00269929 0
0.00281838 0
0.00294273 0
0.00307256 188.152
0.00320812 0
0.00334965 0
0.00349744 0
0.00365174 0
0.00381285 99.0319
0.00398107 0
0.00415671 118.693
0.0043401 0
0.00453158 0
0.00473151 0
0.00494026 0
0.00515822 0
0.0053858 0
0.00562341 115.953
0.00587151 248.382
0.00613056 0
0.00640103 0
0.00668344 0
0.00697831 0
0.00728618 0
0.00760764 0
0.00794328 0
0.00829373 208.151
0.00865964 0
0.0090417 253.438
0.00944061 64.2116
0.00985712 467.575
0.010292 228.771
0.0107461 180.555
0.0112202 98.0478
0.0117152 87.7051
0.0122321 247.462
0.0127717 329.993
0.0133352 206.79
0.0139236 321.099
0.0145378 522.829
0.0151792 227.268
0.0158489 377.572
0.0165482 181.124
0.0172783 265.682
0.0180406 312.438
0.0188365 789.007
0.0196675 272.659
0.0205353 721.756
0.0214412 360.239
0.0223872 939.566
0.0233749 968.053
0.0244062 821.008
0.025483 717.926
0.0266073 546.542
0.0277811 675.057
0.0290068 1410.78
0.0302866 474.697
0.0316228 817.746
0.0330179 1165.52
0.0344747 950.372
0.0359956 1619.22
0.0375837 797.21
0.0392419 2161.76
0.0409732 578.577
0.0427809 1116.04
0.0446684 1541.17
0.0466391 1357.76
0.0486968 2618.04
0.0508452 2010.07
0.0530884 2418.52
0.0554307 1392.13
0.0578762 2086.43
0.0604296 2989.4
0.0630957 2472.73
0.0658795 3250.64
0.068786 2330.24
0.0718208 3971.01
0.0749894 4616.42
0.0782979 3362.04
0.0817523 4360.49
0.0853591 3586.74
0.0891251 4107.39
0.0930572 4059.08
0.0971628 4398.95
0.10145 4139.29
0.105925 5485.35
0.110599 4761.55
0.115478 5336.9
0.120573 5703.85
0.125893 5554.97
0.131447 5138.24
0.137246 5468.84
0.143301 5298.12
0.149624 6239.57
0.156225 4508.27
0.163117 4988.4
0.170314 6374.78
0.177828 6181.5
0.185674 7160.42
0.193865 7632.29
0.202418 6499.16
0.211349 7069.45
0.220673 7692.77
0.230409 6080.94
0.240575 7461.34
0.251189 5992.32
0.262271 7835.03
0.273842 6747.55
0.285924 4585.37
0.298538 6917.1
0.311709 7223.17
0.325462 7419.26
0.339821 6591.67
0.354813 8289.41
0.370467 8139.43
0.386812 7424.62
0.403878 7768.31
0.421697 8109.99
0.440301 7144.79
0.459727 5842.94
0.48001 8376.6
0.501187 9017.54
0.523299 7683.61
0.546387 8566.71
0.570493 5388.53
0.595662 6795.43
0.621942 6963.66
0.649382 6856.02
0.678032 6844.51
0.707946 6337.08
0.73918 8310.37
0.771792 6599.13
0.805842 6091.38
0.841395 6785.69
0.878517 5492.06
0.917276 4444.02
0.957745 4517.79
1 4821.92
1.04412 4302.77
1.09018 4210.48
1.13828 3381.3
1.1885 5354.08
1.24094 4109.5
1.29569 3458.89
1.35285 2263.07
1.41254 3281.64
1.47486 2783.42
1.53993 3497.64
1.60787 2637.53
1.6788 2579.01
1.75287 2322
1.83021 2472.55
1.91095 2055.15
1.99526 2479.52
2.08329 2173.92
2.1752 2730.29
2.27117 1533.97
2.37137 2436.67
2.476 2681.54
2.58523 1725.72
2.69929 1810.81
2.81838 1364.51
2.94273 1367.44
3.07256 1320.96
3.20812 1782.77
3.34965 1727.19
3.49744 825.57
3.65174 1270.57
3.81285 1876.88
3.98107 1912.05
4.15671 1267.31
4.3401 1285.44
4.53158 1323.2
4.73151 1580.66
4.94026 1179.87
5.15822 1068.59
5.3858 556.094
5.62341 1027.05
5.87151 530.834
6.13056 747.599
6.40103 829.129
6.68344 1471.11
6.97831 1141.12
7.28618 1209.63
7.60764 678.039
7.94328 907.62
8.29373 1160.13
8.65964 955.708
9.0417 766.433
9.44061 367.01
9.85712 649.11
10.292 749.726
10.7461 1001.83
11.2202 937.945
11.7152 1070.54
12.2321 733.186
12.7717 797.514
13.3352 498.707
13.9236 1172.22
14.5378 1062.98
15.1792 1134.6
15.8489 261.717
16.5482 635.649
17.2783 839.992
18.0406 561.223
18.8365 477.976
19.6675 1478.53
20.5353 373.957
21.4412 521.253
22.3872 493.942
23.3749 657.39
24.4062 558.377
25.483 1422.95
26.6073 1330.39
27.7811 623.627
29.0068 836.896
30.2866 898.81
31.6228 1137.31
33.0179 917.81
34.4747 598.138
35.9956 967.865
37.5837 1603.05
39.2419 2362.08
40.9732 1013.5
42.7809 1040.66
44.6684 1440.23
46.6391 1549.02
48.6968 1119.78
50.8452 788.887
53.0884 1973.81
55.4307 1589.5
57.8762 1435.13
60.4296 1229.62
63.0957 1945.01
65.8795 1827.02
68.786 1940.17
71.8208 1615.66
74.9894 1882.53
78.2979 2179.82
81.7523 2610.26
85.3591 2505.01
89.1251 1793.16
93.0572 1454.69
97.1628 2294.5
101.45 1961.45
105.925 2115.98
110.599 2243.09
115.478 2260.99
120.573 2524.41
125.893 2172.44
131.447 2400.6
137.246 2666.28
143.301 2219.98
149.624 3258.94
156.225 2943.39
163.117 3318.64
170.314 2941.65
177.828 4837.45
185.674 4426.31
193.865 4256.6
202.418 3832.07
211.349 3637.62
220.673 4640.51
230.409 4752.74
240.575 4696.69
251.189 5025.37
262.271 4690.6
273.842 3186.32
285.924 3574.65
298.538 2500.17
311.709 2576.97
325.462 1302.49
339.821 1641.24
354.813 863.212
370.467 586.98
386.812 808.29
403.878 477.593
421.697 578.767
440.301 301.181
459.727 74.1255
480.01 312.668
501.187 40.2864
523.299 489.403
546.387 477.515
570.493 205.786
595.662 172.623
621.942 127.681
649.382 208.173
678.032 55.7615
707.946 0
739.18 92.1667
771.792 80.2623
805.842 0
841.395 0
878.517 0
917.276 0
957.745 0
1000 73.1851
