# First line is two numbers 
#     First value is '2', it means 'histogram mode'
#     Second value is 'Emin' of the histogram
# Other lines : 2 columns. 1) energy 2) probability (nb divided by NbEvent)
# Number of bins = 480
# Content below the first bin: 0
# Content above the last  bin: 0
# Content above the last  bin: 0
# Number of events: 209000
2 1e-06
1.04412e-06 0
1.09018e-06 0
1.13828e-06 0
1.1885e-06 0
1.24094e-06 0
1.29569e-06 0
1.35285e-06 0
1.41254e-06 0
1.47486e-06 0
1.53993e-06 0
1.60787e-06 0
1.6788e-06 0
1.75287e-06 0
1.83021e-06 0
1.91095e-06 0
1.99526e-06 0
2.08329e-06 0
2.1752e-06 0
2.27117e-06 0
2.37137e-06 0
2.476e-06 0
2.58523e-06 0
2.69929e-06 0
2.81838e-06 0
2.94273e-06 0
3.07256e-06 0
3.20812e-06 0
3.34965e-06 0
3.49744e-06 0
3.65174e-06 0
3.81285e-06 0
3.98107e-06 0
4.15671e-06 0
4.3401e-06 0
4.53158e-06 0
4.73151e-06 0
4.94026e-06 0
5.15822e-06 0
5.3858e-06 0
5.62341e-06 0
5.87151e-06 0
6.13056e-06 0
6.40103e-06 0
6.68344e-06 0
6.97831e-06 0
7.28618e-06 0
7.60764e-06 0
7.94328e-06 0
8.29373e-06 0
8.65964e-06 0
9.0417e-06 0
9.44061e-06 0
9.85712e-06 0
1.0292e-05 0
1.07461e-05 0
1.12202e-05 0
1.17152e-05 0
1.22321e-05 0
1.27717e-05 0
1.33352e-05 0
1.39236e-05 0
1.45378e-05 0
1.51792e-05 0
1.58489e-05 0
1.65482e-05 0
1.72783e-05 0
1.80406e-05 0
1.88365e-05 0
1.96675e-05 0
2.05353e-05 0
2.14412e-05 0
2.23872e-05 0
2.33749e-05 0
2.44062e-05 0
2.5483e-05 0
2.66073e-05 0
2.77811e-05 0
2.90068e-05 0
3.02866e-05 0
3.16228e-05 0
3.30179e-05 0
3.44747e-05 0
3.59956e-05 0
3.75837e-05 0
3.92419e-05 0
4.09732e-05 0
4.27809e-05 0
4.46684e-05 0
4.66391e-05 0
4.86968e-05 0
5.08452e-05 0
5.30884e-05 0
5.54307e-05 0
5.78762e-05 0
6.04296e-05 0
6.30957e-05 0
6.58795e-05 0
6.8786e-05 0
7.18208e-05 0
7.49894e-05 0
7.82979e-05 0
8.17523e-05 0
8.53591e-05 0
8.91251e-05 0
9.30572e-05 0
9.71628e-05 0
0.00010145 0
0.000105925 0
0.000110599 0
0.000115478 0
0.000120573 0
0.000125893 0
0.000131447 0
0.000137246 0
0.000143301 0
0.000149624 0
0.000156225 0
0.000163117 0
0.000170314 0
0.000177828 0
0.000185674 0
0.000193865 0
0.000202418 0
0.000211349 0
0.000220673 0
0.000230409 0
0.000240575 0
0.000251189 0
0.000262271 0
0.000273842 0
0.000285924 0
0.000298538 0
0.000311709 0
0.000325462 0
0.000339821 0
0.000354813 0
0.000370467 0
0.000386812 0
0.000403878 90.0093
0.000421697 0
0.000440301 0
0.000459727 0
0.00048001 0
0.000501187 0
0.000523299 0
0.000546387 0
0.000570493 0
0.000595662 0
0.000621942 0
0.000649382 0
0.000678032 0
0.000707946 0
0.00073918 0
0.000771792 0
0.000805842 0
0.000841395 0
0.000878517 0
0.000917276 0
0.000957745 0
0.001 0
0.00104412 0
0.00109018 0
0.00113828 0
0.0011885 0
0.00124094 0
0.00129569 0
0.00135285 0
0.00141254 0
0.00147486 0
0.00153993 119.679
0.00160787 0
0.0016788 110.386
0.00175287 0
0.00183021 78.2507
0.00191095 0
0.00199526 0
0.00208329 0
0.0021752 0
0.00227117 0
0.00237137 0
0.002476 0
0.00258523 0
0.00269929 0
0.00281838 0
0.00294273 0
0.00307256 117.966
0.00320812 0
0.00334965 0
0.00349744 0
0.00365174 46.4632
0.00381285 91.1553
0.00398107 0
0.00415671 0
0.0043401 0
0.00453158 64.1577
0.00473151 79.5836
0.00494026 0
0.00515822 0
0.0053858 0
0.00562341 0
0.00587151 95.8921
0.00613056 0
0.00640103 84.2323
0.00668344 30.5257
0.00697831 339.135
0.00728618 0
0.00760764 100.073
0.00794328 366.163
0.00829373 97.0945
0.00865964 79.8325
0.0090417 242.643
0.00944061 55.9178
0.00985712 278.421
0.010292 163.671
0.0107461 92.0517
0.0112202 153.264
0.0117152 148.788
0.0122321 263.31
0.0127717 68.7494
0.0133352 153.943
0.0139236 150.7
0.0145378 290.871
0.0151792 318.846
0.0158489 445.606
0.0165482 80.2627
0.0172783 673.563
0.0180406 506.576
0.0188365 367.836
0.0196675 477.169
0.0205353 603.27
0.0214412 401.967
0.0223872 369.717
0.0233749 332.695
0.0244062 573.781
0.025483 656.35
0.0266073 880.608
0.0277811 744.125
0.0290068 839.483
0.0302866 748.457
0.0316228 615.931
0.0330179 1158.87
0.0344747 1120.83
0.0359956 1367.47
0.0375837 1009.96
0.0392419 2088.55
0.0409732 1436.79
0.0427809 1125.92
0.0446684 1230.69
0.0466391 2299.38
0.0486968 1660.26
0.0508452 2136.93
0.0530884 2444.35
0.0554307 1616
0.0578762 2692.55
0.0604296 1836.59
0.0630957 2799.78
0.0658795 2754.16
0.068786 2675.16
0.0718208 2794.7
0.0749894 3351.51
0.0782979 4053.5
0.0817523 3730.68
0.0853591 4143.04
0.0891251 3416.51
0.0930572 4546.12
0.0971628 4331.52
0.10145 5253.76
0.105925 6465.31
0.110599 3271.06
0.115478 5120.26
0.120573 5971.81
0.125893 5476.87
0.131447 5882.22
0.137246 5274.02
0.143301 4293.6
0.149624 5244.39
0.156225 5773.62
0.163117 6190.64
0.170314 5952.79
0.177828 5957.71
0.185674 7590.14
0.193865 6475.64
0.202418 5326.72
0.211349 7764.58
0.220673 5600.81
0.230409 8037.17
0.240575 5667
0.251189 6763.81
0.262271 5444.68
0.273842 7024.68
0.285924 7725.22
0.298538 6895.14
0.311709 6621.77
0.325462 6691.13
0.339821 9117.82
0.354813 8698.54
0.370467 7390.84
0.386812 7996
0.403878 7861.64
0.421697 7484.05
0.440301 8904.04
0.459727 7728.96
0.48001 5978.59
0.501187 7302.86
0.523299 6271.53
0.546387 7731.27
0.570493 8712.99
0.595662 7151.03
0.621942 7765.01
0.649382 5488.44
0.678032 9453.82
0.707946 6916.89
0.73918 6352.71
0.771792 6865.43
0.805842 5217.17
0.841395 7043.28
0.878517 6983.35
0.917276 5042.95
0.957745 4640.29
1 5819.65
1.04412 5666.93
1.09018 4419.96
1.13828 4060.97
1.1885 3475.53
1.24094 4311.86
1.29569 3680.34
1.35285 3934.72
1.41254 3079.33
1.47486 3448.13
1.53993 3718.91
1.60787 2154.44
1.6788 3028.29
1.75287 2624.3
1.83021 2712.01
1.91095 1830.36
1.99526 1559.47
2.08329 2468.69
2.1752 2003.01
2.27117 1943.46
2.37137 2078.6
2.476 1886.26
2.58523 2598.31
2.69929 2434.08
2.81838 1523.06
2.94273 2404.07
3.07256 2086.3
3.20812 2077.65
3.34965 1639.64
3.49744 1675.1
3.65174 1291.08
3.81285 1387.13
3.98107 1506.06
4.15671 1660.92
4.3401 1218.13
4.53158 972.02
4.73151 459.779
4.94026 1446.29
5.15822 971.295
5.3858 1229.74
5.62341 1364.21
5.87151 1206.65
6.13056 1187.23
6.40103 932.611
6.68344 942.527
6.97831 518.925
7.28618 504.98
7.60764 1253.86
7.94328 1158.86
8.29373 431.781
8.65964 1155.47
9.0417 882.697
9.44061 1591.9
9.85712 911.484
10.292 850.167
10.7461 864.992
11.2202 262.848
11.7152 948.623
12.2321 855.418
12.7717 848.616
13.3352 955.783
13.9236 1044.98
14.5378 942.094
15.1792 802.429
15.8489 627.115
16.5482 1017.47
17.2783 762.416
18.0406 752.628
18.8365 1030.93
19.6675 877.854
20.5353 166.4
21.4412 731.584
22.3872 758.949
23.3749 992.886
24.4062 600.857
25.483 656.344
26.6073 721.103
27.7811 973.675
29.0068 980.373
30.2866 1396.07
31.6228 978.878
33.0179 1252.94
34.4747 1520.3
35.9956 1318.07
37.5837 1162.86
39.2419 1135.96
40.9732 1686.87
42.7809 842.082
44.6684 1080.99
46.6391 1211.36
48.6968 1547.26
50.8452 1166.39
53.0884 886.348
55.4307 1720.02
57.8762 1657.15
60.4296 979.602
63.0957 1379.26
65.8795 2331.94
68.786 1694.32
71.8208 1845.18
74.9894 1638.15
78.2979 2444.79
81.7523 1855.32
85.3591 2886.51
89.1251 2113.51
93.0572 1774.56
97.1628 2675.86
101.45 2138.82
105.925 1839.36
110.599 2224.93
115.478 2828.69
120.573 2967.36
125.893 3451.56
131.447 3517.41
137.246 2659.96
143.301 2466.19
149.624 3669.93
156.225 2611.19
163.117 3738.88
170.314 3906.99
177.828 3786.51
185.674 4341.02
193.865 4299.35
202.418 3656.88
211.349 3485.53
220.673 3746.9
230.409 4182.02
240.575 5208.59
251.189 4164.03
262.271 3553.56
273.842 3827.37
285.924 3429.19
298.538 2890.41
311.709 2971.57
325.462 2486.38
339.821 1347.82
354.813 1566.27
370.467 788.49
386.812 316.087
403.878 341.493
421.697 588.901
440.301 266.14
459.727 78.034
480.01 242.05
501.187 170.491
523.299 117.25
546.387 653.801
570.493 95.8756
595.662 152.191
621.942 43.4837
649.382 91.975
678.032 209.073
707.946 60.9316
739.18 91.5164
771.792 98.3944
805.842 0
841.395 0
878.517 0
917.276 0
957.745 0
1000 0
