# First line is two numbers 
#     First value is '2', it means 'histogram mode'
#     Second value is 'Emin' of the histogram
# Other lines : 2 columns. 1) energy 2) probability (nb divided by NbEvent)
# Number of bins = 480
# Content below the first bin: 0
# Content above the last  bin: 0
# Content above the last  bin: 0
# Number of events: 209000
2 1e-06
1.04412e-06 0
1.09018e-06 0
1.13828e-06 0
1.1885e-06 0
1.24094e-06 0
1.29569e-06 0
1.35285e-06 0
1.41254e-06 0
1.47486e-06 0
1.53993e-06 0
1.60787e-06 0
1.6788e-06 0
1.75287e-06 0
1.83021e-06 0
1.91095e-06 0
1.99526e-06 0
2.08329e-06 0
2.1752e-06 0
2.27117e-06 0
2.37137e-06 0
2.476e-06 0
2.58523e-06 0
2.69929e-06 0
2.81838e-06 0
2.94273e-06 0
3.07256e-06 0
3.20812e-06 0
3.34965e-06 0
3.49744e-06 0
3.65174e-06 0
3.81285e-06 0
3.98107e-06 0
4.15671e-06 0
4.3401e-06 0
4.53158e-06 0
4.73151e-06 0
4.94026e-06 0
5.15822e-06 0
5.3858e-06 0
5.62341e-06 0
5.87151e-06 0
6.13056e-06 0
6.40103e-06 0
6.68344e-06 0
6.97831e-06 0
7.28618e-06 0
7.60764e-06 0
7.94328e-06 0
8.29373e-06 0
8.65964e-06 0
9.0417e-06 0
9.44061e-06 0
9.85712e-06 0
1.0292e-05 0
1.07461e-05 0
1.12202e-05 0
1.17152e-05 0
1.22321e-05 0
1.27717e-05 0
1.33352e-05 0
1.39236e-05 0
1.45378e-05 0
1.51792e-05 0
1.58489e-05 0
1.65482e-05 0
1.72783e-05 0
1.80406e-05 0
1.88365e-05 0
1.96675e-05 0
2.05353e-05 0
2.14412e-05 0
2.23872e-05 0
2.33749e-05 0
2.44062e-05 0
2.5483e-05 0
2.66073e-05 0
2.77811e-05 0
2.90068e-05 0
3.02866e-05 0
3.16228e-05 0
3.30179e-05 0
3.44747e-05 0
3.59956e-05 0
3.75837e-05 0
3.92419e-05 0
4.09732e-05 0
4.27809e-05 0
4.46684e-05 0
4.66391e-05 0
4.86968e-05 0
5.08452e-05 0
5.30884e-05 0
5.54307e-05 0
5.78762e-05 0
6.04296e-05 0
6.30957e-05 0
6.58795e-05 0
6.8786e-05 0
7.18208e-05 0
7.49894e-05 0
7.82979e-05 0
8.17523e-05 0
8.53591e-05 0
8.91251e-05 0
9.30572e-05 0
9.71628e-05 0
0.00010145 0
0.000105925 0
0.000110599 0
0.000115478 0
0.000120573 0
0.000125893 0
0.000131447 0
0.000137246 0
0.000143301 0
0.000149624 0
0.000156225 0
0.000163117 0
0.000170314 0
0.000177828 0
0.000185674 0
0.000193865 0
0.000202418 0
0.000211349 0
0.000220673 0
0.000230409 0
0.000240575 0
0.000251189 0
0.000262271 0
0.000273842 0
0.000285924 0
0.000298538 0
0.000311709 0
0.000325462 0
0.000339821 0
0.000354813 0
0.000370467 0
0.000386812 0
0.000403878 0
0.000421697 0
0.000440301 0
0.000459727 0
0.00048001 0
0.000501187 0
0.000523299 0
0.000546387 0
0.000570493 0
0.000595662 0
0.000621942 0
0.000649382 0
0.000678032 0
0.000707946 0
0.00073918 0
0.000771792 0
0.000805842 0
0.000841395 0
0.000878517 0
0.000917276 0
0.000957745 0
0.001 0
0.00104412 0
0.00109018 0
0.00113828 0
0.0011885 0
0.00124094 0
0.00129569 0
0.00135285 0
0.00141254 0
0.00147486 0
0.00153993 0
0.00160787 0
0.0016788 0
0.00175287 0
0.00183021 0
0.00191095 0
0.00199526 0
0.00208329 0
0.0021752 0
0.00227117 0
0.00237137 0
0.002476 0
0.00258523 0
0.00269929 0
0.00281838 0
0.00294273 0
0.00307256 47.7506
0.00320812 0
0.00334965 0
0.00349744 0
0.00365174 0
0.00381285 0
0.00398107 0
0.00415671 0
0.0043401 0
0.00453158 0
0.00473151 0
0.00494026 0
0.00515822 0
0.0053858 0
0.00562341 0
0.00587151 0
0.00613056 0
0.00640103 0
0.00668344 0
0.00697831 0
0.00728618 0
0.00760764 62.9367
0.00794328 0
0.00829373 0
0.00865964 0
0.0090417 0
0.00944061 0
0.00985712 0
0.010292 0
0.0107461 105.047
0.0112202 88.8417
0.0117152 0
0.0122321 0
0.0127717 0
0.0133352 96.7261
0.0139236 78.0113
0.0145378 118.389
0.0151792 0
0.0158489 0
0.0165482 0
0.0172783 0
0.0180406 104.587
0.0188365 98.2328
0.0196675 110.731
0.0205353 95.2723
0.0214412 0
0.0223872 26.6612
0.0233749 92.2643
0.0244062 143.841
0.025483 84.4341
0.0266073 443.277
0.0277811 66.3355
0.0290068 0
0.0302866 103.611
0.0316228 180.814
0.0330179 56.0317
0.0344747 196.399
0.0359956 241.917
0.0375837 80.4548
0.0392419 163.08
0.0409732 416.212
0.0427809 367.971
0.0446684 139.929
0.0466391 203.805
0.0486968 528.707
0.0508452 91.6734
0.0530884 119.848
0.0554307 136.136
0.0578762 380.156
0.0604296 219.239
0.0630957 66.2169
0.0658795 34.4454
0.068786 317.816
0.0718208 607.708
0.0749894 518.877
0.0782979 139.241
0.0817523 276.853
0.0853591 909.575
0.0891251 425.66
0.0930572 985.415
0.0971628 634.746
0.10145 154.355
0.105925 452.878
0.110599 563.663
0.115478 670.485
0.120573 747.161
0.125893 723.164
0.131447 413.167
0.137246 932.148
0.143301 1141.18
0.149624 655.368
0.156225 510.622
0.163117 527.788
0.170314 917.598
0.177828 695.535
0.185674 748.936
0.193865 846.366
0.202418 1411.82
0.211349 887.603
0.220673 595.018
0.230409 491.589
0.240575 701.409
0.251189 501.019
0.262271 1015.73
0.273842 906.137
0.285924 1266.48
0.298538 742.259
0.311709 937.922
0.325462 860.429
0.339821 261.114
0.354813 936.165
0.370467 795.87
0.386812 941.018
0.403878 618.296
0.421697 1381.92
0.440301 967.415
0.459727 1383.59
0.48001 589.901
0.501187 926.327
0.523299 543.478
0.546387 1005.36
0.570493 1510.72
0.595662 991.33
0.621942 1142.8
0.649382 755.025
0.678032 747.345
0.707946 451.045
0.73918 891.292
0.771792 987.139
0.805842 898.493
0.841395 660.065
0.878517 851.549
0.917276 379.177
0.957745 525.499
1 647.168
1.04412 881.249
1.09018 540.801
1.13828 272.123
1.1885 597.126
1.24094 642.77
1.29569 718.321
1.35285 452.898
1.41254 86.7212
1.47486 486.217
1.53993 607.907
1.60787 302.238
1.6788 348.7
1.75287 234.802
1.83021 340.994
1.91095 264.503
1.99526 325.109
2.08329 302.854
2.1752 61.9686
2.27117 348.436
2.37137 200.748
2.476 118.199
2.58523 262.563
2.69929 310.255
2.81838 180.23
2.94273 196.907
3.07256 45.9406
3.20812 290.747
3.34965 0
3.49744 394.282
3.65174 113.897
3.81285 82.1406
3.98107 381.179
4.15671 0
4.3401 80.1405
4.53158 246.256
4.73151 66.3238
4.94026 282.017
5.15822 0
5.3858 200.547
5.62341 35.8008
5.87151 108.305
6.13056 174.985
6.40103 205.764
6.68344 121.74
6.97831 84.9137
7.28618 74.689
7.60764 0
7.94328 197.07
8.29373 91.8597
8.65964 115.975
9.0417 0
9.44061 54.5943
9.85712 231.493
10.292 81.4663
10.7461 177.591
11.2202 0
11.7152 415.552
12.2321 67.2185
12.7717 0
13.3352 101.948
13.9236 0
14.5378 199.604
15.1792 115.639
15.8489 0
16.5482 91.4864
17.2783 0
18.0406 59.8581
18.8365 103.372
19.6675 99.9399
20.5353 105.968
21.4412 181.586
22.3872 0
23.3749 0
24.4062 191.571
25.483 176.881
26.6073 73.7677
27.7811 0
29.0068 369.972
30.2866 332.543
31.6228 0
33.0179 85.3597
34.4747 154.857
35.9956 180.361
37.5837 81.2307
39.2419 67.2486
40.9732 0
42.7809 25.8889
44.6684 169.144
46.6391 116.191
48.6968 74.4466
50.8452 240.008
53.0884 76.8035
55.4307 111.196
57.8762 0
60.4296 118.904
63.0957 239.653
65.8795 194.869
68.786 0
71.8208 226.676
74.9894 0
78.2979 138.367
81.7523 324.903
85.3591 0
89.1251 161.989
93.0572 161.799
97.1628 143.487
101.45 0
105.925 154.334
110.599 83.9337
115.478 124.446
120.573 194.834
125.893 145.955
131.447 115.067
137.246 0
143.301 84.2199
149.624 0
156.225 64.1554
163.117 57.6621
170.314 68.0702
177.828 0
185.674 38.7077
193.865 157.261
202.418 56.2122
211.349 89.8703
220.673 0
230.409 59.1534
240.575 183.463
251.189 22.578
262.271 131.388
273.842 0
285.924 63.76
298.538 0
311.709 0
325.462 0
339.821 0
354.813 0
370.467 0
386.812 0
403.878 0
421.697 0
440.301 0
459.727 0
480.01 0
501.187 0
523.299 0
546.387 0
570.493 0
595.662 0
621.942 0
649.382 0
678.032 0
707.946 0
739.18 0
771.792 0
805.842 0
841.395 0
878.517 0
917.276 0
957.745 0
1000 0
