# First line is two numbers 
#     First value is '2', it means 'histogram mode'
#     Second value is 'Emin' of the histogram
# Other lines : 2 columns. 1) energy 2) probability (nb divided by NbEvent)
# Number of bins = 480
# Content below the first bin: 0
# Content above the last  bin: 0
# Content above the last  bin: 0
# Number of events: 209000
2 1e-06
1.04412e-06 0
1.09018e-06 0
1.13828e-06 0
1.1885e-06 0
1.24094e-06 0
1.29569e-06 0
1.35285e-06 0
1.41254e-06 0
1.47486e-06 0
1.53993e-06 0
1.60787e-06 0
1.6788e-06 0
1.75287e-06 0
1.83021e-06 0
1.91095e-06 0
1.99526e-06 0
2.08329e-06 0
2.1752e-06 0
2.27117e-06 0
2.37137e-06 0
2.476e-06 0
2.58523e-06 0
2.69929e-06 0
2.81838e-06 0
2.94273e-06 0
3.07256e-06 0
3.20812e-06 0
3.34965e-06 0
3.49744e-06 0
3.65174e-06 0
3.81285e-06 0
3.98107e-06 0
4.15671e-06 0
4.3401e-06 0
4.53158e-06 0
4.73151e-06 0
4.94026e-06 0
5.15822e-06 0
5.3858e-06 0
5.62341e-06 0
5.87151e-06 0
6.13056e-06 0
6.40103e-06 0
6.68344e-06 0
6.97831e-06 0
7.28618e-06 0
7.60764e-06 0
7.94328e-06 0
8.29373e-06 0
8.65964e-06 0
9.0417e-06 0
9.44061e-06 0
9.85712e-06 0
1.0292e-05 0
1.07461e-05 0
1.12202e-05 0
1.17152e-05 0
1.22321e-05 0
1.27717e-05 0
1.33352e-05 0
1.39236e-05 0
1.45378e-05 0
1.51792e-05 0
1.58489e-05 0
1.65482e-05 0
1.72783e-05 0
1.80406e-05 0
1.88365e-05 0
1.96675e-05 0
2.05353e-05 0
2.14412e-05 0
2.23872e-05 0
2.33749e-05 0
2.44062e-05 0
2.5483e-05 0
2.66073e-05 0
2.77811e-05 0
2.90068e-05 0
3.02866e-05 0
3.16228e-05 0
3.30179e-05 0
3.44747e-05 0
3.59956e-05 0
3.75837e-05 0
3.92419e-05 0
4.09732e-05 0
4.27809e-05 0
4.46684e-05 0
4.66391e-05 0
4.86968e-05 0
5.08452e-05 0
5.30884e-05 0
5.54307e-05 0
5.78762e-05 0
6.04296e-05 0
6.30957e-05 0
6.58795e-05 0
6.8786e-05 0
7.18208e-05 0
7.49894e-05 0
7.82979e-05 0
8.17523e-05 0
8.53591e-05 0
8.91251e-05 0
9.30572e-05 0
9.71628e-05 0
0.00010145 0
0.000105925 0
0.000110599 0
0.000115478 0
0.000120573 0
0.000125893 0
0.000131447 0
0.000137246 0
0.000143301 0
0.000149624 0
0.000156225 0
0.000163117 0
0.000170314 0
0.000177828 0
0.000185674 0
0.000193865 0
0.000202418 0
0.000211349 0
0.000220673 0
0.000230409 0
0.000240575 0
0.000251189 0
0.000262271 0
0.000273842 0
0.000285924 0
0.000298538 0
0.000311709 0
0.000325462 0
0.000339821 0
0.000354813 0
0.000370467 0
0.000386812 0
0.000403878 0
0.000421697 0
0.000440301 0
0.000459727 0
0.00048001 0
0.000501187 0
0.000523299 0
0.000546387 0
0.000570493 0
0.000595662 0
0.000621942 0
0.000649382 0
0.000678032 0
0.000707946 0
0.00073918 0
0.000771792 0
0.000805842 0
0.000841395 0
0.000878517 0
0.000917276 0
0.000957745 0
0.001 0
0.00104412 0
0.00109018 0
0.00113828 0
0.0011885 0
0.00124094 0
0.00129569 0
0.00135285 0
0.00141254 0
0.00147486 0
0.00153993 0
0.00160787 0
0.0016788 0
0.00175287 0
0.00183021 0
0.00191095 0
0.00199526 0
0.00208329 0
0.0021752 0
0.00227117 0
0.00237137 0
0.002476 0
0.00258523 0
0.00269929 0
0.00281838 0
0.00294273 0
0.00307256 0
0.00320812 0
0.00334965 0
0.00349744 0
0.00365174 0
0.00381285 0
0.00398107 0
0.00415671 0
0.0043401 0
0.00453158 0
0.00473151 0
0.00494026 0
0.00515822 0
0.0053858 0
0.00562341 0
0.00587151 0
0.00613056 0
0.00640103 0
0.00668344 0
0.00697831 0
0.00728618 0
0.00760764 0
0.00794328 0
0.00829373 0
0.00865964 0
0.0090417 76.8726
0.00944061 0
0.00985712 0
0.010292 0
0.0107461 113.628
0.0112202 0
0.0117152 0
0.0122321 0
0.0127717 0
0.0133352 0
0.0139236 150.881
0.0145378 0
0.0151792 88.335
0.0158489 113.882
0.0165482 163.053
0.0172783 0
0.0180406 0
0.0188365 118.118
0.0196675 0
0.0205353 0
0.0214412 106.592
0.0223872 74.2766
0.0233749 88.2334
0.0244062 189.719
0.025483 209.465
0.0266073 230.993
0.0277811 121.632
0.0290068 182.469
0.0302866 24.8807
0.0316228 203.74
0.0330179 65.0233
0.0344747 101.523
0.0359956 82.304
0.0375837 62.1299
0.0392419 182.364
0.0409732 211.374
0.0427809 171.004
0.0446684 335.15
0.0466391 395.183
0.0486968 342.252
0.0508452 161.848
0.0530884 358.33
0.0554307 344.475
0.0578762 99.2003
0.0604296 332.975
0.0630957 524.176
0.0658795 306.391
0.068786 685.143
0.0718208 171.876
0.0749894 388.657
0.0782979 154.01
0.0817523 226.244
0.0853591 972.863
0.0891251 861.467
0.0930572 583.424
0.0971628 152.1
0.10145 817.941
0.105925 855.177
0.110599 690.415
0.115478 715.65
0.120573 1094.19
0.125893 737.884
0.131447 1146.7
0.137246 401.131
0.143301 934.379
0.149624 69.4241
0.156225 699.481
0.163117 578.049
0.170314 1138.05
0.177828 1167.93
0.185674 616.154
0.193865 569.894
0.202418 909.22
0.211349 1512.9
0.220673 611.597
0.230409 679.837
0.240575 785.285
0.251189 925.266
0.262271 1100.84
0.273842 647.452
0.285924 331.667
0.298538 891.605
0.311709 1008.87
0.325462 1034.18
0.339821 1386.33
0.354813 1469.88
0.370467 1108.97
0.386812 1217.87
0.403878 744.231
0.421697 994.722
0.440301 811.915
0.459727 878.857
0.48001 698.089
0.501187 1035.98
0.523299 941.886
0.546387 761.828
0.570493 610.896
0.595662 334.074
0.621942 597.173
0.649382 991.194
0.678032 740.935
0.707946 843.893
0.73918 913.738
0.771792 932.554
0.805842 881.795
0.841395 1033.43
0.878517 431.085
0.917276 866.901
0.957745 865.183
1 373.997
1.04412 652.715
1.09018 724.806
1.13828 884.734
1.1885 444.581
1.24094 452.687
1.29569 575.746
1.35285 291.786
1.41254 299.642
1.47486 231.613
1.53993 363.361
1.60787 251.561
1.6788 478.667
1.75287 103.627
1.83021 562.906
1.91095 566.939
1.99526 367.141
2.08329 207.92
2.1752 249.086
2.27117 526.939
2.37137 71.81
2.476 559.83
2.58523 97.9509
2.69929 216.46
2.81838 115.424
2.94273 521.113
3.07256 397.403
3.20812 219.257
3.34965 89.5163
3.49744 305.372
3.65174 131.301
3.81285 283.254
3.98107 136.942
4.15671 142.481
4.3401 330.608
4.53158 126.308
4.73151 79.8182
4.94026 279.372
5.15822 0
5.3858 172.527
5.62341 250.471
5.87151 111.79
6.13056 42.5518
6.40103 385.684
6.68344 112.568
6.97831 0
7.28618 0
7.60764 0
7.94328 57.8851
8.29373 308.508
8.65964 166.733
9.0417 0
9.44061 0
9.85712 110.348
10.292 0
10.7461 53.6993
11.2202 94.1095
11.7152 0
12.2321 102.631
12.7717 197.647
13.3352 294.571
13.9236 87.5897
14.5378 157.367
15.1792 327.101
15.8489 0
16.5482 0
17.2783 67.3915
18.0406 53.9338
18.8365 201.511
19.6675 0
20.5353 0
21.4412 212.619
22.3872 165.729
23.3749 0
24.4062 311.148
25.483 195.35
26.6073 0
27.7811 0
29.0068 100.708
30.2866 140.535
31.6228 65.7876
33.0179 0
34.4747 267.451
35.9956 115.413
37.5837 276.182
39.2419 98.8875
40.9732 223.955
42.7809 29.4286
44.6684 0
46.6391 0
48.6968 221.874
50.8452 253.206
53.0884 0
55.4307 250.469
57.8762 0
60.4296 0
63.0957 0
65.8795 136.893
68.786 0
71.8208 105.493
74.9894 0
78.2979 67.1838
81.7523 528.164
85.3591 0
89.1251 73.8842
93.0572 212.24
97.1628 266.701
101.45 0
105.925 133.96
110.599 0
115.478 178.473
120.573 307.165
125.893 111.667
131.447 106.363
137.246 256.552
143.301 164.574
149.624 39.2507
156.225 203.36
163.117 0
170.314 0
177.828 242.253
185.674 0
193.865 73.8182
202.418 0
211.349 0
220.673 0
230.409 0
240.575 0
251.189 0
262.271 0
273.842 71.9667
285.924 108.811
298.538 54.6093
311.709 0
325.462 111.808
339.821 80.3118
354.813 0
370.467 0
386.812 0
403.878 0
421.697 0
440.301 0
459.727 0
480.01 0
501.187 0
523.299 0
546.387 0
570.493 0
595.662 0
621.942 0
649.382 0
678.032 0
707.946 0
739.18 0
771.792 0
805.842 0
841.395 0
878.517 0
917.276 0
957.745 0
1000 0
