# First line is two numbers 
#     First value is '2', it means 'histogram mode'
#     Second value is 'Emin' of the histogram
# Other lines : 2 columns. 1) energy 2) probability (nb divided by NbEvent)
# Number of bins = 480
# Content below the first bin: 0
# Content above the last  bin: 0
# Content above the last  bin: 0
# Number of events: 209000
2 1e-06
1.04412e-06 0
1.09018e-06 0
1.13828e-06 0
1.1885e-06 0
1.24094e-06 0
1.29569e-06 0
1.35285e-06 0
1.41254e-06 0
1.47486e-06 0
1.53993e-06 0
1.60787e-06 0
1.6788e-06 0
1.75287e-06 0
1.83021e-06 0
1.91095e-06 0
1.99526e-06 0
2.08329e-06 0
2.1752e-06 0
2.27117e-06 0
2.37137e-06 0
2.476e-06 0
2.58523e-06 0
2.69929e-06 0
2.81838e-06 0
2.94273e-06 0
3.07256e-06 0
3.20812e-06 0
3.34965e-06 0
3.49744e-06 0
3.65174e-06 0
3.81285e-06 0
3.98107e-06 0
4.15671e-06 0
4.3401e-06 0
4.53158e-06 0
4.73151e-06 0
4.94026e-06 0
5.15822e-06 0
5.3858e-06 0
5.62341e-06 0
5.87151e-06 0
6.13056e-06 0
6.40103e-06 0
6.68344e-06 0
6.97831e-06 0
7.28618e-06 0
7.60764e-06 0
7.94328e-06 0
8.29373e-06 0
8.65964e-06 0
9.0417e-06 0
9.44061e-06 0
9.85712e-06 0
1.0292e-05 0
1.07461e-05 0
1.12202e-05 0
1.17152e-05 0
1.22321e-05 0
1.27717e-05 0
1.33352e-05 0
1.39236e-05 0
1.45378e-05 0
1.51792e-05 0
1.58489e-05 0
1.65482e-05 0
1.72783e-05 0
1.80406e-05 0
1.88365e-05 0
1.96675e-05 0
2.05353e-05 0
2.14412e-05 0
2.23872e-05 0
2.33749e-05 0
2.44062e-05 0
2.5483e-05 0
2.66073e-05 0
2.77811e-05 0
2.90068e-05 0
3.02866e-05 0
3.16228e-05 0
3.30179e-05 0
3.44747e-05 0
3.59956e-05 0
3.75837e-05 0
3.92419e-05 0
4.09732e-05 0
4.27809e-05 0
4.46684e-05 0
4.66391e-05 0
4.86968e-05 0
5.08452e-05 0
5.30884e-05 0
5.54307e-05 0
5.78762e-05 0
6.04296e-05 0
6.30957e-05 0
6.58795e-05 0
6.8786e-05 0
7.18208e-05 0
7.49894e-05 0
7.82979e-05 0
8.17523e-05 0
8.53591e-05 0
8.91251e-05 0
9.30572e-05 0
9.71628e-05 0
0.00010145 0
0.000105925 0
0.000110599 0
0.000115478 0
0.000120573 0
0.000125893 0
0.000131447 0
0.000137246 0
0.000143301 0
0.000149624 0
0.000156225 0
0.000163117 0
0.000170314 0
0.000177828 0
0.000185674 0
0.000193865 0
0.000202418 0
0.000211349 0
0.000220673 0
0.000230409 0
0.000240575 0
0.000251189 0
0.000262271 0
0.000273842 0
0.000285924 0
0.000298538 0
0.000311709 0
0.000325462 0
0.000339821 0
0.000354813 0
0.000370467 0
0.000386812 0
0.000403878 0
0.000421697 0
0.000440301 0
0.000459727 0
0.00048001 0
0.000501187 0
0.000523299 0
0.000546387 0
0.000570493 0
0.000595662 0
0.000621942 0
0.000649382 0
0.000678032 0
0.000707946 0
0.00073918 0
0.000771792 0
0.000805842 0
0.000841395 0
0.000878517 0
0.000917276 0
0.000957745 0
0.001 0
0.00104412 0
0.00109018 0
0.00113828 0
0.0011885 0
0.00124094 0
0.00129569 0
0.00135285 0
0.00141254 0
0.00147486 0
0.00153993 0
0.00160787 0
0.0016788 0
0.00175287 0
0.00183021 0
0.00191095 0
0.00199526 0
0.00208329 0
0.0021752 0
0.00227117 0
0.00237137 0
0.002476 0
0.00258523 0
0.00269929 0
0.00281838 0
0.00294273 0
0.00307256 79.7197
0.00320812 0
0.00334965 0
0.00349744 0
0.00365174 0
0.00381285 0
0.00398107 0
0.00415671 0
0.0043401 0
0.00453158 0
0.00473151 0
0.00494026 0
0.00515822 0
0.0053858 111.517
0.00562341 0
0.00587151 0
0.00613056 0
0.00640103 0
0.00668344 0
0.00697831 0
0.00728618 0
0.00760764 0
0.00794328 0
0.00829373 0
0.00865964 0
0.0090417 0
0.00944061 0
0.00985712 0
0.010292 0
0.0107461 0
0.0112202 0
0.0117152 106.869
0.0122321 0
0.0127717 0
0.0133352 67.2988
0.0139236 0
0.0145378 0
0.0151792 0
0.0158489 0
0.0165482 0
0.0172783 0
0.0180406 0
0.0188365 0
0.0196675 145.384
0.0205353 0
0.0214412 0
0.0223872 0
0.0233749 119.382
0.0244062 0
0.025483 0
0.0266073 0
0.0277811 98.8134
0.0290068 119.796
0.0302866 116.276
0.0316228 0
0.0330179 299.726
0.0344747 219.972
0.0359956 92.9196
0.0375837 114.39
0.0392419 105.924
0.0409732 114.17
0.0427809 138.581
0.0446684 685.871
0.0466391 161.957
0.0486968 219.652
0.0508452 188.291
0.0530884 0
0.0554307 116.268
0.0578762 92.0844
0.0604296 96.8364
0.0630957 117.747
0.0658795 144.99
0.068786 82.9112
0.0718208 232.437
0.0749894 127.684
0.0782979 532.641
0.0817523 162.205
0.0853591 424.191
0.0891251 289.097
0.0930572 217.894
0.0971628 410.102
0.10145 568.239
0.105925 207.157
0.110599 36.1777
0.115478 337.107
0.120573 394.031
0.125893 185.77
0.131447 209.627
0.137246 277.415
0.143301 704.45
0.149624 245.277
0.156225 495.355
0.163117 461
0.170314 419.728
0.177828 474.639
0.185674 730.528
0.193865 449.353
0.202418 240.508
0.211349 563.659
0.220673 499.622
0.230409 553.693
0.240575 645.951
0.251189 503.721
0.262271 857.168
0.273842 266.661
0.285924 137.499
0.298538 858.504
0.311709 799.876
0.325462 815.963
0.339821 1001.16
0.354813 583.55
0.370467 382.383
0.386812 250.21
0.403878 701.365
0.421697 258.767
0.440301 708.55
0.459727 691.774
0.48001 530.113
0.501187 443.772
0.523299 262.519
0.546387 631.464
0.570493 168.287
0.595662 526.78
0.621942 717.657
0.649382 282.459
0.678032 677.182
0.707946 648.878
0.73918 453.876
0.771792 650.127
0.805842 1013.38
0.841395 412.509
0.878517 320.022
0.917276 448.753
0.957745 346.9
1 122.776
1.04412 152.183
1.09018 1055.43
1.13828 230.851
1.1885 179.469
1.24094 187.722
1.29569 334.203
1.35285 295.497
1.41254 196.72
1.47486 222.505
1.53993 0
1.60787 71.6952
1.6788 183.737
1.75287 246.645
1.83021 116.13
1.91095 98.2038
1.99526 272.652
2.08329 69.9228
2.1752 0
2.27117 0
2.37137 373.167
2.476 56.6019
2.58523 91.467
2.69929 185.909
2.81838 0
2.94273 58.0267
3.07256 136.009
3.20812 242.262
3.34965 85.6614
3.49744 108.132
3.65174 0
3.81285 57.5894
3.98107 238.88
4.15671 0
4.3401 0
4.53158 79.3575
4.73151 230.359
4.94026 61.4349
5.15822 163.729
5.3858 186.001
5.62341 0
5.87151 60.1367
6.13056 0
6.40103 0
6.68344 117.607
6.97831 24.8531
7.28618 65.3903
7.60764 0
7.94328 0
8.29373 76.7591
8.65964 0
9.0417 0
9.44061 68.9997
9.85712 0
10.292 103.903
10.7461 391.944
11.2202 0
11.7152 36.4346
12.2321 0
12.7717 38.1818
13.3352 99.8399
13.9236 179.363
14.5378 71.5828
15.1792 102.958
15.8489 0
16.5482 0
17.2783 132.581
18.0406 0
18.8365 0
19.6675 110.635
20.5353 0
21.4412 205.185
22.3872 198.901
23.3749 86.3673
24.4062 324.604
25.483 77.9308
26.6073 192.348
27.7811 66.6773
29.0068 184.493
30.2866 45.4889
31.6228 216.638
33.0179 117.323
34.4747 187.678
35.9956 110.972
37.5837 178.151
39.2419 79.8368
40.9732 0
42.7809 0
44.6684 0
46.6391 0
48.6968 43.8992
50.8452 118.774
53.0884 94.9557
55.4307 99.637
57.8762 84.0907
60.4296 325.852
63.0957 0
65.8795 0
68.786 114.031
71.8208 232.285
74.9894 41.0217
78.2979 93.7978
81.7523 0
85.3591 69.7546
89.1251 0
93.0572 113.915
97.1628 291.435
101.45 75.6318
105.925 176.628
110.599 337.989
115.478 177.884
120.573 190.974
125.893 283.543
131.447 260.984
137.246 231.709
143.301 0
149.624 112.515
156.225 0
163.117 114.234
170.314 0
177.828 97.5778
185.674 66.5217
193.865 143.293
202.418 89.7376
211.349 0
220.673 0
230.409 149.268
240.575 57.4509
251.189 215.681
262.271 158.411
273.842 0
285.924 0
298.538 82.9009
311.709 0
325.462 0
339.821 0
354.813 0
370.467 199.037
386.812 0
403.878 97.4137
421.697 0
440.301 0
459.727 0
480.01 0
501.187 0
523.299 0
546.387 115.662
570.493 0
595.662 0
621.942 0
649.382 0
678.032 0
707.946 0
739.18 65.2721
771.792 0
805.842 0
841.395 0
878.517 0
917.276 0
957.745 0
1000 0
