# First line is two numbers 
#     First value is '2', it means 'histogram mode'
#     Second value is 'Emin' of the histogram
# Other lines : 2 columns. 1) energy 2) probability (nb divided by NbEvent)
# Number of bins = 480
# Content below the first bin: 0
# Content above the last  bin: 0
# Content above the last  bin: 0
# Number of events: 209000
2 1e-06
1.04412e-06 0
1.09018e-06 0
1.13828e-06 0
1.1885e-06 0
1.24094e-06 0
1.29569e-06 0
1.35285e-06 0
1.41254e-06 0
1.47486e-06 0
1.53993e-06 0
1.60787e-06 0
1.6788e-06 0
1.75287e-06 0
1.83021e-06 0
1.91095e-06 0
1.99526e-06 0
2.08329e-06 0
2.1752e-06 0
2.27117e-06 0
2.37137e-06 0
2.476e-06 0
2.58523e-06 0
2.69929e-06 0
2.81838e-06 0
2.94273e-06 0
3.07256e-06 0
3.20812e-06 0
3.34965e-06 0
3.49744e-06 0
3.65174e-06 0
3.81285e-06 0
3.98107e-06 0
4.15671e-06 0
4.3401e-06 0
4.53158e-06 0
4.73151e-06 0
4.94026e-06 0
5.15822e-06 0
5.3858e-06 0
5.62341e-06 0
5.87151e-06 0
6.13056e-06 0
6.40103e-06 0
6.68344e-06 0
6.97831e-06 0
7.28618e-06 0
7.60764e-06 0
7.94328e-06 0
8.29373e-06 0
8.65964e-06 0
9.0417e-06 0
9.44061e-06 0
9.85712e-06 0
1.0292e-05 0
1.07461e-05 0
1.12202e-05 0
1.17152e-05 0
1.22321e-05 0
1.27717e-05 0
1.33352e-05 0
1.39236e-05 0
1.45378e-05 0
1.51792e-05 0
1.58489e-05 0
1.65482e-05 0
1.72783e-05 0
1.80406e-05 0
1.88365e-05 0
1.96675e-05 0
2.05353e-05 0
2.14412e-05 0
2.23872e-05 0
2.33749e-05 0
2.44062e-05 0
2.5483e-05 0
2.66073e-05 0
2.77811e-05 0
2.90068e-05 0
3.02866e-05 0
3.16228e-05 0
3.30179e-05 0
3.44747e-05 0
3.59956e-05 0
3.75837e-05 0
3.92419e-05 0
4.09732e-05 0
4.27809e-05 0
4.46684e-05 0
4.66391e-05 0
4.86968e-05 0
5.08452e-05 0
5.30884e-05 0
5.54307e-05 0
5.78762e-05 0
6.04296e-05 0
6.30957e-05 0
6.58795e-05 0
6.8786e-05 0
7.18208e-05 0
7.49894e-05 0
7.82979e-05 0
8.17523e-05 0
8.53591e-05 0
8.91251e-05 0
9.30572e-05 0
9.71628e-05 0
0.00010145 0
0.000105925 0
0.000110599 0
0.000115478 0
0.000120573 0
0.000125893 0
0.000131447 0
0.000137246 0
0.000143301 0
0.000149624 0
0.000156225 0
0.000163117 0
0.000170314 0
0.000177828 0
0.000185674 0
0.000193865 0
0.000202418 0
0.000211349 0
0.000220673 0
0.000230409 0
0.000240575 0
0.000251189 0
0.000262271 0
0.000273842 0
0.000285924 0
0.000298538 0
0.000311709 0
0.000325462 0
0.000339821 0
0.000354813 0
0.000370467 0
0.000386812 0
0.000403878 0
0.000421697 0
0.000440301 0
0.000459727 0
0.00048001 0
0.000501187 0
0.000523299 0
0.000546387 0
0.000570493 0
0.000595662 0
0.000621942 0
0.000649382 0
0.000678032 0
0.000707946 0
0.00073918 0
0.000771792 0
0.000805842 0
0.000841395 0
0.000878517 0
0.000917276 0
0.000957745 0
0.001 0
0.00104412 0
0.00109018 0
0.00113828 0
0.0011885 0
0.00124094 0
0.00129569 0
0.00135285 0
0.00141254 0
0.00147486 0
0.00153993 0
0.00160787 0
0.0016788 0
0.00175287 0
0.00183021 0
0.00191095 0
0.00199526 0
0.00208329 0
0.0021752 0
0.00227117 0
0.00237137 0
0.002476 0
0.00258523 0
0.00269929 0
0.00281838 0
0.00294273 0
0.00307256 0
0.00320812 0
0.00334965 0
0.00349744 0
0.00365174 0
0.00381285 0
0.00398107 0
0.00415671 0
0.0043401 0
0.00453158 0
0.00473151 0
0.00494026 0
0.00515822 0
0.0053858 0
0.00562341 0
0.00587151 0
0.00613056 0
0.00640103 0
0.00668344 0
0.00697831 0
0.00728618 0
0.00760764 0
0.00794328 0
0.00829373 0
0.00865964 0
0.0090417 0
0.00944061 0
0.00985712 88.0771
0.010292 0
0.0107461 0
0.0112202 0
0.0117152 0
0.0122321 0
0.0127717 0
0.0133352 0
0.0139236 0
0.0145378 0
0.0151792 0
0.0158489 89.3561
0.0165482 0
0.0172783 56.8471
0.0180406 0
0.0188365 0
0.0196675 0
0.0205353 0
0.0214412 0
0.0223872 84.9657
0.0233749 118.444
0.0244062 117.851
0.025483 98.9735
0.0266073 0
0.0277811 0
0.0290068 118.411
0.0302866 0
0.0316228 156.539
0.0330179 0
0.0344747 0
0.0359956 188.89
0.0375837 227.934
0.0392419 162.793
0.0409732 0
0.0427809 113.334
0.0446684 228.474
0.0466391 322.845
0.0486968 130.777
0.0508452 35.3929
0.0530884 0
0.0554307 161.625
0.0578762 211.528
0.0604296 321.609
0.0630957 338.819
0.0658795 80.1925
0.068786 58.2932
0.0718208 284.809
0.0749894 166.76
0.0782979 193.921
0.0817523 266.915
0.0853591 527.985
0.0891251 0
0.0930572 597.25
0.0971628 0
0.10145 302.196
0.105925 287.415
0.110599 286.388
0.115478 232.567
0.120573 333.356
0.125893 440.11
0.131447 214.299
0.137246 626.795
0.143301 393.229
0.149624 263.936
0.156225 310.795
0.163117 620.591
0.170314 569.296
0.177828 519.38
0.185674 341.915
0.193865 451.73
0.202418 460.292
0.211349 781.088
0.220673 532.246
0.230409 680.331
0.240575 516.518
0.251189 460.238
0.262271 488.723
0.273842 399.928
0.285924 381.928
0.298538 544.442
0.311709 711.431
0.325462 460.451
0.339821 231.595
0.354813 917.679
0.370467 446.688
0.386812 503.408
0.403878 400.965
0.421697 698.576
0.440301 339.901
0.459727 610.358
0.48001 593.37
0.501187 639.571
0.523299 755.832
0.546387 186.241
0.570493 393.166
0.595662 427.275
0.621942 443.331
0.649382 368.33
0.678032 730.928
0.707946 109.194
0.73918 368.99
0.771792 388.24
0.805842 714.842
0.841395 340.832
0.878517 142.402
0.917276 663.093
0.957745 544.341
1 518.18
1.04412 449.267
1.09018 432.092
1.13828 302.234
1.1885 239.847
1.24094 293.219
1.29569 103.03
1.35285 139.393
1.41254 164.134
1.47486 6.65562
1.53993 248.522
1.60787 367.281
1.6788 207.219
1.75287 110.171
1.83021 86.9292
1.91095 125.386
1.99526 297.371
2.08329 216.929
2.1752 167.558
2.27117 207.666
2.37137 41.8352
2.476 0
2.58523 390.479
2.69929 96.4332
2.81838 143.121
2.94273 15.5479
3.07256 340.042
3.20812 190.471
3.34965 77.1372
3.49744 139.822
3.65174 75.0155
3.81285 176.453
3.98107 0
4.15671 110.824
4.3401 0
4.53158 66.382
4.73151 306.636
4.94026 0
5.15822 194.899
5.3858 103.723
5.62341 0
5.87151 94.0048
6.13056 182.32
6.40103 451.977
6.68344 161.191
6.97831 0
7.28618 64.5637
7.60764 0
7.94328 60.5735
8.29373 0
8.65964 77.9658
9.0417 0
9.44061 105.034
9.85712 0
10.292 0
10.7461 107.931
11.2202 0
11.7152 0
12.2321 0
12.7717 105.728
13.3352 0
13.9236 181.24
14.5378 0
15.1792 0
15.8489 111.773
16.5482 0
17.2783 209.51
18.0406 84.9166
18.8365 72.5121
19.6675 41.7805
20.5353 74.4766
21.4412 115.425
22.3872 0
23.3749 54.4873
24.4062 0
25.483 0
26.6073 91.7284
27.7811 0
29.0068 0
30.2866 103.785
31.6228 279.238
33.0179 0
34.4747 386.001
35.9956 70.4312
37.5837 98.7322
39.2419 35.9512
40.9732 0
42.7809 98.9145
44.6684 96.9236
46.6391 117.568
48.6968 318.04
50.8452 119.158
53.0884 0
55.4307 61.4522
57.8762 352.935
60.4296 17.0339
63.0957 0
65.8795 70.9313
68.786 115.816
71.8208 321.695
74.9894 27.7935
78.2979 263.663
81.7523 25.1761
85.3591 0
89.1251 280.645
93.0572 358.198
97.1628 26.5375
101.45 70.3253
105.925 83.1626
110.599 195.829
115.478 77.4818
120.573 72.9472
125.893 183.747
131.447 587.278
137.246 104.982
143.301 0
149.624 312.127
156.225 101.374
163.117 157.186
170.314 0
177.828 82.4917
185.674 0
193.865 371.031
202.418 341.662
211.349 99.709
220.673 107.318
230.409 49.1621
240.575 18.2335
251.189 0
262.271 73.1095
273.842 0
285.924 0
298.538 67.5116
311.709 0
325.462 0
339.821 0
354.813 111.244
370.467 78.8654
386.812 0
403.878 0
421.697 0
440.301 0
459.727 0
480.01 0
501.187 0
523.299 43.0456
546.387 0
570.493 0
595.662 0
621.942 0
649.382 0
678.032 0
707.946 0
739.18 0
771.792 0
805.842 0
841.395 0
878.517 0
917.276 0
957.745 0
1000 0
