# First line is two numbers 
#     First value is '2', it means 'histogram mode'
#     Second value is 'Emin' of the histogram
# Other lines : 2 columns. 1) energy 2) probability (nb divided by NbEvent)
# Number of bins = 480
# Content below the first bin: 0
# Content above the last  bin: 0
# Content above the last  bin: 0
# Number of events: 209000
2 1e-06
1.04412e-06 0
1.09018e-06 0
1.13828e-06 0
1.1885e-06 0
1.24094e-06 0
1.29569e-06 0
1.35285e-06 0
1.41254e-06 0
1.47486e-06 0
1.53993e-06 0
1.60787e-06 0
1.6788e-06 0
1.75287e-06 0
1.83021e-06 0
1.91095e-06 0
1.99526e-06 0
2.08329e-06 0
2.1752e-06 0
2.27117e-06 0
2.37137e-06 0
2.476e-06 0
2.58523e-06 0
2.69929e-06 0
2.81838e-06 0
2.94273e-06 0
3.07256e-06 0
3.20812e-06 0
3.34965e-06 0
3.49744e-06 0
3.65174e-06 0
3.81285e-06 0
3.98107e-06 0
4.15671e-06 0
4.3401e-06 0
4.53158e-06 0
4.73151e-06 0
4.94026e-06 0
5.15822e-06 0
5.3858e-06 0
5.62341e-06 0
5.87151e-06 0
6.13056e-06 0
6.40103e-06 0
6.68344e-06 0
6.97831e-06 0
7.28618e-06 0
7.60764e-06 0
7.94328e-06 0
8.29373e-06 0
8.65964e-06 0
9.0417e-06 0
9.44061e-06 0
9.85712e-06 0
1.0292e-05 0
1.07461e-05 0
1.12202e-05 0
1.17152e-05 0
1.22321e-05 0
1.27717e-05 0
1.33352e-05 0
1.39236e-05 0
1.45378e-05 0
1.51792e-05 0
1.58489e-05 0
1.65482e-05 0
1.72783e-05 0
1.80406e-05 0
1.88365e-05 0
1.96675e-05 0
2.05353e-05 0
2.14412e-05 0
2.23872e-05 0
2.33749e-05 0
2.44062e-05 0
2.5483e-05 0
2.66073e-05 0
2.77811e-05 0
2.90068e-05 0
3.02866e-05 0
3.16228e-05 0
3.30179e-05 0
3.44747e-05 0
3.59956e-05 0
3.75837e-05 0
3.92419e-05 0
4.09732e-05 0
4.27809e-05 0
4.46684e-05 0
4.66391e-05 0
4.86968e-05 0
5.08452e-05 0
5.30884e-05 0
5.54307e-05 0
5.78762e-05 0
6.04296e-05 0
6.30957e-05 0
6.58795e-05 0
6.8786e-05 0
7.18208e-05 0
7.49894e-05 0
7.82979e-05 0
8.17523e-05 0
8.53591e-05 0
8.91251e-05 0
9.30572e-05 0
9.71628e-05 0
0.00010145 0
0.000105925 0
0.000110599 0
0.000115478 0
0.000120573 0
0.000125893 0
0.000131447 0
0.000137246 0
0.000143301 0
0.000149624 0
0.000156225 0
0.000163117 0
0.000170314 0
0.000177828 0
0.000185674 0
0.000193865 0
0.000202418 0
0.000211349 0
0.000220673 0
0.000230409 0
0.000240575 0
0.000251189 0
0.000262271 0
0.000273842 0
0.000285924 0
0.000298538 0
0.000311709 0
0.000325462 0
0.000339821 0
0.000354813 0
0.000370467 0
0.000386812 0
0.000403878 0
0.000421697 0
0.000440301 0
0.000459727 0
0.00048001 0
0.000501187 0
0.000523299 0
0.000546387 0
0.000570493 0
0.000595662 0
0.000621942 0
0.000649382 0
0.000678032 0
0.000707946 0
0.00073918 0
0.000771792 0
0.000805842 0
0.000841395 0
0.000878517 0
0.000917276 0
0.000957745 0
0.001 0
0.00104412 0
0.00109018 0
0.00113828 0
0.0011885 0
0.00124094 0
0.00129569 0
0.00135285 0
0.00141254 0
0.00147486 0
0.00153993 0
0.00160787 75.4236
0.0016788 0
0.00175287 0
0.00183021 0
0.00191095 0
0.00199526 0
0.00208329 0
0.0021752 0
0.00227117 0
0.00237137 0
0.002476 0
0.00258523 0
0.00269929 0
0.00281838 0
0.00294273 0
0.00307256 0
0.00320812 0
0.00334965 0
0.00349744 0
0.00365174 0
0.00381285 0
0.00398107 0
0.00415671 0
0.0043401 0
0.00453158 0
0.00473151 0
0.00494026 0
0.00515822 0
0.0053858 0
0.00562341 0
0.00587151 0
0.00613056 0
0.00640103 0
0.00668344 0
0.00697831 0
0.00728618 0
0.00760764 0
0.00794328 0
0.00829373 0
0.00865964 0
0.0090417 73.4693
0.00944061 110.842
0.00985712 0
0.010292 0
0.0107461 0
0.0112202 56.2908
0.0117152 0
0.0122321 0
0.0127717 0
0.0133352 0
0.0139236 0
0.0145378 0
0.0151792 71.7278
0.0158489 0
0.0165482 0
0.0172783 118.754
0.0180406 99.8062
0.0188365 0
0.0196675 0
0.0205353 0
0.0214412 0
0.0223872 193.841
0.0233749 0
0.0244062 48.8815
0.025483 130.217
0.0266073 113.605
0.0277811 121.341
0.0290068 0
0.0302866 136.321
0.0316228 0
0.0330179 0
0.0344747 0
0.0359956 158.483
0.0375837 0
0.0392419 86.0984
0.0409732 57.6851
0.0427809 435.366
0.0446684 157.141
0.0466391 152.626
0.0486968 109.158
0.0508452 190.006
0.0530884 155.638
0.0554307 163.68
0.0578762 124.464
0.0604296 114.116
0.0630957 0
0.0658795 297.613
0.068786 170.037
0.0718208 141.091
0.0749894 31.6501
0.0782979 352.719
0.0817523 535.773
0.0853591 188.492
0.0891251 350.801
0.0930572 404.264
0.0971628 280.317
0.10145 228.39
0.105925 889.228
0.110599 106.718
0.115478 290.963
0.120573 658.431
0.125893 439.108
0.131447 512.68
0.137246 79.037
0.143301 536.663
0.149624 225.331
0.156225 301.948
0.163117 311.562
0.170314 248.931
0.177828 239.815
0.185674 464.82
0.193865 608.802
0.202418 328.868
0.211349 110.497
0.220673 572.142
0.230409 430.446
0.240575 379.856
0.251189 508.138
0.262271 349.327
0.273842 330.137
0.285924 635.387
0.298538 425.454
0.311709 388.234
0.325462 654.519
0.339821 929.656
0.354813 263.459
0.370467 390.173
0.386812 262.3
0.403878 699.845
0.421697 877.687
0.440301 760.961
0.459727 389.369
0.48001 512.321
0.501187 483.531
0.523299 96.5963
0.546387 912.324
0.570493 358.607
0.595662 497.414
0.621942 780.794
0.649382 834.524
0.678032 766.636
0.707946 495.199
0.73918 387.695
0.771792 92.1869
0.805842 300.711
0.841395 817.16
0.878517 493.854
0.917276 272.928
0.957745 270.95
1 432.703
1.04412 402.692
1.09018 112.728
1.13828 145.508
1.1885 475.654
1.24094 173.595
1.29569 509.448
1.35285 256.507
1.41254 320.136
1.47486 465.535
1.53993 111.808
1.60787 189.416
1.6788 77.1933
1.75287 90.8823
1.83021 199.791
1.91095 31.2292
1.99526 333.753
2.08329 352.124
2.1752 167.932
2.27117 77.6392
2.37137 115.133
2.476 251.21
2.58523 347.005
2.69929 85.2611
2.81838 0
2.94273 45.4181
3.07256 227.228
3.20812 191.525
3.34965 0
3.49744 122.266
3.65174 120.697
3.81285 0
3.98107 110.342
4.15671 114.046
4.3401 87.569
4.53158 0
4.73151 162.263
4.94026 94.7449
5.15822 0
5.3858 50.1557
5.62341 0
5.87151 77.552
6.13056 0
6.40103 0
6.68344 214.488
6.97831 87.0166
7.28618 117.776
7.60764 34.7049
7.94328 98.8147
8.29373 0
8.65964 86.5284
9.0417 139.718
9.44061 229.073
9.85712 0
10.292 0
10.7461 0
11.2202 108.87
11.7152 0
12.2321 0
12.7717 80.084
13.3352 96.4107
13.9236 106.068
14.5378 117.034
15.1792 0
15.8489 0
16.5482 193.616
17.2783 114.238
18.0406 42.742
18.8365 72.5874
19.6675 90.3059
20.5353 50.2948
21.4412 108.409
22.3872 0
23.3749 87.7686
24.4062 217.621
25.483 183.536
26.6073 94.78
27.7811 211.196
29.0068 0
30.2866 211.583
31.6228 0
33.0179 0
34.4747 0
35.9956 34.4258
37.5837 196.451
39.2419 0
40.9732 0
42.7809 200.984
44.6684 0
46.6391 31.2476
48.6968 35.3606
50.8452 31.9317
53.0884 119.299
55.4307 0
57.8762 174.415
60.4296 54.1157
63.0957 107.76
65.8795 118.932
68.786 129.498
71.8208 47.5019
74.9894 0
78.2979 155.944
81.7523 0
85.3591 220.503
89.1251 105.722
93.0572 0
97.1628 367.66
101.45 234.238
105.925 349.441
110.599 136.886
115.478 0
120.573 291.258
125.893 240.534
131.447 77.0209
137.246 353.07
143.301 149.196
149.624 144.975
156.225 38.1572
163.117 249.704
170.314 173.04
177.828 224.858
185.674 69.5154
193.865 172.885
202.418 447.199
211.349 118.335
220.673 345.121
230.409 53.4583
240.575 284.319
251.189 290.399
262.271 0
273.842 0
285.924 0
298.538 73.6544
311.709 0
325.462 0
339.821 0
354.813 0
370.467 0
386.812 0
403.878 0
421.697 0
440.301 94.212
459.727 0
480.01 0
501.187 102.757
523.299 0
546.387 0
570.493 0
595.662 0
621.942 0
649.382 0
678.032 0
707.946 0
739.18 0
771.792 0
805.842 0
841.395 0
878.517 0
917.276 0
957.745 0
1000 0
