# First line is two numbers 
#     First value is '2', it means 'histogram mode'
#     Second value is 'Emin' of the histogram
# Other lines : 2 columns. 1) energy 2) probability (nb divided by NbEvent)
# Number of bins = 480
# Content below the first bin: 0
# Content above the last  bin: 0
# Content above the last  bin: 0
# Number of events: 209000
2 1e-06
1.04412e-06 0
1.09018e-06 0
1.13828e-06 0
1.1885e-06 0
1.24094e-06 0
1.29569e-06 0
1.35285e-06 0
1.41254e-06 0
1.47486e-06 0
1.53993e-06 0
1.60787e-06 0
1.6788e-06 0
1.75287e-06 0
1.83021e-06 0
1.91095e-06 0
1.99526e-06 0
2.08329e-06 0
2.1752e-06 0
2.27117e-06 0
2.37137e-06 0
2.476e-06 0
2.58523e-06 0
2.69929e-06 0
2.81838e-06 0
2.94273e-06 0
3.07256e-06 0
3.20812e-06 0
3.34965e-06 0
3.49744e-06 0
3.65174e-06 0
3.81285e-06 0
3.98107e-06 0
4.15671e-06 0
4.3401e-06 0
4.53158e-06 0
4.73151e-06 0
4.94026e-06 0
5.15822e-06 0
5.3858e-06 0
5.62341e-06 0
5.87151e-06 0
6.13056e-06 0
6.40103e-06 0
6.68344e-06 0
6.97831e-06 0
7.28618e-06 0
7.60764e-06 0
7.94328e-06 0
8.29373e-06 0
8.65964e-06 0
9.0417e-06 0
9.44061e-06 0
9.85712e-06 0
1.0292e-05 0
1.07461e-05 0
1.12202e-05 0
1.17152e-05 0
1.22321e-05 0
1.27717e-05 0
1.33352e-05 0
1.39236e-05 0
1.45378e-05 0
1.51792e-05 0
1.58489e-05 0
1.65482e-05 0
1.72783e-05 0
1.80406e-05 0
1.88365e-05 0
1.96675e-05 0
2.05353e-05 0
2.14412e-05 0
2.23872e-05 0
2.33749e-05 0
2.44062e-05 0
2.5483e-05 0
2.66073e-05 0
2.77811e-05 0
2.90068e-05 0
3.02866e-05 0
3.16228e-05 0
3.30179e-05 0
3.44747e-05 0
3.59956e-05 0
3.75837e-05 0
3.92419e-05 0
4.09732e-05 0
4.27809e-05 0
4.46684e-05 0
4.66391e-05 0
4.86968e-05 0
5.08452e-05 0
5.30884e-05 0
5.54307e-05 0
5.78762e-05 0
6.04296e-05 0
6.30957e-05 0
6.58795e-05 0
6.8786e-05 0
7.18208e-05 0
7.49894e-05 0
7.82979e-05 0
8.17523e-05 0
8.53591e-05 0
8.91251e-05 0
9.30572e-05 0
9.71628e-05 0
0.00010145 0
0.000105925 0
0.000110599 0
0.000115478 0
0.000120573 0
0.000125893 0
0.000131447 0
0.000137246 0
0.000143301 0
0.000149624 0
0.000156225 0
0.000163117 0
0.000170314 0
0.000177828 0
0.000185674 0
0.000193865 0
0.000202418 0
0.000211349 0
0.000220673 0
0.000230409 0
0.000240575 0
0.000251189 0
0.000262271 0
0.000273842 0
0.000285924 0
0.000298538 0
0.000311709 0
0.000325462 0
0.000339821 0
0.000354813 0
0.000370467 0
0.000386812 0
0.000403878 0
0.000421697 0
0.000440301 0
0.000459727 0
0.00048001 0
0.000501187 0
0.000523299 0
0.000546387 0
0.000570493 0
0.000595662 0
0.000621942 0
0.000649382 0
0.000678032 0
0.000707946 0
0.00073918 0
0.000771792 0
0.000805842 0
0.000841395 0
0.000878517 0
0.000917276 0
0.000957745 0
0.001 0
0.00104412 0
0.00109018 0
0.00113828 0
0.0011885 0
0.00124094 0
0.00129569 0
0.00135285 0
0.00141254 0
0.00147486 0
0.00153993 0
0.00160787 0
0.0016788 0
0.00175287 0
0.00183021 0
0.00191095 0
0.00199526 0
0.00208329 0
0.0021752 0
0.00227117 0
0.00237137 0
0.002476 0
0.00258523 0
0.00269929 0
0.00281838 0
0.00294273 0
0.00307256 0
0.00320812 0
0.00334965 0
0.00349744 52.8379
0.00365174 0
0.00381285 0
0.00398107 0
0.00415671 0
0.0043401 0
0.00453158 0
0.00473151 0
0.00494026 0
0.00515822 0
0.0053858 0
0.00562341 0
0.00587151 0
0.00613056 0
0.00640103 0
0.00668344 0
0.00697831 0
0.00728618 0
0.00760764 0
0.00794328 0
0.00829373 0
0.00865964 0
0.0090417 0
0.00944061 0
0.00985712 0
0.010292 0
0.0107461 0
0.0112202 0
0.0117152 0
0.0122321 0
0.0127717 0
0.0133352 275.726
0.0139236 0
0.0145378 0
0.0151792 0
0.0158489 0
0.0165482 0
0.0172783 0
0.0180406 61.1095
0.0188365 112.069
0.0196675 0
0.0205353 0
0.0214412 0
0.0223872 0
0.0233749 0
0.0244062 0
0.025483 0
0.0266073 0
0.0277811 0
0.0290068 0
0.0302866 53.3076
0.0316228 257.935
0.0330179 0
0.0344747 0
0.0359956 222.793
0.0375837 115.602
0.0392419 140.457
0.0409732 0
0.0427809 0
0.0446684 0
0.0466391 0
0.0486968 170.266
0.0508452 207.381
0.0530884 135.097
0.0554307 359.712
0.0578762 97.8279
0.0604296 209.632
0.0630957 154.956
0.0658795 83.6508
0.068786 296.958
0.0718208 90.4945
0.0749894 174.36
0.0782979 294.965
0.0817523 159.074
0.0853591 226.139
0.0891251 0
0.0930572 346.933
0.0971628 51.645
0.10145 356.464
0.105925 526.532
0.110599 301.911
0.115478 365.808
0.120573 76.616
0.125893 143.222
0.131447 340.85
0.137246 130.182
0.143301 668.216
0.149624 109.157
0.156225 268.424
0.163117 278.233
0.170314 219.215
0.177828 374.864
0.185674 569.28
0.193865 270.917
0.202418 568.002
0.211349 43.8199
0.220673 478.468
0.230409 450.49
0.240575 319.284
0.251189 263.372
0.262271 145.942
0.273842 508.723
0.285924 307.585
0.298538 1004.58
0.311709 492.774
0.325462 507.087
0.339821 254.293
0.354813 182.091
0.370467 217.36
0.386812 445.874
0.403878 632.576
0.421697 264.559
0.440301 457.673
0.459727 630.904
0.48001 187.261
0.501187 477.7
0.523299 231.347
0.546387 456.544
0.570493 219.758
0.595662 202.402
0.621942 506.981
0.649382 388.069
0.678032 567.75
0.707946 299.985
0.73918 424.407
0.771792 297.11
0.805842 526.847
0.841395 637.401
0.878517 252.989
0.917276 173.6
0.957745 354.329
1 149.872
1.04412 413.601
1.09018 239.001
1.13828 443.375
1.1885 208.067
1.24094 108.337
1.29569 230.317
1.35285 180.11
1.41254 227.777
1.47486 281.108
1.53993 231.742
1.60787 216.132
1.6788 256.63
1.75287 0
1.83021 0
1.91095 197.81
1.99526 0
2.08329 103.384
2.1752 268.345
2.27117 153.35
2.37137 19.1888
2.476 230.505
2.58523 0
2.69929 98.7926
2.81838 214.413
2.94273 319.846
3.07256 116.445
3.20812 66.7254
3.34965 0
3.49744 0
3.65174 176.337
3.81285 175.573
3.98107 93.4094
4.15671 88.2756
4.3401 0
4.53158 305.694
4.73151 0
4.94026 0
5.15822 0
5.3858 0
5.62341 0
5.87151 0
6.13056 112.047
6.40103 156.691
6.68344 0
6.97831 117.204
7.28618 97.6485
7.60764 0
7.94328 0
8.29373 67.5608
8.65964 117.219
9.0417 0
9.44061 0
9.85712 0
10.292 94.1984
10.7461 55.1452
11.2202 99.2636
11.7152 44.1462
12.2321 90.2662
12.7717 0
13.3352 18.0764
13.9236 97.1718
14.5378 0
15.1792 0
15.8489 75.9349
16.5482 107.658
17.2783 192.736
18.0406 105.657
18.8365 0
19.6675 137.855
20.5353 248.692
21.4412 0
22.3872 93.1727
23.3749 81.7797
24.4062 204.068
25.483 0
26.6073 103.58
27.7811 120.913
29.0068 36.1428
30.2866 88.8371
31.6228 0
33.0179 0
34.4747 36.3378
35.9956 61.8825
37.5837 86.2472
39.2419 0
40.9732 57.1383
42.7809 99.642
44.6684 0
46.6391 107.425
48.6968 133.628
50.8452 39.207
53.0884 113.759
55.4307 37.6823
57.8762 0
60.4296 52.2525
63.0957 93.7739
65.8795 338.978
68.786 151.911
71.8208 0
74.9894 194.363
78.2979 376.908
81.7523 144.076
85.3591 226.772
89.1251 133.868
93.0572 201.589
97.1628 54.1218
101.45 627.128
105.925 281.625
110.599 452.96
115.478 115.248
120.573 221.628
125.893 274.324
131.447 174.299
137.246 88.6405
143.301 73.0935
149.624 445.132
156.225 101.203
163.117 175.348
170.314 344.457
177.828 331.218
185.674 248.824
193.865 94.7605
202.418 0
211.349 0
220.673 108.079
230.409 76.8854
240.575 0
251.189 0
262.271 69.9494
273.842 91.1824
285.924 38.7145
298.538 0
311.709 176.209
325.462 0
339.821 0
354.813 0
370.467 0
386.812 60.1718
403.878 0
421.697 0
440.301 0
459.727 0
480.01 0
501.187 0
523.299 0
546.387 0
570.493 0
595.662 0
621.942 0
649.382 0
678.032 0
707.946 0
739.18 0
771.792 0
805.842 0
841.395 0
878.517 0
917.276 0
957.745 0
1000 0
