# First line is two numbers 
#     First value is '2', it means 'histogram mode'
#     Second value is 'Emin' of the histogram
# Other lines : 2 columns. 1) energy 2) probability (nb divided by NbEvent)
# Number of bins = 480
# Content below the first bin: 0
# Content above the last  bin: 0
# Content above the last  bin: 0
# Number of events: 209000
2 1e-06
1.04412e-06 0
1.09018e-06 0
1.13828e-06 0
1.1885e-06 0
1.24094e-06 0
1.29569e-06 0
1.35285e-06 0
1.41254e-06 0
1.47486e-06 0
1.53993e-06 0
1.60787e-06 0
1.6788e-06 0
1.75287e-06 0
1.83021e-06 0
1.91095e-06 0
1.99526e-06 0
2.08329e-06 0
2.1752e-06 0
2.27117e-06 0
2.37137e-06 0
2.476e-06 0
2.58523e-06 0
2.69929e-06 0
2.81838e-06 0
2.94273e-06 0
3.07256e-06 0
3.20812e-06 0
3.34965e-06 0
3.49744e-06 0
3.65174e-06 0
3.81285e-06 0
3.98107e-06 0
4.15671e-06 0
4.3401e-06 0
4.53158e-06 0
4.73151e-06 0
4.94026e-06 0
5.15822e-06 0
5.3858e-06 0
5.62341e-06 0
5.87151e-06 0
6.13056e-06 0
6.40103e-06 0
6.68344e-06 0
6.97831e-06 0
7.28618e-06 0
7.60764e-06 0
7.94328e-06 0
8.29373e-06 0
8.65964e-06 0
9.0417e-06 0
9.44061e-06 0
9.85712e-06 0
1.0292e-05 0
1.07461e-05 0
1.12202e-05 0
1.17152e-05 0
1.22321e-05 0
1.27717e-05 0
1.33352e-05 0
1.39236e-05 0
1.45378e-05 0
1.51792e-05 0
1.58489e-05 0
1.65482e-05 0
1.72783e-05 0
1.80406e-05 0
1.88365e-05 0
1.96675e-05 0
2.05353e-05 0
2.14412e-05 0
2.23872e-05 0
2.33749e-05 0
2.44062e-05 0
2.5483e-05 0
2.66073e-05 0
2.77811e-05 0
2.90068e-05 0
3.02866e-05 0
3.16228e-05 0
3.30179e-05 0
3.44747e-05 0
3.59956e-05 0
3.75837e-05 0
3.92419e-05 0
4.09732e-05 0
4.27809e-05 0
4.46684e-05 0
4.66391e-05 0
4.86968e-05 0
5.08452e-05 0
5.30884e-05 0
5.54307e-05 0
5.78762e-05 0
6.04296e-05 0
6.30957e-05 0
6.58795e-05 0
6.8786e-05 0
7.18208e-05 0
7.49894e-05 0
7.82979e-05 0
8.17523e-05 0
8.53591e-05 0
8.91251e-05 0
9.30572e-05 0
9.71628e-05 0
0.00010145 0
0.000105925 0
0.000110599 0
0.000115478 0
0.000120573 0
0.000125893 0
0.000131447 0
0.000137246 0
0.000143301 0
0.000149624 0
0.000156225 0
0.000163117 0
0.000170314 0
0.000177828 0
0.000185674 0
0.000193865 0
0.000202418 0
0.000211349 0
0.000220673 0
0.000230409 0
0.000240575 0
0.000251189 0
0.000262271 0
0.000273842 0
0.000285924 0
0.000298538 0
0.000311709 0
0.000325462 0
0.000339821 0
0.000354813 0
0.000370467 0
0.000386812 0
0.000403878 0
0.000421697 0
0.000440301 0
0.000459727 0
0.00048001 0
0.000501187 0
0.000523299 0
0.000546387 0
0.000570493 0
0.000595662 0
0.000621942 0
0.000649382 0
0.000678032 0
0.000707946 0
0.00073918 0
0.000771792 0
0.000805842 0
0.000841395 0
0.000878517 0
0.000917276 0
0.000957745 0
0.001 0
0.00104412 0
0.00109018 0
0.00113828 0
0.0011885 0
0.00124094 0
0.00129569 0
0.00135285 0
0.00141254 0
0.00147486 0
0.00153993 0
0.00160787 0
0.0016788 0
0.00175287 0
0.00183021 0
0.00191095 0
0.00199526 0
0.00208329 0
0.0021752 0
0.00227117 0
0.00237137 0
0.002476 0
0.00258523 0
0.00269929 0
0.00281838 0
0.00294273 0
0.00307256 0
0.00320812 0
0.00334965 0
0.00349744 0
0.00365174 0
0.00381285 0
0.00398107 0
0.00415671 0
0.0043401 0
0.00453158 0
0.00473151 0
0.00494026 0
0.00515822 0
0.0053858 0
0.00562341 0
0.00587151 0
0.00613056 0
0.00640103 0
0.00668344 0
0.00697831 0
0.00728618 0
0.00760764 0
0.00794328 0
0.00829373 138.593
0.00865964 0
0.0090417 0
0.00944061 0
0.00985712 0
0.010292 0
0.0107461 38.0195
0.0112202 56.2164
0.0117152 0
0.0122321 57.5721
0.0127717 0
0.0133352 103.449
0.0139236 0
0.0145378 204.321
0.0151792 0
0.0158489 0
0.0165482 0
0.0172783 0
0.0180406 84.1255
0.0188365 0
0.0196675 0
0.0205353 103.86
0.0214412 91.5837
0.0223872 0
0.0233749 0
0.0244062 162.537
0.025483 0
0.0266073 0
0.0277811 319.208
0.0290068 0
0.0302866 0
0.0316228 21.495
0.0330179 0
0.0344747 190.911
0.0359956 0
0.0375837 285.473
0.0392419 421.995
0.0409732 54.9723
0.0427809 0
0.0446684 107.686
0.0466391 176.149
0.0486968 151.727
0.0508452 159.908
0.0530884 219.411
0.0554307 184.796
0.0578762 150.888
0.0604296 70.6399
0.0630957 360.44
0.0658795 118.82
0.068786 195.719
0.0718208 0
0.0749894 156.494
0.0782979 395.779
0.0817523 106.612
0.0853591 381.904
0.0891251 283.06
0.0930572 219.755
0.0971628 561.54
0.10145 349.335
0.105925 147.746
0.110599 123.551
0.115478 44.5102
0.120573 297.624
0.125893 443.987
0.131447 278.866
0.137246 373.858
0.143301 71.8104
0.149624 252.943
0.156225 356.171
0.163117 337.263
0.170314 374.036
0.177828 101.11
0.185674 239.259
0.193865 417.231
0.202418 95.3275
0.211349 319.698
0.220673 398.08
0.230409 237.124
0.240575 211.173
0.251189 626.636
0.262271 450.015
0.273842 638.169
0.285924 388.022
0.298538 576.961
0.311709 390.393
0.325462 212.55
0.339821 422.828
0.354813 439.201
0.370467 695.732
0.386812 215.202
0.403878 632.664
0.421697 182.466
0.440301 438.187
0.459727 200.749
0.48001 384.053
0.501187 288.546
0.523299 900.249
0.546387 376.879
0.570493 741.443
0.595662 620.743
0.621942 391.641
0.649382 454.89
0.678032 530.406
0.707946 361.045
0.73918 975.007
0.771792 0
0.805842 374.239
0.841395 429.806
0.878517 427.37
0.917276 448.542
0.957745 112.169
1 0
1.04412 156.992
1.09018 195.679
1.13828 167.527
1.1885 372.431
1.24094 189.321
1.29569 63.8412
1.35285 163.745
1.41254 100.685
1.47486 0
1.53993 164.624
1.60787 211.641
1.6788 392.092
1.75287 104.474
1.83021 110.97
1.91095 424.778
1.99526 0
2.08329 95.5642
2.1752 92.6373
2.27117 61.9152
2.37137 0
2.476 172.543
2.58523 120.897
2.69929 84.7529
2.81838 208.864
2.94273 92.1889
3.07256 209.993
3.20812 218.45
3.34965 0
3.49744 178.901
3.65174 116.887
3.81285 296.448
3.98107 65.1105
4.15671 0
4.3401 48.5861
4.53158 72.7707
4.73151 110.486
4.94026 0
5.15822 157.674
5.3858 0
5.62341 105.516
5.87151 0
6.13056 0
6.40103 74.6108
6.68344 0
6.97831 59.2367
7.28618 0
7.60764 0
7.94328 0
8.29373 0
8.65964 115.276
9.0417 76.343
9.44061 36.4607
9.85712 0
10.292 183.231
10.7461 109.98
11.2202 117.79
11.7152 0
12.2321 0
12.7717 0
13.3352 312.023
13.9236 241.924
14.5378 0
15.1792 0
15.8489 0
16.5482 0
17.2783 268.292
18.0406 157.909
18.8365 84.0292
19.6675 0
20.5353 176.547
21.4412 0
22.3872 0
23.3749 88.985
24.4062 192.428
25.483 119.736
26.6073 300.256
27.7811 100.381
29.0068 90.8511
30.2866 189.285
31.6228 0
33.0179 0
34.4747 0
35.9956 0
37.5837 13.8003
39.2419 62.0134
40.9732 109.257
42.7809 216.393
44.6684 0
46.6391 34.4101
48.6968 0
50.8452 116.847
53.0884 0
55.4307 0
57.8762 497.385
60.4296 125.299
63.0957 181.048
65.8795 233.809
68.786 224.918
71.8208 0
74.9894 0
78.2979 286.761
81.7523 50.3082
85.3591 113.47
89.1251 18.0491
93.0572 37.4727
97.1628 145.602
101.45 393.473
105.925 364.393
110.599 82.9985
115.478 416.248
120.573 225.02
125.893 0
131.447 697.369
137.246 230.712
143.301 105.532
149.624 141.217
156.225 119.094
163.117 214.316
170.314 229.096
177.828 395.696
185.674 123.902
193.865 55.3957
202.418 0
211.349 138.426
220.673 68.5411
230.409 0
240.575 0
251.189 186.586
262.271 78.1343
273.842 0
285.924 44.2534
298.538 0
311.709 0
325.462 197.178
339.821 0
354.813 0
370.467 63.7248
386.812 211.272
403.878 0
421.697 0
440.301 0
459.727 0
480.01 103.188
501.187 0
523.299 0
546.387 0
570.493 0
595.662 0
621.942 0
649.382 0
678.032 0
707.946 0
739.18 0
771.792 0
805.842 0
841.395 0
878.517 0
917.276 0
957.745 0
1000 0
