# First line is two numbers 
#     First value is '2', it means 'histogram mode'
#     Second value is 'Emin' of the histogram
# Other lines : 2 columns. 1) energy 2) probability (nb divided by NbEvent)
# Number of bins = 480
# Content below the first bin: 0
# Content above the last  bin: 0
# Content above the last  bin: 0
# Number of events: 209000
2 1e-06
1.04412e-06 0
1.09018e-06 0
1.13828e-06 0
1.1885e-06 0
1.24094e-06 0
1.29569e-06 0
1.35285e-06 0
1.41254e-06 0
1.47486e-06 0
1.53993e-06 0
1.60787e-06 0
1.6788e-06 0
1.75287e-06 0
1.83021e-06 0
1.91095e-06 0
1.99526e-06 0
2.08329e-06 0
2.1752e-06 0
2.27117e-06 0
2.37137e-06 0
2.476e-06 0
2.58523e-06 0
2.69929e-06 0
2.81838e-06 0
2.94273e-06 0
3.07256e-06 0
3.20812e-06 0
3.34965e-06 0
3.49744e-06 0
3.65174e-06 0
3.81285e-06 0
3.98107e-06 0
4.15671e-06 0
4.3401e-06 0
4.53158e-06 0
4.73151e-06 0
4.94026e-06 0
5.15822e-06 0
5.3858e-06 0
5.62341e-06 0
5.87151e-06 0
6.13056e-06 0
6.40103e-06 0
6.68344e-06 0
6.97831e-06 0
7.28618e-06 0
7.60764e-06 0
7.94328e-06 0
8.29373e-06 0
8.65964e-06 0
9.0417e-06 0
9.44061e-06 0
9.85712e-06 0
1.0292e-05 0
1.07461e-05 0
1.12202e-05 0
1.17152e-05 0
1.22321e-05 0
1.27717e-05 0
1.33352e-05 0
1.39236e-05 0
1.45378e-05 0
1.51792e-05 0
1.58489e-05 0
1.65482e-05 0
1.72783e-05 0
1.80406e-05 0
1.88365e-05 0
1.96675e-05 0
2.05353e-05 0
2.14412e-05 0
2.23872e-05 0
2.33749e-05 0
2.44062e-05 0
2.5483e-05 0
2.66073e-05 0
2.77811e-05 0
2.90068e-05 0
3.02866e-05 0
3.16228e-05 0
3.30179e-05 0
3.44747e-05 0
3.59956e-05 0
3.75837e-05 0
3.92419e-05 0
4.09732e-05 0
4.27809e-05 0
4.46684e-05 0
4.66391e-05 0
4.86968e-05 0
5.08452e-05 0
5.30884e-05 0
5.54307e-05 0
5.78762e-05 0
6.04296e-05 0
6.30957e-05 0
6.58795e-05 0
6.8786e-05 0
7.18208e-05 0
7.49894e-05 0
7.82979e-05 0
8.17523e-05 0
8.53591e-05 0
8.91251e-05 0
9.30572e-05 0
9.71628e-05 0
0.00010145 0
0.000105925 0
0.000110599 0
0.000115478 0
0.000120573 0
0.000125893 0
0.000131447 0
0.000137246 0
0.000143301 0
0.000149624 0
0.000156225 0
0.000163117 0
0.000170314 0
0.000177828 0
0.000185674 0
0.000193865 0
0.000202418 0
0.000211349 0
0.000220673 0
0.000230409 0
0.000240575 0
0.000251189 0
0.000262271 0
0.000273842 0
0.000285924 0
0.000298538 0
0.000311709 0
0.000325462 0
0.000339821 0
0.000354813 0
0.000370467 0
0.000386812 0
0.000403878 0
0.000421697 0
0.000440301 0
0.000459727 0
0.00048001 0
0.000501187 0
0.000523299 0
0.000546387 0
0.000570493 0
0.000595662 0
0.000621942 0
0.000649382 0
0.000678032 0
0.000707946 0
0.00073918 0
0.000771792 0
0.000805842 0
0.000841395 0
0.000878517 0
0.000917276 0
0.000957745 0
0.001 0
0.00104412 0
0.00109018 0
0.00113828 0
0.0011885 0
0.00124094 0
0.00129569 0
0.00135285 0
0.00141254 0
0.00147486 0
0.00153993 0
0.00160787 0
0.0016788 0
0.00175287 0
0.00183021 0
0.00191095 0
0.00199526 0
0.00208329 0
0.0021752 0
0.00227117 0
0.00237137 0
0.002476 0
0.00258523 0
0.00269929 0
0.00281838 0
0.00294273 0
0.00307256 0
0.00320812 0
0.00334965 0
0.00349744 0
0.00365174 0
0.00381285 0
0.00398107 0
0.00415671 0
0.0043401 0
0.00453158 0
0.00473151 0
0.00494026 0
0.00515822 0
0.0053858 0
0.00562341 0
0.00587151 0
0.00613056 0
0.00640103 0
0.00668344 0
0.00697831 0
0.00728618 0
0.00760764 0
0.00794328 0
0.00829373 0
0.00865964 0
0.0090417 0
0.00944061 0
0.00985712 55.2825
0.010292 0
0.0107461 0
0.0112202 0
0.0117152 78.995
0.0122321 0
0.0127717 148.11
0.0133352 0
0.0139236 0
0.0145378 36.0685
0.0151792 0
0.0158489 75.1113
0.0165482 0
0.0172783 0
0.0180406 0
0.0188365 0
0.0196675 0
0.0205353 0
0.0214412 0
0.0223872 76.5121
0.0233749 82.4947
0.0244062 0
0.025483 0
0.0266073 106.869
0.0277811 57.552
0.0290068 0
0.0302866 96.7915
0.0316228 153.146
0.0330179 0
0.0344747 89.9212
0.0359956 0
0.0375837 0
0.0392419 66.5312
0.0409732 0
0.0427809 264.919
0.0446684 127.554
0.0466391 42.8925
0.0486968 55.3744
0.0508452 523.002
0.0530884 78.168
0.0554307 248.115
0.0578762 0
0.0604296 308.369
0.0630957 293.763
0.0658795 166.873
0.068786 76.13
0.0718208 335.39
0.0749894 13.3281
0.0782979 104.204
0.0817523 320.402
0.0853591 346.624
0.0891251 230.454
0.0930572 336.508
0.0971628 322.138
0.10145 249.522
0.105925 546.568
0.110599 230.315
0.115478 504.914
0.120573 403.166
0.125893 563.099
0.131447 0
0.137246 566.675
0.143301 570.069
0.149624 551.686
0.156225 628.496
0.163117 69.6533
0.170314 620.996
0.177828 286.596
0.185674 313.769
0.193865 229.451
0.202418 281.892
0.211349 113.877
0.220673 548.805
0.230409 414.12
0.240575 326.312
0.251189 593.464
0.262271 700.761
0.273842 636.553
0.285924 458.416
0.298538 833.103
0.311709 673.2
0.325462 747.515
0.339821 552.883
0.354813 817.676
0.370467 179.802
0.386812 892.904
0.403878 563.267
0.421697 365.103
0.440301 472.532
0.459727 515.227
0.48001 464.759
0.501187 260.402
0.523299 276.455
0.546387 414.563
0.570493 456.604
0.595662 705.573
0.621942 437.752
0.649382 441.552
0.678032 303.955
0.707946 346.585
0.73918 411.528
0.771792 108.485
0.805842 301.351
0.841395 552.857
0.878517 110.366
0.917276 71.7069
0.957745 93.1253
1 332.317
1.04412 169.045
1.09018 399.872
1.13828 342.864
1.1885 77.0595
1.24094 159.681
1.29569 414.922
1.35285 107.201
1.41254 96.0097
1.47486 0
1.53993 0
1.60787 0
1.6788 316.928
1.75287 169.239
1.83021 210.562
1.91095 152.327
1.99526 79.8849
2.08329 86.2332
2.1752 265.121
2.27117 0
2.37137 237.942
2.476 0
2.58523 0
2.69929 0
2.81838 68.2225
2.94273 88.1843
3.07256 134.393
3.20812 0
3.34965 46.9982
3.49744 41.7937
3.65174 63.567
3.81285 0
3.98107 111.882
4.15671 0
4.3401 84.7779
4.53158 80.8778
4.73151 237.24
4.94026 440.56
5.15822 0
5.3858 70.7214
5.62341 102.182
5.87151 109.1
6.13056 0
6.40103 108.502
6.68344 0
6.97831 164.325
7.28618 161.418
7.60764 0
7.94328 0
8.29373 0
8.65964 0
9.0417 99.9919
9.44061 199.282
9.85712 21.0734
10.292 0
10.7461 0
11.2202 0
11.7152 381.07
12.2321 113.647
12.7717 0
13.3352 0
13.9236 0
14.5378 151.236
15.1792 131.766
15.8489 0
16.5482 107.004
17.2783 0
18.0406 0
18.8365 96.6638
19.6675 35.8704
20.5353 45.3508
21.4412 0
22.3872 96.7788
23.3749 0
24.4062 115.576
25.483 118.938
26.6073 77.9423
27.7811 0
29.0068 108.074
30.2866 0
31.6228 0
33.0179 196.386
34.4747 0
35.9956 0
37.5837 75.2271
39.2419 201.685
40.9732 114.423
42.7809 104.87
44.6684 117.021
46.6391 110.916
48.6968 108.358
50.8452 143.081
53.0884 212.484
55.4307 71.528
57.8762 80.5228
60.4296 0
63.0957 142.41
65.8795 0
68.786 255.574
71.8208 0
74.9894 0
78.2979 67.4033
81.7523 347.429
85.3591 205.095
89.1251 0
93.0572 0
97.1628 347.799
101.45 345.394
105.925 233.853
110.599 373.383
115.478 172.75
120.573 231.022
125.893 365.912
131.447 257.353
137.246 0
143.301 300.08
149.624 90.5167
156.225 156.91
163.117 57.1917
170.314 41.816
177.828 0
185.674 91.9315
193.865 78.6542
202.418 180.72
211.349 281.365
220.673 90.1053
230.409 98.1434
240.575 17.0169
251.189 112.694
262.271 0
273.842 110.94
285.924 0
298.538 0
311.709 0
325.462 0
339.821 0
354.813 0
370.467 0
386.812 0
403.878 0
421.697 8.54705
440.301 0
459.727 0
480.01 0
501.187 0
523.299 0
546.387 0
570.493 0
595.662 0
621.942 0
649.382 0
678.032 0
707.946 0
739.18 0
771.792 0
805.842 0
841.395 0
878.517 0
917.276 0
957.745 0
1000 0
