# First line is two numbers 
#     First value is '2', it means 'histogram mode'
#     Second value is 'Emin' of the histogram
# Other lines : 2 columns. 1) energy 2) probability (nb divided by NbEvent)
# Number of bins = 480
# Content below the first bin: 0
# Content above the last  bin: 0
# Content above the last  bin: 0
# Number of events: 209000
2 1e-06
1.04412e-06 0
1.09018e-06 0
1.13828e-06 0
1.1885e-06 0
1.24094e-06 0
1.29569e-06 0
1.35285e-06 0
1.41254e-06 0
1.47486e-06 0
1.53993e-06 0
1.60787e-06 0
1.6788e-06 0
1.75287e-06 0
1.83021e-06 0
1.91095e-06 0
1.99526e-06 0
2.08329e-06 0
2.1752e-06 0
2.27117e-06 0
2.37137e-06 0
2.476e-06 0
2.58523e-06 0
2.69929e-06 0
2.81838e-06 0
2.94273e-06 0
3.07256e-06 0
3.20812e-06 0
3.34965e-06 0
3.49744e-06 0
3.65174e-06 0
3.81285e-06 0
3.98107e-06 0
4.15671e-06 0
4.3401e-06 0
4.53158e-06 0
4.73151e-06 0
4.94026e-06 0
5.15822e-06 0
5.3858e-06 0
5.62341e-06 0
5.87151e-06 0
6.13056e-06 0
6.40103e-06 0
6.68344e-06 0
6.97831e-06 0
7.28618e-06 0
7.60764e-06 0
7.94328e-06 0
8.29373e-06 0
8.65964e-06 0
9.0417e-06 0
9.44061e-06 0
9.85712e-06 0
1.0292e-05 0
1.07461e-05 0
1.12202e-05 0
1.17152e-05 0
1.22321e-05 0
1.27717e-05 0
1.33352e-05 0
1.39236e-05 0
1.45378e-05 0
1.51792e-05 0
1.58489e-05 0
1.65482e-05 0
1.72783e-05 0
1.80406e-05 0
1.88365e-05 0
1.96675e-05 0
2.05353e-05 0
2.14412e-05 0
2.23872e-05 0
2.33749e-05 0
2.44062e-05 0
2.5483e-05 0
2.66073e-05 0
2.77811e-05 0
2.90068e-05 0
3.02866e-05 0
3.16228e-05 0
3.30179e-05 0
3.44747e-05 0
3.59956e-05 0
3.75837e-05 0
3.92419e-05 0
4.09732e-05 0
4.27809e-05 0
4.46684e-05 0
4.66391e-05 0
4.86968e-05 0
5.08452e-05 0
5.30884e-05 0
5.54307e-05 0
5.78762e-05 0
6.04296e-05 0
6.30957e-05 0
6.58795e-05 0
6.8786e-05 0
7.18208e-05 0
7.49894e-05 0
7.82979e-05 0
8.17523e-05 0
8.53591e-05 0
8.91251e-05 0
9.30572e-05 0
9.71628e-05 0
0.00010145 0
0.000105925 0
0.000110599 0
0.000115478 0
0.000120573 0
0.000125893 0
0.000131447 0
0.000137246 0
0.000143301 0
0.000149624 0
0.000156225 0
0.000163117 0
0.000170314 0
0.000177828 0
0.000185674 0
0.000193865 0
0.000202418 0
0.000211349 0
0.000220673 0
0.000230409 0
0.000240575 0
0.000251189 0
0.000262271 0
0.000273842 0
0.000285924 0
0.000298538 0
0.000311709 0
0.000325462 0
0.000339821 0
0.000354813 0
0.000370467 0
0.000386812 0
0.000403878 0
0.000421697 0
0.000440301 0
0.000459727 0
0.00048001 0
0.000501187 0
0.000523299 107.772
0.000546387 0
0.000570493 0
0.000595662 0
0.000621942 0
0.000649382 0
0.000678032 0
0.000707946 0
0.00073918 0
0.000771792 0
0.000805842 0
0.000841395 0
0.000878517 0
0.000917276 0
0.000957745 0
0.001 0
0.00104412 0
0.00109018 117.376
0.00113828 0
0.0011885 0
0.00124094 0
0.00129569 0
0.00135285 119.491
0.00141254 0
0.00147486 0
0.00153993 0
0.00160787 0
0.0016788 0
0.00175287 0
0.00183021 114.441
0.00191095 77.9255
0.00199526 0
0.00208329 81.1853
0.0021752 0
0.00227117 116.582
0.00237137 275.026
0.002476 207.807
0.00258523 102.147
0.00269929 0
0.00281838 37.8846
0.00294273 88.3413
0.00307256 0
0.00320812 0
0.00334965 189.572
0.00349744 114.035
0.00365174 0
0.00381285 28.6678
0.00398107 0
0.00415671 86.4614
0.0043401 60.3007
0.00453158 34.9704
0.00473151 311.304
0.00494026 56.6804
0.00515822 104.627
0.0053858 113.571
0.00562341 0
0.00587151 166.425
0.00613056 121.109
0.00640103 248.104
0.00668344 60.833
0.00697831 264.2
0.00728618 0
0.00760764 313.525
0.00794328 354.229
0.00829373 143.966
0.00865964 415.093
0.0090417 363.162
0.00944061 299.644
0.00985712 790.387
0.010292 516.806
0.0107461 346.254
0.0112202 724.457
0.0117152 969.251
0.0122321 488.678
0.0127717 449.041
0.0133352 565.867
0.0139236 951.998
0.0145378 748.826
0.0151792 694.807
0.0158489 628.229
0.0165482 1532.21
0.0172783 1412.77
0.0180406 1483.74
0.0188365 1600.1
0.0196675 1367.65
0.0205353 1291.3
0.0214412 1289.1
0.0223872 2163.23
0.0233749 2282.29
0.0244062 2386.24
0.025483 2420.7
0.0266073 1956.41
0.0277811 3243.4
0.0290068 3808.39
0.0302866 3013
0.0316228 3523.69
0.0330179 3564.46
0.0344747 4490.04
0.0359956 4136.98
0.0375837 4238.15
0.0392419 5745.61
0.0409732 3733.7
0.0427809 5034.46
0.0446684 6629.88
0.0466391 5800.7
0.0486968 5389.12
0.0508452 8601.19
0.0530884 5654.51
0.0554307 6892.41
0.0578762 7605.67
0.0604296 7752.2
0.0630957 7642.68
0.0658795 9192.99
0.068786 7920.8
0.0718208 11002.9
0.0749894 9024.3
0.0782979 10469
0.0817523 9734.85
0.0853591 10938.2
0.0891251 11837.3
0.0930572 11317.7
0.0971628 14101.2
0.10145 12257.9
0.105925 13820.7
0.110599 14350.8
0.115478 12526.3
0.120573 14511.1
0.125893 17858.4
0.131447 14860
0.137246 16322.7
0.143301 18041.8
0.149624 14676.6
0.156225 18098.5
0.163117 18225
0.170314 15836.8
0.177828 19241.8
0.185674 19878.5
0.193865 17959.2
0.202418 15898.6
0.211349 17328.4
0.220673 22039.4
0.230409 20048.3
0.240575 18330
0.251189 20034
0.262271 18793.4
0.273842 20736.9
0.285924 20152.6
0.298538 18376.9
0.311709 21751
0.325462 23119.6
0.339821 19840.5
0.354813 22952.2
0.370467 23333.2
0.386812 20386.5
0.403878 24076.1
0.421697 19378.5
0.440301 18198.7
0.459727 21344.4
0.48001 19923.9
0.501187 22436.9
0.523299 19874.5
0.546387 20862
0.570493 20044.1
0.595662 19101.2
0.621942 19899.5
0.649382 21387.1
0.678032 20205.5
0.707946 20285.5
0.73918 17534.2
0.771792 15629.7
0.805842 16037.4
0.841395 17420.7
0.878517 16667.3
0.917276 14265.2
0.957745 15646.8
1 17751.4
1.04412 14692.1
1.09018 12539.8
1.13828 12122.7
1.1885 10739.6
1.24094 10284.6
1.29569 10917.1
1.35285 8347.77
1.41254 8721.2
1.47486 9060.23
1.53993 7469.83
1.60787 7539.51
1.6788 7962.21
1.75287 6379.28
1.83021 7993.99
1.91095 7461.97
1.99526 6806.72
2.08329 5112.89
2.1752 5555.25
2.27117 5144.62
2.37137 4870.22
2.476 5741.52
2.58523 4221.1
2.69929 4946.43
2.81838 5348.03
2.94273 4974.5
3.07256 5323.63
3.20812 4722.8
3.34965 4341.17
3.49744 4447.86
3.65174 4024.86
3.81285 4511.15
3.98107 4368.92
4.15671 4038.93
4.3401 3704.83
4.53158 4004.47
4.73151 2467.7
4.94026 3006.98
5.15822 3881.7
5.3858 2625.15
5.62341 3345.42
5.87151 3050.23
6.13056 3371.77
6.40103 2705.48
6.68344 3447.12
6.97831 3417.41
7.28618 1721.64
7.60764 2415.25
7.94328 1941.09
8.29373 2145.37
8.65964 3511.99
9.0417 2274.06
9.44061 2062.47
9.85712 1494.93
10.292 2013.38
10.7461 1175.42
11.2202 1970.5
11.7152 1295.18
12.2321 1545.37
12.7717 2012.39
13.3352 1113.75
13.9236 1440.25
14.5378 1447.93
15.1792 2057.78
15.8489 2228.95
16.5482 1411.67
17.2783 1773.83
18.0406 1452.73
18.8365 1436.77
19.6675 2294.05
20.5353 2295.79
21.4412 2601.95
22.3872 1723.46
23.3749 3623.24
24.4062 2206.79
25.483 2832.29
26.6073 1605.6
27.7811 2064.9
29.0068 2577.13
30.2866 1443.94
31.6228 2146.04
33.0179 2156.66
34.4747 2911.85
35.9956 2041.84
37.5837 3042.77
39.2419 2286.03
40.9732 2554.86
42.7809 2735.13
44.6684 2704.04
46.6391 2314.69
48.6968 2628.56
50.8452 2938.59
53.0884 2802.73
55.4307 3164.42
57.8762 2589.18
60.4296 4066.73
63.0957 3491.47
65.8795 3672.51
68.786 3226.56
71.8208 3526.83
74.9894 4085.57
78.2979 3742.57
81.7523 3900.76
85.3591 3863.84
89.1251 2534.84
93.0572 3550.78
97.1628 3857.02
101.45 3085.01
105.925 4232.71
110.599 3086.54
115.478 6345.85
120.573 3299.21
125.893 3875.68
131.447 4233.41
137.246 4172.08
143.301 4094.29
149.624 4606.62
156.225 5367.5
163.117 4580.85
170.314 3318.62
177.828 4899.71
185.674 4406.47
193.865 4895.67
202.418 4752.05
211.349 4884.85
220.673 3713.17
230.409 6465.68
240.575 5025.95
251.189 3943.07
262.271 4795.12
273.842 5038.63
285.924 4910.1
298.538 4016.33
311.709 3958.88
325.462 4009.74
339.821 3048.31
354.813 3401.28
370.467 2849.26
386.812 2808.17
403.878 1773.97
421.697 1646.52
440.301 1729.12
459.727 1448.66
480.01 1140.04
501.187 1301.32
523.299 363.253
546.387 919.961
570.493 373.335
595.662 447.033
621.942 326.621
649.382 164.952
678.032 257.506
707.946 290.202
739.18 63.3578
771.792 86.9812
805.842 103.365
841.395 204.658
878.517 71.3458
917.276 0
957.745 113.711
1000 0
