# First line is two numbers 
#     First value is '2', it means 'histogram mode'
#     Second value is 'Emin' of the histogram
# Other lines : 2 columns. 1) energy 2) probability (nb divided by NbEvent)
# Number of bins = 480
# Content below the first bin: 0
# Content above the last  bin: 0
# Content above the last  bin: 0
# Number of events: 209000
2 1e-06
1.04412e-06 0
1.09018e-06 0
1.13828e-06 0
1.1885e-06 0
1.24094e-06 0
1.29569e-06 0
1.35285e-06 0
1.41254e-06 0
1.47486e-06 0
1.53993e-06 0
1.60787e-06 0
1.6788e-06 0
1.75287e-06 0
1.83021e-06 0
1.91095e-06 0
1.99526e-06 0
2.08329e-06 0
2.1752e-06 0
2.27117e-06 0
2.37137e-06 0
2.476e-06 0
2.58523e-06 0
2.69929e-06 0
2.81838e-06 0
2.94273e-06 0
3.07256e-06 0
3.20812e-06 0
3.34965e-06 0
3.49744e-06 0
3.65174e-06 0
3.81285e-06 0
3.98107e-06 0
4.15671e-06 0
4.3401e-06 0
4.53158e-06 0
4.73151e-06 0
4.94026e-06 0
5.15822e-06 0
5.3858e-06 0
5.62341e-06 0
5.87151e-06 0
6.13056e-06 0
6.40103e-06 0
6.68344e-06 0
6.97831e-06 0
7.28618e-06 0
7.60764e-06 0
7.94328e-06 0
8.29373e-06 0
8.65964e-06 0
9.0417e-06 0
9.44061e-06 0
9.85712e-06 0
1.0292e-05 0
1.07461e-05 0
1.12202e-05 0
1.17152e-05 0
1.22321e-05 0
1.27717e-05 0
1.33352e-05 0
1.39236e-05 0
1.45378e-05 0
1.51792e-05 0
1.58489e-05 0
1.65482e-05 0
1.72783e-05 0
1.80406e-05 0
1.88365e-05 0
1.96675e-05 0
2.05353e-05 0
2.14412e-05 0
2.23872e-05 0
2.33749e-05 0
2.44062e-05 0
2.5483e-05 0
2.66073e-05 0
2.77811e-05 0
2.90068e-05 0
3.02866e-05 0
3.16228e-05 0
3.30179e-05 0
3.44747e-05 0
3.59956e-05 0
3.75837e-05 0
3.92419e-05 0
4.09732e-05 0
4.27809e-05 0
4.46684e-05 0
4.66391e-05 0
4.86968e-05 0
5.08452e-05 0
5.30884e-05 0
5.54307e-05 0
5.78762e-05 0
6.04296e-05 0
6.30957e-05 0
6.58795e-05 0
6.8786e-05 0
7.18208e-05 0
7.49894e-05 0
7.82979e-05 0
8.17523e-05 0
8.53591e-05 0
8.91251e-05 0
9.30572e-05 0
9.71628e-05 0
0.00010145 0
0.000105925 0
0.000110599 0
0.000115478 0
0.000120573 0
0.000125893 0
0.000131447 0
0.000137246 0
0.000143301 0
0.000149624 0
0.000156225 0
0.000163117 0
0.000170314 0
0.000177828 0
0.000185674 0
0.000193865 0
0.000202418 0
0.000211349 0
0.000220673 0
0.000230409 0
0.000240575 0
0.000251189 0
0.000262271 0
0.000273842 0
0.000285924 0
0.000298538 0
0.000311709 0
0.000325462 1
0.000339821 0
0.000354813 0
0.000370467 0
0.000386812 0
0.000403878 0
0.000421697 0
0.000440301 0
0.000459727 0
0.00048001 1
0.000501187 0
0.000523299 1
0.000546387 0
0.000570493 0
0.000595662 0
0.000621942 0
0.000649382 0
0.000678032 0
0.000707946 0
0.00073918 0
0.000771792 0
0.000805842 0
0.000841395 0
0.000878517 0
0.000917276 0
0.000957745 0
0.001 0
0.00104412 0
0.00109018 0
0.00113828 0
0.0011885 0
0.00124094 0
0.00129569 0
0.00135285 0
0.00141254 2
0.00147486 0
0.00153993 0
0.00160787 0
0.0016788 0
0.00175287 0
0.00183021 0
0.00191095 0
0.00199526 0
0.00208329 0
0.0021752 2
0.00227117 0
0.00237137 1
0.002476 0
0.00258523 3
0.00269929 0
0.00281838 1
0.00294273 0
0.00307256 0
0.00320812 0
0.00334965 0
0.00349744 2
0.00365174 1
0.00381285 3
0.00398107 1
0.00415671 3
0.0043401 1
0.00453158 1
0.00473151 2
0.00494026 1
0.00515822 1
0.0053858 2
0.00562341 2
0.00587151 1
0.00613056 2
0.00640103 4
0.00668344 1
0.00697831 4
0.00728618 2
0.00760764 4
0.00794328 4
0.00829373 7
0.00865964 7
0.0090417 4
0.00944061 6
0.00985712 5
0.010292 5
0.0107461 12
0.0112202 8
0.0117152 10
0.0122321 7
0.0127717 14
0.0133352 16
0.0139236 11
0.0145378 12
0.0151792 10
0.0158489 16
0.0165482 18
0.0172783 11
0.0180406 14
0.0188365 12
0.0196675 13
0.0205353 39
0.0214412 22
0.0223872 19
0.0233749 20
0.0244062 27
0.025483 25
0.0266073 33
0.0277811 36
0.0290068 38
0.0302866 43
0.0316228 44
0.0330179 57
0.0344747 47
0.0359956 54
0.0375837 54
0.0392419 64
0.0409732 57
0.0427809 66
0.0446684 65
0.0466391 65
0.0486968 77
0.0508452 90
0.0530884 78
0.0554307 73
0.0578762 89
0.0604296 91
0.0630957 114
0.0658795 108
0.068786 135
0.0718208 130
0.0749894 130
0.0782979 128
0.0817523 139
0.0853591 144
0.0891251 158
0.0930572 142
0.0971628 175
0.10145 173
0.105925 149
0.110599 183
0.115478 197
0.120573 196
0.125893 186
0.131447 218
0.137246 191
0.143301 196
0.149624 219
0.156225 226
0.163117 214
0.170314 202
0.177828 222
0.185674 246
0.193865 258
0.202418 240
0.211349 222
0.220673 239
0.230409 264
0.240575 233
0.251189 262
0.262271 245
0.273842 221
0.285924 271
0.298538 220
0.311709 264
0.325462 259
0.339821 252
0.354813 248
0.370467 262
0.386812 250
0.403878 274
0.421697 288
0.440301 276
0.459727 260
0.48001 273
0.501187 254
0.523299 271
0.546387 298
0.570493 263
0.595662 305
0.621942 254
0.649382 243
0.678032 232
0.707946 220
0.73918 226
0.771792 215
0.805842 204
0.841395 221
0.878517 205
0.917276 188
0.957745 172
1 152
1.04412 133
1.09018 134
1.13828 129
1.1885 146
1.24094 121
1.29569 123
1.35285 119
1.41254 103
1.47486 106
1.53993 102
1.60787 110
1.6788 80
1.75287 79
1.83021 92
1.91095 90
1.99526 74
2.08329 63
2.1752 59
2.27117 73
2.37137 72
2.476 78
2.58523 67
2.69929 58
2.81838 60
2.94273 60
3.07256 61
3.20812 71
3.34965 54
3.49744 51
3.65174 54
3.81285 46
3.98107 49
4.15671 52
4.3401 47
4.53158 45
4.73151 35
4.94026 38
5.15822 44
5.3858 48
5.62341 38
5.87151 30
6.13056 27
6.40103 29
6.68344 30
6.97831 31
7.28618 21
7.60764 32
7.94328 21
8.29373 32
8.65964 29
9.0417 33
9.44061 25
9.85712 28
10.292 31
10.7461 33
11.2202 22
11.7152 35
12.2321 14
12.7717 23
13.3352 25
13.9236 25
14.5378 24
15.1792 24
15.8489 18
16.5482 24
17.2783 22
18.0406 24
18.8365 28
19.6675 28
20.5353 20
21.4412 16
22.3872 23
23.3749 38
24.4062 27
25.483 22
26.6073 31
27.7811 24
29.0068 24
30.2866 30
31.6228 24
33.0179 29
34.4747 30
35.9956 29
37.5837 29
39.2419 29
40.9732 33
42.7809 30
44.6684 35
46.6391 41
48.6968 41
50.8452 51
53.0884 43
55.4307 40
57.8762 41
60.4296 34
63.0957 43
65.8795 39
68.786 55
71.8208 38
74.9894 48
78.2979 49
81.7523 60
85.3591 36
89.1251 47
93.0572 48
97.1628 56
101.45 48
105.925 54
110.599 46
115.478 55
120.573 47
125.893 37
131.447 39
137.246 48
143.301 58
149.624 50
156.225 60
163.117 62
170.314 63
177.828 64
185.674 62
193.865 54
202.418 45
211.349 55
220.673 62
230.409 61
240.575 72
251.189 55
262.271 75
273.842 55
285.924 60
298.538 60
311.709 47
325.462 49
339.821 39
354.813 35
370.467 36
386.812 33
403.878 26
421.697 15
440.301 19
459.727 15
480.01 13
501.187 15
523.299 3
546.387 5
570.493 3
595.662 2
621.942 2
649.382 4
678.032 7
707.946 2
739.18 2
771.792 3
805.842 3
841.395 2
878.517 0
917.276 2
957.745 1
1000 0
