# First line is two numbers 
#     First value is '2', it means 'histogram mode'
#     Second value is 'Emin' of the histogram
# Other lines : 2 columns. 1) energy 2) probability (nb divided by NbEvent)
# Number of bins = 480
# Content below the first bin: 0
# Content above the last  bin: 0
# Content above the last  bin: 0
# Number of events: 209000
2 1e-06
1.04412e-06 0
1.09018e-06 0
1.13828e-06 0
1.1885e-06 0
1.24094e-06 0
1.29569e-06 0
1.35285e-06 0
1.41254e-06 0
1.47486e-06 0
1.53993e-06 0
1.60787e-06 0
1.6788e-06 0
1.75287e-06 0
1.83021e-06 0
1.91095e-06 0
1.99526e-06 0
2.08329e-06 0
2.1752e-06 0
2.27117e-06 0
2.37137e-06 0
2.476e-06 0
2.58523e-06 0
2.69929e-06 0
2.81838e-06 0
2.94273e-06 0
3.07256e-06 0
3.20812e-06 0
3.34965e-06 0
3.49744e-06 0
3.65174e-06 0
3.81285e-06 0
3.98107e-06 0
4.15671e-06 0
4.3401e-06 0
4.53158e-06 0
4.73151e-06 0
4.94026e-06 0
5.15822e-06 0
5.3858e-06 0
5.62341e-06 0
5.87151e-06 0
6.13056e-06 0
6.40103e-06 0
6.68344e-06 0
6.97831e-06 0
7.28618e-06 0
7.60764e-06 0
7.94328e-06 0
8.29373e-06 0
8.65964e-06 0
9.0417e-06 0
9.44061e-06 0
9.85712e-06 0
1.0292e-05 0
1.07461e-05 0
1.12202e-05 0
1.17152e-05 0
1.22321e-05 0
1.27717e-05 0
1.33352e-05 0
1.39236e-05 0
1.45378e-05 0
1.51792e-05 0
1.58489e-05 0
1.65482e-05 0
1.72783e-05 0
1.80406e-05 0
1.88365e-05 0
1.96675e-05 0
2.05353e-05 0
2.14412e-05 0
2.23872e-05 0
2.33749e-05 0
2.44062e-05 0
2.5483e-05 0
2.66073e-05 0
2.77811e-05 0
2.90068e-05 0
3.02866e-05 0
3.16228e-05 0
3.30179e-05 0
3.44747e-05 0
3.59956e-05 0
3.75837e-05 0
3.92419e-05 0
4.09732e-05 0
4.27809e-05 0
4.46684e-05 0
4.66391e-05 0
4.86968e-05 0
5.08452e-05 0
5.30884e-05 0
5.54307e-05 0
5.78762e-05 0
6.04296e-05 0
6.30957e-05 0
6.58795e-05 0
6.8786e-05 0
7.18208e-05 0
7.49894e-05 0
7.82979e-05 0
8.17523e-05 0
8.53591e-05 0
8.91251e-05 0
9.30572e-05 0
9.71628e-05 0
0.00010145 0
0.000105925 0
0.000110599 0
0.000115478 0
0.000120573 0
0.000125893 0
0.000131447 0
0.000137246 0
0.000143301 0
0.000149624 0
0.000156225 0
0.000163117 0
0.000170314 0
0.000177828 0
0.000185674 0
0.000193865 0
0.000202418 0
0.000211349 0
0.000220673 0
0.000230409 0
0.000240575 0
0.000251189 0
0.000262271 0
0.000273842 0
0.000285924 0
0.000298538 0
0.000311709 0
0.000325462 0
0.000339821 0
0.000354813 0
0.000370467 0
0.000386812 0
0.000403878 0
0.000421697 0
0.000440301 0
0.000459727 0
0.00048001 0
0.000501187 0
0.000523299 0
0.000546387 0
0.000570493 0
0.000595662 0
0.000621942 0
0.000649382 0
0.000678032 0
0.000707946 0
0.00073918 0
0.000771792 0
0.000805842 0
0.000841395 0
0.000878517 0
0.000917276 0
0.000957745 0
0.001 0
0.00104412 0
0.00109018 0
0.00113828 0
0.0011885 0
0.00124094 0
0.00129569 0
0.00135285 0
0.00141254 0
0.00147486 0
0.00153993 0
0.00160787 0
0.0016788 0
0.00175287 0
0.00183021 0
0.00191095 0
0.00199526 0
0.00208329 0
0.0021752 0
0.00227117 0
0.00237137 0
0.002476 0
0.00258523 0
0.00269929 0
0.00281838 0
0.00294273 0
0.00307256 0
0.00320812 0
0.00334965 0
0.00349744 0
0.00365174 0
0.00381285 0
0.00398107 0
0.00415671 0
0.0043401 0
0.00453158 0
0.00473151 0
0.00494026 0
0.00515822 0
0.0053858 0
0.00562341 0
0.00587151 0
0.00613056 0
0.00640103 0
0.00668344 0
0.00697831 0
0.00728618 0
0.00760764 0
0.00794328 0
0.00829373 0
0.00865964 0
0.0090417 0
0.00944061 0
0.00985712 0
0.010292 0
0.0107461 0
0.0112202 0
0.0117152 0
0.0122321 0
0.0127717 0
0.0133352 0
0.0139236 0
0.0145378 0
0.0151792 0
0.0158489 0
0.0165482 0
0.0172783 0
0.0180406 0
0.0188365 0
0.0196675 0
0.0205353 0
0.0214412 0
0.0223872 0
0.0233749 0
0.0244062 0
0.025483 0
0.0266073 0
0.0277811 0
0.0290068 0
0.0302866 0
0.0316228 0
0.0330179 0
0.0344747 0
0.0359956 0
0.0375837 0
0.0392419 0
0.0409732 0
0.0427809 0
0.0446684 0
0.0466391 0
0.0486968 0
0.0508452 0
0.0530884 0
0.0554307 0
0.0578762 0
0.0604296 0
0.0630957 0
0.0658795 0
0.068786 0
0.0718208 0
0.0749894 0
0.0782979 0
0.0817523 0
0.0853591 0
0.0891251 0
0.0930572 0
0.0971628 0
0.10145 0
0.105925 0
0.110599 0
0.115478 0
0.120573 0
0.125893 0
0.131447 0
0.137246 0
0.143301 0
0.149624 0
0.156225 0
0.163117 0
0.170314 0
0.177828 0
0.185674 0
0.193865 0
0.202418 0
0.211349 0
0.220673 0
0.230409 0
0.240575 0
0.251189 0
0.262271 0
0.273842 0
0.285924 0
0.298538 0
0.311709 0
0.325462 0
0.339821 0
0.354813 0
0.370467 28.8348
0.386812 0
0.403878 0
0.421697 0
0.440301 0
0.459727 0
0.48001 0
0.501187 0
0.523299 49.9187
0.546387 0
0.570493 0
0.595662 0
0.621942 0
0.649382 0
0.678032 0
0.707946 0
0.73918 0
0.771792 0
0.805842 0
0.841395 0
0.878517 0
0.917276 0
0.957745 0
1 0
1.04412 0
1.09018 0
1.13828 0
1.1885 0
1.24094 0
1.29569 0
1.35285 92.5333
1.41254 88.842
1.47486 42.2213
1.53993 43.179
1.60787 48.6328
1.6788 0
1.75287 0
1.83021 0
1.91095 0
1.99526 0
2.08329 112.406
2.1752 0
2.27117 0
2.37137 0
2.476 0
2.58523 47.5944
2.69929 55.8641
2.81838 0
2.94273 0
3.07256 0
3.20812 0
3.34965 38.7762
3.49744 0
3.65174 31.324
3.81285 0
3.98107 0
4.15671 0
4.3401 117.836
4.53158 0
4.73151 0
4.94026 0
5.15822 0
5.3858 31.1414
5.62341 0
5.87151 0
6.13056 135.154
6.40103 0
6.68344 201.307
6.97831 14.0275
7.28618 0
7.60764 0
7.94328 144.423
8.29373 112.965
8.65964 0
9.0417 54.1964
9.44061 82.1289
9.85712 77.9637
10.292 103.805
10.7461 73.5601
11.2202 306.777
11.7152 6.44152
12.2321 0
12.7717 221.783
13.3352 52.8832
13.9236 0
14.5378 0
15.1792 59.287
15.8489 0
16.5482 20.0142
17.2783 61.5552
18.0406 118.381
18.8365 6.95692
19.6675 101.674
20.5353 159.781
21.4412 102.518
22.3872 188.655
23.3749 65.5039
24.4062 84.0023
25.483 0
26.6073 131.054
27.7811 0
29.0068 128.419
30.2866 123.276
31.6228 245.457
33.0179 252.681
34.4747 147.949
35.9956 65.2398
37.5837 140.103
39.2419 105.66
40.9732 129.725
42.7809 378.044
44.6684 167.59
46.6391 143.139
48.6968 283.816
50.8452 404.387
53.0884 118.867
55.4307 172.737
57.8762 16.3981
60.4296 114.768
63.0957 0
65.8795 428.957
68.786 33.4056
71.8208 310.366
74.9894 425.508
78.2979 0
81.7523 266.499
85.3591 533.604
89.1251 487.802
93.0572 247.11
97.1628 193.853
101.45 90.3513
105.925 212.048
110.599 150.223
115.478 144.819
120.573 289.925
125.893 161.583
131.447 460.98
137.246 259.38
143.301 428.822
149.624 620.69
156.225 582.106
163.117 608.246
170.314 318.26
177.828 1078.8
185.674 1204.52
193.865 1372.28
202.418 1363.36
211.349 1111.07
220.673 1288.97
230.409 1478.01
240.575 1224.44
251.189 1425.69
262.271 2354.31
273.842 2222.39
285.924 2616.76
298.538 2981.79
311.709 1800.23
325.462 2592.57
339.821 1855.31
354.813 1076.4
370.467 1302.58
386.812 926.176
403.878 426.731
421.697 230.183
440.301 410.997
459.727 322.168
480.01 214.561
501.187 97.9315
523.299 42.9736
546.387 0
570.493 148.715
595.662 0
621.942 0
649.382 0
678.032 0
707.946 88.1949
739.18 0
771.792 0
805.842 0
841.395 0
878.517 0
917.276 0
957.745 0
1000 0
