# First line is two numbers 
#     First value is '2', it means 'histogram mode'
#     Second value is 'Emin' of the histogram
# Other lines : 2 columns. 1) energy 2) probability (nb divided by NbEvent)
# Number of bins = 480
# Content below the first bin: 0
# Content above the last  bin: 0
# Content above the last  bin: 0
# Number of events: 209000
2 1e-06
1.04412e-06 0
1.09018e-06 0
1.13828e-06 0
1.1885e-06 0
1.24094e-06 0
1.29569e-06 0
1.35285e-06 0
1.41254e-06 0
1.47486e-06 0
1.53993e-06 0
1.60787e-06 0
1.6788e-06 0
1.75287e-06 0
1.83021e-06 0
1.91095e-06 0
1.99526e-06 0
2.08329e-06 0
2.1752e-06 0
2.27117e-06 0
2.37137e-06 0
2.476e-06 0
2.58523e-06 0
2.69929e-06 0
2.81838e-06 0
2.94273e-06 0
3.07256e-06 0
3.20812e-06 0
3.34965e-06 0
3.49744e-06 0
3.65174e-06 0
3.81285e-06 0
3.98107e-06 0
4.15671e-06 0
4.3401e-06 0
4.53158e-06 0
4.73151e-06 0
4.94026e-06 0
5.15822e-06 0
5.3858e-06 0
5.62341e-06 0
5.87151e-06 0
6.13056e-06 0
6.40103e-06 0
6.68344e-06 0
6.97831e-06 0
7.28618e-06 0
7.60764e-06 0
7.94328e-06 0
8.29373e-06 0
8.65964e-06 0
9.0417e-06 0
9.44061e-06 0
9.85712e-06 0
1.0292e-05 0
1.07461e-05 0
1.12202e-05 0
1.17152e-05 0
1.22321e-05 0
1.27717e-05 0
1.33352e-05 0
1.39236e-05 0
1.45378e-05 0
1.51792e-05 0
1.58489e-05 0
1.65482e-05 0
1.72783e-05 0
1.80406e-05 0
1.88365e-05 0
1.96675e-05 0
2.05353e-05 0
2.14412e-05 0
2.23872e-05 0
2.33749e-05 0
2.44062e-05 0
2.5483e-05 0
2.66073e-05 0
2.77811e-05 0
2.90068e-05 0
3.02866e-05 0
3.16228e-05 0
3.30179e-05 0
3.44747e-05 0
3.59956e-05 0
3.75837e-05 0
3.92419e-05 0
4.09732e-05 0
4.27809e-05 0
4.46684e-05 0
4.66391e-05 0
4.86968e-05 0
5.08452e-05 0
5.30884e-05 0
5.54307e-05 0
5.78762e-05 0
6.04296e-05 0
6.30957e-05 0
6.58795e-05 0
6.8786e-05 0
7.18208e-05 0
7.49894e-05 0
7.82979e-05 0
8.17523e-05 0
8.53591e-05 0
8.91251e-05 0
9.30572e-05 0
9.71628e-05 0
0.00010145 0
0.000105925 0
0.000110599 0
0.000115478 0
0.000120573 0
0.000125893 0
0.000131447 0
0.000137246 0
0.000143301 0
0.000149624 0
0.000156225 0
0.000163117 0
0.000170314 0
0.000177828 0
0.000185674 0
0.000193865 0
0.000202418 0
0.000211349 0
0.000220673 0
0.000230409 0
0.000240575 0
0.000251189 0
0.000262271 0
0.000273842 0
0.000285924 0
0.000298538 0
0.000311709 0
0.000325462 0
0.000339821 0
0.000354813 0
0.000370467 0
0.000386812 0
0.000403878 0
0.000421697 0
0.000440301 0
0.000459727 0
0.00048001 0
0.000501187 0
0.000523299 0
0.000546387 0
0.000570493 0
0.000595662 0
0.000621942 0
0.000649382 0
0.000678032 0
0.000707946 0
0.00073918 0
0.000771792 0
0.000805842 0
0.000841395 0
0.000878517 110.741
0.000917276 0
0.000957745 0
0.001 0
0.00104412 0
0.00109018 0
0.00113828 0
0.0011885 0
0.00124094 0
0.00129569 0
0.00135285 0
0.00141254 0
0.00147486 0
0.00153993 0
0.00160787 0
0.0016788 0
0.00175287 0
0.00183021 0
0.00191095 0
0.00199526 0
0.00208329 0
0.0021752 0
0.00227117 0
0.00237137 0
0.002476 77.8423
0.00258523 0
0.00269929 81.719
0.00281838 42.4335
0.00294273 74.2179
0.00307256 0
0.00320812 0
0.00334965 0
0.00349744 0
0.00365174 0
0.00381285 0
0.00398107 0
0.00415671 0
0.0043401 0
0.00453158 0
0.00473151 0
0.00494026 111.692
0.00515822 0
0.0053858 150.624
0.00562341 82.9855
0.00587151 92.3893
0.00613056 217.142
0.00640103 52.5978
0.00668344 101.757
0.00697831 77.5432
0.00728618 0
0.00760764 200.074
0.00794328 0
0.00829373 0
0.00865964 0
0.0090417 0
0.00944061 188.507
0.00985712 27.6053
0.010292 0
0.0107461 200.102
0.0112202 184.296
0.0117152 117.546
0.0122321 395.219
0.0127717 222.344
0.0133352 284.211
0.0139236 340.739
0.0145378 288.359
0.0151792 329.879
0.0158489 331.594
0.0165482 298.153
0.0172783 312.54
0.0180406 239.68
0.0188365 673.672
0.0196675 551.956
0.0205353 541.371
0.0214412 293.87
0.0223872 697.268
0.0233749 442.111
0.0244062 551.857
0.025483 754.086
0.0266073 482.889
0.0277811 228.526
0.0290068 658.156
0.0302866 480.772
0.0316228 1144.86
0.0330179 999.8
0.0344747 1539.95
0.0359956 972.249
0.0375837 1438.13
0.0392419 779.833
0.0409732 1906.24
0.0427809 1941.81
0.0446684 1371.12
0.0466391 1714.86
0.0486968 1674.56
0.0508452 2287.16
0.0530884 1731
0.0554307 1376.57
0.0578762 2185.37
0.0604296 2170.17
0.0630957 2652.87
0.0658795 2840.09
0.068786 3483.65
0.0718208 2553.03
0.0749894 2749.22
0.0782979 2513.82
0.0817523 3074.75
0.0853591 3924.89
0.0891251 3120.82
0.0930572 4649.38
0.0971628 3094.52
0.10145 3211.06
0.105925 3725.78
0.110599 4399.72
0.115478 3811.19
0.120573 4802.86
0.125893 4871.16
0.131447 4627.37
0.137246 3914.7
0.143301 3851.35
0.149624 4110.26
0.156225 3102.57
0.163117 4602.98
0.170314 4282.33
0.177828 5649.35
0.185674 6332.08
0.193865 5048.68
0.202418 5858.84
0.211349 5225.81
0.220673 4549.88
0.230409 4378.69
0.240575 5252.09
0.251189 4822.02
0.262271 5771.94
0.273842 5904.53
0.285924 6408.9
0.298538 7590.55
0.311709 5956.24
0.325462 5722.8
0.339821 5200.58
0.354813 5533.3
0.370467 5677.46
0.386812 4421.22
0.403878 5371.76
0.421697 5145.34
0.440301 7043.52
0.459727 6889.17
0.48001 6407.34
0.501187 6653.1
0.523299 4859.68
0.546387 6026.22
0.570493 5295.72
0.595662 5080.32
0.621942 4847.5
0.649382 4871.87
0.678032 5658.22
0.707946 5473.94
0.73918 5370.03
0.771792 6075.52
0.805842 5468
0.841395 5178.1
0.878517 3946.31
0.917276 4151.87
0.957745 5056.85
1 3463.27
1.04412 3218.17
1.09018 2860.72
1.13828 3852.92
1.1885 2752.08
1.24094 2472.77
1.29569 3621.72
1.35285 2294.61
1.41254 1938.83
1.47486 1783.88
1.53993 1728.75
1.60787 1532.9
1.6788 1674.64
1.75287 2467.58
1.83021 1561.31
1.91095 2179.48
1.99526 1742.33
2.08329 2164.26
2.1752 806.178
2.27117 2304.24
2.37137 1329.56
2.476 1764.02
2.58523 1368.26
2.69929 981.342
2.81838 920.016
2.94273 1193.09
3.07256 1273.09
3.20812 981.615
3.34965 1771.49
3.49744 1754.36
3.65174 1392.14
3.81285 1015.59
3.98107 1185.47
4.15671 940.083
4.3401 859.815
4.53158 877.406
4.73151 256.469
4.94026 692.438
5.15822 555.116
5.3858 1129.16
5.62341 711.514
5.87151 438.067
6.13056 694.224
6.40103 393.173
6.68344 559.223
6.97831 541.157
7.28618 664.596
7.60764 960.219
7.94328 319.579
8.29373 622.19
8.65964 1012.77
9.0417 381.925
9.44061 719.043
9.85712 865.665
10.292 487.07
10.7461 402.803
11.2202 201.36
11.7152 838.279
12.2321 428.169
12.7717 503.142
13.3352 828.404
13.9236 455.303
14.5378 486.503
15.1792 94.3784
15.8489 751.769
16.5482 775.453
17.2783 590.083
18.0406 265.183
18.8365 303.213
19.6675 696.613
20.5353 390.487
21.4412 868.14
22.3872 818.155
23.3749 415.623
24.4062 486.766
25.483 792.914
26.6073 623.074
27.7811 754.044
29.0068 864.74
30.2866 693.998
31.6228 506.351
33.0179 556.647
34.4747 558.21
35.9956 666.065
37.5837 798.088
39.2419 584.552
40.9732 945.255
42.7809 603.821
44.6684 1022.34
46.6391 947.664
48.6968 1030.15
50.8452 711.093
53.0884 1102.01
55.4307 1044.34
57.8762 1365.94
60.4296 818.943
63.0957 1394.05
65.8795 1046.82
68.786 704.911
71.8208 1528.8
74.9894 832.215
78.2979 1216.34
81.7523 1226.34
85.3591 1124.71
89.1251 1238.52
93.0572 903.285
97.1628 1309.99
101.45 1883.52
105.925 1180.91
110.599 1220.9
115.478 1575.04
120.573 1945.69
125.893 1665.25
131.447 2197.74
137.246 1604.59
143.301 521.463
149.624 1924.15
156.225 1211.88
163.117 2134.03
170.314 1403.61
177.828 1172.96
185.674 1719.26
193.865 651.921
202.418 1788.92
211.349 1576.44
220.673 1597.83
230.409 2323.63
240.575 1718.47
251.189 1214.09
262.271 1961.29
273.842 1714.1
285.924 2296.28
298.538 1581.37
311.709 1716.97
325.462 1717.76
339.821 619.623
354.813 1058.45
370.467 893.439
386.812 890.811
403.878 711.541
421.697 253.507
440.301 419.394
459.727 333.98
480.01 319.645
501.187 213
523.299 232.96
546.387 94.0344
570.493 107.128
595.662 113.734
621.942 85.9634
649.382 98.2693
678.032 268.06
707.946 0
739.18 0
771.792 0
805.842 0
841.395 0
878.517 0
917.276 0
957.745 0
1000 0
