# First line is two numbers 
#     First value is '2', it means 'histogram mode'
#     Second value is 'Emin' of the histogram
# Other lines : 2 columns. 1) energy 2) probability (nb divided by NbEvent)
# Number of bins = 480
# Content below the first bin: 0
# Content above the last  bin: 0
# Content above the last  bin: 0
# Number of events: 209000
2 1e-06
1.04412e-06 0
1.09018e-06 0
1.13828e-06 0
1.1885e-06 0
1.24094e-06 0
1.29569e-06 0
1.35285e-06 0
1.41254e-06 0
1.47486e-06 0
1.53993e-06 0
1.60787e-06 0
1.6788e-06 0
1.75287e-06 0
1.83021e-06 0
1.91095e-06 0
1.99526e-06 0
2.08329e-06 0
2.1752e-06 0
2.27117e-06 0
2.37137e-06 0
2.476e-06 0
2.58523e-06 0
2.69929e-06 0
2.81838e-06 0
2.94273e-06 0
3.07256e-06 0
3.20812e-06 0
3.34965e-06 0
3.49744e-06 0
3.65174e-06 0
3.81285e-06 0
3.98107e-06 0
4.15671e-06 0
4.3401e-06 0
4.53158e-06 0
4.73151e-06 0
4.94026e-06 0
5.15822e-06 0
5.3858e-06 0
5.62341e-06 0
5.87151e-06 0
6.13056e-06 0
6.40103e-06 0
6.68344e-06 0
6.97831e-06 0
7.28618e-06 0
7.60764e-06 0
7.94328e-06 0
8.29373e-06 0
8.65964e-06 0
9.0417e-06 0
9.44061e-06 0
9.85712e-06 0
1.0292e-05 0
1.07461e-05 0
1.12202e-05 0
1.17152e-05 0
1.22321e-05 0
1.27717e-05 0
1.33352e-05 0
1.39236e-05 0
1.45378e-05 0
1.51792e-05 0
1.58489e-05 0
1.65482e-05 0
1.72783e-05 0
1.80406e-05 0
1.88365e-05 0
1.96675e-05 0
2.05353e-05 0
2.14412e-05 0
2.23872e-05 0
2.33749e-05 0
2.44062e-05 0
2.5483e-05 0
2.66073e-05 0
2.77811e-05 0
2.90068e-05 0
3.02866e-05 0
3.16228e-05 0
3.30179e-05 0
3.44747e-05 0
3.59956e-05 0
3.75837e-05 0
3.92419e-05 0
4.09732e-05 0
4.27809e-05 0
4.46684e-05 0
4.66391e-05 0
4.86968e-05 0
5.08452e-05 0
5.30884e-05 0
5.54307e-05 0
5.78762e-05 0
6.04296e-05 0
6.30957e-05 0
6.58795e-05 0
6.8786e-05 0
7.18208e-05 0
7.49894e-05 0
7.82979e-05 0
8.17523e-05 0
8.53591e-05 0
8.91251e-05 0
9.30572e-05 0
9.71628e-05 0
0.00010145 0
0.000105925 0
0.000110599 0
0.000115478 0
0.000120573 0
0.000125893 0
0.000131447 0
0.000137246 0
0.000143301 0
0.000149624 0
0.000156225 0
0.000163117 0
0.000170314 0
0.000177828 0
0.000185674 0
0.000193865 0
0.000202418 0
0.000211349 0
0.000220673 0
0.000230409 0
0.000240575 0
0.000251189 0
0.000262271 0
0.000273842 0
0.000285924 0
0.000298538 0
0.000311709 0
0.000325462 0
0.000339821 0
0.000354813 0
0.000370467 0
0.000386812 0
0.000403878 0
0.000421697 0
0.000440301 0
0.000459727 0
0.00048001 0
0.000501187 0
0.000523299 0
0.000546387 0
0.000570493 0
0.000595662 0
0.000621942 0
0.000649382 0
0.000678032 95.4739
0.000707946 0
0.00073918 0
0.000771792 0
0.000805842 0
0.000841395 0
0.000878517 0
0.000917276 0
0.000957745 0
0.001 0
0.00104412 0
0.00109018 0
0.00113828 0
0.0011885 0
0.00124094 0
0.00129569 0
0.00135285 0
0.00141254 0
0.00147486 0
0.00153993 0
0.00160787 0
0.0016788 0
0.00175287 0
0.00183021 0
0.00191095 0
0.00199526 0
0.00208329 0
0.0021752 0
0.00227117 0
0.00237137 134.079
0.002476 0
0.00258523 0
0.00269929 0
0.00281838 0
0.00294273 0
0.00307256 10.8412
0.00320812 0
0.00334965 0
0.00349744 0
0.00365174 113.046
0.00381285 0
0.00398107 0
0.00415671 0
0.0043401 0
0.00453158 0
0.00473151 0
0.00494026 0
0.00515822 0
0.0053858 81.4452
0.00562341 116.509
0.00587151 0
0.00613056 168.564
0.00640103 184.253
0.00668344 0
0.00697831 0
0.00728618 98.1676
0.00760764 0
0.00794328 0
0.00829373 0
0.00865964 0
0.0090417 0
0.00944061 0
0.00985712 101.796
0.010292 0
0.0107461 108.992
0.0112202 57.8826
0.0117152 98.434
0.0122321 0
0.0127717 114.367
0.0133352 297.38
0.0139236 91.4367
0.0145378 0
0.0151792 109.174
0.0158489 191.127
0.0165482 150.731
0.0172783 431.67
0.0180406 274.415
0.0188365 26.0032
0.0196675 558.526
0.0205353 238.459
0.0214412 220.353
0.0223872 205.5
0.0233749 404.119
0.0244062 358.924
0.025483 321.002
0.0266073 274.362
0.0277811 642.51
0.0290068 485.289
0.0302866 375.855
0.0316228 226.688
0.0330179 316.264
0.0344747 254.686
0.0359956 597.36
0.0375837 403.364
0.0392419 251.193
0.0409732 524.443
0.0427809 460.921
0.0446684 666.072
0.0466391 302.965
0.0486968 903.851
0.0508452 723.395
0.0530884 814.412
0.0554307 541.546
0.0578762 730.953
0.0604296 626.398
0.0630957 960.985
0.0658795 1361.22
0.068786 1006.64
0.0718208 901.471
0.0749894 1455.2
0.0782979 1499.98
0.0817523 2034.21
0.0853591 1382.11
0.0891251 1492.31
0.0930572 1863.8
0.0971628 1498.77
0.10145 1467.58
0.105925 1142.51
0.110599 1772.13
0.115478 1833.41
0.120573 2014.45
0.125893 1978.7
0.131447 1986.73
0.137246 2012.3
0.143301 2812.05
0.149624 1772.41
0.156225 2115.19
0.163117 2848.09
0.170314 2176.38
0.177828 1386.1
0.185674 1686.1
0.193865 1982.04
0.202418 2271.97
0.211349 1870.44
0.220673 2342.53
0.230409 1664.08
0.240575 2528.75
0.251189 1917.78
0.262271 1502.95
0.273842 2342.2
0.285924 1721.82
0.298538 2043.92
0.311709 2702.01
0.325462 2615.89
0.339821 1563.35
0.354813 1478.63
0.370467 2616.71
0.386812 1996.64
0.403878 2794.66
0.421697 2296.84
0.440301 2907.12
0.459727 2993.85
0.48001 1837.03
0.501187 2190.78
0.523299 2174.48
0.546387 1450.76
0.570493 2965.73
0.595662 1862.31
0.621942 2043.53
0.649382 1934.65
0.678032 1720.34
0.707946 1650.14
0.73918 1491.61
0.771792 1829.02
0.805842 2227.56
0.841395 2040.62
0.878517 1469.81
0.917276 2583.73
0.957745 1719.45
1 1653.42
1.04412 1781.96
1.09018 965.024
1.13828 1210.79
1.1885 1272.34
1.24094 1206.33
1.29569 2086.78
1.35285 1324.47
1.41254 637.295
1.47486 885.686
1.53993 975.441
1.60787 823.877
1.6788 686.302
1.75287 552.126
1.83021 693.887
1.91095 627.72
1.99526 846.399
2.08329 549.97
2.1752 952.247
2.27117 294.94
2.37137 550.923
2.476 732.844
2.58523 319.763
2.69929 395.602
2.81838 551.759
2.94273 353.555
3.07256 370.867
3.20812 387.512
3.34965 649.289
3.49744 654.236
3.65174 462.181
3.81285 460.085
3.98107 549.895
4.15671 425.877
4.3401 395.048
4.53158 239.769
4.73151 427.383
4.94026 618.524
5.15822 501.64
5.3858 553.894
5.62341 186.433
5.87151 329.483
6.13056 465.843
6.40103 254.467
6.68344 361.866
6.97831 108.741
7.28618 314.59
7.60764 216.091
7.94328 93.4156
8.29373 189.199
8.65964 323.715
9.0417 255.518
9.44061 401.511
9.85712 419.414
10.292 89.2441
10.7461 165.05
11.2202 267.488
11.7152 306.202
12.2321 106.171
12.7717 72.7907
13.3352 125.783
13.9236 74.7309
14.5378 247.276
15.1792 63.7026
15.8489 97.3086
16.5482 311.49
17.2783 287.505
18.0406 305.469
18.8365 118.02
19.6675 391.613
20.5353 385.362
21.4412 502.499
22.3872 23.0097
23.3749 128.495
24.4062 55.7185
25.483 0
26.6073 273.96
27.7811 234.078
29.0068 318.454
30.2866 228.467
31.6228 181.382
33.0179 677.482
34.4747 0
35.9956 292.345
37.5837 564.355
39.2419 700.96
40.9732 54.9799
42.7809 612.608
44.6684 325.622
46.6391 161.57
48.6968 795.695
50.8452 359.914
53.0884 591.265
55.4307 433.365
57.8762 864.62
60.4296 508.802
63.0957 441.016
65.8795 272.581
68.786 722.592
71.8208 293.925
74.9894 649.886
78.2979 117.595
81.7523 707.535
85.3591 441.075
89.1251 217.157
93.0572 466.236
97.1628 581.97
101.45 196.82
105.925 401.197
110.599 322.684
115.478 279.376
120.573 719.418
125.893 1347.38
131.447 438.5
137.246 435.629
143.301 999.812
149.624 890.29
156.225 598.27
163.117 448.618
170.314 534.401
177.828 786.722
185.674 995.986
193.865 777.423
202.418 880.273
211.349 577.475
220.673 1000.22
230.409 1365.92
240.575 755.145
251.189 1658.5
262.271 681.959
273.842 1970.44
285.924 1612.19
298.538 1197.22
311.709 1924.91
325.462 1109.34
339.821 918.909
354.813 1847.67
370.467 1502.56
386.812 739.682
403.878 657.756
421.697 464.462
440.301 571.958
459.727 96.9524
480.01 643.036
501.187 181.21
523.299 232.505
546.387 0
570.493 0
595.662 160.297
621.942 344.066
649.382 0
678.032 0
707.946 0
739.18 0
771.792 0
805.842 0
841.395 41.6367
878.517 0
917.276 0
957.745 0
1000 0
