# First line is two numbers 
#     First value is '2', it means 'histogram mode'
#     Second value is 'Emin' of the histogram
# Other lines : 2 columns. 1) energy 2) probability (nb divided by NbEvent)
# Number of bins = 480
# Content below the first bin: 0
# Content above the last  bin: 0
# Content above the last  bin: 0
# Number of events: 209000
2 1e-06
1.04412e-06 0
1.09018e-06 0
1.13828e-06 0
1.1885e-06 0
1.24094e-06 0
1.29569e-06 0
1.35285e-06 0
1.41254e-06 0
1.47486e-06 0
1.53993e-06 0
1.60787e-06 0
1.6788e-06 0
1.75287e-06 0
1.83021e-06 0
1.91095e-06 0
1.99526e-06 0
2.08329e-06 0
2.1752e-06 0
2.27117e-06 0
2.37137e-06 0
2.476e-06 0
2.58523e-06 0
2.69929e-06 0
2.81838e-06 0
2.94273e-06 0
3.07256e-06 0
3.20812e-06 0
3.34965e-06 0
3.49744e-06 0
3.65174e-06 0
3.81285e-06 0
3.98107e-06 0
4.15671e-06 0
4.3401e-06 0
4.53158e-06 0
4.73151e-06 0
4.94026e-06 0
5.15822e-06 0
5.3858e-06 0
5.62341e-06 0
5.87151e-06 0
6.13056e-06 0
6.40103e-06 0
6.68344e-06 0
6.97831e-06 0
7.28618e-06 0
7.60764e-06 0
7.94328e-06 0
8.29373e-06 0
8.65964e-06 0
9.0417e-06 0
9.44061e-06 0
9.85712e-06 0
1.0292e-05 0
1.07461e-05 0
1.12202e-05 0
1.17152e-05 0
1.22321e-05 0
1.27717e-05 0
1.33352e-05 0
1.39236e-05 0
1.45378e-05 0
1.51792e-05 0
1.58489e-05 0
1.65482e-05 0
1.72783e-05 0
1.80406e-05 0
1.88365e-05 0
1.96675e-05 0
2.05353e-05 0
2.14412e-05 0
2.23872e-05 0
2.33749e-05 0
2.44062e-05 0
2.5483e-05 0
2.66073e-05 0
2.77811e-05 0
2.90068e-05 0
3.02866e-05 0
3.16228e-05 0
3.30179e-05 0
3.44747e-05 0
3.59956e-05 0
3.75837e-05 0
3.92419e-05 0
4.09732e-05 0
4.27809e-05 0
4.46684e-05 0
4.66391e-05 0
4.86968e-05 0
5.08452e-05 0
5.30884e-05 0
5.54307e-05 0
5.78762e-05 0
6.04296e-05 0
6.30957e-05 0
6.58795e-05 0
6.8786e-05 0
7.18208e-05 0
7.49894e-05 0
7.82979e-05 0
8.17523e-05 0
8.53591e-05 0
8.91251e-05 0
9.30572e-05 0
9.71628e-05 0
0.00010145 0
0.000105925 0
0.000110599 0
0.000115478 0
0.000120573 0
0.000125893 0
0.000131447 0
0.000137246 0
0.000143301 0
0.000149624 0
0.000156225 0
0.000163117 0
0.000170314 0
0.000177828 0
0.000185674 0
0.000193865 0
0.000202418 0
0.000211349 0
0.000220673 0
0.000230409 0
0.000240575 0
0.000251189 0
0.000262271 0
0.000273842 0
0.000285924 0
0.000298538 0
0.000311709 0
0.000325462 0
0.000339821 0
0.000354813 0
0.000370467 0
0.000386812 0
0.000403878 0
0.000421697 0
0.000440301 0
0.000459727 0
0.00048001 0
0.000501187 0
0.000523299 0
0.000546387 0
0.000570493 0
0.000595662 0
0.000621942 0
0.000649382 0
0.000678032 0
0.000707946 0
0.00073918 0
0.000771792 0
0.000805842 0
0.000841395 0
0.000878517 0
0.000917276 0
0.000957745 0
0.001 0
0.00104412 0
0.00109018 0
0.00113828 0
0.0011885 0
0.00124094 0
0.00129569 0
0.00135285 86.3189
0.00141254 0
0.00147486 0
0.00153993 0
0.00160787 0
0.0016788 0
0.00175287 0
0.00183021 0
0.00191095 0
0.00199526 0
0.00208329 0
0.0021752 0
0.00227117 0
0.00237137 86.1002
0.002476 106.191
0.00258523 0
0.00269929 0
0.00281838 0
0.00294273 0
0.00307256 0
0.00320812 0
0.00334965 0
0.00349744 0
0.00365174 0
0.00381285 0
0.00398107 0
0.00415671 0
0.0043401 0
0.00453158 0
0.00473151 0
0.00494026 0
0.00515822 39.0026
0.0053858 0
0.00562341 0
0.00587151 0
0.00613056 0
0.00640103 0
0.00668344 0
0.00697831 0
0.00728618 0
0.00760764 0
0.00794328 68.0912
0.00829373 0
0.00865964 107.694
0.0090417 9.44654
0.00944061 190.059
0.00985712 27.1302
0.010292 0
0.0107461 0
0.0112202 114.284
0.0117152 92.0801
0.0122321 0
0.0127717 209.759
0.0133352 179.25
0.0139236 119.273
0.0145378 93.7931
0.0151792 174.901
0.0158489 77.7768
0.0165482 446.821
0.0172783 136.558
0.0180406 557.502
0.0188365 315.077
0.0196675 120.594
0.0205353 537.018
0.0214412 57.887
0.0223872 295.629
0.0233749 196.046
0.0244062 215.687
0.025483 307.394
0.0266073 317.208
0.0277811 813.282
0.0290068 220.756
0.0302866 282.229
0.0316228 399.525
0.0330179 731.431
0.0344747 392.782
0.0359956 389.89
0.0375837 373.329
0.0392419 681.339
0.0409732 810.428
0.0427809 764.725
0.0446684 558.788
0.0466391 602.258
0.0486968 815.677
0.0508452 1072.39
0.0530884 987.309
0.0554307 297.004
0.0578762 350.051
0.0604296 1035.26
0.0630957 852.343
0.0658795 981.995
0.068786 1029.43
0.0718208 723.604
0.0749894 1311.51
0.0782979 556.393
0.0817523 1401.29
0.0853591 1574.61
0.0891251 1609.19
0.0930572 1991.35
0.0971628 1426.98
0.10145 1610.77
0.105925 1576.59
0.110599 1579.55
0.115478 1615.19
0.120573 1102.6
0.125893 2116.28
0.131447 2092.38
0.137246 1982.76
0.143301 2412.72
0.149624 2171.22
0.156225 1637.28
0.163117 2935.07
0.170314 2581.88
0.177828 2448.71
0.185674 1669.04
0.193865 1990.28
0.202418 2021.18
0.211349 2825.91
0.220673 2186.33
0.230409 2370.58
0.240575 1889.4
0.251189 2552.42
0.262271 2395.69
0.273842 2526.35
0.285924 2261.52
0.298538 2902.32
0.311709 2669.26
0.325462 1572.42
0.339821 2469.73
0.354813 2718.39
0.370467 1662.46
0.386812 2965.04
0.403878 1962.5
0.421697 2415.12
0.440301 2418.23
0.459727 2667.17
0.48001 2308.82
0.501187 1574.62
0.523299 1601.9
0.546387 2210.85
0.570493 2600.28
0.595662 2662.18
0.621942 2266.07
0.649382 2963.39
0.678032 2622.76
0.707946 2853.06
0.73918 1694.94
0.771792 1964.39
0.805842 1174.6
0.841395 1840.7
0.878517 1470.4
0.917276 2019.01
0.957745 1835.15
1 2029.7
1.04412 850.623
1.09018 1226.26
1.13828 1093.32
1.1885 1275.45
1.24094 1632.46
1.29569 1023.85
1.35285 692.183
1.41254 865.124
1.47486 913.091
1.53993 682.288
1.60787 1087.46
1.6788 1120.7
1.75287 889.223
1.83021 578.299
1.91095 840.665
1.99526 840.432
2.08329 725.555
2.1752 865.463
2.27117 804.66
2.37137 813.805
2.476 811.941
2.58523 524.935
2.69929 1085.06
2.81838 388.23
2.94273 704.236
3.07256 414.39
3.20812 269.997
3.34965 379.588
3.49744 154.151
3.65174 294.235
3.81285 546.027
3.98107 631.2
4.15671 655.476
4.3401 460.865
4.53158 188.573
4.73151 280.243
4.94026 493.211
5.15822 409.772
5.3858 682.548
5.62341 561.611
5.87151 591.683
6.13056 64.6972
6.40103 64.7945
6.68344 241.053
6.97831 229.692
7.28618 150.6
7.60764 281.832
7.94328 68.6116
8.29373 364.67
8.65964 198.675
9.0417 344.476
9.44061 311.041
9.85712 327.355
10.292 144.307
10.7461 309.939
11.2202 292.864
11.7152 190.304
12.2321 119.672
12.7717 348.761
13.3352 0
13.9236 85.2041
14.5378 112.348
15.1792 175.041
15.8489 322.473
16.5482 184.363
17.2783 0
18.0406 372.273
18.8365 0
19.6675 80.9573
20.5353 314.095
21.4412 119.75
22.3872 124.765
23.3749 240.404
24.4062 191.704
25.483 149.89
26.6073 95.9794
27.7811 231.049
29.0068 295.646
30.2866 0
31.6228 345.463
33.0179 243.713
34.4747 591.286
35.9956 114.773
37.5837 78.6236
39.2419 105.707
40.9732 109.15
42.7809 214.691
44.6684 626.02
46.6391 763.135
48.6968 309.884
50.8452 173.227
53.0884 360.865
55.4307 260.391
57.8762 539.269
60.4296 588.087
63.0957 442.777
65.8795 522.122
68.786 544.067
71.8208 197.609
74.9894 435.174
78.2979 518.207
81.7523 501.033
85.3591 455.923
89.1251 484.707
93.0572 609.186
97.1628 121.88
101.45 396.143
105.925 638.758
110.599 583.46
115.478 842.047
120.573 899.055
125.893 698.504
131.447 668.888
137.246 624.526
143.301 486.33
149.624 507.482
156.225 1182.21
163.117 616.935
170.314 521.811
177.828 605.388
185.674 586.076
193.865 1400.68
202.418 628.33
211.349 1063.15
220.673 1024.52
230.409 1113.86
240.575 1191.94
251.189 982.37
262.271 1384.01
273.842 1913.79
285.924 900.638
298.538 1170.28
311.709 1572.46
325.462 1282.99
339.821 1433.89
354.813 1664.98
370.467 2160.77
386.812 1011.65
403.878 728.809
421.697 776.996
440.301 590.156
459.727 349.028
480.01 198.455
501.187 176.774
523.299 101.342
546.387 177.238
570.493 221.485
595.662 75.1693
621.942 75.9007
649.382 93.4275
678.032 116.487
707.946 188.587
739.18 0
771.792 116.998
805.842 0
841.395 108.536
878.517 0
917.276 0
957.745 0
1000 0
