# First line is two numbers 
#     First value is '2', it means 'histogram mode'
#     Second value is 'Emin' of the histogram
# Other lines : 2 columns. 1) energy 2) probability (nb divided by NbEvent)
# Number of bins = 480
# Content below the first bin: 23782.6
# Content above the last  bin: 0
# Content above the last  bin: 0
# Number of events: 209000
2 1e-06
1.04412e-06 0
1.09018e-06 56.4353
1.13828e-06 0
1.1885e-06 0
1.24094e-06 0
1.29569e-06 173.257
1.35285e-06 205.1
1.41254e-06 108.369
1.47486e-06 0
1.53993e-06 61.7752
1.60787e-06 74.7979
1.6788e-06 0
1.75287e-06 222.167
1.83021e-06 113.553
1.91095e-06 0
1.99526e-06 0
2.08329e-06 0
2.1752e-06 0
2.27117e-06 54.4332
2.37137e-06 0
2.476e-06 0
2.58523e-06 0
2.69929e-06 0
2.81838e-06 0
2.94273e-06 98.4428
3.07256e-06 56.2263
3.20812e-06 0
3.34965e-06 0
3.49744e-06 0
3.65174e-06 0
3.81285e-06 0
3.98107e-06 73.0773
4.15671e-06 0
4.3401e-06 0
4.53158e-06 208.186
4.73151e-06 0
4.94026e-06 56.4106
5.15822e-06 87.1624
5.3858e-06 0
5.62341e-06 0
5.87151e-06 118.307
6.13056e-06 122.814
6.40103e-06 0
6.68344e-06 68.2517
6.97831e-06 52.9864
7.28618e-06 0
7.60764e-06 61.9072
7.94328e-06 203.708
8.29373e-06 0
8.65964e-06 109.041
9.0417e-06 67.0111
9.44061e-06 0
9.85712e-06 0
1.0292e-05 0
1.07461e-05 0
1.12202e-05 0
1.17152e-05 0
1.22321e-05 117.505
1.27717e-05 0
1.33352e-05 36.5562
1.39236e-05 0
1.45378e-05 163.911
1.51792e-05 0
1.58489e-05 295.302
1.65482e-05 0
1.72783e-05 66.9444
1.80406e-05 98.8177
1.88365e-05 0
1.96675e-05 0
2.05353e-05 0
2.14412e-05 98.6679
2.23872e-05 0
2.33749e-05 0
2.44062e-05 38.2163
2.5483e-05 22.2321
2.66073e-05 0
2.77811e-05 146.568
2.90068e-05 0
3.02866e-05 0
3.16228e-05 0
3.30179e-05 46.1624
3.44747e-05 0
3.59956e-05 114.463
3.75837e-05 0
3.92419e-05 93.5867
4.09732e-05 0
4.27809e-05 175.73
4.46684e-05 69.5695
4.66391e-05 0
4.86968e-05 0
5.08452e-05 72.2279
5.30884e-05 0
5.54307e-05 0
5.78762e-05 0
6.04296e-05 0
6.30957e-05 0
6.58795e-05 45.5724
6.8786e-05 201.066
7.18208e-05 0
7.49894e-05 93.6032
7.82979e-05 0
8.17523e-05 0
8.53591e-05 0
8.91251e-05 0
9.30572e-05 0
9.71628e-05 91.7145
0.00010145 0
0.000105925 0
0.000110599 0
0.000115478 0
0.000120573 87.2534
0.000125893 0
0.000131447 0
0.000137246 88.3006
0.000143301 0
0.000149624 0
0.000156225 22.8403
0.000163117 0
0.000170314 0
0.000177828 0
0.000185674 0
0.000193865 0
0.000202418 0
0.000211349 59.5724
0.000220673 0
0.000230409 250.966
0.000240575 0
0.000251189 0
0.000262271 0
0.000273842 0
0.000285924 111.743
0.000298538 112.88
0.000311709 95.1513
0.000325462 0
0.000339821 302.735
0.000354813 70.1092
0.000370467 191.126
0.000386812 96.2522
0.000403878 0
0.000421697 0
0.000440301 63.4978
0.000459727 0
0.00048001 104.306
0.000501187 111.515
0.000523299 169.282
0.000546387 0
0.000570493 0
0.000595662 0
0.000621942 0
0.000649382 0
0.000678032 41.8224
0.000707946 68.085
0.00073918 157.247
0.000771792 0
0.000805842 174.798
0.000841395 0
0.000878517 0
0.000917276 0
0.000957745 35.3732
0.001 105.222
0.00104412 0
0.00109018 163.222
0.00113828 0
0.0011885 0
0.00124094 0
0.00129569 112.79
0.00135285 0
0.00141254 117.967
0.00147486 0
0.00153993 247.284
0.00160787 0
0.0016788 277.509
0.00175287 92.4125
0.00183021 56.0438
0.00191095 124.162
0.00199526 48.9741
0.00208329 158.226
0.0021752 0
0.00227117 67.517
0.00237137 24.1018
0.002476 108.871
0.00258523 0
0.00269929 0
0.00281838 0
0.00294273 0
0.00307256 0
0.00320812 231.894
0.00334965 100.741
0.00349744 0
0.00365174 0
0.00381285 0
0.00398107 71.1516
0.00415671 231.073
0.0043401 94.8461
0.00453158 119.636
0.00473151 15.3314
0.00494026 168.567
0.00515822 0
0.0053858 15.6609
0.00562341 0
0.00587151 180.866
0.00613056 0
0.00640103 0
0.00668344 266.578
0.00697831 226.585
0.00728618 0
0.00760764 0
0.00794328 0
0.00829373 76.8159
0.00865964 280.371
0.0090417 196.466
0.00944061 153.603
0.00985712 207.918
0.010292 131.836
0.0107461 90.9799
0.0112202 60.8123
0.0117152 0
0.0122321 0
0.0127717 155.197
0.0133352 36.4056
0.0139236 96.3757
0.0145378 107.349
0.0151792 493.983
0.0158489 14.0319
0.0165482 277.783
0.0172783 581.596
0.0180406 285.218
0.0188365 236.103
0.0196675 290.405
0.0205353 423.797
0.0214412 169.614
0.0223872 487.326
0.0233749 151.926
0.0244062 276.316
0.025483 429.032
0.0266073 725.386
0.0277811 230.312
0.0290068 264.232
0.0302866 311.461
0.0316228 666.005
0.0330179 731.287
0.0344747 723.032
0.0359956 883.561
0.0375837 810.884
0.0392419 747.527
0.0409732 1161.58
0.0427809 789.004
0.0446684 532.377
0.0466391 325.627
0.0486968 878.943
0.0508452 491.35
0.0530884 1193.01
0.0554307 1194.8
0.0578762 1080.8
0.0604296 1483.1
0.0630957 1449.1
0.0658795 888.901
0.068786 1106.14
0.0718208 957.417
0.0749894 948.46
0.0782979 1537.19
0.0817523 1662.76
0.0853591 1287.67
0.0891251 1411.12
0.0930572 1554.53
0.0971628 1791.59
0.10145 1108.93
0.105925 2361.96
0.110599 1521.11
0.115478 1820.08
0.120573 2614.43
0.125893 1459.38
0.131447 2021.68
0.137246 1965.68
0.143301 1652.06
0.149624 1915.73
0.156225 2551.43
0.163117 1895
0.170314 2224.16
0.177828 3193.96
0.185674 3226.2
0.193865 2894.28
0.202418 1984.88
0.211349 3167.92
0.220673 2802.5
0.230409 2152.6
0.240575 3008.28
0.251189 2699.08
0.262271 2694.43
0.273842 2823.33
0.285924 2959.08
0.298538 3237.79
0.311709 3156.29
0.325462 2783.3
0.339821 5047.39
0.354813 3860.16
0.370467 3709.17
0.386812 4514.61
0.403878 3021.32
0.421697 2876.45
0.440301 3510.06
0.459727 3064.68
0.48001 3965.71
0.501187 4100.85
0.523299 4768.99
0.546387 4047.52
0.570493 3769.57
0.595662 3378.16
0.621942 4300.83
0.649382 3894.04
0.678032 4192.91
0.707946 3835.21
0.73918 3594.26
0.771792 3482.67
0.805842 3282.61
0.841395 2983.47
0.878517 4129.75
0.917276 3157.75
0.957745 2247.26
1 2994.95
1.04412 2124.63
1.09018 2649.9
1.13828 2614.16
1.1885 2105.03
1.24094 2398.35
1.29569 2157.82
1.35285 1585.78
1.41254 2057.72
1.47486 2474.44
1.53993 1889.17
1.60787 2008.22
1.6788 1921.53
1.75287 1799.48
1.83021 1481.04
1.91095 1731.36
1.99526 1324.91
2.08329 1763.7
2.1752 2560.38
2.27117 2293.58
2.37137 1372.37
2.476 1976.59
2.58523 2018.6
2.69929 1501.29
2.81838 1403.96
2.94273 1546.08
3.07256 1769.98
3.20812 1662.31
3.34965 1419.29
3.49744 1415.97
3.65174 1251.18
3.81285 2063.93
3.98107 1401.52
4.15671 1456.58
4.3401 1569.12
4.53158 1426.87
4.73151 1654.18
4.94026 1733.58
5.15822 1550.78
5.3858 1440.66
5.62341 1147.26
5.87151 1401.55
6.13056 1300.42
6.40103 1796.04
6.68344 696.581
6.97831 1024.33
7.28618 1144.79
7.60764 1403.47
7.94328 1510.11
8.29373 1401.62
8.65964 815.982
9.0417 1533.36
9.44061 1278.3
9.85712 1488.15
10.292 1906.22
10.7461 1265.41
11.2202 2365.69
11.7152 1667.82
12.2321 1055.05
12.7717 1759.55
13.3352 1573.18
13.9236 1566.42
14.5378 1379.7
15.1792 1319.46
15.8489 822.199
16.5482 2232.58
17.2783 2360.43
18.0406 2101.41
18.8365 1531.82
19.6675 1668.88
20.5353 2510.36
21.4412 1552.81
22.3872 2268.84
23.3749 1482.68
24.4062 2127.94
25.483 1640.95
26.6073 2611.01
27.7811 2212.91
29.0068 1702.59
30.2866 1307.79
31.6228 2250.78
33.0179 1808.42
34.4747 2038.25
35.9956 2371.41
37.5837 2295.84
39.2419 1774.56
40.9732 2383.89
42.7809 1627.88
44.6684 2263.69
46.6391 1892.1
48.6968 2829.38
50.8452 1547.09
53.0884 1950.21
55.4307 1839.17
57.8762 2571.81
60.4296 2005.94
63.0957 2073.92
65.8795 1836.61
68.786 2373.91
71.8208 1990.11
74.9894 3212.44
78.2979 2954.85
81.7523 2117.34
85.3591 2752.46
89.1251 1977.04
93.0572 2329.07
97.1628 1839.86
101.45 2259.14
105.925 1956.25
110.599 1568.7
115.478 1581.35
120.573 1462.48
125.893 1709.04
131.447 2031.04
137.246 1841.75
143.301 1770.21
149.624 1422.36
156.225 1845.1
163.117 1512.84
170.314 1410.57
177.828 1233.4
185.674 1464.36
193.865 1663.72
202.418 1562.34
211.349 2355.83
220.673 2525.08
230.409 1497.54
240.575 1565.6
251.189 1532.39
262.271 1749.92
273.842 1169.98
285.924 1598.95
298.538 1654.73
311.709 956.487
325.462 1396.68
339.821 1257.16
354.813 354.056
370.467 688.878
386.812 110.877
403.878 316.941
421.697 300.682
440.301 445.935
459.727 326.647
480.01 0
501.187 328.512
523.299 126.919
546.387 101.445
570.493 0
595.662 0
621.942 0
649.382 0
678.032 0
707.946 72.288
739.18 87.1786
771.792 0
805.842 0
841.395 0
878.517 0
917.276 0
957.745 0
1000 0
