# First line is two numbers 
#     First value is '2', it means 'histogram mode'
#     Second value is 'Emin' of the histogram
# Other lines : 2 columns. 1) energy 2) probability (nb divided by NbEvent)
# Number of bins = 480
# Content below the first bin: 22206.5
# Content above the last  bin: 0
# Content above the last  bin: 0
# Number of events: 209000
2 1e-06
1.04412e-06 80.235
1.09018e-06 266.199
1.13828e-06 0
1.1885e-06 115.838
1.24094e-06 96.6535
1.29569e-06 28.8254
1.35285e-06 0
1.41254e-06 0
1.47486e-06 0
1.53993e-06 0
1.60787e-06 0
1.6788e-06 54.1434
1.75287e-06 0
1.83021e-06 102.382
1.91095e-06 0
1.99526e-06 0
2.08329e-06 0
2.1752e-06 0
2.27117e-06 100.707
2.37137e-06 0
2.476e-06 112.852
2.58523e-06 95.5374
2.69929e-06 0
2.81838e-06 0
2.94273e-06 94.2776
3.07256e-06 0
3.20812e-06 61.4186
3.34965e-06 0
3.49744e-06 67.6606
3.65174e-06 0
3.81285e-06 106.555
3.98107e-06 0
4.15671e-06 0
4.3401e-06 0
4.53158e-06 64.0717
4.73151e-06 0
4.94026e-06 0
5.15822e-06 156.601
5.3858e-06 137.198
5.62341e-06 18.832
5.87151e-06 100.386
6.13056e-06 128.431
6.40103e-06 0
6.68344e-06 0
6.97831e-06 95.725
7.28618e-06 0
7.60764e-06 46.468
7.94328e-06 119.622
8.29373e-06 87.7184
8.65964e-06 86.8194
9.0417e-06 85.4512
9.44061e-06 129.548
9.85712e-06 97.9214
1.0292e-05 0
1.07461e-05 0
1.12202e-05 77.9049
1.17152e-05 113.109
1.22321e-05 0
1.27717e-05 44.5069
1.33352e-05 0
1.39236e-05 118.627
1.45378e-05 0
1.51792e-05 0
1.58489e-05 0
1.65482e-05 0
1.72783e-05 0
1.80406e-05 0
1.88365e-05 203.039
1.96675e-05 0
2.05353e-05 81.9935
2.14412e-05 0
2.23872e-05 0
2.33749e-05 0
2.44062e-05 228.083
2.5483e-05 0
2.66073e-05 0
2.77811e-05 0
2.90068e-05 0
3.02866e-05 0
3.16228e-05 0
3.30179e-05 117.074
3.44747e-05 0
3.59956e-05 0
3.75837e-05 52.4007
3.92419e-05 0
4.09732e-05 68.8194
4.27809e-05 0
4.46684e-05 109.718
4.66391e-05 0
4.86968e-05 159.38
5.08452e-05 118.34
5.30884e-05 79.9993
5.54307e-05 0
5.78762e-05 0
6.04296e-05 112.391
6.30957e-05 110.666
6.58795e-05 105.306
6.8786e-05 0
7.18208e-05 0
7.49894e-05 0
7.82979e-05 0
8.17523e-05 0
8.53591e-05 0
8.91251e-05 0
9.30572e-05 0
9.71628e-05 0
0.00010145 0
0.000105925 74.8524
0.000110599 0
0.000115478 0
0.000120573 82.8979
0.000125893 151.55
0.000131447 186.129
0.000137246 0
0.000143301 0
0.000149624 0
0.000156225 51.8249
0.000163117 0
0.000170314 0
0.000177828 81.4418
0.000185674 332.548
0.000193865 111.018
0.000202418 0
0.000211349 0
0.000220673 68.8862
0.000230409 0
0.000240575 66.8742
0.000251189 0
0.000262271 0
0.000273842 71.6932
0.000285924 65.034
0.000298538 0
0.000311709 14.2186
0.000325462 40.0541
0.000339821 145.246
0.000354813 87.5543
0.000370467 0
0.000386812 0
0.000403878 115.972
0.000421697 0
0.000440301 51.9254
0.000459727 0
0.00048001 50.9852
0.000501187 109.371
0.000523299 0
0.000546387 107.803
0.000570493 0
0.000595662 0
0.000621942 131.326
0.000649382 0
0.000678032 39.6756
0.000707946 81.381
0.00073918 0
0.000771792 155.98
0.000805842 185.022
0.000841395 0
0.000878517 0
0.000917276 0
0.000957745 171.251
0.001 32.5487
0.00104412 0
0.00109018 0
0.00113828 0
0.0011885 201.606
0.00124094 158.971
0.00129569 118.969
0.00135285 113.852
0.00141254 360.376
0.00147486 0
0.00153993 91.4471
0.00160787 225.7
0.0016788 0
0.00175287 125.008
0.00183021 0
0.00191095 0
0.00199526 114.194
0.00208329 0
0.0021752 0
0.00227117 182.76
0.00237137 0
0.002476 288.368
0.00258523 0
0.00269929 0
0.00281838 0
0.00294273 72.5882
0.00307256 0
0.00320812 0
0.00334965 0
0.00349744 94.9228
0.00365174 144.169
0.00381285 0
0.00398107 95.4673
0.00415671 208.159
0.0043401 0
0.00453158 119.466
0.00473151 105.625
0.00494026 165.565
0.00515822 73.6007
0.0053858 55.6571
0.00562341 184.457
0.00587151 232.248
0.00613056 240.354
0.00640103 0
0.00668344 286.541
0.00697831 124.413
0.00728618 0
0.00760764 318.202
0.00794328 47.7501
0.00829373 102.232
0.00865964 193.978
0.0090417 103.585
0.00944061 113.096
0.00985712 151.308
0.010292 105.979
0.0107461 66.0635
0.0112202 85.2307
0.0117152 105.616
0.0122321 302.658
0.0127717 282.575
0.0133352 0
0.0139236 114.874
0.0145378 441.028
0.0151792 164.074
0.0158489 216.442
0.0165482 106.206
0.0172783 201.708
0.0180406 102.894
0.0188365 0
0.0196675 111.496
0.0205353 322.428
0.0214412 159.588
0.0223872 348.784
0.0233749 377.95
0.0244062 466.662
0.025483 506.059
0.0266073 616.277
0.0277811 480.241
0.0290068 461.066
0.0302866 329.58
0.0316228 617.737
0.0330179 511.035
0.0344747 711.291
0.0359956 420.596
0.0375837 385.087
0.0392419 234.539
0.0409732 413.626
0.0427809 1129.28
0.0446684 505.941
0.0466391 734.155
0.0486968 731.781
0.0508452 392.532
0.0530884 472.727
0.0554307 866.901
0.0578762 1074.23
0.0604296 1057.76
0.0630957 1286.6
0.0658795 652.128
0.068786 1688.47
0.0718208 1187.06
0.0749894 1073.8
0.0782979 2259.78
0.0817523 1541.29
0.0853591 1434.47
0.0891251 1518.86
0.0930572 1980
0.0971628 2061.67
0.10145 1318.55
0.105925 1861.34
0.110599 2058.86
0.115478 2024.97
0.120573 1347.2
0.125893 2286.01
0.131447 1646.53
0.137246 2384.02
0.143301 2529.91
0.149624 1711.47
0.156225 2964.99
0.163117 2935.5
0.170314 2522.34
0.177828 2086.33
0.185674 2220.69
0.193865 3958.65
0.202418 3622.27
0.211349 2591.4
0.220673 3265.71
0.230409 2870.29
0.240575 3326.81
0.251189 2738.39
0.262271 2634.86
0.273842 3228.82
0.285924 3948.29
0.298538 2841.18
0.311709 2845.42
0.325462 3046.82
0.339821 3621.82
0.354813 4172.27
0.370467 4423.69
0.386812 2653.94
0.403878 4106
0.421697 4532.06
0.440301 3456.64
0.459727 2744.39
0.48001 3028.55
0.501187 3120.31
0.523299 3828.91
0.546387 2966.26
0.570493 3514.18
0.595662 3164.73
0.621942 3882.73
0.649382 3199.93
0.678032 4065.17
0.707946 3312.79
0.73918 3976.26
0.771792 4011.2
0.805842 3988.18
0.841395 4120.08
0.878517 2971.11
0.917276 2547.42
0.957745 2341.31
1 2810.23
1.04412 2383.21
1.09018 3754.4
1.13828 2541.26
1.1885 2409.02
1.24094 1813.19
1.29569 3122.47
1.35285 1147.98
1.41254 2046.4
1.47486 1926.09
1.53993 1612.94
1.60787 2106.32
1.6788 2147.37
1.75287 2107.37
1.83021 1146.51
1.91095 1430.45
1.99526 2302.43
2.08329 1479.52
2.1752 1475.61
2.27117 1701.07
2.37137 1696.74
2.476 1247.8
2.58523 1393.7
2.69929 1587.8
2.81838 1103.91
2.94273 1894.85
3.07256 2118.74
3.20812 1806
3.34965 1605.3
3.49744 1370.57
3.65174 1519.07
3.81285 1588
3.98107 1497.5
4.15671 2114.75
4.3401 1222.88
4.53158 1763.53
4.73151 1471.71
4.94026 1095.02
5.15822 1198.81
5.3858 1610.85
5.62341 1542.75
5.87151 2166.99
6.13056 1340.12
6.40103 903.567
6.68344 1576.53
6.97831 1807.73
7.28618 1424.03
7.60764 1367.94
7.94328 1512.48
8.29373 646.641
8.65964 1551.35
9.0417 1680.45
9.44061 1117.71
9.85712 1485.05
10.292 1032.12
10.7461 1365.64
11.2202 994.321
11.7152 1080.78
12.2321 1448.21
12.7717 1786.13
13.3352 1254.83
13.9236 2287.15
14.5378 1377.45
15.1792 1327.99
15.8489 1069.7
16.5482 1985.25
17.2783 1148.85
18.0406 2133.76
18.8365 1187.91
19.6675 2091.9
20.5353 1381.28
21.4412 1262.23
22.3872 1960.37
23.3749 1984.09
24.4062 2352.01
25.483 1585.4
26.6073 2084.52
27.7811 2204.68
29.0068 1700.32
30.2866 2155.71
31.6228 1944.05
33.0179 1564.11
34.4747 1533.54
35.9956 3059.94
37.5837 2515.6
39.2419 1965.37
40.9732 1217.17
42.7809 1826.58
44.6684 1923.34
46.6391 1942.1
48.6968 1903.71
50.8452 2349.25
53.0884 2198.26
55.4307 2465.5
57.8762 2735.18
60.4296 1271.49
63.0957 2055.34
65.8795 2150.38
68.786 2411.17
71.8208 2019.77
74.9894 1958.92
78.2979 1991.43
81.7523 2186.85
85.3591 1850.01
89.1251 1535.65
93.0572 2237.71
97.1628 2317.49
101.45 2157.24
105.925 1613.33
110.599 1536.75
115.478 1455.72
120.573 2347.02
125.893 1380.2
131.447 2079.29
137.246 2066.03
143.301 1266.98
149.624 1550.84
156.225 1496.29
163.117 1611.66
170.314 2211.24
177.828 1182.25
185.674 2063.12
193.865 1619.03
202.418 2006.14
211.349 2256.49
220.673 2616.95
230.409 1562.56
240.575 1535.67
251.189 1737.48
262.271 2395.93
273.842 1662.52
285.924 1755.91
298.538 842.81
311.709 1310.94
325.462 1730.23
339.821 553.522
354.813 372.878
370.467 181.627
386.812 184.514
403.878 306.991
421.697 192.962
440.301 264.601
459.727 574.035
480.01 0
501.187 295.089
523.299 73.7594
546.387 82.5673
570.493 0
595.662 0
621.942 0
649.382 0
678.032 0
707.946 0
739.18 0
771.792 0
805.842 0
841.395 0
878.517 0
917.276 0
957.745 0
1000 0
