# First line is two numbers 
#     First value is '2', it means 'histogram mode'
#     Second value is 'Emin' of the histogram
# Other lines : 2 columns. 1) energy 2) probability (nb divided by NbEvent)
# Number of bins = 480
# Content below the first bin: 0
# Content above the last  bin: 0
# Content above the last  bin: 0
# Number of events: 400000
2 1e-06
1.04412e-06 0
1.09018e-06 0
1.13828e-06 0
1.1885e-06 0
1.24094e-06 0
1.29569e-06 0
1.35285e-06 0
1.41254e-06 0
1.47486e-06 0
1.53993e-06 0
1.60787e-06 0
1.6788e-06 0
1.75287e-06 0
1.83021e-06 0
1.91095e-06 0
1.99526e-06 0
2.08329e-06 0
2.1752e-06 0
2.27117e-06 0
2.37137e-06 0
2.476e-06 0
2.58523e-06 0
2.69929e-06 0
2.81838e-06 0
2.94273e-06 0
3.07256e-06 0
3.20812e-06 0
3.34965e-06 0
3.49744e-06 0
3.65174e-06 0
3.81285e-06 0
3.98107e-06 0
4.15671e-06 0
4.3401e-06 0
4.53158e-06 0
4.73151e-06 0
4.94026e-06 0
5.15822e-06 0
5.3858e-06 0
5.62341e-06 0
5.87151e-06 0
6.13056e-06 0
6.40103e-06 0
6.68344e-06 0
6.97831e-06 0
7.28618e-06 0
7.60764e-06 0
7.94328e-06 0
8.29373e-06 0
8.65964e-06 0
9.0417e-06 0
9.44061e-06 0
9.85712e-06 0
1.0292e-05 0
1.07461e-05 0
1.12202e-05 0
1.17152e-05 0
1.22321e-05 0
1.27717e-05 0
1.33352e-05 0
1.39236e-05 0
1.45378e-05 0
1.51792e-05 0
1.58489e-05 0
1.65482e-05 0
1.72783e-05 0
1.80406e-05 0
1.88365e-05 0
1.96675e-05 0
2.05353e-05 0
2.14412e-05 0
2.23872e-05 0
2.33749e-05 0
2.44062e-05 0
2.5483e-05 0
2.66073e-05 0
2.77811e-05 0
2.90068e-05 0
3.02866e-05 0
3.16228e-05 0
3.30179e-05 0
3.44747e-05 0
3.59956e-05 0
3.75837e-05 0
3.92419e-05 0
4.09732e-05 0
4.27809e-05 0
4.46684e-05 0
4.66391e-05 0
4.86968e-05 0
5.08452e-05 0
5.30884e-05 0
5.54307e-05 0
5.78762e-05 0
6.04296e-05 0
6.30957e-05 0
6.58795e-05 0
6.8786e-05 0
7.18208e-05 0
7.49894e-05 0
7.82979e-05 0
8.17523e-05 0
8.53591e-05 0
8.91251e-05 0
9.30572e-05 0
9.71628e-05 0
0.00010145 0
0.000105925 0
0.000110599 0
0.000115478 0
0.000120573 0
0.000125893 0
0.000131447 0
0.000137246 0
0.000143301 0
0.000149624 0
0.000156225 0
0.000163117 0
0.000170314 0
0.000177828 0
0.000185674 0
0.000193865 0
0.000202418 0
0.000211349 0
0.000220673 0
0.000230409 0
0.000240575 0
0.000251189 0
0.000262271 0
0.000273842 0
0.000285924 0
0.000298538 0
0.000311709 0
0.000325462 0
0.000339821 0
0.000354813 0
0.000370467 0
0.000386812 0
0.000403878 0
0.000421697 0
0.000440301 0
0.000459727 0
0.00048001 0
0.000501187 0
0.000523299 0
0.000546387 0
0.000570493 91.3567
0.000595662 0
0.000621942 0
0.000649382 0
0.000678032 0
0.000707946 0
0.00073918 0
0.000771792 0
0.000805842 0
0.000841395 0
0.000878517 0
0.000917276 0
0.000957745 0
0.001 0
0.00104412 0
0.00109018 0
0.00113828 0
0.0011885 0
0.00124094 0
0.00129569 0
0.00135285 0
0.00141254 0
0.00147486 0
0.00153993 0
0.00160787 0
0.0016788 0
0.00175287 0
0.00183021 0
0.00191095 0
0.00199526 0
0.00208329 0
0.0021752 0
0.00227117 0
0.00237137 0
0.002476 0
0.00258523 0
0.00269929 0
0.00281838 0
0.00294273 0
0.00307256 0
0.00320812 0
0.00334965 0
0.00349744 0
0.00365174 0
0.00381285 0
0.00398107 0
0.00415671 0
0.0043401 0
0.00453158 0
0.00473151 0
0.00494026 0
0.00515822 0
0.0053858 0
0.00562341 0
0.00587151 0
0.00613056 0
0.00640103 0
0.00668344 99.8296
0.00697831 0
0.00728618 0
0.00760764 0
0.00794328 0
0.00829373 0
0.00865964 0
0.0090417 0
0.00944061 0
0.00985712 0
0.010292 0
0.0107461 0
0.0112202 0
0.0117152 0
0.0122321 71.1762
0.0127717 0
0.0133352 0
0.0139236 0
0.0145378 0
0.0151792 0
0.0158489 0
0.0165482 0
0.0172783 0
0.0180406 97.3739
0.0188365 0
0.0196675 0
0.0205353 0
0.0214412 0
0.0223872 0
0.0233749 31.7895
0.0244062 130.341
0.025483 599.55
0.0266073 0
0.0277811 0
0.0290068 0
0.0302866 0
0.0316228 0
0.0330179 0
0.0344747 0
0.0359956 0
0.0375837 74.6047
0.0392419 84.5716
0.0409732 74.7282
0.0427809 0
0.0446684 91.5123
0.0466391 29.9119
0.0486968 127.318
0.0508452 0
0.0530884 165.941
0.0554307 0
0.0578762 93.395
0.0604296 92.5864
0.0630957 0
0.0658795 0
0.068786 115.181
0.0718208 0
0.0749894 184.881
0.0782979 98.5377
0.0817523 262.219
0.0853591 97.5631
0.0891251 110.75
0.0930572 0
0.0971628 107.655
0.10145 87.197
0.105925 93.88
0.110599 98.5171
0.115478 20.5114
0.120573 152.079
0.125893 0
0.131447 462.695
0.137246 410.046
0.143301 192.526
0.149624 114.441
0.156225 108.932
0.163117 215.783
0.170314 293.882
0.177828 141.173
0.185674 1303.25
0.193865 68.2392
0.202418 52.6921
0.211349 194.596
0.220673 782.809
0.230409 254.089
0.240575 214.8
0.251189 425.001
0.262271 359.38
0.273842 772.723
0.285924 196.652
0.298538 374.533
0.311709 1234.61
0.325462 981.434
0.339821 261.521
0.354813 928.946
0.370467 620.55
0.386812 1117.74
0.403878 272.818
0.421697 203.9
0.440301 664.182
0.459727 529.205
0.48001 598.474
0.501187 133.513
0.523299 348.373
0.546387 912.636
0.570493 657.499
0.595662 1359.77
0.621942 1743.55
0.649382 1907.24
0.678032 1219.31
0.707946 1193.97
0.73918 737.975
0.771792 689.72
0.805842 1038.12
0.841395 420.216
0.878517 950.851
0.917276 1170.18
0.957745 1242.75
1 1126.06
1.04412 1322.13
1.09018 1062.5
1.13828 1325.57
1.1885 1749.17
1.24094 1278.91
1.29569 1473.62
1.35285 452.414
1.41254 749.753
1.47486 1162.12
1.53993 769.892
1.60787 624.576
1.6788 600.244
1.75287 493.409
1.83021 942.513
1.91095 821.678
1.99526 947.294
2.08329 717.271
2.1752 647.238
2.27117 552.721
2.37137 557.211
2.476 191.649
2.58523 307.04
2.69929 408.623
2.81838 586.834
2.94273 341.602
3.07256 336.425
3.20812 313.636
3.34965 311.135
3.49744 359.024
3.65174 639.618
3.81285 404.157
3.98107 143.057
4.15671 468.79
4.3401 165.049
4.53158 267.246
4.73151 313.482
4.94026 229.675
5.15822 209.901
5.3858 210.091
5.62341 72.1376
5.87151 417.307
6.13056 120.464
6.40103 80.2807
6.68344 168.19
6.97831 334.899
7.28618 325.238
7.60764 243.171
7.94328 102.586
8.29373 168.256
8.65964 195.102
9.0417 202.912
9.44061 312.03
9.85712 127.224
10.292 51.8686
10.7461 91.3839
11.2202 200.794
11.7152 292.17
12.2321 107.135
12.7717 122.805
13.3352 233.593
13.9236 439.865
14.5378 176.91
15.1792 310.804
15.8489 49.9244
16.5482 58.5028
17.2783 68.9022
18.0406 344.896
18.8365 492.617
19.6675 195.585
20.5353 178.323
21.4412 319.547
22.3872 64.9405
23.3749 220.264
24.4062 97.6156
25.483 497.929
26.6073 165.661
27.7811 320.535
29.0068 344.771
30.2866 248.192
31.6228 193.264
33.0179 539.734
34.4747 614.313
35.9956 40.2728
37.5837 286.128
39.2419 772.628
40.9732 272.322
42.7809 780.264
44.6684 724.29
46.6391 263.211
48.6968 578.17
50.8452 560.112
53.0884 521.926
55.4307 103.581
57.8762 535.797
60.4296 702.575
63.0957 728.094
65.8795 768.17
68.786 650.893
71.8208 289.856
74.9894 207.982
78.2979 671.234
81.7523 654.044
85.3591 685.861
89.1251 914.036
93.0572 808.181
97.1628 661.862
101.45 867.004
105.925 656.091
110.599 808.37
115.478 317.307
120.573 380.434
125.893 576.521
131.447 286.418
137.246 603.755
143.301 425.78
149.624 881.919
156.225 636.5
163.117 560.243
170.314 326.084
177.828 391.15
185.674 407.893
193.865 526.051
202.418 724.855
211.349 741.331
220.673 341.03
230.409 520.248
240.575 431.982
251.189 0
262.271 102.833
273.842 153.032
285.924 200.52
298.538 0
311.709 38.646
325.462 0
339.821 262.134
354.813 0
370.467 251.304
386.812 0
403.878 0
421.697 96.9821
440.301 78.0964
459.727 0
480.01 0
501.187 0
523.299 109.505
546.387 0
570.493 0
595.662 0
621.942 0
649.382 0
678.032 0
707.946 0
739.18 0
771.792 0
805.842 0
841.395 0
878.517 0
917.276 0
957.745 0
1000 0
