# First line is two numbers 
#     First value is '2', it means 'histogram mode'
#     Second value is 'Emin' of the histogram
# Other lines : 2 columns. 1) energy 2) probability (nb divided by NbEvent)
# Number of bins = 480
# Content below the first bin: 0
# Content above the last  bin: 0
# Content above the last  bin: 0
# Number of events: 400000
2 1e-06
1.04412e-06 0
1.09018e-06 0
1.13828e-06 0
1.1885e-06 0
1.24094e-06 0
1.29569e-06 0
1.35285e-06 0
1.41254e-06 0
1.47486e-06 0
1.53993e-06 0
1.60787e-06 0
1.6788e-06 0
1.75287e-06 0
1.83021e-06 0
1.91095e-06 0
1.99526e-06 0
2.08329e-06 0
2.1752e-06 0
2.27117e-06 0
2.37137e-06 0
2.476e-06 0
2.58523e-06 0
2.69929e-06 0
2.81838e-06 0
2.94273e-06 0
3.07256e-06 0
3.20812e-06 0
3.34965e-06 0
3.49744e-06 0
3.65174e-06 0
3.81285e-06 0
3.98107e-06 0
4.15671e-06 0
4.3401e-06 0
4.53158e-06 0
4.73151e-06 0
4.94026e-06 0
5.15822e-06 0
5.3858e-06 0
5.62341e-06 0
5.87151e-06 0
6.13056e-06 0
6.40103e-06 0
6.68344e-06 0
6.97831e-06 0
7.28618e-06 0
7.60764e-06 0
7.94328e-06 0
8.29373e-06 0
8.65964e-06 0
9.0417e-06 0
9.44061e-06 0
9.85712e-06 0
1.0292e-05 0
1.07461e-05 0
1.12202e-05 0
1.17152e-05 0
1.22321e-05 0
1.27717e-05 0
1.33352e-05 0
1.39236e-05 0
1.45378e-05 0
1.51792e-05 0
1.58489e-05 0
1.65482e-05 0
1.72783e-05 0
1.80406e-05 0
1.88365e-05 0
1.96675e-05 0
2.05353e-05 0
2.14412e-05 0
2.23872e-05 0
2.33749e-05 0
2.44062e-05 0
2.5483e-05 0
2.66073e-05 0
2.77811e-05 0
2.90068e-05 0
3.02866e-05 0
3.16228e-05 0
3.30179e-05 0
3.44747e-05 0
3.59956e-05 0
3.75837e-05 0
3.92419e-05 0
4.09732e-05 0
4.27809e-05 0
4.46684e-05 0
4.66391e-05 0
4.86968e-05 0
5.08452e-05 0
5.30884e-05 0
5.54307e-05 0
5.78762e-05 0
6.04296e-05 0
6.30957e-05 0
6.58795e-05 0
6.8786e-05 0
7.18208e-05 0
7.49894e-05 0
7.82979e-05 0
8.17523e-05 0
8.53591e-05 0
8.91251e-05 0
9.30572e-05 0
9.71628e-05 0
0.00010145 0
0.000105925 0
0.000110599 0
0.000115478 0
0.000120573 0
0.000125893 0
0.000131447 0
0.000137246 0
0.000143301 0
0.000149624 0
0.000156225 0
0.000163117 0
0.000170314 0
0.000177828 0
0.000185674 0
0.000193865 0
0.000202418 0
0.000211349 0
0.000220673 0
0.000230409 0
0.000240575 0
0.000251189 0
0.000262271 0
0.000273842 0
0.000285924 0
0.000298538 0
0.000311709 0
0.000325462 0
0.000339821 0
0.000354813 0
0.000370467 0
0.000386812 60.4184
0.000403878 0
0.000421697 0
0.000440301 0
0.000459727 0
0.00048001 0
0.000501187 0
0.000523299 0
0.000546387 0
0.000570493 0
0.000595662 0
0.000621942 0
0.000649382 0
0.000678032 0
0.000707946 0
0.00073918 0
0.000771792 0
0.000805842 0
0.000841395 0
0.000878517 0
0.000917276 0
0.000957745 0
0.001 0
0.00104412 0
0.00109018 0
0.00113828 0
0.0011885 0
0.00124094 0
0.00129569 0
0.00135285 0
0.00141254 0
0.00147486 0
0.00153993 0
0.00160787 0
0.0016788 0
0.00175287 0
0.00183021 0
0.00191095 0
0.00199526 0
0.00208329 0
0.0021752 0
0.00227117 0
0.00237137 0
0.002476 0
0.00258523 0
0.00269929 0
0.00281838 0
0.00294273 42.4955
0.00307256 0
0.00320812 0
0.00334965 0
0.00349744 0
0.00365174 0
0.00381285 0
0.00398107 65.4861
0.00415671 0
0.0043401 0
0.00453158 0
0.00473151 0
0.00494026 0
0.00515822 0
0.0053858 0
0.00562341 0
0.00587151 0
0.00613056 0
0.00640103 0
0.00668344 0
0.00697831 0
0.00728618 0
0.00760764 0
0.00794328 33.6736
0.00829373 0
0.00865964 0
0.0090417 0
0.00944061 0
0.00985712 0
0.010292 0
0.0107461 0
0.0112202 0
0.0117152 0
0.0122321 0
0.0127717 0
0.0133352 0
0.0139236 0
0.0145378 0
0.0151792 0
0.0158489 0
0.0165482 0
0.0172783 0
0.0180406 65.7507
0.0188365 0
0.0196675 0
0.0205353 0
0.0214412 83.4333
0.0223872 84.7375
0.0233749 0
0.0244062 0
0.025483 236.452
0.0266073 142.467
0.0277811 0
0.0290068 0
0.0302866 0
0.0316228 0
0.0330179 0
0.0344747 0
0.0359956 0
0.0375837 0
0.0392419 0
0.0409732 0
0.0427809 53.4644
0.0446684 85.8447
0.0466391 65.2304
0.0486968 59.9269
0.0508452 0
0.0530884 46.7105
0.0554307 0
0.0578762 0
0.0604296 0
0.0630957 0
0.0658795 123.232
0.068786 158.673
0.0718208 0
0.0749894 194.099
0.0782979 0
0.0817523 170.353
0.0853591 0
0.0891251 0
0.0930572 0
0.0971628 198.771
0.10145 0
0.105925 513.595
0.110599 132.018
0.115478 332.088
0.120573 24.9232
0.125893 439.166
0.131447 409.307
0.137246 573.192
0.143301 284.352
0.149624 98.5411
0.156225 179.724
0.163117 378.633
0.170314 555.513
0.177828 138.776
0.185674 397.886
0.193865 389.137
0.202418 71.0399
0.211349 414.094
0.220673 340.639
0.230409 48.0842
0.240575 141.412
0.251189 202.112
0.262271 490.617
0.273842 540.556
0.285924 643.816
0.298538 602.183
0.311709 1036.02
0.325462 832.636
0.339821 698.439
0.354813 1332.87
0.370467 579.311
0.386812 1280.28
0.403878 237.443
0.421697 122.427
0.440301 495.553
0.459727 777.196
0.48001 1144.73
0.501187 729.873
0.523299 810.415
0.546387 573.899
0.570493 677.862
0.595662 1194.54
0.621942 2235.01
0.649382 1827.57
0.678032 1263.44
0.707946 1249.13
0.73918 583.437
0.771792 919.736
0.805842 475.209
0.841395 998.212
0.878517 474.215
0.917276 1095.64
0.957745 943.248
1 1042.66
1.04412 719.179
1.09018 838.448
1.13828 998.4
1.1885 353.628
1.24094 554.577
1.29569 516.44
1.35285 713.244
1.41254 389.759
1.47486 525.254
1.53993 982.51
1.60787 487.253
1.6788 908.443
1.75287 218.052
1.83021 1035.31
1.91095 472.281
1.99526 103.97
2.08329 519.618
2.1752 475.429
2.27117 389.507
2.37137 360.918
2.476 510.39
2.58523 413.123
2.69929 279.404
2.81838 482.372
2.94273 423.255
3.07256 521.963
3.20812 511.643
3.34965 274.361
3.49744 216.977
3.65174 498.277
3.81285 641.266
3.98107 259.784
4.15671 73.009
4.3401 163.758
4.53158 527.142
4.73151 398.032
4.94026 178.8
5.15822 240.666
5.3858 173.542
5.62341 203.883
5.87151 133.2
6.13056 82.4636
6.40103 0
6.68344 141.074
6.97831 0
7.28618 408.757
7.60764 547.737
7.94328 118.578
8.29373 245.637
8.65964 118.721
9.0417 178.079
9.44061 180.776
9.85712 0
10.292 360.742
10.7461 131.567
11.2202 179.325
11.7152 306.227
12.2321 550.104
12.7717 60.164
13.3352 300.541
13.9236 238.293
14.5378 194.781
15.1792 98.9375
15.8489 19.1132
16.5482 0
17.2783 413.017
18.0406 147.452
18.8365 639.851
19.6675 103.797
20.5353 0
21.4412 198.742
22.3872 262.573
23.3749 692.98
24.4062 0
25.483 189.38
26.6073 277.967
27.7811 198.707
29.0068 431.366
30.2866 100.275
31.6228 167.813
33.0179 225.27
34.4747 232.097
35.9956 582.801
37.5837 211.346
39.2419 113.108
40.9732 487.681
42.7809 463.831
44.6684 430.169
46.6391 274.145
48.6968 209.809
50.8452 632.753
53.0884 888.523
55.4307 190.398
57.8762 783.764
60.4296 691.708
63.0957 655.542
65.8795 403.644
68.786 1101.74
71.8208 572.392
74.9894 390.588
78.2979 290.617
81.7523 500.551
85.3591 571.704
89.1251 170.219
93.0572 443.895
97.1628 553.493
101.45 380.595
105.925 761.207
110.599 268.05
115.478 650.044
120.573 829.431
125.893 807.948
131.447 843.788
137.246 936.663
143.301 328.812
149.624 334.73
156.225 797.843
163.117 580.857
170.314 703.316
177.828 411.03
185.674 537.44
193.865 451.348
202.418 646.741
211.349 265.163
220.673 442.883
230.409 360.573
240.575 337.259
251.189 227.355
262.271 66.3479
273.842 81.5791
285.924 0
298.538 0
311.709 0
325.462 24.4154
339.821 192.669
354.813 105.214
370.467 0
386.812 60.378
403.878 0
421.697 0
440.301 84.1622
459.727 0
480.01 88.9519
501.187 0
523.299 0
546.387 81.6112
570.493 0
595.662 0
621.942 0
649.382 0
678.032 0
707.946 0
739.18 0
771.792 0
805.842 0
841.395 0
878.517 0
917.276 0
957.745 0
1000 0
