# First line is two numbers 
#     First value is '2', it means 'histogram mode'
#     Second value is 'Emin' of the histogram
# Other lines : 2 columns. 1) energy 2) probability (nb divided by NbEvent)
# Number of bins = 480
# Content below the first bin: 0
# Content above the last  bin: 0
# Content above the last  bin: 0
# Number of events: 209000
2 1e-06
1.04412e-06 0
1.09018e-06 0
1.13828e-06 0
1.1885e-06 0
1.24094e-06 0
1.29569e-06 0
1.35285e-06 0
1.41254e-06 0
1.47486e-06 0
1.53993e-06 0
1.60787e-06 0
1.6788e-06 0
1.75287e-06 0
1.83021e-06 0
1.91095e-06 0
1.99526e-06 0
2.08329e-06 0
2.1752e-06 0
2.27117e-06 0
2.37137e-06 0
2.476e-06 0
2.58523e-06 0
2.69929e-06 0
2.81838e-06 0
2.94273e-06 0
3.07256e-06 0
3.20812e-06 0
3.34965e-06 0
3.49744e-06 0
3.65174e-06 0
3.81285e-06 0
3.98107e-06 0
4.15671e-06 0
4.3401e-06 0
4.53158e-06 0
4.73151e-06 0
4.94026e-06 0
5.15822e-06 0
5.3858e-06 0
5.62341e-06 0
5.87151e-06 0
6.13056e-06 0
6.40103e-06 0
6.68344e-06 0
6.97831e-06 0
7.28618e-06 0
7.60764e-06 0
7.94328e-06 0
8.29373e-06 0
8.65964e-06 0
9.0417e-06 0
9.44061e-06 0
9.85712e-06 0
1.0292e-05 0
1.07461e-05 0
1.12202e-05 0
1.17152e-05 0
1.22321e-05 0
1.27717e-05 0
1.33352e-05 0
1.39236e-05 0
1.45378e-05 0
1.51792e-05 0
1.58489e-05 0
1.65482e-05 0
1.72783e-05 0
1.80406e-05 0
1.88365e-05 0
1.96675e-05 0
2.05353e-05 0
2.14412e-05 0
2.23872e-05 0
2.33749e-05 0
2.44062e-05 0
2.5483e-05 0
2.66073e-05 0
2.77811e-05 0
2.90068e-05 0
3.02866e-05 0
3.16228e-05 0
3.30179e-05 0
3.44747e-05 0
3.59956e-05 0
3.75837e-05 0
3.92419e-05 0
4.09732e-05 0
4.27809e-05 0
4.46684e-05 0
4.66391e-05 0
4.86968e-05 0
5.08452e-05 0
5.30884e-05 0
5.54307e-05 0
5.78762e-05 0
6.04296e-05 0
6.30957e-05 0
6.58795e-05 0
6.8786e-05 0
7.18208e-05 0
7.49894e-05 0
7.82979e-05 0
8.17523e-05 0
8.53591e-05 0
8.91251e-05 0
9.30572e-05 0
9.71628e-05 0
0.00010145 0
0.000105925 0
0.000110599 0
0.000115478 0
0.000120573 0
0.000125893 0
0.000131447 0
0.000137246 0
0.000143301 0
0.000149624 0
0.000156225 0
0.000163117 0
0.000170314 0
0.000177828 0
0.000185674 0
0.000193865 0
0.000202418 0
0.000211349 0
0.000220673 0
0.000230409 0
0.000240575 0
0.000251189 0
0.000262271 0
0.000273842 0
0.000285924 0
0.000298538 0
0.000311709 0
0.000325462 0
0.000339821 0
0.000354813 0
0.000370467 0
0.000386812 0
0.000403878 0
0.000421697 0
0.000440301 0
0.000459727 0
0.00048001 0
0.000501187 0
0.000523299 0
0.000546387 0
0.000570493 0
0.000595662 0
0.000621942 0
0.000649382 0
0.000678032 0
0.000707946 0
0.00073918 0
0.000771792 0
0.000805842 0
0.000841395 0
0.000878517 0
0.000917276 0
0.000957745 0
0.001 0
0.00104412 0
0.00109018 0
0.00113828 0
0.0011885 0
0.00124094 0
0.00129569 0
0.00135285 0
0.00141254 0
0.00147486 0
0.00153993 0
0.00160787 0
0.0016788 0
0.00175287 0
0.00183021 0
0.00191095 0
0.00199526 0
0.00208329 0
0.0021752 0
0.00227117 0
0.00237137 0
0.002476 0
0.00258523 0
0.00269929 0
0.00281838 0
0.00294273 0
0.00307256 0
0.00320812 0
0.00334965 0
0.00349744 0
0.00365174 0
0.00381285 0
0.00398107 0
0.00415671 0
0.0043401 0
0.00453158 0
0.00473151 0
0.00494026 0
0.00515822 0
0.0053858 0
0.00562341 0
0.00587151 0
0.00613056 0
0.00640103 0
0.00668344 0
0.00697831 0
0.00728618 0
0.00760764 0
0.00794328 0
0.00829373 0
0.00865964 0
0.0090417 0
0.00944061 0
0.00985712 0
0.010292 0
0.0107461 0
0.0112202 0
0.0117152 0
0.0122321 0
0.0127717 0
0.0133352 0
0.0139236 0
0.0145378 132.219
0.0151792 68.0674
0.0158489 143.432
0.0165482 0
0.0172783 0
0.0180406 0
0.0188365 0
0.0196675 81.951
0.0205353 0
0.0214412 58.4353
0.0223872 75.5248
0.0233749 0
0.0244062 103.766
0.025483 0
0.0266073 65.5023
0.0277811 0
0.0290068 0
0.0302866 107.315
0.0316228 205.859
0.0330179 52.7667
0.0344747 0
0.0359956 79.2207
0.0375837 167.854
0.0392419 106.215
0.0409732 40.6583
0.0427809 108.52
0.0446684 0
0.0466391 112.423
0.0486968 79.7336
0.0508452 155.582
0.0530884 359.116
0.0554307 329.782
0.0578762 192.307
0.0604296 274.091
0.0630957 585.283
0.0658795 320.014
0.068786 0
0.0718208 248.981
0.0749894 119.313
0.0782979 374.074
0.0817523 324.281
0.0853591 64.3293
0.0891251 598.2
0.0930572 109.264
0.0971628 46.9975
0.10145 450.531
0.105925 208.109
0.110599 456.594
0.115478 442.442
0.120573 63.3501
0.125893 439.721
0.131447 344.891
0.137246 625.773
0.143301 488.497
0.149624 105.012
0.156225 300.781
0.163117 357.719
0.170314 614.732
0.177828 372.277
0.185674 396.108
0.193865 419.673
0.202418 461.688
0.211349 441.514
0.220673 487.424
0.230409 544.403
0.240575 107.464
0.251189 830.112
0.262271 483.997
0.273842 245.02
0.285924 222.225
0.298538 369.798
0.311709 520.76
0.325462 119.132
0.339821 279.276
0.354813 248.131
0.370467 358.915
0.386812 290.762
0.403878 237.691
0.421697 376.486
0.440301 594.878
0.459727 765.86
0.48001 431.203
0.501187 685.766
0.523299 588.972
0.546387 400.965
0.570493 510.601
0.595662 426.076
0.621942 314.882
0.649382 570.845
0.678032 417.725
0.707946 483.197
0.73918 240.906
0.771792 205.5
0.805842 344.648
0.841395 543.287
0.878517 590.199
0.917276 205.375
0.957745 202.097
1 312.985
1.04412 81.1067
1.09018 363.323
1.13828 109.917
1.1885 324.729
1.24094 153.898
1.29569 104.414
1.35285 80.9015
1.41254 168.518
1.47486 153.926
1.53993 259.179
1.60787 241.166
1.6788 152.406
1.75287 180.59
1.83021 161.543
1.91095 91.7934
1.99526 68.5326
2.08329 74.223
2.1752 371.28
2.27117 0
2.37137 448.221
2.476 0
2.58523 183.452
2.69929 35.1254
2.81838 146.977
2.94273 77.3802
3.07256 284.306
3.20812 172.486
3.34965 202.967
3.49744 153.419
3.65174 114.394
3.81285 102.78
3.98107 93.6205
4.15671 0
4.3401 144.283
4.53158 95.471
4.73151 100.323
4.94026 107.777
5.15822 0
5.3858 112.783
5.62341 184.049
5.87151 0
6.13056 172.186
6.40103 119.191
6.68344 0
6.97831 0
7.28618 0
7.60764 0
7.94328 74.9773
8.29373 55.3774
8.65964 0
9.0417 81.7109
9.44061 0
9.85712 0
10.292 0
10.7461 107.681
11.2202 0
11.7152 114.837
12.2321 103.895
12.7717 0
13.3352 304.71
13.9236 0
14.5378 57.7547
15.1792 0
15.8489 0
16.5482 117.302
17.2783 53.9075
18.0406 180.736
18.8365 105.925
19.6675 0
20.5353 0
21.4412 0
22.3872 71.0681
23.3749 0
24.4062 101.013
25.483 95.7588
26.6073 0
27.7811 47.0383
29.0068 0
30.2866 108.794
31.6228 129.821
33.0179 0
34.4747 183.176
35.9956 151.45
37.5837 176.268
39.2419 46.3224
40.9732 77.0762
42.7809 0
44.6684 0
46.6391 0
48.6968 232.067
50.8452 44.1013
53.0884 110.153
55.4307 54.1853
57.8762 0
60.4296 76.6617
63.0957 220.405
65.8795 86.9031
68.786 148.497
71.8208 44.5214
74.9894 101.786
78.2979 76.8029
81.7523 122.866
85.3591 77.4914
89.1251 0
93.0572 439.969
97.1628 84.4006
101.45 0
105.925 322.659
110.599 319.348
115.478 80.2301
120.573 67.7439
125.893 0
131.447 117.625
137.246 0
143.301 94.6264
149.624 116.337
156.225 155.781
163.117 232.915
170.314 0
177.828 14.7205
185.674 0
193.865 34.9221
202.418 0
211.349 0
220.673 109.185
230.409 0
240.575 0
251.189 0
262.271 0
273.842 0
285.924 0
298.538 0
311.709 0
325.462 0
339.821 0
354.813 99.447
370.467 0
386.812 0
403.878 0
421.697 0
440.301 0
459.727 79.1143
480.01 0
501.187 0
523.299 0
546.387 0
570.493 0
595.662 0
621.942 0
649.382 0
678.032 0
707.946 0
739.18 0
771.792 0
805.842 0
841.395 0
878.517 0
917.276 0
957.745 0
1000 0
