# First line is two numbers 
#     First value is '2', it means 'histogram mode'
#     Second value is 'Emin' of the histogram
# Other lines : 2 columns. 1) energy 2) probability (nb divided by NbEvent)
# Number of bins = 480
# Content below the first bin: 0
# Content above the last  bin: 0
# Content above the last  bin: 0
# Number of events: 209000
2 1e-06
1.04412e-06 0
1.09018e-06 0
1.13828e-06 0
1.1885e-06 0
1.24094e-06 0
1.29569e-06 0
1.35285e-06 0
1.41254e-06 0
1.47486e-06 0
1.53993e-06 0
1.60787e-06 0
1.6788e-06 0
1.75287e-06 0
1.83021e-06 0
1.91095e-06 0
1.99526e-06 0
2.08329e-06 0
2.1752e-06 0
2.27117e-06 0
2.37137e-06 0
2.476e-06 0
2.58523e-06 0
2.69929e-06 0
2.81838e-06 0
2.94273e-06 0
3.07256e-06 0
3.20812e-06 0
3.34965e-06 0
3.49744e-06 0
3.65174e-06 0
3.81285e-06 0
3.98107e-06 0
4.15671e-06 0
4.3401e-06 0
4.53158e-06 0
4.73151e-06 0
4.94026e-06 0
5.15822e-06 0
5.3858e-06 0
5.62341e-06 0
5.87151e-06 0
6.13056e-06 0
6.40103e-06 0
6.68344e-06 0
6.97831e-06 0
7.28618e-06 0
7.60764e-06 0
7.94328e-06 0
8.29373e-06 0
8.65964e-06 0
9.0417e-06 0
9.44061e-06 0
9.85712e-06 0
1.0292e-05 0
1.07461e-05 0
1.12202e-05 0
1.17152e-05 0
1.22321e-05 0
1.27717e-05 0
1.33352e-05 0
1.39236e-05 0
1.45378e-05 0
1.51792e-05 0
1.58489e-05 0
1.65482e-05 0
1.72783e-05 0
1.80406e-05 0
1.88365e-05 0
1.96675e-05 0
2.05353e-05 0
2.14412e-05 0
2.23872e-05 0
2.33749e-05 0
2.44062e-05 0
2.5483e-05 0
2.66073e-05 0
2.77811e-05 0
2.90068e-05 0
3.02866e-05 0
3.16228e-05 0
3.30179e-05 0
3.44747e-05 0
3.59956e-05 0
3.75837e-05 0
3.92419e-05 0
4.09732e-05 0
4.27809e-05 0
4.46684e-05 0
4.66391e-05 0
4.86968e-05 0
5.08452e-05 0
5.30884e-05 0
5.54307e-05 0
5.78762e-05 0
6.04296e-05 0
6.30957e-05 0
6.58795e-05 0
6.8786e-05 0
7.18208e-05 0
7.49894e-05 0
7.82979e-05 0
8.17523e-05 0
8.53591e-05 0
8.91251e-05 0
9.30572e-05 0
9.71628e-05 0
0.00010145 0
0.000105925 0
0.000110599 0
0.000115478 0
0.000120573 0
0.000125893 0
0.000131447 0
0.000137246 0
0.000143301 0
0.000149624 0
0.000156225 0
0.000163117 0
0.000170314 0
0.000177828 0
0.000185674 0
0.000193865 0
0.000202418 0
0.000211349 0
0.000220673 0
0.000230409 0
0.000240575 0
0.000251189 0
0.000262271 0
0.000273842 0
0.000285924 0
0.000298538 0
0.000311709 0
0.000325462 0
0.000339821 0
0.000354813 0
0.000370467 0
0.000386812 0
0.000403878 0
0.000421697 0
0.000440301 0
0.000459727 0
0.00048001 0
0.000501187 0
0.000523299 0
0.000546387 0
0.000570493 0
0.000595662 0
0.000621942 0
0.000649382 0
0.000678032 0
0.000707946 0
0.00073918 0
0.000771792 0
0.000805842 0
0.000841395 0
0.000878517 0
0.000917276 0
0.000957745 0
0.001 0
0.00104412 0
0.00109018 0
0.00113828 0
0.0011885 0
0.00124094 0
0.00129569 0
0.00135285 0
0.00141254 45.4962
0.00147486 114.028
0.00153993 0
0.00160787 97.9436
0.0016788 0
0.00175287 65.787
0.00183021 60.6292
0.00191095 0
0.00199526 0
0.00208329 0
0.0021752 119.696
0.00227117 0
0.00237137 118.008
0.002476 0
0.00258523 0
0.00269929 0
0.00281838 0
0.00294273 28.1884
0.00307256 0
0.00320812 0
0.00334965 40.1508
0.00349744 0
0.00365174 297.939
0.00381285 250.86
0.00398107 0
0.00415671 0
0.0043401 35.8482
0.00453158 101.585
0.00473151 192.164
0.00494026 152.436
0.00515822 0
0.0053858 174.436
0.00562341 148.548
0.00587151 64.4615
0.00613056 0
0.00640103 0
0.00668344 160.36
0.00697831 44.6565
0.00728618 20.9757
0.00760764 210.97
0.00794328 345.472
0.00829373 191.774
0.00865964 169.476
0.0090417 178.917
0.00944061 427.624
0.00985712 619.868
0.010292 685.954
0.0107461 660.153
0.0112202 433.978
0.0117152 765.849
0.0122321 1314.06
0.0127717 618.138
0.0133352 628.911
0.0139236 525.985
0.0145378 904.418
0.0151792 790.608
0.0158489 956.51
0.0165482 1014.42
0.0172783 801.501
0.0180406 1363.03
0.0188365 1652.92
0.0196675 2281.54
0.0205353 1474.98
0.0214412 1290.4
0.0223872 2253.9
0.0233749 2059.17
0.0244062 2389.08
0.025483 2454.55
0.0266073 2490.28
0.0277811 1778.85
0.0290068 2500.21
0.0302866 2724.45
0.0316228 3557.41
0.0330179 2435.87
0.0344747 3003.17
0.0359956 3599.68
0.0375837 4023.85
0.0392419 3993.93
0.0409732 3631.07
0.0427809 5471.94
0.0446684 4187.42
0.0466391 4678.09
0.0486968 5121.89
0.0508452 6178.03
0.0530884 5803.58
0.0554307 4858.56
0.0578762 6580.72
0.0604296 7952.03
0.0630957 6443.86
0.0658795 7031.63
0.068786 8606.39
0.0718208 10901.1
0.0749894 8774.7
0.0782979 9172.79
0.0817523 10041.5
0.0853591 9835.19
0.0891251 10152.5
0.0930572 11574.5
0.0971628 13296.6
0.10145 11978.8
0.105925 12266.1
0.110599 13389.5
0.115478 12798.1
0.120573 13480.8
0.125893 12411.9
0.131447 14379.8
0.137246 13838.6
0.143301 15264.2
0.149624 14916.8
0.156225 15872.6
0.163117 16499.3
0.170314 14931.3
0.177828 15011.3
0.185674 17452.6
0.193865 16709
0.202418 15712.2
0.211349 14738.6
0.220673 16061.4
0.230409 18421.6
0.240575 15970.7
0.251189 18203.4
0.262271 14949.1
0.273842 17291.4
0.285924 17916.8
0.298538 20982.6
0.311709 17664.9
0.325462 17824.2
0.339821 18173.6
0.354813 16837.1
0.370467 16878.7
0.386812 19859.5
0.403878 18708.1
0.421697 19531.8
0.440301 18345.6
0.459727 19279.8
0.48001 18992.6
0.501187 21465.2
0.523299 16263.5
0.546387 17491.2
0.570493 20536.9
0.595662 18892
0.621942 17165.5
0.649382 14980.3
0.678032 17329.3
0.707946 15708.4
0.73918 15271.6
0.771792 14897.4
0.805842 14502.7
0.841395 14540.2
0.878517 13486.7
0.917276 12935.6
0.957745 14745.1
1 11838.7
1.04412 11663.1
1.09018 12070.6
1.13828 9465.94
1.1885 9149.72
1.24094 9507.14
1.29569 7771.95
1.35285 8181.92
1.41254 7331.59
1.47486 8031.31
1.53993 6475.06
1.60787 6966.8
1.6788 6923.53
1.75287 6517.78
1.83021 4467.55
1.91095 5919.76
1.99526 5808.96
2.08329 6460.51
2.1752 5287.57
2.27117 3386.55
2.37137 4896
2.476 5063.12
2.58523 5005.74
2.69929 5113.17
2.81838 4906.42
2.94273 4864.95
3.07256 3714.71
3.20812 3581.13
3.34965 4045.35
3.49744 3901.68
3.65174 3132.08
3.81285 2959.65
3.98107 4057.88
4.15671 3697.68
4.3401 3838.11
4.53158 2803.47
4.73151 3436.2
4.94026 3390.8
5.15822 1891.94
5.3858 3334.02
5.62341 2162.82
5.87151 2654.79
6.13056 2789.51
6.40103 2109.65
6.68344 2099.28
6.97831 2403.97
7.28618 2077.62
7.60764 1842.17
7.94328 2283.87
8.29373 1357.96
8.65964 2409.12
9.0417 2145.08
9.44061 2242.64
9.85712 2484.23
10.292 1701.02
10.7461 1798.83
11.2202 1579.4
11.7152 2107.73
12.2321 1361.8
12.7717 1560.47
13.3352 2287.6
13.9236 1410.77
14.5378 1408.46
15.1792 2358.16
15.8489 2199.43
16.5482 1949.47
17.2783 1317.46
18.0406 1685.57
18.8365 1565.09
19.6675 1438.34
20.5353 1827.07
21.4412 1779.5
22.3872 2059.76
23.3749 2330.59
24.4062 2240.25
25.483 2695.25
26.6073 2387.52
27.7811 2109.13
29.0068 1041.75
30.2866 2328.41
31.6228 2592.55
33.0179 2382.21
34.4747 3389.32
35.9956 1977.99
37.5837 2461.74
39.2419 1592.83
40.9732 1543.94
42.7809 2712.64
44.6684 2140.38
46.6391 2488.91
48.6968 2556.27
50.8452 2405.07
53.0884 4118.02
55.4307 3008.98
57.8762 4048.49
60.4296 3423.68
63.0957 3084.89
65.8795 3163.21
68.786 3431.69
71.8208 2857.73
74.9894 4065.01
78.2979 3825.32
81.7523 2725.19
85.3591 3405.38
89.1251 2508.68
93.0572 4428.07
97.1628 4020.32
101.45 3369.79
105.925 3944.06
110.599 3216.28
115.478 3306.96
120.573 3974.57
125.893 3337.67
131.447 3476.01
137.246 3137.25
143.301 5078.06
149.624 3433.13
156.225 3867.71
163.117 4787.46
170.314 4336.36
177.828 4304.81
185.674 4736.17
193.865 3757.39
202.418 4279.64
211.349 4498.31
220.673 4538.33
230.409 4903.89
240.575 5910.4
251.189 3857.74
262.271 4570.16
273.842 4487.21
285.924 4474.84
298.538 5032.21
311.709 3705.11
325.462 2599.66
339.821 4444.74
354.813 3261.39
370.467 3615.01
386.812 2670.05
403.878 2058.83
421.697 2023.26
440.301 1450.89
459.727 1647.94
480.01 994.368
501.187 816.195
523.299 1000.78
546.387 542.535
570.493 179.204
595.662 357.109
621.942 493.858
649.382 275.228
678.032 304.712
707.946 85.1393
739.18 205.657
771.792 576.889
805.842 0
841.395 0
878.517 76.9046
917.276 51.5586
957.745 0
1000 0
