# First line is two numbers 
#     First value is '2', it means 'histogram mode'
#     Second value is 'Emin' of the histogram
# Other lines : 2 columns. 1) energy 2) probability (nb divided by NbEvent)
# Number of bins = 480
# Content below the first bin: 0
# Content above the last  bin: 0
# Content above the last  bin: 0
# Number of events: 209000
2 1e-06
1.04412e-06 0
1.09018e-06 0
1.13828e-06 0
1.1885e-06 0
1.24094e-06 0
1.29569e-06 0
1.35285e-06 0
1.41254e-06 0
1.47486e-06 0
1.53993e-06 0
1.60787e-06 0
1.6788e-06 0
1.75287e-06 0
1.83021e-06 0
1.91095e-06 0
1.99526e-06 0
2.08329e-06 0
2.1752e-06 0
2.27117e-06 0
2.37137e-06 0
2.476e-06 0
2.58523e-06 0
2.69929e-06 0
2.81838e-06 0
2.94273e-06 0
3.07256e-06 0
3.20812e-06 0
3.34965e-06 0
3.49744e-06 0
3.65174e-06 0
3.81285e-06 0
3.98107e-06 0
4.15671e-06 0
4.3401e-06 0
4.53158e-06 0
4.73151e-06 0
4.94026e-06 0
5.15822e-06 0
5.3858e-06 0
5.62341e-06 0
5.87151e-06 0
6.13056e-06 0
6.40103e-06 0
6.68344e-06 0
6.97831e-06 0
7.28618e-06 0
7.60764e-06 0
7.94328e-06 0
8.29373e-06 0
8.65964e-06 0
9.0417e-06 0
9.44061e-06 0
9.85712e-06 0
1.0292e-05 0
1.07461e-05 0
1.12202e-05 0
1.17152e-05 0
1.22321e-05 0
1.27717e-05 0
1.33352e-05 0
1.39236e-05 0
1.45378e-05 0
1.51792e-05 0
1.58489e-05 0
1.65482e-05 0
1.72783e-05 0
1.80406e-05 0
1.88365e-05 0
1.96675e-05 0
2.05353e-05 0
2.14412e-05 0
2.23872e-05 0
2.33749e-05 0
2.44062e-05 0
2.5483e-05 0
2.66073e-05 0
2.77811e-05 0
2.90068e-05 0
3.02866e-05 0
3.16228e-05 0
3.30179e-05 0
3.44747e-05 0
3.59956e-05 0
3.75837e-05 0
3.92419e-05 0
4.09732e-05 0
4.27809e-05 0
4.46684e-05 0
4.66391e-05 0
4.86968e-05 0
5.08452e-05 0
5.30884e-05 0
5.54307e-05 0
5.78762e-05 0
6.04296e-05 0
6.30957e-05 0
6.58795e-05 0
6.8786e-05 0
7.18208e-05 0
7.49894e-05 0
7.82979e-05 0
8.17523e-05 80.3746
8.53591e-05 0
8.91251e-05 0
9.30572e-05 0
9.71628e-05 0
0.00010145 0
0.000105925 0
0.000110599 0
0.000115478 0
0.000120573 0
0.000125893 0
0.000131447 0
0.000137246 0
0.000143301 0
0.000149624 0
0.000156225 0
0.000163117 0
0.000170314 0
0.000177828 0
0.000185674 0
0.000193865 0
0.000202418 0
0.000211349 0
0.000220673 0
0.000230409 0
0.000240575 0
0.000251189 0
0.000262271 0
0.000273842 0
0.000285924 0
0.000298538 0
0.000311709 0
0.000325462 0
0.000339821 0
0.000354813 0
0.000370467 0
0.000386812 0
0.000403878 0
0.000421697 0
0.000440301 0
0.000459727 0
0.00048001 33.7601
0.000501187 0
0.000523299 0
0.000546387 0
0.000570493 0
0.000595662 0
0.000621942 0
0.000649382 0
0.000678032 61.1293
0.000707946 0
0.00073918 103.474
0.000771792 0
0.000805842 0
0.000841395 0
0.000878517 0
0.000917276 0
0.000957745 0
0.001 0
0.00104412 0
0.00109018 107.332
0.00113828 0
0.0011885 0
0.00124094 49.6656
0.00129569 0
0.00135285 0
0.00141254 0
0.00147486 0
0.00153993 88.0383
0.00160787 0
0.0016788 0
0.00175287 0
0.00183021 0
0.00191095 0
0.00199526 75.2235
0.00208329 0
0.0021752 0
0.00227117 0
0.00237137 0
0.002476 38.5292
0.00258523 245.521
0.00269929 0
0.00281838 0
0.00294273 217.719
0.00307256 103.996
0.00320812 0
0.00334965 76.0981
0.00349744 0
0.00365174 0
0.00381285 202.425
0.00398107 0
0.00415671 139.546
0.0043401 0
0.00453158 0
0.00473151 0
0.00494026 0
0.00515822 93.8035
0.0053858 109.703
0.00562341 156.695
0.00587151 193.634
0.00613056 298.468
0.00640103 213.353
0.00668344 109.492
0.00697831 35.1334
0.00728618 328.238
0.00760764 120.814
0.00794328 160.483
0.00829373 141.525
0.00865964 543.448
0.0090417 554.251
0.00944061 298.422
0.00985712 829.109
0.010292 237.704
0.0107461 422.839
0.0112202 506.733
0.0117152 922.245
0.0122321 475.583
0.0127717 740.688
0.0133352 760.48
0.0139236 895.807
0.0145378 738.758
0.0151792 1368.46
0.0158489 1697.31
0.0165482 318.408
0.0172783 1271.81
0.0180406 1517.3
0.0188365 1429.07
0.0196675 2087.87
0.0205353 1613.61
0.0214412 1671.64
0.0223872 1740.36
0.0233749 1901.58
0.0244062 2693.98
0.025483 1399.91
0.0266073 1939.02
0.0277811 1962.09
0.0290068 3171.33
0.0302866 2193.77
0.0316228 3291.02
0.0330179 2766.48
0.0344747 3166.88
0.0359956 5052.58
0.0375837 3879.64
0.0392419 3428.06
0.0409732 3555.31
0.0427809 5059.22
0.0446684 5123.44
0.0466391 6073.78
0.0486968 5653.23
0.0508452 4942.35
0.0530884 4520.84
0.0554307 6153.93
0.0578762 5732.66
0.0604296 7521.88
0.0630957 6282.71
0.0658795 8025.92
0.068786 6858.77
0.0718208 8714.95
0.0749894 8388.11
0.0782979 9526.49
0.0817523 8811.3
0.0853591 9819.51
0.0891251 10532.2
0.0930572 9898.61
0.0971628 11537
0.10145 12841.4
0.105925 12724.3
0.110599 13024.3
0.115478 12880.5
0.120573 12975.6
0.125893 13659.5
0.131447 12927
0.137246 15866.6
0.143301 14255
0.149624 15099.8
0.156225 13332.3
0.163117 14110.9
0.170314 14476.1
0.177828 15774
0.185674 14344.1
0.193865 16477.3
0.202418 15706.4
0.211349 15575.4
0.220673 17606.3
0.230409 15049.4
0.240575 18401.8
0.251189 20307.4
0.262271 16452.4
0.273842 16563.6
0.285924 18691.4
0.298538 17972.3
0.311709 18220.4
0.325462 18611.8
0.339821 20013.2
0.354813 18297.8
0.370467 17469.3
0.386812 19375.5
0.403878 16666.6
0.421697 18343.7
0.440301 16211.2
0.459727 17144.8
0.48001 17819.2
0.501187 17660
0.523299 18284.2
0.546387 18706
0.570493 15616.8
0.595662 16769
0.621942 18454.9
0.649382 17589
0.678032 20025
0.707946 16123.4
0.73918 15734.8
0.771792 15031.5
0.805842 14130.1
0.841395 16002
0.878517 13759.8
0.917276 14274.7
0.957745 12807.6
1 12217.8
1.04412 12813.3
1.09018 11135.1
1.13828 9389.75
1.1885 7237.08
1.24094 8678.1
1.29569 8155.54
1.35285 8155.66
1.41254 8692.35
1.47486 5682.29
1.53993 8058.96
1.60787 8192.56
1.6788 7277.18
1.75287 8096.64
1.83021 6414.26
1.91095 5456.94
1.99526 6191.18
2.08329 5635.34
2.1752 5988.39
2.27117 6084.94
2.37137 6255.59
2.476 5480.83
2.58523 3670.92
2.69929 4598.59
2.81838 4061.17
2.94273 3471.51
3.07256 4513.62
3.20812 4082.33
3.34965 2491.42
3.49744 3432.21
3.65174 3480.57
3.81285 3979.62
3.98107 3618.89
4.15671 3830.17
4.3401 2192.94
4.53158 3687.26
4.73151 3160.38
4.94026 2984.43
5.15822 2208.96
5.3858 2255.52
5.62341 3293.91
5.87151 1482.69
6.13056 2206.41
6.40103 2425.41
6.68344 2171.26
6.97831 1836.22
7.28618 2801.93
7.60764 1725.01
7.94328 2647.82
8.29373 1914.27
8.65964 1739.2
9.0417 2068.96
9.44061 1876.05
9.85712 1122.51
10.292 1903.46
10.7461 1798.58
11.2202 2116.38
11.7152 1716.52
12.2321 1727.8
12.7717 1493.77
13.3352 2247.66
13.9236 2304
14.5378 1788.66
15.1792 1364.48
15.8489 1882.96
16.5482 1532
17.2783 1375.12
18.0406 2171.25
18.8365 1859.32
19.6675 1547.18
20.5353 1694.28
21.4412 2141.3
22.3872 2454.47
23.3749 1208.6
24.4062 1994.28
25.483 2109.86
26.6073 2106.98
27.7811 1096.81
29.0068 1715.2
30.2866 1848.72
31.6228 2302.75
33.0179 2781.78
34.4747 2088.44
35.9956 2178.39
37.5837 1601.32
39.2419 2306.67
40.9732 2598.04
42.7809 2412.78
44.6684 2732.27
46.6391 2210.96
48.6968 1691.48
50.8452 1822.23
53.0884 2996.94
55.4307 1597.22
57.8762 3510.68
60.4296 2310.54
63.0957 4094.47
65.8795 3449.58
68.786 3021.32
71.8208 3188.82
74.9894 2760.09
78.2979 3745.02
81.7523 3230.84
85.3591 3737.07
89.1251 3877.35
93.0572 2630.58
97.1628 3227.02
101.45 2970.45
105.925 2761.31
110.599 3697.05
115.478 3903.78
120.573 4799.58
125.893 3884.46
131.447 2163.09
137.246 5061.79
143.301 4092.55
149.624 4184.36
156.225 3249.86
163.117 3909.9
170.314 4322.76
177.828 4100.87
185.674 6066.87
193.865 4399.73
202.418 4889.51
211.349 4314.49
220.673 4095.65
230.409 4415.39
240.575 4985.62
251.189 4931.53
262.271 4851.2
273.842 4881.45
285.924 3571.62
298.538 4944.38
311.709 5133.08
325.462 4834.73
339.821 3314.48
354.813 4167.65
370.467 2716.59
386.812 2160.51
403.878 3031.77
421.697 2347.8
440.301 1961.65
459.727 1419.54
480.01 1300.65
501.187 1279.92
523.299 352.678
546.387 674.595
570.493 294.662
595.662 447.064
621.942 475.142
649.382 231.103
678.032 116.107
707.946 87.9669
739.18 94.8947
771.792 108.005
805.842 213.445
841.395 77.2916
878.517 57.8819
917.276 86.5517
957.745 0
1000 83.0069
