# First line is two numbers 
#     First value is '2', it means 'histogram mode'
#     Second value is 'Emin' of the histogram
# Other lines : 2 columns. 1) energy 2) probability (nb divided by NbEvent)
# Number of bins = 480
# Content below the first bin: 1200.22
# Content above the last  bin: 0
# Content above the last  bin: 0
# Number of events: 209000
2 1e-06
1.04412e-06 0
1.09018e-06 24.5092
1.13828e-06 0
1.1885e-06 0
1.24094e-06 0
1.29569e-06 0
1.35285e-06 0
1.41254e-06 0
1.47486e-06 0
1.53993e-06 0
1.60787e-06 0
1.6788e-06 0
1.75287e-06 26.6939
1.83021e-06 0
1.91095e-06 0
1.99526e-06 0
2.08329e-06 0
2.1752e-06 0
2.27117e-06 0
2.37137e-06 0
2.476e-06 0
2.58523e-06 0
2.69929e-06 0
2.81838e-06 0
2.94273e-06 0
3.07256e-06 0
3.20812e-06 0
3.34965e-06 0
3.49744e-06 0
3.65174e-06 0
3.81285e-06 0
3.98107e-06 0
4.15671e-06 0
4.3401e-06 0
4.53158e-06 0
4.73151e-06 0
4.94026e-06 0
5.15822e-06 0
5.3858e-06 0
5.62341e-06 0
5.87151e-06 0
6.13056e-06 0
6.40103e-06 0
6.68344e-06 0
6.97831e-06 0
7.28618e-06 0
7.60764e-06 0
7.94328e-06 0
8.29373e-06 0
8.65964e-06 0
9.0417e-06 0
9.44061e-06 0
9.85712e-06 0
1.0292e-05 0
1.07461e-05 0
1.12202e-05 0
1.17152e-05 0
1.22321e-05 0
1.27717e-05 0
1.33352e-05 0
1.39236e-05 0
1.45378e-05 0
1.51792e-05 0
1.58489e-05 0
1.65482e-05 0
1.72783e-05 0
1.80406e-05 0
1.88365e-05 0
1.96675e-05 0
2.05353e-05 0
2.14412e-05 0
2.23872e-05 0
2.33749e-05 0
2.44062e-05 0
2.5483e-05 0
2.66073e-05 0
2.77811e-05 53.8447
2.90068e-05 0
3.02866e-05 0
3.16228e-05 0
3.30179e-05 0
3.44747e-05 0
3.59956e-05 0
3.75837e-05 0
3.92419e-05 0
4.09732e-05 0
4.27809e-05 0
4.46684e-05 0
4.66391e-05 0
4.86968e-05 0
5.08452e-05 0
5.30884e-05 0
5.54307e-05 0
5.78762e-05 0
6.04296e-05 0
6.30957e-05 0
6.58795e-05 0
6.8786e-05 0
7.18208e-05 0
7.49894e-05 0
7.82979e-05 0
8.17523e-05 0
8.53591e-05 0
8.91251e-05 0
9.30572e-05 0
9.71628e-05 0
0.00010145 0
0.000105925 0
0.000110599 0
0.000115478 0
0.000120573 0
0.000125893 0
0.000131447 0
0.000137246 0
0.000143301 0
0.000149624 0
0.000156225 0
0.000163117 0
0.000170314 0
0.000177828 0
0.000185674 0
0.000193865 0
0.000202418 0
0.000211349 0
0.000220673 0
0.000230409 0
0.000240575 0
0.000251189 0
0.000262271 0
0.000273842 0
0.000285924 0
0.000298538 0
0.000311709 0
0.000325462 0
0.000339821 0
0.000354813 0
0.000370467 0
0.000386812 0
0.000403878 0
0.000421697 0
0.000440301 0
0.000459727 0
0.00048001 0
0.000501187 0
0.000523299 0
0.000546387 0
0.000570493 0
0.000595662 0
0.000621942 0
0.000649382 0
0.000678032 0
0.000707946 0
0.00073918 0
0.000771792 0
0.000805842 0
0.000841395 0
0.000878517 0
0.000917276 0
0.000957745 0
0.001 0
0.00104412 0
0.00109018 0
0.00113828 85.9881
0.0011885 0
0.00124094 0
0.00129569 0
0.00135285 0
0.00141254 0
0.00147486 0
0.00153993 0
0.00160787 0
0.0016788 0
0.00175287 55.5365
0.00183021 0
0.00191095 82.7911
0.00199526 0
0.00208329 0
0.0021752 0
0.00227117 0
0.00237137 0
0.002476 0
0.00258523 0
0.00269929 0
0.00281838 0
0.00294273 0
0.00307256 0
0.00320812 0
0.00334965 0
0.00349744 0
0.00365174 0
0.00381285 0
0.00398107 0
0.00415671 0
0.0043401 0
0.00453158 0
0.00473151 0
0.00494026 0
0.00515822 0
0.0053858 0
0.00562341 0
0.00587151 0
0.00613056 0
0.00640103 0
0.00668344 0
0.00697831 0
0.00728618 0
0.00760764 0
0.00794328 0
0.00829373 0
0.00865964 0
0.0090417 0
0.00944061 0
0.00985712 0
0.010292 0
0.0107461 0
0.0112202 0
0.0117152 84.9005
0.0122321 0
0.0127717 0
0.0133352 0
0.0139236 0
0.0145378 0
0.0151792 0
0.0158489 0
0.0165482 0
0.0172783 0
0.0180406 0
0.0188365 0
0.0196675 62.396
0.0205353 0
0.0214412 0
0.0223872 0
0.0233749 0
0.0244062 0
0.025483 0
0.0266073 0
0.0277811 0
0.0290068 0
0.0302866 0
0.0316228 0
0.0330179 0
0.0344747 0
0.0359956 0
0.0375837 0
0.0392419 0
0.0409732 0
0.0427809 0
0.0446684 93.5775
0.0466391 0
0.0486968 0
0.0508452 70.8102
0.0530884 0
0.0554307 0
0.0578762 0
0.0604296 32.3096
0.0630957 0
0.0658795 0
0.068786 0
0.0718208 0
0.0749894 0
0.0782979 59.5397
0.0817523 0
0.0853591 0
0.0891251 0
0.0930572 108.71
0.0971628 0
0.10145 0
0.105925 0
0.110599 0
0.115478 112.394
0.120573 0
0.125893 0
0.131447 0
0.137246 0
0.143301 0
0.149624 112.293
0.156225 0
0.163117 0
0.170314 74.0085
0.177828 0
0.185674 0
0.193865 0
0.202418 0
0.211349 0
0.220673 0
0.230409 116.424
0.240575 0
0.251189 219.244
0.262271 0
0.273842 0
0.285924 0
0.298538 0
0.311709 0
0.325462 0
0.339821 0
0.354813 80.007
0.370467 0
0.386812 0
0.403878 0
0.421697 100.082
0.440301 0
0.459727 71.1208
0.48001 92.7709
0.501187 0
0.523299 0
0.546387 65.4831
0.570493 38.1081
0.595662 0
0.621942 0
0.649382 50.3111
0.678032 0
0.707946 0
0.73918 0
0.771792 0
0.805842 114.226
0.841395 120.582
0.878517 0
0.917276 0
0.957745 0
1 0
1.04412 0
1.09018 0
1.13828 0
1.1885 0
1.24094 117.227
1.29569 101.121
1.35285 0
1.41254 42.3424
1.47486 77.7173
1.53993 28.5518
1.60787 0
1.6788 0
1.75287 0
1.83021 25.8918
1.91095 0
1.99526 11.6804
2.08329 87.5185
2.1752 77.1858
2.27117 149.969
2.37137 262.992
2.476 0
2.58523 72.2123
2.69929 0
2.81838 0
2.94273 109.628
3.07256 0
3.20812 0
3.34965 163.069
3.49744 89.4275
3.65174 55.4322
3.81285 58.8876
3.98107 78.661
4.15671 80.5381
4.3401 119.42
4.53158 0
4.73151 222.229
4.94026 204.353
5.15822 83.9879
5.3858 0
5.62341 0
5.87151 188.04
6.13056 155.671
6.40103 86.9558
6.68344 75.3144
6.97831 0
7.28618 0
7.60764 61.2748
7.94328 97.5714
8.29373 321.242
8.65964 56.9353
9.0417 0
9.44061 26.513
9.85712 105.111
10.292 0
10.7461 285.324
11.2202 119.771
11.7152 91.239
12.2321 306.959
12.7717 272.228
13.3352 132.635
13.9236 197.594
14.5378 188.457
15.1792 291.77
15.8489 56.9337
16.5482 66.7033
17.2783 317.355
18.0406 74.4822
18.8365 161.769
19.6675 243.081
20.5353 352.407
21.4412 0
22.3872 358.785
23.3749 116.699
24.4062 117.344
25.483 540.365
26.6073 200.914
27.7811 226.931
29.0068 616.55
30.2866 398.955
31.6228 453.826
33.0179 510.742
34.4747 1335.59
35.9956 561.361
37.5837 658.53
39.2419 309.032
40.9732 441.61
42.7809 669.821
44.6684 808.583
46.6391 676.557
48.6968 982.79
50.8452 554.679
53.0884 774.792
55.4307 698.365
57.8762 934.835
60.4296 1194.15
63.0957 1141.85
65.8795 1601.06
68.786 1009.4
71.8208 1762.15
74.9894 1597.44
78.2979 1241.1
81.7523 1527.53
85.3591 1467.04
89.1251 1854.42
93.0572 2487.08
97.1628 2616.53
101.45 2997.75
105.925 2915.46
110.599 3478.14
115.478 2676.91
120.573 2408.17
125.893 2664.47
131.447 3324.3
137.246 5103.22
143.301 3452.97
149.624 5581.35
156.225 5280.76
163.117 5837.3
170.314 6883.61
177.828 6788.27
185.674 6697.06
193.865 7261.16
202.418 8142.31
211.349 9138.26
220.673 8657.93
230.409 8321.61
240.575 9854.14
251.189 9295.23
262.271 6732.72
273.842 6690.51
285.924 5444.2
298.538 5730.39
311.709 3669.87
325.462 2971.61
339.821 2929.02
354.813 2100.9
370.467 776.091
386.812 977.831
403.878 535.682
421.697 319.455
440.301 149.577
459.727 0
480.01 297.102
501.187 332.759
523.299 174.328
546.387 0
570.493 0
595.662 114.259
621.942 0
649.382 0
678.032 0
707.946 0
739.18 0
771.792 87.281
805.842 0
841.395 0
878.517 0
917.276 0
957.745 0
1000 0
