# First line is two numbers 
#     First value is '2', it means 'histogram mode'
#     Second value is 'Emin' of the histogram
# Other lines : 2 columns. 1) energy 2) probability (nb divided by NbEvent)
# Number of bins = 480
# Content below the first bin: 577.349
# Content above the last  bin: 0
# Content above the last  bin: 0
# Number of events: 209000
2 1e-06
1.04412e-06 0
1.09018e-06 0
1.13828e-06 0
1.1885e-06 0
1.24094e-06 0
1.29569e-06 0
1.35285e-06 0
1.41254e-06 0
1.47486e-06 0
1.53993e-06 0
1.60787e-06 0
1.6788e-06 0
1.75287e-06 0
1.83021e-06 0
1.91095e-06 0
1.99526e-06 0
2.08329e-06 0
2.1752e-06 0
2.27117e-06 0
2.37137e-06 0
2.476e-06 0
2.58523e-06 0
2.69929e-06 0
2.81838e-06 0
2.94273e-06 0
3.07256e-06 0
3.20812e-06 0
3.34965e-06 0
3.49744e-06 194.886
3.65174e-06 0
3.81285e-06 0
3.98107e-06 0
4.15671e-06 0
4.3401e-06 0
4.53158e-06 0
4.73151e-06 0
4.94026e-06 0
5.15822e-06 0
5.3858e-06 0
5.62341e-06 0
5.87151e-06 0
6.13056e-06 0
6.40103e-06 0
6.68344e-06 0
6.97831e-06 0
7.28618e-06 0
7.60764e-06 0
7.94328e-06 0
8.29373e-06 0
8.65964e-06 0
9.0417e-06 0
9.44061e-06 0
9.85712e-06 0
1.0292e-05 0
1.07461e-05 0
1.12202e-05 0
1.17152e-05 0
1.22321e-05 0
1.27717e-05 0
1.33352e-05 0
1.39236e-05 0
1.45378e-05 0
1.51792e-05 0
1.58489e-05 0
1.65482e-05 0
1.72783e-05 0
1.80406e-05 0
1.88365e-05 0
1.96675e-05 0
2.05353e-05 0
2.14412e-05 0
2.23872e-05 0
2.33749e-05 0
2.44062e-05 0
2.5483e-05 0
2.66073e-05 0
2.77811e-05 0
2.90068e-05 0
3.02866e-05 0
3.16228e-05 0
3.30179e-05 0
3.44747e-05 0
3.59956e-05 0
3.75837e-05 0
3.92419e-05 0
4.09732e-05 0
4.27809e-05 0
4.46684e-05 0
4.66391e-05 0
4.86968e-05 0
5.08452e-05 0
5.30884e-05 0
5.54307e-05 0
5.78762e-05 0
6.04296e-05 0
6.30957e-05 0
6.58795e-05 0
6.8786e-05 0
7.18208e-05 0
7.49894e-05 0
7.82979e-05 0
8.17523e-05 0
8.53591e-05 0
8.91251e-05 0
9.30572e-05 0
9.71628e-05 0
0.00010145 0
0.000105925 0
0.000110599 0
0.000115478 0
0.000120573 0
0.000125893 0
0.000131447 0
0.000137246 0
0.000143301 0
0.000149624 0
0.000156225 0
0.000163117 0
0.000170314 0
0.000177828 0
0.000185674 0
0.000193865 0
0.000202418 0
0.000211349 0
0.000220673 105.576
0.000230409 0
0.000240575 0
0.000251189 0
0.000262271 0
0.000273842 0
0.000285924 0
0.000298538 0
0.000311709 0
0.000325462 0
0.000339821 0
0.000354813 0
0.000370467 0
0.000386812 0
0.000403878 0
0.000421697 0
0.000440301 0
0.000459727 0
0.00048001 0
0.000501187 0
0.000523299 0
0.000546387 37.4539
0.000570493 0
0.000595662 0
0.000621942 0
0.000649382 0
0.000678032 0
0.000707946 0
0.00073918 0
0.000771792 0
0.000805842 0
0.000841395 0
0.000878517 0
0.000917276 0
0.000957745 0
0.001 0
0.00104412 0
0.00109018 0
0.00113828 0
0.0011885 0
0.00124094 0
0.00129569 0
0.00135285 0
0.00141254 0
0.00147486 0
0.00153993 0
0.00160787 0
0.0016788 0
0.00175287 0
0.00183021 0
0.00191095 0
0.00199526 0
0.00208329 0
0.0021752 0
0.00227117 0
0.00237137 0
0.002476 0
0.00258523 0
0.00269929 0
0.00281838 0
0.00294273 0
0.00307256 0
0.00320812 58.4871
0.00334965 0
0.00349744 0
0.00365174 0
0.00381285 0
0.00398107 0
0.00415671 0
0.0043401 16.9182
0.00453158 0
0.00473151 0
0.00494026 0
0.00515822 0
0.0053858 0
0.00562341 0
0.00587151 0
0.00613056 0
0.00640103 0
0.00668344 0
0.00697831 0
0.00728618 0
0.00760764 0
0.00794328 0
0.00829373 0
0.00865964 0
0.0090417 0
0.00944061 0
0.00985712 0
0.010292 0
0.0107461 0
0.0112202 0
0.0117152 0
0.0122321 0
0.0127717 0
0.0133352 0
0.0139236 0
0.0145378 0
0.0151792 0
0.0158489 0
0.0165482 0
0.0172783 0
0.0180406 0
0.0188365 0
0.0196675 0
0.0205353 0
0.0214412 0
0.0223872 0
0.0233749 0
0.0244062 83.7377
0.025483 102.15
0.0266073 0
0.0277811 0
0.0290068 0
0.0302866 0
0.0316228 0
0.0330179 85.386
0.0344747 39.6238
0.0359956 55.0596
0.0375837 0
0.0392419 0
0.0409732 0
0.0427809 110.903
0.0446684 0
0.0466391 0
0.0486968 0
0.0508452 51.0368
0.0530884 0
0.0554307 0
0.0578762 0
0.0604296 0
0.0630957 0
0.0658795 0
0.068786 64.619
0.0718208 0
0.0749894 0
0.0782979 0
0.0817523 0
0.0853591 0
0.0891251 0
0.0930572 0
0.0971628 0
0.10145 0
0.105925 0
0.110599 0
0.115478 53.494
0.120573 152.652
0.125893 0
0.131447 0
0.137246 0
0.143301 0
0.149624 0
0.156225 148.999
0.163117 0
0.170314 0
0.177828 0
0.185674 0
0.193865 0
0.202418 0
0.211349 105.539
0.220673 0
0.230409 0
0.240575 0
0.251189 0
0.262271 0
0.273842 0
0.285924 0
0.298538 181.559
0.311709 0
0.325462 0
0.339821 60.4173
0.354813 0
0.370467 0
0.386812 0
0.403878 70.7234
0.421697 0
0.440301 0
0.459727 43.442
0.48001 0
0.501187 0
0.523299 0
0.546387 81.9357
0.570493 118.027
0.595662 85.0199
0.621942 0
0.649382 0
0.678032 36.6741
0.707946 0
0.73918 92.3135
0.771792 74.7311
0.805842 125.353
0.841395 54.8732
0.878517 0
0.917276 53.2412
0.957745 79.6024
1 0
1.04412 0
1.09018 114.379
1.13828 25.8426
1.1885 0
1.24094 77.8125
1.29569 166.867
1.35285 0
1.41254 70.1438
1.47486 255.732
1.53993 0
1.60787 0
1.6788 72.1005
1.75287 0
1.83021 38.4524
1.91095 76.0526
1.99526 0
2.08329 0
2.1752 88.3553
2.27117 0
2.37137 0
2.476 0
2.58523 86.7286
2.69929 54.5983
2.81838 198.154
2.94273 0
3.07256 93.0521
3.20812 51.5769
3.34965 0
3.49744 195.573
3.65174 98.2973
3.81285 86.1106
3.98107 106.201
4.15671 0
4.3401 227.232
4.53158 0
4.73151 237.77
4.94026 101.876
5.15822 118.219
5.3858 196.081
5.62341 86.6631
5.87151 0
6.13056 0
6.40103 207.537
6.68344 47.4265
6.97831 250.733
7.28618 83.1347
7.60764 213.247
7.94328 0
8.29373 61.7885
8.65964 0
9.0417 228.757
9.44061 0
9.85712 22.449
10.292 177.379
10.7461 118.899
11.2202 108.987
11.7152 53.2022
12.2321 103.278
12.7717 298.813
13.3352 183.389
13.9236 93.907
14.5378 728.311
15.1792 66.2417
15.8489 408.401
16.5482 27.7939
17.2783 262.073
18.0406 0
18.8365 0
19.6675 351.062
20.5353 186.056
21.4412 190.742
22.3872 624.527
23.3749 326.639
24.4062 341.204
25.483 178.367
26.6073 294.238
27.7811 281.188
29.0068 217.756
30.2866 572.995
31.6228 272.742
33.0179 413.486
34.4747 249.278
35.9956 240.54
37.5837 702.645
39.2419 641.949
40.9732 330.011
42.7809 595.746
44.6684 1068.39
46.6391 787.687
48.6968 654.34
50.8452 1028.07
53.0884 480.133
55.4307 904.256
57.8762 1134.12
60.4296 1271.91
63.0957 1312.83
65.8795 1595.38
68.786 1509.23
71.8208 1135.32
74.9894 1551.13
78.2979 1585.33
81.7523 1881.53
85.3591 1653.19
89.1251 1184.55
93.0572 2237.33
97.1628 1479.48
101.45 2909.59
105.925 2941.54
110.599 3504.52
115.478 2908.39
120.573 3381.22
125.893 4177.82
131.447 4428.68
137.246 4055.57
143.301 5613.04
149.624 3855.44
156.225 4098.76
163.117 5331.49
170.314 6959.32
177.828 7347.41
185.674 6543.37
193.865 7716.84
202.418 9645.32
211.349 8050.31
220.673 8201.36
230.409 10784.8
240.575 8641.55
251.189 7896.93
262.271 9204.41
273.842 6814.94
285.924 6355.3
298.538 5057.35
311.709 4515.82
325.462 2853.74
339.821 3141.39
354.813 2122.97
370.467 1299.55
386.812 1060.94
403.878 480.385
421.697 322.076
440.301 215.215
459.727 584.759
480.01 302.862
501.187 74.0561
523.299 286.371
546.387 50.3044
570.493 67.8215
595.662 0
621.942 0
649.382 0
678.032 0
707.946 0
739.18 0
771.792 0
805.842 0
841.395 0
878.517 0
917.276 0
957.745 0
1000 0
