# First line is two numbers 
#     First value is '2', it means 'histogram mode'
#     Second value is 'Emin' of the histogram
# Other lines : 2 columns. 1) energy 2) probability (nb divided by NbEvent)
# Number of bins = 480
# Content below the first bin: 0
# Content above the last  bin: 0
# Content above the last  bin: 0
# Number of events: 209000
2 1e-06
1.04412e-06 0
1.09018e-06 0
1.13828e-06 0
1.1885e-06 0
1.24094e-06 0
1.29569e-06 0
1.35285e-06 0
1.41254e-06 0
1.47486e-06 0
1.53993e-06 0
1.60787e-06 0
1.6788e-06 0
1.75287e-06 0
1.83021e-06 0
1.91095e-06 0
1.99526e-06 0
2.08329e-06 0
2.1752e-06 0
2.27117e-06 0
2.37137e-06 0
2.476e-06 0
2.58523e-06 0
2.69929e-06 0
2.81838e-06 0
2.94273e-06 0
3.07256e-06 0
3.20812e-06 0
3.34965e-06 0
3.49744e-06 0
3.65174e-06 0
3.81285e-06 0
3.98107e-06 0
4.15671e-06 0
4.3401e-06 0
4.53158e-06 0
4.73151e-06 0
4.94026e-06 0
5.15822e-06 0
5.3858e-06 0
5.62341e-06 0
5.87151e-06 0
6.13056e-06 0
6.40103e-06 0
6.68344e-06 0
6.97831e-06 0
7.28618e-06 0
7.60764e-06 0
7.94328e-06 0
8.29373e-06 0
8.65964e-06 0
9.0417e-06 0
9.44061e-06 0
9.85712e-06 0
1.0292e-05 0
1.07461e-05 0
1.12202e-05 0
1.17152e-05 0
1.22321e-05 0
1.27717e-05 0
1.33352e-05 0
1.39236e-05 0
1.45378e-05 0
1.51792e-05 0
1.58489e-05 0
1.65482e-05 0
1.72783e-05 0
1.80406e-05 0
1.88365e-05 0
1.96675e-05 0
2.05353e-05 0
2.14412e-05 0
2.23872e-05 0
2.33749e-05 0
2.44062e-05 0
2.5483e-05 0
2.66073e-05 0
2.77811e-05 0
2.90068e-05 0
3.02866e-05 0
3.16228e-05 0
3.30179e-05 0
3.44747e-05 0
3.59956e-05 0
3.75837e-05 0
3.92419e-05 0
4.09732e-05 0
4.27809e-05 0
4.46684e-05 0
4.66391e-05 0
4.86968e-05 0
5.08452e-05 0
5.30884e-05 0
5.54307e-05 0
5.78762e-05 0
6.04296e-05 0
6.30957e-05 0
6.58795e-05 0
6.8786e-05 0
7.18208e-05 0
7.49894e-05 0
7.82979e-05 0
8.17523e-05 0
8.53591e-05 0
8.91251e-05 0
9.30572e-05 0
9.71628e-05 0
0.00010145 0
0.000105925 0
0.000110599 0
0.000115478 0
0.000120573 0
0.000125893 0
0.000131447 0
0.000137246 0
0.000143301 0
0.000149624 0
0.000156225 0
0.000163117 0
0.000170314 0
0.000177828 0
0.000185674 0
0.000193865 0
0.000202418 0
0.000211349 0
0.000220673 0
0.000230409 0
0.000240575 0
0.000251189 0
0.000262271 0
0.000273842 0
0.000285924 0
0.000298538 0
0.000311709 0
0.000325462 0
0.000339821 0
0.000354813 0
0.000370467 0
0.000386812 0
0.000403878 0
0.000421697 0
0.000440301 0
0.000459727 0
0.00048001 0
0.000501187 0
0.000523299 0
0.000546387 0
0.000570493 0
0.000595662 0
0.000621942 0
0.000649382 0
0.000678032 0
0.000707946 0
0.00073918 0
0.000771792 0
0.000805842 0
0.000841395 0
0.000878517 0
0.000917276 0
0.000957745 0
0.001 0
0.00104412 0
0.00109018 0
0.00113828 0
0.0011885 0
0.00124094 0
0.00129569 0
0.00135285 0
0.00141254 0
0.00147486 0
0.00153993 0
0.00160787 0
0.0016788 0
0.00175287 0
0.00183021 0
0.00191095 0
0.00199526 0
0.00208329 0
0.0021752 0
0.00227117 0
0.00237137 0
0.002476 0
0.00258523 0
0.00269929 0
0.00281838 0
0.00294273 0
0.00307256 0
0.00320812 0
0.00334965 0
0.00349744 0
0.00365174 0
0.00381285 0
0.00398107 0
0.00415671 63.4927
0.0043401 0
0.00453158 0
0.00473151 0
0.00494026 0
0.00515822 0
0.0053858 0
0.00562341 0
0.00587151 0
0.00613056 0
0.00640103 117.401
0.00668344 0
0.00697831 0
0.00728618 0
0.00760764 0
0.00794328 0
0.00829373 0
0.00865964 0
0.0090417 0
0.00944061 0
0.00985712 0
0.010292 79.7237
0.0107461 0
0.0112202 0
0.0117152 97.5299
0.0122321 0
0.0127717 0
0.0133352 0
0.0139236 115.296
0.0145378 0
0.0151792 0
0.0158489 51.3712
0.0165482 0
0.0172783 0
0.0180406 112.167
0.0188365 122.004
0.0196675 210.034
0.0205353 202.79
0.0214412 0
0.0223872 208.462
0.0233749 94.201
0.0244062 0
0.025483 220.624
0.0266073 17.9076
0.0277811 0
0.0290068 230.777
0.0302866 209.919
0.0316228 322.754
0.0330179 326.834
0.0344747 114.018
0.0359956 56.5798
0.0375837 357.385
0.0392419 339.88
0.0409732 478.944
0.0427809 131.225
0.0446684 501.906
0.0466391 355.119
0.0486968 315.717
0.0508452 219.138
0.0530884 346.313
0.0554307 255.77
0.0578762 427.979
0.0604296 428.08
0.0630957 395.614
0.0658795 516.022
0.068786 821.296
0.0718208 416.178
0.0749894 789.287
0.0782979 285.974
0.0817523 494.791
0.0853591 299.679
0.0891251 1101.4
0.0930572 1140.09
0.0971628 1088.6
0.10145 539.876
0.105925 685.454
0.110599 827.836
0.115478 943.223
0.120573 1281.71
0.125893 1475.32
0.131447 1499.38
0.137246 1393.9
0.143301 1408.55
0.149624 1115.23
0.156225 1397.45
0.163117 1566.75
0.170314 1429.03
0.177828 1960.86
0.185674 1501.18
0.193865 2328.31
0.202418 1594.67
0.211349 907.025
0.220673 2108.06
0.230409 1767.75
0.240575 1899.55
0.251189 1783.02
0.262271 1274.76
0.273842 1867.84
0.285924 1591.89
0.298538 3250.23
0.311709 2589.05
0.325462 1897.85
0.339821 1966.85
0.354813 2583.69
0.370467 2345.16
0.386812 1857.8
0.403878 2296.82
0.421697 2197.82
0.440301 1898.33
0.459727 2088.45
0.48001 1910.08
0.501187 1849.35
0.523299 2368.1
0.546387 2033.18
0.570493 2311.54
0.595662 2418.23
0.621942 2344.98
0.649382 3295.99
0.678032 2041.41
0.707946 1692.2
0.73918 1574.21
0.771792 2210.22
0.805842 1902.87
0.841395 1879.98
0.878517 2535.77
0.917276 1690.53
0.957745 1958.18
1 1961.98
1.04412 2757.33
1.09018 1556.35
1.13828 1181.19
1.1885 1436.43
1.24094 1833.67
1.29569 1511.28
1.35285 1561.8
1.41254 1314.86
1.47486 1649.65
1.53993 1388.79
1.60787 1840.45
1.6788 1638.41
1.75287 1275.29
1.83021 1203.72
1.91095 1020.4
1.99526 1011.43
2.08329 1171.52
2.1752 1380.34
2.27117 850.206
2.37137 1366.61
2.476 999.447
2.58523 924.245
2.69929 988.023
2.81838 1047.73
2.94273 476.485
3.07256 1043.69
3.20812 793.734
3.34965 508.536
3.49744 1063.81
3.65174 698.81
3.81285 526.189
3.98107 524.236
4.15671 789.904
4.3401 1136.33
4.53158 432.6
4.73151 670.891
4.94026 760.202
5.15822 510.019
5.3858 627.705
5.62341 493.071
5.87151 408.669
6.13056 402.813
6.40103 564.897
6.68344 441.688
6.97831 678.584
7.28618 178.419
7.60764 770.407
7.94328 460.386
8.29373 355.809
8.65964 137.79
9.0417 583.04
9.44061 421.725
9.85712 1445.51
10.292 444.385
10.7461 667.646
11.2202 322.477
11.7152 600.192
12.2321 423.216
12.7717 319.529
13.3352 687.728
13.9236 470.736
14.5378 665.8
15.1792 513.591
15.8489 136.722
16.5482 441.368
17.2783 216.338
18.0406 890.927
18.8365 498.413
19.6675 404.579
20.5353 262.62
21.4412 411.277
22.3872 640.125
23.3749 589.553
24.4062 114.856
25.483 657.097
26.6073 851.57
27.7811 470.535
29.0068 277.365
30.2866 604.601
31.6228 696.372
33.0179 486.756
34.4747 387.47
35.9956 466.214
37.5837 219.592
39.2419 776.386
40.9732 543.023
42.7809 998.694
44.6684 903.239
46.6391 1070.29
48.6968 777.186
50.8452 845.293
53.0884 670.573
55.4307 493.573
57.8762 833.337
60.4296 1326.21
63.0957 810.437
65.8795 1237.61
68.786 1202.23
71.8208 934.338
74.9894 745.338
78.2979 488.916
81.7523 793.278
85.3591 948.556
89.1251 1016.15
93.0572 811.957
97.1628 637.219
101.45 1208.14
105.925 1450.23
110.599 1049.04
115.478 1425.3
120.573 884.891
125.893 1537.06
131.447 1793.02
137.246 1405.12
143.301 1135.75
149.624 1126.37
156.225 1900.16
163.117 1528.46
170.314 2023.86
177.828 1653.78
185.674 2410.69
193.865 1327.27
202.418 1545.13
211.349 1791.24
220.673 1715.15
230.409 2908.82
240.575 3256.28
251.189 3190.33
262.271 2967.57
273.842 3672.31
285.924 3577.08
298.538 4111.67
311.709 5513.69
325.462 5739.11
339.821 6742.64
354.813 5773.43
370.467 6506.11
386.812 6365.1
403.878 7015.71
421.697 4098.34
440.301 4271.38
459.727 2632.86
480.01 2184.91
501.187 1615.3
523.299 997.877
546.387 1078.98
570.493 762.225
595.662 472.518
621.942 227.638
649.382 153.833
678.032 204.699
707.946 93.3713
739.18 114.911
771.792 0
805.842 404.746
841.395 0
878.517 174.442
917.276 0
957.745 0
1000 0
