# First line is two numbers 
#     First value is '2', it means 'histogram mode'
#     Second value is 'Emin' of the histogram
# Other lines : 2 columns. 1) energy 2) probability (nb divided by NbEvent)
# Number of bins = 480
# Content below the first bin: 0
# Content above the last  bin: 0
# Content above the last  bin: 0
# Number of events: 209000
2 1e-06
1.04412e-06 0
1.09018e-06 0
1.13828e-06 0
1.1885e-06 0
1.24094e-06 0
1.29569e-06 0
1.35285e-06 0
1.41254e-06 0
1.47486e-06 0
1.53993e-06 0
1.60787e-06 0
1.6788e-06 0
1.75287e-06 0
1.83021e-06 0
1.91095e-06 0
1.99526e-06 0
2.08329e-06 0
2.1752e-06 0
2.27117e-06 0
2.37137e-06 0
2.476e-06 0
2.58523e-06 0
2.69929e-06 0
2.81838e-06 0
2.94273e-06 0
3.07256e-06 0
3.20812e-06 0
3.34965e-06 0
3.49744e-06 0
3.65174e-06 0
3.81285e-06 0
3.98107e-06 0
4.15671e-06 0
4.3401e-06 0
4.53158e-06 0
4.73151e-06 0
4.94026e-06 0
5.15822e-06 0
5.3858e-06 0
5.62341e-06 0
5.87151e-06 0
6.13056e-06 0
6.40103e-06 0
6.68344e-06 0
6.97831e-06 0
7.28618e-06 0
7.60764e-06 0
7.94328e-06 0
8.29373e-06 0
8.65964e-06 0
9.0417e-06 0
9.44061e-06 0
9.85712e-06 0
1.0292e-05 0
1.07461e-05 0
1.12202e-05 0
1.17152e-05 0
1.22321e-05 0
1.27717e-05 0
1.33352e-05 0
1.39236e-05 0
1.45378e-05 0
1.51792e-05 0
1.58489e-05 0
1.65482e-05 0
1.72783e-05 0
1.80406e-05 0
1.88365e-05 0
1.96675e-05 0
2.05353e-05 0
2.14412e-05 0
2.23872e-05 0
2.33749e-05 0
2.44062e-05 0
2.5483e-05 0
2.66073e-05 0
2.77811e-05 0
2.90068e-05 0
3.02866e-05 0
3.16228e-05 0
3.30179e-05 0
3.44747e-05 0
3.59956e-05 0
3.75837e-05 0
3.92419e-05 0
4.09732e-05 0
4.27809e-05 0
4.46684e-05 0
4.66391e-05 0
4.86968e-05 0
5.08452e-05 0
5.30884e-05 0
5.54307e-05 0
5.78762e-05 0
6.04296e-05 0
6.30957e-05 0
6.58795e-05 0
6.8786e-05 0
7.18208e-05 0
7.49894e-05 0
7.82979e-05 0
8.17523e-05 0
8.53591e-05 0
8.91251e-05 0
9.30572e-05 0
9.71628e-05 0
0.00010145 0
0.000105925 0
0.000110599 0
0.000115478 0
0.000120573 0
0.000125893 0
0.000131447 0
0.000137246 0
0.000143301 0
0.000149624 0
0.000156225 0
0.000163117 0
0.000170314 0
0.000177828 0
0.000185674 0
0.000193865 0
0.000202418 0
0.000211349 0
0.000220673 0
0.000230409 0
0.000240575 0
0.000251189 0
0.000262271 0
0.000273842 0
0.000285924 0
0.000298538 0
0.000311709 0
0.000325462 0
0.000339821 0
0.000354813 0
0.000370467 0
0.000386812 0
0.000403878 0
0.000421697 0
0.000440301 0
0.000459727 0
0.00048001 0
0.000501187 0
0.000523299 0
0.000546387 0
0.000570493 0
0.000595662 0
0.000621942 0
0.000649382 0
0.000678032 0
0.000707946 0
0.00073918 0
0.000771792 0
0.000805842 0
0.000841395 56.9213
0.000878517 0
0.000917276 0
0.000957745 0
0.001 0
0.00104412 0
0.00109018 0
0.00113828 0
0.0011885 0
0.00124094 0
0.00129569 0
0.00135285 0
0.00141254 0
0.00147486 0
0.00153993 0
0.00160787 0
0.0016788 0
0.00175287 0
0.00183021 0
0.00191095 0
0.00199526 0
0.00208329 0
0.0021752 0
0.00227117 0
0.00237137 0
0.002476 0
0.00258523 0
0.00269929 0
0.00281838 0
0.00294273 0
0.00307256 0
0.00320812 0
0.00334965 0
0.00349744 107.634
0.00365174 0
0.00381285 0
0.00398107 0
0.00415671 0
0.0043401 0
0.00453158 0
0.00473151 0
0.00494026 0
0.00515822 0
0.0053858 85.5092
0.00562341 97.8929
0.00587151 150.937
0.00613056 0
0.00640103 0
0.00668344 112.244
0.00697831 181.042
0.00728618 0
0.00760764 82.9099
0.00794328 0
0.00829373 0
0.00865964 0
0.0090417 44.3972
0.00944061 0
0.00985712 135.723
0.010292 135.011
0.0107461 75.1663
0.0112202 102.609
0.0117152 0
0.0122321 138.693
0.0127717 0
0.0133352 0
0.0139236 0
0.0145378 157.169
0.0151792 88.5699
0.0158489 0
0.0165482 49.3888
0.0172783 0
0.0180406 172.701
0.0188365 0
0.0196675 170.904
0.0205353 100.79
0.0214412 37.471
0.0223872 0
0.0233749 105.284
0.0244062 158.35
0.025483 116.622
0.0266073 145.316
0.0277811 272.164
0.0290068 308.842
0.0302866 191.418
0.0316228 402.15
0.0330179 268.927
0.0344747 87.6652
0.0359956 55.8957
0.0375837 326.633
0.0392419 812.269
0.0409732 157.786
0.0427809 302.031
0.0446684 300.174
0.0466391 269.447
0.0486968 283.238
0.0508452 490.759
0.0530884 303.507
0.0554307 348.201
0.0578762 352.518
0.0604296 314.011
0.0630957 383.75
0.0658795 582.764
0.068786 214.297
0.0718208 607.928
0.0749894 327.287
0.0782979 788.274
0.0817523 607.85
0.0853591 960.581
0.0891251 650.683
0.0930572 825.987
0.0971628 859.684
0.10145 1119.63
0.105925 720.197
0.110599 1105.95
0.115478 948.546
0.120573 1070.53
0.125893 1089.86
0.131447 1425.95
0.137246 1177.53
0.143301 1462.08
0.149624 1425.26
0.156225 1919.6
0.163117 1010.23
0.170314 632.717
0.177828 1599.79
0.185674 1500.05
0.193865 890.786
0.202418 1623.03
0.211349 1432.6
0.220673 1628.17
0.230409 1515.05
0.240575 1313.22
0.251189 1793.33
0.262271 1962.93
0.273842 1988.84
0.285924 2205.13
0.298538 2020.58
0.311709 2404.49
0.325462 2159.85
0.339821 1716.96
0.354813 1839.4
0.370467 1626.74
0.386812 2204.75
0.403878 2043.59
0.421697 2248.57
0.440301 2518.65
0.459727 1777.59
0.48001 2531.01
0.501187 1936.6
0.523299 2284.33
0.546387 2368.09
0.570493 2349.44
0.595662 2731.15
0.621942 3429.91
0.649382 2904.37
0.678032 2238.93
0.707946 2159.73
0.73918 2687.43
0.771792 2749.29
0.805842 1676.59
0.841395 2104.41
0.878517 1315.19
0.917276 2970.17
0.957745 2075.99
1 2550.35
1.04412 1691.47
1.09018 1410.27
1.13828 1425.61
1.1885 1289.47
1.24094 1555.27
1.29569 1095.51
1.35285 1095.54
1.41254 1712.57
1.47486 1165.75
1.53993 856.796
1.60787 1500.69
1.6788 1400.14
1.75287 1371.02
1.83021 756.179
1.91095 904.399
1.99526 900.544
2.08329 1339.81
2.1752 1030
2.27117 931.623
2.37137 972.369
2.476 768.154
2.58523 1024.82
2.69929 1087.67
2.81838 949.053
2.94273 585.522
3.07256 886.832
3.20812 800.601
3.34965 917.679
3.49744 937.104
3.65174 524.296
3.81285 1019.95
3.98107 206.556
4.15671 705.079
4.3401 713.596
4.53158 942.118
4.73151 674.129
4.94026 782.22
5.15822 721.143
5.3858 418.042
5.62341 495.669
5.87151 538.536
6.13056 676.464
6.40103 893.111
6.68344 853.894
6.97831 326.511
7.28618 188.796
7.60764 604.273
7.94328 554.265
8.29373 859.902
8.65964 284.965
9.0417 169.009
9.44061 431.927
9.85712 253.505
10.292 845.972
10.7461 741.641
11.2202 687.405
11.7152 245.353
12.2321 913.646
12.7717 334.247
13.3352 490.961
13.9236 832.075
14.5378 565.667
15.1792 308.006
15.8489 562.886
16.5482 166.965
17.2783 311.049
18.0406 359.412
18.8365 332.247
19.6675 469.725
20.5353 301.812
21.4412 548.322
22.3872 446.135
23.3749 390.37
24.4062 509.133
25.483 543.962
26.6073 495.204
27.7811 221.265
29.0068 822.723
30.2866 615.464
31.6228 831.232
33.0179 743.758
34.4747 568.766
35.9956 758.539
37.5837 670.517
39.2419 573.429
40.9732 633.783
42.7809 1106.91
44.6684 663.263
46.6391 1118.1
48.6968 770.072
50.8452 513.347
53.0884 1380.45
55.4307 679.28
57.8762 930.809
60.4296 496.158
63.0957 646.247
65.8795 874.791
68.786 721.808
71.8208 839.044
74.9894 552.096
78.2979 844.444
81.7523 1179.39
85.3591 1286.53
89.1251 848.758
93.0572 1472.42
97.1628 1123.19
101.45 752.02
105.925 861.015
110.599 1437.55
115.478 1267.91
120.573 666.688
125.893 1470.32
131.447 968.924
137.246 1875.82
143.301 1614.52
149.624 1419.74
156.225 1722.92
163.117 1613.43
170.314 1117.69
177.828 2624.52
185.674 2418.96
193.865 1598.04
202.418 2030.97
211.349 1624.74
220.673 2766.02
230.409 2580.75
240.575 2534.24
251.189 2827.8
262.271 3565.88
273.842 3351.51
285.924 3400.82
298.538 5682.53
311.709 4764.31
325.462 4930.19
339.821 6477.41
354.813 6405.83
370.467 6828.74
386.812 6267.39
403.878 5610.44
421.697 4545.18
440.301 3628.16
459.727 2594.94
480.01 2516.21
501.187 1511.82
523.299 1111.94
546.387 750.176
570.493 246.248
595.662 301.985
621.942 605.383
649.382 324.612
678.032 40.7759
707.946 77.2461
739.18 145.524
771.792 112.023
805.842 168.856
841.395 228.407
878.517 0
917.276 0
957.745 52.8253
1000 66.91
