# First line is two numbers 
#     First value is '2', it means 'histogram mode'
#     Second value is 'Emin' of the histogram
# Other lines : 2 columns. 1) energy 2) probability (nb divided by NbEvent)
# Number of bins = 480
# Content below the first bin: 0
# Content above the last  bin: 95.505
# Content above the last  bin: 95.505
# Number of events: 209000
2 1e-06
1.04412e-06 0
1.09018e-06 0
1.13828e-06 0
1.1885e-06 0
1.24094e-06 0
1.29569e-06 0
1.35285e-06 0
1.41254e-06 0
1.47486e-06 0
1.53993e-06 0
1.60787e-06 0
1.6788e-06 0
1.75287e-06 0
1.83021e-06 0
1.91095e-06 0
1.99526e-06 0
2.08329e-06 0
2.1752e-06 0
2.27117e-06 0
2.37137e-06 0
2.476e-06 0
2.58523e-06 0
2.69929e-06 0
2.81838e-06 0
2.94273e-06 0
3.07256e-06 0
3.20812e-06 0
3.34965e-06 0
3.49744e-06 0
3.65174e-06 0
3.81285e-06 0
3.98107e-06 0
4.15671e-06 0
4.3401e-06 0
4.53158e-06 0
4.73151e-06 0
4.94026e-06 0
5.15822e-06 0
5.3858e-06 0
5.62341e-06 0
5.87151e-06 0
6.13056e-06 0
6.40103e-06 0
6.68344e-06 0
6.97831e-06 0
7.28618e-06 0
7.60764e-06 0
7.94328e-06 0
8.29373e-06 0
8.65964e-06 0
9.0417e-06 0
9.44061e-06 0
9.85712e-06 0
1.0292e-05 0
1.07461e-05 0
1.12202e-05 0
1.17152e-05 0
1.22321e-05 0
1.27717e-05 0
1.33352e-05 0
1.39236e-05 0
1.45378e-05 0
1.51792e-05 0
1.58489e-05 0
1.65482e-05 0
1.72783e-05 0
1.80406e-05 0
1.88365e-05 0
1.96675e-05 0
2.05353e-05 0
2.14412e-05 0
2.23872e-05 0
2.33749e-05 0
2.44062e-05 0
2.5483e-05 0
2.66073e-05 0
2.77811e-05 0
2.90068e-05 0
3.02866e-05 0
3.16228e-05 0
3.30179e-05 0
3.44747e-05 0
3.59956e-05 0
3.75837e-05 0
3.92419e-05 0
4.09732e-05 0
4.27809e-05 0
4.46684e-05 0
4.66391e-05 0
4.86968e-05 0
5.08452e-05 0
5.30884e-05 0
5.54307e-05 0
5.78762e-05 0
6.04296e-05 0
6.30957e-05 0
6.58795e-05 0
6.8786e-05 0
7.18208e-05 0
7.49894e-05 0
7.82979e-05 0
8.17523e-05 0
8.53591e-05 0
8.91251e-05 0
9.30572e-05 0
9.71628e-05 0
0.00010145 0
0.000105925 0
0.000110599 0
0.000115478 0
0.000120573 0
0.000125893 0
0.000131447 0
0.000137246 0
0.000143301 0
0.000149624 0
0.000156225 0
0.000163117 0
0.000170314 0
0.000177828 0
0.000185674 0
0.000193865 0
0.000202418 0
0.000211349 0
0.000220673 0
0.000230409 0
0.000240575 0
0.000251189 0
0.000262271 0
0.000273842 0
0.000285924 0
0.000298538 0
0.000311709 0
0.000325462 0
0.000339821 0
0.000354813 0
0.000370467 0
0.000386812 0
0.000403878 0
0.000421697 0
0.000440301 0
0.000459727 0
0.00048001 0
0.000501187 0
0.000523299 0
0.000546387 0
0.000570493 0
0.000595662 0
0.000621942 0
0.000649382 0
0.000678032 0
0.000707946 0
0.00073918 0
0.000771792 0
0.000805842 0
0.000841395 0
0.000878517 0
0.000917276 0
0.000957745 0
0.001 0
0.00104412 0
0.00109018 0
0.00113828 0
0.0011885 0
0.00124094 0
0.00129569 0
0.00135285 0
0.00141254 0
0.00147486 0
0.00153993 0
0.00160787 0
0.0016788 0
0.00175287 85.0035
0.00183021 0
0.00191095 0
0.00199526 0
0.00208329 0
0.0021752 0
0.00227117 0
0.00237137 0
0.002476 0
0.00258523 0
0.00269929 0
0.00281838 0
0.00294273 0
0.00307256 0
0.00320812 0
0.00334965 0
0.00349744 0
0.00365174 0
0.00381285 0
0.00398107 0
0.00415671 0
0.0043401 93.0647
0.00453158 0
0.00473151 0
0.00494026 0
0.00515822 97.4062
0.0053858 0
0.00562341 0
0.00587151 0
0.00613056 0
0.00640103 0
0.00668344 0
0.00697831 0
0.00728618 0
0.00760764 0
0.00794328 41.9068
0.00829373 0
0.00865964 58.9457
0.0090417 0
0.00944061 0
0.00985712 0
0.010292 0
0.0107461 0
0.0112202 32.4752
0.0117152 0
0.0122321 46.0111
0.0127717 0
0.0133352 0
0.0139236 0
0.0145378 0
0.0151792 0
0.0158489 37.235
0.0165482 162.658
0.0172783 107.136
0.0180406 110.536
0.0188365 0
0.0196675 0
0.0205353 106.838
0.0214412 337.753
0.0223872 0
0.0233749 383.419
0.0244062 90.5409
0.025483 0
0.0266073 120.863
0.0277811 38.5503
0.0290068 216.423
0.0302866 558.323
0.0316228 256.312
0.0330179 340.376
0.0344747 292.505
0.0359956 366.414
0.0375837 213.688
0.0392419 312.336
0.0409732 92.5709
0.0427809 868.461
0.0446684 245.484
0.0466391 396.641
0.0486968 441.652
0.0508452 709.524
0.0530884 190.27
0.0554307 686.831
0.0578762 326.743
0.0604296 659.603
0.0630957 601.842
0.0658795 814.965
0.068786 576.298
0.0718208 905.779
0.0749894 516.404
0.0782979 1042.61
0.0817523 480.041
0.0853591 928.878
0.0891251 1285.47
0.0930572 941.092
0.0971628 904.638
0.10145 622.594
0.105925 1265.12
0.110599 832.02
0.115478 948.488
0.120573 1036.81
0.125893 1485.46
0.131447 1319.2
0.137246 566.776
0.143301 1084.99
0.149624 1382.16
0.156225 1419.46
0.163117 1662.78
0.170314 1119.52
0.177828 2133.27
0.185674 1248.44
0.193865 1570.57
0.202418 1572.74
0.211349 2202.55
0.220673 1896.36
0.230409 1982.01
0.240575 1960.33
0.251189 2029.67
0.262271 1161.89
0.273842 2624.23
0.285924 2081.94
0.298538 679.144
0.311709 2399.32
0.325462 1447.32
0.339821 2702.63
0.354813 1708.18
0.370467 2904.46
0.386812 2227.67
0.403878 2473.71
0.421697 1829.34
0.440301 1971.12
0.459727 2369.12
0.48001 2438.1
0.501187 2139.91
0.523299 1758.97
0.546387 2586.73
0.570493 2360.59
0.595662 2486.76
0.621942 2763.79
0.649382 2383.89
0.678032 3262.49
0.707946 2516.25
0.73918 1760.5
0.771792 1688.19
0.805842 2383.37
0.841395 2765.46
0.878517 2780.96
0.917276 1879.31
0.957745 1828.09
1 1629.56
1.04412 1959.25
1.09018 1644.13
1.13828 1973.13
1.1885 1213.94
1.24094 1947.86
1.29569 895.217
1.35285 1413.33
1.41254 2120.82
1.47486 1260.95
1.53993 743.537
1.60787 1043.56
1.6788 1147.27
1.75287 1391.49
1.83021 1203.55
1.91095 1002.46
1.99526 988.745
2.08329 1160.96
2.1752 841.012
2.27117 1687.71
2.37137 699.515
2.476 1258.56
2.58523 1057.76
2.69929 1215.8
2.81838 1141.97
2.94273 885.889
3.07256 628.415
3.20812 529.072
3.34965 1371.11
3.49744 1143.03
3.65174 1003.88
3.81285 980.344
3.98107 1108.4
4.15671 778.115
4.3401 536.444
4.53158 495.707
4.73151 802.464
4.94026 451.849
5.15822 961.484
5.3858 638.78
5.62341 941.659
5.87151 862.751
6.13056 443.286
6.40103 1063.79
6.68344 639.929
6.97831 67.2403
7.28618 567.213
7.60764 282.773
7.94328 536.077
8.29373 334.289
8.65964 601.64
9.0417 521.447
9.44061 146.003
9.85712 510.429
10.292 659.608
10.7461 457.055
11.2202 251.119
11.7152 324.691
12.2321 168.665
12.7717 736.622
13.3352 509.071
13.9236 279.575
14.5378 803.706
15.1792 350.209
15.8489 205.056
16.5482 806.069
17.2783 379.752
18.0406 749.8
18.8365 513.566
19.6675 180.297
20.5353 490.688
21.4412 400.162
22.3872 327.942
23.3749 571.874
24.4062 640.326
25.483 320.878
26.6073 307.005
27.7811 410.337
29.0068 865.929
30.2866 552.662
31.6228 573.453
33.0179 401.202
34.4747 908.224
35.9956 683.323
37.5837 340.727
39.2419 525.24
40.9732 965.061
42.7809 631.257
44.6684 853.075
46.6391 1242.57
48.6968 571.265
50.8452 978.952
53.0884 449.066
55.4307 447.12
57.8762 857.155
60.4296 173.4
63.0957 934.127
65.8795 947.681
68.786 1110.29
71.8208 854.875
74.9894 867.498
78.2979 615.656
81.7523 1082.32
85.3591 443.607
89.1251 1090.04
93.0572 958.429
97.1628 1088.64
101.45 868.265
105.925 992.166
110.599 876.991
115.478 1237.92
120.573 871.944
125.893 1998.54
131.447 1420.82
137.246 635.086
143.301 1132.89
149.624 1567.03
156.225 1593.26
163.117 1708.04
170.314 1255.1
177.828 1594.82
185.674 1886.08
193.865 2316.66
202.418 2896.01
211.349 1523.81
220.673 2189.12
230.409 2745.29
240.575 2897.25
251.189 3221
262.271 4450.14
273.842 4645.69
285.924 4742.69
298.538 5134.6
311.709 4441.41
325.462 6166.72
339.821 6186.99
354.813 6670.69
370.467 6804.21
386.812 5368.88
403.878 6182.06
421.697 4804.71
440.301 3724.88
459.727 2023.96
480.01 1503.48
501.187 1931.87
523.299 1578.35
546.387 439.342
570.493 468.55
595.662 428.221
621.942 307.36
649.382 318.084
678.032 219.053
707.946 341.977
739.18 130.514
771.792 84.8525
805.842 193.023
841.395 94.8139
878.517 86.1557
917.276 0
957.745 64.7437
1000 0
