# First line is two numbers 
#     First value is '2', it means 'histogram mode'
#     Second value is 'Emin' of the histogram
# Other lines : 2 columns. 1) energy 2) probability (nb divided by NbEvent)
# Number of bins = 480
# Content below the first bin: 0
# Content above the last  bin: 0
# Content above the last  bin: 0
# Number of events: 209000
2 1e-06
1.04412e-06 0
1.09018e-06 0
1.13828e-06 0
1.1885e-06 0
1.24094e-06 0
1.29569e-06 0
1.35285e-06 0
1.41254e-06 0
1.47486e-06 0
1.53993e-06 0
1.60787e-06 0
1.6788e-06 0
1.75287e-06 0
1.83021e-06 0
1.91095e-06 0
1.99526e-06 0
2.08329e-06 0
2.1752e-06 0
2.27117e-06 0
2.37137e-06 0
2.476e-06 0
2.58523e-06 0
2.69929e-06 0
2.81838e-06 0
2.94273e-06 0
3.07256e-06 0
3.20812e-06 0
3.34965e-06 0
3.49744e-06 0
3.65174e-06 0
3.81285e-06 0
3.98107e-06 0
4.15671e-06 0
4.3401e-06 0
4.53158e-06 0
4.73151e-06 0
4.94026e-06 0
5.15822e-06 0
5.3858e-06 0
5.62341e-06 0
5.87151e-06 0
6.13056e-06 0
6.40103e-06 0
6.68344e-06 0
6.97831e-06 0
7.28618e-06 0
7.60764e-06 0
7.94328e-06 0
8.29373e-06 0
8.65964e-06 0
9.0417e-06 0
9.44061e-06 0
9.85712e-06 0
1.0292e-05 0
1.07461e-05 0
1.12202e-05 0
1.17152e-05 0
1.22321e-05 0
1.27717e-05 0
1.33352e-05 0
1.39236e-05 0
1.45378e-05 0
1.51792e-05 0
1.58489e-05 0
1.65482e-05 0
1.72783e-05 0
1.80406e-05 0
1.88365e-05 0
1.96675e-05 0
2.05353e-05 0
2.14412e-05 0
2.23872e-05 0
2.33749e-05 0
2.44062e-05 0
2.5483e-05 0
2.66073e-05 0
2.77811e-05 0
2.90068e-05 0
3.02866e-05 0
3.16228e-05 0
3.30179e-05 0
3.44747e-05 0
3.59956e-05 0
3.75837e-05 0
3.92419e-05 0
4.09732e-05 0
4.27809e-05 0
4.46684e-05 0
4.66391e-05 0
4.86968e-05 0
5.08452e-05 0
5.30884e-05 0
5.54307e-05 0
5.78762e-05 0
6.04296e-05 0
6.30957e-05 0
6.58795e-05 0
6.8786e-05 0
7.18208e-05 0
7.49894e-05 0
7.82979e-05 0
8.17523e-05 0
8.53591e-05 0
8.91251e-05 0
9.30572e-05 0
9.71628e-05 0
0.00010145 0
0.000105925 0
0.000110599 0
0.000115478 0
0.000120573 0
0.000125893 0
0.000131447 0
0.000137246 0
0.000143301 0
0.000149624 0
0.000156225 0
0.000163117 0
0.000170314 0
0.000177828 0
0.000185674 0
0.000193865 0
0.000202418 0
0.000211349 0
0.000220673 0
0.000230409 0
0.000240575 0
0.000251189 0
0.000262271 0
0.000273842 0
0.000285924 0
0.000298538 0
0.000311709 0
0.000325462 0
0.000339821 0
0.000354813 0
0.000370467 0
0.000386812 0
0.000403878 0
0.000421697 0
0.000440301 0
0.000459727 0
0.00048001 0
0.000501187 0
0.000523299 0
0.000546387 0
0.000570493 0
0.000595662 0
0.000621942 0
0.000649382 0
0.000678032 0
0.000707946 0
0.00073918 93.8853
0.000771792 0
0.000805842 0
0.000841395 0
0.000878517 0
0.000917276 0
0.000957745 0
0.001 0
0.00104412 0
0.00109018 0
0.00113828 0
0.0011885 0
0.00124094 0
0.00129569 0
0.00135285 0
0.00141254 0
0.00147486 0
0.00153993 0
0.00160787 0
0.0016788 0
0.00175287 0
0.00183021 0
0.00191095 0
0.00199526 0
0.00208329 0
0.0021752 0
0.00227117 0
0.00237137 111.478
0.002476 243.945
0.00258523 0
0.00269929 0
0.00281838 0
0.00294273 0
0.00307256 0
0.00320812 91.7282
0.00334965 0
0.00349744 0
0.00365174 102.68
0.00381285 0
0.00398107 0
0.00415671 0
0.0043401 0
0.00453158 85.623
0.00473151 119.674
0.00494026 0
0.00515822 93.2814
0.0053858 0
0.00562341 70.5523
0.00587151 160.194
0.00613056 0
0.00640103 311.11
0.00668344 0
0.00697831 163.076
0.00728618 18.8551
0.00760764 111.355
0.00794328 277.424
0.00829373 0
0.00865964 100.368
0.0090417 62.2952
0.00944061 0
0.00985712 331.398
0.010292 162.899
0.0107461 169.396
0.0112202 33.5473
0.0117152 48.9918
0.0122321 216.102
0.0127717 213.205
0.0133352 338.217
0.0139236 83.7661
0.0145378 252.714
0.0151792 456.955
0.0158489 440.024
0.0165482 715.609
0.0172783 275.105
0.0180406 497.652
0.0188365 314.449
0.0196675 688.081
0.0205353 215.904
0.0214412 674.535
0.0223872 904.59
0.0233749 735.992
0.0244062 828.856
0.025483 597.566
0.0266073 591.172
0.0277811 1141.84
0.0290068 856.054
0.0302866 1322.58
0.0316228 2092.61
0.0330179 1494.19
0.0344747 1273.89
0.0359956 1070.11
0.0375837 1184.9
0.0392419 1348.73
0.0409732 2104.15
0.0427809 1736.23
0.0446684 2792.95
0.0466391 2611.6
0.0486968 2619.44
0.0508452 2006.52
0.0530884 3011.09
0.0554307 3255.84
0.0578762 2397.25
0.0604296 2640.94
0.0630957 2731.72
0.0658795 3894.4
0.068786 3324.55
0.0718208 4329.76
0.0749894 3033.14
0.0782979 4214.69
0.0817523 3644.12
0.0853591 4761.02
0.0891251 5344.85
0.0930572 4065.31
0.0971628 6735.05
0.10145 4687.93
0.105925 6311.82
0.110599 6071
0.115478 6113.61
0.120573 5252.52
0.125893 5606.07
0.131447 4903.54
0.137246 5032.29
0.143301 5415.68
0.149624 6506.32
0.156225 5341.45
0.163117 5303.54
0.170314 8013.46
0.177828 6652.64
0.185674 6655.28
0.193865 6148.42
0.202418 6710.81
0.211349 6442.9
0.220673 7378.12
0.230409 7177.37
0.240575 8121.31
0.251189 9418.72
0.262271 6670.25
0.273842 8055.06
0.285924 8166.77
0.298538 6902.94
0.311709 7653.08
0.325462 7513.63
0.339821 8611.06
0.354813 8899
0.370467 9422.84
0.386812 9062.58
0.403878 8193.68
0.421697 8660.95
0.440301 8477.5
0.459727 8887.89
0.48001 7402.98
0.501187 9113.28
0.523299 9483.99
0.546387 8115.19
0.570493 8379.43
0.595662 6467.58
0.621942 8142.03
0.649382 7814.51
0.678032 7812.08
0.707946 7753.76
0.73918 6430.92
0.771792 8581.03
0.805842 6332.02
0.841395 6023.09
0.878517 6665.37
0.917276 5288.86
0.957745 5317.94
1 5944.54
1.04412 5039.12
1.09018 4762.03
1.13828 4679.8
1.1885 5627.25
1.24094 3709.99
1.29569 4060.59
1.35285 3084.81
1.41254 3263.24
1.47486 2741.23
1.53993 3477.68
1.60787 2939.16
1.6788 2350.09
1.75287 2663.26
1.83021 2354.16
1.91095 2602.63
1.99526 3685.21
2.08329 1748.81
2.1752 2131.37
2.27117 2755.85
2.37137 2709.24
2.476 2531.81
2.58523 2232.53
2.69929 1830.58
2.81838 2133.42
2.94273 2626.65
3.07256 1434.5
3.20812 2238.33
3.34965 1490.25
3.49744 1682.65
3.65174 1149.91
3.81285 1172.47
3.98107 1573.97
4.15671 2088.84
4.3401 1808.52
4.53158 1009.62
4.73151 1461.27
4.94026 1128.01
5.15822 1389
5.3858 1793.5
5.62341 1228.12
5.87151 1228.57
6.13056 1373.37
6.40103 960.3
6.68344 1069.43
6.97831 773.869
7.28618 1469.44
7.60764 1340.72
7.94328 1122.02
8.29373 1767.57
8.65964 942.416
9.0417 915.221
9.44061 642.207
9.85712 1015.31
10.292 853.082
10.7461 526.725
11.2202 907.909
11.7152 1037.97
12.2321 442.643
12.7717 882.958
13.3352 556.404
13.9236 1099.88
14.5378 848.552
15.1792 672.775
15.8489 639.665
16.5482 339.025
17.2783 789.875
18.0406 949.75
18.8365 582.161
19.6675 1055.6
20.5353 785.966
21.4412 974.094
22.3872 918.416
23.3749 846.962
24.4062 1329.33
25.483 1133
26.6073 623.272
27.7811 1024.96
29.0068 487.719
30.2866 1008.5
31.6228 1212.92
33.0179 1041.09
34.4747 1039.12
35.9956 573.408
37.5837 1903.17
39.2419 1049.19
40.9732 732.331
42.7809 1014.89
44.6684 1013.02
46.6391 832.034
48.6968 1260.04
50.8452 1529.07
53.0884 1192.83
55.4307 1334.89
57.8762 975.356
60.4296 607.586
63.0957 1211.91
65.8795 1375.05
68.786 1569.08
71.8208 1289.12
74.9894 1075.72
78.2979 1963.59
81.7523 1013.09
85.3591 961.551
89.1251 1044.21
93.0572 2684.75
97.1628 1231.52
101.45 1080.93
105.925 2172.26
110.599 2171.37
115.478 1839.46
120.573 1817.11
125.893 1577.02
131.447 2554.28
137.246 1883.93
143.301 2460.99
149.624 1423.82
156.225 1606.96
163.117 1730.29
170.314 2186.69
177.828 1606.34
185.674 2506.18
193.865 1307.27
202.418 2224.15
211.349 2511.93
220.673 2019.37
230.409 2376.17
240.575 2729.6
251.189 2248.3
262.271 2031.53
273.842 2093.68
285.924 1629.78
298.538 1886.54
311.709 1967.58
325.462 1522.63
339.821 2534.28
354.813 2016.92
370.467 1758.99
386.812 1691.84
403.878 1589.95
421.697 1382.75
440.301 705.976
459.727 857.44
480.01 732.913
501.187 730.66
523.299 337.957
546.387 227.572
570.493 572.333
595.662 170.832
621.942 169.819
649.382 110.621
678.032 290.545
707.946 79.5491
739.18 369.78
771.792 30.9668
805.842 49.7495
841.395 169.754
878.517 64.028
917.276 0
957.745 0
1000 26.8733
