# First line is two numbers 
#     First value is '2', it means 'histogram mode'
#     Second value is 'Emin' of the histogram
# Other lines : 2 columns. 1) energy 2) probability (nb divided by NbEvent)
# Number of bins = 480
# Content below the first bin: 0
# Content above the last  bin: 0
# Content above the last  bin: 0
# Number of events: 209000
2 1e-06
1.04412e-06 0
1.09018e-06 0
1.13828e-06 0
1.1885e-06 0
1.24094e-06 0
1.29569e-06 0
1.35285e-06 0
1.41254e-06 0
1.47486e-06 0
1.53993e-06 0
1.60787e-06 0
1.6788e-06 0
1.75287e-06 0
1.83021e-06 0
1.91095e-06 0
1.99526e-06 0
2.08329e-06 0
2.1752e-06 0
2.27117e-06 0
2.37137e-06 0
2.476e-06 0
2.58523e-06 0
2.69929e-06 0
2.81838e-06 0
2.94273e-06 0
3.07256e-06 0
3.20812e-06 0
3.34965e-06 0
3.49744e-06 0
3.65174e-06 0
3.81285e-06 0
3.98107e-06 0
4.15671e-06 0
4.3401e-06 0
4.53158e-06 0
4.73151e-06 0
4.94026e-06 0
5.15822e-06 0
5.3858e-06 0
5.62341e-06 0
5.87151e-06 0
6.13056e-06 0
6.40103e-06 0
6.68344e-06 0
6.97831e-06 0
7.28618e-06 0
7.60764e-06 0
7.94328e-06 0
8.29373e-06 0
8.65964e-06 0
9.0417e-06 0
9.44061e-06 0
9.85712e-06 0
1.0292e-05 0
1.07461e-05 0
1.12202e-05 0
1.17152e-05 0
1.22321e-05 0
1.27717e-05 0
1.33352e-05 0
1.39236e-05 0
1.45378e-05 0
1.51792e-05 0
1.58489e-05 0
1.65482e-05 0
1.72783e-05 0
1.80406e-05 0
1.88365e-05 0
1.96675e-05 0
2.05353e-05 0
2.14412e-05 0
2.23872e-05 0
2.33749e-05 0
2.44062e-05 0
2.5483e-05 0
2.66073e-05 0
2.77811e-05 0
2.90068e-05 0
3.02866e-05 0
3.16228e-05 0
3.30179e-05 0
3.44747e-05 0
3.59956e-05 0
3.75837e-05 0
3.92419e-05 0
4.09732e-05 0
4.27809e-05 0
4.46684e-05 0
4.66391e-05 0
4.86968e-05 0
5.08452e-05 0
5.30884e-05 0
5.54307e-05 0
5.78762e-05 0
6.04296e-05 0
6.30957e-05 0
6.58795e-05 0
6.8786e-05 0
7.18208e-05 0
7.49894e-05 0
7.82979e-05 0
8.17523e-05 0
8.53591e-05 0
8.91251e-05 0
9.30572e-05 0
9.71628e-05 0
0.00010145 0
0.000105925 0
0.000110599 0
0.000115478 0
0.000120573 0
0.000125893 0
0.000131447 0
0.000137246 0
0.000143301 0
0.000149624 0
0.000156225 0
0.000163117 0
0.000170314 0
0.000177828 0
0.000185674 0
0.000193865 0
0.000202418 0
0.000211349 0
0.000220673 0
0.000230409 0
0.000240575 0
0.000251189 0
0.000262271 0
0.000273842 0
0.000285924 0
0.000298538 0
0.000311709 0
0.000325462 0
0.000339821 0
0.000354813 0
0.000370467 0
0.000386812 0
0.000403878 52.756
0.000421697 0
0.000440301 0
0.000459727 0
0.00048001 0
0.000501187 0
0.000523299 0
0.000546387 0
0.000570493 0
0.000595662 0
0.000621942 0
0.000649382 0
0.000678032 0
0.000707946 0
0.00073918 0
0.000771792 83.992
0.000805842 0
0.000841395 0
0.000878517 0
0.000917276 0
0.000957745 0
0.001 0
0.00104412 0
0.00109018 0
0.00113828 0
0.0011885 0
0.00124094 0
0.00129569 0
0.00135285 109.654
0.00141254 0
0.00147486 0
0.00153993 0
0.00160787 0
0.0016788 0
0.00175287 0
0.00183021 96.0327
0.00191095 0
0.00199526 0
0.00208329 0
0.0021752 0
0.00227117 91.2424
0.00237137 0
0.002476 0
0.00258523 0
0.00269929 0
0.00281838 177.631
0.00294273 0
0.00307256 0
0.00320812 67.1069
0.00334965 0
0.00349744 0
0.00365174 0
0.00381285 0
0.00398107 0
0.00415671 0
0.0043401 0
0.00453158 0
0.00473151 0
0.00494026 60.6916
0.00515822 3.35049
0.0053858 12.2466
0.00562341 100.237
0.00587151 93.2694
0.00613056 168.97
0.00640103 0
0.00668344 0
0.00697831 90.3743
0.00728618 135.911
0.00760764 69.9136
0.00794328 251.728
0.00829373 208.736
0.00865964 97.5092
0.0090417 210.595
0.00944061 106.033
0.00985712 86.7817
0.010292 67.5808
0.0107461 228.778
0.0112202 0
0.0117152 328.581
0.0122321 236.147
0.0127717 416.397
0.0133352 255.563
0.0139236 154.751
0.0145378 315.8
0.0151792 204.573
0.0158489 442.171
0.0165482 629.686
0.0172783 753.917
0.0180406 560.527
0.0188365 676.093
0.0196675 1089.83
0.0205353 678.348
0.0214412 589.333
0.0223872 1082.44
0.0233749 670.565
0.0244062 526.73
0.025483 873.469
0.0266073 983.144
0.0277811 1003.14
0.0290068 1007.8
0.0302866 582.618
0.0316228 1262.59
0.0330179 1212.69
0.0344747 602.734
0.0359956 1721.87
0.0375837 1579.93
0.0392419 1358.37
0.0409732 2095.03
0.0427809 2090.61
0.0446684 1346.18
0.0466391 2094.59
0.0486968 2640.12
0.0508452 1459.01
0.0530884 2168.73
0.0554307 2257.8
0.0578762 3286.22
0.0604296 3011.92
0.0630957 2733.84
0.0658795 2579.71
0.068786 2351.12
0.0718208 4602.56
0.0749894 3281.97
0.0782979 4347.08
0.0817523 4110.78
0.0853591 4490.77
0.0891251 5497.14
0.0930572 4328.94
0.0971628 3651.86
0.10145 4440.07
0.105925 5084.61
0.110599 5612.61
0.115478 6069.13
0.120573 5330.49
0.125893 6078.62
0.131447 6791.94
0.137246 5611.52
0.143301 5492.43
0.149624 5406.14
0.156225 6212.31
0.163117 5389.09
0.170314 7221.23
0.177828 6813.26
0.185674 6971.22
0.193865 7904.06
0.202418 6720.36
0.211349 5575.67
0.220673 6202.49
0.230409 6508.42
0.240575 7222.73
0.251189 7634.05
0.262271 7183.82
0.273842 7585.53
0.285924 8092.67
0.298538 7882.9
0.311709 7681.5
0.325462 7744.9
0.339821 8056.38
0.354813 6854.8
0.370467 8047.84
0.386812 8588.6
0.403878 7552.45
0.421697 7425.88
0.440301 7572.88
0.459727 7505.04
0.48001 8446.62
0.501187 7429.19
0.523299 6948.1
0.546387 8071.5
0.570493 7921.22
0.595662 7640.15
0.621942 7777.96
0.649382 7294.58
0.678032 7565.78
0.707946 7364.27
0.73918 7665.58
0.771792 6644.52
0.805842 6757.28
0.841395 5204.68
0.878517 5688.05
0.917276 6153.62
0.957745 5437.08
1 4923.56
1.04412 6123.32
1.09018 6022.15
1.13828 4518.54
1.1885 4547.89
1.24094 3866.94
1.29569 3281.62
1.35285 4835.82
1.41254 2809.58
1.47486 3574.59
1.53993 2763.44
1.60787 2433.51
1.6788 2948.67
1.75287 1895.68
1.83021 1699.85
1.91095 2711.14
1.99526 2141.5
2.08329 2616.97
2.1752 2283.14
2.27117 2080.79
2.37137 2449.69
2.476 2304.42
2.58523 1867.49
2.69929 1856.59
2.81838 2282.63
2.94273 1353.9
3.07256 1832.3
3.20812 1583.24
3.34965 2048.55
3.49744 1634.47
3.65174 1205.1
3.81285 1634.51
3.98107 2597.05
4.15671 1655.8
4.3401 2177.64
4.53158 1311.59
4.73151 1390.75
4.94026 1289.74
5.15822 1461.94
5.3858 718.939
5.62341 1586.02
5.87151 1948.37
6.13056 2108.49
6.40103 1205.41
6.68344 953.67
6.97831 450.962
7.28618 1180.89
7.60764 479.312
7.94328 659.632
8.29373 786.626
8.65964 1011.4
9.0417 1365.46
9.44061 569.765
9.85712 663.537
10.292 1235.9
10.7461 726.792
11.2202 784.738
11.7152 302.672
12.2321 857.307
12.7717 412.936
13.3352 732.711
13.9236 1221.36
14.5378 345.344
15.1792 851.197
15.8489 748.494
16.5482 518.479
17.2783 923.562
18.0406 813.18
18.8365 748.734
19.6675 299.345
20.5353 891.73
21.4412 622.475
22.3872 1217.98
23.3749 464.665
24.4062 967.473
25.483 1242.36
26.6073 1116.15
27.7811 300.909
29.0068 808
30.2866 1069.24
31.6228 934.2
33.0179 1034.89
34.4747 1042.68
35.9956 1281.24
37.5837 931.321
39.2419 1023.73
40.9732 848.674
42.7809 1338.19
44.6684 808.918
46.6391 422.277
48.6968 1433.42
50.8452 1096.92
53.0884 1148.94
55.4307 1667.63
57.8762 1464.75
60.4296 1558.04
63.0957 1865.76
65.8795 1920.83
68.786 1545.66
71.8208 1523.47
74.9894 894.424
78.2979 777.419
81.7523 1093.02
85.3591 1708.57
89.1251 2150.69
93.0572 1353.66
97.1628 1378.76
101.45 870.653
105.925 1133.55
110.599 1660.75
115.478 1229.62
120.573 1530.89
125.893 1785.58
131.447 1136.82
137.246 1303.62
143.301 1608.08
149.624 1904.15
156.225 1358.79
163.117 1854.95
170.314 1498.93
177.828 1916.57
185.674 2250.67
193.865 2344.91
202.418 2628.67
211.349 2585
220.673 2475.82
230.409 1511.3
240.575 2291.15
251.189 1853.47
262.271 1499.06
273.842 2116.96
285.924 1759.28
298.538 2784.07
311.709 2311.42
325.462 1872.78
339.821 2166.57
354.813 1308.95
370.467 1977.83
386.812 1860.26
403.878 1204.92
421.697 819.773
440.301 439.054
459.727 1033.45
480.01 357.394
501.187 800.232
523.299 479.054
546.387 504.742
570.493 196.841
595.662 73.3876
621.942 2.22872
649.382 181.174
678.032 355.834
707.946 40.6928
739.18 109.272
771.792 0
805.842 0
841.395 0
878.517 18.1463
917.276 0
957.745 0
1000 0
