# First line is two numbers 
#     First value is '2', it means 'histogram mode'
#     Second value is 'Emin' of the histogram
# Other lines : 2 columns. 1) energy 2) probability (nb divided by NbEvent)
# Number of bins = 480
# Content below the first bin: 0
# Content above the last  bin: 0
# Content above the last  bin: 0
# Number of events: 209000
2 1e-06
1.04412e-06 0
1.09018e-06 0
1.13828e-06 0
1.1885e-06 0
1.24094e-06 0
1.29569e-06 0
1.35285e-06 0
1.41254e-06 0
1.47486e-06 0
1.53993e-06 0
1.60787e-06 0
1.6788e-06 0
1.75287e-06 0
1.83021e-06 0
1.91095e-06 0
1.99526e-06 0
2.08329e-06 0
2.1752e-06 0
2.27117e-06 0
2.37137e-06 0
2.476e-06 0
2.58523e-06 0
2.69929e-06 0
2.81838e-06 0
2.94273e-06 0
3.07256e-06 0
3.20812e-06 0
3.34965e-06 0
3.49744e-06 0
3.65174e-06 0
3.81285e-06 0
3.98107e-06 0
4.15671e-06 0
4.3401e-06 0
4.53158e-06 0
4.73151e-06 0
4.94026e-06 0
5.15822e-06 0
5.3858e-06 0
5.62341e-06 0
5.87151e-06 0
6.13056e-06 0
6.40103e-06 0
6.68344e-06 0
6.97831e-06 0
7.28618e-06 0
7.60764e-06 0
7.94328e-06 0
8.29373e-06 0
8.65964e-06 0
9.0417e-06 0
9.44061e-06 0
9.85712e-06 0
1.0292e-05 0
1.07461e-05 0
1.12202e-05 0
1.17152e-05 0
1.22321e-05 0
1.27717e-05 0
1.33352e-05 0
1.39236e-05 0
1.45378e-05 0
1.51792e-05 0
1.58489e-05 0
1.65482e-05 0
1.72783e-05 0
1.80406e-05 0
1.88365e-05 0
1.96675e-05 0
2.05353e-05 0
2.14412e-05 0
2.23872e-05 0
2.33749e-05 0
2.44062e-05 0
2.5483e-05 0
2.66073e-05 0
2.77811e-05 0
2.90068e-05 0
3.02866e-05 0
3.16228e-05 0
3.30179e-05 0
3.44747e-05 0
3.59956e-05 0
3.75837e-05 0
3.92419e-05 0
4.09732e-05 0
4.27809e-05 0
4.46684e-05 0
4.66391e-05 0
4.86968e-05 0
5.08452e-05 0
5.30884e-05 0
5.54307e-05 0
5.78762e-05 0
6.04296e-05 0
6.30957e-05 0
6.58795e-05 0
6.8786e-05 0
7.18208e-05 0
7.49894e-05 0
7.82979e-05 0
8.17523e-05 0
8.53591e-05 0
8.91251e-05 0
9.30572e-05 0
9.71628e-05 0
0.00010145 0
0.000105925 0
0.000110599 0
0.000115478 0
0.000120573 0
0.000125893 0
0.000131447 0
0.000137246 0
0.000143301 0
0.000149624 0
0.000156225 0
0.000163117 0
0.000170314 0
0.000177828 0
0.000185674 0
0.000193865 0
0.000202418 0
0.000211349 0
0.000220673 0
0.000230409 0
0.000240575 0
0.000251189 0
0.000262271 0
0.000273842 0
0.000285924 0
0.000298538 0
0.000311709 0
0.000325462 0
0.000339821 0
0.000354813 0
0.000370467 0
0.000386812 0
0.000403878 0
0.000421697 0
0.000440301 0
0.000459727 0
0.00048001 0
0.000501187 0
0.000523299 0
0.000546387 0
0.000570493 0
0.000595662 0
0.000621942 0
0.000649382 101.98
0.000678032 0
0.000707946 0
0.00073918 0
0.000771792 0
0.000805842 0
0.000841395 0
0.000878517 0
0.000917276 0
0.000957745 0
0.001 0
0.00104412 0
0.00109018 0
0.00113828 0
0.0011885 0
0.00124094 0
0.00129569 0
0.00135285 0
0.00141254 0
0.00147486 0
0.00153993 0
0.00160787 95.8636
0.0016788 0
0.00175287 0
0.00183021 0
0.00191095 0
0.00199526 89.7531
0.00208329 0
0.0021752 0
0.00227117 0
0.00237137 0
0.002476 0
0.00258523 0
0.00269929 49.2447
0.00281838 0
0.00294273 0
0.00307256 0
0.00320812 0
0.00334965 0
0.00349744 0
0.00365174 0
0.00381285 74.0791
0.00398107 0
0.00415671 84.8717
0.0043401 0
0.00453158 0
0.00473151 0
0.00494026 0
0.00515822 0
0.0053858 0
0.00562341 0
0.00587151 0
0.00613056 0
0.00640103 0
0.00668344 69.6605
0.00697831 10.9756
0.00728618 309.756
0.00760764 0
0.00794328 16.6959
0.00829373 25.219
0.00865964 103.714
0.0090417 84.2833
0.00944061 88.3701
0.00985712 0
0.010292 0
0.0107461 0
0.0112202 101.447
0.0117152 211.232
0.0122321 137.093
0.0127717 247.738
0.0133352 343.916
0.0139236 121.749
0.0145378 100.458
0.0151792 170.18
0.0158489 109.867
0.0165482 231.929
0.0172783 260.678
0.0180406 657.997
0.0188365 106.727
0.0196675 235.863
0.0205353 173.823
0.0214412 504.994
0.0223872 200.489
0.0233749 452.365
0.0244062 123.811
0.025483 579.326
0.0266073 52.1453
0.0277811 760.335
0.0290068 157.672
0.0302866 504.276
0.0316228 455.497
0.0330179 1075.44
0.0344747 666.366
0.0359956 663.666
0.0375837 613.677
0.0392419 1174.74
0.0409732 1215.49
0.0427809 1093.25
0.0446684 700.664
0.0466391 1015.69
0.0486968 1396.67
0.0508452 1185.25
0.0530884 1175.77
0.0554307 1626.13
0.0578762 1190.65
0.0604296 1694.77
0.0630957 1299.52
0.0658795 1663.29
0.068786 2346.88
0.0718208 1715.04
0.0749894 1962.71
0.0782979 1738.57
0.0817523 2975.46
0.0853591 2002.52
0.0891251 1924.23
0.0930572 2380.82
0.0971628 3483.7
0.10145 2033.06
0.105925 1779.01
0.110599 3425.67
0.115478 3205.47
0.120573 2429.63
0.125893 3146.22
0.131447 3582
0.137246 4080.73
0.143301 2452.72
0.149624 3618.83
0.156225 3629.31
0.163117 3564.78
0.170314 3681.57
0.177828 3494.84
0.185674 2886.55
0.193865 3564.72
0.202418 3344.44
0.211349 3186.38
0.220673 4561.32
0.230409 4512.28
0.240575 4765.85
0.251189 4053.33
0.262271 5088.11
0.273842 2713.43
0.285924 4202.57
0.298538 3610.13
0.311709 3116.62
0.325462 3921.48
0.339821 4287.58
0.354813 5460.31
0.370467 5517.19
0.386812 4598.96
0.403878 4716.72
0.421697 3590.73
0.440301 4355.22
0.459727 4845.98
0.48001 4766.84
0.501187 3914.11
0.523299 4078
0.546387 4726.26
0.570493 4818.59
0.595662 3883.26
0.621942 4203.32
0.649382 3736.09
0.678032 3277.89
0.707946 3707.71
0.73918 4434.95
0.771792 2951.64
0.805842 3633.65
0.841395 2990.22
0.878517 3025.94
0.917276 3135.26
0.957745 1861.92
1 2629.82
1.04412 3162.86
1.09018 2872.34
1.13828 2648.36
1.1885 3439.06
1.24094 1917.75
1.29569 2309.79
1.35285 2068.33
1.41254 1257.67
1.47486 1089.29
1.53993 1921.98
1.60787 1571.9
1.6788 1763.81
1.75287 1185.68
1.83021 1724.22
1.91095 1430.97
1.99526 884.675
2.08329 1774.33
2.1752 1145.28
2.27117 1270.5
2.37137 1253.04
2.476 955.401
2.58523 1355.04
2.69929 1036.93
2.81838 925.635
2.94273 1192.57
3.07256 1105.44
3.20812 907.966
3.34965 1160.79
3.49744 388.163
3.65174 787.394
3.81285 943.825
3.98107 565.458
4.15671 844.734
4.3401 615.721
4.53158 784.548
4.73151 1020.25
4.94026 779.29
5.15822 343.796
5.3858 440.079
5.62341 610.24
5.87151 509.206
6.13056 456.683
6.40103 654.805
6.68344 385.325
6.97831 655.094
7.28618 710.916
7.60764 670.059
7.94328 542.996
8.29373 588.001
8.65964 260.593
9.0417 444.525
9.44061 463.378
9.85712 318.265
10.292 331.418
10.7461 510.474
11.2202 240.537
11.7152 561.69
12.2321 105.811
12.7717 425.248
13.3352 340.691
13.9236 308.644
14.5378 259.247
15.1792 448.335
15.8489 87.0465
16.5482 124.381
17.2783 354.092
18.0406 540.514
18.8365 390.291
19.6675 575.73
20.5353 409.748
21.4412 702.572
22.3872 566.114
23.3749 209.877
24.4062 468.557
25.483 245.589
26.6073 741.28
27.7811 245.899
29.0068 640.123
30.2866 81.4809
31.6228 539.802
33.0179 142.338
34.4747 469.951
35.9956 204.363
37.5837 607.343
39.2419 379.443
40.9732 472.768
42.7809 298.019
44.6684 456.15
46.6391 323.664
48.6968 442.347
50.8452 713.007
53.0884 492.393
55.4307 719.047
57.8762 355.928
60.4296 312.051
63.0957 200.544
65.8795 466.778
68.786 869.105
71.8208 913.206
74.9894 345.846
78.2979 597.699
81.7523 454.917
85.3591 481.871
89.1251 963.925
93.0572 703.634
97.1628 486.009
101.45 500.174
105.925 413.628
110.599 756.862
115.478 344.438
120.573 193.318
125.893 766.491
131.447 198.796
137.246 356.255
143.301 385.386
149.624 328.304
156.225 596.347
163.117 86.4617
170.314 650.673
177.828 289.572
185.674 0
193.865 119.43
202.418 505.566
211.349 64.0325
220.673 357.027
230.409 206.837
240.575 205.751
251.189 100.697
262.271 159.531
273.842 56.4522
285.924 309.929
298.538 222.48
311.709 175.033
325.462 199.003
339.821 105.657
354.813 71.5804
370.467 0
386.812 0
403.878 95.0531
421.697 0
440.301 0
459.727 0
480.01 0
501.187 0
523.299 0
546.387 0
570.493 0
595.662 0
621.942 0
649.382 0
678.032 90.0393
707.946 0
739.18 0
771.792 0
805.842 0
841.395 0
878.517 0
917.276 0
957.745 0
1000 0
