# First line is two numbers 
#     First value is '2', it means 'histogram mode'
#     Second value is 'Emin' of the histogram
# Other lines : 2 columns. 1) energy 2) probability (nb divided by NbEvent)
# Number of bins = 480
# Content below the first bin: 0
# Content above the last  bin: 106.282
# Content above the last  bin: 106.282
# Number of events: 209000
2 1e-06
1.04412e-06 0
1.09018e-06 0
1.13828e-06 0
1.1885e-06 0
1.24094e-06 0
1.29569e-06 0
1.35285e-06 0
1.41254e-06 0
1.47486e-06 0
1.53993e-06 0
1.60787e-06 0
1.6788e-06 0
1.75287e-06 0
1.83021e-06 0
1.91095e-06 0
1.99526e-06 0
2.08329e-06 0
2.1752e-06 0
2.27117e-06 0
2.37137e-06 0
2.476e-06 0
2.58523e-06 0
2.69929e-06 0
2.81838e-06 0
2.94273e-06 0
3.07256e-06 0
3.20812e-06 0
3.34965e-06 0
3.49744e-06 0
3.65174e-06 0
3.81285e-06 0
3.98107e-06 0
4.15671e-06 0
4.3401e-06 0
4.53158e-06 0
4.73151e-06 0
4.94026e-06 0
5.15822e-06 0
5.3858e-06 0
5.62341e-06 0
5.87151e-06 0
6.13056e-06 0
6.40103e-06 0
6.68344e-06 0
6.97831e-06 0
7.28618e-06 0
7.60764e-06 0
7.94328e-06 0
8.29373e-06 0
8.65964e-06 0
9.0417e-06 0
9.44061e-06 0
9.85712e-06 0
1.0292e-05 0
1.07461e-05 0
1.12202e-05 0
1.17152e-05 0
1.22321e-05 0
1.27717e-05 0
1.33352e-05 0
1.39236e-05 0
1.45378e-05 0
1.51792e-05 0
1.58489e-05 0
1.65482e-05 0
1.72783e-05 0
1.80406e-05 0
1.88365e-05 0
1.96675e-05 0
2.05353e-05 0
2.14412e-05 0
2.23872e-05 0
2.33749e-05 0
2.44062e-05 0
2.5483e-05 0
2.66073e-05 0
2.77811e-05 0
2.90068e-05 0
3.02866e-05 0
3.16228e-05 0
3.30179e-05 0
3.44747e-05 0
3.59956e-05 0
3.75837e-05 0
3.92419e-05 0
4.09732e-05 0
4.27809e-05 0
4.46684e-05 0
4.66391e-05 0
4.86968e-05 0
5.08452e-05 0
5.30884e-05 0
5.54307e-05 0
5.78762e-05 0
6.04296e-05 0
6.30957e-05 0
6.58795e-05 0
6.8786e-05 0
7.18208e-05 0
7.49894e-05 0
7.82979e-05 0
8.17523e-05 0
8.53591e-05 0
8.91251e-05 0
9.30572e-05 0
9.71628e-05 0
0.00010145 0
0.000105925 0
0.000110599 0
0.000115478 0
0.000120573 0
0.000125893 0
0.000131447 0
0.000137246 0
0.000143301 0
0.000149624 0
0.000156225 0
0.000163117 0
0.000170314 0
0.000177828 0
0.000185674 0
0.000193865 0
0.000202418 0
0.000211349 0
0.000220673 0
0.000230409 0
0.000240575 0
0.000251189 0
0.000262271 0
0.000273842 0
0.000285924 0
0.000298538 0
0.000311709 0
0.000325462 0
0.000339821 0
0.000354813 0
0.000370467 0
0.000386812 0
0.000403878 0
0.000421697 0
0.000440301 0
0.000459727 0
0.00048001 0
0.000501187 0
0.000523299 0
0.000546387 0
0.000570493 0
0.000595662 0
0.000621942 0
0.000649382 0
0.000678032 0
0.000707946 0
0.00073918 0
0.000771792 0
0.000805842 0
0.000841395 0
0.000878517 0
0.000917276 0
0.000957745 0
0.001 0
0.00104412 0
0.00109018 0
0.00113828 0
0.0011885 0
0.00124094 0
0.00129569 0
0.00135285 0
0.00141254 0
0.00147486 0
0.00153993 0
0.00160787 0
0.0016788 0
0.00175287 0
0.00183021 0
0.00191095 0
0.00199526 0
0.00208329 0
0.0021752 0
0.00227117 0
0.00237137 0
0.002476 0
0.00258523 70.6304
0.00269929 0
0.00281838 0
0.00294273 0
0.00307256 0
0.00320812 0
0.00334965 0
0.00349744 0
0.00365174 0
0.00381285 0
0.00398107 0
0.00415671 0
0.0043401 0
0.00453158 0
0.00473151 0
0.00494026 0
0.00515822 0
0.0053858 0
0.00562341 0
0.00587151 92.2709
0.00613056 0
0.00640103 0
0.00668344 49.5787
0.00697831 0
0.00728618 0
0.00760764 90.9866
0.00794328 0
0.00829373 0
0.00865964 0
0.0090417 0
0.00944061 43.6739
0.00985712 108.184
0.010292 0
0.0107461 119.211
0.0112202 0
0.0117152 160.688
0.0122321 0
0.0127717 0
0.0133352 0
0.0139236 0
0.0145378 0
0.0151792 0
0.0158489 248.4
0.0165482 83.4303
0.0172783 90.5356
0.0180406 0
0.0188365 97.0546
0.0196675 323.457
0.0205353 112.932
0.0214412 171.635
0.0223872 105.748
0.0233749 26.2463
0.0244062 198.65
0.025483 0
0.0266073 119.534
0.0277811 0
0.0290068 231.522
0.0302866 284.016
0.0316228 422.408
0.0330179 485.42
0.0344747 417.522
0.0359956 272.478
0.0375837 233.368
0.0392419 514.127
0.0409732 535.133
0.0427809 154.779
0.0446684 625.642
0.0466391 463.231
0.0486968 782.262
0.0508452 835.71
0.0530884 397.455
0.0554307 476.331
0.0578762 289.819
0.0604296 645.175
0.0630957 608.112
0.0658795 1259.44
0.068786 817.369
0.0718208 1318.85
0.0749894 797.681
0.0782979 483.702
0.0817523 681.342
0.0853591 552.955
0.0891251 1758.96
0.0930572 671.149
0.0971628 1060.01
0.10145 1043.04
0.105925 1162.69
0.110599 756.125
0.115478 1282
0.120573 1781.94
0.125893 991.356
0.131447 1576.11
0.137246 1304
0.143301 1373.02
0.149624 1452.12
0.156225 1710.62
0.163117 1903.9
0.170314 1746.27
0.177828 1685.51
0.185674 1593.02
0.193865 1293.77
0.202418 1792.74
0.211349 1738.56
0.220673 1281.69
0.230409 1689.09
0.240575 1205.58
0.251189 1095.97
0.262271 1680.6
0.273842 1972.03
0.285924 2063.04
0.298538 1545.77
0.311709 1668.69
0.325462 2670.8
0.339821 1806.29
0.354813 2040.43
0.370467 1876.66
0.386812 2243.96
0.403878 1123.88
0.421697 1911.56
0.440301 1663.58
0.459727 1525.94
0.48001 2596.19
0.501187 2209.73
0.523299 2336.6
0.546387 1904.48
0.570493 1962.68
0.595662 1464.68
0.621942 2001.28
0.649382 1350.75
0.678032 1445.13
0.707946 1370.14
0.73918 1469.57
0.771792 1687.38
0.805842 1347.41
0.841395 1988.92
0.878517 1050.47
0.917276 531.367
0.957745 1124.83
1 1113.09
1.04412 1661.16
1.09018 635.415
1.13828 738.689
1.1885 1336.65
1.24094 932.595
1.29569 790.504
1.35285 872.795
1.41254 479.333
1.47486 788.734
1.53993 339.869
1.60787 344.924
1.6788 1045.29
1.75287 578.34
1.83021 607.762
1.91095 422.167
1.99526 477.028
2.08329 534.697
2.1752 196.219
2.27117 860.181
2.37137 338.944
2.476 224.642
2.58523 793.821
2.69929 283.746
2.81838 203.463
2.94273 839.237
3.07256 570.612
3.20812 357.015
3.34965 401.478
3.49744 134.807
3.65174 777.075
3.81285 721.334
3.98107 144.277
4.15671 349.124
4.3401 554.861
4.53158 343.577
4.73151 740.802
4.94026 264.461
5.15822 248.163
5.3858 260.095
5.62341 302.143
5.87151 222.995
6.13056 65.2613
6.40103 117.713
6.68344 309.824
6.97831 473.796
7.28618 233.642
7.60764 180.348
7.94328 186.995
8.29373 214.801
8.65964 180.705
9.0417 552.955
9.44061 108.132
9.85712 112.668
10.292 226.888
10.7461 25.5802
11.2202 309.329
11.7152 124.112
12.2321 94.0903
12.7717 118.844
13.3352 127.87
13.9236 246.692
14.5378 0
15.1792 226.616
15.8489 68.7938
16.5482 195.734
17.2783 221.08
18.0406 107.457
18.8365 172.858
19.6675 96.3347
20.5353 71.0188
21.4412 249.806
22.3872 297.977
23.3749 336.203
24.4062 145.961
25.483 408.771
26.6073 76.4232
27.7811 296.885
29.0068 301.635
30.2866 183.486
31.6228 303.615
33.0179 107.97
34.4747 304.204
35.9956 380.351
37.5837 240.52
39.2419 159.011
40.9732 219.616
42.7809 220.658
44.6684 0
46.6391 114.531
48.6968 106.764
50.8452 176.889
53.0884 206.984
55.4307 190.047
57.8762 200.306
60.4296 115.825
63.0957 74.5417
65.8795 84.2757
68.786 168.922
71.8208 90.8326
74.9894 348.924
78.2979 204.218
81.7523 399.158
85.3591 149.765
89.1251 27.7538
93.0572 185.544
97.1628 166.619
101.45 301.918
105.925 16.7846
110.599 158.647
115.478 125.589
120.573 272.774
125.893 379.678
131.447 83.4721
137.246 214.196
143.301 347.812
149.624 99.4103
156.225 0
163.117 129.016
170.314 207.083
177.828 0
185.674 108.68
193.865 427.986
202.418 169.232
211.349 55.5722
220.673 200.996
230.409 91.3714
240.575 50.2062
251.189 193.796
262.271 176.39
273.842 0
285.924 0
298.538 0
311.709 0
325.462 72.2751
339.821 102.53
354.813 36.4244
370.467 0
386.812 0
403.878 0
421.697 0
440.301 0
459.727 0
480.01 0
501.187 0
523.299 0
546.387 0
570.493 0
595.662 0
621.942 0
649.382 0
678.032 0
707.946 0
739.18 0
771.792 0
805.842 0
841.395 0
878.517 0
917.276 0
957.745 0
1000 0
