# First line is two numbers 
#     First value is '2', it means 'histogram mode'
#     Second value is 'Emin' of the histogram
# Other lines : 2 columns. 1) energy 2) probability (nb divided by NbEvent)
# Number of bins = 480
# Content below the first bin: 0
# Content above the last  bin: 0
# Content above the last  bin: 0
# Number of events: 209000
2 1e-06
1.04412e-06 0
1.09018e-06 0
1.13828e-06 0
1.1885e-06 0
1.24094e-06 0
1.29569e-06 0
1.35285e-06 0
1.41254e-06 0
1.47486e-06 0
1.53993e-06 0
1.60787e-06 0
1.6788e-06 0
1.75287e-06 0
1.83021e-06 0
1.91095e-06 0
1.99526e-06 0
2.08329e-06 0
2.1752e-06 0
2.27117e-06 0
2.37137e-06 0
2.476e-06 0
2.58523e-06 0
2.69929e-06 0
2.81838e-06 0
2.94273e-06 0
3.07256e-06 0
3.20812e-06 0
3.34965e-06 0
3.49744e-06 0
3.65174e-06 0
3.81285e-06 0
3.98107e-06 0
4.15671e-06 0
4.3401e-06 0
4.53158e-06 0
4.73151e-06 0
4.94026e-06 0
5.15822e-06 0
5.3858e-06 0
5.62341e-06 0
5.87151e-06 0
6.13056e-06 79.0262
6.40103e-06 0
6.68344e-06 0
6.97831e-06 0
7.28618e-06 0
7.60764e-06 0
7.94328e-06 0
8.29373e-06 0
8.65964e-06 0
9.0417e-06 0
9.44061e-06 0
9.85712e-06 0
1.0292e-05 0
1.07461e-05 0
1.12202e-05 0
1.17152e-05 0
1.22321e-05 0
1.27717e-05 0
1.33352e-05 0
1.39236e-05 0
1.45378e-05 0
1.51792e-05 0
1.58489e-05 0
1.65482e-05 0
1.72783e-05 0
1.80406e-05 0
1.88365e-05 0
1.96675e-05 0
2.05353e-05 0
2.14412e-05 0
2.23872e-05 0
2.33749e-05 0
2.44062e-05 0
2.5483e-05 0
2.66073e-05 0
2.77811e-05 0
2.90068e-05 0
3.02866e-05 0
3.16228e-05 0
3.30179e-05 0
3.44747e-05 0
3.59956e-05 0
3.75837e-05 0
3.92419e-05 0
4.09732e-05 0
4.27809e-05 0
4.46684e-05 0
4.66391e-05 0
4.86968e-05 0
5.08452e-05 0
5.30884e-05 0
5.54307e-05 0
5.78762e-05 0
6.04296e-05 0
6.30957e-05 0
6.58795e-05 0
6.8786e-05 0
7.18208e-05 0
7.49894e-05 0
7.82979e-05 0
8.17523e-05 0
8.53591e-05 0
8.91251e-05 0
9.30572e-05 0
9.71628e-05 0
0.00010145 0
0.000105925 0
0.000110599 0
0.000115478 0
0.000120573 0
0.000125893 0
0.000131447 0
0.000137246 0
0.000143301 0
0.000149624 0
0.000156225 0
0.000163117 0
0.000170314 0
0.000177828 0
0.000185674 0
0.000193865 0
0.000202418 0
0.000211349 0
0.000220673 0
0.000230409 0
0.000240575 0
0.000251189 0
0.000262271 0
0.000273842 0
0.000285924 0
0.000298538 0
0.000311709 0
0.000325462 0
0.000339821 0
0.000354813 0
0.000370467 0
0.000386812 0
0.000403878 102.251
0.000421697 0
0.000440301 0
0.000459727 0
0.00048001 0
0.000501187 0
0.000523299 0
0.000546387 0
0.000570493 0
0.000595662 0
0.000621942 0
0.000649382 0
0.000678032 0
0.000707946 0
0.00073918 0
0.000771792 0
0.000805842 0
0.000841395 0
0.000878517 0
0.000917276 0
0.000957745 0
0.001 0
0.00104412 0
0.00109018 0
0.00113828 0
0.0011885 0
0.00124094 0
0.00129569 0
0.00135285 0
0.00141254 0
0.00147486 0
0.00153993 116.341
0.00160787 0
0.0016788 0
0.00175287 107.988
0.00183021 92.0497
0.00191095 263.498
0.00199526 0
0.00208329 0
0.0021752 0
0.00227117 0
0.00237137 140.5
0.002476 0
0.00258523 91.9828
0.00269929 0
0.00281838 99.2524
0.00294273 0
0.00307256 184.255
0.00320812 0
0.00334965 0
0.00349744 64.3293
0.00365174 0
0.00381285 209.174
0.00398107 82.5781
0.00415671 202.468
0.0043401 0
0.00453158 43.9024
0.00473151 55.3411
0.00494026 53.7446
0.00515822 7.78016
0.0053858 47.9848
0.00562341 24.6021
0.00587151 360.114
0.00613056 485.644
0.00640103 72.3432
0.00668344 0
0.00697831 293.821
0.00728618 324.258
0.00760764 433.72
0.00794328 320.757
0.00829373 320.143
0.00865964 151.605
0.0090417 449.008
0.00944061 186.743
0.00985712 504.849
0.010292 1213.36
0.0107461 642.177
0.0112202 839.173
0.0117152 135.072
0.0122321 637.264
0.0127717 367.306
0.0133352 1218.24
0.0139236 874.296
0.0145378 1090.31
0.0151792 1152.05
0.0158489 1225.48
0.0165482 1300.77
0.0172783 1045.58
0.0180406 860.393
0.0188365 972.669
0.0196675 1711.07
0.0205353 1042.09
0.0214412 2218.57
0.0223872 2604.48
0.0233749 1941.95
0.0244062 1597.35
0.025483 2351.95
0.0266073 2091.84
0.0277811 2727.13
0.0290068 2400.32
0.0302866 3221.89
0.0316228 3289.72
0.0330179 3644.08
0.0344747 2670.33
0.0359956 4067.34
0.0375837 4577.05
0.0392419 4267.52
0.0409732 4152.65
0.0427809 4889.99
0.0446684 3281.8
0.0466391 4382.96
0.0486968 6253.5
0.0508452 4711.5
0.0530884 6776.14
0.0554307 6140.9
0.0578762 6170.11
0.0604296 6866.53
0.0630957 6849.37
0.0658795 9125.66
0.068786 9948.94
0.0718208 9631.92
0.0749894 7562.18
0.0782979 9852.16
0.0817523 9740.87
0.0853591 9891.8
0.0891251 11387.5
0.0930572 12459.6
0.0971628 11112.5
0.10145 12046.3
0.105925 12796.7
0.110599 13270.2
0.115478 13859.5
0.120573 13186.5
0.125893 14665.9
0.131447 17155.8
0.137246 11780.3
0.143301 14200.1
0.149624 14076.8
0.156225 12589.6
0.163117 16322.9
0.170314 15188
0.177828 17635.7
0.185674 13449.3
0.193865 18045.4
0.202418 16307.8
0.211349 16272.5
0.220673 18976.2
0.230409 18296.7
0.240575 18104
0.251189 17766.4
0.262271 16437.8
0.273842 19295.2
0.285924 16608.6
0.298538 17419.1
0.311709 17656.1
0.325462 17377.5
0.339821 19586.5
0.354813 18753.5
0.370467 20826.9
0.386812 16681.9
0.403878 18321
0.421697 20735.1
0.440301 19863.6
0.459727 18968.5
0.48001 17784
0.501187 19518
0.523299 19144.9
0.546387 20894.3
0.570493 18405.1
0.595662 18833.2
0.621942 21261.7
0.649382 19001.4
0.678032 17149.4
0.707946 19545.3
0.73918 16251.8
0.771792 17065.9
0.805842 15584.9
0.841395 12337.5
0.878517 15770.7
0.917276 13986.4
0.957745 12250.7
1 12745.1
1.04412 10613.9
1.09018 11860.1
1.13828 11072.8
1.1885 9162.34
1.24094 8358.36
1.29569 8447.91
1.35285 9320.19
1.41254 9146.17
1.47486 7043.89
1.53993 6499.79
1.60787 7832.71
1.6788 6851.55
1.75287 5641.36
1.83021 6969.47
1.91095 6660.62
1.99526 5137.92
2.08329 5700.47
2.1752 5859.11
2.27117 5257.07
2.37137 4791.37
2.476 5122.21
2.58523 4880.62
2.69929 4536.14
2.81838 4770.19
2.94273 5285.11
3.07256 3208.38
3.20812 4880.67
3.34965 4418.84
3.49744 3924.7
3.65174 3750.67
3.81285 4110.93
3.98107 4043.6
4.15671 3374.92
4.3401 2867.09
4.53158 3328.07
4.73151 2938.57
4.94026 2407.52
5.15822 3821.52
5.3858 3508.96
5.62341 2819.04
5.87151 2522.97
6.13056 2861.86
6.40103 2344.72
6.68344 2635.56
6.97831 2167.47
7.28618 2092.68
7.60764 1720.98
7.94328 2304.78
8.29373 1824.99
8.65964 1407.77
9.0417 2242.15
9.44061 1628.38
9.85712 1859.34
10.292 2032.59
10.7461 2005.35
11.2202 2655.15
11.7152 1611.47
12.2321 2827.43
12.7717 2003.69
13.3352 1517.14
13.9236 1792.01
14.5378 2227.65
15.1792 2098.7
15.8489 1931.24
16.5482 2186.56
17.2783 1366.47
18.0406 1621.67
18.8365 1954.03
19.6675 861.045
20.5353 2190.33
21.4412 1710.7
22.3872 2761.53
23.3749 1993.65
24.4062 2338.29
25.483 1672.06
26.6073 2646.34
27.7811 2607.26
29.0068 2376.97
30.2866 2009.3
31.6228 2485.63
33.0179 1980.5
34.4747 3015.4
35.9956 2837.67
37.5837 2817.4
39.2419 2512.74
40.9732 3499.97
42.7809 2307.53
44.6684 2254.35
46.6391 1513.58
48.6968 2438.4
50.8452 3449.37
53.0884 2309.32
55.4307 3053.54
57.8762 2497.92
60.4296 2882.96
63.0957 3412.96
65.8795 3911.74
68.786 3658.95
71.8208 3101.16
74.9894 4121.02
78.2979 4419.33
81.7523 3269.09
85.3591 4823.08
89.1251 3478.85
93.0572 3876.65
97.1628 4621.05
101.45 4682.22
105.925 3857.95
110.599 3934.35
115.478 4246.3
120.573 4510.53
125.893 3907.17
131.447 6011.72
137.246 5808.43
143.301 5499.26
149.624 5032.51
156.225 5560.54
163.117 4943.17
170.314 3872.49
177.828 5615.53
185.674 5698.74
193.865 6003.8
202.418 6926.94
211.349 8576.64
220.673 6762.32
230.409 7486.93
240.575 7396.54
251.189 8381.63
262.271 9384.09
273.842 8445.72
285.924 8331.08
298.538 9433
311.709 8809.11
325.462 8706.33
339.821 9045.27
354.813 7373.88
370.467 6547.69
386.812 6252.26
403.878 3817.16
421.697 2784.35
440.301 1878.28
459.727 2488.5
480.01 1240.11
501.187 698.242
523.299 1302.37
546.387 548.657
570.493 498.437
595.662 220.7
621.942 212.297
649.382 452.945
678.032 517.739
707.946 345.288
739.18 0
771.792 256.203
805.842 65.5163
841.395 83.379
878.517 0
917.276 87.4961
957.745 83.7762
1000 0
