# First line is two numbers 
#     First value is '2', it means 'histogram mode'
#     Second value is 'Emin' of the histogram
# Other lines : 2 columns. 1) energy 2) probability (nb divided by NbEvent)
# Number of bins = 480
# Content below the first bin: 0
# Content above the last  bin: 0
# Content above the last  bin: 0
# Number of events: 209000
2 1e-06
1.04412e-06 0
1.09018e-06 0
1.13828e-06 0
1.1885e-06 0
1.24094e-06 0
1.29569e-06 0
1.35285e-06 0
1.41254e-06 0
1.47486e-06 0
1.53993e-06 0
1.60787e-06 0
1.6788e-06 0
1.75287e-06 0
1.83021e-06 0
1.91095e-06 0
1.99526e-06 0
2.08329e-06 0
2.1752e-06 0
2.27117e-06 0
2.37137e-06 0
2.476e-06 0
2.58523e-06 0
2.69929e-06 0
2.81838e-06 0
2.94273e-06 0
3.07256e-06 0
3.20812e-06 0
3.34965e-06 0
3.49744e-06 0
3.65174e-06 0
3.81285e-06 0
3.98107e-06 0
4.15671e-06 0
4.3401e-06 0
4.53158e-06 0
4.73151e-06 0
4.94026e-06 0
5.15822e-06 0
5.3858e-06 0
5.62341e-06 0
5.87151e-06 0
6.13056e-06 0
6.40103e-06 0
6.68344e-06 0
6.97831e-06 0
7.28618e-06 0
7.60764e-06 0
7.94328e-06 0
8.29373e-06 0
8.65964e-06 0
9.0417e-06 0
9.44061e-06 0
9.85712e-06 0
1.0292e-05 0
1.07461e-05 0
1.12202e-05 0
1.17152e-05 0
1.22321e-05 0
1.27717e-05 0
1.33352e-05 0
1.39236e-05 0
1.45378e-05 0
1.51792e-05 0
1.58489e-05 0
1.65482e-05 0
1.72783e-05 0
1.80406e-05 0
1.88365e-05 0
1.96675e-05 0
2.05353e-05 0
2.14412e-05 0
2.23872e-05 0
2.33749e-05 0
2.44062e-05 0
2.5483e-05 0
2.66073e-05 0
2.77811e-05 0
2.90068e-05 0
3.02866e-05 0
3.16228e-05 0
3.30179e-05 0
3.44747e-05 0
3.59956e-05 0
3.75837e-05 0
3.92419e-05 0
4.09732e-05 0
4.27809e-05 0
4.46684e-05 0
4.66391e-05 0
4.86968e-05 0
5.08452e-05 0
5.30884e-05 0
5.54307e-05 0
5.78762e-05 0
6.04296e-05 0
6.30957e-05 0
6.58795e-05 0
6.8786e-05 0
7.18208e-05 0
7.49894e-05 0
7.82979e-05 0
8.17523e-05 0
8.53591e-05 0
8.91251e-05 0
9.30572e-05 0
9.71628e-05 0
0.00010145 0
0.000105925 0
0.000110599 0
0.000115478 0
0.000120573 0
0.000125893 0
0.000131447 0
0.000137246 0
0.000143301 0
0.000149624 0
0.000156225 0
0.000163117 0
0.000170314 0
0.000177828 0
0.000185674 0
0.000193865 0
0.000202418 0
0.000211349 0
0.000220673 0
0.000230409 0
0.000240575 0
0.000251189 0
0.000262271 0
0.000273842 0
0.000285924 0
0.000298538 0
0.000311709 0
0.000325462 0
0.000339821 0
0.000354813 0
0.000370467 0
0.000386812 0
0.000403878 1
0.000421697 0
0.000440301 0
0.000459727 0
0.00048001 0
0.000501187 0
0.000523299 1
0.000546387 0
0.000570493 0
0.000595662 0
0.000621942 2
0.000649382 0
0.000678032 0
0.000707946 0
0.00073918 0
0.000771792 0
0.000805842 0
0.000841395 0
0.000878517 0
0.000917276 0
0.000957745 0
0.001 0
0.00104412 0
0.00109018 0
0.00113828 0
0.0011885 1
0.00124094 0
0.00129569 0
0.00135285 0
0.00141254 0
0.00147486 0
0.00153993 0
0.00160787 0
0.0016788 0
0.00175287 0
0.00183021 0
0.00191095 1
0.00199526 1
0.00208329 0
0.0021752 0
0.00227117 0
0.00237137 0
0.002476 0
0.00258523 0
0.00269929 1
0.00281838 1
0.00294273 1
0.00307256 0
0.00320812 0
0.00334965 2
0.00349744 0
0.00365174 0
0.00381285 0
0.00398107 0
0.00415671 1
0.0043401 2
0.00453158 2
0.00473151 0
0.00494026 1
0.00515822 2
0.0053858 0
0.00562341 1
0.00587151 2
0.00613056 4
0.00640103 3
0.00668344 3
0.00697831 4
0.00728618 5
0.00760764 4
0.00794328 4
0.00829373 4
0.00865964 3
0.0090417 7
0.00944061 5
0.00985712 2
0.010292 3
0.0107461 4
0.0112202 6
0.0117152 11
0.0122321 8
0.0127717 10
0.0133352 5
0.0139236 5
0.0145378 18
0.0151792 14
0.0158489 18
0.0165482 21
0.0172783 15
0.0180406 21
0.0188365 16
0.0196675 24
0.0205353 24
0.0214412 23
0.0223872 23
0.0233749 20
0.0244062 29
0.025483 24
0.0266073 31
0.0277811 30
0.0290068 34
0.0302866 39
0.0316228 47
0.0330179 43
0.0344747 35
0.0359956 50
0.0375837 45
0.0392419 69
0.0409732 58
0.0427809 65
0.0446684 59
0.0466391 52
0.0486968 75
0.0508452 75
0.0530884 67
0.0554307 58
0.0578762 76
0.0604296 75
0.0630957 94
0.0658795 88
0.068786 99
0.0718208 121
0.0749894 117
0.0782979 133
0.0817523 129
0.0853591 138
0.0891251 135
0.0930572 133
0.0971628 149
0.10145 169
0.105925 161
0.110599 169
0.115478 162
0.120573 172
0.125893 189
0.131447 190
0.137246 175
0.143301 179
0.149624 214
0.156225 192
0.163117 201
0.170314 213
0.177828 218
0.185674 192
0.193865 205
0.202418 188
0.211349 223
0.220673 233
0.230409 215
0.240575 232
0.251189 218
0.262271 240
0.273842 246
0.285924 208
0.298538 227
0.311709 216
0.325462 248
0.339821 226
0.354813 228
0.370467 246
0.386812 248
0.403878 240
0.421697 260
0.440301 258
0.459727 232
0.48001 272
0.501187 244
0.523299 227
0.546387 218
0.570493 230
0.595662 231
0.621942 244
0.649382 241
0.678032 206
0.707946 200
0.73918 234
0.771792 218
0.805842 212
0.841395 202
0.878517 183
0.917276 180
0.957745 156
1 146
1.04412 129
1.09018 142
1.13828 131
1.1885 107
1.24094 130
1.29569 137
1.35285 121
1.41254 108
1.47486 99
1.53993 91
1.60787 79
1.6788 85
1.75287 75
1.83021 76
1.91095 73
1.99526 62
2.08329 54
2.1752 72
2.27117 58
2.37137 65
2.476 57
2.58523 68
2.69929 50
2.81838 53
2.94273 63
3.07256 47
3.20812 50
3.34965 53
3.49744 47
3.65174 46
3.81285 43
3.98107 51
4.15671 49
4.3401 41
4.53158 41
4.73151 39
4.94026 41
5.15822 40
5.3858 39
5.62341 41
5.87151 33
6.13056 27
6.40103 37
6.68344 35
6.97831 29
7.28618 23
7.60764 24
7.94328 28
8.29373 21
8.65964 22
9.0417 31
9.44061 36
9.85712 19
10.292 24
10.7461 18
11.2202 28
11.7152 15
12.2321 21
12.7717 15
13.3352 20
13.9236 18
14.5378 20
15.1792 22
15.8489 32
16.5482 25
17.2783 32
18.0406 21
18.8365 23
19.6675 18
20.5353 26
21.4412 18
22.3872 17
23.3749 32
24.4062 29
25.483 19
26.6073 28
27.7811 21
29.0068 33
30.2866 31
31.6228 23
33.0179 28
34.4747 33
35.9956 38
37.5837 27
39.2419 20
40.9732 27
42.7809 30
44.6684 34
46.6391 35
48.6968 41
50.8452 38
53.0884 33
55.4307 37
57.8762 36
60.4296 44
63.0957 46
65.8795 43
68.786 38
71.8208 33
74.9894 44
78.2979 45
81.7523 52
85.3591 45
89.1251 48
93.0572 51
97.1628 44
101.45 59
105.925 44
110.599 44
115.478 52
120.573 59
125.893 61
131.447 62
137.246 62
143.301 57
149.624 81
156.225 68
163.117 63
170.314 66
177.828 80
185.674 83
193.865 87
202.418 87
211.349 91
220.673 88
230.409 104
240.575 103
251.189 102
262.271 125
273.842 114
285.924 113
298.538 118
311.709 120
325.462 114
339.821 108
354.813 85
370.467 77
386.812 74
403.878 50
421.697 40
440.301 24
459.727 29
480.01 16
501.187 17
523.299 8
546.387 11
570.493 11
595.662 6
621.942 9
649.382 4
678.032 3
707.946 4
739.18 1
771.792 1
805.842 0
841.395 1
878.517 1
917.276 3
957.745 0
1000 0
