# First line is two numbers 
#     First value is '2', it means 'histogram mode'
#     Second value is 'Emin' of the histogram
# Other lines : 2 columns. 1) energy 2) probability (nb divided by NbEvent)
# Number of bins = 480
# Content below the first bin: 0
# Content above the last  bin: 0
# Content above the last  bin: 0
# Number of events: 209000
2 1e-06
1.04412e-06 0
1.09018e-06 0
1.13828e-06 0
1.1885e-06 0
1.24094e-06 0
1.29569e-06 0
1.35285e-06 0
1.41254e-06 0
1.47486e-06 0
1.53993e-06 0
1.60787e-06 0
1.6788e-06 0
1.75287e-06 0
1.83021e-06 0
1.91095e-06 0
1.99526e-06 0
2.08329e-06 0
2.1752e-06 0
2.27117e-06 0
2.37137e-06 0
2.476e-06 0
2.58523e-06 0
2.69929e-06 0
2.81838e-06 0
2.94273e-06 0
3.07256e-06 0
3.20812e-06 0
3.34965e-06 0
3.49744e-06 0
3.65174e-06 0
3.81285e-06 0
3.98107e-06 0
4.15671e-06 0
4.3401e-06 0
4.53158e-06 0
4.73151e-06 0
4.94026e-06 0
5.15822e-06 0
5.3858e-06 0
5.62341e-06 0
5.87151e-06 0
6.13056e-06 0
6.40103e-06 0
6.68344e-06 0
6.97831e-06 0
7.28618e-06 0
7.60764e-06 0
7.94328e-06 0
8.29373e-06 0
8.65964e-06 0
9.0417e-06 0
9.44061e-06 0
9.85712e-06 0
1.0292e-05 0
1.07461e-05 0
1.12202e-05 0
1.17152e-05 0
1.22321e-05 0
1.27717e-05 0
1.33352e-05 0
1.39236e-05 0
1.45378e-05 0
1.51792e-05 0
1.58489e-05 0
1.65482e-05 0
1.72783e-05 0
1.80406e-05 0
1.88365e-05 0
1.96675e-05 0
2.05353e-05 0
2.14412e-05 0
2.23872e-05 0
2.33749e-05 0
2.44062e-05 0
2.5483e-05 0
2.66073e-05 0
2.77811e-05 0
2.90068e-05 0
3.02866e-05 0
3.16228e-05 0
3.30179e-05 0
3.44747e-05 0
3.59956e-05 0
3.75837e-05 0
3.92419e-05 0
4.09732e-05 0
4.27809e-05 0
4.46684e-05 0
4.66391e-05 0
4.86968e-05 0
5.08452e-05 0
5.30884e-05 0
5.54307e-05 0
5.78762e-05 0
6.04296e-05 0
6.30957e-05 0
6.58795e-05 0
6.8786e-05 0
7.18208e-05 0
7.49894e-05 0
7.82979e-05 0
8.17523e-05 0
8.53591e-05 0
8.91251e-05 0
9.30572e-05 0
9.71628e-05 0
0.00010145 0
0.000105925 0
0.000110599 0
0.000115478 0
0.000120573 0
0.000125893 0
0.000131447 0
0.000137246 0
0.000143301 0
0.000149624 0
0.000156225 0
0.000163117 0
0.000170314 0
0.000177828 0
0.000185674 0
0.000193865 0
0.000202418 0
0.000211349 0
0.000220673 0
0.000230409 0
0.000240575 0
0.000251189 0
0.000262271 0
0.000273842 0
0.000285924 0
0.000298538 0
0.000311709 0
0.000325462 0
0.000339821 0
0.000354813 0
0.000370467 0
0.000386812 0
0.000403878 0
0.000421697 0
0.000440301 0
0.000459727 0
0.00048001 0
0.000501187 0
0.000523299 0
0.000546387 0
0.000570493 0
0.000595662 0
0.000621942 0
0.000649382 0
0.000678032 0
0.000707946 0
0.00073918 0
0.000771792 0
0.000805842 0
0.000841395 0
0.000878517 0
0.000917276 0
0.000957745 0
0.001 0
0.00104412 0
0.00109018 0
0.00113828 0
0.0011885 0
0.00124094 0
0.00129569 0
0.00135285 0
0.00141254 0
0.00147486 0
0.00153993 0
0.00160787 0
0.0016788 0
0.00175287 0
0.00183021 0
0.00191095 0
0.00199526 0
0.00208329 0
0.0021752 0
0.00227117 0
0.00237137 0
0.002476 53.7916
0.00258523 0
0.00269929 0
0.00281838 0
0.00294273 0
0.00307256 0
0.00320812 0
0.00334965 109.888
0.00349744 0
0.00365174 0
0.00381285 0
0.00398107 86.9851
0.00415671 0
0.0043401 0
0.00453158 0
0.00473151 0
0.00494026 96.1552
0.00515822 0
0.0053858 0
0.00562341 0
0.00587151 0
0.00613056 52.4562
0.00640103 0
0.00668344 82.0541
0.00697831 0
0.00728618 104.87
0.00760764 0
0.00794328 0
0.00829373 0
0.00865964 108.006
0.0090417 83.9859
0.00944061 0
0.00985712 88.1087
0.010292 131.234
0.0107461 190.857
0.0112202 52.3907
0.0117152 170.777
0.0122321 93.3792
0.0127717 197.153
0.0133352 0
0.0139236 284.367
0.0145378 162.089
0.0151792 90.4564
0.0158489 112.311
0.0165482 0
0.0172783 118.796
0.0180406 260.347
0.0188365 60.5434
0.0196675 91.2279
0.0205353 209.186
0.0214412 213.776
0.0223872 0
0.0233749 199.866
0.0244062 205.928
0.025483 229.174
0.0266073 141.892
0.0277811 108.873
0.0290068 517.9
0.0302866 641.319
0.0316228 546.159
0.0330179 187.848
0.0344747 461.227
0.0359956 864.102
0.0375837 302.898
0.0392419 630.935
0.0409732 299.871
0.0427809 776.269
0.0446684 609.342
0.0466391 281.177
0.0486968 562.231
0.0508452 1019.37
0.0530884 290.607
0.0554307 464.35
0.0578762 678.58
0.0604296 547.371
0.0630957 613.574
0.0658795 926.698
0.068786 838.897
0.0718208 985.235
0.0749894 1136.31
0.0782979 952.202
0.0817523 921.183
0.0853591 911.553
0.0891251 933.29
0.0930572 1108.13
0.0971628 1393.31
0.10145 1963.17
0.105925 1221.62
0.110599 1341.97
0.115478 993.439
0.120573 1639.1
0.125893 1934.36
0.131447 903.31
0.137246 1893.59
0.143301 1452.53
0.149624 1992.21
0.156225 1248.42
0.163117 2021.63
0.170314 1880.57
0.177828 2135.74
0.185674 1526.07
0.193865 1882.64
0.202418 1441.84
0.211349 1540.97
0.220673 2694.28
0.230409 1753.77
0.240575 1438.11
0.251189 1947.34
0.262271 2592.61
0.273842 1415.44
0.285924 2375.77
0.298538 2006.91
0.311709 2883.18
0.325462 1998.29
0.339821 1271.97
0.354813 2790.29
0.370467 1562.73
0.386812 2074.9
0.403878 1704.39
0.421697 2019.54
0.440301 1790.01
0.459727 1503.69
0.48001 1801.16
0.501187 1661.8
0.523299 1462.55
0.546387 1477.24
0.570493 1560.23
0.595662 2553.72
0.621942 1838.1
0.649382 1881.88
0.678032 1728.66
0.707946 1750.84
0.73918 2155.59
0.771792 2211.24
0.805842 2263.98
0.841395 1381.38
0.878517 1394.54
0.917276 1620.89
0.957745 2043.48
1 1056.23
1.04412 1251.96
1.09018 1463.19
1.13828 1039.38
1.1885 1000.35
1.24094 782.949
1.29569 910.742
1.35285 980.256
1.41254 887.928
1.47486 898.193
1.53993 419.673
1.60787 401.607
1.6788 126.494
1.75287 474.579
1.83021 371.097
1.91095 583.215
1.99526 662.444
2.08329 603.854
2.1752 383.852
2.27117 322.3
2.37137 25.8853
2.476 738.664
2.58523 531.737
2.69929 303.6
2.81838 570.731
2.94273 245
3.07256 158.87
3.20812 786.551
3.34965 692.85
3.49744 44.8606
3.65174 499.405
3.81285 343.891
3.98107 425.836
4.15671 93.1404
4.3401 249.758
4.53158 498.356
4.73151 144.378
4.94026 201.982
5.15822 222.839
5.3858 91.0514
5.62341 347.824
5.87151 165.933
6.13056 301.617
6.40103 149.849
6.68344 173.676
6.97831 180.71
7.28618 181.472
7.60764 183.372
7.94328 251.159
8.29373 255.834
8.65964 114.651
9.0417 417.744
9.44061 383.923
9.85712 219.821
10.292 0
10.7461 383.548
11.2202 308.071
11.7152 321.326
12.2321 379.065
12.7717 419.469
13.3352 0
13.9236 91.3281
14.5378 243.82
15.1792 275.758
15.8489 174.276
16.5482 341.589
17.2783 151.125
18.0406 242.199
18.8365 254.388
19.6675 162.409
20.5353 313.109
21.4412 338.363
22.3872 95.37
23.3749 0
24.4062 505.717
25.483 246.427
26.6073 173.27
27.7811 512.043
29.0068 231.043
30.2866 48.8634
31.6228 420.675
33.0179 347.674
34.4747 292.126
35.9956 335.82
37.5837 209.969
39.2419 313.292
40.9732 0
42.7809 259.598
44.6684 109.755
46.6391 453.542
48.6968 220.489
50.8452 216.773
53.0884 179.224
55.4307 342.922
57.8762 406.477
60.4296 459.79
63.0957 156.537
65.8795 750.747
68.786 471.276
71.8208 406.17
74.9894 504.935
78.2979 389.274
81.7523 470.368
85.3591 828.625
89.1251 256.312
93.0572 586.496
97.1628 303.107
101.45 790.053
105.925 573.164
110.599 271.565
115.478 646.185
120.573 479.991
125.893 670.009
131.447 297.644
137.246 307.267
143.301 684.485
149.624 822.509
156.225 566.11
163.117 600.227
170.314 1016.52
177.828 713.448
185.674 301.384
193.865 1385.99
202.418 1005.09
211.349 1061.44
220.673 1206.79
230.409 885.656
240.575 617.322
251.189 1206.42
262.271 1150.39
273.842 2176.26
285.924 788.737
298.538 856.855
311.709 1553.15
325.462 1416.1
339.821 958.868
354.813 1143.64
370.467 978.463
386.812 1751.71
403.878 1015.58
421.697 510.708
440.301 549.053
459.727 218.541
480.01 466.776
501.187 547.767
523.299 375.786
546.387 198.646
570.493 124.584
595.662 0
621.942 0
649.382 0
678.032 0
707.946 0
739.18 98.9278
771.792 137.051
805.842 0
841.395 0
878.517 115.211
917.276 0
957.745 0
1000 0
