# First line is two numbers 
#     First value is '2', it means 'histogram mode'
#     Second value is 'Emin' of the histogram
# Other lines : 2 columns. 1) energy 2) probability (nb divided by NbEvent)
# Number of bins = 480
# Content below the first bin: 0
# Content above the last  bin: 0
# Content above the last  bin: 0
# Number of events: 209000
2 1e-06
1.04412e-06 0
1.09018e-06 0
1.13828e-06 0
1.1885e-06 0
1.24094e-06 0
1.29569e-06 0
1.35285e-06 0
1.41254e-06 0
1.47486e-06 0
1.53993e-06 0
1.60787e-06 0
1.6788e-06 0
1.75287e-06 0
1.83021e-06 0
1.91095e-06 0
1.99526e-06 0
2.08329e-06 0
2.1752e-06 0
2.27117e-06 0
2.37137e-06 0
2.476e-06 0
2.58523e-06 0
2.69929e-06 0
2.81838e-06 0
2.94273e-06 0
3.07256e-06 0
3.20812e-06 0
3.34965e-06 0
3.49744e-06 0
3.65174e-06 0
3.81285e-06 0
3.98107e-06 0
4.15671e-06 0
4.3401e-06 0
4.53158e-06 0
4.73151e-06 0
4.94026e-06 0
5.15822e-06 0
5.3858e-06 0
5.62341e-06 0
5.87151e-06 0
6.13056e-06 0
6.40103e-06 0
6.68344e-06 0
6.97831e-06 0
7.28618e-06 0
7.60764e-06 0
7.94328e-06 0
8.29373e-06 0
8.65964e-06 0
9.0417e-06 0
9.44061e-06 0
9.85712e-06 0
1.0292e-05 0
1.07461e-05 0
1.12202e-05 0
1.17152e-05 0
1.22321e-05 0
1.27717e-05 0
1.33352e-05 0
1.39236e-05 0
1.45378e-05 0
1.51792e-05 0
1.58489e-05 0
1.65482e-05 0
1.72783e-05 0
1.80406e-05 0
1.88365e-05 0
1.96675e-05 0
2.05353e-05 0
2.14412e-05 0
2.23872e-05 0
2.33749e-05 0
2.44062e-05 0
2.5483e-05 0
2.66073e-05 0
2.77811e-05 0
2.90068e-05 0
3.02866e-05 0
3.16228e-05 0
3.30179e-05 0
3.44747e-05 0
3.59956e-05 0
3.75837e-05 0
3.92419e-05 0
4.09732e-05 0
4.27809e-05 0
4.46684e-05 0
4.66391e-05 0
4.86968e-05 0
5.08452e-05 0
5.30884e-05 0
5.54307e-05 0
5.78762e-05 0
6.04296e-05 0
6.30957e-05 0
6.58795e-05 0
6.8786e-05 0
7.18208e-05 0
7.49894e-05 0
7.82979e-05 0
8.17523e-05 0
8.53591e-05 0
8.91251e-05 0
9.30572e-05 0
9.71628e-05 0
0.00010145 0
0.000105925 0
0.000110599 0
0.000115478 0
0.000120573 0
0.000125893 0
0.000131447 0
0.000137246 0
0.000143301 0
0.000149624 0
0.000156225 0
0.000163117 0
0.000170314 0
0.000177828 0
0.000185674 0
0.000193865 0
0.000202418 0
0.000211349 0
0.000220673 0
0.000230409 0
0.000240575 0
0.000251189 0
0.000262271 0
0.000273842 0
0.000285924 0
0.000298538 0
0.000311709 0
0.000325462 0
0.000339821 0
0.000354813 0
0.000370467 0
0.000386812 0
0.000403878 0
0.000421697 0
0.000440301 0
0.000459727 0
0.00048001 0
0.000501187 0
0.000523299 0
0.000546387 0
0.000570493 0
0.000595662 0
0.000621942 0
0.000649382 0
0.000678032 0
0.000707946 0
0.00073918 0
0.000771792 0
0.000805842 0
0.000841395 0
0.000878517 0
0.000917276 0
0.000957745 0
0.001 0
0.00104412 0
0.00109018 0
0.00113828 0
0.0011885 0
0.00124094 0
0.00129569 0
0.00135285 0
0.00141254 0
0.00147486 0
0.00153993 0
0.00160787 0
0.0016788 0
0.00175287 0
0.00183021 0
0.00191095 0
0.00199526 0
0.00208329 0
0.0021752 0
0.00227117 0
0.00237137 0
0.002476 0
0.00258523 0
0.00269929 0
0.00281838 0
0.00294273 0
0.00307256 0
0.00320812 0
0.00334965 0
0.00349744 0
0.00365174 0
0.00381285 112.88
0.00398107 0
0.00415671 0
0.0043401 0
0.00453158 0
0.00473151 0
0.00494026 0
0.00515822 0
0.0053858 0
0.00562341 0
0.00587151 0
0.00613056 184.847
0.00640103 0
0.00668344 0
0.00697831 0
0.00728618 77.5695
0.00760764 0
0.00794328 0
0.00829373 0
0.00865964 0
0.0090417 0
0.00944061 0
0.00985712 149.439
0.010292 90.0314
0.0107461 115.615
0.0112202 0
0.0117152 0
0.0122321 0
0.0127717 67.8394
0.0133352 119.656
0.0139236 103.196
0.0145378 106.087
0.0151792 0
0.0158489 381.494
0.0165482 60.6247
0.0172783 216.08
0.0180406 228.405
0.0188365 201.572
0.0196675 130.261
0.0205353 142.388
0.0214412 95.6596
0.0223872 102.372
0.0233749 160.287
0.0244062 393.582
0.025483 239.718
0.0266073 457.471
0.0277811 50.1906
0.0290068 337.635
0.0302866 236.505
0.0316228 327.54
0.0330179 307.089
0.0344747 445.185
0.0359956 260.114
0.0375837 469.043
0.0392419 713.232
0.0409732 367.748
0.0427809 235.317
0.0446684 590.366
0.0466391 654.75
0.0486968 362.917
0.0508452 712.884
0.0530884 361.625
0.0554307 275.508
0.0578762 553.409
0.0604296 393.604
0.0630957 535.651
0.0658795 944.131
0.068786 873.406
0.0718208 1024.52
0.0749894 1018.1
0.0782979 1530.97
0.0817523 1151.83
0.0853591 820.617
0.0891251 874.634
0.0930572 1767.13
0.0971628 982.132
0.10145 1245.49
0.105925 1847.17
0.110599 1466.87
0.115478 1577.88
0.120573 777.046
0.125893 1299.65
0.131447 1920.77
0.137246 1891.68
0.143301 1161.18
0.149624 1608.31
0.156225 1969.84
0.163117 1455.31
0.170314 1551.23
0.177828 1195.97
0.185674 1228.19
0.193865 1205.63
0.202418 1618.02
0.211349 2184.3
0.220673 1894.21
0.230409 1628.36
0.240575 1274.45
0.251189 1579.05
0.262271 1908.35
0.273842 2371.34
0.285924 2273.55
0.298538 2293.71
0.311709 2778.29
0.325462 1674.37
0.339821 1893.55
0.354813 2300.16
0.370467 2232.22
0.386812 2067.36
0.403878 2088.94
0.421697 2326.82
0.440301 1900.87
0.459727 2065.05
0.48001 2709.42
0.501187 1681.01
0.523299 2059.9
0.546387 1289.53
0.570493 1977.87
0.595662 2572.94
0.621942 1731.06
0.649382 1433.82
0.678032 2052.18
0.707946 2162.03
0.73918 1567.17
0.771792 1735.45
0.805842 964.505
0.841395 1573.94
0.878517 1033.26
0.917276 991.95
0.957745 1790.6
1 1521.7
1.04412 1317.74
1.09018 1005.21
1.13828 1060.95
1.1885 1167.55
1.24094 997.355
1.29569 1008.86
1.35285 525.547
1.41254 905.085
1.47486 923.657
1.53993 1219.5
1.60787 695.576
1.6788 669.393
1.75287 982.446
1.83021 979.228
1.91095 807.009
1.99526 544.871
2.08329 204.237
2.1752 552.791
2.27117 401.345
2.37137 588.13
2.476 619.296
2.58523 360.065
2.69929 820.179
2.81838 317.541
2.94273 163.412
3.07256 717.363
3.20812 649.139
3.34965 410.821
3.49744 519.739
3.65174 416.67
3.81285 267.353
3.98107 236.214
4.15671 381.397
4.3401 706.64
4.53158 242.213
4.73151 98.4245
4.94026 391.626
5.15822 119.928
5.3858 377.119
5.62341 425.748
5.87151 407.308
6.13056 265.706
6.40103 282.494
6.68344 116.956
6.97831 398.449
7.28618 177.29
7.60764 154.594
7.94328 397.795
8.29373 385.483
8.65964 186.229
9.0417 251.218
9.44061 424.094
9.85712 597.653
10.292 117.627
10.7461 151.605
11.2202 259.801
11.7152 188.249
12.2321 0
12.7717 65.3951
13.3352 85.6882
13.9236 292.516
14.5378 186.653
15.1792 209.228
15.8489 116.825
16.5482 49.4293
17.2783 35.1368
18.0406 357.873
18.8365 183.095
19.6675 105.696
20.5353 161.671
21.4412 458.638
22.3872 173.212
23.3749 460.108
24.4062 210.699
25.483 279.839
26.6073 105.34
27.7811 305.713
29.0068 144.504
30.2866 230.325
31.6228 217.967
33.0179 225.687
34.4747 94.945
35.9956 507.364
37.5837 42.8297
39.2419 280.05
40.9732 462.426
42.7809 200.412
44.6684 300.842
46.6391 249.204
48.6968 280.827
50.8452 500.938
53.0884 403.673
55.4307 228.321
57.8762 171.21
60.4296 531.206
63.0957 455.036
65.8795 698.828
68.786 350.764
71.8208 361.449
74.9894 568.36
78.2979 117.522
81.7523 301.416
85.3591 666.003
89.1251 813.003
93.0572 495.493
97.1628 335.697
101.45 175.526
105.925 554.85
110.599 369.697
115.478 439.216
120.573 473.507
125.893 614.678
131.447 319.206
137.246 230.176
143.301 372.585
149.624 762.587
156.225 526.613
163.117 616.834
170.314 420.316
177.828 862.595
185.674 816.541
193.865 526.292
202.418 473.002
211.349 1097.62
220.673 863.836
230.409 1121.95
240.575 1331.88
251.189 779.484
262.271 500.906
273.842 1188.74
285.924 779.487
298.538 1008.1
311.709 1410.8
325.462 1237.76
339.821 1669.24
354.813 1409.21
370.467 1216.97
386.812 897.807
403.878 1180.12
421.697 600.779
440.301 570.577
459.727 295.15
480.01 0
501.187 109.468
523.299 0
546.387 63.7551
570.493 77.8248
595.662 98.4284
621.942 0
649.382 76.8107
678.032 0
707.946 41.9606
739.18 0
771.792 33.5301
805.842 97.9005
841.395 0
878.517 81.2961
917.276 0
957.745 110.269
1000 0
