# First line is two numbers 
#     First value is '2', it means 'histogram mode'
#     Second value is 'Emin' of the histogram
# Other lines : 2 columns. 1) energy 2) probability (nb divided by NbEvent)
# Number of bins = 480
# Content below the first bin: 0
# Content above the last  bin: 0
# Content above the last  bin: 0
# Number of events: 209000
2 1e-06
1.04412e-06 0
1.09018e-06 0
1.13828e-06 0
1.1885e-06 0
1.24094e-06 0
1.29569e-06 0
1.35285e-06 0
1.41254e-06 0
1.47486e-06 0
1.53993e-06 0
1.60787e-06 0
1.6788e-06 0
1.75287e-06 0
1.83021e-06 0
1.91095e-06 0
1.99526e-06 0
2.08329e-06 0
2.1752e-06 0
2.27117e-06 0
2.37137e-06 0
2.476e-06 0
2.58523e-06 0
2.69929e-06 0
2.81838e-06 0
2.94273e-06 0
3.07256e-06 0
3.20812e-06 0
3.34965e-06 0
3.49744e-06 0
3.65174e-06 0
3.81285e-06 0
3.98107e-06 0
4.15671e-06 0
4.3401e-06 0
4.53158e-06 0
4.73151e-06 0
4.94026e-06 0
5.15822e-06 0
5.3858e-06 0
5.62341e-06 0
5.87151e-06 0
6.13056e-06 0
6.40103e-06 0
6.68344e-06 0
6.97831e-06 0
7.28618e-06 0
7.60764e-06 0
7.94328e-06 0
8.29373e-06 0
8.65964e-06 0
9.0417e-06 0
9.44061e-06 0
9.85712e-06 0
1.0292e-05 0
1.07461e-05 0
1.12202e-05 0
1.17152e-05 0
1.22321e-05 0
1.27717e-05 0
1.33352e-05 0
1.39236e-05 0
1.45378e-05 0
1.51792e-05 0
1.58489e-05 0
1.65482e-05 0
1.72783e-05 0
1.80406e-05 0
1.88365e-05 0
1.96675e-05 0
2.05353e-05 0
2.14412e-05 0
2.23872e-05 0
2.33749e-05 0
2.44062e-05 0
2.5483e-05 0
2.66073e-05 0
2.77811e-05 0
2.90068e-05 0
3.02866e-05 0
3.16228e-05 0
3.30179e-05 0
3.44747e-05 0
3.59956e-05 0
3.75837e-05 0
3.92419e-05 0
4.09732e-05 0
4.27809e-05 0
4.46684e-05 0
4.66391e-05 0
4.86968e-05 0
5.08452e-05 0
5.30884e-05 0
5.54307e-05 0
5.78762e-05 0
6.04296e-05 0
6.30957e-05 0
6.58795e-05 0
6.8786e-05 0
7.18208e-05 0
7.49894e-05 0
7.82979e-05 0
8.17523e-05 0
8.53591e-05 0
8.91251e-05 0
9.30572e-05 0
9.71628e-05 0
0.00010145 0
0.000105925 0
0.000110599 0
0.000115478 0
0.000120573 0
0.000125893 0
0.000131447 0
0.000137246 0
0.000143301 0
0.000149624 0
0.000156225 0
0.000163117 0
0.000170314 0
0.000177828 0
0.000185674 0
0.000193865 0
0.000202418 0
0.000211349 0
0.000220673 0
0.000230409 0
0.000240575 0
0.000251189 0
0.000262271 0
0.000273842 0
0.000285924 0
0.000298538 0
0.000311709 0
0.000325462 0
0.000339821 0
0.000354813 0
0.000370467 0
0.000386812 0
0.000403878 0
0.000421697 0
0.000440301 0
0.000459727 0
0.00048001 0
0.000501187 0
0.000523299 0
0.000546387 0
0.000570493 0
0.000595662 0
0.000621942 0
0.000649382 0
0.000678032 0
0.000707946 0
0.00073918 0
0.000771792 0
0.000805842 0
0.000841395 0
0.000878517 0
0.000917276 0
0.000957745 0
0.001 0
0.00104412 0
0.00109018 0
0.00113828 0
0.0011885 0
0.00124094 90.4133
0.00129569 0
0.00135285 0
0.00141254 0
0.00147486 0
0.00153993 0
0.00160787 0
0.0016788 0
0.00175287 0
0.00183021 0
0.00191095 66.1883
0.00199526 0
0.00208329 0
0.0021752 0
0.00227117 0
0.00237137 0
0.002476 88.5742
0.00258523 0
0.00269929 0
0.00281838 0
0.00294273 0
0.00307256 50.2011
0.00320812 0
0.00334965 0
0.00349744 0
0.00365174 0
0.00381285 196.54
0.00398107 0
0.00415671 0
0.0043401 0
0.00453158 77.3664
0.00473151 0
0.00494026 0
0.00515822 0
0.0053858 0
0.00562341 0
0.00587151 107.665
0.00613056 0
0.00640103 129.188
0.00668344 0
0.00697831 0
0.00728618 116.784
0.00760764 0
0.00794328 0
0.00829373 0
0.00865964 137.62
0.0090417 0
0.00944061 182.28
0.00985712 102.016
0.010292 100.959
0.0107461 76.7401
0.0112202 87.3734
0.0117152 34.7372
0.0122321 0
0.0127717 211.352
0.0133352 134.101
0.0139236 111.102
0.0145378 318.123
0.0151792 361.33
0.0158489 83.116
0.0165482 160.846
0.0172783 126.651
0.0180406 279.847
0.0188365 374.879
0.0196675 486.213
0.0205353 427.411
0.0214412 371.691
0.0223872 354.909
0.0233749 259.454
0.0244062 473.238
0.025483 383.52
0.0266073 350.498
0.0277811 180.338
0.0290068 224.063
0.0302866 513.229
0.0316228 553.595
0.0330179 525.464
0.0344747 649.163
0.0359956 761.994
0.0375837 687.819
0.0392419 985.174
0.0409732 887.824
0.0427809 1290.44
0.0446684 743.205
0.0466391 443.796
0.0486968 743.252
0.0508452 1539.09
0.0530884 1419.11
0.0554307 1033.04
0.0578762 1465.21
0.0604296 1469.65
0.0630957 861.11
0.0658795 1290.8
0.068786 1413.93
0.0718208 1733.62
0.0749894 2212.31
0.0782979 1733.11
0.0817523 1263.22
0.0853591 1377.46
0.0891251 2378.9
0.0930572 2020.93
0.0971628 2300.66
0.10145 2455.95
0.105925 3455.51
0.110599 3033.44
0.115478 3454.46
0.120573 2332.36
0.125893 2800.62
0.131447 2485.24
0.137246 3287.37
0.143301 3286.23
0.149624 2473.14
0.156225 2727.83
0.163117 2997.56
0.170314 1706.15
0.177828 3794.11
0.185674 4002.43
0.193865 2936.24
0.202418 3258.29
0.211349 3101.23
0.220673 2675.45
0.230409 2600.13
0.240575 4240.98
0.251189 3616.48
0.262271 3386.72
0.273842 4780.64
0.285924 2934.97
0.298538 4384.24
0.311709 3340.67
0.325462 4235.21
0.339821 3227.59
0.354813 4809.36
0.370467 4317.43
0.386812 2585.28
0.403878 4080.88
0.421697 3979.46
0.440301 3734.81
0.459727 3050.02
0.48001 4122
0.501187 4298.98
0.523299 3906.99
0.546387 4329.71
0.570493 3580.42
0.595662 4160.97
0.621942 3540.82
0.649382 3486.8
0.678032 3706.69
0.707946 3430.53
0.73918 3120.76
0.771792 2981.45
0.805842 3787.13
0.841395 2691.94
0.878517 2543.96
0.917276 2170.32
0.957745 2610.27
1 2580.2
1.04412 2561.7
1.09018 2382.63
1.13828 2594.25
1.1885 2026.64
1.24094 1690.21
1.29569 2439.4
1.35285 1986.8
1.41254 1463.64
1.47486 1224.51
1.53993 1605.4
1.60787 1078
1.6788 1693.31
1.75287 1090.55
1.83021 901.55
1.91095 1114.89
1.99526 1360.41
2.08329 1351
2.1752 349.315
2.27117 679.584
2.37137 1538.56
2.476 560.638
2.58523 1052.12
2.69929 543.994
2.81838 714.246
2.94273 964.48
3.07256 1040.01
3.20812 806.321
3.34965 484.639
3.49744 518.385
3.65174 539.091
3.81285 870.966
3.98107 655.347
4.15671 952.181
4.3401 591.619
4.53158 597.156
4.73151 554.739
4.94026 507.732
5.15822 108.757
5.3858 749.983
5.62341 911.836
5.87151 472.908
6.13056 1208.84
6.40103 342.599
6.68344 514.561
6.97831 119.367
7.28618 624.251
7.60764 631.157
7.94328 375.378
8.29373 214.959
8.65964 258.313
9.0417 496.216
9.44061 206.743
9.85712 252.761
10.292 82.4808
10.7461 728.551
11.2202 293.902
11.7152 352.609
12.2321 213.199
12.7717 563.951
13.3352 357.278
13.9236 93.7115
14.5378 89.2505
15.1792 431.785
15.8489 225.821
16.5482 399.024
17.2783 218.653
18.0406 210.883
18.8365 329.536
19.6675 143.843
20.5353 492.334
21.4412 535.439
22.3872 457.574
23.3749 373.127
24.4062 372.664
25.483 483.954
26.6073 303.147
27.7811 283.975
29.0068 532.899
30.2866 324.182
31.6228 579.384
33.0179 496.636
34.4747 594.903
35.9956 91.0184
37.5837 610.675
39.2419 823.403
40.9732 558.413
42.7809 378.723
44.6684 593.717
46.6391 535.089
48.6968 586.169
50.8452 853.145
53.0884 600.872
55.4307 913.522
57.8762 1450.8
60.4296 536.579
63.0957 980.031
65.8795 520.741
68.786 1297.46
71.8208 967.801
74.9894 757.155
78.2979 421.785
81.7523 660.529
85.3591 249.416
89.1251 870.745
93.0572 668.415
97.1628 502.296
101.45 520.739
105.925 483.419
110.599 545.21
115.478 803.391
120.573 1010.64
125.893 768.047
131.447 687.144
137.246 987.579
143.301 527.808
149.624 607.001
156.225 805.002
163.117 1209.74
170.314 578.581
177.828 812.884
185.674 1163.51
193.865 1092.32
202.418 1036.18
211.349 777.46
220.673 564.314
230.409 572.658
240.575 228.351
251.189 1183.28
262.271 675.725
273.842 415.328
285.924 616.692
298.538 691.413
311.709 585.251
325.462 596.154
339.821 302.702
354.813 224.575
370.467 40.8267
386.812 34.5658
403.878 217.034
421.697 35.7934
440.301 138.652
459.727 485.685
480.01 103.013
501.187 0
523.299 37.2812
546.387 0
570.493 0
595.662 0
621.942 114.295
649.382 239.155
678.032 113.883
707.946 0
739.18 0
771.792 0
805.842 0
841.395 115.344
878.517 0
917.276 0
957.745 0
1000 0
