# First line is two numbers 
#     First value is '2', it means 'histogram mode'
#     Second value is 'Emin' of the histogram
# Other lines : 2 columns. 1) energy 2) probability (nb divided by NbEvent)
# Number of bins = 480
# Content below the first bin: 0
# Content above the last  bin: 0
# Content above the last  bin: 0
# Number of events: 209000
2 1e-06
1.04412e-06 0
1.09018e-06 0
1.13828e-06 0
1.1885e-06 0
1.24094e-06 0
1.29569e-06 0
1.35285e-06 0
1.41254e-06 0
1.47486e-06 0
1.53993e-06 0
1.60787e-06 0
1.6788e-06 0
1.75287e-06 0
1.83021e-06 0
1.91095e-06 0
1.99526e-06 0
2.08329e-06 0
2.1752e-06 0
2.27117e-06 0
2.37137e-06 0
2.476e-06 0
2.58523e-06 0
2.69929e-06 0
2.81838e-06 0
2.94273e-06 0
3.07256e-06 0
3.20812e-06 0
3.34965e-06 0
3.49744e-06 0
3.65174e-06 0
3.81285e-06 0
3.98107e-06 0
4.15671e-06 0
4.3401e-06 0
4.53158e-06 0
4.73151e-06 0
4.94026e-06 0
5.15822e-06 0
5.3858e-06 0
5.62341e-06 0
5.87151e-06 0
6.13056e-06 0
6.40103e-06 0
6.68344e-06 0
6.97831e-06 0
7.28618e-06 0
7.60764e-06 0
7.94328e-06 0
8.29373e-06 0
8.65964e-06 0
9.0417e-06 0
9.44061e-06 0
9.85712e-06 0
1.0292e-05 0
1.07461e-05 0
1.12202e-05 0
1.17152e-05 0
1.22321e-05 0
1.27717e-05 0
1.33352e-05 0
1.39236e-05 0
1.45378e-05 0
1.51792e-05 0
1.58489e-05 0
1.65482e-05 0
1.72783e-05 0
1.80406e-05 0
1.88365e-05 0
1.96675e-05 0
2.05353e-05 0
2.14412e-05 0
2.23872e-05 0
2.33749e-05 0
2.44062e-05 0
2.5483e-05 0
2.66073e-05 0
2.77811e-05 0
2.90068e-05 0
3.02866e-05 0
3.16228e-05 0
3.30179e-05 0
3.44747e-05 0
3.59956e-05 0
3.75837e-05 0
3.92419e-05 0
4.09732e-05 0
4.27809e-05 0
4.46684e-05 0
4.66391e-05 0
4.86968e-05 0
5.08452e-05 0
5.30884e-05 0
5.54307e-05 0
5.78762e-05 0
6.04296e-05 0
6.30957e-05 0
6.58795e-05 0
6.8786e-05 0
7.18208e-05 0
7.49894e-05 0
7.82979e-05 0
8.17523e-05 0
8.53591e-05 0
8.91251e-05 0
9.30572e-05 0
9.71628e-05 0
0.00010145 0
0.000105925 0
0.000110599 0
0.000115478 0
0.000120573 0
0.000125893 0
0.000131447 0
0.000137246 0
0.000143301 0
0.000149624 0
0.000156225 0
0.000163117 0
0.000170314 0
0.000177828 0
0.000185674 0
0.000193865 0
0.000202418 0
0.000211349 0
0.000220673 0
0.000230409 0
0.000240575 0
0.000251189 0
0.000262271 0
0.000273842 0
0.000285924 0
0.000298538 0
0.000311709 0
0.000325462 0
0.000339821 0
0.000354813 0
0.000370467 0
0.000386812 0
0.000403878 0
0.000421697 0
0.000440301 0
0.000459727 0
0.00048001 0
0.000501187 0
0.000523299 0
0.000546387 0
0.000570493 0
0.000595662 0
0.000621942 0
0.000649382 0
0.000678032 0
0.000707946 0
0.00073918 0
0.000771792 0
0.000805842 0
0.000841395 0
0.000878517 0
0.000917276 0
0.000957745 0
0.001 0
0.00104412 0
0.00109018 0
0.00113828 0
0.0011885 0
0.00124094 0
0.00129569 0
0.00135285 65.1533
0.00141254 0
0.00147486 0
0.00153993 0
0.00160787 0
0.0016788 0
0.00175287 103.989
0.00183021 0
0.00191095 0
0.00199526 0
0.00208329 0
0.0021752 0
0.00227117 0
0.00237137 0
0.002476 110.595
0.00258523 0
0.00269929 0
0.00281838 0
0.00294273 0
0.00307256 51.9252
0.00320812 0
0.00334965 0
0.00349744 69.022
0.00365174 0
0.00381285 0
0.00398107 0
0.00415671 0
0.0043401 0
0.00453158 0
0.00473151 0
0.00494026 99.474
0.00515822 0
0.0053858 0
0.00562341 0
0.00587151 96.9845
0.00613056 42.892
0.00640103 117.146
0.00668344 0
0.00697831 0
0.00728618 0
0.00760764 244.184
0.00794328 99.7723
0.00829373 0
0.00865964 0
0.0090417 0
0.00944061 0
0.00985712 0
0.010292 72.9451
0.0107461 65.9917
0.0112202 0
0.0117152 317.12
0.0122321 308.474
0.0127717 151.861
0.0133352 41.2049
0.0139236 0
0.0145378 147.484
0.0151792 0
0.0158489 169.445
0.0165482 0
0.0172783 322.974
0.0180406 114.036
0.0188365 210.603
0.0196675 0
0.0205353 398.533
0.0214412 32.2405
0.0223872 651.914
0.0233749 418.444
0.0244062 384.761
0.025483 419.776
0.0266073 458.439
0.0277811 547.262
0.0290068 765.672
0.0302866 535.502
0.0316228 554.37
0.0330179 718.538
0.0344747 457.207
0.0359956 461.801
0.0375837 1042.79
0.0392419 1096.42
0.0409732 1391.13
0.0427809 692.401
0.0446684 933.886
0.0466391 615.033
0.0486968 1554.35
0.0508452 991.678
0.0530884 1032.86
0.0554307 1339.66
0.0578762 1307.93
0.0604296 1159.45
0.0630957 1845.82
0.0658795 1257.3
0.068786 2075.24
0.0718208 1639.9
0.0749894 1883.16
0.0782979 2296.44
0.0817523 1963.28
0.0853591 2037.85
0.0891251 2444.04
0.0930572 2168.73
0.0971628 2464
0.10145 2227.68
0.105925 2520.08
0.110599 2786.21
0.115478 2821.89
0.120573 3493.65
0.125893 2581.29
0.131447 3380.91
0.137246 2464.4
0.143301 2304.5
0.149624 2757.74
0.156225 3586.32
0.163117 4330.64
0.170314 3495.88
0.177828 2394.62
0.185674 2898.47
0.193865 3437.73
0.202418 3427.21
0.211349 3313.25
0.220673 2491.81
0.230409 3794.75
0.240575 2579.95
0.251189 4210.99
0.262271 3033.56
0.273842 4108.17
0.285924 3091.94
0.298538 3720.27
0.311709 3765.41
0.325462 2916.98
0.339821 3421.97
0.354813 2514.63
0.370467 3350.92
0.386812 3125.36
0.403878 3130.51
0.421697 4378.57
0.440301 3374.76
0.459727 3767.17
0.48001 3930.73
0.501187 3459.92
0.523299 3461.56
0.546387 4074.26
0.570493 3412.54
0.595662 3860.99
0.621942 3060.98
0.649382 3174.25
0.678032 3410.97
0.707946 2543.05
0.73918 3845.38
0.771792 3318.09
0.805842 2589.93
0.841395 3059.18
0.878517 2762.82
0.917276 2694.52
0.957745 2831.69
1 1914.89
1.04412 2212.97
1.09018 1887.61
1.13828 2271.41
1.1885 1902.57
1.24094 1920.53
1.29569 1395.41
1.35285 1695.68
1.41254 1381.04
1.47486 1294.68
1.53993 1280.54
1.60787 1376.03
1.6788 1205.36
1.75287 1511.71
1.83021 1030.24
1.91095 876.368
1.99526 1158.05
2.08329 1427.25
2.1752 650.522
2.27117 1161.54
2.37137 1425.71
2.476 660.378
2.58523 832.978
2.69929 486.527
2.81838 659.477
2.94273 954.253
3.07256 1141.02
3.20812 854.602
3.34965 468.306
3.49744 626.555
3.65174 832.626
3.81285 564.764
3.98107 499.96
4.15671 1136.72
4.3401 913.159
4.53158 670.436
4.73151 389.789
4.94026 857.687
5.15822 499.367
5.3858 774.5
5.62341 519.482
5.87151 161.323
6.13056 364.493
6.40103 537.797
6.68344 504.637
6.97831 392.395
7.28618 325.154
7.60764 400.448
7.94328 222.146
8.29373 91.0351
8.65964 554.957
9.0417 256.144
9.44061 505.644
9.85712 358.278
10.292 489.415
10.7461 174.593
11.2202 399.076
11.7152 162.541
12.2321 523.581
12.7717 556.803
13.3352 90.5655
13.9236 446.275
14.5378 217.039
15.1792 726.533
15.8489 255.537
16.5482 259.007
17.2783 562.422
18.0406 232.832
18.8365 596.309
19.6675 314.713
20.5353 233.998
21.4412 456.215
22.3872 278.447
23.3749 336.83
24.4062 595.863
25.483 680.5
26.6073 401.205
27.7811 298.276
29.0068 249.52
30.2866 245.025
31.6228 609.009
33.0179 396.663
34.4747 339.478
35.9956 440.452
37.5837 385.173
39.2419 641.586
40.9732 230.111
42.7809 721.615
44.6684 633.828
46.6391 409.827
48.6968 382.882
50.8452 603.925
53.0884 552.826
55.4307 607.174
57.8762 681.428
60.4296 278.614
63.0957 179.716
65.8795 442.759
68.786 431.778
71.8208 786.913
74.9894 793.148
78.2979 311.968
81.7523 1056.94
85.3591 445.971
89.1251 570.714
93.0572 710.819
97.1628 482.854
101.45 682.663
105.925 450.019
110.599 593.275
115.478 294.188
120.573 436.594
125.893 870.723
131.447 465.145
137.246 363.385
143.301 488.664
149.624 918.128
156.225 569.204
163.117 639.776
170.314 358.935
177.828 899.738
185.674 1066.84
193.865 561.33
202.418 363.773
211.349 945.166
220.673 562.728
230.409 527.06
240.575 538.533
251.189 1205.53
262.271 1045.8
273.842 296.795
285.924 429.479
298.538 617.195
311.709 663.244
325.462 440.143
339.821 1072.8
354.813 299.054
370.467 240.793
386.812 174.778
403.878 208.036
421.697 58.2367
440.301 376.649
459.727 286.184
480.01 111.481
501.187 60.6687
523.299 314.44
546.387 60.8236
570.493 197.738
595.662 0
621.942 0
649.382 0
678.032 0
707.946 85.864
739.18 0
771.792 0
805.842 0
841.395 24.4821
878.517 0
917.276 0
957.745 0
1000 0
