# First line is two numbers 
#     First value is '2', it means 'histogram mode'
#     Second value is 'Emin' of the histogram
# Other lines : 2 columns. 1) energy 2) probability (nb divided by NbEvent)
# Number of bins = 480
# Content below the first bin: 0
# Content above the last  bin: 0
# Content above the last  bin: 0
# Number of events: 209000
2 1e-06
1.04412e-06 0
1.09018e-06 0
1.13828e-06 0
1.1885e-06 0
1.24094e-06 0
1.29569e-06 0
1.35285e-06 0
1.41254e-06 0
1.47486e-06 0
1.53993e-06 0
1.60787e-06 0
1.6788e-06 0
1.75287e-06 0
1.83021e-06 0
1.91095e-06 0
1.99526e-06 0
2.08329e-06 0
2.1752e-06 0
2.27117e-06 0
2.37137e-06 0
2.476e-06 0
2.58523e-06 0
2.69929e-06 0
2.81838e-06 0
2.94273e-06 0
3.07256e-06 0
3.20812e-06 0
3.34965e-06 0
3.49744e-06 0
3.65174e-06 0
3.81285e-06 0
3.98107e-06 0
4.15671e-06 0
4.3401e-06 0
4.53158e-06 0
4.73151e-06 0
4.94026e-06 0
5.15822e-06 0
5.3858e-06 0
5.62341e-06 0
5.87151e-06 0
6.13056e-06 0
6.40103e-06 0
6.68344e-06 0
6.97831e-06 0
7.28618e-06 0
7.60764e-06 0
7.94328e-06 0
8.29373e-06 0
8.65964e-06 0
9.0417e-06 0
9.44061e-06 0
9.85712e-06 0
1.0292e-05 0
1.07461e-05 0
1.12202e-05 0
1.17152e-05 0
1.22321e-05 0
1.27717e-05 0
1.33352e-05 0
1.39236e-05 0
1.45378e-05 0
1.51792e-05 0
1.58489e-05 0
1.65482e-05 0
1.72783e-05 0
1.80406e-05 0
1.88365e-05 0
1.96675e-05 0
2.05353e-05 0
2.14412e-05 0
2.23872e-05 0
2.33749e-05 0
2.44062e-05 0
2.5483e-05 0
2.66073e-05 0
2.77811e-05 0
2.90068e-05 0
3.02866e-05 0
3.16228e-05 0
3.30179e-05 0
3.44747e-05 0
3.59956e-05 0
3.75837e-05 0
3.92419e-05 0
4.09732e-05 0
4.27809e-05 0
4.46684e-05 0
4.66391e-05 0
4.86968e-05 0
5.08452e-05 0
5.30884e-05 0
5.54307e-05 0
5.78762e-05 0
6.04296e-05 0
6.30957e-05 0
6.58795e-05 0
6.8786e-05 0
7.18208e-05 0
7.49894e-05 0
7.82979e-05 0
8.17523e-05 0
8.53591e-05 0
8.91251e-05 0
9.30572e-05 0
9.71628e-05 0
0.00010145 0
0.000105925 0
0.000110599 0
0.000115478 0
0.000120573 0
0.000125893 0
0.000131447 0
0.000137246 0
0.000143301 0
0.000149624 0
0.000156225 0
0.000163117 0
0.000170314 0
0.000177828 0
0.000185674 0
0.000193865 0
0.000202418 0
0.000211349 0
0.000220673 0
0.000230409 0
0.000240575 0
0.000251189 0
0.000262271 0
0.000273842 0
0.000285924 0
0.000298538 0
0.000311709 0
0.000325462 0
0.000339821 0
0.000354813 0
0.000370467 0
0.000386812 0
0.000403878 0
0.000421697 0
0.000440301 0
0.000459727 0
0.00048001 0
0.000501187 0
0.000523299 0
0.000546387 0
0.000570493 0
0.000595662 0
0.000621942 0
0.000649382 0
0.000678032 0
0.000707946 0
0.00073918 0
0.000771792 0
0.000805842 0
0.000841395 0
0.000878517 0
0.000917276 0
0.000957745 0
0.001 0
0.00104412 0
0.00109018 0
0.00113828 0
0.0011885 0
0.00124094 0
0.00129569 0
0.00135285 0
0.00141254 0
0.00147486 0
0.00153993 49.3846
0.00160787 0
0.0016788 0
0.00175287 0
0.00183021 81.8611
0.00191095 0
0.00199526 0
0.00208329 0
0.0021752 0
0.00227117 98.2665
0.00237137 0
0.002476 0
0.00258523 110.302
0.00269929 0
0.00281838 0
0.00294273 0
0.00307256 0
0.00320812 0
0.00334965 0
0.00349744 0
0.00365174 0
0.00381285 0
0.00398107 0
0.00415671 0
0.0043401 0
0.00453158 0
0.00473151 0
0.00494026 58.0297
0.00515822 0
0.0053858 0
0.00562341 0
0.00587151 13.7502
0.00613056 60.318
0.00640103 0
0.00668344 0
0.00697831 88.8525
0.00728618 58.6964
0.00760764 0
0.00794328 73.9746
0.00829373 31.4014
0.00865964 0
0.0090417 41.1261
0.00944061 72.3953
0.00985712 34.012
0.010292 105.523
0.0107461 112.61
0.0112202 117.585
0.0117152 0
0.0122321 193.217
0.0127717 128.59
0.0133352 130.757
0.0139236 119.778
0.0145378 55.1502
0.0151792 55.3288
0.0158489 88.602
0.0165482 0
0.0172783 191.172
0.0180406 160.937
0.0188365 462.055
0.0196675 212.802
0.0205353 611.116
0.0214412 300.875
0.0223872 710.88
0.0233749 405.042
0.0244062 453.588
0.025483 428.885
0.0266073 372.276
0.0277811 378.497
0.0290068 566.779
0.0302866 755.819
0.0316228 657.958
0.0330179 502.931
0.0344747 215.522
0.0359956 821.303
0.0375837 278.775
0.0392419 1109.54
0.0409732 1182.78
0.0427809 1708.62
0.0446684 1047.19
0.0466391 749.606
0.0486968 1015.46
0.0508452 1314.61
0.0530884 994.048
0.0554307 682.619
0.0578762 1679.09
0.0604296 739.314
0.0630957 885.233
0.0658795 1888.17
0.068786 1568.76
0.0718208 2504.34
0.0749894 1849.74
0.0782979 1839.62
0.0817523 1254.39
0.0853591 2020.55
0.0891251 2537.13
0.0930572 2208.46
0.0971628 3158.93
0.10145 2597.44
0.105925 2239.98
0.110599 1615.4
0.115478 2519.9
0.120573 3075.02
0.125893 3198.68
0.131447 2546.51
0.137246 2298.86
0.143301 1967.8
0.149624 2653.63
0.156225 2580.57
0.163117 3509.43
0.170314 3789.55
0.177828 3388.16
0.185674 3461.4
0.193865 2874.8
0.202418 2920.25
0.211349 2944.75
0.220673 2978
0.230409 3367.94
0.240575 3435.33
0.251189 4563.76
0.262271 3312.8
0.273842 2958.79
0.285924 3479.91
0.298538 4885.2
0.311709 3381.23
0.325462 3570
0.339821 4182.07
0.354813 3544.73
0.370467 3581.58
0.386812 4403
0.403878 3639.81
0.421697 3014.28
0.440301 3780.16
0.459727 4681.38
0.48001 3278.59
0.501187 3150.3
0.523299 4289.98
0.546387 4224.96
0.570493 3582.75
0.595662 3725.7
0.621942 4253.29
0.649382 3299.17
0.678032 4273.01
0.707946 3435.03
0.73918 3999.89
0.771792 3558.53
0.805842 3657.26
0.841395 3626.78
0.878517 3331.19
0.917276 2801.21
0.957745 2855.4
1 1840.87
1.04412 1720.34
1.09018 2030.98
1.13828 1497.39
1.1885 2262.99
1.24094 1740.3
1.29569 1410.37
1.35285 1434.7
1.41254 2040.11
1.47486 1369.57
1.53993 1291.94
1.60787 1862.65
1.6788 1096.63
1.75287 1216.26
1.83021 737.924
1.91095 950.898
1.99526 1449.55
2.08329 1058.44
2.1752 584.055
2.27117 555.037
2.37137 791.075
2.476 1017.25
2.58523 801.833
2.69929 1264.47
2.81838 832.03
2.94273 830.929
3.07256 1148.87
3.20812 934.049
3.34965 552.528
3.49744 751.655
3.65174 1021.39
3.81285 523.837
3.98107 655.092
4.15671 728.317
4.3401 1079
4.53158 1041.11
4.73151 350.584
4.94026 844.351
5.15822 516.04
5.3858 323.911
5.62341 556.932
5.87151 392.691
6.13056 529.847
6.40103 415.277
6.68344 381.309
6.97831 429.427
7.28618 680.412
7.60764 503.904
7.94328 268.891
8.29373 284.333
8.65964 323.102
9.0417 659.878
9.44061 858.886
9.85712 282.031
10.292 217.083
10.7461 335.82
11.2202 356.27
11.7152 197.593
12.2321 0
12.7717 107.066
13.3352 164.384
13.9236 630.496
14.5378 412.141
15.1792 181.191
15.8489 593.114
16.5482 550.466
17.2783 243.125
18.0406 311.096
18.8365 93.1177
19.6675 117.531
20.5353 376.642
21.4412 569.675
22.3872 341.395
23.3749 385.437
24.4062 571.453
25.483 424.819
26.6073 463.621
27.7811 400.169
29.0068 320.987
30.2866 169.934
31.6228 782.957
33.0179 218.32
34.4747 183.211
35.9956 248.491
37.5837 596.474
39.2419 127.101
40.9732 1028.14
42.7809 623.123
44.6684 475.616
46.6391 329.877
48.6968 520.025
50.8452 509.498
53.0884 255.528
55.4307 570.958
57.8762 242.702
60.4296 859.497
63.0957 1033.77
65.8795 660.87
68.786 529.042
71.8208 537.06
74.9894 497.531
78.2979 694.999
81.7523 513.647
85.3591 1003.48
89.1251 821.778
93.0572 509.212
97.1628 898.205
101.45 761.222
105.925 642.715
110.599 781.666
115.478 762.326
120.573 952.049
125.893 885.757
131.447 659.668
137.246 906.026
143.301 707.947
149.624 714.282
156.225 658.624
163.117 716.372
170.314 691.113
177.828 719.061
185.674 1046.79
193.865 642.422
202.418 1108.5
211.349 755.534
220.673 972.636
230.409 723.919
240.575 1183.54
251.189 298.18
262.271 845.232
273.842 836.04
285.924 699.073
298.538 769.76
311.709 1058.24
325.462 877.365
339.821 945.861
354.813 618.987
370.467 179.172
386.812 327.551
403.878 195.674
421.697 171.574
440.301 186.921
459.727 609.649
480.01 44.4831
501.187 213.712
523.299 0
546.387 60.2195
570.493 208.055
595.662 0
621.942 0
649.382 80.1858
678.032 0
707.946 0
739.18 72.7211
771.792 102.062
805.842 0
841.395 0
878.517 0
917.276 0
957.745 0
1000 0
