# First line is two numbers 
#     First value is '2', it means 'histogram mode'
#     Second value is 'Emin' of the histogram
# Other lines : 2 columns. 1) energy 2) probability (nb divided by NbEvent)
# Number of bins = 480
# Content below the first bin: 0
# Content above the last  bin: 0
# Content above the last  bin: 0
# Number of events: 209000
2 1e-06
1.04412e-06 0
1.09018e-06 0
1.13828e-06 0
1.1885e-06 0
1.24094e-06 0
1.29569e-06 0
1.35285e-06 0
1.41254e-06 0
1.47486e-06 0
1.53993e-06 0
1.60787e-06 0
1.6788e-06 0
1.75287e-06 0
1.83021e-06 0
1.91095e-06 0
1.99526e-06 0
2.08329e-06 0
2.1752e-06 0
2.27117e-06 0
2.37137e-06 0
2.476e-06 0
2.58523e-06 0
2.69929e-06 0
2.81838e-06 0
2.94273e-06 0
3.07256e-06 0
3.20812e-06 0
3.34965e-06 0
3.49744e-06 0
3.65174e-06 0
3.81285e-06 0
3.98107e-06 0
4.15671e-06 0
4.3401e-06 0
4.53158e-06 0
4.73151e-06 0
4.94026e-06 0
5.15822e-06 0
5.3858e-06 0
5.62341e-06 0
5.87151e-06 0
6.13056e-06 0
6.40103e-06 0
6.68344e-06 0
6.97831e-06 0
7.28618e-06 0
7.60764e-06 0
7.94328e-06 0
8.29373e-06 0
8.65964e-06 0
9.0417e-06 0
9.44061e-06 0
9.85712e-06 0
1.0292e-05 0
1.07461e-05 0
1.12202e-05 0
1.17152e-05 0
1.22321e-05 0
1.27717e-05 0
1.33352e-05 0
1.39236e-05 0
1.45378e-05 0
1.51792e-05 0
1.58489e-05 0
1.65482e-05 0
1.72783e-05 0
1.80406e-05 0
1.88365e-05 0
1.96675e-05 0
2.05353e-05 0
2.14412e-05 0
2.23872e-05 0
2.33749e-05 0
2.44062e-05 0
2.5483e-05 0
2.66073e-05 0
2.77811e-05 0
2.90068e-05 0
3.02866e-05 0
3.16228e-05 0
3.30179e-05 0
3.44747e-05 0
3.59956e-05 0
3.75837e-05 0
3.92419e-05 0
4.09732e-05 0
4.27809e-05 0
4.46684e-05 0
4.66391e-05 0
4.86968e-05 0
5.08452e-05 0
5.30884e-05 0
5.54307e-05 0
5.78762e-05 0
6.04296e-05 0
6.30957e-05 0
6.58795e-05 0
6.8786e-05 0
7.18208e-05 0
7.49894e-05 0
7.82979e-05 0
8.17523e-05 0
8.53591e-05 0
8.91251e-05 0
9.30572e-05 0
9.71628e-05 0
0.00010145 0
0.000105925 0
0.000110599 0
0.000115478 0
0.000120573 0
0.000125893 0
0.000131447 0
0.000137246 0
0.000143301 0
0.000149624 0
0.000156225 0
0.000163117 0
0.000170314 0
0.000177828 0
0.000185674 0
0.000193865 0
0.000202418 0
0.000211349 0
0.000220673 0
0.000230409 0
0.000240575 0
0.000251189 0
0.000262271 0
0.000273842 0
0.000285924 0
0.000298538 0
0.000311709 0
0.000325462 0
0.000339821 0
0.000354813 0
0.000370467 0
0.000386812 0
0.000403878 0
0.000421697 0
0.000440301 0
0.000459727 0
0.00048001 98.2119
0.000501187 0
0.000523299 0
0.000546387 0
0.000570493 0
0.000595662 0
0.000621942 0
0.000649382 10.8971
0.000678032 0
0.000707946 0
0.00073918 0
0.000771792 0
0.000805842 0
0.000841395 0
0.000878517 0
0.000917276 0
0.000957745 0
0.001 0
0.00104412 0
0.00109018 0
0.00113828 0
0.0011885 0
0.00124094 0
0.00129569 0
0.00135285 0
0.00141254 0
0.00147486 0
0.00153993 0
0.00160787 0
0.0016788 0
0.00175287 0
0.00183021 0
0.00191095 0
0.00199526 0
0.00208329 114.754
0.0021752 0
0.00227117 0
0.00237137 0
0.002476 0
0.00258523 0
0.00269929 0
0.00281838 0
0.00294273 0
0.00307256 0
0.00320812 0
0.00334965 0
0.00349744 0
0.00365174 0
0.00381285 0
0.00398107 0
0.00415671 0
0.0043401 0
0.00453158 0
0.00473151 84.5209
0.00494026 108.172
0.00515822 0
0.0053858 0
0.00562341 67.471
0.00587151 0
0.00613056 0
0.00640103 0
0.00668344 57.8015
0.00697831 106.373
0.00728618 119.599
0.00760764 145.497
0.00794328 0
0.00829373 0
0.00865964 53.4151
0.0090417 109.586
0.00944061 0
0.00985712 0
0.010292 95.8982
0.0107461 59.6571
0.0112202 0
0.0117152 437.666
0.0122321 0
0.0127717 24.9374
0.0133352 0
0.0139236 74.5925
0.0145378 170.017
0.0151792 235.298
0.0158489 0
0.0165482 320.703
0.0172783 382.022
0.0180406 736.526
0.0188365 243.093
0.0196675 554.169
0.0205353 436.594
0.0214412 285.81
0.0223872 210.383
0.0233749 513.679
0.0244062 407.579
0.025483 483.864
0.0266073 230.467
0.0277811 589.333
0.0290068 465.361
0.0302866 1076.63
0.0316228 707.912
0.0330179 185.822
0.0344747 1099.53
0.0359956 1184.04
0.0375837 713.893
0.0392419 925.236
0.0409732 647.41
0.0427809 493.352
0.0446684 1018.87
0.0466391 812.862
0.0486968 1722.07
0.0508452 1085.16
0.0530884 1415.48
0.0554307 1118.87
0.0578762 1708.1
0.0604296 1991.17
0.0630957 1446.3
0.0658795 1298.6
0.068786 1577.68
0.0718208 1680.92
0.0749894 1906.78
0.0782979 2328.94
0.0817523 2353.3
0.0853591 1215.78
0.0891251 2751.02
0.0930572 3295.63
0.0971628 2102.34
0.10145 2280.55
0.105925 2221.4
0.110599 3420.28
0.115478 2976.07
0.120573 2213.63
0.125893 3188.34
0.131447 3108.02
0.137246 2307.69
0.143301 2456.9
0.149624 2919.23
0.156225 2432.47
0.163117 3067.05
0.170314 3812.39
0.177828 3660.68
0.185674 3331.05
0.193865 2809.44
0.202418 3274.2
0.211349 2801.62
0.220673 4107.82
0.230409 3136.16
0.240575 3661.36
0.251189 3273.29
0.262271 3316.9
0.273842 3342.67
0.285924 3701.8
0.298538 3016.46
0.311709 3352.09
0.325462 3649.39
0.339821 5069.19
0.354813 3765.53
0.370467 4014.49
0.386812 3476.06
0.403878 3454.6
0.421697 3450.07
0.440301 3618.57
0.459727 3849.78
0.48001 3089.62
0.501187 2710.77
0.523299 3529.06
0.546387 3239.38
0.570493 4419.79
0.595662 2656.35
0.621942 3192.24
0.649382 3847.78
0.678032 4332.43
0.707946 3584.92
0.73918 4168.54
0.771792 2478.15
0.805842 2993.58
0.841395 3884.7
0.878517 1906.66
0.917276 2298.11
0.957745 3060.82
1 2102.09
1.04412 2562.47
1.09018 2662.9
1.13828 1905.71
1.1885 2621.12
1.24094 1460.17
1.29569 1360.54
1.35285 1858.19
1.41254 1278.56
1.47486 1951.18
1.53993 1459.61
1.60787 1678.8
1.6788 1940.82
1.75287 1278.47
1.83021 1860.39
1.91095 1413.37
1.99526 1022.57
2.08329 1226.03
2.1752 940.349
2.27117 932.158
2.37137 698.072
2.476 893.457
2.58523 965.938
2.69929 332.066
2.81838 847.433
2.94273 601.365
3.07256 748.417
3.20812 574.226
3.34965 843.35
3.49744 984.657
3.65174 488.95
3.81285 829.637
3.98107 542.588
4.15671 847.605
4.3401 681.462
4.53158 923.973
4.73151 761.869
4.94026 730.987
5.15822 529.536
5.3858 728.828
5.62341 461.902
5.87151 630.039
6.13056 794.159
6.40103 660.891
6.68344 497.637
6.97831 813.394
7.28618 674.77
7.60764 412.577
7.94328 581.808
8.29373 275.315
8.65964 347.268
9.0417 584.394
9.44061 67.4093
9.85712 292.633
10.292 683.879
10.7461 506.227
11.2202 261.338
11.7152 282.575
12.2321 220.634
12.7717 482.821
13.3352 428.582
13.9236 453.507
14.5378 492.403
15.1792 507.528
15.8489 294.309
16.5482 289.505
17.2783 429.051
18.0406 478.342
18.8365 343.942
19.6675 219.901
20.5353 567.384
21.4412 557.641
22.3872 614.777
23.3749 440.903
24.4062 240.725
25.483 136.716
26.6073 339.248
27.7811 536.66
29.0068 58.9941
30.2866 80.145
31.6228 210.443
33.0179 593.856
34.4747 1219.06
35.9956 840.13
37.5837 710.244
39.2419 646.008
40.9732 469.061
42.7809 549.809
44.6684 631.139
46.6391 374.172
48.6968 606.953
50.8452 404.231
53.0884 626.961
55.4307 337.082
57.8762 1185.39
60.4296 530.928
63.0957 679.2
65.8795 625.421
68.786 836.253
71.8208 639.281
74.9894 180.276
78.2979 954.91
81.7523 926.081
85.3591 350.96
89.1251 884.751
93.0572 566.567
97.1628 695.402
101.45 768.92
105.925 871.638
110.599 891.624
115.478 952.743
120.573 404.447
125.893 423.704
131.447 727.404
137.246 377.01
143.301 922.78
149.624 640.632
156.225 937.18
163.117 677.694
170.314 444.026
177.828 1095.25
185.674 721.626
193.865 1037.14
202.418 892.519
211.349 298.139
220.673 518.449
230.409 805.817
240.575 768.143
251.189 745.062
262.271 489.007
273.842 736.673
285.924 589.75
298.538 676.27
311.709 1022.6
325.462 735.648
339.821 374.379
354.813 242.748
370.467 639.957
386.812 274.277
403.878 647.816
421.697 247.031
440.301 475.266
459.727 142.599
480.01 231.108
501.187 121.85
523.299 61.998
546.387 0
570.493 0
595.662 104.503
621.942 161.52
649.382 0
678.032 0
707.946 0
739.18 0
771.792 0
805.842 0
841.395 0
878.517 0
917.276 0
957.745 0
1000 0
