# First line is two numbers 
#     First value is '2', it means 'histogram mode'
#     Second value is 'Emin' of the histogram
# Other lines : 2 columns. 1) energy 2) probability (nb divided by NbEvent)
# Number of bins = 480
# Content below the first bin: 0
# Content above the last  bin: 0
# Content above the last  bin: 0
# Number of events: 209000
2 1e-06
1.04412e-06 0
1.09018e-06 0
1.13828e-06 0
1.1885e-06 0
1.24094e-06 0
1.29569e-06 0
1.35285e-06 0
1.41254e-06 0
1.47486e-06 0
1.53993e-06 0
1.60787e-06 0
1.6788e-06 0
1.75287e-06 0
1.83021e-06 0
1.91095e-06 0
1.99526e-06 0
2.08329e-06 0
2.1752e-06 0
2.27117e-06 0
2.37137e-06 0
2.476e-06 0
2.58523e-06 0
2.69929e-06 0
2.81838e-06 0
2.94273e-06 0
3.07256e-06 0
3.20812e-06 0
3.34965e-06 0
3.49744e-06 0
3.65174e-06 0
3.81285e-06 0
3.98107e-06 0
4.15671e-06 0
4.3401e-06 0
4.53158e-06 0
4.73151e-06 0
4.94026e-06 0
5.15822e-06 0
5.3858e-06 0
5.62341e-06 0
5.87151e-06 0
6.13056e-06 0
6.40103e-06 0
6.68344e-06 0
6.97831e-06 0
7.28618e-06 0
7.60764e-06 0
7.94328e-06 0
8.29373e-06 0
8.65964e-06 0
9.0417e-06 0
9.44061e-06 0
9.85712e-06 0
1.0292e-05 0
1.07461e-05 0
1.12202e-05 0
1.17152e-05 0
1.22321e-05 0
1.27717e-05 0
1.33352e-05 0
1.39236e-05 0
1.45378e-05 0
1.51792e-05 0
1.58489e-05 0
1.65482e-05 0
1.72783e-05 0
1.80406e-05 0
1.88365e-05 0
1.96675e-05 0
2.05353e-05 0
2.14412e-05 0
2.23872e-05 0
2.33749e-05 0
2.44062e-05 0
2.5483e-05 0
2.66073e-05 0
2.77811e-05 0
2.90068e-05 0
3.02866e-05 0
3.16228e-05 0
3.30179e-05 0
3.44747e-05 0
3.59956e-05 0
3.75837e-05 0
3.92419e-05 0
4.09732e-05 0
4.27809e-05 0
4.46684e-05 0
4.66391e-05 0
4.86968e-05 0
5.08452e-05 0
5.30884e-05 0
5.54307e-05 0
5.78762e-05 0
6.04296e-05 0
6.30957e-05 0
6.58795e-05 0
6.8786e-05 0
7.18208e-05 0
7.49894e-05 0
7.82979e-05 0
8.17523e-05 0
8.53591e-05 0
8.91251e-05 0
9.30572e-05 0
9.71628e-05 0
0.00010145 0
0.000105925 0
0.000110599 0
0.000115478 0
0.000120573 0
0.000125893 0
0.000131447 0
0.000137246 0
0.000143301 0
0.000149624 0
0.000156225 0
0.000163117 0
0.000170314 0
0.000177828 0
0.000185674 0
0.000193865 0
0.000202418 0
0.000211349 0
0.000220673 0
0.000230409 0
0.000240575 0
0.000251189 0
0.000262271 0
0.000273842 0
0.000285924 0
0.000298538 0
0.000311709 0
0.000325462 0
0.000339821 0
0.000354813 0
0.000370467 0
0.000386812 0
0.000403878 0
0.000421697 0
0.000440301 0
0.000459727 0
0.00048001 113.024
0.000501187 0
0.000523299 0
0.000546387 0
0.000570493 0
0.000595662 0
0.000621942 0
0.000649382 0
0.000678032 0
0.000707946 0
0.00073918 0
0.000771792 0
0.000805842 0
0.000841395 0
0.000878517 0
0.000917276 0
0.000957745 0
0.001 0
0.00104412 0
0.00109018 0
0.00113828 0
0.0011885 0
0.00124094 0
0.00129569 0
0.00135285 0
0.00141254 0
0.00147486 0
0.00153993 0
0.00160787 0
0.0016788 0
0.00175287 0
0.00183021 0
0.00191095 0
0.00199526 0
0.00208329 0
0.0021752 0
0.00227117 0
0.00237137 0
0.002476 0
0.00258523 0
0.00269929 0
0.00281838 0
0.00294273 0
0.00307256 0
0.00320812 58.6269
0.00334965 95.446
0.00349744 84.6201
0.00365174 0
0.00381285 0
0.00398107 25.9117
0.00415671 105.61
0.0043401 0
0.00453158 0
0.00473151 89.6098
0.00494026 95.6731
0.00515822 0
0.0053858 45.0334
0.00562341 86.5231
0.00587151 70.2316
0.00613056 101.446
0.00640103 0
0.00668344 193.424
0.00697831 60.7534
0.00728618 86.7489
0.00760764 219.621
0.00794328 94.5805
0.00829373 0
0.00865964 102.584
0.0090417 101.082
0.00944061 96.1284
0.00985712 428.78
0.010292 33.7335
0.0107461 169.613
0.0112202 168.826
0.0117152 443.59
0.0122321 114.012
0.0127717 184.64
0.0133352 450.517
0.0139236 142.479
0.0145378 254.402
0.0151792 322.152
0.0158489 488.707
0.0165482 414.883
0.0172783 380.446
0.0180406 413.892
0.0188365 601.967
0.0196675 371.519
0.0205353 605.976
0.0214412 516.724
0.0223872 601.67
0.0233749 682.466
0.0244062 1266.22
0.025483 922.146
0.0266073 740.344
0.0277811 1419.92
0.0290068 1380.49
0.0302866 991.429
0.0316228 1242.97
0.0330179 1642.54
0.0344747 1633.08
0.0359956 2290.33
0.0375837 1127.36
0.0392419 1625.69
0.0409732 2098.41
0.0427809 2133.81
0.0446684 2280.57
0.0466391 2207.72
0.0486968 2576.6
0.0508452 1485.71
0.0530884 2607.02
0.0554307 2332.52
0.0578762 2329.94
0.0604296 3272.46
0.0630957 3605.96
0.0658795 1861.9
0.068786 2336.77
0.0718208 4494.27
0.0749894 4231
0.0782979 4167.41
0.0817523 4266.34
0.0853591 5080.35
0.0891251 3463.12
0.0930572 5184.12
0.0971628 4555.12
0.10145 4636.24
0.105925 5603.29
0.110599 5255.85
0.115478 5401.73
0.120573 6897.85
0.125893 7300.34
0.131447 6980.61
0.137246 4927.05
0.143301 6233.31
0.149624 5022.98
0.156225 8497.08
0.163117 6585.21
0.170314 6075.45
0.177828 6659.52
0.185674 8291.75
0.193865 6673.71
0.202418 6686.22
0.211349 6424.21
0.220673 7196.05
0.230409 8371.82
0.240575 8174.52
0.251189 7770.63
0.262271 8805.69
0.273842 6228.42
0.285924 7955.46
0.298538 7538.56
0.311709 7523.78
0.325462 8243.31
0.339821 8811.21
0.354813 7107.89
0.370467 7582.62
0.386812 8438.37
0.403878 8406.86
0.421697 9108.64
0.440301 7901.48
0.459727 9201.83
0.48001 8675.81
0.501187 8116.17
0.523299 7901.52
0.546387 6138.24
0.570493 8371.16
0.595662 7132.63
0.621942 6517.61
0.649382 7558.3
0.678032 6706.44
0.707946 6704.4
0.73918 6882.84
0.771792 5526.62
0.805842 6417.05
0.841395 6362.02
0.878517 7034.75
0.917276 5684.8
0.957745 5609.9
1 3948.89
1.04412 5746.72
1.09018 4691.08
1.13828 4520.69
1.1885 3294.48
1.24094 3458.38
1.29569 2491.6
1.35285 3300.47
1.41254 3760.38
1.47486 3117.49
1.53993 1896.07
1.60787 2122.89
1.6788 2383.52
1.75287 2832.59
1.83021 2032.95
1.91095 2639.58
1.99526 1722.5
2.08329 2704.43
2.1752 2157.74
2.27117 1868.34
2.37137 1746.03
2.476 1634.1
2.58523 1551.3
2.69929 2306.93
2.81838 1883.54
2.94273 1535.14
3.07256 1508.84
3.20812 2121.43
3.34965 1571.69
3.49744 1152.53
3.65174 1849.75
3.81285 1036.46
3.98107 1383.65
4.15671 2206.04
4.3401 997.486
4.53158 1289.41
4.73151 1134.28
4.94026 1192.26
5.15822 1169.86
5.3858 1479.32
5.62341 911.429
5.87151 1290.39
6.13056 804.063
6.40103 1449.99
6.68344 1163.48
6.97831 721.804
7.28618 626.42
7.60764 716.466
7.94328 651.475
8.29373 723.311
8.65964 588.553
9.0417 732.513
9.44061 886.215
9.85712 1194.85
10.292 761.639
10.7461 990.18
11.2202 1256.07
11.7152 707.363
12.2321 376.133
12.7717 1468.27
13.3352 329.786
13.9236 841.523
14.5378 670.464
15.1792 668.911
15.8489 867.274
16.5482 253.741
17.2783 824.117
18.0406 493.945
18.8365 739.964
19.6675 502.379
20.5353 1129.57
21.4412 895.428
22.3872 557.649
23.3749 1017.78
24.4062 1076.37
25.483 736.5
26.6073 758.162
27.7811 652.815
29.0068 895.519
30.2866 984.031
31.6228 547.7
33.0179 864.381
34.4747 1182.96
35.9956 1415.97
37.5837 911.557
39.2419 650.877
40.9732 712.923
42.7809 868.847
44.6684 979.648
46.6391 890.897
48.6968 1420.07
50.8452 1356.82
53.0884 1516.52
55.4307 1645.79
57.8762 1296.97
60.4296 2414.79
63.0957 1819.24
65.8795 2292.16
68.786 1672.96
71.8208 1677.42
74.9894 1306.67
78.2979 954.927
81.7523 1373.17
85.3591 1788.77
89.1251 1503.33
93.0572 1735.34
97.1628 1746.83
101.45 1844.55
105.925 1737.19
110.599 1341.79
115.478 2333.62
120.573 2168.2
125.893 1660.78
131.447 2704.58
137.246 2604.14
143.301 2513.15
149.624 1950.24
156.225 1913.94
163.117 3306.65
170.314 2601.83
177.828 2258.41
185.674 2205.89
193.865 2029.14
202.418 2533.76
211.349 2834.01
220.673 3246.25
230.409 2100.11
240.575 2258.71
251.189 2131.66
262.271 1989.19
273.842 1630.88
285.924 1623
298.538 2081.96
311.709 1396.66
325.462 1151.06
339.821 1093.16
354.813 1261.76
370.467 1155.19
386.812 863.493
403.878 385.333
421.697 399.225
440.301 626.85
459.727 191.596
480.01 221.963
501.187 103.224
523.299 0
546.387 161.523
570.493 96.3572
595.662 0
621.942 0
649.382 0
678.032 0
707.946 0
739.18 143.67
771.792 0
805.842 0
841.395 0
878.517 0
917.276 0
957.745 0
1000 0
