# First line is two numbers 
#     First value is '2', it means 'histogram mode'
#     Second value is 'Emin' of the histogram
# Other lines : 2 columns. 1) energy 2) probability (nb divided by NbEvent)
# Number of bins = 480
# Content below the first bin: 499.258
# Content above the last  bin: 0
# Content above the last  bin: 0
# Number of events: 209000
2 1e-06
1.04412e-06 0
1.09018e-06 0
1.13828e-06 0
1.1885e-06 0
1.24094e-06 0
1.29569e-06 0
1.35285e-06 0
1.41254e-06 0
1.47486e-06 0
1.53993e-06 0
1.60787e-06 0
1.6788e-06 0
1.75287e-06 0
1.83021e-06 0
1.91095e-06 0
1.99526e-06 0
2.08329e-06 0
2.1752e-06 0
2.27117e-06 0
2.37137e-06 0
2.476e-06 0
2.58523e-06 0
2.69929e-06 0
2.81838e-06 0
2.94273e-06 0
3.07256e-06 0
3.20812e-06 0
3.34965e-06 0
3.49744e-06 0
3.65174e-06 0
3.81285e-06 0
3.98107e-06 0
4.15671e-06 0
4.3401e-06 0
4.53158e-06 0
4.73151e-06 0
4.94026e-06 0
5.15822e-06 0
5.3858e-06 0
5.62341e-06 0
5.87151e-06 0
6.13056e-06 0
6.40103e-06 0
6.68344e-06 0
6.97831e-06 0
7.28618e-06 0
7.60764e-06 0
7.94328e-06 0
8.29373e-06 0
8.65964e-06 0
9.0417e-06 0
9.44061e-06 0
9.85712e-06 0
1.0292e-05 0
1.07461e-05 0
1.12202e-05 0
1.17152e-05 0
1.22321e-05 0
1.27717e-05 0
1.33352e-05 0
1.39236e-05 0
1.45378e-05 0
1.51792e-05 0
1.58489e-05 0
1.65482e-05 0
1.72783e-05 0
1.80406e-05 0
1.88365e-05 0
1.96675e-05 0
2.05353e-05 0
2.14412e-05 0
2.23872e-05 0
2.33749e-05 0
2.44062e-05 0
2.5483e-05 0
2.66073e-05 0
2.77811e-05 0
2.90068e-05 0
3.02866e-05 0
3.16228e-05 0
3.30179e-05 0
3.44747e-05 0
3.59956e-05 0
3.75837e-05 0
3.92419e-05 0
4.09732e-05 0
4.27809e-05 0
4.46684e-05 0
4.66391e-05 0
4.86968e-05 0
5.08452e-05 0
5.30884e-05 0
5.54307e-05 0
5.78762e-05 0
6.04296e-05 0
6.30957e-05 0
6.58795e-05 0
6.8786e-05 0
7.18208e-05 0
7.49894e-05 0
7.82979e-05 0
8.17523e-05 0
8.53591e-05 0
8.91251e-05 0
9.30572e-05 0
9.71628e-05 0
0.00010145 0
0.000105925 0
0.000110599 0
0.000115478 0
0.000120573 0
0.000125893 0
0.000131447 0
0.000137246 0
0.000143301 0
0.000149624 0
0.000156225 0
0.000163117 0
0.000170314 0
0.000177828 0
0.000185674 0
0.000193865 0
0.000202418 0
0.000211349 0
0.000220673 0
0.000230409 0
0.000240575 0
0.000251189 0
0.000262271 0
0.000273842 0
0.000285924 0
0.000298538 0
0.000311709 0
0.000325462 0
0.000339821 0
0.000354813 0
0.000370467 0
0.000386812 0
0.000403878 0
0.000421697 0
0.000440301 0
0.000459727 0
0.00048001 0
0.000501187 0
0.000523299 0
0.000546387 0
0.000570493 0
0.000595662 0
0.000621942 0
0.000649382 0
0.000678032 0
0.000707946 0
0.00073918 0
0.000771792 0
0.000805842 0
0.000841395 0
0.000878517 0
0.000917276 0
0.000957745 0
0.001 0
0.00104412 0
0.00109018 0
0.00113828 0
0.0011885 0
0.00124094 0
0.00129569 0
0.00135285 0
0.00141254 0
0.00147486 0
0.00153993 0
0.00160787 0
0.0016788 0
0.00175287 0
0.00183021 0
0.00191095 0
0.00199526 0
0.00208329 0
0.0021752 0
0.00227117 0
0.00237137 20.8662
0.002476 0
0.00258523 0
0.00269929 0
0.00281838 0
0.00294273 0
0.00307256 0
0.00320812 0
0.00334965 0
0.00349744 0
0.00365174 0
0.00381285 0
0.00398107 0
0.00415671 0
0.0043401 0
0.00453158 0
0.00473151 0
0.00494026 0
0.00515822 0
0.0053858 0
0.00562341 0
0.00587151 0
0.00613056 0
0.00640103 0
0.00668344 0
0.00697831 0
0.00728618 0
0.00760764 0
0.00794328 0
0.00829373 0
0.00865964 0
0.0090417 0
0.00944061 0
0.00985712 0
0.010292 0
0.0107461 0
0.0112202 0
0.0117152 0
0.0122321 0
0.0127717 0
0.0133352 0
0.0139236 0
0.0145378 0
0.0151792 0
0.0158489 0
0.0165482 0
0.0172783 0
0.0180406 0
0.0188365 0
0.0196675 0
0.0205353 0
0.0214412 0
0.0223872 0
0.0233749 0
0.0244062 0
0.025483 56.1114
0.0266073 0
0.0277811 0
0.0290068 0
0.0302866 111.54
0.0316228 0
0.0330179 0
0.0344747 0
0.0359956 0
0.0375837 0
0.0392419 0
0.0409732 0
0.0427809 0
0.0446684 0
0.0466391 71.7057
0.0486968 0
0.0508452 0
0.0530884 0
0.0554307 0
0.0578762 0
0.0604296 0
0.0630957 0
0.0658795 0
0.068786 0
0.0718208 0
0.0749894 0
0.0782979 0
0.0817523 114.505
0.0853591 105.407
0.0891251 0
0.0930572 0
0.0971628 0
0.10145 0
0.105925 0
0.110599 0
0.115478 0
0.120573 118.579
0.125893 0
0.131447 0
0.137246 146.321
0.143301 97.786
0.149624 0
0.156225 0
0.163117 0
0.170314 0
0.177828 0
0.185674 76.8948
0.193865 0
0.202418 0
0.211349 51.1793
0.220673 0
0.230409 94.3082
0.240575 0
0.251189 0
0.262271 170.839
0.273842 0
0.285924 0
0.298538 0
0.311709 188.833
0.325462 0
0.339821 116.833
0.354813 174.014
0.370467 94.0474
0.386812 134.153
0.403878 63.1966
0.421697 0
0.440301 100.357
0.459727 51.788
0.48001 195.542
0.501187 81.0941
0.523299 0
0.546387 110.743
0.570493 24.8993
0.595662 199.361
0.621942 191.741
0.649382 0
0.678032 0
0.707946 180.194
0.73918 176.369
0.771792 308.177
0.805842 0
0.841395 577.537
0.878517 491.444
0.917276 71.3808
0.957745 186.741
1 93.5952
1.04412 149.415
1.09018 96.8363
1.13828 548.699
1.1885 115.926
1.24094 301.154
1.29569 0
1.35285 63.7189
1.41254 220.345
1.47486 205.312
1.53993 276.655
1.60787 207.028
1.6788 233.809
1.75287 50.2212
1.83021 174.751
1.91095 319.872
1.99526 0
2.08329 334.844
2.1752 18.3825
2.27117 350.847
2.37137 201.109
2.476 212.44
2.58523 0
2.69929 83.3871
2.81838 104.67
2.94273 95.8319
3.07256 69.7928
3.20812 173
3.34965 95.395
3.49744 0
3.65174 233.616
3.81285 211.267
3.98107 0
4.15671 103.847
4.3401 0
4.53158 0
4.73151 165.646
4.94026 185.37
5.15822 0
5.3858 59.1526
5.62341 112.156
5.87151 55.0073
6.13056 85.7682
6.40103 209.57
6.68344 268.2
6.97831 59.5472
7.28618 0
7.60764 100.747
7.94328 327.819
8.29373 55.2766
8.65964 114.063
9.0417 67.4021
9.44061 131.833
9.85712 0
10.292 88.1292
10.7461 176.215
11.2202 0
11.7152 0
12.2321 301.784
12.7717 197.487
13.3352 73.951
13.9236 42.9
14.5378 0
15.1792 0
15.8489 161.445
16.5482 381.563
17.2783 75.959
18.0406 0
18.8365 304.074
19.6675 0
20.5353 75.9924
21.4412 0
22.3872 115.637
23.3749 119.704
24.4062 167.166
25.483 136.109
26.6073 0
27.7811 0
29.0068 117.399
30.2866 279.187
31.6228 0
33.0179 192.392
34.4747 92.3126
35.9956 249.729
37.5837 158.568
39.2419 66.7984
40.9732 0
42.7809 162.594
44.6684 0
46.6391 303.422
48.6968 104.054
50.8452 113.049
53.0884 48.2478
55.4307 263.808
57.8762 74.0046
60.4296 0
63.0957 0
65.8795 189.41
68.786 404.559
71.8208 231.833
74.9894 172.056
78.2979 130.246
81.7523 42.2358
85.3591 235.141
89.1251 69.4456
93.0572 114.572
97.1628 217.4
101.45 0
105.925 101.217
110.599 71.3221
115.478 118.239
120.573 278.015
125.893 0
131.447 103.454
137.246 62.0892
143.301 91.8278
149.624 141.299
156.225 0
163.117 0
170.314 96.8654
177.828 167.427
185.674 0
193.865 104.488
202.418 65.1144
211.349 97.5049
220.673 245.064
230.409 0
240.575 0
251.189 0
262.271 0
273.842 0
285.924 0
298.538 114.855
311.709 0
325.462 0
339.821 0
354.813 0
370.467 0
386.812 0
403.878 0
421.697 0
440.301 0
459.727 0
480.01 0
501.187 0
523.299 0
546.387 0
570.493 0
595.662 0
621.942 0
649.382 0
678.032 0
707.946 0
739.18 0
771.792 0
805.842 0
841.395 0
878.517 0
917.276 0
957.745 0
1000 0
