# First line is two numbers 
#     First value is '2', it means 'histogram mode'
#     Second value is 'Emin' of the histogram
# Other lines : 2 columns. 1) energy 2) probability (nb divided by NbEvent)
# Number of bins = 480
# Content below the first bin: 0
# Content above the last  bin: 101.819
# Content above the last  bin: 101.819
# Number of events: 209000
2 1e-06
1.04412e-06 0
1.09018e-06 0
1.13828e-06 0
1.1885e-06 0
1.24094e-06 0
1.29569e-06 0
1.35285e-06 0
1.41254e-06 0
1.47486e-06 0
1.53993e-06 0
1.60787e-06 0
1.6788e-06 0
1.75287e-06 0
1.83021e-06 0
1.91095e-06 0
1.99526e-06 0
2.08329e-06 0
2.1752e-06 0
2.27117e-06 0
2.37137e-06 0
2.476e-06 0
2.58523e-06 0
2.69929e-06 0
2.81838e-06 0
2.94273e-06 0
3.07256e-06 0
3.20812e-06 0
3.34965e-06 0
3.49744e-06 0
3.65174e-06 0
3.81285e-06 0
3.98107e-06 0
4.15671e-06 0
4.3401e-06 0
4.53158e-06 0
4.73151e-06 0
4.94026e-06 0
5.15822e-06 0
5.3858e-06 0
5.62341e-06 0
5.87151e-06 0
6.13056e-06 0
6.40103e-06 0
6.68344e-06 0
6.97831e-06 0
7.28618e-06 0
7.60764e-06 0
7.94328e-06 0
8.29373e-06 0
8.65964e-06 0
9.0417e-06 0
9.44061e-06 0
9.85712e-06 0
1.0292e-05 0
1.07461e-05 0
1.12202e-05 0
1.17152e-05 0
1.22321e-05 0
1.27717e-05 0
1.33352e-05 0
1.39236e-05 0
1.45378e-05 0
1.51792e-05 0
1.58489e-05 0
1.65482e-05 0
1.72783e-05 0
1.80406e-05 0
1.88365e-05 0
1.96675e-05 0
2.05353e-05 0
2.14412e-05 0
2.23872e-05 0
2.33749e-05 0
2.44062e-05 0
2.5483e-05 0
2.66073e-05 0
2.77811e-05 0
2.90068e-05 0
3.02866e-05 0
3.16228e-05 0
3.30179e-05 0
3.44747e-05 0
3.59956e-05 0
3.75837e-05 0
3.92419e-05 0
4.09732e-05 0
4.27809e-05 0
4.46684e-05 0
4.66391e-05 0
4.86968e-05 0
5.08452e-05 0
5.30884e-05 0
5.54307e-05 0
5.78762e-05 0
6.04296e-05 0
6.30957e-05 0
6.58795e-05 0
6.8786e-05 0
7.18208e-05 0
7.49894e-05 0
7.82979e-05 0
8.17523e-05 0
8.53591e-05 0
8.91251e-05 0
9.30572e-05 0
9.71628e-05 0
0.00010145 0
0.000105925 0
0.000110599 0
0.000115478 0
0.000120573 0
0.000125893 0
0.000131447 0
0.000137246 0
0.000143301 0
0.000149624 0
0.000156225 0
0.000163117 0
0.000170314 0
0.000177828 0
0.000185674 0
0.000193865 0
0.000202418 0
0.000211349 0
0.000220673 0
0.000230409 0
0.000240575 0
0.000251189 0
0.000262271 0
0.000273842 0
0.000285924 0
0.000298538 0
0.000311709 0
0.000325462 0
0.000339821 0
0.000354813 0
0.000370467 0
0.000386812 0
0.000403878 0
0.000421697 0
0.000440301 0
0.000459727 0
0.00048001 0
0.000501187 0
0.000523299 0
0.000546387 0
0.000570493 0
0.000595662 0
0.000621942 0
0.000649382 0
0.000678032 0
0.000707946 0
0.00073918 0
0.000771792 0
0.000805842 0
0.000841395 0
0.000878517 0
0.000917276 0
0.000957745 0
0.001 0
0.00104412 0
0.00109018 0
0.00113828 0
0.0011885 0
0.00124094 0
0.00129569 0
0.00135285 0
0.00141254 0
0.00147486 0
0.00153993 0
0.00160787 0
0.0016788 0
0.00175287 0
0.00183021 0
0.00191095 108.737
0.00199526 0
0.00208329 0
0.0021752 0
0.00227117 0
0.00237137 0
0.002476 0
0.00258523 0
0.00269929 0
0.00281838 0
0.00294273 0
0.00307256 0
0.00320812 0
0.00334965 0
0.00349744 0
0.00365174 0
0.00381285 0
0.00398107 0
0.00415671 0
0.0043401 0
0.00453158 116.835
0.00473151 0
0.00494026 0
0.00515822 0
0.0053858 0
0.00562341 106.981
0.00587151 0
0.00613056 0
0.00640103 113.646
0.00668344 0
0.00697831 0
0.00728618 0
0.00760764 0
0.00794328 0
0.00829373 0
0.00865964 0
0.0090417 102.555
0.00944061 0
0.00985712 42.5783
0.010292 0
0.0107461 61.3741
0.0112202 0
0.0117152 112.13
0.0122321 212.884
0.0127717 0
0.0133352 113.63
0.0139236 77.156
0.0145378 100.22
0.0151792 288.925
0.0158489 538.401
0.0165482 179.139
0.0172783 599.029
0.0180406 301.701
0.0188365 53.5819
0.0196675 239.197
0.0205353 435.835
0.0214412 464.892
0.0223872 305.279
0.0233749 419.873
0.0244062 529.643
0.025483 512.814
0.0266073 774.253
0.0277811 501.689
0.0290068 1190.22
0.0302866 659.528
0.0316228 103.757
0.0330179 477.12
0.0344747 558.837
0.0359956 608.473
0.0375837 881.047
0.0392419 587.635
0.0409732 1410.86
0.0427809 1007.81
0.0446684 1096.41
0.0466391 957.787
0.0486968 926.912
0.0508452 1249.01
0.0530884 843.304
0.0554307 1048.14
0.0578762 882.898
0.0604296 1439.96
0.0630957 971.524
0.0658795 1432.36
0.068786 1978.24
0.0718208 1254.84
0.0749894 1315.88
0.0782979 1772.24
0.0817523 2435.2
0.0853591 2480.61
0.0891251 1918.4
0.0930572 2175.17
0.0971628 1872.01
0.10145 3091.84
0.105925 2129.27
0.110599 1920.03
0.115478 3287.42
0.120573 2587.4
0.125893 2357.81
0.131447 3391.63
0.137246 2279.37
0.143301 3728.37
0.149624 3134.01
0.156225 3468.78
0.163117 3207
0.170314 1725.29
0.177828 2242.26
0.185674 3039.5
0.193865 2442.5
0.202418 2674.57
0.211349 3411.08
0.220673 2977.64
0.230409 2918.26
0.240575 2726.96
0.251189 3740.88
0.262271 3467.92
0.273842 3099.09
0.285924 4326.09
0.298538 3860.34
0.311709 2952.1
0.325462 4362.51
0.339821 4052.69
0.354813 3090.9
0.370467 4029.02
0.386812 2739.44
0.403878 2857.55
0.421697 3561.09
0.440301 3306.77
0.459727 4353.46
0.48001 2956.88
0.501187 3788.52
0.523299 3090.57
0.546387 3002.47
0.570493 3145.08
0.595662 3381
0.621942 3489.27
0.649382 4235.81
0.678032 3760.15
0.707946 3983.88
0.73918 3132.62
0.771792 3168.42
0.805842 2922.19
0.841395 1682.7
0.878517 2897.44
0.917276 2973.37
0.957745 2632.96
1 2066.46
1.04412 1949.14
1.09018 2763.57
1.13828 1435.95
1.1885 1775.37
1.24094 1222.66
1.29569 2131.51
1.35285 1857.5
1.41254 1761.85
1.47486 902.758
1.53993 1385.38
1.60787 1426.68
1.6788 1171.99
1.75287 1244.06
1.83021 1531.67
1.91095 1212.47
1.99526 851.016
2.08329 1048.94
2.1752 781.838
2.27117 1065.18
2.37137 979.93
2.476 851.146
2.58523 377.29
2.69929 452.313
2.81838 907.77
2.94273 493.978
3.07256 419.517
3.20812 972.615
3.34965 565.09
3.49744 951.684
3.65174 733.132
3.81285 351.997
3.98107 1611.92
4.15671 534.19
4.3401 660.929
4.53158 681.448
4.73151 381.465
4.94026 469.672
5.15822 186.029
5.3858 546.777
5.62341 648.02
5.87151 702.687
6.13056 287.541
6.40103 462.258
6.68344 358.375
6.97831 154.201
7.28618 465.767
7.60764 0
7.94328 374.717
8.29373 287.137
8.65964 166.202
9.0417 417.071
9.44061 213.231
9.85712 452.462
10.292 404.562
10.7461 89.1074
11.2202 104.293
11.7152 365.252
12.2321 536.463
12.7717 306.854
13.3352 644.889
13.9236 746.045
14.5378 418.448
15.1792 53.4684
15.8489 760.143
16.5482 334.757
17.2783 141.502
18.0406 148.719
18.8365 124.368
19.6675 465.378
20.5353 536.857
21.4412 302.498
22.3872 594.523
23.3749 562.226
24.4062 279.243
25.483 319.655
26.6073 127.769
27.7811 749.939
29.0068 505.946
30.2866 251.339
31.6228 489.438
33.0179 490.109
34.4747 388.223
35.9956 768.628
37.5837 215.854
39.2419 329.915
40.9732 882.712
42.7809 461.868
44.6684 643.544
46.6391 619.087
48.6968 274.386
50.8452 439.016
53.0884 234.239
55.4307 452.791
57.8762 490.931
60.4296 565.248
63.0957 616.873
65.8795 552.456
68.786 236.558
71.8208 707.594
74.9894 701.847
78.2979 642.868
81.7523 988.625
85.3591 654.201
89.1251 428.907
93.0572 991.342
97.1628 458.087
101.45 561.068
105.925 910.456
110.599 189.591
115.478 1423.85
120.573 1026.14
125.893 978.807
131.447 597.223
137.246 638.745
143.301 599.007
149.624 1411.85
156.225 513.816
163.117 948.357
170.314 874.399
177.828 723.735
185.674 939.351
193.865 813.157
202.418 320.336
211.349 1151.77
220.673 757.398
230.409 634.857
240.575 393.358
251.189 801.402
262.271 985.874
273.842 442.68
285.924 885.045
298.538 1111.84
311.709 885.996
325.462 461.609
339.821 828.056
354.813 505.02
370.467 585.157
386.812 268.955
403.878 381.962
421.697 305.425
440.301 252.243
459.727 643.021
480.01 0
501.187 0
523.299 0
546.387 38.7731
570.493 103.639
595.662 192.402
621.942 89.2745
649.382 61.8801
678.032 0
707.946 0
739.18 0
771.792 0
805.842 0
841.395 0
878.517 36.1181
917.276 0
957.745 0
1000 0
