# First line is two numbers 
#     First value is '2', it means 'histogram mode'
#     Second value is 'Emin' of the histogram
# Other lines : 2 columns. 1) energy 2) probability (nb divided by NbEvent)
# Number of bins = 480
# Content below the first bin: 0
# Content above the last  bin: 0
# Content above the last  bin: 0
# Number of events: 209000
2 1e-06
1.04412e-06 0
1.09018e-06 0
1.13828e-06 0
1.1885e-06 0
1.24094e-06 0
1.29569e-06 0
1.35285e-06 0
1.41254e-06 0
1.47486e-06 0
1.53993e-06 0
1.60787e-06 0
1.6788e-06 0
1.75287e-06 0
1.83021e-06 0
1.91095e-06 0
1.99526e-06 0
2.08329e-06 0
2.1752e-06 0
2.27117e-06 0
2.37137e-06 0
2.476e-06 0
2.58523e-06 0
2.69929e-06 0
2.81838e-06 0
2.94273e-06 0
3.07256e-06 0
3.20812e-06 0
3.34965e-06 0
3.49744e-06 0
3.65174e-06 0
3.81285e-06 0
3.98107e-06 0
4.15671e-06 0
4.3401e-06 0
4.53158e-06 0
4.73151e-06 0
4.94026e-06 0
5.15822e-06 0
5.3858e-06 0
5.62341e-06 0
5.87151e-06 0
6.13056e-06 0
6.40103e-06 0
6.68344e-06 0
6.97831e-06 0
7.28618e-06 0
7.60764e-06 0
7.94328e-06 0
8.29373e-06 0
8.65964e-06 0
9.0417e-06 0
9.44061e-06 0
9.85712e-06 0
1.0292e-05 0
1.07461e-05 0
1.12202e-05 0
1.17152e-05 0
1.22321e-05 0
1.27717e-05 0
1.33352e-05 0
1.39236e-05 0
1.45378e-05 0
1.51792e-05 0
1.58489e-05 0
1.65482e-05 0
1.72783e-05 0
1.80406e-05 0
1.88365e-05 0
1.96675e-05 0
2.05353e-05 0
2.14412e-05 0
2.23872e-05 0
2.33749e-05 0
2.44062e-05 0
2.5483e-05 0
2.66073e-05 0
2.77811e-05 0
2.90068e-05 0
3.02866e-05 0
3.16228e-05 0
3.30179e-05 0
3.44747e-05 0
3.59956e-05 0
3.75837e-05 0
3.92419e-05 0
4.09732e-05 0
4.27809e-05 0
4.46684e-05 0
4.66391e-05 0
4.86968e-05 0
5.08452e-05 0
5.30884e-05 0
5.54307e-05 0
5.78762e-05 0
6.04296e-05 0
6.30957e-05 0
6.58795e-05 0
6.8786e-05 0
7.18208e-05 0
7.49894e-05 0
7.82979e-05 0
8.17523e-05 0
8.53591e-05 0
8.91251e-05 0
9.30572e-05 0
9.71628e-05 0
0.00010145 0
0.000105925 0
0.000110599 0
0.000115478 0
0.000120573 0
0.000125893 0
0.000131447 0
0.000137246 0
0.000143301 0
0.000149624 0
0.000156225 0
0.000163117 0
0.000170314 0
0.000177828 0
0.000185674 0
0.000193865 0
0.000202418 0
0.000211349 0
0.000220673 0
0.000230409 0
0.000240575 0
0.000251189 0
0.000262271 0
0.000273842 0
0.000285924 0
0.000298538 0
0.000311709 0
0.000325462 0
0.000339821 0
0.000354813 0
0.000370467 0
0.000386812 0
0.000403878 0
0.000421697 0
0.000440301 0
0.000459727 0
0.00048001 0
0.000501187 0
0.000523299 0
0.000546387 0
0.000570493 0
0.000595662 0
0.000621942 0
0.000649382 87.5131
0.000678032 0
0.000707946 0
0.00073918 0
0.000771792 0
0.000805842 0
0.000841395 0
0.000878517 0
0.000917276 0
0.000957745 0
0.001 0
0.00104412 0
0.00109018 0
0.00113828 0
0.0011885 0
0.00124094 0
0.00129569 0
0.00135285 0
0.00141254 0
0.00147486 0
0.00153993 0
0.00160787 0
0.0016788 0
0.00175287 0
0.00183021 0
0.00191095 0
0.00199526 0
0.00208329 0
0.0021752 0
0.00227117 0
0.00237137 0
0.002476 0
0.00258523 0
0.00269929 0
0.00281838 0
0.00294273 0
0.00307256 0
0.00320812 0
0.00334965 0
0.00349744 0
0.00365174 0
0.00381285 0
0.00398107 0
0.00415671 0
0.0043401 0
0.00453158 0
0.00473151 0
0.00494026 0
0.00515822 0
0.0053858 0
0.00562341 69.819
0.00587151 0
0.00613056 0
0.00640103 52.6084
0.00668344 0
0.00697831 0
0.00728618 0
0.00760764 0
0.00794328 188.808
0.00829373 0
0.00865964 0
0.0090417 0
0.00944061 181.505
0.00985712 0
0.010292 0
0.0107461 94.1845
0.0112202 108.105
0.0117152 0
0.0122321 97.3855
0.0127717 0
0.0133352 0
0.0139236 0
0.0145378 0
0.0151792 123.067
0.0158489 0
0.0165482 0
0.0172783 67.692
0.0180406 0
0.0188365 118.186
0.0196675 141.675
0.0205353 112.997
0.0214412 0
0.0223872 403.855
0.0233749 66.8949
0.0244062 78.1898
0.025483 455.704
0.0266073 274.537
0.0277811 174.48
0.0290068 743.007
0.0302866 324.612
0.0316228 386.34
0.0330179 291.025
0.0344747 134.249
0.0359956 390.822
0.0375837 187.647
0.0392419 419.993
0.0409732 192.815
0.0427809 404.113
0.0446684 483.694
0.0466391 324.724
0.0486968 619.102
0.0508452 327.939
0.0530884 563.128
0.0554307 641.488
0.0578762 603.155
0.0604296 917.776
0.0630957 688.078
0.0658795 955.088
0.068786 1325.72
0.0718208 1091.37
0.0749894 1006.77
0.0782979 510.732
0.0817523 860.334
0.0853591 596.006
0.0891251 1011.68
0.0930572 1904.76
0.0971628 716.55
0.10145 1278.64
0.105925 2051.79
0.110599 1511.59
0.115478 626.699
0.120573 1384.46
0.125893 1203.95
0.131447 1819.74
0.137246 1963.63
0.143301 2084.8
0.149624 934.507
0.156225 1073.2
0.163117 1054.48
0.170314 1725.71
0.177828 1646.39
0.185674 1940.39
0.193865 1457.88
0.202418 826.029
0.211349 1498.17
0.220673 1644.12
0.230409 1686.76
0.240575 2443.19
0.251189 1420.87
0.262271 1344.34
0.273842 1876.38
0.285924 1498.94
0.298538 1950.69
0.311709 2205.19
0.325462 1616.45
0.339821 1906.62
0.354813 1401.11
0.370467 2277.47
0.386812 1777.97
0.403878 2363.96
0.421697 2113.35
0.440301 1781.71
0.459727 1986.39
0.48001 1145.44
0.501187 1145.3
0.523299 1636.78
0.546387 2362.87
0.570493 1847.75
0.595662 1249.01
0.621942 1225.55
0.649382 1903.63
0.678032 1683.94
0.707946 1278.35
0.73918 1276.02
0.771792 1818.9
0.805842 1798.76
0.841395 1870.95
0.878517 729.642
0.917276 1195.07
0.957745 1571.11
1 1463.82
1.04412 1297.53
1.09018 502.447
1.13828 918.381
1.1885 1770.27
1.24094 918.577
1.29569 683.045
1.35285 644.58
1.41254 1012.7
1.47486 733.743
1.53993 732.927
1.60787 751.642
1.6788 998.916
1.75287 346.806
1.83021 600.956
1.91095 495.699
1.99526 733.4
2.08329 526.009
2.1752 678.995
2.27117 577.915
2.37137 524.316
2.476 171.582
2.58523 182.024
2.69929 406.223
2.81838 265.825
2.94273 390.159
3.07256 90.296
3.20812 194.356
3.34965 304.846
3.49744 158.777
3.65174 234.004
3.81285 89.3387
3.98107 422.49
4.15671 178.875
4.3401 319.173
4.53158 35.2911
4.73151 347.727
4.94026 199.78
5.15822 316.553
5.3858 287.45
5.62341 174.833
5.87151 364.048
6.13056 191.699
6.40103 385.234
6.68344 157.871
6.97831 91.1792
7.28618 305.168
7.60764 133.018
7.94328 369.479
8.29373 213.879
8.65964 172.644
9.0417 61.87
9.44061 63.6804
9.85712 474.671
10.292 201.949
10.7461 187.908
11.2202 283.183
11.7152 382.182
12.2321 137.713
12.7717 182.791
13.3352 225.504
13.9236 217.927
14.5378 157.157
15.1792 194.223
15.8489 190.263
16.5482 0
17.2783 252.61
18.0406 23.1198
18.8365 436.328
19.6675 165.012
20.5353 0
21.4412 169.211
22.3872 439.783
23.3749 409.725
24.4062 371.898
25.483 96.8545
26.6073 235.407
27.7811 0
29.0068 170.689
30.2866 294.776
31.6228 287.447
33.0179 323.31
34.4747 91.4193
35.9956 197.288
37.5837 217.997
39.2419 345.063
40.9732 208.701
42.7809 225.291
44.6684 103.707
46.6391 64.1451
48.6968 307.242
50.8452 321.618
53.0884 0
55.4307 372.4
57.8762 834.993
60.4296 364.209
63.0957 191.613
65.8795 324.632
68.786 316.636
71.8208 915.132
74.9894 292.928
78.2979 413.141
81.7523 240.296
85.3591 427.114
89.1251 92.1911
93.0572 325.621
97.1628 636.896
101.45 184.856
105.925 117.458
110.599 270.657
115.478 252.921
120.573 254.718
125.893 205.419
131.447 484.995
137.246 108.277
143.301 244.12
149.624 309.704
156.225 376.003
163.117 400.857
170.314 209.715
177.828 118.259
185.674 382.182
193.865 119.289
202.418 175.499
211.349 120.883
220.673 93.1754
230.409 67.5736
240.575 455.104
251.189 293.2
262.271 37.5717
273.842 110.228
285.924 0
298.538 16.2448
311.709 0
325.462 83.3585
339.821 0
354.813 0
370.467 0
386.812 0
403.878 0
421.697 0
440.301 92.0228
459.727 0
480.01 0
501.187 0
523.299 0
546.387 0
570.493 0
595.662 0
621.942 0
649.382 0
678.032 110.923
707.946 0
739.18 0
771.792 0
805.842 0
841.395 0
878.517 0
917.276 0
957.745 0
1000 0
