# First line is two numbers 
#     First value is '2', it means 'histogram mode'
#     Second value is 'Emin' of the histogram
# Other lines : 2 columns. 1) energy 2) probability (nb divided by NbEvent)
# Number of bins = 480
# Content below the first bin: 0
# Content above the last  bin: 0
# Content above the last  bin: 0
# Number of events: 209000
2 1e-06
1.04412e-06 0
1.09018e-06 0
1.13828e-06 0
1.1885e-06 0
1.24094e-06 0
1.29569e-06 0
1.35285e-06 0
1.41254e-06 0
1.47486e-06 0
1.53993e-06 0
1.60787e-06 0
1.6788e-06 0
1.75287e-06 0
1.83021e-06 0
1.91095e-06 0
1.99526e-06 0
2.08329e-06 0
2.1752e-06 0
2.27117e-06 0
2.37137e-06 0
2.476e-06 0
2.58523e-06 0
2.69929e-06 0
2.81838e-06 0
2.94273e-06 0
3.07256e-06 0
3.20812e-06 0
3.34965e-06 0
3.49744e-06 0
3.65174e-06 0
3.81285e-06 0
3.98107e-06 0
4.15671e-06 0
4.3401e-06 0
4.53158e-06 0
4.73151e-06 0
4.94026e-06 0
5.15822e-06 0
5.3858e-06 0
5.62341e-06 0
5.87151e-06 0
6.13056e-06 0
6.40103e-06 0
6.68344e-06 0
6.97831e-06 0
7.28618e-06 0
7.60764e-06 0
7.94328e-06 0
8.29373e-06 0
8.65964e-06 0
9.0417e-06 0
9.44061e-06 0
9.85712e-06 0
1.0292e-05 0
1.07461e-05 0
1.12202e-05 0
1.17152e-05 0
1.22321e-05 0
1.27717e-05 0
1.33352e-05 0
1.39236e-05 0
1.45378e-05 0
1.51792e-05 0
1.58489e-05 0
1.65482e-05 0
1.72783e-05 0
1.80406e-05 0
1.88365e-05 0
1.96675e-05 0
2.05353e-05 0
2.14412e-05 0
2.23872e-05 0
2.33749e-05 0
2.44062e-05 0
2.5483e-05 0
2.66073e-05 0
2.77811e-05 0
2.90068e-05 0
3.02866e-05 0
3.16228e-05 0
3.30179e-05 0
3.44747e-05 0
3.59956e-05 0
3.75837e-05 0
3.92419e-05 0
4.09732e-05 0
4.27809e-05 0
4.46684e-05 0
4.66391e-05 0
4.86968e-05 0
5.08452e-05 0
5.30884e-05 0
5.54307e-05 0
5.78762e-05 0
6.04296e-05 0
6.30957e-05 0
6.58795e-05 0
6.8786e-05 0
7.18208e-05 0
7.49894e-05 0
7.82979e-05 0
8.17523e-05 0
8.53591e-05 0
8.91251e-05 0
9.30572e-05 0
9.71628e-05 0
0.00010145 0
0.000105925 0
0.000110599 0
0.000115478 0
0.000120573 0
0.000125893 0
0.000131447 0
0.000137246 0
0.000143301 0
0.000149624 0
0.000156225 0
0.000163117 0
0.000170314 0
0.000177828 0
0.000185674 0
0.000193865 0
0.000202418 0
0.000211349 0
0.000220673 0
0.000230409 0
0.000240575 0
0.000251189 0
0.000262271 0
0.000273842 0
0.000285924 0
0.000298538 0
0.000311709 0
0.000325462 0
0.000339821 0
0.000354813 0
0.000370467 0
0.000386812 0
0.000403878 0
0.000421697 0
0.000440301 0
0.000459727 0
0.00048001 0
0.000501187 0
0.000523299 0
0.000546387 0
0.000570493 0
0.000595662 0
0.000621942 0
0.000649382 0
0.000678032 0
0.000707946 0
0.00073918 0
0.000771792 0
0.000805842 0
0.000841395 0
0.000878517 0
0.000917276 0
0.000957745 0
0.001 0
0.00104412 0
0.00109018 0
0.00113828 0
0.0011885 0
0.00124094 0
0.00129569 0
0.00135285 0
0.00141254 0
0.00147486 0
0.00153993 0
0.00160787 0
0.0016788 0
0.00175287 0
0.00183021 0
0.00191095 0
0.00199526 0
0.00208329 0
0.0021752 0
0.00227117 0
0.00237137 0
0.002476 0
0.00258523 0
0.00269929 0
0.00281838 0
0.00294273 0
0.00307256 0
0.00320812 0
0.00334965 0
0.00349744 0
0.00365174 0
0.00381285 0
0.00398107 0
0.00415671 0
0.0043401 1
0.00453158 0
0.00473151 0
0.00494026 1
0.00515822 0
0.0053858 0
0.00562341 0
0.00587151 0
0.00613056 0
0.00640103 0
0.00668344 1
0.00697831 0
0.00728618 0
0.00760764 3
0.00794328 2
0.00829373 0
0.00865964 3
0.0090417 1
0.00944061 0
0.00985712 1
0.010292 1
0.0107461 0
0.0112202 2
0.0117152 2
0.0122321 2
0.0127717 2
0.0133352 2
0.0139236 2
0.0145378 3
0.0151792 3
0.0158489 5
0.0165482 5
0.0172783 5
0.0180406 4
0.0188365 7
0.0196675 2
0.0205353 1
0.0214412 9
0.0223872 7
0.0233749 7
0.0244062 8
0.025483 0
0.0266073 5
0.0277811 16
0.0290068 14
0.0302866 9
0.0316228 9
0.0330179 14
0.0344747 15
0.0359956 12
0.0375837 17
0.0392419 10
0.0409732 12
0.0427809 15
0.0446684 15
0.0466391 19
0.0486968 17
0.0508452 23
0.0530884 22
0.0554307 13
0.0578762 19
0.0604296 32
0.0630957 26
0.0658795 34
0.068786 30
0.0718208 31
0.0749894 24
0.0782979 45
0.0817523 42
0.0853591 37
0.0891251 33
0.0930572 46
0.0971628 48
0.10145 39
0.105925 50
0.110599 43
0.115478 48
0.120573 53
0.125893 54
0.131447 48
0.137246 69
0.143301 50
0.149624 44
0.156225 48
0.163117 54
0.170314 68
0.177828 48
0.185674 55
0.193865 65
0.202418 56
0.211349 44
0.220673 63
0.230409 66
0.240575 51
0.251189 70
0.262271 60
0.273842 57
0.285924 55
0.298538 76
0.311709 57
0.325462 67
0.339821 57
0.354813 67
0.370467 55
0.386812 70
0.403878 81
0.421697 64
0.440301 81
0.459727 77
0.48001 72
0.501187 60
0.523299 76
0.546387 69
0.570493 73
0.595662 52
0.621942 67
0.649382 59
0.678032 52
0.707946 48
0.73918 63
0.771792 56
0.805842 49
0.841395 52
0.878517 42
0.917276 37
0.957745 46
1 49
1.04412 42
1.09018 39
1.13828 37
1.1885 28
1.24094 31
1.29569 35
1.35285 33
1.41254 20
1.47486 17
1.53993 31
1.60787 21
1.6788 21
1.75287 16
1.83021 23
1.91095 27
1.99526 20
2.08329 15
2.1752 19
2.27117 21
2.37137 12
2.476 10
2.58523 16
2.69929 9
2.81838 21
2.94273 16
3.07256 17
3.20812 11
3.34965 9
3.49744 17
3.65174 12
3.81285 9
3.98107 12
4.15671 14
4.3401 11
4.53158 14
4.73151 10
4.94026 13
5.15822 10
5.3858 9
5.62341 5
5.87151 10
6.13056 8
6.40103 12
6.68344 8
6.97831 6
7.28618 5
7.60764 8
7.94328 10
8.29373 5
8.65964 7
9.0417 11
9.44061 5
9.85712 6
10.292 7
10.7461 10
11.2202 5
11.7152 12
12.2321 7
12.7717 3
13.3352 6
13.9236 4
14.5378 6
15.1792 13
15.8489 4
16.5482 6
17.2783 11
18.0406 10
18.8365 11
19.6675 8
20.5353 9
21.4412 10
22.3872 16
23.3749 8
24.4062 9
25.483 7
26.6073 3
27.7811 10
29.0068 4
30.2866 6
31.6228 14
33.0179 7
34.4747 9
35.9956 6
37.5837 12
39.2419 5
40.9732 11
42.7809 7
44.6684 10
46.6391 22
48.6968 11
50.8452 5
53.0884 19
55.4307 11
57.8762 17
60.4296 8
63.0957 20
65.8795 19
68.786 12
71.8208 16
74.9894 16
78.2979 21
81.7523 21
85.3591 20
89.1251 20
93.0572 18
97.1628 11
101.45 27
105.925 27
110.599 21
115.478 19
120.573 37
125.893 16
131.447 31
137.246 23
143.301 28
149.624 28
156.225 32
163.117 32
170.314 30
177.828 24
185.674 34
193.865 29
202.418 27
211.349 37
220.673 16
230.409 16
240.575 16
251.189 14
262.271 10
273.842 9
285.924 7
298.538 5
311.709 6
325.462 2
339.821 5
354.813 1
370.467 1
386.812 1
403.878 1
421.697 3
440.301 6
459.727 2
480.01 0
501.187 2
523.299 0
546.387 0
570.493 0
595.662 0
621.942 0
649.382 0
678.032 0
707.946 0
739.18 0
771.792 0
805.842 0
841.395 0
878.517 0
917.276 0
957.745 0
1000 0
