# First line is two numbers 
#     First value is '2', it means 'histogram mode'
#     Second value is 'Emin' of the histogram
# Other lines : 2 columns. 1) energy 2) probability (nb divided by NbEvent)
# Number of bins = 480
# Content below the first bin: 0
# Content above the last  bin: 0
# Content above the last  bin: 0
# Number of events: 209000
2 1e-06
1.04412e-06 0
1.09018e-06 0
1.13828e-06 0
1.1885e-06 0
1.24094e-06 0
1.29569e-06 0
1.35285e-06 0
1.41254e-06 0
1.47486e-06 0
1.53993e-06 0
1.60787e-06 0
1.6788e-06 0
1.75287e-06 0
1.83021e-06 0
1.91095e-06 0
1.99526e-06 0
2.08329e-06 0
2.1752e-06 0
2.27117e-06 0
2.37137e-06 0
2.476e-06 0
2.58523e-06 0
2.69929e-06 0
2.81838e-06 0
2.94273e-06 0
3.07256e-06 0
3.20812e-06 0
3.34965e-06 0
3.49744e-06 0
3.65174e-06 0
3.81285e-06 0
3.98107e-06 0
4.15671e-06 0
4.3401e-06 0
4.53158e-06 0
4.73151e-06 0
4.94026e-06 0
5.15822e-06 0
5.3858e-06 0
5.62341e-06 0
5.87151e-06 0
6.13056e-06 0
6.40103e-06 0
6.68344e-06 0
6.97831e-06 0
7.28618e-06 0
7.60764e-06 0
7.94328e-06 0
8.29373e-06 0
8.65964e-06 0
9.0417e-06 0
9.44061e-06 0
9.85712e-06 0
1.0292e-05 0
1.07461e-05 0
1.12202e-05 0
1.17152e-05 0
1.22321e-05 0
1.27717e-05 0
1.33352e-05 0
1.39236e-05 0
1.45378e-05 0
1.51792e-05 0
1.58489e-05 0
1.65482e-05 0
1.72783e-05 0
1.80406e-05 0
1.88365e-05 0
1.96675e-05 0
2.05353e-05 0
2.14412e-05 0
2.23872e-05 0
2.33749e-05 0
2.44062e-05 0
2.5483e-05 0
2.66073e-05 0
2.77811e-05 0
2.90068e-05 0
3.02866e-05 0
3.16228e-05 0
3.30179e-05 0
3.44747e-05 0
3.59956e-05 0
3.75837e-05 0
3.92419e-05 0
4.09732e-05 0
4.27809e-05 0
4.46684e-05 0
4.66391e-05 0
4.86968e-05 0
5.08452e-05 0
5.30884e-05 0
5.54307e-05 0
5.78762e-05 0
6.04296e-05 0
6.30957e-05 0
6.58795e-05 0
6.8786e-05 0
7.18208e-05 0
7.49894e-05 0
7.82979e-05 0
8.17523e-05 0
8.53591e-05 0
8.91251e-05 0
9.30572e-05 0
9.71628e-05 0
0.00010145 0
0.000105925 0
0.000110599 0
0.000115478 0
0.000120573 0
0.000125893 0
0.000131447 0
0.000137246 0
0.000143301 0
0.000149624 0
0.000156225 0
0.000163117 0
0.000170314 0
0.000177828 0
0.000185674 0
0.000193865 0
0.000202418 0
0.000211349 0
0.000220673 0
0.000230409 0
0.000240575 0
0.000251189 0
0.000262271 0
0.000273842 0
0.000285924 0
0.000298538 0
0.000311709 0
0.000325462 0
0.000339821 0
0.000354813 0
0.000370467 0
0.000386812 0
0.000403878 0
0.000421697 0
0.000440301 0
0.000459727 0
0.00048001 0
0.000501187 0
0.000523299 0
0.000546387 0
0.000570493 0
0.000595662 0
0.000621942 0
0.000649382 0
0.000678032 0
0.000707946 0
0.00073918 0
0.000771792 0
0.000805842 0
0.000841395 0
0.000878517 0
0.000917276 0
0.000957745 0
0.001 0
0.00104412 0
0.00109018 0
0.00113828 0
0.0011885 0
0.00124094 0
0.00129569 0
0.00135285 0
0.00141254 0
0.00147486 0
0.00153993 0
0.00160787 0
0.0016788 0
0.00175287 0
0.00183021 0
0.00191095 0
0.00199526 0
0.00208329 0
0.0021752 0
0.00227117 0
0.00237137 0
0.002476 0
0.00258523 0
0.00269929 0
0.00281838 0
0.00294273 0
0.00307256 0
0.00320812 0
0.00334965 0
0.00349744 0
0.00365174 0
0.00381285 0
0.00398107 0
0.00415671 0
0.0043401 0
0.00453158 0
0.00473151 0
0.00494026 0
0.00515822 0
0.0053858 0
0.00562341 0
0.00587151 0
0.00613056 0
0.00640103 0
0.00668344 0
0.00697831 0
0.00728618 99.6006
0.00760764 0
0.00794328 0
0.00829373 0
0.00865964 0
0.0090417 0
0.00944061 0
0.00985712 0
0.010292 32.019
0.0107461 0
0.0112202 0
0.0117152 0
0.0122321 0
0.0127717 0
0.0133352 0
0.0139236 0
0.0145378 0
0.0151792 0
0.0158489 173.979
0.0165482 103.633
0.0172783 100.011
0.0180406 0
0.0188365 0
0.0196675 56.1623
0.0205353 87.9749
0.0214412 191.218
0.0223872 171.429
0.0233749 0
0.0244062 0
0.025483 49.4416
0.0266073 0
0.0277811 0
0.0290068 205.504
0.0302866 100.771
0.0316228 95.5346
0.0330179 0
0.0344747 0
0.0359956 0
0.0375837 65.4138
0.0392419 187.33
0.0409732 62.9802
0.0427809 65.8155
0.0446684 0
0.0466391 58.2162
0.0486968 75.506
0.0508452 102.596
0.0530884 0
0.0554307 473.018
0.0578762 123.827
0.0604296 199.197
0.0630957 45.7385
0.0658795 200.679
0.068786 234.661
0.0718208 431.181
0.0749894 0
0.0782979 376.467
0.0817523 222.275
0.0853591 331.728
0.0891251 454.608
0.0930572 200.776
0.0971628 321.978
0.10145 414.525
0.105925 354.183
0.110599 822.695
0.115478 674.565
0.120573 782.465
0.125893 568.675
0.131447 226.34
0.137246 232.903
0.143301 825.209
0.149624 497.869
0.156225 646.026
0.163117 720.882
0.170314 494.698
0.177828 669.127
0.185674 307.291
0.193865 539.46
0.202418 446.797
0.211349 641.082
0.220673 884.808
0.230409 533.721
0.240575 803.242
0.251189 898.601
0.262271 585.596
0.273842 414.159
0.285924 735.682
0.298538 608.706
0.311709 415.935
0.325462 996.245
0.339821 885.398
0.354813 1264.74
0.370467 1002.21
0.386812 1186.31
0.403878 417.369
0.421697 528.136
0.440301 1267.35
0.459727 1239.06
0.48001 1049.77
0.501187 1051.73
0.523299 1256.13
0.546387 1328.57
0.570493 1226.65
0.595662 815.299
0.621942 896.72
0.649382 972.968
0.678032 511.459
0.707946 760.587
0.73918 936.123
0.771792 1369.84
0.805842 875.394
0.841395 946.583
0.878517 692.851
0.917276 755.927
0.957745 811.134
1 828.332
1.04412 1015.76
1.09018 537.689
1.13828 777.926
1.1885 563.903
1.24094 607.675
1.29569 1381.08
1.35285 992.107
1.41254 312.654
1.47486 0
1.53993 400.991
1.60787 1038.81
1.6788 493.784
1.75287 260.887
1.83021 431.457
1.91095 628.506
1.99526 364.439
2.08329 309.891
2.1752 65.978
2.27117 547.52
2.37137 414.421
2.476 594.706
2.58523 169.204
2.69929 361.888
2.81838 211.766
2.94273 113.158
3.07256 0
3.20812 249.186
3.34965 185.905
3.49744 271.928
3.65174 230.538
3.81285 248.665
3.98107 289.754
4.15671 125.768
4.3401 309.739
4.53158 443.786
4.73151 187.303
4.94026 101.282
5.15822 219.015
5.3858 128.569
5.62341 432.948
5.87151 83.3196
6.13056 365.869
6.40103 244.844
6.68344 439.218
6.97831 268.38
7.28618 374.364
7.60764 298.695
7.94328 234.007
8.29373 249.815
8.65964 185.541
9.0417 0
9.44061 250.635
9.85712 0
10.292 76.8684
10.7461 242.079
11.2202 0
11.7152 165.956
12.2321 0
12.7717 0
13.3352 215.516
13.9236 0
14.5378 387.352
15.1792 135.812
15.8489 192.892
16.5482 0
17.2783 106.51
18.0406 0
18.8365 154.642
19.6675 7.99589
20.5353 64.9687
21.4412 0
22.3872 231.353
23.3749 111.793
24.4062 281.22
25.483 51.0547
26.6073 0
27.7811 198.217
29.0068 0
30.2866 0
31.6228 189.054
33.0179 73.9872
34.4747 117.725
35.9956 200.078
37.5837 247.105
39.2419 86.4958
40.9732 0
42.7809 301.516
44.6684 289.463
46.6391 139.228
48.6968 150.628
50.8452 199.21
53.0884 166.765
55.4307 0
57.8762 208.404
60.4296 213.473
63.0957 161.835
65.8795 108.503
68.786 235.752
71.8208 215.612
74.9894 76.1839
78.2979 329.372
81.7523 408.916
85.3591 321.212
89.1251 332.47
93.0572 126.976
97.1628 80.9247
101.45 274.025
105.925 227.502
110.599 383.597
115.478 101.914
120.573 52.661
125.893 0
131.447 184.117
137.246 170.003
143.301 100.201
149.624 120.753
156.225 67.6623
163.117 224.497
170.314 138.267
177.828 0
185.674 0
193.865 187.069
202.418 0
211.349 0
220.673 168.786
230.409 106.782
240.575 223.817
251.189 0
262.271 248.149
273.842 0
285.924 0
298.538 0
311.709 151.457
325.462 0
339.821 0
354.813 99.0455
370.467 0
386.812 0
403.878 0
421.697 0
440.301 0
459.727 0
480.01 0
501.187 0
523.299 0
546.387 0
570.493 0
595.662 0
621.942 0
649.382 0
678.032 0
707.946 0
739.18 0
771.792 0
805.842 0
841.395 0
878.517 0
917.276 0
957.745 0
1000 0
