# First line is two numbers 
#     First value is '2', it means 'histogram mode'
#     Second value is 'Emin' of the histogram
# Other lines : 2 columns. 1) energy 2) probability (nb divided by NbEvent)
# Number of bins = 480
# Content below the first bin: 0
# Content above the last  bin: 0
# Content above the last  bin: 0
# Number of events: 400000
2 1e-06
1.04412e-06 0
1.09018e-06 0
1.13828e-06 0
1.1885e-06 0
1.24094e-06 0
1.29569e-06 0
1.35285e-06 0
1.41254e-06 0
1.47486e-06 0
1.53993e-06 0
1.60787e-06 0
1.6788e-06 0
1.75287e-06 0
1.83021e-06 0
1.91095e-06 0
1.99526e-06 0
2.08329e-06 0
2.1752e-06 0
2.27117e-06 0
2.37137e-06 0
2.476e-06 0
2.58523e-06 0
2.69929e-06 0
2.81838e-06 0
2.94273e-06 0
3.07256e-06 0
3.20812e-06 0
3.34965e-06 0
3.49744e-06 0
3.65174e-06 0
3.81285e-06 0
3.98107e-06 0
4.15671e-06 0
4.3401e-06 0
4.53158e-06 0
4.73151e-06 0
4.94026e-06 0
5.15822e-06 0
5.3858e-06 0
5.62341e-06 0
5.87151e-06 0
6.13056e-06 0
6.40103e-06 0
6.68344e-06 0
6.97831e-06 0
7.28618e-06 0
7.60764e-06 0
7.94328e-06 0
8.29373e-06 0
8.65964e-06 0
9.0417e-06 0
9.44061e-06 0
9.85712e-06 0
1.0292e-05 0
1.07461e-05 0
1.12202e-05 0
1.17152e-05 0
1.22321e-05 0
1.27717e-05 0
1.33352e-05 0
1.39236e-05 0
1.45378e-05 0
1.51792e-05 0
1.58489e-05 0
1.65482e-05 0
1.72783e-05 0
1.80406e-05 0
1.88365e-05 0
1.96675e-05 0
2.05353e-05 0
2.14412e-05 0
2.23872e-05 0
2.33749e-05 0
2.44062e-05 0
2.5483e-05 0
2.66073e-05 0
2.77811e-05 0
2.90068e-05 0
3.02866e-05 0
3.16228e-05 0
3.30179e-05 0
3.44747e-05 0
3.59956e-05 0
3.75837e-05 0
3.92419e-05 0
4.09732e-05 0
4.27809e-05 0
4.46684e-05 0
4.66391e-05 0
4.86968e-05 0
5.08452e-05 0
5.30884e-05 0
5.54307e-05 0
5.78762e-05 0
6.04296e-05 0
6.30957e-05 0
6.58795e-05 0
6.8786e-05 0
7.18208e-05 0
7.49894e-05 0
7.82979e-05 0
8.17523e-05 0
8.53591e-05 0
8.91251e-05 0
9.30572e-05 0
9.71628e-05 0
0.00010145 0
0.000105925 0
0.000110599 0
0.000115478 0
0.000120573 0
0.000125893 0
0.000131447 0
0.000137246 0
0.000143301 0
0.000149624 0
0.000156225 0
0.000163117 0
0.000170314 0
0.000177828 0
0.000185674 0
0.000193865 0
0.000202418 0
0.000211349 0
0.000220673 0
0.000230409 0
0.000240575 0
0.000251189 0
0.000262271 0
0.000273842 0
0.000285924 0
0.000298538 0
0.000311709 0
0.000325462 0
0.000339821 0
0.000354813 0
0.000370467 0
0.000386812 0
0.000403878 0
0.000421697 0
0.000440301 0
0.000459727 0
0.00048001 0
0.000501187 0
0.000523299 0
0.000546387 0
0.000570493 0
0.000595662 0
0.000621942 0
0.000649382 0
0.000678032 0
0.000707946 0
0.00073918 0
0.000771792 0
0.000805842 0
0.000841395 0
0.000878517 0
0.000917276 0
0.000957745 0
0.001 0
0.00104412 0
0.00109018 0
0.00113828 0
0.0011885 0
0.00124094 0
0.00129569 0
0.00135285 0
0.00141254 0
0.00147486 0
0.00153993 0
0.00160787 0
0.0016788 0
0.00175287 0
0.00183021 0
0.00191095 0
0.00199526 0
0.00208329 0
0.0021752 0
0.00227117 0
0.00237137 0
0.002476 0
0.00258523 0
0.00269929 0
0.00281838 0
0.00294273 0
0.00307256 0
0.00320812 0
0.00334965 0
0.00349744 0
0.00365174 0
0.00381285 0
0.00398107 0
0.00415671 0
0.0043401 0
0.00453158 0
0.00473151 0
0.00494026 0
0.00515822 0
0.0053858 0
0.00562341 0
0.00587151 0
0.00613056 95.0832
0.00640103 0
0.00668344 0
0.00697831 0
0.00728618 0
0.00760764 0
0.00794328 0
0.00829373 0
0.00865964 0
0.0090417 0
0.00944061 0
0.00985712 0
0.010292 101.582
0.0107461 0
0.0112202 0
0.0117152 0
0.0122321 0
0.0127717 0
0.0133352 0
0.0139236 0
0.0145378 0
0.0151792 0
0.0158489 0
0.0165482 0
0.0172783 0
0.0180406 0
0.0188365 205.465
0.0196675 0
0.0205353 0
0.0214412 69.1155
0.0223872 0
0.0233749 0
0.0244062 95.1667
0.025483 0
0.0266073 74.9408
0.0277811 0
0.0290068 0
0.0302866 0
0.0316228 0
0.0330179 0
0.0344747 0
0.0359956 0
0.0375837 0
0.0392419 0
0.0409732 0
0.0427809 0
0.0446684 0
0.0466391 0
0.0486968 0
0.0508452 0
0.0530884 0
0.0554307 0
0.0578762 0
0.0604296 0
0.0630957 0
0.0658795 0
0.068786 0
0.0718208 0
0.0749894 54.2178
0.0782979 0
0.0817523 114.398
0.0853591 48.4573
0.0891251 36.4039
0.0930572 0
0.0971628 0
0.10145 166.381
0.105925 0
0.110599 214.302
0.115478 116.543
0.120573 0
0.125893 0
0.131447 168.713
0.137246 179.969
0.143301 182.876
0.149624 0
0.156225 0
0.163117 94.4095
0.170314 152.318
0.177828 0
0.185674 350.838
0.193865 181.663
0.202418 0
0.211349 80.7433
0.220673 158.682
0.230409 112.874
0.240575 100.872
0.251189 187.089
0.262271 187.684
0.273842 407.595
0.285924 262.854
0.298538 270.217
0.311709 408.841
0.325462 291.778
0.339821 0
0.354813 489.034
0.370467 425.263
0.386812 741.865
0.403878 250.866
0.421697 161.289
0.440301 256.569
0.459727 106.689
0.48001 659.778
0.501187 275.214
0.523299 160.413
0.546387 85.1397
0.570493 220.606
0.595662 442.683
0.621942 575.091
0.649382 786.298
0.678032 486.257
0.707946 579.603
0.73918 509.896
0.771792 533.775
0.805842 113.22
0.841395 334.772
0.878517 202.136
0.917276 795.452
0.957745 353.547
1 146.774
1.04412 211.118
1.09018 115.337
1.13828 547.108
1.1885 688.186
1.24094 735.548
1.29569 268.968
1.35285 516.665
1.41254 359.21
1.47486 143.002
1.53993 464.62
1.60787 0
1.6788 308.722
1.75287 471.595
1.83021 161.771
1.91095 294.815
1.99526 404.935
2.08329 103.057
2.1752 382.761
2.27117 391.768
2.37137 388.181
2.476 66.5368
2.58523 348.253
2.69929 61.2551
2.81838 223.791
2.94273 292.749
3.07256 171.129
3.20812 451.157
3.34965 176.929
3.49744 0
3.65174 150.018
3.81285 187.75
3.98107 212.881
4.15671 161.552
4.3401 197.364
4.53158 684.555
4.73151 120.429
4.94026 83.3015
5.15822 287.16
5.3858 182.337
5.62341 209.591
5.87151 150.847
6.13056 182.759
6.40103 206.797
6.68344 0
6.97831 77.4796
7.28618 265.467
7.60764 0
7.94328 173.627
8.29373 130.321
8.65964 0
9.0417 209.115
9.44061 333.877
9.85712 95.5691
10.292 73.8924
10.7461 134.336
11.2202 70.6056
11.7152 95.5903
12.2321 84.1156
12.7717 278.123
13.3352 59.921
13.9236 214.823
14.5378 216.699
15.1792 352.384
15.8489 171.207
16.5482 42.6683
17.2783 74.6407
18.0406 0
18.8365 462.955
19.6675 341.723
20.5353 151.475
21.4412 333.037
22.3872 103.296
23.3749 61.7817
24.4062 163.085
25.483 154.272
26.6073 162.985
27.7811 406.05
29.0068 69.4811
30.2866 109.185
31.6228 202.362
33.0179 416.739
34.4747 264.323
35.9956 142.263
37.5837 79.6912
39.2419 575.12
40.9732 201.766
42.7809 289.362
44.6684 399.225
46.6391 147.568
48.6968 406.91
50.8452 322.726
53.0884 257.375
55.4307 235.938
57.8762 192.355
60.4296 273.224
63.0957 913.714
65.8795 375.906
68.786 1105.11
71.8208 759.59
74.9894 524.841
78.2979 492.937
81.7523 271.487
85.3591 82.2696
89.1251 438.458
93.0572 651.299
97.1628 877.442
101.45 487.628
105.925 715.177
110.599 586.864
115.478 764.172
120.573 954.428
125.893 298.163
131.447 565.15
137.246 342.081
143.301 845.505
149.624 586.872
156.225 571.621
163.117 863.775
170.314 632.783
177.828 1191.28
185.674 839.11
193.865 1114.29
202.418 728.001
211.349 872.497
220.673 942.352
230.409 947.889
240.575 622.621
251.189 826.593
262.271 588.389
273.842 533.042
285.924 844.2
298.538 550.432
311.709 257.944
325.462 132.576
339.821 394.573
354.813 580.074
370.467 410.374
386.812 339.006
403.878 276.679
421.697 192.688
440.301 93.8633
459.727 93.8776
480.01 184.592
501.187 33.1565
523.299 0
546.387 0
570.493 138.986
595.662 38.2733
621.942 0
649.382 119.406
678.032 0
707.946 0
739.18 0
771.792 0
805.842 0
841.395 0
878.517 0
917.276 0
957.745 0
1000 0
