# First line is two numbers 
#     First value is '2', it means 'histogram mode'
#     Second value is 'Emin' of the histogram
# Other lines : 2 columns. 1) energy 2) probability (nb divided by NbEvent)
# Number of bins = 480
# Content below the first bin: 0
# Content above the last  bin: 0
# Content above the last  bin: 0
# Number of events: 400000
2 1e-06
1.04412e-06 0
1.09018e-06 0
1.13828e-06 0
1.1885e-06 0
1.24094e-06 0
1.29569e-06 0
1.35285e-06 0
1.41254e-06 0
1.47486e-06 0
1.53993e-06 0
1.60787e-06 0
1.6788e-06 0
1.75287e-06 0
1.83021e-06 0
1.91095e-06 0
1.99526e-06 0
2.08329e-06 0
2.1752e-06 0
2.27117e-06 0
2.37137e-06 0
2.476e-06 0
2.58523e-06 0
2.69929e-06 0
2.81838e-06 0
2.94273e-06 0
3.07256e-06 0
3.20812e-06 0
3.34965e-06 0
3.49744e-06 0
3.65174e-06 0
3.81285e-06 0
3.98107e-06 0
4.15671e-06 0
4.3401e-06 0
4.53158e-06 0
4.73151e-06 0
4.94026e-06 0
5.15822e-06 0
5.3858e-06 0
5.62341e-06 0
5.87151e-06 0
6.13056e-06 0
6.40103e-06 0
6.68344e-06 0
6.97831e-06 0
7.28618e-06 0
7.60764e-06 0
7.94328e-06 0
8.29373e-06 0
8.65964e-06 0
9.0417e-06 0
9.44061e-06 0
9.85712e-06 0
1.0292e-05 0
1.07461e-05 0
1.12202e-05 0
1.17152e-05 0
1.22321e-05 0
1.27717e-05 0
1.33352e-05 0
1.39236e-05 0
1.45378e-05 0
1.51792e-05 0
1.58489e-05 0
1.65482e-05 0
1.72783e-05 0
1.80406e-05 0
1.88365e-05 0
1.96675e-05 0
2.05353e-05 0
2.14412e-05 0
2.23872e-05 0
2.33749e-05 0
2.44062e-05 0
2.5483e-05 0
2.66073e-05 0
2.77811e-05 0
2.90068e-05 0
3.02866e-05 0
3.16228e-05 0
3.30179e-05 0
3.44747e-05 0
3.59956e-05 0
3.75837e-05 0
3.92419e-05 0
4.09732e-05 0
4.27809e-05 0
4.46684e-05 0
4.66391e-05 0
4.86968e-05 0
5.08452e-05 0
5.30884e-05 0
5.54307e-05 0
5.78762e-05 0
6.04296e-05 0
6.30957e-05 0
6.58795e-05 0
6.8786e-05 0
7.18208e-05 0
7.49894e-05 0
7.82979e-05 0
8.17523e-05 0
8.53591e-05 0
8.91251e-05 0
9.30572e-05 0
9.71628e-05 0
0.00010145 0
0.000105925 0
0.000110599 0
0.000115478 0
0.000120573 0
0.000125893 0
0.000131447 0
0.000137246 0
0.000143301 0
0.000149624 0
0.000156225 0
0.000163117 0
0.000170314 0
0.000177828 0
0.000185674 0
0.000193865 0
0.000202418 0
0.000211349 0
0.000220673 0
0.000230409 0
0.000240575 0
0.000251189 0
0.000262271 0
0.000273842 0
0.000285924 0
0.000298538 0
0.000311709 0
0.000325462 0
0.000339821 0
0.000354813 0
0.000370467 0
0.000386812 0
0.000403878 0
0.000421697 0
0.000440301 0
0.000459727 0
0.00048001 0
0.000501187 0
0.000523299 0
0.000546387 0
0.000570493 0
0.000595662 0
0.000621942 0
0.000649382 0
0.000678032 0
0.000707946 0
0.00073918 0
0.000771792 0
0.000805842 0
0.000841395 0
0.000878517 0
0.000917276 0
0.000957745 0
0.001 0
0.00104412 0
0.00109018 0
0.00113828 0
0.0011885 0
0.00124094 0
0.00129569 0
0.00135285 0
0.00141254 0
0.00147486 0
0.00153993 0
0.00160787 0
0.0016788 0
0.00175287 0
0.00183021 0
0.00191095 0
0.00199526 0
0.00208329 0
0.0021752 0
0.00227117 0
0.00237137 0
0.002476 0
0.00258523 0
0.00269929 0
0.00281838 0
0.00294273 0
0.00307256 0
0.00320812 0
0.00334965 0
0.00349744 86.828
0.00365174 0
0.00381285 0
0.00398107 0
0.00415671 0
0.0043401 0
0.00453158 0
0.00473151 0
0.00494026 0
0.00515822 0
0.0053858 0
0.00562341 0
0.00587151 0
0.00613056 0
0.00640103 0
0.00668344 0
0.00697831 0
0.00728618 0
0.00760764 0
0.00794328 0
0.00829373 0
0.00865964 0
0.0090417 0
0.00944061 0
0.00985712 0
0.010292 0
0.0107461 0
0.0112202 0
0.0117152 0
0.0122321 0
0.0127717 0
0.0133352 0
0.0139236 0
0.0145378 0
0.0151792 0
0.0158489 0
0.0165482 0
0.0172783 0
0.0180406 0
0.0188365 0
0.0196675 0
0.0205353 0
0.0214412 0
0.0223872 0
0.0233749 106.661
0.0244062 0
0.025483 146.547
0.0266073 0
0.0277811 75.1466
0.0290068 0
0.0302866 0
0.0316228 0
0.0330179 0
0.0344747 0
0.0359956 0
0.0375837 0
0.0392419 38.8803
0.0409732 145.772
0.0427809 0
0.0446684 0
0.0466391 0
0.0486968 0
0.0508452 93.1317
0.0530884 69.1385
0.0554307 78.4218
0.0578762 0
0.0604296 0
0.0630957 0
0.0658795 97.0952
0.068786 0
0.0718208 0
0.0749894 0
0.0782979 0
0.0817523 196.15
0.0853591 95.7855
0.0891251 0
0.0930572 0
0.0971628 0
0.10145 165.126
0.105925 0
0.110599 0
0.115478 178.801
0.120573 89.2794
0.125893 400.672
0.131447 75.0525
0.137246 246.072
0.143301 190.887
0.149624 0
0.156225 77.8237
0.163117 85.9882
0.170314 109.369
0.177828 215.377
0.185674 267.664
0.193865 0
0.202418 165.77
0.211349 225.915
0.220673 403.155
0.230409 0
0.240575 157.113
0.251189 116.088
0.262271 19.1098
0.273842 414.585
0.285924 416.082
0.298538 107.074
0.311709 542.264
0.325462 192.654
0.339821 684.433
0.354813 547.71
0.370467 335.59
0.386812 617.958
0.403878 0
0.421697 246.071
0.440301 35.9971
0.459727 193.633
0.48001 371.055
0.501187 585.365
0.523299 395.693
0.546387 128.516
0.570493 320.908
0.595662 502.129
0.621942 855.047
0.649382 938.448
0.678032 779.29
0.707946 505.199
0.73918 591.909
0.771792 353.5
0.805842 537.246
0.841395 736.081
0.878517 342.94
0.917276 226.035
0.957745 728.891
1 247.466
1.04412 360.178
1.09018 468.206
1.13828 463.367
1.1885 319.267
1.24094 900.759
1.29569 95.6995
1.35285 249.571
1.41254 587.84
1.47486 503.014
1.53993 569.193
1.60787 144.012
1.6788 412.714
1.75287 154.292
1.83021 407.97
1.91095 250.321
1.99526 266.379
2.08329 302.636
2.1752 335.196
2.27117 242.491
2.37137 199.945
2.476 306.287
2.58523 178.412
2.69929 164.739
2.81838 254.061
2.94273 233.502
3.07256 415.838
3.20812 221.424
3.34965 267.334
3.49744 90.0442
3.65174 152.761
3.81285 108.079
3.98107 134.28
4.15671 53.3242
4.3401 661.185
4.53158 105.526
4.73151 172.778
4.94026 178.85
5.15822 177.368
5.3858 278.46
5.62341 65.1041
5.87151 95.9011
6.13056 192.867
6.40103 0
6.68344 104.148
6.97831 317.49
7.28618 99.1351
7.60764 140.218
7.94328 207.713
8.29373 215.672
8.65964 183.258
9.0417 434.57
9.44061 34.9605
9.85712 128.022
10.292 104.222
10.7461 86.537
11.2202 106.991
11.7152 245.043
12.2321 215.449
12.7717 58.9111
13.3352 259.555
13.9236 154.506
14.5378 111.665
15.1792 110.717
15.8489 392.951
16.5482 0
17.2783 169.667
18.0406 242.477
18.8365 220.858
19.6675 283.191
20.5353 225.579
21.4412 83.0413
22.3872 0
23.3749 140.709
24.4062 100.34
25.483 257.224
26.6073 204.387
27.7811 215.902
29.0068 80.4799
30.2866 183.636
31.6228 364.038
33.0179 119.889
34.4747 186.913
35.9956 114.949
37.5837 417.091
39.2419 444.34
40.9732 0
42.7809 182.167
44.6684 309.128
46.6391 828.714
48.6968 411.226
50.8452 439.591
53.0884 517.928
55.4307 509.826
57.8762 472.008
60.4296 218.674
63.0957 501.275
65.8795 246.46
68.786 689.675
71.8208 875.075
74.9894 701.716
78.2979 619.949
81.7523 649.367
85.3591 368.734
89.1251 251.978
93.0572 498.848
97.1628 790.045
101.45 800.826
105.925 600.297
110.599 370.589
115.478 371.088
120.573 596.732
125.893 885.221
131.447 1000.35
137.246 423.554
143.301 591.045
149.624 882.802
156.225 1015.25
163.117 878.003
170.314 1105.51
177.828 806.187
185.674 813.814
193.865 478.094
202.418 1236.8
211.349 838.063
220.673 1109.59
230.409 917.524
240.575 679.579
251.189 881.381
262.271 305.213
273.842 486.528
285.924 725.409
298.538 539.306
311.709 306.388
325.462 366.233
339.821 59.8678
354.813 240.318
370.467 0
386.812 96.5652
403.878 330.347
421.697 171.432
440.301 211.956
459.727 0
480.01 98.2882
501.187 0
523.299 103.228
546.387 78.7819
570.493 0
595.662 0
621.942 44.8365
649.382 0
678.032 0
707.946 0
739.18 0
771.792 0
805.842 0
841.395 0
878.517 0
917.276 0
957.745 0
1000 0
