# First line is two numbers 
#     First value is '2', it means 'histogram mode'
#     Second value is 'Emin' of the histogram
# Other lines : 2 columns. 1) energy 2) probability (nb divided by NbEvent)
# Number of bins = 480
# Content below the first bin: 0
# Content above the last  bin: 0
# Content above the last  bin: 0
# Number of events: 400000
2 1e-06
1.04412e-06 0
1.09018e-06 0
1.13828e-06 0
1.1885e-06 0
1.24094e-06 0
1.29569e-06 0
1.35285e-06 0
1.41254e-06 0
1.47486e-06 0
1.53993e-06 0
1.60787e-06 0
1.6788e-06 0
1.75287e-06 0
1.83021e-06 0
1.91095e-06 0
1.99526e-06 0
2.08329e-06 0
2.1752e-06 0
2.27117e-06 0
2.37137e-06 0
2.476e-06 0
2.58523e-06 0
2.69929e-06 0
2.81838e-06 0
2.94273e-06 0
3.07256e-06 0
3.20812e-06 0
3.34965e-06 0
3.49744e-06 0
3.65174e-06 0
3.81285e-06 0
3.98107e-06 0
4.15671e-06 0
4.3401e-06 0
4.53158e-06 0
4.73151e-06 0
4.94026e-06 0
5.15822e-06 0
5.3858e-06 0
5.62341e-06 0
5.87151e-06 0
6.13056e-06 0
6.40103e-06 0
6.68344e-06 0
6.97831e-06 0
7.28618e-06 0
7.60764e-06 0
7.94328e-06 0
8.29373e-06 0
8.65964e-06 0
9.0417e-06 0
9.44061e-06 0
9.85712e-06 0
1.0292e-05 0
1.07461e-05 0
1.12202e-05 0
1.17152e-05 0
1.22321e-05 0
1.27717e-05 0
1.33352e-05 0
1.39236e-05 0
1.45378e-05 0
1.51792e-05 0
1.58489e-05 0
1.65482e-05 0
1.72783e-05 0
1.80406e-05 0
1.88365e-05 0
1.96675e-05 0
2.05353e-05 0
2.14412e-05 0
2.23872e-05 0
2.33749e-05 0
2.44062e-05 0
2.5483e-05 0
2.66073e-05 0
2.77811e-05 0
2.90068e-05 0
3.02866e-05 0
3.16228e-05 0
3.30179e-05 0
3.44747e-05 0
3.59956e-05 0
3.75837e-05 0
3.92419e-05 0
4.09732e-05 0
4.27809e-05 0
4.46684e-05 0
4.66391e-05 0
4.86968e-05 0
5.08452e-05 0
5.30884e-05 0
5.54307e-05 0
5.78762e-05 0
6.04296e-05 0
6.30957e-05 0
6.58795e-05 0
6.8786e-05 0
7.18208e-05 0
7.49894e-05 0
7.82979e-05 0
8.17523e-05 0
8.53591e-05 0
8.91251e-05 0
9.30572e-05 0
9.71628e-05 0
0.00010145 0
0.000105925 0
0.000110599 0
0.000115478 0
0.000120573 0
0.000125893 0
0.000131447 0
0.000137246 0
0.000143301 0
0.000149624 0
0.000156225 0
0.000163117 0
0.000170314 0
0.000177828 0
0.000185674 0
0.000193865 0
0.000202418 0
0.000211349 0
0.000220673 0
0.000230409 0
0.000240575 0
0.000251189 0
0.000262271 0
0.000273842 0
0.000285924 0
0.000298538 0
0.000311709 0
0.000325462 0
0.000339821 0
0.000354813 0
0.000370467 0
0.000386812 0
0.000403878 0
0.000421697 0
0.000440301 0
0.000459727 0
0.00048001 0
0.000501187 0
0.000523299 0
0.000546387 107.186
0.000570493 0
0.000595662 0
0.000621942 0
0.000649382 0
0.000678032 0
0.000707946 0
0.00073918 0
0.000771792 0
0.000805842 0
0.000841395 0
0.000878517 0
0.000917276 0
0.000957745 0
0.001 0
0.00104412 0
0.00109018 0
0.00113828 0
0.0011885 0
0.00124094 0
0.00129569 0
0.00135285 0
0.00141254 0
0.00147486 0
0.00153993 0
0.00160787 0
0.0016788 0
0.00175287 0
0.00183021 0
0.00191095 0
0.00199526 106.856
0.00208329 0
0.0021752 0
0.00227117 0
0.00237137 0
0.002476 0
0.00258523 0
0.00269929 0
0.00281838 0
0.00294273 0
0.00307256 0
0.00320812 0
0.00334965 0
0.00349744 0
0.00365174 0
0.00381285 0
0.00398107 0
0.00415671 0
0.0043401 0
0.00453158 0
0.00473151 0
0.00494026 0
0.00515822 0
0.0053858 0
0.00562341 0
0.00587151 0
0.00613056 96.0746
0.00640103 0
0.00668344 0
0.00697831 0
0.00728618 0
0.00760764 0
0.00794328 0
0.00829373 0
0.00865964 0
0.0090417 0
0.00944061 0
0.00985712 0
0.010292 0
0.0107461 0
0.0112202 0
0.0117152 0
0.0122321 0
0.0127717 0
0.0133352 0
0.0139236 79.9173
0.0145378 0
0.0151792 0
0.0158489 0
0.0165482 0
0.0172783 0
0.0180406 0
0.0188365 0
0.0196675 0
0.0205353 0
0.0214412 0
0.0223872 0
0.0233749 0
0.0244062 0
0.025483 0
0.0266073 0
0.0277811 0
0.0290068 0
0.0302866 0
0.0316228 0
0.0330179 0
0.0344747 0
0.0359956 0
0.0375837 0
0.0392419 0
0.0409732 0
0.0427809 0
0.0446684 0
0.0466391 0
0.0486968 0
0.0508452 0
0.0530884 81.405
0.0554307 0
0.0578762 0
0.0604296 0
0.0630957 0
0.0658795 0
0.068786 0
0.0718208 0
0.0749894 0
0.0782979 0
0.0817523 325.597
0.0853591 0
0.0891251 0
0.0930572 56.7681
0.0971628 108.391
0.10145 0
0.105925 0
0.110599 0
0.115478 0
0.120573 0
0.125893 177.354
0.131447 90.5264
0.137246 94.7275
0.143301 327.408
0.149624 95.0922
0.156225 13.0782
0.163117 163.451
0.170314 119.809
0.177828 116.925
0.185674 41.0406
0.193865 111.875
0.202418 76.6325
0.211349 53.6033
0.220673 106.847
0.230409 77.0785
0.240575 183.657
0.251189 322.894
0.262271 125.944
0.273842 342.282
0.285924 117.629
0.298538 111.845
0.311709 867.688
0.325462 144.456
0.339821 90.2573
0.354813 666.165
0.370467 239.171
0.386812 417.679
0.403878 0
0.421697 25.7453
0.440301 236.942
0.459727 328.091
0.48001 464.39
0.501187 104.651
0.523299 322.87
0.546387 605.423
0.570493 699.612
0.595662 535.386
0.621942 914.738
0.649382 945.91
0.678032 734.506
0.707946 845.844
0.73918 559.404
0.771792 431.511
0.805842 278.144
0.841395 165.946
0.878517 113.544
0.917276 408.098
0.957745 555.485
1 559.022
1.04412 298.648
1.09018 394.827
1.13828 562.189
1.1885 695.694
1.24094 556.121
1.29569 520.96
1.35285 265.762
1.41254 539.01
1.47486 210.386
1.53993 500.87
1.60787 57.997
1.6788 201.816
1.75287 451.187
1.83021 241.412
1.91095 411.02
1.99526 402.043
2.08329 197.867
2.1752 452.969
2.27117 489.987
2.37137 212.966
2.476 216.937
2.58523 364.62
2.69929 352.672
2.81838 289.535
2.94273 60.3402
3.07256 299.137
3.20812 363.744
3.34965 120.459
3.49744 106.105
3.65174 304.298
3.81285 0
3.98107 178.06
4.15671 0
4.3401 29.1365
4.53158 176.062
4.73151 61.3954
4.94026 284.97
5.15822 64.6815
5.3858 80.4393
5.62341 73.3917
5.87151 249.448
6.13056 111.066
6.40103 525.624
6.68344 0
6.97831 0
7.28618 329.989
7.60764 70.078
7.94328 392.06
8.29373 203.091
8.65964 0
9.0417 48.5412
9.44061 93.6971
9.85712 66.0657
10.292 200.233
10.7461 218.192
11.2202 117.751
11.7152 158.196
12.2321 89.5232
12.7717 116.134
13.3352 0
13.9236 53.6394
14.5378 0
15.1792 104.497
15.8489 305.121
16.5482 63.2121
17.2783 160.11
18.0406 0
18.8365 262.844
19.6675 154.142
20.5353 0
21.4412 100.998
22.3872 83.9629
23.3749 0
24.4062 117.337
25.483 104.16
26.6073 489.695
27.7811 163.956
29.0068 87.7479
30.2866 162.516
31.6228 0
33.0179 338.968
34.4747 295.995
35.9956 170.35
37.5837 321.958
39.2419 165.759
40.9732 252.101
42.7809 272.843
44.6684 102.471
46.6391 328.377
48.6968 467.042
50.8452 558.104
53.0884 458.677
55.4307 354.503
57.8762 80.2996
60.4296 451.676
63.0957 456.262
65.8795 565.129
68.786 383.267
71.8208 443.449
74.9894 326.262
78.2979 374.452
81.7523 442.462
85.3591 342.999
89.1251 814.22
93.0572 711.968
97.1628 320.978
101.45 117.495
105.925 882.743
110.599 1070.18
115.478 1168.58
120.573 1329.74
125.893 515.286
131.447 828.124
137.246 796.072
143.301 1640.36
149.624 829.866
156.225 211.037
163.117 1016.76
170.314 1019.18
177.828 579.229
185.674 858.522
193.865 1064.46
202.418 1060.4
211.349 885.989
220.673 657.072
230.409 866.195
240.575 845.117
251.189 947.574
262.271 941.804
273.842 680.58
285.924 600.254
298.538 450.377
311.709 273.579
325.462 288.452
339.821 51.5494
354.813 380.889
370.467 381.659
386.812 207.037
403.878 160.157
421.697 329.397
440.301 207.944
459.727 260.883
480.01 0
501.187 0
523.299 53.8393
546.387 97.6882
570.493 0
595.662 0
621.942 0
649.382 0
678.032 0
707.946 0
739.18 88.0938
771.792 0
805.842 0
841.395 0
878.517 0
917.276 0
957.745 0
1000 0
