# First line is two numbers 
#     First value is '2', it means 'histogram mode'
#     Second value is 'Emin' of the histogram
# Other lines : 2 columns. 1) energy 2) probability (nb divided by NbEvent)
# Number of bins = 480
# Content below the first bin: 0
# Content above the last  bin: 0
# Content above the last  bin: 0
# Number of events: 400000
2 1e-06
1.04412e-06 0
1.09018e-06 0
1.13828e-06 0
1.1885e-06 0
1.24094e-06 0
1.29569e-06 0
1.35285e-06 0
1.41254e-06 0
1.47486e-06 0
1.53993e-06 0
1.60787e-06 0
1.6788e-06 0
1.75287e-06 0
1.83021e-06 0
1.91095e-06 0
1.99526e-06 0
2.08329e-06 0
2.1752e-06 0
2.27117e-06 0
2.37137e-06 0
2.476e-06 0
2.58523e-06 0
2.69929e-06 0
2.81838e-06 0
2.94273e-06 0
3.07256e-06 0
3.20812e-06 0
3.34965e-06 0
3.49744e-06 0
3.65174e-06 0
3.81285e-06 0
3.98107e-06 0
4.15671e-06 0
4.3401e-06 0
4.53158e-06 0
4.73151e-06 0
4.94026e-06 0
5.15822e-06 0
5.3858e-06 0
5.62341e-06 0
5.87151e-06 0
6.13056e-06 0
6.40103e-06 0
6.68344e-06 0
6.97831e-06 0
7.28618e-06 0
7.60764e-06 0
7.94328e-06 0
8.29373e-06 0
8.65964e-06 0
9.0417e-06 0
9.44061e-06 0
9.85712e-06 0
1.0292e-05 0
1.07461e-05 0
1.12202e-05 0
1.17152e-05 0
1.22321e-05 0
1.27717e-05 0
1.33352e-05 0
1.39236e-05 0
1.45378e-05 0
1.51792e-05 0
1.58489e-05 0
1.65482e-05 0
1.72783e-05 0
1.80406e-05 0
1.88365e-05 0
1.96675e-05 0
2.05353e-05 0
2.14412e-05 0
2.23872e-05 0
2.33749e-05 0
2.44062e-05 0
2.5483e-05 0
2.66073e-05 0
2.77811e-05 0
2.90068e-05 0
3.02866e-05 0
3.16228e-05 0
3.30179e-05 0
3.44747e-05 0
3.59956e-05 0
3.75837e-05 0
3.92419e-05 0
4.09732e-05 0
4.27809e-05 0
4.46684e-05 0
4.66391e-05 0
4.86968e-05 0
5.08452e-05 0
5.30884e-05 0
5.54307e-05 0
5.78762e-05 0
6.04296e-05 0
6.30957e-05 0
6.58795e-05 0
6.8786e-05 0
7.18208e-05 0
7.49894e-05 0
7.82979e-05 0
8.17523e-05 0
8.53591e-05 0
8.91251e-05 0
9.30572e-05 0
9.71628e-05 0
0.00010145 0
0.000105925 0
0.000110599 0
0.000115478 0
0.000120573 0
0.000125893 0
0.000131447 0
0.000137246 0
0.000143301 0
0.000149624 0
0.000156225 0
0.000163117 0
0.000170314 0
0.000177828 0
0.000185674 0
0.000193865 0
0.000202418 0
0.000211349 0
0.000220673 0
0.000230409 0
0.000240575 0
0.000251189 0
0.000262271 0
0.000273842 0
0.000285924 0
0.000298538 0
0.000311709 0
0.000325462 0
0.000339821 0
0.000354813 0
0.000370467 0
0.000386812 0
0.000403878 0
0.000421697 0
0.000440301 0
0.000459727 0
0.00048001 0
0.000501187 0
0.000523299 0
0.000546387 0
0.000570493 0
0.000595662 0
0.000621942 0
0.000649382 0
0.000678032 0
0.000707946 0
0.00073918 0
0.000771792 0
0.000805842 0
0.000841395 0
0.000878517 0
0.000917276 0
0.000957745 0
0.001 0
0.00104412 0
0.00109018 0
0.00113828 0
0.0011885 0
0.00124094 0
0.00129569 0
0.00135285 0
0.00141254 0
0.00147486 0
0.00153993 0
0.00160787 0
0.0016788 0
0.00175287 0
0.00183021 0
0.00191095 0
0.00199526 0
0.00208329 0
0.0021752 0
0.00227117 0
0.00237137 0
0.002476 0
0.00258523 0
0.00269929 0
0.00281838 0
0.00294273 0
0.00307256 0
0.00320812 0
0.00334965 0
0.00349744 0
0.00365174 0
0.00381285 0
0.00398107 0
0.00415671 0
0.0043401 0
0.00453158 0
0.00473151 0
0.00494026 0
0.00515822 0
0.0053858 0
0.00562341 0
0.00587151 0
0.00613056 0
0.00640103 0
0.00668344 0
0.00697831 0
0.00728618 0
0.00760764 0
0.00794328 0
0.00829373 0
0.00865964 0
0.0090417 0
0.00944061 0
0.00985712 0
0.010292 0
0.0107461 0
0.0112202 0
0.0117152 0
0.0122321 0
0.0127717 0
0.0133352 0
0.0139236 0
0.0145378 0
0.0151792 0
0.0158489 0
0.0165482 0
0.0172783 0
0.0180406 5.96175
0.0188365 110.131
0.0196675 0
0.0205353 0
0.0214412 0
0.0223872 0
0.0233749 0
0.0244062 0
0.025483 0
0.0266073 48.2643
0.0277811 0
0.0290068 0
0.0302866 0
0.0316228 0
0.0330179 89.829
0.0344747 0
0.0359956 0
0.0375837 0
0.0392419 0
0.0409732 0
0.0427809 105.763
0.0446684 116.907
0.0466391 118.103
0.0486968 105.409
0.0508452 0
0.0530884 0
0.0554307 0
0.0578762 0
0.0604296 0
0.0630957 0
0.0658795 0
0.068786 0
0.0718208 185.648
0.0749894 0
0.0782979 0
0.0817523 343.824
0.0853591 105.552
0.0891251 0
0.0930572 0
0.0971628 93.8934
0.10145 0
0.105925 115.414
0.110599 271.625
0.115478 98.5645
0.120573 176.585
0.125893 120.073
0.131447 219.079
0.137246 98.5097
0.143301 44.4244
0.149624 0
0.156225 0
0.163117 107.926
0.170314 27.2777
0.177828 164.446
0.185674 366.689
0.193865 0
0.202418 0
0.211349 110.167
0.220673 682.19
0.230409 107.23
0.240575 223.722
0.251189 135.589
0.262271 0
0.273842 100.806
0.285924 0
0.298538 113.48
0.311709 191.228
0.325462 158.601
0.339821 0
0.354813 808.397
0.370467 270.158
0.386812 307.635
0.403878 216.171
0.421697 95.1302
0.440301 294.775
0.459727 520.943
0.48001 282.578
0.501187 262.232
0.523299 88.178
0.546387 206.33
0.570493 581.114
0.595662 755.351
0.621942 494.741
0.649382 875.3
0.678032 585.501
0.707946 705.452
0.73918 297.873
0.771792 251.688
0.805842 240.224
0.841395 435.124
0.878517 589.443
0.917276 242.808
0.957745 700.399
1 264.735
1.04412 351.333
1.09018 312.676
1.13828 417.976
1.1885 698.9
1.24094 658.1
1.29569 244.001
1.35285 554.263
1.41254 264.143
1.47486 333.492
1.53993 577.278
1.60787 462.181
1.6788 118.898
1.75287 400.126
1.83021 359.555
1.91095 243.499
1.99526 186.181
2.08329 116.184
2.1752 382.051
2.27117 365.733
2.37137 91.194
2.476 442.063
2.58523 506.14
2.69929 87.5148
2.81838 357.839
2.94273 399.336
3.07256 60.6705
3.20812 128.885
3.34965 172.57
3.49744 308.119
3.65174 215.291
3.81285 0
3.98107 154.036
4.15671 203.788
4.3401 172.24
4.53158 225.285
4.73151 166.047
4.94026 88.3433
5.15822 155.318
5.3858 304.457
5.62341 52.5187
5.87151 182.676
6.13056 101.656
6.40103 97.6913
6.68344 0
6.97831 131.32
7.28618 191.237
7.60764 350.56
7.94328 106.97
8.29373 351.544
8.65964 104.465
9.0417 0
9.44061 332.539
9.85712 0
10.292 106.575
10.7461 299.877
11.2202 0
11.7152 222.055
12.2321 0
12.7717 108.831
13.3352 170.57
13.9236 277.323
14.5378 103.74
15.1792 148.073
15.8489 296.134
16.5482 0
17.2783 114.386
18.0406 164.382
18.8365 0
19.6675 82.1791
20.5353 315.093
21.4412 101.826
22.3872 366.896
23.3749 0
24.4062 86.7814
25.483 232.613
26.6073 117.71
27.7811 128.006
29.0068 245.755
30.2866 245.085
31.6228 121.39
33.0179 182.319
34.4747 201.084
35.9956 348.773
37.5837 58.3596
39.2419 86.8358
40.9732 403.96
42.7809 161.55
44.6684 625.356
46.6391 348.302
48.6968 494.428
50.8452 567.227
53.0884 583.309
55.4307 195.441
57.8762 227.732
60.4296 1043.87
63.0957 362.438
65.8795 533.51
68.786 241.615
71.8208 392.559
74.9894 481.974
78.2979 754.332
81.7523 374.584
85.3591 846.528
89.1251 701.71
93.0572 816.831
97.1628 772.05
101.45 826.048
105.925 442.563
110.599 470.16
115.478 473.204
120.573 314.125
125.893 686.74
131.447 374.137
137.246 601.815
143.301 1152.24
149.624 565.273
156.225 436.874
163.117 967.433
170.314 588.128
177.828 820.956
185.674 714.762
193.865 990.378
202.418 510.552
211.349 820.853
220.673 516.705
230.409 817.2
240.575 766.934
251.189 1755.54
262.271 644.939
273.842 473.634
285.924 431.607
298.538 226.134
311.709 318.255
325.462 309.516
339.821 72.9287
354.813 295.959
370.467 150.035
386.812 330.271
403.878 236.003
421.697 65.5885
440.301 39.6131
459.727 0
480.01 0
501.187 223.938
523.299 118.187
546.387 0
570.493 0
595.662 0
621.942 0
649.382 0
678.032 0
707.946 0
739.18 0
771.792 45.1449
805.842 0
841.395 0
878.517 0
917.276 0
957.745 0
1000 0
