# First line is two numbers 
#     First value is '2', it means 'histogram mode'
#     Second value is 'Emin' of the histogram
# Other lines : 2 columns. 1) energy 2) probability (nb divided by NbEvent)
# Number of bins = 480
# Content below the first bin: 0
# Content above the last  bin: 0
# Content above the last  bin: 0
# Number of events: 209000
2 1e-06
1.04412e-06 0
1.09018e-06 0
1.13828e-06 0
1.1885e-06 0
1.24094e-06 0
1.29569e-06 0
1.35285e-06 0
1.41254e-06 0
1.47486e-06 0
1.53993e-06 0
1.60787e-06 0
1.6788e-06 0
1.75287e-06 0
1.83021e-06 0
1.91095e-06 0
1.99526e-06 0
2.08329e-06 0
2.1752e-06 0
2.27117e-06 0
2.37137e-06 0
2.476e-06 0
2.58523e-06 0
2.69929e-06 0
2.81838e-06 0
2.94273e-06 0
3.07256e-06 0
3.20812e-06 0
3.34965e-06 0
3.49744e-06 0
3.65174e-06 0
3.81285e-06 0
3.98107e-06 0
4.15671e-06 0
4.3401e-06 0
4.53158e-06 0
4.73151e-06 0
4.94026e-06 0
5.15822e-06 0
5.3858e-06 0
5.62341e-06 0
5.87151e-06 0
6.13056e-06 0
6.40103e-06 0
6.68344e-06 0
6.97831e-06 0
7.28618e-06 0
7.60764e-06 0
7.94328e-06 0
8.29373e-06 0
8.65964e-06 0
9.0417e-06 0
9.44061e-06 0
9.85712e-06 0
1.0292e-05 0
1.07461e-05 0
1.12202e-05 0
1.17152e-05 0
1.22321e-05 0
1.27717e-05 0
1.33352e-05 0
1.39236e-05 0
1.45378e-05 0
1.51792e-05 0
1.58489e-05 0
1.65482e-05 0
1.72783e-05 0
1.80406e-05 0
1.88365e-05 0
1.96675e-05 0
2.05353e-05 0
2.14412e-05 0
2.23872e-05 0
2.33749e-05 0
2.44062e-05 0
2.5483e-05 0
2.66073e-05 0
2.77811e-05 0
2.90068e-05 0
3.02866e-05 0
3.16228e-05 0
3.30179e-05 0
3.44747e-05 0
3.59956e-05 0
3.75837e-05 0
3.92419e-05 0
4.09732e-05 0
4.27809e-05 0
4.46684e-05 0
4.66391e-05 0
4.86968e-05 0
5.08452e-05 0
5.30884e-05 0
5.54307e-05 0
5.78762e-05 0
6.04296e-05 0
6.30957e-05 0
6.58795e-05 0
6.8786e-05 0
7.18208e-05 0
7.49894e-05 0
7.82979e-05 0
8.17523e-05 0
8.53591e-05 0
8.91251e-05 0
9.30572e-05 0
9.71628e-05 0
0.00010145 0
0.000105925 0
0.000110599 0
0.000115478 0
0.000120573 0
0.000125893 0
0.000131447 0
0.000137246 0
0.000143301 0
0.000149624 0
0.000156225 0
0.000163117 0
0.000170314 0
0.000177828 0
0.000185674 0
0.000193865 0
0.000202418 0
0.000211349 0
0.000220673 111.979
0.000230409 0
0.000240575 0
0.000251189 0
0.000262271 0
0.000273842 0
0.000285924 0
0.000298538 0
0.000311709 0
0.000325462 0
0.000339821 0
0.000354813 0
0.000370467 0
0.000386812 0
0.000403878 0
0.000421697 0
0.000440301 0
0.000459727 0
0.00048001 0
0.000501187 0
0.000523299 0
0.000546387 0
0.000570493 0
0.000595662 0
0.000621942 0
0.000649382 0
0.000678032 0
0.000707946 0
0.00073918 0
0.000771792 0
0.000805842 0
0.000841395 0
0.000878517 0
0.000917276 0
0.000957745 0
0.001 0
0.00104412 0
0.00109018 0
0.00113828 0
0.0011885 0
0.00124094 0
0.00129569 0
0.00135285 0
0.00141254 0
0.00147486 0
0.00153993 0
0.00160787 0
0.0016788 0
0.00175287 0
0.00183021 0
0.00191095 0
0.00199526 0
0.00208329 0
0.0021752 0
0.00227117 0
0.00237137 0
0.002476 0
0.00258523 0
0.00269929 0
0.00281838 0
0.00294273 0
0.00307256 0
0.00320812 0
0.00334965 0
0.00349744 0
0.00365174 97.5042
0.00381285 0
0.00398107 0
0.00415671 0
0.0043401 0
0.00453158 0
0.00473151 0
0.00494026 0
0.00515822 109.806
0.0053858 0
0.00562341 0
0.00587151 0
0.00613056 59.9402
0.00640103 0
0.00668344 0
0.00697831 0
0.00728618 0
0.00760764 0
0.00794328 0
0.00829373 0
0.00865964 63.1513
0.0090417 0
0.00944061 0
0.00985712 102.605
0.010292 77.4537
0.0107461 0
0.0112202 0
0.0117152 0
0.0122321 0
0.0127717 198.385
0.0133352 203.003
0.0139236 0
0.0145378 82.0792
0.0151792 421.606
0.0158489 0
0.0165482 107.182
0.0172783 0
0.0180406 88.6411
0.0188365 0
0.0196675 118.376
0.0205353 227.088
0.0214412 77.9036
0.0223872 206.102
0.0233749 0
0.0244062 180.446
0.025483 292.8
0.0266073 105.993
0.0277811 306.459
0.0290068 196.077
0.0302866 382.783
0.0316228 232.653
0.0330179 176.939
0.0344747 187.638
0.0359956 374.671
0.0375837 392.167
0.0392419 286.207
0.0409732 84.1256
0.0427809 334.311
0.0446684 372.584
0.0466391 291.586
0.0486968 684.824
0.0508452 179.3
0.0530884 409.356
0.0554307 372.411
0.0578762 163.941
0.0604296 1044.37
0.0630957 379.283
0.0658795 847.221
0.068786 379.967
0.0718208 757.323
0.0749894 601.042
0.0782979 881.868
0.0817523 314.949
0.0853591 621.463
0.0891251 702.69
0.0930572 730.066
0.0971628 466.638
0.10145 1389.49
0.105925 890.245
0.110599 740.597
0.115478 1507.08
0.120573 748.256
0.125893 877.047
0.131447 1650.66
0.137246 1063.54
0.143301 1552.1
0.149624 1325.02
0.156225 936.906
0.163117 1072.08
0.170314 1095.99
0.177828 1144.48
0.185674 1568.35
0.193865 1719.71
0.202418 1522.31
0.211349 1622.34
0.220673 940.106
0.230409 737.451
0.240575 1184.48
0.251189 1784.21
0.262271 879.963
0.273842 1606.5
0.285924 1286.17
0.298538 1194.54
0.311709 1459
0.325462 1726.98
0.339821 1094
0.354813 1200.25
0.370467 1357.11
0.386812 950.188
0.403878 1348.46
0.421697 1235.07
0.440301 792.937
0.459727 1236.31
0.48001 2152.03
0.501187 1165.61
0.523299 1394.95
0.546387 1724.62
0.570493 679.502
0.595662 1530.25
0.621942 2134.36
0.649382 1321.22
0.678032 1175.53
0.707946 1241.28
0.73918 765.042
0.771792 1307.15
0.805842 1333.59
0.841395 1070.79
0.878517 1001.81
0.917276 1434.29
0.957745 1080.84
1 1306.02
1.04412 929.974
1.09018 552.933
1.13828 1239.45
1.1885 898.936
1.24094 731.403
1.29569 898.856
1.35285 406.538
1.41254 844.378
1.47486 492.614
1.53993 1052.2
1.60787 451.415
1.6788 826.286
1.75287 870.216
1.83021 725.792
1.91095 616.999
1.99526 143.586
2.08329 401.515
2.1752 596.777
2.27117 285.838
2.37137 621.47
2.476 326.341
2.58523 392.836
2.69929 259.93
2.81838 79.8019
2.94273 140.959
3.07256 480.906
3.20812 219.914
3.34965 100.051
3.49744 188.008
3.65174 380.578
3.81285 227.747
3.98107 519.455
4.15671 336.388
4.3401 278.773
4.53158 182.176
4.73151 46.7839
4.94026 264.384
5.15822 369.655
5.3858 0
5.62341 177.803
5.87151 389.321
6.13056 172.217
6.40103 77.8744
6.68344 104.188
6.97831 200.759
7.28618 105.446
7.60764 175.484
7.94328 161.763
8.29373 102.636
8.65964 0
9.0417 272.596
9.44061 385.321
9.85712 340.965
10.292 208.766
10.7461 296.163
11.2202 78.4415
11.7152 0
12.2321 119.852
12.7717 229.265
13.3352 40.9434
13.9236 147.689
14.5378 17.7604
15.1792 43.5123
15.8489 112.344
16.5482 116.353
17.2783 308.162
18.0406 167.833
18.8365 325.619
19.6675 319.317
20.5353 107.884
21.4412 258.839
22.3872 110.262
23.3749 438.615
24.4062 166.359
25.483 291.27
26.6073 293.675
27.7811 136.789
29.0068 388.034
30.2866 154.831
31.6228 34.2026
33.0179 273.718
34.4747 198.792
35.9956 111.092
37.5837 0
39.2419 57.8222
40.9732 249.315
42.7809 70.3133
44.6684 413.314
46.6391 316.036
48.6968 502.255
50.8452 363.358
53.0884 339.347
55.4307 357.355
57.8762 447.531
60.4296 337.797
63.0957 162.95
65.8795 151.821
68.786 360.317
71.8208 249.027
74.9894 198.183
78.2979 420.173
81.7523 159
85.3591 58.9681
89.1251 217.259
93.0572 312.721
97.1628 587.39
101.45 577.452
105.925 35.369
110.599 504.513
115.478 162.695
120.573 353.101
125.893 321.339
131.447 243.268
137.246 596.554
143.301 636.608
149.624 221.517
156.225 719.361
163.117 463.339
170.314 412.961
177.828 580.171
185.674 773.913
193.865 930.675
202.418 642.202
211.349 746.805
220.673 221.567
230.409 838.224
240.575 733.208
251.189 480.419
262.271 585.37
273.842 710.124
285.924 776.23
298.538 898.374
311.709 1006.93
325.462 990.335
339.821 475.26
354.813 1157.64
370.467 916.433
386.812 1379.26
403.878 474.862
421.697 459.297
440.301 368.166
459.727 198.861
480.01 111.833
501.187 209.318
523.299 96.0124
546.387 0
570.493 104.237
595.662 0
621.942 117.967
649.382 0
678.032 0
707.946 0
739.18 0
771.792 0
805.842 0
841.395 0
878.517 0
917.276 0
957.745 71.897
1000 0
