# First line is two numbers 
#     First value is '2', it means 'histogram mode'
#     Second value is 'Emin' of the histogram
# Other lines : 2 columns. 1) energy 2) probability (nb divided by NbEvent)
# Number of bins = 480
# Content below the first bin: 0
# Content above the last  bin: 0
# Content above the last  bin: 0
# Number of events: 209000
2 1e-06
1.04412e-06 0
1.09018e-06 0
1.13828e-06 0
1.1885e-06 0
1.24094e-06 0
1.29569e-06 0
1.35285e-06 0
1.41254e-06 0
1.47486e-06 0
1.53993e-06 0
1.60787e-06 0
1.6788e-06 0
1.75287e-06 0
1.83021e-06 0
1.91095e-06 0
1.99526e-06 0
2.08329e-06 0
2.1752e-06 0
2.27117e-06 0
2.37137e-06 0
2.476e-06 0
2.58523e-06 0
2.69929e-06 0
2.81838e-06 0
2.94273e-06 0
3.07256e-06 0
3.20812e-06 0
3.34965e-06 0
3.49744e-06 0
3.65174e-06 0
3.81285e-06 0
3.98107e-06 0
4.15671e-06 0
4.3401e-06 0
4.53158e-06 0
4.73151e-06 0
4.94026e-06 0
5.15822e-06 0
5.3858e-06 0
5.62341e-06 0
5.87151e-06 0
6.13056e-06 0
6.40103e-06 0
6.68344e-06 0
6.97831e-06 0
7.28618e-06 0
7.60764e-06 0
7.94328e-06 0
8.29373e-06 0
8.65964e-06 0
9.0417e-06 0
9.44061e-06 0
9.85712e-06 0
1.0292e-05 0
1.07461e-05 0
1.12202e-05 0
1.17152e-05 0
1.22321e-05 0
1.27717e-05 0
1.33352e-05 0
1.39236e-05 0
1.45378e-05 0
1.51792e-05 0
1.58489e-05 0
1.65482e-05 0
1.72783e-05 0
1.80406e-05 0
1.88365e-05 0
1.96675e-05 0
2.05353e-05 0
2.14412e-05 0
2.23872e-05 0
2.33749e-05 0
2.44062e-05 0
2.5483e-05 0
2.66073e-05 0
2.77811e-05 0
2.90068e-05 0
3.02866e-05 0
3.16228e-05 0
3.30179e-05 0
3.44747e-05 0
3.59956e-05 0
3.75837e-05 0
3.92419e-05 0
4.09732e-05 0
4.27809e-05 0
4.46684e-05 0
4.66391e-05 0
4.86968e-05 0
5.08452e-05 0
5.30884e-05 0
5.54307e-05 0
5.78762e-05 0
6.04296e-05 0
6.30957e-05 0
6.58795e-05 0
6.8786e-05 0
7.18208e-05 0
7.49894e-05 0
7.82979e-05 0
8.17523e-05 0
8.53591e-05 0
8.91251e-05 0
9.30572e-05 0
9.71628e-05 0
0.00010145 0
0.000105925 0
0.000110599 0
0.000115478 0
0.000120573 0
0.000125893 0
0.000131447 0
0.000137246 0
0.000143301 0
0.000149624 0
0.000156225 0
0.000163117 0
0.000170314 0
0.000177828 0
0.000185674 0
0.000193865 0
0.000202418 0
0.000211349 0
0.000220673 0
0.000230409 0
0.000240575 0
0.000251189 0
0.000262271 0
0.000273842 0
0.000285924 0
0.000298538 0
0.000311709 0
0.000325462 0
0.000339821 0
0.000354813 0
0.000370467 0
0.000386812 0
0.000403878 0
0.000421697 0
0.000440301 0
0.000459727 0
0.00048001 0
0.000501187 0
0.000523299 0
0.000546387 0
0.000570493 0
0.000595662 0
0.000621942 0
0.000649382 0
0.000678032 0
0.000707946 0
0.00073918 0
0.000771792 0
0.000805842 0
0.000841395 0
0.000878517 0
0.000917276 0
0.000957745 0
0.001 0
0.00104412 0
0.00109018 0
0.00113828 0
0.0011885 0
0.00124094 0
0.00129569 0
0.00135285 0
0.00141254 0
0.00147486 0
0.00153993 0
0.00160787 0
0.0016788 0
0.00175287 0
0.00183021 0
0.00191095 0
0.00199526 0
0.00208329 0
0.0021752 0
0.00227117 0
0.00237137 0
0.002476 0
0.00258523 0
0.00269929 0
0.00281838 0
0.00294273 0
0.00307256 0
0.00320812 0
0.00334965 0
0.00349744 0
0.00365174 0
0.00381285 14.9852
0.00398107 0
0.00415671 0
0.0043401 0
0.00453158 0
0.00473151 0
0.00494026 0
0.00515822 0
0.0053858 103.785
0.00562341 0
0.00587151 0
0.00613056 0
0.00640103 0
0.00668344 0
0.00697831 0
0.00728618 0
0.00760764 0
0.00794328 0
0.00829373 0
0.00865964 0
0.0090417 65.9961
0.00944061 0
0.00985712 0
0.010292 0
0.0107461 0
0.0112202 0
0.0117152 127.922
0.0122321 81.4339
0.0127717 0
0.0133352 44.8717
0.0139236 60.2752
0.0145378 0
0.0151792 114.022
0.0158489 97.6132
0.0165482 117.808
0.0172783 195.456
0.0180406 98.7462
0.0188365 0
0.0196675 178.808
0.0205353 270.828
0.0214412 255.344
0.0223872 51.2826
0.0233749 153.75
0.0244062 457.489
0.025483 193.395
0.0266073 210.816
0.0277811 318.142
0.0290068 157.833
0.0302866 252.897
0.0316228 272.043
0.0330179 484.183
0.0344747 344.528
0.0359956 158.636
0.0375837 170.452
0.0392419 55.6978
0.0409732 417.023
0.0427809 251.459
0.0446684 177.935
0.0466391 181.413
0.0486968 388.954
0.0508452 177.584
0.0530884 484.484
0.0554307 362.342
0.0578762 789.13
0.0604296 794.728
0.0630957 390.276
0.0658795 894.027
0.068786 343.51
0.0718208 642.631
0.0749894 621.193
0.0782979 814.858
0.0817523 522.393
0.0853591 943.964
0.0891251 598.44
0.0930572 884.249
0.0971628 1146.98
0.10145 1227.12
0.105925 1213.34
0.110599 1198.4
0.115478 1194.37
0.120573 643.725
0.125893 908.723
0.131447 967.21
0.137246 1019.32
0.143301 1282.19
0.149624 1576.46
0.156225 679.958
0.163117 864.607
0.170314 1352.05
0.177828 716.732
0.185674 1341.84
0.193865 1219.46
0.202418 1262.79
0.211349 1756.41
0.220673 1236.94
0.230409 1539.9
0.240575 1683.38
0.251189 1368.83
0.262271 709.878
0.273842 1515.26
0.285924 1353.44
0.298538 1726.7
0.311709 1712.09
0.325462 1543
0.339821 1641.68
0.354813 1862.05
0.370467 1112.09
0.386812 1144.7
0.403878 1247.53
0.421697 1755.67
0.440301 811.958
0.459727 1309.33
0.48001 1763.43
0.501187 800.055
0.523299 1125.15
0.546387 990.955
0.570493 937.591
0.595662 1406.03
0.621942 2173.59
0.649382 1528.03
0.678032 749.678
0.707946 1231.15
0.73918 1225.98
0.771792 1746.98
0.805842 1565.15
0.841395 1611.57
0.878517 851.689
0.917276 1140.05
0.957745 819.179
1 983.225
1.04412 1234.57
1.09018 621.433
1.13828 1164.74
1.1885 385.524
1.24094 551.033
1.29569 500.312
1.35285 428.881
1.41254 441.132
1.47486 599.216
1.53993 238.578
1.60787 580.985
1.6788 370.005
1.75287 450.394
1.83021 420.601
1.91095 100.208
1.99526 810.381
2.08329 291.597
2.1752 439.562
2.27117 694.277
2.37137 431.399
2.476 228.523
2.58523 350.068
2.69929 444.829
2.81838 179.03
2.94273 251.869
3.07256 645.955
3.20812 390.012
3.34965 203.771
3.49744 190.945
3.65174 525.927
3.81285 259.297
3.98107 522.984
4.15671 0
4.3401 253.354
4.53158 461.201
4.73151 499.871
4.94026 23.7901
5.15822 195.984
5.3858 465.953
5.62341 448.397
5.87151 54.5645
6.13056 0
6.40103 155.555
6.68344 351.974
6.97831 287.07
7.28618 250.991
7.60764 0
7.94328 17.2809
8.29373 262.297
8.65964 133.078
9.0417 252.49
9.44061 115.054
9.85712 71.3622
10.292 32.7878
10.7461 198.834
11.2202 205.676
11.7152 0
12.2321 106.114
12.7717 173.043
13.3352 0
13.9236 28.9735
14.5378 338.569
15.1792 0
15.8489 79.4679
16.5482 101.12
17.2783 0
18.0406 241.767
18.8365 0
19.6675 151.693
20.5353 275.231
21.4412 0
22.3872 449.735
23.3749 203.306
24.4062 167.504
25.483 40.5257
26.6073 125.032
27.7811 148.085
29.0068 0
30.2866 304.887
31.6228 550.879
33.0179 75.9392
34.4747 173.87
35.9956 530.962
37.5837 183.681
39.2419 313.169
40.9732 0
42.7809 222.25
44.6684 246.548
46.6391 55.0683
48.6968 380.756
50.8452 166.191
53.0884 428.436
55.4307 71.006
57.8762 269.851
60.4296 446.542
63.0957 256.635
65.8795 150.266
68.786 470.966
71.8208 307.996
74.9894 193.898
78.2979 167.559
81.7523 120.861
85.3591 137.387
89.1251 272.674
93.0572 168.499
97.1628 468.755
101.45 133.757
105.925 364.557
110.599 355.029
115.478 372.433
120.573 314.047
125.893 370.56
131.447 422.191
137.246 98.6193
143.301 263.466
149.624 763.608
156.225 143.623
163.117 532.348
170.314 301.249
177.828 437.888
185.674 214.648
193.865 526.385
202.418 243.023
211.349 471.439
220.673 433.374
230.409 556.73
240.575 699.474
251.189 964.472
262.271 405.578
273.842 852.353
285.924 850.158
298.538 795.312
311.709 989.426
325.462 1490.2
339.821 1618.19
354.813 279.958
370.467 1447.48
386.812 944.603
403.878 635.111
421.697 98.2436
440.301 512.827
459.727 105.012
480.01 346.715
501.187 91.6095
523.299 0
546.387 0
570.493 0
595.662 0
621.942 113.312
649.382 0
678.032 0
707.946 219.015
739.18 0
771.792 0
805.842 88.1943
841.395 0
878.517 0
917.276 0
957.745 0
1000 0
