# First line is two numbers 
#     First value is '2', it means 'histogram mode'
#     Second value is 'Emin' of the histogram
# Other lines : 2 columns. 1) energy 2) probability (nb divided by NbEvent)
# Number of bins = 480
# Content below the first bin: 0
# Content above the last  bin: 0
# Content above the last  bin: 0
# Number of events: 209000
2 1e-06
1.04412e-06 0
1.09018e-06 0
1.13828e-06 0
1.1885e-06 0
1.24094e-06 0
1.29569e-06 0
1.35285e-06 0
1.41254e-06 0
1.47486e-06 0
1.53993e-06 0
1.60787e-06 0
1.6788e-06 0
1.75287e-06 0
1.83021e-06 0
1.91095e-06 0
1.99526e-06 0
2.08329e-06 0
2.1752e-06 0
2.27117e-06 0
2.37137e-06 0
2.476e-06 0
2.58523e-06 0
2.69929e-06 0
2.81838e-06 0
2.94273e-06 0
3.07256e-06 0
3.20812e-06 0
3.34965e-06 0
3.49744e-06 0
3.65174e-06 0
3.81285e-06 0
3.98107e-06 0
4.15671e-06 0
4.3401e-06 0
4.53158e-06 0
4.73151e-06 0
4.94026e-06 0
5.15822e-06 0
5.3858e-06 0
5.62341e-06 0
5.87151e-06 0
6.13056e-06 0
6.40103e-06 0
6.68344e-06 0
6.97831e-06 0
7.28618e-06 0
7.60764e-06 0
7.94328e-06 0
8.29373e-06 0
8.65964e-06 0
9.0417e-06 0
9.44061e-06 0
9.85712e-06 0
1.0292e-05 0
1.07461e-05 0
1.12202e-05 0
1.17152e-05 0
1.22321e-05 0
1.27717e-05 0
1.33352e-05 0
1.39236e-05 0
1.45378e-05 0
1.51792e-05 0
1.58489e-05 0
1.65482e-05 0
1.72783e-05 0
1.80406e-05 0
1.88365e-05 0
1.96675e-05 0
2.05353e-05 0
2.14412e-05 0
2.23872e-05 0
2.33749e-05 0
2.44062e-05 0
2.5483e-05 0
2.66073e-05 0
2.77811e-05 0
2.90068e-05 0
3.02866e-05 0
3.16228e-05 0
3.30179e-05 0
3.44747e-05 0
3.59956e-05 0
3.75837e-05 0
3.92419e-05 0
4.09732e-05 0
4.27809e-05 0
4.46684e-05 0
4.66391e-05 0
4.86968e-05 0
5.08452e-05 0
5.30884e-05 0
5.54307e-05 0
5.78762e-05 0
6.04296e-05 0
6.30957e-05 0
6.58795e-05 0
6.8786e-05 0
7.18208e-05 0
7.49894e-05 0
7.82979e-05 0
8.17523e-05 0
8.53591e-05 0
8.91251e-05 0
9.30572e-05 0
9.71628e-05 0
0.00010145 0
0.000105925 0
0.000110599 0
0.000115478 0
0.000120573 0
0.000125893 0
0.000131447 0
0.000137246 0
0.000143301 0
0.000149624 0
0.000156225 0
0.000163117 0
0.000170314 0
0.000177828 0
0.000185674 0
0.000193865 0
0.000202418 0
0.000211349 0
0.000220673 0
0.000230409 0
0.000240575 0
0.000251189 0
0.000262271 0
0.000273842 0
0.000285924 0
0.000298538 0
0.000311709 0
0.000325462 0
0.000339821 0
0.000354813 0
0.000370467 0
0.000386812 0
0.000403878 0
0.000421697 0
0.000440301 0
0.000459727 0
0.00048001 0
0.000501187 0
0.000523299 0
0.000546387 0
0.000570493 0
0.000595662 0
0.000621942 0
0.000649382 0
0.000678032 0
0.000707946 0
0.00073918 0
0.000771792 0
0.000805842 0
0.000841395 0
0.000878517 0
0.000917276 0
0.000957745 0
0.001 0
0.00104412 0
0.00109018 0
0.00113828 0
0.0011885 0
0.00124094 0
0.00129569 0
0.00135285 0
0.00141254 0
0.00147486 0
0.00153993 0
0.00160787 0
0.0016788 0
0.00175287 0
0.00183021 0
0.00191095 0
0.00199526 0
0.00208329 0
0.0021752 0
0.00227117 0
0.00237137 0
0.002476 0
0.00258523 0
0.00269929 0
0.00281838 0
0.00294273 0
0.00307256 90.8041
0.00320812 0
0.00334965 0
0.00349744 0
0.00365174 0
0.00381285 0
0.00398107 0
0.00415671 0
0.0043401 0
0.00453158 110.363
0.00473151 0
0.00494026 0
0.00515822 0
0.0053858 0
0.00562341 0
0.00587151 0
0.00613056 0
0.00640103 0
0.00668344 0
0.00697831 0
0.00728618 0
0.00760764 89.8378
0.00794328 118.555
0.00829373 0
0.00865964 0
0.0090417 0
0.00944061 0
0.00985712 0
0.010292 0
0.0107461 110.71
0.0112202 0
0.0117152 0
0.0122321 0
0.0127717 43.1873
0.0133352 0
0.0139236 96.3743
0.0145378 0
0.0151792 108.184
0.0158489 85.7187
0.0165482 273.697
0.0172783 193.725
0.0180406 211.48
0.0188365 303.929
0.0196675 117.903
0.0205353 162.537
0.0214412 0
0.0223872 0
0.0233749 204.655
0.0244062 332.724
0.025483 196.335
0.0266073 135.924
0.0277811 203.674
0.0290068 254.943
0.0302866 200.211
0.0316228 176.286
0.0330179 427.835
0.0344747 458.853
0.0359956 318.221
0.0375837 550.019
0.0392419 141.562
0.0409732 79.0018
0.0427809 478.355
0.0446684 321.715
0.0466391 276.018
0.0486968 227.786
0.0508452 313.579
0.0530884 535.367
0.0554307 669.771
0.0578762 372.52
0.0604296 241.793
0.0630957 517.349
0.0658795 368.879
0.068786 451.064
0.0718208 634.308
0.0749894 526.768
0.0782979 386.817
0.0817523 916.813
0.0853591 1059.83
0.0891251 1166.48
0.0930572 1265.78
0.0971628 571.065
0.10145 1495.24
0.105925 991.022
0.110599 904.681
0.115478 464.114
0.120573 1255.53
0.125893 1300.86
0.131447 1024.47
0.137246 1492.12
0.143301 1226.38
0.149624 1335.23
0.156225 1586.15
0.163117 2149.45
0.170314 1366.01
0.177828 823.545
0.185674 1400.81
0.193865 1309.81
0.202418 1716.21
0.211349 1534.58
0.220673 1448.22
0.230409 778.465
0.240575 1672.99
0.251189 2416.32
0.262271 1434.81
0.273842 1378.38
0.285924 1275.69
0.298538 1809.54
0.311709 2367.05
0.325462 1648.99
0.339821 1492.11
0.354813 1189.37
0.370467 1268.69
0.386812 2019.05
0.403878 1412.45
0.421697 1746.62
0.440301 1786.27
0.459727 1909.06
0.48001 1639.62
0.501187 950.126
0.523299 2799.16
0.546387 1651.97
0.570493 1399.79
0.595662 1445.37
0.621942 1453.96
0.649382 1239.09
0.678032 1168.38
0.707946 965.653
0.73918 1478.36
0.771792 1734.13
0.805842 1078.97
0.841395 1067.53
0.878517 1266.36
0.917276 1258.41
0.957745 1022.98
1 672.921
1.04412 1127.62
1.09018 725.627
1.13828 862.935
1.1885 915.41
1.24094 769.468
1.29569 579.889
1.35285 736.821
1.41254 621.461
1.47486 404.348
1.53993 366.667
1.60787 178.956
1.6788 276.148
1.75287 446.508
1.83021 313.074
1.91095 156.542
1.99526 330.936
2.08329 599.976
2.1752 659.117
2.27117 169.398
2.37137 429.59
2.476 365.274
2.58523 462.708
2.69929 683.825
2.81838 249.768
2.94273 150.764
3.07256 409.013
3.20812 297.606
3.34965 525.557
3.49744 352.828
3.65174 209.122
3.81285 276.857
3.98107 249.167
4.15671 381.118
4.3401 168.933
4.53158 97.0884
4.73151 419.428
4.94026 227.61
5.15822 376.27
5.3858 300.64
5.62341 202.914
5.87151 0
6.13056 85.6483
6.40103 152.155
6.68344 104.283
6.97831 104.961
7.28618 259.238
7.60764 282.531
7.94328 0
8.29373 426.424
8.65964 187.47
9.0417 0
9.44061 0
9.85712 105.347
10.292 185.12
10.7461 83.5366
11.2202 119.519
11.7152 75.1771
12.2321 142.756
12.7717 0
13.3352 0
13.9236 298.542
14.5378 229.685
15.1792 87.3668
15.8489 84.9107
16.5482 0
17.2783 318.093
18.0406 0
18.8365 0
19.6675 0
20.5353 229.296
21.4412 51.2242
22.3872 106.278
23.3749 204.209
24.4062 161.352
25.483 53.0464
26.6073 57.3206
27.7811 95.8247
29.0068 424.4
30.2866 450.911
31.6228 54.113
33.0179 0
34.4747 0
35.9956 327.174
37.5837 216.971
39.2419 336.753
40.9732 402.267
42.7809 408.828
44.6684 51.5115
46.6391 423.069
48.6968 521.476
50.8452 67.8877
53.0884 268.191
55.4307 365.341
57.8762 175.818
60.4296 426.187
63.0957 140.592
65.8795 300.771
68.786 218.578
71.8208 100.842
74.9894 287.354
78.2979 368.722
81.7523 202.675
85.3591 141.59
89.1251 297.47
93.0572 221.45
97.1628 504.256
101.45 88.7233
105.925 392.066
110.599 404.548
115.478 392.253
120.573 289.143
125.893 269.937
131.447 269.74
137.246 379.366
143.301 455.815
149.624 641.7
156.225 603.393
163.117 382.883
170.314 397.361
177.828 477.599
185.674 512.169
193.865 572.649
202.418 612.209
211.349 616.304
220.673 605.522
230.409 863.92
240.575 581.431
251.189 1097.56
262.271 624.866
273.842 848.376
285.924 860.889
298.538 1557.89
311.709 1037.51
325.462 1470.74
339.821 1281.28
354.813 1247.28
370.467 676.958
386.812 889.48
403.878 666.083
421.697 701.317
440.301 443.471
459.727 166.867
480.01 102.532
501.187 362.132
523.299 43.7933
546.387 95.0826
570.493 0
595.662 214.418
621.942 34.8471
649.382 0
678.032 0
707.946 0
739.18 0
771.792 0
805.842 97.6154
841.395 0
878.517 0
917.276 0
957.745 0
1000 0
