# First line is two numbers 
#     First value is '2', it means 'histogram mode'
#     Second value is 'Emin' of the histogram
# Other lines : 2 columns. 1) energy 2) probability (nb divided by NbEvent)
# Number of bins = 480
# Content below the first bin: 0
# Content above the last  bin: 0
# Content above the last  bin: 0
# Number of events: 209000
2 1e-06
1.04412e-06 0
1.09018e-06 0
1.13828e-06 0
1.1885e-06 0
1.24094e-06 0
1.29569e-06 0
1.35285e-06 0
1.41254e-06 0
1.47486e-06 0
1.53993e-06 0
1.60787e-06 0
1.6788e-06 0
1.75287e-06 0
1.83021e-06 0
1.91095e-06 0
1.99526e-06 0
2.08329e-06 0
2.1752e-06 0
2.27117e-06 0
2.37137e-06 0
2.476e-06 0
2.58523e-06 0
2.69929e-06 0
2.81838e-06 0
2.94273e-06 0
3.07256e-06 0
3.20812e-06 0
3.34965e-06 0
3.49744e-06 0
3.65174e-06 0
3.81285e-06 0
3.98107e-06 0
4.15671e-06 0
4.3401e-06 0
4.53158e-06 0
4.73151e-06 0
4.94026e-06 0
5.15822e-06 0
5.3858e-06 0
5.62341e-06 0
5.87151e-06 0
6.13056e-06 0
6.40103e-06 0
6.68344e-06 0
6.97831e-06 0
7.28618e-06 0
7.60764e-06 0
7.94328e-06 0
8.29373e-06 0
8.65964e-06 0
9.0417e-06 0
9.44061e-06 0
9.85712e-06 0
1.0292e-05 0
1.07461e-05 0
1.12202e-05 0
1.17152e-05 0
1.22321e-05 0
1.27717e-05 0
1.33352e-05 0
1.39236e-05 0
1.45378e-05 0
1.51792e-05 0
1.58489e-05 0
1.65482e-05 0
1.72783e-05 0
1.80406e-05 0
1.88365e-05 0
1.96675e-05 0
2.05353e-05 0
2.14412e-05 0
2.23872e-05 0
2.33749e-05 0
2.44062e-05 0
2.5483e-05 0
2.66073e-05 0
2.77811e-05 0
2.90068e-05 0
3.02866e-05 0
3.16228e-05 0
3.30179e-05 0
3.44747e-05 0
3.59956e-05 0
3.75837e-05 0
3.92419e-05 0
4.09732e-05 0
4.27809e-05 0
4.46684e-05 0
4.66391e-05 0
4.86968e-05 0
5.08452e-05 0
5.30884e-05 0
5.54307e-05 0
5.78762e-05 0
6.04296e-05 0
6.30957e-05 0
6.58795e-05 0
6.8786e-05 0
7.18208e-05 0
7.49894e-05 0
7.82979e-05 0
8.17523e-05 0
8.53591e-05 0
8.91251e-05 0
9.30572e-05 0
9.71628e-05 0
0.00010145 0
0.000105925 0
0.000110599 0
0.000115478 0
0.000120573 0
0.000125893 0
0.000131447 0
0.000137246 0
0.000143301 0
0.000149624 0
0.000156225 0
0.000163117 0
0.000170314 0
0.000177828 0
0.000185674 0
0.000193865 0
0.000202418 0
0.000211349 0
0.000220673 0
0.000230409 0
0.000240575 0
0.000251189 0
0.000262271 0
0.000273842 0
0.000285924 0
0.000298538 0
0.000311709 0
0.000325462 0
0.000339821 0
0.000354813 0
0.000370467 0
0.000386812 0
0.000403878 0
0.000421697 0
0.000440301 0
0.000459727 0
0.00048001 0
0.000501187 0
0.000523299 0
0.000546387 0
0.000570493 0
0.000595662 0
0.000621942 0
0.000649382 0
0.000678032 0
0.000707946 0
0.00073918 0
0.000771792 0
0.000805842 0
0.000841395 0
0.000878517 0
0.000917276 0
0.000957745 0
0.001 0
0.00104412 0
0.00109018 0
0.00113828 0
0.0011885 0
0.00124094 0
0.00129569 0
0.00135285 0
0.00141254 0
0.00147486 0
0.00153993 63.1162
0.00160787 0
0.0016788 0
0.00175287 0
0.00183021 0
0.00191095 0
0.00199526 0
0.00208329 0
0.0021752 0
0.00227117 0
0.00237137 64.8084
0.002476 0
0.00258523 0
0.00269929 0
0.00281838 85.419
0.00294273 0
0.00307256 0
0.00320812 0
0.00334965 0
0.00349744 0
0.00365174 0
0.00381285 0
0.00398107 0
0.00415671 0
0.0043401 0
0.00453158 0
0.00473151 0
0.00494026 0
0.00515822 0
0.0053858 0
0.00562341 0
0.00587151 0
0.00613056 0
0.00640103 0
0.00668344 39.7178
0.00697831 0
0.00728618 0
0.00760764 0
0.00794328 0
0.00829373 0
0.00865964 60.3386
0.0090417 0
0.00944061 0
0.00985712 0
0.010292 219.842
0.0107461 0
0.0112202 120.012
0.0117152 0
0.0122321 87.8853
0.0127717 87.7115
0.0133352 18.611
0.0139236 63.4004
0.0145378 153.779
0.0151792 104.504
0.0158489 206.392
0.0165482 113.217
0.0172783 0
0.0180406 116.779
0.0188365 115.426
0.0196675 47.9622
0.0205353 0
0.0214412 102.445
0.0223872 79.8153
0.0233749 284.16
0.0244062 114.876
0.025483 39.8572
0.0266073 231.272
0.0277811 353.532
0.0290068 141.454
0.0302866 256.004
0.0316228 256.712
0.0330179 310.889
0.0344747 380.362
0.0359956 600.547
0.0375837 401.259
0.0392419 384.414
0.0409732 572.133
0.0427809 658.671
0.0446684 764.674
0.0466391 175.009
0.0486968 124.407
0.0508452 730.322
0.0530884 360.022
0.0554307 521.458
0.0578762 889.806
0.0604296 290.807
0.0630957 736.547
0.0658795 648.825
0.068786 1066.36
0.0718208 633.834
0.0749894 916.252
0.0782979 655.472
0.0817523 760.552
0.0853591 926.822
0.0891251 935.72
0.0930572 1144.88
0.0971628 617.375
0.10145 1077.47
0.105925 1226.78
0.110599 1037.99
0.115478 735.061
0.120573 1181.05
0.125893 978.323
0.131447 889.961
0.137246 1099.9
0.143301 1186.86
0.149624 1533.66
0.156225 1210.57
0.163117 1894.27
0.170314 1696.14
0.177828 1479.33
0.185674 889.389
0.193865 1425.5
0.202418 848.241
0.211349 788.678
0.220673 1535.05
0.230409 1409.44
0.240575 1369.21
0.251189 1653.48
0.262271 1379.95
0.273842 1439.7
0.285924 1382.68
0.298538 1358.19
0.311709 1775.18
0.325462 1786.77
0.339821 1935.79
0.354813 1966.11
0.370467 1529.01
0.386812 1392.56
0.403878 1599.36
0.421697 1902.8
0.440301 1164.9
0.459727 1360.58
0.48001 1446.35
0.501187 1464.01
0.523299 1511.72
0.546387 1316.48
0.570493 790.863
0.595662 1189.15
0.621942 922.781
0.649382 1872.02
0.678032 1480.37
0.707946 1821.2
0.73918 1996.78
0.771792 1220.27
0.805842 1834.55
0.841395 1305.48
0.878517 1160.03
0.917276 980.297
0.957745 1160.31
1 741.008
1.04412 735.121
1.09018 605.577
1.13828 717.589
1.1885 793.114
1.24094 931.613
1.29569 701.915
1.35285 365.516
1.41254 1060.28
1.47486 313.864
1.53993 519.779
1.60787 488.415
1.6788 571.575
1.75287 527.602
1.83021 530.436
1.91095 638.485
1.99526 490.882
2.08329 800.044
2.1752 333.318
2.27117 632.638
2.37137 547.51
2.476 682.624
2.58523 651.786
2.69929 256.593
2.81838 508.385
2.94273 360.916
3.07256 514.836
3.20812 593.855
3.34965 161.293
3.49744 431.653
3.65174 251.612
3.81285 708.366
3.98107 434.924
4.15671 474.205
4.3401 142.483
4.53158 403.198
4.73151 386.943
4.94026 707.259
5.15822 484.686
5.3858 0
5.62341 155.933
5.87151 199.298
6.13056 570.849
6.40103 200.949
6.68344 0
6.97831 322.421
7.28618 337.187
7.60764 125.693
7.94328 231.666
8.29373 0
8.65964 112.49
9.0417 0
9.44061 196.456
9.85712 129
10.292 98.5943
10.7461 210.3
11.2202 343.016
11.7152 34.098
12.2321 61.6389
12.7717 200.58
13.3352 85.1129
13.9236 174.182
14.5378 398.907
15.1792 0
15.8489 0
16.5482 0
17.2783 114.422
18.0406 56.3022
18.8365 65.8148
19.6675 143.09
20.5353 289.984
21.4412 112.122
22.3872 0
23.3749 0
24.4062 16.47
25.483 147.603
26.6073 0
27.7811 0
29.0068 149.717
30.2866 181.668
31.6228 217.332
33.0179 138.544
34.4747 301.17
35.9956 229.74
37.5837 169.982
39.2419 127.3
40.9732 286.27
42.7809 436.771
44.6684 52.5886
46.6391 269.74
48.6968 714.025
50.8452 266.782
53.0884 138.287
55.4307 68.0653
57.8762 429.016
60.4296 298.848
63.0957 153.149
65.8795 508.646
68.786 515.222
71.8208 298.376
74.9894 440.517
78.2979 561.552
81.7523 134.94
85.3591 458.782
89.1251 143.967
93.0572 45.7761
97.1628 262.877
101.45 206.342
105.925 648.202
110.599 276.281
115.478 307.417
120.573 200.122
125.893 380.475
131.447 513.836
137.246 589.603
143.301 184.363
149.624 496.507
156.225 321.709
163.117 716.47
170.314 112.124
177.828 387.316
185.674 610.548
193.865 697.734
202.418 655.731
211.349 284.912
220.673 900.395
230.409 302.231
240.575 734.391
251.189 722.336
262.271 1103.79
273.842 734.832
285.924 986.353
298.538 1006.43
311.709 993.967
325.462 847.401
339.821 749.807
354.813 561.184
370.467 556.968
386.812 465.542
403.878 769.446
421.697 401.069
440.301 382.138
459.727 182.903
480.01 290.094
501.187 0
523.299 175.532
546.387 0
570.493 0
595.662 0
621.942 0
649.382 0
678.032 115.765
707.946 66.4246
739.18 74.4311
771.792 0
805.842 0
841.395 0
878.517 0
917.276 0
957.745 0
1000 0
