# First line is two numbers 
#     First value is '2', it means 'histogram mode'
#     Second value is 'Emin' of the histogram
# Other lines : 2 columns. 1) energy 2) probability (nb divided by NbEvent)
# Number of bins = 480
# Content below the first bin: 0
# Content above the last  bin: 0
# Content above the last  bin: 0
# Number of events: 209000
2 1e-06
1.04412e-06 0
1.09018e-06 0
1.13828e-06 0
1.1885e-06 0
1.24094e-06 0
1.29569e-06 0
1.35285e-06 0
1.41254e-06 0
1.47486e-06 0
1.53993e-06 0
1.60787e-06 0
1.6788e-06 0
1.75287e-06 0
1.83021e-06 0
1.91095e-06 0
1.99526e-06 0
2.08329e-06 0
2.1752e-06 0
2.27117e-06 0
2.37137e-06 0
2.476e-06 0
2.58523e-06 0
2.69929e-06 0
2.81838e-06 0
2.94273e-06 0
3.07256e-06 0
3.20812e-06 0
3.34965e-06 0
3.49744e-06 0
3.65174e-06 0
3.81285e-06 0
3.98107e-06 0
4.15671e-06 0
4.3401e-06 0
4.53158e-06 0
4.73151e-06 0
4.94026e-06 0
5.15822e-06 0
5.3858e-06 0
5.62341e-06 0
5.87151e-06 0
6.13056e-06 0
6.40103e-06 0
6.68344e-06 0
6.97831e-06 0
7.28618e-06 0
7.60764e-06 0
7.94328e-06 0
8.29373e-06 0
8.65964e-06 0
9.0417e-06 0
9.44061e-06 0
9.85712e-06 0
1.0292e-05 0
1.07461e-05 0
1.12202e-05 0
1.17152e-05 0
1.22321e-05 0
1.27717e-05 0
1.33352e-05 0
1.39236e-05 0
1.45378e-05 0
1.51792e-05 0
1.58489e-05 0
1.65482e-05 0
1.72783e-05 0
1.80406e-05 0
1.88365e-05 0
1.96675e-05 0
2.05353e-05 0
2.14412e-05 0
2.23872e-05 0
2.33749e-05 0
2.44062e-05 0
2.5483e-05 0
2.66073e-05 0
2.77811e-05 0
2.90068e-05 0
3.02866e-05 0
3.16228e-05 0
3.30179e-05 0
3.44747e-05 0
3.59956e-05 0
3.75837e-05 0
3.92419e-05 0
4.09732e-05 0
4.27809e-05 0
4.46684e-05 0
4.66391e-05 0
4.86968e-05 0
5.08452e-05 0
5.30884e-05 0
5.54307e-05 0
5.78762e-05 0
6.04296e-05 0
6.30957e-05 0
6.58795e-05 0
6.8786e-05 0
7.18208e-05 0
7.49894e-05 0
7.82979e-05 0
8.17523e-05 0
8.53591e-05 0
8.91251e-05 0
9.30572e-05 0
9.71628e-05 0
0.00010145 0
0.000105925 0
0.000110599 0
0.000115478 0
0.000120573 0
0.000125893 0
0.000131447 0
0.000137246 0
0.000143301 0
0.000149624 0
0.000156225 0
0.000163117 0
0.000170314 0
0.000177828 0
0.000185674 0
0.000193865 0
0.000202418 0
0.000211349 0
0.000220673 0
0.000230409 0
0.000240575 0
0.000251189 0
0.000262271 0
0.000273842 0
0.000285924 0
0.000298538 0
0.000311709 0
0.000325462 0
0.000339821 0
0.000354813 0
0.000370467 0
0.000386812 0
0.000403878 0
0.000421697 0
0.000440301 0
0.000459727 0
0.00048001 0
0.000501187 0
0.000523299 0
0.000546387 0
0.000570493 0
0.000595662 0
0.000621942 0
0.000649382 0
0.000678032 0
0.000707946 0
0.00073918 0
0.000771792 0
0.000805842 0
0.000841395 0
0.000878517 0
0.000917276 0
0.000957745 0
0.001 0
0.00104412 0
0.00109018 0
0.00113828 0
0.0011885 0
0.00124094 0
0.00129569 0
0.00135285 0
0.00141254 0
0.00147486 0
0.00153993 0
0.00160787 0
0.0016788 0
0.00175287 0
0.00183021 0
0.00191095 0
0.00199526 0
0.00208329 0
0.0021752 0
0.00227117 0
0.00237137 0
0.002476 0
0.00258523 0
0.00269929 0
0.00281838 100.1
0.00294273 0
0.00307256 0
0.00320812 0
0.00334965 0
0.00349744 0
0.00365174 0
0.00381285 0
0.00398107 0
0.00415671 0
0.0043401 0
0.00453158 0
0.00473151 0
0.00494026 0
0.00515822 202.715
0.0053858 0
0.00562341 0
0.00587151 0
0.00613056 0
0.00640103 0
0.00668344 0
0.00697831 97.3901
0.00728618 25.4472
0.00760764 212.567
0.00794328 0
0.00829373 0
0.00865964 204.021
0.0090417 0
0.00944061 0
0.00985712 106.272
0.010292 33.1542
0.0107461 0
0.0112202 98.7309
0.0117152 97.8249
0.0122321 0
0.0127717 0
0.0133352 0
0.0139236 92.3788
0.0145378 42.5129
0.0151792 61.3356
0.0158489 99.6383
0.0165482 69.1178
0.0172783 239.763
0.0180406 0
0.0188365 79.2725
0.0196675 181.392
0.0205353 155.496
0.0214412 169.702
0.0223872 0
0.0233749 207.171
0.0244062 179.362
0.025483 165.377
0.0266073 117.988
0.0277811 309.494
0.0290068 113.864
0.0302866 113.804
0.0316228 32.632
0.0330179 126.464
0.0344747 0
0.0359956 80.5231
0.0375837 185.588
0.0392419 358.187
0.0409732 369.471
0.0427809 185.901
0.0446684 400.181
0.0466391 189.352
0.0486968 541.596
0.0508452 355.372
0.0530884 320.949
0.0554307 220.106
0.0578762 701.641
0.0604296 320.565
0.0630957 889.701
0.0658795 858.343
0.068786 850.519
0.0718208 722.321
0.0749894 737.635
0.0782979 943.923
0.0817523 935.02
0.0853591 601.93
0.0891251 839.484
0.0930572 755.558
0.0971628 750.151
0.10145 1138.86
0.105925 1145.51
0.110599 1665.71
0.115478 1239.92
0.120573 1207.02
0.125893 1505.07
0.131447 707.254
0.137246 940.144
0.143301 1074.35
0.149624 810.199
0.156225 896.419
0.163117 1412.81
0.170314 1404.25
0.177828 826.91
0.185674 981.101
0.193865 1337.66
0.202418 1631.27
0.211349 1361.11
0.220673 989.826
0.230409 1271.57
0.240575 1213.95
0.251189 1058.32
0.262271 1125.42
0.273842 2152.81
0.285924 1194.38
0.298538 1788.72
0.311709 1495.45
0.325462 1076.45
0.339821 1831.52
0.354813 1340.29
0.370467 1251.81
0.386812 1607.63
0.403878 1103.2
0.421697 2031.77
0.440301 1453.13
0.459727 1837.34
0.48001 1538.35
0.501187 1759.11
0.523299 1681.31
0.546387 1523.46
0.570493 1305.5
0.595662 1856.29
0.621942 1086.2
0.649382 1495.96
0.678032 1011.85
0.707946 1686.5
0.73918 1323.34
0.771792 1243.72
0.805842 1174.71
0.841395 483.244
0.878517 933.918
0.917276 1128.74
0.957745 1101.5
1 1292.11
1.04412 819.084
1.09018 542.672
1.13828 1393.15
1.1885 744.911
1.24094 1073.47
1.29569 934.05
1.35285 223.863
1.41254 802.672
1.47486 492.538
1.53993 413.153
1.60787 639.38
1.6788 538.73
1.75287 691.402
1.83021 303.391
1.91095 211.215
1.99526 525.266
2.08329 367.309
2.1752 595.57
2.27117 530.834
2.37137 423.58
2.476 149.737
2.58523 579.86
2.69929 546.544
2.81838 675.275
2.94273 846.708
3.07256 428.5
3.20812 568.286
3.34965 545.46
3.49744 387.075
3.65174 113.339
3.81285 74.0695
3.98107 360.295
4.15671 368.764
4.3401 173.042
4.53158 201.146
4.73151 298.45
4.94026 109.181
5.15822 148.47
5.3858 110.374
5.62341 65.9155
5.87151 60.8603
6.13056 159.68
6.40103 355.938
6.68344 270.857
6.97831 368.699
7.28618 199.172
7.60764 216.649
7.94328 404.65
8.29373 87.5268
8.65964 220.361
9.0417 161.243
9.44061 127.224
9.85712 106.161
10.292 34.8817
10.7461 28.6975
11.2202 276.465
11.7152 195.537
12.2321 0
12.7717 28.6862
13.3352 0
13.9236 225.379
14.5378 223.786
15.1792 381.713
15.8489 0
16.5482 118.684
17.2783 0
18.0406 0
18.8365 210.596
19.6675 0
20.5353 0
21.4412 144.753
22.3872 220.725
23.3749 0
24.4062 122.572
25.483 0
26.6073 369.171
27.7811 148.557
29.0068 56.9908
30.2866 199.118
31.6228 299.096
33.0179 0
34.4747 0
35.9956 117.436
37.5837 0
39.2419 299.443
40.9732 353.595
42.7809 194.991
44.6684 249.887
46.6391 291.317
48.6968 0
50.8452 74.6613
53.0884 181.05
55.4307 881.85
57.8762 340.467
60.4296 61.3657
63.0957 266.575
65.8795 236.01
68.786 378.533
71.8208 985.365
74.9894 168.007
78.2979 285.886
81.7523 222.843
85.3591 290.037
89.1251 155.498
93.0572 549.562
97.1628 562.903
101.45 380.672
105.925 351.914
110.599 553.48
115.478 221.322
120.573 446.872
125.893 343.335
131.447 309.45
137.246 623.853
143.301 585.087
149.624 531.351
156.225 295.444
163.117 375.477
170.314 355.225
177.828 894.176
185.674 259.539
193.865 440.256
202.418 1080.56
211.349 419.308
220.673 559.387
230.409 1260.06
240.575 486.013
251.189 1285.24
262.271 1060.58
273.842 775.608
285.924 607.991
298.538 826.448
311.709 806.221
325.462 771.229
339.821 928.941
354.813 1535.7
370.467 991.311
386.812 1118.54
403.878 280.186
421.697 64.5651
440.301 425.493
459.727 189.73
480.01 173.317
501.187 0
523.299 0
546.387 0
570.493 91.2748
595.662 90.8466
621.942 346.524
649.382 0
678.032 129.07
707.946 143.011
739.18 0
771.792 41.9587
805.842 0
841.395 0
878.517 0
917.276 90.7758
957.745 0
1000 0
