# First line is two numbers 
#     First value is '2', it means 'histogram mode'
#     Second value is 'Emin' of the histogram
# Other lines : 2 columns. 1) energy 2) probability (nb divided by NbEvent)
# Number of bins = 480
# Content below the first bin: 0
# Content above the last  bin: 0
# Content above the last  bin: 0
# Number of events: 209000
2 1e-06
1.04412e-06 0
1.09018e-06 0
1.13828e-06 0
1.1885e-06 0
1.24094e-06 0
1.29569e-06 0
1.35285e-06 0
1.41254e-06 0
1.47486e-06 0
1.53993e-06 0
1.60787e-06 0
1.6788e-06 0
1.75287e-06 0
1.83021e-06 0
1.91095e-06 0
1.99526e-06 0
2.08329e-06 0
2.1752e-06 0
2.27117e-06 0
2.37137e-06 0
2.476e-06 0
2.58523e-06 0
2.69929e-06 0
2.81838e-06 0
2.94273e-06 0
3.07256e-06 0
3.20812e-06 0
3.34965e-06 0
3.49744e-06 0
3.65174e-06 0
3.81285e-06 0
3.98107e-06 0
4.15671e-06 0
4.3401e-06 0
4.53158e-06 0
4.73151e-06 0
4.94026e-06 0
5.15822e-06 0
5.3858e-06 0
5.62341e-06 0
5.87151e-06 0
6.13056e-06 0
6.40103e-06 0
6.68344e-06 0
6.97831e-06 0
7.28618e-06 0
7.60764e-06 0
7.94328e-06 0
8.29373e-06 0
8.65964e-06 0
9.0417e-06 0
9.44061e-06 0
9.85712e-06 0
1.0292e-05 0
1.07461e-05 0
1.12202e-05 0
1.17152e-05 0
1.22321e-05 0
1.27717e-05 0
1.33352e-05 0
1.39236e-05 0
1.45378e-05 0
1.51792e-05 0
1.58489e-05 0
1.65482e-05 0
1.72783e-05 0
1.80406e-05 0
1.88365e-05 0
1.96675e-05 0
2.05353e-05 0
2.14412e-05 0
2.23872e-05 0
2.33749e-05 0
2.44062e-05 0
2.5483e-05 0
2.66073e-05 0
2.77811e-05 0
2.90068e-05 0
3.02866e-05 0
3.16228e-05 0
3.30179e-05 0
3.44747e-05 0
3.59956e-05 0
3.75837e-05 0
3.92419e-05 0
4.09732e-05 0
4.27809e-05 0
4.46684e-05 0
4.66391e-05 0
4.86968e-05 0
5.08452e-05 0
5.30884e-05 0
5.54307e-05 0
5.78762e-05 0
6.04296e-05 0
6.30957e-05 0
6.58795e-05 0
6.8786e-05 0
7.18208e-05 84.4067
7.49894e-05 0
7.82979e-05 0
8.17523e-05 0
8.53591e-05 0
8.91251e-05 0
9.30572e-05 0
9.71628e-05 0
0.00010145 0
0.000105925 0
0.000110599 0
0.000115478 0
0.000120573 0
0.000125893 0
0.000131447 0
0.000137246 0
0.000143301 0
0.000149624 0
0.000156225 0
0.000163117 0
0.000170314 0
0.000177828 0
0.000185674 0
0.000193865 0
0.000202418 0
0.000211349 0
0.000220673 0
0.000230409 0
0.000240575 0
0.000251189 0
0.000262271 0
0.000273842 0
0.000285924 0
0.000298538 0
0.000311709 0
0.000325462 0
0.000339821 0
0.000354813 0
0.000370467 0
0.000386812 0
0.000403878 0
0.000421697 0
0.000440301 0
0.000459727 0
0.00048001 0
0.000501187 0
0.000523299 0
0.000546387 0
0.000570493 0
0.000595662 0
0.000621942 0
0.000649382 0
0.000678032 0
0.000707946 0
0.00073918 0
0.000771792 0
0.000805842 0
0.000841395 104.858
0.000878517 0
0.000917276 0
0.000957745 0
0.001 0
0.00104412 0
0.00109018 0
0.00113828 0
0.0011885 0
0.00124094 0
0.00129569 0
0.00135285 87.4272
0.00141254 0
0.00147486 0
0.00153993 0
0.00160787 0
0.0016788 0
0.00175287 0
0.00183021 0
0.00191095 0
0.00199526 81.2267
0.00208329 0
0.0021752 109.27
0.00227117 0
0.00237137 0
0.002476 200.324
0.00258523 119.061
0.00269929 0
0.00281838 0
0.00294273 140.972
0.00307256 103.909
0.00320812 0
0.00334965 0
0.00349744 143.002
0.00365174 0
0.00381285 0
0.00398107 92.7542
0.00415671 0
0.0043401 17.7898
0.00453158 86.0874
0.00473151 0
0.00494026 69.8323
0.00515822 154.267
0.0053858 0
0.00562341 183.888
0.00587151 80.6987
0.00613056 308.164
0.00640103 14.5469
0.00668344 221.909
0.00697831 218.409
0.00728618 274.788
0.00760764 127.767
0.00794328 271.911
0.00829373 241.028
0.00865964 349.457
0.0090417 266.302
0.00944061 212.613
0.00985712 368.125
0.010292 681.582
0.0107461 421.127
0.0112202 694.645
0.0117152 433.214
0.0122321 882.625
0.0127717 488.016
0.0133352 401.615
0.0139236 527.088
0.0145378 1070.25
0.0151792 1042.87
0.0158489 1412.37
0.0165482 1326.76
0.0172783 880.337
0.0180406 1677.52
0.0188365 1579.85
0.0196675 1217.55
0.0205353 1497.38
0.0214412 1235.22
0.0223872 1660.81
0.0233749 2188.46
0.0244062 2185.75
0.025483 1852.06
0.0266073 2028.98
0.0277811 1866.44
0.0290068 2738.93
0.0302866 3272.6
0.0316228 3119.28
0.0330179 2465.02
0.0344747 3088.86
0.0359956 4423.84
0.0375837 4681.14
0.0392419 4557.13
0.0409732 4762.3
0.0427809 5059.54
0.0446684 4186.18
0.0466391 4476.37
0.0486968 6149.99
0.0508452 4756.71
0.0530884 7559.23
0.0554307 5183.29
0.0578762 5575.85
0.0604296 5990.55
0.0630957 7752.4
0.0658795 9254.27
0.068786 9004.66
0.0718208 8791.29
0.0749894 9389.5
0.0782979 8892.79
0.0817523 10652.3
0.0853591 8920.89
0.0891251 11509.9
0.0930572 10692.3
0.0971628 11602.5
0.10145 13881.1
0.105925 14665.6
0.110599 12515.9
0.115478 12149.5
0.120573 14882.8
0.125893 13617.9
0.131447 15740.7
0.137246 13886.5
0.143301 14928.1
0.149624 14304.3
0.156225 14671.7
0.163117 14417.5
0.170314 14725.9
0.177828 14312.4
0.185674 17272.2
0.193865 14608.2
0.202418 14382.4
0.211349 15572.6
0.220673 16318.3
0.230409 18244.7
0.240575 19521.8
0.251189 17221.7
0.262271 18323.3
0.273842 20490.1
0.285924 18087.4
0.298538 17734.7
0.311709 16621.9
0.325462 18081.6
0.339821 17023
0.354813 18642.9
0.370467 19559.4
0.386812 18712.6
0.403878 19227.3
0.421697 20449.8
0.440301 21179.7
0.459727 17251.9
0.48001 19054.5
0.501187 19347.3
0.523299 18540.2
0.546387 18394.2
0.570493 17972.6
0.595662 19511
0.621942 19055.8
0.649382 19160.2
0.678032 17610.5
0.707946 16458.4
0.73918 15857.5
0.771792 15226.1
0.805842 13992.9
0.841395 15623.2
0.878517 13511.6
0.917276 14394.7
0.957745 14407.2
1 11792.8
1.04412 10834.9
1.09018 10882.9
1.13828 11192.2
1.1885 10474.6
1.24094 10717.2
1.29569 8203.43
1.35285 9695.17
1.41254 8145.48
1.47486 8236.86
1.53993 6224.65
1.60787 5696.48
1.6788 5773.84
1.75287 5745.79
1.83021 5367.89
1.91095 6958.51
1.99526 5574.04
2.08329 4629.46
2.1752 5701.08
2.27117 5355.01
2.37137 5089.74
2.476 4499.2
2.58523 3550.81
2.69929 5104.74
2.81838 4165.13
2.94273 4225.11
3.07256 3239.25
3.20812 5864.27
3.34965 3755.09
3.49744 4056.76
3.65174 3936.34
3.81285 3770.87
3.98107 3467.18
4.15671 3826.29
4.3401 3327.57
4.53158 3125.44
4.73151 1817.12
4.94026 2918.27
5.15822 3482.5
5.3858 2341.89
5.62341 2397.12
5.87151 2877.63
6.13056 2134.85
6.40103 3210.07
6.68344 1587.48
6.97831 1902.47
7.28618 1620.9
7.60764 1676.76
7.94328 1779.59
8.29373 2706.61
8.65964 1857.3
9.0417 2353.99
9.44061 1844.27
9.85712 2557.44
10.292 1751.54
10.7461 1422.04
11.2202 1333.4
11.7152 2334.45
12.2321 1672.97
12.7717 3029.76
13.3352 1560.54
13.9236 1097.51
14.5378 2182.25
15.1792 1328.39
15.8489 1434.46
16.5482 1999.38
17.2783 1702.6
18.0406 1899.72
18.8365 1381.89
19.6675 1736.82
20.5353 1814.08
21.4412 1471.34
22.3872 1464.22
23.3749 1648.69
24.4062 1558.3
25.483 1585.11
26.6073 1879.98
27.7811 1498.75
29.0068 2105.37
30.2866 2458.75
31.6228 1310.13
33.0179 2745.99
34.4747 3050.39
35.9956 2396.9
37.5837 2406.58
39.2419 2178
40.9732 3396.09
42.7809 1807.84
44.6684 1768.15
46.6391 1937.6
48.6968 2405.25
50.8452 2109.38
53.0884 2111.56
55.4307 1960.82
57.8762 2012.08
60.4296 2823.03
63.0957 2945.76
65.8795 2519.4
68.786 3531.45
71.8208 3437.22
74.9894 2819.57
78.2979 3229.23
81.7523 3669.66
85.3591 2415
89.1251 3477.71
93.0572 3581.12
97.1628 3848.9
101.45 4513.46
105.925 3461.04
110.599 3638.16
115.478 3017.92
120.573 4039.33
125.893 4015.17
131.447 5622.6
137.246 4252.34
143.301 3490.01
149.624 4350.69
156.225 4130.41
163.117 4959.32
170.314 4133.83
177.828 3924.36
185.674 5260.47
193.865 4660.56
202.418 5094.17
211.349 4989.45
220.673 4445.37
230.409 3872.15
240.575 4434.75
251.189 4905.4
262.271 5102.67
273.842 4211.73
285.924 5541.47
298.538 4478.03
311.709 4013.94
325.462 4618.81
339.821 3759.07
354.813 3445.26
370.467 2309.11
386.812 2867.19
403.878 2482.21
421.697 1884.25
440.301 1760.02
459.727 1384.32
480.01 1082.84
501.187 1683.98
523.299 798.038
546.387 857.936
570.493 510.349
595.662 60.8741
621.942 542.469
649.382 155.244
678.032 430.274
707.946 182.051
739.18 244.27
771.792 119.499
805.842 106.512
841.395 158.119
878.517 166.381
917.276 114.637
957.745 73.0389
1000 0
