# First line is two numbers 
#     First value is '2', it means 'histogram mode'
#     Second value is 'Emin' of the histogram
# Other lines : 2 columns. 1) energy 2) probability (nb divided by NbEvent)
# Number of bins = 480
# Content below the first bin: 0
# Content above the last  bin: 1
# Content above the last  bin: 1
# Number of events: 209000
2 1e-06
1.04412e-06 0
1.09018e-06 0
1.13828e-06 0
1.1885e-06 0
1.24094e-06 0
1.29569e-06 0
1.35285e-06 0
1.41254e-06 0
1.47486e-06 0
1.53993e-06 0
1.60787e-06 0
1.6788e-06 0
1.75287e-06 0
1.83021e-06 0
1.91095e-06 0
1.99526e-06 0
2.08329e-06 0
2.1752e-06 0
2.27117e-06 0
2.37137e-06 0
2.476e-06 0
2.58523e-06 0
2.69929e-06 0
2.81838e-06 0
2.94273e-06 0
3.07256e-06 0
3.20812e-06 0
3.34965e-06 0
3.49744e-06 0
3.65174e-06 0
3.81285e-06 0
3.98107e-06 0
4.15671e-06 0
4.3401e-06 0
4.53158e-06 0
4.73151e-06 0
4.94026e-06 0
5.15822e-06 0
5.3858e-06 0
5.62341e-06 0
5.87151e-06 0
6.13056e-06 0
6.40103e-06 0
6.68344e-06 0
6.97831e-06 0
7.28618e-06 0
7.60764e-06 0
7.94328e-06 0
8.29373e-06 0
8.65964e-06 0
9.0417e-06 0
9.44061e-06 0
9.85712e-06 0
1.0292e-05 0
1.07461e-05 0
1.12202e-05 0
1.17152e-05 0
1.22321e-05 0
1.27717e-05 0
1.33352e-05 0
1.39236e-05 0
1.45378e-05 0
1.51792e-05 0
1.58489e-05 0
1.65482e-05 0
1.72783e-05 0
1.80406e-05 0
1.88365e-05 0
1.96675e-05 0
2.05353e-05 0
2.14412e-05 0
2.23872e-05 0
2.33749e-05 0
2.44062e-05 0
2.5483e-05 0
2.66073e-05 0
2.77811e-05 0
2.90068e-05 0
3.02866e-05 0
3.16228e-05 0
3.30179e-05 0
3.44747e-05 0
3.59956e-05 0
3.75837e-05 0
3.92419e-05 0
4.09732e-05 0
4.27809e-05 0
4.46684e-05 0
4.66391e-05 0
4.86968e-05 0
5.08452e-05 0
5.30884e-05 0
5.54307e-05 0
5.78762e-05 0
6.04296e-05 0
6.30957e-05 0
6.58795e-05 0
6.8786e-05 0
7.18208e-05 0
7.49894e-05 0
7.82979e-05 0
8.17523e-05 0
8.53591e-05 0
8.91251e-05 0
9.30572e-05 0
9.71628e-05 0
0.00010145 0
0.000105925 0
0.000110599 0
0.000115478 0
0.000120573 0
0.000125893 0
0.000131447 0
0.000137246 0
0.000143301 0
0.000149624 0
0.000156225 0
0.000163117 0
0.000170314 0
0.000177828 0
0.000185674 0
0.000193865 0
0.000202418 0
0.000211349 0
0.000220673 0
0.000230409 0
0.000240575 0
0.000251189 0
0.000262271 0
0.000273842 0
0.000285924 0
0.000298538 0
0.000311709 0
0.000325462 0
0.000339821 0
0.000354813 0
0.000370467 0
0.000386812 0
0.000403878 0
0.000421697 0
0.000440301 0
0.000459727 1
0.00048001 1
0.000501187 0
0.000523299 0
0.000546387 0
0.000570493 0
0.000595662 0
0.000621942 0
0.000649382 0
0.000678032 0
0.000707946 0
0.00073918 0
0.000771792 0
0.000805842 0
0.000841395 0
0.000878517 0
0.000917276 0
0.000957745 0
0.001 0
0.00104412 0
0.00109018 0
0.00113828 0
0.0011885 0
0.00124094 0
0.00129569 0
0.00135285 0
0.00141254 0
0.00147486 0
0.00153993 0
0.00160787 0
0.0016788 0
0.00175287 0
0.00183021 0
0.00191095 1
0.00199526 0
0.00208329 0
0.0021752 1
0.00227117 0
0.00237137 0
0.002476 1
0.00258523 0
0.00269929 0
0.00281838 1
0.00294273 1
0.00307256 0
0.00320812 0
0.00334965 1
0.00349744 0
0.00365174 0
0.00381285 1
0.00398107 1
0.00415671 1
0.0043401 0
0.00453158 1
0.00473151 2
0.00494026 0
0.00515822 4
0.0053858 0
0.00562341 2
0.00587151 0
0.00613056 0
0.00640103 2
0.00668344 3
0.00697831 2
0.00728618 5
0.00760764 3
0.00794328 4
0.00829373 6
0.00865964 3
0.0090417 3
0.00944061 7
0.00985712 3
0.010292 3
0.0107461 4
0.0112202 3
0.0117152 6
0.0122321 7
0.0127717 8
0.0133352 3
0.0139236 7
0.0145378 7
0.0151792 5
0.0158489 8
0.0165482 11
0.0172783 13
0.0180406 20
0.0188365 14
0.0196675 13
0.0205353 21
0.0214412 17
0.0223872 17
0.0233749 24
0.0244062 35
0.025483 29
0.0266073 21
0.0277811 30
0.0290068 38
0.0302866 32
0.0316228 35
0.0330179 44
0.0344747 31
0.0359956 51
0.0375837 51
0.0392419 62
0.0409732 61
0.0427809 62
0.0446684 60
0.0466391 53
0.0486968 82
0.0508452 69
0.0530884 57
0.0554307 79
0.0578762 78
0.0604296 77
0.0630957 97
0.0658795 91
0.068786 100
0.0718208 114
0.0749894 119
0.0782979 124
0.0817523 105
0.0853591 121
0.0891251 144
0.0930572 139
0.0971628 162
0.10145 124
0.105925 132
0.110599 167
0.115478 147
0.120573 174
0.125893 182
0.131447 178
0.137246 192
0.143301 168
0.149624 181
0.156225 188
0.163117 192
0.170314 190
0.177828 205
0.185674 211
0.193865 213
0.202418 222
0.211349 191
0.220673 203
0.230409 222
0.240575 224
0.251189 211
0.262271 242
0.273842 208
0.285924 224
0.298538 218
0.311709 239
0.325462 235
0.339821 209
0.354813 231
0.370467 239
0.386812 238
0.403878 231
0.421697 239
0.440301 224
0.459727 221
0.48001 234
0.501187 213
0.523299 230
0.546387 222
0.570493 232
0.595662 230
0.621942 215
0.649382 236
0.678032 208
0.707946 202
0.73918 209
0.771792 204
0.805842 155
0.841395 188
0.878517 169
0.917276 168
0.957745 163
1 168
1.04412 143
1.09018 144
1.13828 135
1.1885 145
1.24094 131
1.29569 70
1.35285 101
1.41254 107
1.47486 88
1.53993 86
1.60787 81
1.6788 74
1.75287 72
1.83021 70
1.91095 89
1.99526 80
2.08329 76
2.1752 65
2.27117 65
2.37137 54
2.476 70
2.58523 55
2.69929 51
2.81838 59
2.94273 47
3.07256 41
3.20812 49
3.34965 56
3.49744 45
3.65174 33
3.81285 50
3.98107 49
4.15671 37
4.3401 41
4.53158 35
4.73151 44
4.94026 36
5.15822 38
5.3858 27
5.62341 31
5.87151 37
6.13056 27
6.40103 34
6.68344 24
6.97831 26
7.28618 29
7.60764 24
7.94328 24
8.29373 38
8.65964 24
9.0417 18
9.44061 26
9.85712 30
10.292 18
10.7461 18
11.2202 20
11.7152 24
12.2321 15
12.7717 23
13.3352 18
13.9236 22
14.5378 28
15.1792 15
15.8489 26
16.5482 21
17.2783 25
18.0406 22
18.8365 15
19.6675 18
20.5353 17
21.4412 19
22.3872 21
23.3749 24
24.4062 20
25.483 30
26.6073 25
27.7811 23
29.0068 25
30.2866 20
31.6228 28
33.0179 20
34.4747 29
35.9956 29
37.5837 23
39.2419 33
40.9732 32
42.7809 21
44.6684 27
46.6391 30
48.6968 18
50.8452 36
53.0884 33
55.4307 43
57.8762 33
60.4296 39
63.0957 37
65.8795 45
68.786 38
71.8208 32
74.9894 35
78.2979 37
81.7523 52
85.3591 53
89.1251 45
93.0572 47
97.1628 56
101.45 44
105.925 45
110.599 41
115.478 54
120.573 44
125.893 54
131.447 43
137.246 40
143.301 40
149.624 52
156.225 72
163.117 45
170.314 53
177.828 57
185.674 59
193.865 49
202.418 61
211.349 63
220.673 59
230.409 68
240.575 55
251.189 51
262.271 67
273.842 47
285.924 65
298.538 59
311.709 62
325.462 41
339.821 50
354.813 34
370.467 32
386.812 43
403.878 38
421.697 34
440.301 20
459.727 28
480.01 19
501.187 8
523.299 16
546.387 13
570.493 6
595.662 5
621.942 1
649.382 1
678.032 2
707.946 5
739.18 3
771.792 2
805.842 1
841.395 1
878.517 1
917.276 0
957.745 1
1000 0
