# First line is two numbers 
#     First value is '2', it means 'histogram mode'
#     Second value is 'Emin' of the histogram
# Other lines : 2 columns. 1) energy 2) probability (nb divided by NbEvent)
# Number of bins = 480
# Content below the first bin: 0
# Content above the last  bin: 0
# Content above the last  bin: 0
# Number of events: 400000
2 1e-06
1.04412e-06 0
1.09018e-06 0
1.13828e-06 0
1.1885e-06 0
1.24094e-06 0
1.29569e-06 0
1.35285e-06 0
1.41254e-06 0
1.47486e-06 0
1.53993e-06 0
1.60787e-06 0
1.6788e-06 0
1.75287e-06 0
1.83021e-06 0
1.91095e-06 0
1.99526e-06 0
2.08329e-06 0
2.1752e-06 0
2.27117e-06 0
2.37137e-06 0
2.476e-06 0
2.58523e-06 0
2.69929e-06 0
2.81838e-06 0
2.94273e-06 0
3.07256e-06 0
3.20812e-06 0
3.34965e-06 0
3.49744e-06 0
3.65174e-06 0
3.81285e-06 0
3.98107e-06 0
4.15671e-06 0
4.3401e-06 0
4.53158e-06 0
4.73151e-06 0
4.94026e-06 0
5.15822e-06 0
5.3858e-06 0
5.62341e-06 0
5.87151e-06 0
6.13056e-06 0
6.40103e-06 0
6.68344e-06 0
6.97831e-06 0
7.28618e-06 0
7.60764e-06 0
7.94328e-06 0
8.29373e-06 0
8.65964e-06 0
9.0417e-06 0
9.44061e-06 0
9.85712e-06 0
1.0292e-05 0
1.07461e-05 0
1.12202e-05 0
1.17152e-05 0
1.22321e-05 0
1.27717e-05 0
1.33352e-05 0
1.39236e-05 0
1.45378e-05 0
1.51792e-05 0
1.58489e-05 0
1.65482e-05 0
1.72783e-05 0
1.80406e-05 0
1.88365e-05 0
1.96675e-05 0
2.05353e-05 0
2.14412e-05 0
2.23872e-05 0
2.33749e-05 0
2.44062e-05 0
2.5483e-05 0
2.66073e-05 0
2.77811e-05 0
2.90068e-05 0
3.02866e-05 0
3.16228e-05 0
3.30179e-05 0
3.44747e-05 0
3.59956e-05 0
3.75837e-05 0
3.92419e-05 0
4.09732e-05 0
4.27809e-05 0
4.46684e-05 0
4.66391e-05 0
4.86968e-05 0
5.08452e-05 0
5.30884e-05 0
5.54307e-05 0
5.78762e-05 0
6.04296e-05 0
6.30957e-05 0
6.58795e-05 0
6.8786e-05 0
7.18208e-05 0
7.49894e-05 0
7.82979e-05 0
8.17523e-05 0
8.53591e-05 0
8.91251e-05 0
9.30572e-05 0
9.71628e-05 0
0.00010145 0
0.000105925 0
0.000110599 0
0.000115478 0
0.000120573 0
0.000125893 0
0.000131447 0
0.000137246 0
0.000143301 0
0.000149624 0
0.000156225 0
0.000163117 0
0.000170314 0
0.000177828 0
0.000185674 0
0.000193865 0
0.000202418 0
0.000211349 0
0.000220673 0
0.000230409 0
0.000240575 0
0.000251189 0
0.000262271 0
0.000273842 0
0.000285924 0
0.000298538 0
0.000311709 0
0.000325462 0
0.000339821 0
0.000354813 0
0.000370467 0
0.000386812 0
0.000403878 0
0.000421697 0
0.000440301 0
0.000459727 0
0.00048001 0
0.000501187 0
0.000523299 0
0.000546387 0
0.000570493 0
0.000595662 0
0.000621942 0
0.000649382 0
0.000678032 0
0.000707946 0
0.00073918 0
0.000771792 0
0.000805842 0
0.000841395 0
0.000878517 0
0.000917276 0
0.000957745 0
0.001 0
0.00104412 0
0.00109018 0
0.00113828 0
0.0011885 0
0.00124094 0
0.00129569 0
0.00135285 0
0.00141254 0
0.00147486 0
0.00153993 0
0.00160787 0
0.0016788 0
0.00175287 0
0.00183021 0
0.00191095 0
0.00199526 0
0.00208329 0
0.0021752 12.4917
0.00227117 0
0.00237137 0
0.002476 0
0.00258523 0
0.00269929 0
0.00281838 0
0.00294273 0
0.00307256 0
0.00320812 0
0.00334965 0
0.00349744 0
0.00365174 0
0.00381285 0
0.00398107 0
0.00415671 0
0.0043401 0
0.00453158 0
0.00473151 0
0.00494026 106.816
0.00515822 0
0.0053858 37.3952
0.00562341 0
0.00587151 0
0.00613056 0
0.00640103 0
0.00668344 0
0.00697831 0
0.00728618 99.3514
0.00760764 0
0.00794328 0
0.00829373 0
0.00865964 0
0.0090417 0
0.00944061 0
0.00985712 0
0.010292 89.1005
0.0107461 0
0.0112202 0
0.0117152 0
0.0122321 0
0.0127717 0
0.0133352 0
0.0139236 0
0.0145378 0
0.0151792 0
0.0158489 0
0.0165482 0
0.0172783 0
0.0180406 0
0.0188365 0
0.0196675 113.612
0.0205353 0
0.0214412 0
0.0223872 0
0.0233749 0
0.0244062 134.036
0.025483 58.6879
0.0266073 232.338
0.0277811 0
0.0290068 0
0.0302866 0
0.0316228 0
0.0330179 0
0.0344747 0
0.0359956 45.8483
0.0375837 0
0.0392419 212.539
0.0409732 0
0.0427809 0
0.0446684 0
0.0466391 0
0.0486968 115.751
0.0508452 0
0.0530884 0
0.0554307 92.4635
0.0578762 79.3334
0.0604296 0
0.0630957 69.4099
0.0658795 0
0.068786 106.603
0.0718208 124.448
0.0749894 65.89
0.0782979 105.537
0.0817523 265.663
0.0853591 270.719
0.0891251 112.208
0.0930572 87.3611
0.0971628 215.224
0.10145 224.731
0.105925 89.5775
0.110599 128.458
0.115478 394.024
0.120573 132.792
0.125893 612.707
0.131447 551.209
0.137246 768.928
0.143301 342.63
0.149624 132.247
0.156225 80.2282
0.163117 341.094
0.170314 512.853
0.177828 188.17
0.185674 772.451
0.193865 550.77
0.202418 45.5557
0.211349 181.268
0.220673 228.551
0.230409 376.161
0.240575 477.024
0.251189 380.897
0.262271 212.99
0.273842 621.647
0.285924 312.955
0.298538 272.971
0.311709 1309.89
0.325462 1049.77
0.339821 300.328
0.354813 1493.72
0.370467 816.547
0.386812 2298.09
0.403878 556.698
0.421697 531.615
0.440301 1402.26
0.459727 671.294
0.48001 1286.73
0.501187 789.594
0.523299 565.448
0.546387 1804.5
0.570493 668.441
0.595662 1178.2
0.621942 2084.73
0.649382 2247.06
0.678032 2073.53
0.707946 1608.56
0.73918 552.855
0.771792 882.986
0.805842 727.111
0.841395 708.354
0.878517 822.367
0.917276 1389.86
0.957745 1343.09
1 1035.14
1.04412 771.117
1.09018 1352.08
1.13828 1047.05
1.1885 1221.29
1.24094 1648.92
1.29569 1393.98
1.35285 1717.2
1.41254 870.923
1.47486 717.397
1.53993 893.098
1.60787 947.764
1.6788 997.278
1.75287 1207.98
1.83021 829.261
1.91095 399.364
1.99526 392.235
2.08329 800.181
2.1752 609.35
2.27117 1067.44
2.37137 1085.01
2.476 875.77
2.58523 466.821
2.69929 258.545
2.81838 264.936
2.94273 307.525
3.07256 600.189
3.20812 677.477
3.34965 391.382
3.49744 510.385
3.65174 359.178
3.81285 438.317
3.98107 710.054
4.15671 545.099
4.3401 128.692
4.53158 489.136
4.73151 560.792
4.94026 573.293
5.15822 219.013
5.3858 289.103
5.62341 503.406
5.87151 503.558
6.13056 755.138
6.40103 190.151
6.68344 617.74
6.97831 299.731
7.28618 227.311
7.60764 171.923
7.94328 253.086
8.29373 354.214
8.65964 443.431
9.0417 56.4902
9.44061 540.603
9.85712 177.871
10.292 286.479
10.7461 328.522
11.2202 510.071
11.7152 458.049
12.2321 209.06
12.7717 0
13.3352 183.939
13.9236 378.401
14.5378 347.356
15.1792 108.536
15.8489 419.298
16.5482 74.0318
17.2783 319.962
18.0406 479.127
18.8365 142.527
19.6675 493.254
20.5353 564.037
21.4412 287.697
22.3872 422.106
23.3749 173.301
24.4062 504.695
25.483 334.643
26.6073 842.301
27.7811 453.825
29.0068 489.858
30.2866 423.412
31.6228 646.684
33.0179 977.525
34.4747 365.471
35.9956 657.713
37.5837 899.04
39.2419 693.276
40.9732 924.235
42.7809 329.536
44.6684 562.788
46.6391 1040.15
48.6968 1488.81
50.8452 403.37
53.0884 563.018
55.4307 815.409
57.8762 946.827
60.4296 987.447
63.0957 1028.42
65.8795 1035
68.786 736.701
71.8208 1225.76
74.9894 1326.07
78.2979 1675.78
81.7523 1858.59
85.3591 1367.36
89.1251 1825.77
93.0572 1121.23
97.1628 1391.93
101.45 1209.8
105.925 1482.35
110.599 1545.79
115.478 1667.42
120.573 1584.14
125.893 1773.88
131.447 1628.74
137.246 2190.58
143.301 2165.11
149.624 2347.97
156.225 1644.05
163.117 2830.01
170.314 2360.15
177.828 1596.45
185.674 1861.79
193.865 2124.27
202.418 2629.51
211.349 1481.24
220.673 2926.91
230.409 2281.37
240.575 2422.43
251.189 3095.06
262.271 1867.42
273.842 2297.15
285.924 1647.87
298.538 1189.06
311.709 1397.39
325.462 514.588
339.821 512.49
354.813 1037
370.467 626.988
386.812 457.51
403.878 115.489
421.697 390.213
440.301 254.653
459.727 257.478
480.01 197.001
501.187 177.545
523.299 118.479
546.387 116.153
570.493 59.0922
595.662 241.073
621.942 0
649.382 0
678.032 0
707.946 113.801
739.18 0
771.792 0
805.842 0
841.395 0
878.517 0
917.276 0
957.745 0
1000 0
