# First line is two numbers 
#     First value is '2', it means 'histogram mode'
#     Second value is 'Emin' of the histogram
# Other lines : 2 columns. 1) energy 2) probability (nb divided by NbEvent)
# Number of bins = 480
# Content below the first bin: 0
# Content above the last  bin: 0
# Content above the last  bin: 0
# Number of events: 209000
2 1e-06
1.04412e-06 0
1.09018e-06 0
1.13828e-06 0
1.1885e-06 0
1.24094e-06 0
1.29569e-06 0
1.35285e-06 0
1.41254e-06 0
1.47486e-06 0
1.53993e-06 0
1.60787e-06 0
1.6788e-06 0
1.75287e-06 0
1.83021e-06 0
1.91095e-06 0
1.99526e-06 0
2.08329e-06 0
2.1752e-06 0
2.27117e-06 0
2.37137e-06 0
2.476e-06 0
2.58523e-06 0
2.69929e-06 0
2.81838e-06 0
2.94273e-06 0
3.07256e-06 0
3.20812e-06 0
3.34965e-06 0
3.49744e-06 0
3.65174e-06 0
3.81285e-06 0
3.98107e-06 0
4.15671e-06 0
4.3401e-06 0
4.53158e-06 0
4.73151e-06 0
4.94026e-06 0
5.15822e-06 0
5.3858e-06 0
5.62341e-06 0
5.87151e-06 0
6.13056e-06 0
6.40103e-06 0
6.68344e-06 0
6.97831e-06 0
7.28618e-06 0
7.60764e-06 0
7.94328e-06 0
8.29373e-06 0
8.65964e-06 0
9.0417e-06 0
9.44061e-06 0
9.85712e-06 0
1.0292e-05 0
1.07461e-05 0
1.12202e-05 0
1.17152e-05 0
1.22321e-05 0
1.27717e-05 0
1.33352e-05 0
1.39236e-05 0
1.45378e-05 0
1.51792e-05 0
1.58489e-05 0
1.65482e-05 0
1.72783e-05 0
1.80406e-05 0
1.88365e-05 0
1.96675e-05 0
2.05353e-05 0
2.14412e-05 0
2.23872e-05 0
2.33749e-05 0
2.44062e-05 0
2.5483e-05 0
2.66073e-05 0
2.77811e-05 0
2.90068e-05 0
3.02866e-05 0
3.16228e-05 0
3.30179e-05 0
3.44747e-05 0
3.59956e-05 0
3.75837e-05 0
3.92419e-05 0
4.09732e-05 0
4.27809e-05 0
4.46684e-05 0
4.66391e-05 0
4.86968e-05 0
5.08452e-05 0
5.30884e-05 0
5.54307e-05 0
5.78762e-05 0
6.04296e-05 0
6.30957e-05 0
6.58795e-05 0
6.8786e-05 0
7.18208e-05 0
7.49894e-05 0
7.82979e-05 0
8.17523e-05 0
8.53591e-05 0
8.91251e-05 0
9.30572e-05 0
9.71628e-05 0
0.00010145 0
0.000105925 0
0.000110599 0
0.000115478 0
0.000120573 0
0.000125893 0
0.000131447 0
0.000137246 0
0.000143301 0
0.000149624 0
0.000156225 0
0.000163117 0
0.000170314 0
0.000177828 0
0.000185674 0
0.000193865 0
0.000202418 0
0.000211349 0
0.000220673 0
0.000230409 0
0.000240575 0
0.000251189 0
0.000262271 0
0.000273842 0
0.000285924 0
0.000298538 0
0.000311709 0
0.000325462 0
0.000339821 0
0.000354813 0
0.000370467 0
0.000386812 0
0.000403878 0
0.000421697 0
0.000440301 0
0.000459727 0
0.00048001 0
0.000501187 0
0.000523299 0
0.000546387 0
0.000570493 0
0.000595662 0
0.000621942 0
0.000649382 0
0.000678032 0
0.000707946 0
0.00073918 0
0.000771792 0
0.000805842 0
0.000841395 0
0.000878517 0
0.000917276 0
0.000957745 0
0.001 0
0.00104412 0
0.00109018 0
0.00113828 0
0.0011885 0
0.00124094 0
0.00129569 0
0.00135285 0
0.00141254 0
0.00147486 0
0.00153993 0
0.00160787 114.169
0.0016788 0
0.00175287 0
0.00183021 0
0.00191095 0
0.00199526 0
0.00208329 0
0.0021752 0
0.00227117 0
0.00237137 0
0.002476 0
0.00258523 0
0.00269929 0
0.00281838 0
0.00294273 0
0.00307256 0
0.00320812 0
0.00334965 0
0.00349744 0
0.00365174 0
0.00381285 0
0.00398107 0
0.00415671 0
0.0043401 0
0.00453158 0
0.00473151 0
0.00494026 0
0.00515822 0
0.0053858 0
0.00562341 0
0.00587151 0
0.00613056 0
0.00640103 0
0.00668344 0
0.00697831 0
0.00728618 0
0.00760764 194.116
0.00794328 0
0.00829373 111.488
0.00865964 0
0.0090417 108.611
0.00944061 0
0.00985712 0
0.010292 0
0.0107461 60.7447
0.0112202 0
0.0117152 119.493
0.0122321 0
0.0127717 109.49
0.0133352 71.6954
0.0139236 182.522
0.0145378 0
0.0151792 166.079
0.0158489 262.818
0.0165482 116.994
0.0172783 0
0.0180406 102.929
0.0188365 0
0.0196675 33.9537
0.0205353 203.939
0.0214412 117.682
0.0223872 159.89
0.0233749 85.6315
0.0244062 225.901
0.025483 64.4168
0.0266073 111.563
0.0277811 150.095
0.0290068 335.975
0.0302866 216.462
0.0316228 25.4197
0.0330179 279.696
0.0344747 441.261
0.0359956 487.895
0.0375837 607.436
0.0392419 310.201
0.0409732 298.479
0.0427809 107.202
0.0446684 612.763
0.0466391 391.302
0.0486968 555.358
0.0508452 595.135
0.0530884 509.71
0.0554307 290.377
0.0578762 358.407
0.0604296 540.878
0.0630957 543.691
0.0658795 371.254
0.068786 81.5795
0.0718208 420.766
0.0749894 485.524
0.0782979 470.36
0.0817523 587.918
0.0853591 529.124
0.0891251 1008.18
0.0930572 561.988
0.0971628 478.51
0.10145 450.565
0.105925 741.04
0.110599 1804.51
0.115478 924.968
0.120573 1185.53
0.125893 1076.68
0.131447 607.161
0.137246 483.534
0.143301 884.668
0.149624 1120.77
0.156225 886.229
0.163117 1726.5
0.170314 776.886
0.177828 829.549
0.185674 965.146
0.193865 1145.5
0.202418 984.041
0.211349 754.243
0.220673 1259.76
0.230409 1407.02
0.240575 1538.41
0.251189 1380.88
0.262271 474.843
0.273842 1483.46
0.285924 833.854
0.298538 1168.02
0.311709 1078.14
0.325462 1051.08
0.339821 1736.38
0.354813 1372.8
0.370467 1853.29
0.386812 1576.03
0.403878 1734.48
0.421697 1424.85
0.440301 1722.9
0.459727 1131.35
0.48001 1671.81
0.501187 1046.44
0.523299 836.883
0.546387 2170.85
0.570493 1394.34
0.595662 1172.44
0.621942 1696.8
0.649382 687.155
0.678032 1005.64
0.707946 1350.59
0.73918 1272.44
0.771792 1062.44
0.805842 1288.09
0.841395 917.433
0.878517 1010.74
0.917276 632.088
0.957745 896.769
1 559.729
1.04412 1095.84
1.09018 851.742
1.13828 1060.82
1.1885 764.256
1.24094 731.228
1.29569 489.559
1.35285 354.651
1.41254 571.907
1.47486 701.08
1.53993 496.882
1.60787 413.021
1.6788 590.64
1.75287 208.404
1.83021 281.404
1.91095 417.181
1.99526 345.889
2.08329 434.512
2.1752 388.125
2.27117 383.969
2.37137 404.608
2.476 217.305
2.58523 471.469
2.69929 259.502
2.81838 336.762
2.94273 576.231
3.07256 86.5842
3.20812 226.433
3.34965 493.637
3.49744 158.283
3.65174 226.702
3.81285 244.825
3.98107 132.815
4.15671 132.099
4.3401 202.064
4.53158 113.401
4.73151 337.105
4.94026 611.836
5.15822 81.6535
5.3858 261.059
5.62341 233.306
5.87151 199.776
6.13056 337.657
6.40103 575.102
6.68344 314.323
6.97831 0
7.28618 381.541
7.60764 171.812
7.94328 107.906
8.29373 87.1889
8.65964 238.071
9.0417 186.87
9.44061 254.03
9.85712 114.126
10.292 93.5327
10.7461 166.674
11.2202 46.6334
11.7152 359.779
12.2321 135.285
12.7717 70.951
13.3352 86.8718
13.9236 0
14.5378 474.862
15.1792 91.6274
15.8489 84.8042
16.5482 71.2767
17.2783 140.62
18.0406 108.492
18.8365 272.483
19.6675 294.561
20.5353 246.961
21.4412 80.4504
22.3872 34.4831
23.3749 0
24.4062 99.8792
25.483 265.038
26.6073 69.6901
27.7811 199.804
29.0068 209.099
30.2866 70.5304
31.6228 82.1544
33.0179 43.0615
34.4747 200.205
35.9956 318.953
37.5837 0
39.2419 237.633
40.9732 74.8203
42.7809 0
44.6684 86.488
46.6391 269.25
48.6968 181.677
50.8452 116.67
53.0884 266.584
55.4307 396.568
57.8762 332.8
60.4296 313.31
63.0957 208.977
65.8795 147.374
68.786 0
71.8208 256.224
74.9894 167.907
78.2979 163.138
81.7523 194.171
85.3591 211.712
89.1251 181.635
93.0572 86.5722
97.1628 95.3364
101.45 98.1676
105.925 0
110.599 223.163
115.478 200.178
120.573 0
125.893 86.224
131.447 0
137.246 235.398
143.301 103.657
149.624 198.221
156.225 67.2426
163.117 67.9523
170.314 127.914
177.828 0
185.674 114.507
193.865 192.286
202.418 0
211.349 78.2394
220.673 54.0226
230.409 25.584
240.575 80.744
251.189 0
262.271 34.3353
273.842 63.7442
285.924 0
298.538 0
311.709 0
325.462 0
339.821 0
354.813 0
370.467 0
386.812 0
403.878 115.965
421.697 0
440.301 0
459.727 0
480.01 0
501.187 0
523.299 0
546.387 0
570.493 0
595.662 0
621.942 0
649.382 0
678.032 0
707.946 0
739.18 0
771.792 0
805.842 0
841.395 0
878.517 0
917.276 0
957.745 0
1000 0
