# First line is two numbers 
#     First value is '2', it means 'histogram mode'
#     Second value is 'Emin' of the histogram
# Other lines : 2 columns. 1) energy 2) probability (nb divided by NbEvent)
# Number of bins = 480
# Content below the first bin: 0
# Content above the last  bin: 0
# Content above the last  bin: 0
# Number of events: 209000
2 1e-06
1.04412e-06 0
1.09018e-06 0
1.13828e-06 0
1.1885e-06 0
1.24094e-06 0
1.29569e-06 0
1.35285e-06 0
1.41254e-06 0
1.47486e-06 0
1.53993e-06 0
1.60787e-06 0
1.6788e-06 0
1.75287e-06 0
1.83021e-06 0
1.91095e-06 0
1.99526e-06 0
2.08329e-06 0
2.1752e-06 0
2.27117e-06 0
2.37137e-06 0
2.476e-06 0
2.58523e-06 0
2.69929e-06 0
2.81838e-06 0
2.94273e-06 0
3.07256e-06 0
3.20812e-06 0
3.34965e-06 0
3.49744e-06 0
3.65174e-06 0
3.81285e-06 0
3.98107e-06 0
4.15671e-06 0
4.3401e-06 0
4.53158e-06 0
4.73151e-06 0
4.94026e-06 0
5.15822e-06 0
5.3858e-06 0
5.62341e-06 0
5.87151e-06 0
6.13056e-06 0
6.40103e-06 0
6.68344e-06 0
6.97831e-06 0
7.28618e-06 0
7.60764e-06 0
7.94328e-06 0
8.29373e-06 0
8.65964e-06 0
9.0417e-06 0
9.44061e-06 0
9.85712e-06 0
1.0292e-05 0
1.07461e-05 0
1.12202e-05 0
1.17152e-05 0
1.22321e-05 0
1.27717e-05 0
1.33352e-05 0
1.39236e-05 0
1.45378e-05 0
1.51792e-05 0
1.58489e-05 0
1.65482e-05 0
1.72783e-05 0
1.80406e-05 0
1.88365e-05 0
1.96675e-05 0
2.05353e-05 0
2.14412e-05 0
2.23872e-05 0
2.33749e-05 0
2.44062e-05 0
2.5483e-05 0
2.66073e-05 0
2.77811e-05 0
2.90068e-05 0
3.02866e-05 0
3.16228e-05 0
3.30179e-05 0
3.44747e-05 0
3.59956e-05 0
3.75837e-05 0
3.92419e-05 0
4.09732e-05 0
4.27809e-05 0
4.46684e-05 0
4.66391e-05 0
4.86968e-05 0
5.08452e-05 0
5.30884e-05 0
5.54307e-05 0
5.78762e-05 0
6.04296e-05 0
6.30957e-05 0
6.58795e-05 0
6.8786e-05 0
7.18208e-05 0
7.49894e-05 0
7.82979e-05 0
8.17523e-05 0
8.53591e-05 0
8.91251e-05 0
9.30572e-05 0
9.71628e-05 0
0.00010145 0
0.000105925 0
0.000110599 0
0.000115478 0
0.000120573 0
0.000125893 0
0.000131447 0
0.000137246 0
0.000143301 0
0.000149624 0
0.000156225 0
0.000163117 0
0.000170314 0
0.000177828 0
0.000185674 0
0.000193865 0
0.000202418 0
0.000211349 0
0.000220673 0
0.000230409 0
0.000240575 0
0.000251189 0
0.000262271 0
0.000273842 0
0.000285924 0
0.000298538 0
0.000311709 0
0.000325462 0
0.000339821 0
0.000354813 0
0.000370467 0
0.000386812 0
0.000403878 0
0.000421697 0
0.000440301 0
0.000459727 0
0.00048001 0
0.000501187 0
0.000523299 0
0.000546387 0
0.000570493 0
0.000595662 0
0.000621942 0
0.000649382 0
0.000678032 0
0.000707946 0
0.00073918 0
0.000771792 0
0.000805842 0
0.000841395 0
0.000878517 0
0.000917276 0
0.000957745 0
0.001 0
0.00104412 0
0.00109018 0
0.00113828 0
0.0011885 0
0.00124094 0
0.00129569 0
0.00135285 0
0.00141254 0
0.00147486 0
0.00153993 0
0.00160787 0
0.0016788 0
0.00175287 0
0.00183021 0
0.00191095 0
0.00199526 0
0.00208329 0
0.0021752 0
0.00227117 0
0.00237137 0
0.002476 0
0.00258523 0
0.00269929 0
0.00281838 0
0.00294273 0
0.00307256 0
0.00320812 0
0.00334965 0
0.00349744 118.642
0.00365174 0
0.00381285 0
0.00398107 0
0.00415671 0
0.0043401 0
0.00453158 0
0.00473151 0
0.00494026 0
0.00515822 0
0.0053858 0
0.00562341 0
0.00587151 0
0.00613056 0
0.00640103 110.321
0.00668344 0
0.00697831 0
0.00728618 0
0.00760764 118.085
0.00794328 0
0.00829373 108.77
0.00865964 0
0.0090417 44.4808
0.00944061 0
0.00985712 0
0.010292 0
0.0107461 51.8157
0.0112202 0
0.0117152 14.1873
0.0122321 0
0.0127717 144.037
0.0133352 0
0.0139236 0
0.0145378 81.3444
0.0151792 117.372
0.0158489 49.6985
0.0165482 36.5007
0.0172783 0
0.0180406 0
0.0188365 180.361
0.0196675 214.318
0.0205353 0
0.0214412 0
0.0223872 193.509
0.0233749 204.639
0.0244062 161.02
0.025483 133.085
0.0266073 257.372
0.0277811 90.4994
0.0290068 37.6565
0.0302866 369.499
0.0316228 200.041
0.0330179 519.7
0.0344747 383.74
0.0359956 127.617
0.0375837 467.038
0.0392419 524.392
0.0409732 441.849
0.0427809 252.627
0.0446684 125.847
0.0466391 407.327
0.0486968 179.722
0.0508452 496.62
0.0530884 213.137
0.0554307 465.807
0.0578762 369.969
0.0604296 631.289
0.0630957 684.589
0.0658795 317.995
0.068786 457.629
0.0718208 344.283
0.0749894 252.376
0.0782979 247.386
0.0817523 706.321
0.0853591 526.373
0.0891251 241.37
0.0930572 684.414
0.0971628 932.093
0.10145 755.599
0.105925 898.243
0.110599 808.76
0.115478 574.591
0.120573 751.215
0.125893 1147.25
0.131447 603.921
0.137246 387.422
0.143301 1182.25
0.149624 1060.96
0.156225 947.185
0.163117 738.391
0.170314 1376.07
0.177828 359.799
0.185674 778.283
0.193865 766.525
0.202418 1317.34
0.211349 1216.38
0.220673 1126.05
0.230409 1209.18
0.240575 1202.62
0.251189 1299.66
0.262271 1165.31
0.273842 1418.67
0.285924 1314.54
0.298538 529.003
0.311709 950.121
0.325462 1610.19
0.339821 1535.2
0.354813 1706.27
0.370467 1229.91
0.386812 1419.24
0.403878 1427.48
0.421697 1203.29
0.440301 1265.85
0.459727 1984.16
0.48001 1139.62
0.501187 928.294
0.523299 1862.99
0.546387 2968.78
0.570493 767.921
0.595662 1420.77
0.621942 1344.02
0.649382 1377.63
0.678032 893.993
0.707946 1349.79
0.73918 1875.17
0.771792 1395.04
0.805842 1534.06
0.841395 1295.12
0.878517 766.323
0.917276 1245.63
0.957745 1039.71
1 1191.14
1.04412 1107.09
1.09018 666.379
1.13828 871.905
1.1885 587.102
1.24094 1029.62
1.29569 392.759
1.35285 926.87
1.41254 350.611
1.47486 631.425
1.53993 397.96
1.60787 698.566
1.6788 968.411
1.75287 414.797
1.83021 492.004
1.91095 259.208
1.99526 399.172
2.08329 293.19
2.1752 534.817
2.27117 304.894
2.37137 244.394
2.476 443.213
2.58523 205.193
2.69929 200.853
2.81838 385.542
2.94273 208.71
3.07256 40.0563
3.20812 394.981
3.34965 211.958
3.49744 249.126
3.65174 261.527
3.81285 183.919
3.98107 209.257
4.15671 0
4.3401 241.087
4.53158 206.967
4.73151 224.435
4.94026 266.904
5.15822 269.975
5.3858 291.715
5.62341 185.114
5.87151 192.789
6.13056 122.6
6.40103 218.428
6.68344 122.541
6.97831 26.6581
7.28618 76.4302
7.60764 147.463
7.94328 130.21
8.29373 263.787
8.65964 442.668
9.0417 102.21
9.44061 101.752
9.85712 121.039
10.292 0
10.7461 256.474
11.2202 99.7799
11.7152 0
12.2321 51.5944
12.7717 222.239
13.3352 114.446
13.9236 163.583
14.5378 201.677
15.1792 126.576
15.8489 208.917
16.5482 150.828
17.2783 0
18.0406 65.8261
18.8365 78.0555
19.6675 351.312
20.5353 0
21.4412 153.46
22.3872 104.192
23.3749 215.273
24.4062 47.2849
25.483 86.5602
26.6073 0
27.7811 277.523
29.0068 101.086
30.2866 270.129
31.6228 101.448
33.0179 92.8231
34.4747 159.863
35.9956 0
37.5837 121.879
39.2419 49.3881
40.9732 0
42.7809 182.139
44.6684 169.866
46.6391 145.326
48.6968 206.079
50.8452 101.249
53.0884 0
55.4307 515.985
57.8762 102.95
60.4296 186.711
63.0957 0
65.8795 38.4751
68.786 59.1824
71.8208 0
74.9894 86.6218
78.2979 200.206
81.7523 232.467
85.3591 353.965
89.1251 396.383
93.0572 0
97.1628 0
101.45 0
105.925 0
110.599 59.9607
115.478 192.608
120.573 93.2669
125.893 352.482
131.447 155.629
137.246 86.9974
143.301 0
149.624 0
156.225 218.938
163.117 238.34
170.314 21.2117
177.828 68.1151
185.674 206.961
193.865 111.787
202.418 215.415
211.349 70.1283
220.673 0
230.409 209.395
240.575 161.934
251.189 86.3211
262.271 233.981
273.842 0
285.924 0
298.538 0
311.709 0
325.462 0
339.821 0
354.813 0
370.467 0
386.812 0
403.878 0
421.697 0
440.301 0
459.727 39.7152
480.01 0
501.187 0
523.299 0
546.387 0
570.493 0
595.662 0
621.942 0
649.382 0
678.032 0
707.946 89.0219
739.18 0
771.792 0
805.842 0
841.395 0
878.517 0
917.276 0
957.745 0
1000 0
