# First line is two numbers 
#     First value is '2', it means 'histogram mode'
#     Second value is 'Emin' of the histogram
# Other lines : 2 columns. 1) energy 2) probability (nb divided by NbEvent)
# Number of bins = 480
# Content below the first bin: 0
# Content above the last  bin: 0
# Content above the last  bin: 0
# Number of events: 400000
2 1e-06
1.04412e-06 0
1.09018e-06 0
1.13828e-06 0
1.1885e-06 0
1.24094e-06 0
1.29569e-06 0
1.35285e-06 0
1.41254e-06 0
1.47486e-06 0
1.53993e-06 0
1.60787e-06 0
1.6788e-06 0
1.75287e-06 0
1.83021e-06 0
1.91095e-06 0
1.99526e-06 0
2.08329e-06 0
2.1752e-06 0
2.27117e-06 0
2.37137e-06 0
2.476e-06 0
2.58523e-06 0
2.69929e-06 0
2.81838e-06 0
2.94273e-06 0
3.07256e-06 0
3.20812e-06 0
3.34965e-06 0
3.49744e-06 0
3.65174e-06 0
3.81285e-06 0
3.98107e-06 0
4.15671e-06 0
4.3401e-06 0
4.53158e-06 0
4.73151e-06 0
4.94026e-06 0
5.15822e-06 0
5.3858e-06 0
5.62341e-06 0
5.87151e-06 0
6.13056e-06 0
6.40103e-06 0
6.68344e-06 0
6.97831e-06 0
7.28618e-06 0
7.60764e-06 0
7.94328e-06 0
8.29373e-06 0
8.65964e-06 0
9.0417e-06 0
9.44061e-06 0
9.85712e-06 0
1.0292e-05 0
1.07461e-05 0
1.12202e-05 0
1.17152e-05 0
1.22321e-05 0
1.27717e-05 0
1.33352e-05 0
1.39236e-05 0
1.45378e-05 0
1.51792e-05 0
1.58489e-05 0
1.65482e-05 0
1.72783e-05 0
1.80406e-05 0
1.88365e-05 0
1.96675e-05 0
2.05353e-05 0
2.14412e-05 0
2.23872e-05 0
2.33749e-05 0
2.44062e-05 0
2.5483e-05 0
2.66073e-05 0
2.77811e-05 0
2.90068e-05 0
3.02866e-05 0
3.16228e-05 0
3.30179e-05 0
3.44747e-05 0
3.59956e-05 0
3.75837e-05 0
3.92419e-05 0
4.09732e-05 0
4.27809e-05 0
4.46684e-05 0
4.66391e-05 0
4.86968e-05 0
5.08452e-05 0
5.30884e-05 0
5.54307e-05 0
5.78762e-05 0
6.04296e-05 0
6.30957e-05 0
6.58795e-05 0
6.8786e-05 0
7.18208e-05 0
7.49894e-05 0
7.82979e-05 0
8.17523e-05 0
8.53591e-05 0
8.91251e-05 0
9.30572e-05 0
9.71628e-05 0
0.00010145 0
0.000105925 0
0.000110599 0
0.000115478 0
0.000120573 0
0.000125893 0
0.000131447 0
0.000137246 0
0.000143301 0
0.000149624 0
0.000156225 0
0.000163117 0
0.000170314 0
0.000177828 0
0.000185674 0
0.000193865 0
0.000202418 0
0.000211349 0
0.000220673 0
0.000230409 0
0.000240575 0
0.000251189 0
0.000262271 0
0.000273842 0
0.000285924 0
0.000298538 0
0.000311709 0
0.000325462 0
0.000339821 65.9101
0.000354813 0
0.000370467 0
0.000386812 0
0.000403878 0
0.000421697 0
0.000440301 0
0.000459727 0
0.00048001 0
0.000501187 0
0.000523299 0
0.000546387 0
0.000570493 0
0.000595662 0
0.000621942 0
0.000649382 0
0.000678032 0
0.000707946 0
0.00073918 0
0.000771792 0
0.000805842 0
0.000841395 0
0.000878517 0
0.000917276 0
0.000957745 0
0.001 0
0.00104412 0
0.00109018 0
0.00113828 0
0.0011885 0
0.00124094 0
0.00129569 0
0.00135285 0
0.00141254 0
0.00147486 0
0.00153993 0
0.00160787 0
0.0016788 85.4634
0.00175287 0
0.00183021 0
0.00191095 0
0.00199526 0
0.00208329 0
0.0021752 0
0.00227117 0
0.00237137 0
0.002476 0
0.00258523 0
0.00269929 0
0.00281838 0
0.00294273 0
0.00307256 0
0.00320812 0
0.00334965 0
0.00349744 0
0.00365174 0
0.00381285 0
0.00398107 0
0.00415671 0
0.0043401 0
0.00453158 0
0.00473151 0
0.00494026 0
0.00515822 0
0.0053858 0
0.00562341 0
0.00587151 0
0.00613056 0
0.00640103 0
0.00668344 0
0.00697831 68.4573
0.00728618 0
0.00760764 0
0.00794328 0
0.00829373 0
0.00865964 0
0.0090417 68.6091
0.00944061 0
0.00985712 0
0.010292 0
0.0107461 0
0.0112202 0
0.0117152 0
0.0122321 0
0.0127717 0
0.0133352 0
0.0139236 0
0.0145378 0
0.0151792 0
0.0158489 0
0.0165482 0
0.0172783 0
0.0180406 0
0.0188365 0
0.0196675 0
0.0205353 0
0.0214412 0
0.0223872 117.796
0.0233749 165.585
0.0244062 110.558
0.025483 379.62
0.0266073 86.6672
0.0277811 0
0.0290068 0
0.0302866 0
0.0316228 75.7039
0.0330179 0
0.0344747 0
0.0359956 0
0.0375837 0
0.0392419 231.171
0.0409732 0
0.0427809 204.555
0.0446684 0
0.0466391 160.909
0.0486968 69.2277
0.0508452 164.627
0.0530884 112.047
0.0554307 112.185
0.0578762 0
0.0604296 0
0.0630957 0
0.0658795 67.5461
0.068786 101.392
0.0718208 1.97128
0.0749894 29.1407
0.0782979 0
0.0817523 191.465
0.0853591 531.213
0.0891251 108.01
0.0930572 102.346
0.0971628 72.1408
0.10145 0
0.105925 164.268
0.110599 106.685
0.115478 138.807
0.120573 163.173
0.125893 553.373
0.131447 282.415
0.137246 472.203
0.143301 380.228
0.149624 190.845
0.156225 179.165
0.163117 224.418
0.170314 440.798
0.177828 220.474
0.185674 368.434
0.193865 290.898
0.202418 182.333
0.211349 220.205
0.220673 715.594
0.230409 272.978
0.240575 747.944
0.251189 744.409
0.262271 772.657
0.273842 853.625
0.285924 640.083
0.298538 373.863
0.311709 2426.79
0.325462 1042.91
0.339821 798.929
0.354813 1539.66
0.370467 947.176
0.386812 1601.18
0.403878 430.959
0.421697 258.185
0.440301 699.258
0.459727 554.525
0.48001 1847.16
0.501187 563.379
0.523299 794.91
0.546387 899.221
0.570493 963.051
0.595662 1174.25
0.621942 1669.2
0.649382 2294.7
0.678032 2142.54
0.707946 1876.4
0.73918 1117.76
0.771792 979.9
0.805842 757.273
0.841395 982.843
0.878517 634.612
0.917276 1262.27
0.957745 1400.22
1 1212.23
1.04412 641.011
1.09018 869.858
1.13828 1571.33
1.1885 1393.59
1.24094 1499.5
1.29569 690.575
1.35285 1398.54
1.41254 1492.22
1.47486 1228.96
1.53993 1257
1.60787 748.537
1.6788 844.328
1.75287 467.662
1.83021 1243.26
1.91095 1152.23
1.99526 1085.02
2.08329 744.439
2.1752 488.451
2.27117 337.079
2.37137 1021.82
2.476 1182.27
2.58523 420.102
2.69929 673.5
2.81838 665.461
2.94273 642.597
3.07256 677.667
3.20812 822.991
3.34965 620.676
3.49744 485.777
3.65174 861.273
3.81285 361.853
3.98107 237.31
4.15671 759.789
4.3401 286.023
4.53158 494.566
4.73151 346.497
4.94026 472.604
5.15822 497.985
5.3858 110.33
5.62341 254.433
5.87151 559.37
6.13056 495.78
6.40103 258.368
6.68344 260.679
6.97831 473.574
7.28618 472.947
7.60764 575.663
7.94328 261.262
8.29373 290.08
8.65964 252.427
9.0417 321.983
9.44061 166.689
9.85712 102.95
10.292 393.577
10.7461 278.761
11.2202 415.396
11.7152 493.432
12.2321 230.882
12.7717 239.487
13.3352 128.921
13.9236 137.251
14.5378 83.2995
15.1792 259.264
15.8489 743.25
16.5482 318.833
17.2783 408.319
18.0406 267.924
18.8365 333.376
19.6675 145.811
20.5353 202.147
21.4412 352.814
22.3872 552.914
23.3749 227.289
24.4062 285.992
25.483 1085.12
26.6073 672.983
27.7811 641.131
29.0068 799.294
30.2866 761.663
31.6228 603.173
33.0179 383.511
34.4747 248.301
35.9956 633.38
37.5837 644.293
39.2419 1605.96
40.9732 1224.67
42.7809 451.553
44.6684 463.822
46.6391 1133.29
48.6968 657.901
50.8452 1066.94
53.0884 747.589
55.4307 825.406
57.8762 680.577
60.4296 1538.79
63.0957 1284.1
65.8795 781.462
68.786 1062.29
71.8208 1227.18
74.9894 1048
78.2979 1107.21
81.7523 1236.65
85.3591 1413.33
89.1251 1351.95
93.0572 959.339
97.1628 1977.34
101.45 1713.73
105.925 1190.42
110.599 2004.59
115.478 2023.9
120.573 2068.84
125.893 2369.13
131.447 3020.75
137.246 2677.1
143.301 2643.67
149.624 3038.15
156.225 4367.56
163.117 2657.38
170.314 3558.51
177.828 4986.49
185.674 3693.57
193.865 5043.55
202.418 3744.87
211.349 5235.35
220.673 4704.62
230.409 5747.53
240.575 6499.68
251.189 6300.54
262.271 4904.49
273.842 4647.2
285.924 5096.02
298.538 4510.3
311.709 4664.17
325.462 3196.12
339.821 2442.58
354.813 1883.44
370.467 1597.71
386.812 1159.31
403.878 730.719
421.697 368.82
440.301 451.369
459.727 444.397
480.01 522.585
501.187 197.734
523.299 116.167
546.387 119.003
570.493 255.164
595.662 325.522
621.942 80.8045
649.382 0
678.032 0
707.946 70.3232
739.18 147.528
771.792 67.8486
805.842 0
841.395 0
878.517 116.493
917.276 0
957.745 0
1000 0
