# First line is two numbers 
#     First value is '2', it means 'histogram mode'
#     Second value is 'Emin' of the histogram
# Other lines : 2 columns. 1) energy 2) probability (nb divided by NbEvent)
# Number of bins = 480
# Content below the first bin: 0
# Content above the last  bin: 0
# Content above the last  bin: 0
# Number of events: 209000
2 1e-06
1.04412e-06 0
1.09018e-06 0
1.13828e-06 0
1.1885e-06 0
1.24094e-06 0
1.29569e-06 0
1.35285e-06 0
1.41254e-06 0
1.47486e-06 0
1.53993e-06 0
1.60787e-06 0
1.6788e-06 0
1.75287e-06 0
1.83021e-06 0
1.91095e-06 0
1.99526e-06 0
2.08329e-06 0
2.1752e-06 0
2.27117e-06 0
2.37137e-06 0
2.476e-06 0
2.58523e-06 0
2.69929e-06 0
2.81838e-06 0
2.94273e-06 0
3.07256e-06 0
3.20812e-06 0
3.34965e-06 0
3.49744e-06 0
3.65174e-06 0
3.81285e-06 0
3.98107e-06 0
4.15671e-06 0
4.3401e-06 0
4.53158e-06 0
4.73151e-06 0
4.94026e-06 0
5.15822e-06 0
5.3858e-06 0
5.62341e-06 0
5.87151e-06 0
6.13056e-06 0
6.40103e-06 0
6.68344e-06 0
6.97831e-06 0
7.28618e-06 0
7.60764e-06 0
7.94328e-06 0
8.29373e-06 0
8.65964e-06 0
9.0417e-06 0
9.44061e-06 0
9.85712e-06 0
1.0292e-05 0
1.07461e-05 0
1.12202e-05 0
1.17152e-05 0
1.22321e-05 0
1.27717e-05 0
1.33352e-05 0
1.39236e-05 0
1.45378e-05 0
1.51792e-05 0
1.58489e-05 0
1.65482e-05 0
1.72783e-05 0
1.80406e-05 0
1.88365e-05 0
1.96675e-05 0
2.05353e-05 0
2.14412e-05 0
2.23872e-05 0
2.33749e-05 0
2.44062e-05 0
2.5483e-05 0
2.66073e-05 0
2.77811e-05 0
2.90068e-05 0
3.02866e-05 0
3.16228e-05 0
3.30179e-05 0
3.44747e-05 0
3.59956e-05 0
3.75837e-05 0
3.92419e-05 0
4.09732e-05 0
4.27809e-05 0
4.46684e-05 0
4.66391e-05 0
4.86968e-05 0
5.08452e-05 0
5.30884e-05 0
5.54307e-05 0
5.78762e-05 0
6.04296e-05 0
6.30957e-05 0
6.58795e-05 0
6.8786e-05 0
7.18208e-05 0
7.49894e-05 0
7.82979e-05 0
8.17523e-05 0
8.53591e-05 0
8.91251e-05 0
9.30572e-05 0
9.71628e-05 0
0.00010145 0
0.000105925 0
0.000110599 0
0.000115478 0
0.000120573 0
0.000125893 0
0.000131447 0
0.000137246 0
0.000143301 0
0.000149624 0
0.000156225 0
0.000163117 0
0.000170314 0
0.000177828 0
0.000185674 0
0.000193865 0
0.000202418 0
0.000211349 0
0.000220673 0
0.000230409 0
0.000240575 0
0.000251189 0
0.000262271 0
0.000273842 0
0.000285924 0
0.000298538 0
0.000311709 0
0.000325462 0
0.000339821 0
0.000354813 0
0.000370467 0
0.000386812 0
0.000403878 0
0.000421697 0
0.000440301 0
0.000459727 0
0.00048001 0
0.000501187 0
0.000523299 0
0.000546387 0
0.000570493 0
0.000595662 0
0.000621942 0
0.000649382 0
0.000678032 0
0.000707946 0
0.00073918 0
0.000771792 0
0.000805842 0
0.000841395 0
0.000878517 0
0.000917276 0
0.000957745 0
0.001 0
0.00104412 0
0.00109018 0
0.00113828 0
0.0011885 0
0.00124094 0
0.00129569 0
0.00135285 0
0.00141254 0
0.00147486 0
0.00153993 0
0.00160787 0
0.0016788 0
0.00175287 0
0.00183021 0
0.00191095 0
0.00199526 0
0.00208329 0
0.0021752 0
0.00227117 0
0.00237137 0
0.002476 0
0.00258523 0
0.00269929 0
0.00281838 0
0.00294273 0
0.00307256 0
0.00320812 0
0.00334965 0
0.00349744 0
0.00365174 0
0.00381285 0
0.00398107 0
0.00415671 90.7501
0.0043401 0
0.00453158 0
0.00473151 0
0.00494026 0
0.00515822 0
0.0053858 0
0.00562341 0
0.00587151 0
0.00613056 0
0.00640103 0
0.00668344 0
0.00697831 0
0.00728618 0
0.00760764 11.2261
0.00794328 0
0.00829373 0
0.00865964 0
0.0090417 0
0.00944061 90.7251
0.00985712 0
0.010292 0
0.0107461 0
0.0112202 0
0.0117152 0
0.0122321 0
0.0127717 0
0.0133352 0
0.0139236 87.041
0.0145378 0
0.0151792 0
0.0158489 0
0.0165482 0
0.0172783 112.709
0.0180406 0
0.0188365 0
0.0196675 0
0.0205353 0
0.0214412 141.571
0.0223872 0
0.0233749 0
0.0244062 0
0.025483 0
0.0266073 0
0.0277811 168.605
0.0290068 0
0.0302866 153.696
0.0316228 148.274
0.0330179 45.4436
0.0344747 0
0.0359956 108.188
0.0375837 0
0.0392419 96.6925
0.0409732 103.17
0.0427809 0
0.0446684 145.387
0.0466391 0
0.0486968 95.4101
0.0508452 0
0.0530884 0
0.0554307 176.885
0.0578762 0
0.0604296 0
0.0630957 574.989
0.0658795 213.612
0.068786 0
0.0718208 48.9661
0.0749894 216.287
0.0782979 233.825
0.0817523 0
0.0853591 296.863
0.0891251 330.824
0.0930572 186.545
0.0971628 10.9747
0.10145 0
0.105925 114.448
0.110599 309.447
0.115478 366.567
0.120573 319.363
0.125893 185.462
0.131447 37.4887
0.137246 336.583
0.143301 456.094
0.149624 608.692
0.156225 183.809
0.163117 404.295
0.170314 7.48588
0.177828 149.467
0.185674 342.345
0.193865 560.943
0.202418 127.604
0.211349 185.282
0.220673 295.492
0.230409 199.094
0.240575 335.368
0.251189 347.878
0.262271 191.576
0.273842 61.0611
0.285924 483.477
0.298538 177.805
0.311709 137.629
0.325462 428.154
0.339821 175.527
0.354813 349.814
0.370467 440.872
0.386812 824.106
0.403878 74.2835
0.421697 373.569
0.440301 938.363
0.459727 181.509
0.48001 654.898
0.501187 683.34
0.523299 220.908
0.546387 336.124
0.570493 338.624
0.595662 505.439
0.621942 802.134
0.649382 588.3
0.678032 404.273
0.707946 484.3
0.73918 420.265
0.771792 521.971
0.805842 483.17
0.841395 203.97
0.878517 449.062
0.917276 456.548
0.957745 486.359
1 448.386
1.04412 518.869
1.09018 275.752
1.13828 546.426
1.1885 193.258
1.24094 164.447
1.29569 156.01
1.35285 135.613
1.41254 80.1531
1.47486 387.278
1.53993 181.762
1.60787 141.046
1.6788 168.918
1.75287 303.493
1.83021 312.307
1.91095 106.383
1.99526 342.173
2.08329 168.871
2.1752 525.806
2.27117 166.592
2.37137 0
2.476 331.08
2.58523 73.266
2.69929 88.7716
2.81838 86.0005
2.94273 252.626
3.07256 106.902
3.20812 221.483
3.34965 0
3.49744 94.6213
3.65174 243.374
3.81285 273.983
3.98107 0
4.15671 0
4.3401 117.62
4.53158 297.265
4.73151 0
4.94026 91.8752
5.15822 0
5.3858 95.7253
5.62341 0
5.87151 115.844
6.13056 37.0037
6.40103 87.6279
6.68344 44.4423
6.97831 291.126
7.28618 143.651
7.60764 52.6258
7.94328 0
8.29373 0
8.65964 164.29
9.0417 42.1392
9.44061 0
9.85712 0
10.292 60.0314
10.7461 0
11.2202 0
11.7152 86.8093
12.2321 0
12.7717 113.994
13.3352 76.1938
13.9236 93.9103
14.5378 0
15.1792 61.2527
15.8489 0
16.5482 42.5289
17.2783 70.737
18.0406 56.3823
18.8365 0
19.6675 0
20.5353 153.631
21.4412 183.632
22.3872 0
23.3749 0
24.4062 181.007
25.483 0
26.6073 64.7153
27.7811 0
29.0068 107.494
30.2866 119.13
31.6228 214.068
33.0179 0
34.4747 121.731
35.9956 53.3221
37.5837 213.857
39.2419 204.897
40.9732 109.345
42.7809 199.309
44.6684 89.2956
46.6391 90.1052
48.6968 76.3219
50.8452 102.662
53.0884 0
55.4307 121.731
57.8762 0
60.4296 31.253
63.0957 0
65.8795 0
68.786 54.1419
71.8208 0
74.9894 0
78.2979 107.251
81.7523 0
85.3591 222.48
89.1251 102.375
93.0572 277.685
97.1628 0
101.45 0
105.925 0
110.599 87.4185
115.478 56.7201
120.573 111.388
125.893 9.46798
131.447 41.9915
137.246 211.724
143.301 106.419
149.624 177.707
156.225 0
163.117 0
170.314 0
177.828 25.7501
185.674 99.155
193.865 32.3788
202.418 0
211.349 51.3356
220.673 0
230.409 108.65
240.575 62.7002
251.189 102.288
262.271 0
273.842 103.534
285.924 0
298.538 0
311.709 0
325.462 0
339.821 0
354.813 0
370.467 0
386.812 0
403.878 0
421.697 0
440.301 0
459.727 0
480.01 0
501.187 0
523.299 0
546.387 0
570.493 0
595.662 0
621.942 0
649.382 0
678.032 0
707.946 0
739.18 0
771.792 0
805.842 0
841.395 0
878.517 0
917.276 0
957.745 0
1000 0
