# First line is two numbers 
#     First value is '2', it means 'histogram mode'
#     Second value is 'Emin' of the histogram
# Other lines : 2 columns. 1) energy 2) probability (nb divided by NbEvent)
# Number of bins = 480
# Content below the first bin: 0
# Content above the last  bin: 0
# Content above the last  bin: 0
# Number of events: 209000
2 1e-06
1.04412e-06 0
1.09018e-06 0
1.13828e-06 0
1.1885e-06 0
1.24094e-06 0
1.29569e-06 0
1.35285e-06 0
1.41254e-06 0
1.47486e-06 0
1.53993e-06 0
1.60787e-06 0
1.6788e-06 0
1.75287e-06 0
1.83021e-06 0
1.91095e-06 0
1.99526e-06 0
2.08329e-06 0
2.1752e-06 0
2.27117e-06 0
2.37137e-06 0
2.476e-06 0
2.58523e-06 0
2.69929e-06 0
2.81838e-06 0
2.94273e-06 0
3.07256e-06 0
3.20812e-06 0
3.34965e-06 0
3.49744e-06 0
3.65174e-06 0
3.81285e-06 0
3.98107e-06 0
4.15671e-06 0
4.3401e-06 0
4.53158e-06 0
4.73151e-06 0
4.94026e-06 0
5.15822e-06 0
5.3858e-06 0
5.62341e-06 0
5.87151e-06 0
6.13056e-06 0
6.40103e-06 0
6.68344e-06 0
6.97831e-06 0
7.28618e-06 0
7.60764e-06 0
7.94328e-06 0
8.29373e-06 0
8.65964e-06 0
9.0417e-06 0
9.44061e-06 0
9.85712e-06 0
1.0292e-05 0
1.07461e-05 0
1.12202e-05 0
1.17152e-05 0
1.22321e-05 0
1.27717e-05 0
1.33352e-05 0
1.39236e-05 0
1.45378e-05 0
1.51792e-05 0
1.58489e-05 0
1.65482e-05 0
1.72783e-05 0
1.80406e-05 0
1.88365e-05 0
1.96675e-05 0
2.05353e-05 0
2.14412e-05 0
2.23872e-05 0
2.33749e-05 0
2.44062e-05 0
2.5483e-05 0
2.66073e-05 0
2.77811e-05 0
2.90068e-05 0
3.02866e-05 0
3.16228e-05 0
3.30179e-05 0
3.44747e-05 0
3.59956e-05 0
3.75837e-05 0
3.92419e-05 0
4.09732e-05 0
4.27809e-05 0
4.46684e-05 0
4.66391e-05 0
4.86968e-05 0
5.08452e-05 0
5.30884e-05 0
5.54307e-05 0
5.78762e-05 0
6.04296e-05 0
6.30957e-05 0
6.58795e-05 0
6.8786e-05 0
7.18208e-05 0
7.49894e-05 0
7.82979e-05 0
8.17523e-05 0
8.53591e-05 0
8.91251e-05 0
9.30572e-05 0
9.71628e-05 0
0.00010145 0
0.000105925 0
0.000110599 0
0.000115478 0
0.000120573 0
0.000125893 0
0.000131447 0
0.000137246 0
0.000143301 0
0.000149624 0
0.000156225 0
0.000163117 0
0.000170314 0
0.000177828 0
0.000185674 0
0.000193865 0
0.000202418 0
0.000211349 0
0.000220673 0
0.000230409 0
0.000240575 0
0.000251189 0
0.000262271 0
0.000273842 0
0.000285924 0
0.000298538 0
0.000311709 0
0.000325462 0
0.000339821 0
0.000354813 0
0.000370467 0
0.000386812 0
0.000403878 0
0.000421697 0
0.000440301 0
0.000459727 0
0.00048001 0
0.000501187 0
0.000523299 0
0.000546387 0
0.000570493 0
0.000595662 0
0.000621942 0
0.000649382 0
0.000678032 0
0.000707946 0
0.00073918 0
0.000771792 0
0.000805842 0
0.000841395 0
0.000878517 0
0.000917276 0
0.000957745 0
0.001 0
0.00104412 0
0.00109018 0
0.00113828 0
0.0011885 0
0.00124094 0
0.00129569 0
0.00135285 0
0.00141254 0
0.00147486 0
0.00153993 0
0.00160787 0
0.0016788 0
0.00175287 0
0.00183021 0
0.00191095 0
0.00199526 0
0.00208329 0
0.0021752 0
0.00227117 0
0.00237137 0
0.002476 0
0.00258523 0
0.00269929 0
0.00281838 0
0.00294273 0
0.00307256 0
0.00320812 0
0.00334965 0
0.00349744 0
0.00365174 0
0.00381285 96.3544
0.00398107 0
0.00415671 0
0.0043401 0
0.00453158 0
0.00473151 0
0.00494026 0
0.00515822 0
0.0053858 0
0.00562341 0
0.00587151 0
0.00613056 0
0.00640103 0
0.00668344 0
0.00697831 0
0.00728618 0
0.00760764 62.3582
0.00794328 0
0.00829373 0
0.00865964 0
0.0090417 118.035
0.00944061 0
0.00985712 0
0.010292 0
0.0107461 0
0.0112202 0
0.0117152 0
0.0122321 0
0.0127717 0
0.0133352 0
0.0139236 0
0.0145378 0
0.0151792 0
0.0158489 0
0.0165482 0
0.0172783 0
0.0180406 92.4495
0.0188365 0
0.0196675 0
0.0205353 108.082
0.0214412 0
0.0223872 0
0.0233749 0
0.0244062 0
0.025483 0
0.0266073 78.504
0.0277811 0
0.0290068 0
0.0302866 104.049
0.0316228 0
0.0330179 0
0.0344747 232.647
0.0359956 0
0.0375837 0
0.0392419 0
0.0409732 0
0.0427809 0
0.0446684 139.645
0.0466391 206.283
0.0486968 73.9787
0.0508452 0
0.0530884 79.7977
0.0554307 0
0.0578762 99.3535
0.0604296 327.94
0.0630957 0
0.0658795 80.0195
0.068786 529.444
0.0718208 298.823
0.0749894 0
0.0782979 65.2295
0.0817523 84.5971
0.0853591 167.678
0.0891251 437.931
0.0930572 0
0.0971628 304.494
0.10145 138.564
0.105925 242.444
0.110599 47.0232
0.115478 356.753
0.120573 127.482
0.125893 250.618
0.131447 508.745
0.137246 172.321
0.143301 400.333
0.149624 20.4935
0.156225 321.06
0.163117 172.749
0.170314 205.675
0.177828 420.954
0.185674 459.922
0.193865 434.914
0.202418 430.123
0.211349 471.084
0.220673 430.224
0.230409 740.923
0.240575 366.142
0.251189 641.806
0.262271 564.35
0.273842 655.705
0.285924 347.294
0.298538 115.227
0.311709 360.337
0.325462 568.261
0.339821 432.927
0.354813 774.009
0.370467 408.558
0.386812 510.76
0.403878 261.661
0.421697 536.888
0.440301 277.239
0.459727 499.328
0.48001 468.646
0.501187 608.755
0.523299 926.438
0.546387 431.472
0.570493 651.055
0.595662 851.339
0.621942 597.776
0.649382 1027.55
0.678032 895.594
0.707946 450.558
0.73918 410.516
0.771792 691.795
0.805842 711.73
0.841395 438.008
0.878517 375.213
0.917276 149.164
0.957745 353.261
1 297.076
1.04412 79.504
1.09018 432.433
1.13828 341.457
1.1885 460.088
1.24094 149.116
1.29569 0
1.35285 90.6144
1.41254 444.691
1.47486 133.074
1.53993 298.379
1.60787 296.531
1.6788 280.11
1.75287 232.473
1.83021 312.989
1.91095 181.039
1.99526 0
2.08329 543.445
2.1752 174.544
2.27117 0
2.37137 465.685
2.476 291.449
2.58523 96.6242
2.69929 112.44
2.81838 233.941
2.94273 188.494
3.07256 132.556
3.20812 134.054
3.34965 0
3.49744 157.413
3.65174 0
3.81285 88.6089
3.98107 110.46
4.15671 0
4.3401 63.1548
4.53158 96.5656
4.73151 100.623
4.94026 226.696
5.15822 188.926
5.3858 126.437
5.62341 290.117
5.87151 0
6.13056 31.701
6.40103 95.759
6.68344 25.0667
6.97831 131.395
7.28618 0
7.60764 0
7.94328 0
8.29373 106.386
8.65964 109.903
9.0417 118.578
9.44061 202.836
9.85712 0
10.292 86.5741
10.7461 191.199
11.2202 98.7289
11.7152 64.6313
12.2321 210.471
12.7717 155.873
13.3352 0
13.9236 0
14.5378 82.6667
15.1792 0
15.8489 49.3731
16.5482 101.45
17.2783 70.056
18.0406 106.814
18.8365 84.6673
19.6675 73.6791
20.5353 188.721
21.4412 0
22.3872 212.46
23.3749 0
24.4062 0
25.483 0
26.6073 166.024
27.7811 81.0277
29.0068 0
30.2866 151.667
31.6228 0
33.0179 210.932
34.4747 173.956
35.9956 0
37.5837 225.43
39.2419 0
40.9732 36.8453
42.7809 115.703
44.6684 107.781
46.6391 0
48.6968 60.1503
50.8452 0
53.0884 0
55.4307 115.932
57.8762 101.775
60.4296 0
63.0957 148.153
65.8795 0
68.786 0
71.8208 0
74.9894 108.981
78.2979 83.8359
81.7523 196.289
85.3591 0
89.1251 0
93.0572 45.1587
97.1628 0
101.45 210.257
105.925 154.293
110.599 309.219
115.478 0
120.573 0
125.893 0
131.447 97.8482
137.246 0
143.301 109.254
149.624 44.518
156.225 0
163.117 0
170.314 0
177.828 101.708
185.674 0
193.865 105.93
202.418 0
211.349 87.7981
220.673 105.416
230.409 0
240.575 0
251.189 49.9943
262.271 0
273.842 0
285.924 0
298.538 0
311.709 0
325.462 115.369
339.821 0
354.813 0
370.467 14.5376
386.812 0
403.878 0
421.697 0
440.301 0
459.727 0
480.01 0
501.187 0
523.299 0
546.387 0
570.493 0
595.662 0
621.942 0
649.382 0
678.032 0
707.946 0
739.18 0
771.792 0
805.842 0
841.395 0
878.517 0
917.276 0
957.745 0
1000 0
