# First line is two numbers 
#     First value is '2', it means 'histogram mode'
#     Second value is 'Emin' of the histogram
# Other lines : 2 columns. 1) energy 2) probability (nb divided by NbEvent)
# Number of bins = 480
# Content below the first bin: 0
# Content above the last  bin: 0
# Content above the last  bin: 0
# Number of events: 209000
2 1e-06
1.04412e-06 0
1.09018e-06 0
1.13828e-06 0
1.1885e-06 0
1.24094e-06 0
1.29569e-06 0
1.35285e-06 0
1.41254e-06 0
1.47486e-06 0
1.53993e-06 0
1.60787e-06 0
1.6788e-06 0
1.75287e-06 0
1.83021e-06 0
1.91095e-06 0
1.99526e-06 0
2.08329e-06 0
2.1752e-06 0
2.27117e-06 0
2.37137e-06 0
2.476e-06 0
2.58523e-06 0
2.69929e-06 0
2.81838e-06 0
2.94273e-06 0
3.07256e-06 0
3.20812e-06 0
3.34965e-06 0
3.49744e-06 0
3.65174e-06 0
3.81285e-06 0
3.98107e-06 0
4.15671e-06 0
4.3401e-06 0
4.53158e-06 0
4.73151e-06 0
4.94026e-06 0
5.15822e-06 0
5.3858e-06 0
5.62341e-06 0
5.87151e-06 0
6.13056e-06 0
6.40103e-06 0
6.68344e-06 0
6.97831e-06 0
7.28618e-06 0
7.60764e-06 0
7.94328e-06 0
8.29373e-06 0
8.65964e-06 0
9.0417e-06 0
9.44061e-06 0
9.85712e-06 0
1.0292e-05 0
1.07461e-05 0
1.12202e-05 0
1.17152e-05 0
1.22321e-05 0
1.27717e-05 0
1.33352e-05 0
1.39236e-05 0
1.45378e-05 0
1.51792e-05 0
1.58489e-05 0
1.65482e-05 0
1.72783e-05 0
1.80406e-05 0
1.88365e-05 0
1.96675e-05 0
2.05353e-05 0
2.14412e-05 0
2.23872e-05 0
2.33749e-05 0
2.44062e-05 0
2.5483e-05 0
2.66073e-05 0
2.77811e-05 0
2.90068e-05 0
3.02866e-05 0
3.16228e-05 0
3.30179e-05 0
3.44747e-05 0
3.59956e-05 0
3.75837e-05 0
3.92419e-05 0
4.09732e-05 0
4.27809e-05 0
4.46684e-05 0
4.66391e-05 0
4.86968e-05 0
5.08452e-05 0
5.30884e-05 0
5.54307e-05 0
5.78762e-05 0
6.04296e-05 0
6.30957e-05 0
6.58795e-05 0
6.8786e-05 0
7.18208e-05 0
7.49894e-05 0
7.82979e-05 0
8.17523e-05 0
8.53591e-05 0
8.91251e-05 0
9.30572e-05 0
9.71628e-05 0
0.00010145 0
0.000105925 0
0.000110599 0
0.000115478 0
0.000120573 0
0.000125893 0
0.000131447 0
0.000137246 0
0.000143301 0
0.000149624 0
0.000156225 0
0.000163117 0
0.000170314 0
0.000177828 0
0.000185674 0
0.000193865 0
0.000202418 0
0.000211349 0
0.000220673 0
0.000230409 0
0.000240575 0
0.000251189 0
0.000262271 0
0.000273842 0
0.000285924 0
0.000298538 0
0.000311709 0
0.000325462 0
0.000339821 0
0.000354813 0
0.000370467 0
0.000386812 0
0.000403878 0
0.000421697 0
0.000440301 0
0.000459727 0
0.00048001 0
0.000501187 0
0.000523299 0
0.000546387 0
0.000570493 0
0.000595662 0
0.000621942 0
0.000649382 0
0.000678032 0
0.000707946 0
0.00073918 0
0.000771792 0
0.000805842 0
0.000841395 0
0.000878517 0
0.000917276 115.88
0.000957745 0
0.001 0
0.00104412 0
0.00109018 0
0.00113828 0
0.0011885 0
0.00124094 0
0.00129569 0
0.00135285 0
0.00141254 0
0.00147486 0
0.00153993 0
0.00160787 0
0.0016788 0
0.00175287 0
0.00183021 0
0.00191095 0
0.00199526 0
0.00208329 0
0.0021752 105.527
0.00227117 0
0.00237137 0
0.002476 0
0.00258523 0
0.00269929 0
0.00281838 49.6363
0.00294273 0
0.00307256 0
0.00320812 0
0.00334965 0
0.00349744 97.1054
0.00365174 0
0.00381285 80.2429
0.00398107 0
0.00415671 114.885
0.0043401 0
0.00453158 113.344
0.00473151 0
0.00494026 0
0.00515822 0
0.0053858 43.4839
0.00562341 110.151
0.00587151 0
0.00613056 113.427
0.00640103 0
0.00668344 93.8032
0.00697831 81.2612
0.00728618 0
0.00760764 0
0.00794328 114.438
0.00829373 67.7789
0.00865964 86.1887
0.0090417 91.7896
0.00944061 116.361
0.00985712 81.4523
0.010292 105.668
0.0107461 308.878
0.0112202 231.036
0.0117152 58.2411
0.0122321 202.302
0.0127717 0
0.0133352 0
0.0139236 521.556
0.0145378 285.723
0.0151792 422.938
0.0158489 319.485
0.0165482 432.787
0.0172783 497.013
0.0180406 356.136
0.0188365 166.173
0.0196675 421.672
0.0205353 245.743
0.0214412 466.598
0.0223872 477.579
0.0233749 383.862
0.0244062 273.68
0.025483 463.564
0.0266073 544.428
0.0277811 580.505
0.0290068 900.623
0.0302866 459.312
0.0316228 1063.52
0.0330179 906.432
0.0344747 890.695
0.0359956 1433.01
0.0375837 992.182
0.0392419 917.545
0.0409732 1149.52
0.0427809 1163.9
0.0446684 737.132
0.0466391 880.886
0.0486968 1637.05
0.0508452 1824.65
0.0530884 2064.69
0.0554307 1936.35
0.0578762 1335.92
0.0604296 1385.7
0.0630957 2101.91
0.0658795 1903.28
0.068786 1856.04
0.0718208 1898.31
0.0749894 2238.29
0.0782979 2357.91
0.0817523 2030.62
0.0853591 2035.61
0.0891251 2066.17
0.0930572 2344.82
0.0971628 3401.42
0.10145 1483.14
0.105925 1624.89
0.110599 2800.23
0.115478 3330.35
0.120573 3675.94
0.125893 3007.7
0.131447 2827.69
0.137246 3654.13
0.143301 3163.64
0.149624 3538.62
0.156225 3860.6
0.163117 3985.96
0.170314 3098.25
0.177828 3831.53
0.185674 3181.54
0.193865 3629.89
0.202418 4460.77
0.211349 4100.02
0.220673 4211.22
0.230409 4249.69
0.240575 4194.24
0.251189 3922.88
0.262271 2980.33
0.273842 4179.43
0.285924 3652.11
0.298538 3578.44
0.311709 5360.64
0.325462 4576.87
0.339821 4352.81
0.354813 4376.37
0.370467 4784.34
0.386812 4587.52
0.403878 5027.04
0.421697 4084
0.440301 3039.71
0.459727 4498.45
0.48001 4671.31
0.501187 4613.18
0.523299 4363.41
0.546387 3570.68
0.570493 5443.61
0.595662 4939.37
0.621942 4670.33
0.649382 3526.22
0.678032 3664.97
0.707946 3375.66
0.73918 3514.43
0.771792 3979.39
0.805842 4077.09
0.841395 3656.97
0.878517 3863.4
0.917276 3828.54
0.957745 2553.85
1 2479.5
1.04412 2779.02
1.09018 1591.88
1.13828 2804.4
1.1885 2711.36
1.24094 1716.92
1.29569 2574.1
1.35285 1552.89
1.41254 1908.22
1.47486 1791.92
1.53993 1819.77
1.60787 1862.85
1.6788 1539.32
1.75287 1928.47
1.83021 910.624
1.91095 928.491
1.99526 1396.79
2.08329 827.604
2.1752 1117.64
2.27117 506.283
2.37137 641.757
2.476 1024.77
2.58523 1309.79
2.69929 1444.32
2.81838 1109.34
2.94273 1084.17
3.07256 636.086
3.20812 776.86
3.34965 685.258
3.49744 807.471
3.65174 1132.94
3.81285 641.742
3.98107 1033.99
4.15671 796.362
4.3401 816.181
4.53158 437.794
4.73151 974.149
4.94026 779.312
5.15822 646.794
5.3858 956.565
5.62341 504.741
5.87151 303.825
6.13056 536.248
6.40103 868.556
6.68344 304.823
6.97831 815.859
7.28618 566.419
7.60764 402.365
7.94328 516.845
8.29373 533.63
8.65964 317.515
9.0417 441.219
9.44061 411.919
9.85712 581.493
10.292 597.42
10.7461 729.234
11.2202 865.192
11.7152 454.02
12.2321 310.002
12.7717 114.174
13.3352 252.054
13.9236 42.7439
14.5378 412.79
15.1792 432.214
15.8489 174.989
16.5482 582.465
17.2783 341.707
18.0406 213.288
18.8365 143.238
19.6675 485.424
20.5353 224.66
21.4412 237.755
22.3872 336.935
23.3749 763.072
24.4062 348.444
25.483 200.106
26.6073 351.667
27.7811 396.581
29.0068 428.913
30.2866 593.205
31.6228 435.712
33.0179 509.415
34.4747 114.306
35.9956 265.117
37.5837 493.352
39.2419 907.813
40.9732 520.097
42.7809 296.82
44.6684 390.368
46.6391 710.207
48.6968 467.102
50.8452 518.934
53.0884 375.424
55.4307 412.559
57.8762 432.212
60.4296 732.729
63.0957 441.547
65.8795 576.525
68.786 841.765
71.8208 1033.32
74.9894 1059.64
78.2979 948.543
81.7523 601.612
85.3591 710.4
89.1251 773.29
93.0572 619.179
97.1628 1473.17
101.45 1183.47
105.925 840.114
110.599 427.89
115.478 1084.62
120.573 538.909
125.893 495.185
131.447 995.074
137.246 1065.27
143.301 1566.9
149.624 1086.59
156.225 659.306
163.117 667.342
170.314 751.288
177.828 987.51
185.674 605.496
193.865 1300.95
202.418 1060.21
211.349 982.113
220.673 1020.61
230.409 604.216
240.575 353.154
251.189 897.311
262.271 1247.78
273.842 737.767
285.924 776.27
298.538 1221.91
311.709 662.312
325.462 514.171
339.821 0
354.813 712.212
370.467 235.347
386.812 506.835
403.878 353.355
421.697 118.12
440.301 200.293
459.727 187.612
480.01 80.6322
501.187 136.124
523.299 112.333
546.387 98.3832
570.493 112.708
595.662 0
621.942 0
649.382 0
678.032 0
707.946 93.0705
739.18 106.201
771.792 215.933
805.842 96.9575
841.395 0
878.517 0
917.276 92.6446
957.745 0
1000 0
