# First line is two numbers 
#     First value is '2', it means 'histogram mode'
#     Second value is 'Emin' of the histogram
# Other lines : 2 columns. 1) energy 2) probability (nb divided by NbEvent)
# Number of bins = 480
# Content below the first bin: 0
# Content above the last  bin: 0
# Content above the last  bin: 0
# Number of events: 400000
2 1e-06
1.04412e-06 0
1.09018e-06 0
1.13828e-06 0
1.1885e-06 0
1.24094e-06 0
1.29569e-06 0
1.35285e-06 0
1.41254e-06 0
1.47486e-06 0
1.53993e-06 0
1.60787e-06 0
1.6788e-06 0
1.75287e-06 0
1.83021e-06 0
1.91095e-06 0
1.99526e-06 0
2.08329e-06 0
2.1752e-06 0
2.27117e-06 0
2.37137e-06 0
2.476e-06 0
2.58523e-06 0
2.69929e-06 0
2.81838e-06 0
2.94273e-06 0
3.07256e-06 0
3.20812e-06 0
3.34965e-06 0
3.49744e-06 0
3.65174e-06 0
3.81285e-06 0
3.98107e-06 0
4.15671e-06 0
4.3401e-06 0
4.53158e-06 0
4.73151e-06 0
4.94026e-06 0
5.15822e-06 0
5.3858e-06 0
5.62341e-06 0
5.87151e-06 0
6.13056e-06 0
6.40103e-06 0
6.68344e-06 0
6.97831e-06 0
7.28618e-06 0
7.60764e-06 0
7.94328e-06 0
8.29373e-06 0
8.65964e-06 0
9.0417e-06 0
9.44061e-06 0
9.85712e-06 0
1.0292e-05 0
1.07461e-05 0
1.12202e-05 0
1.17152e-05 0
1.22321e-05 0
1.27717e-05 0
1.33352e-05 0
1.39236e-05 0
1.45378e-05 0
1.51792e-05 0
1.58489e-05 0
1.65482e-05 0
1.72783e-05 0
1.80406e-05 0
1.88365e-05 0
1.96675e-05 0
2.05353e-05 0
2.14412e-05 0
2.23872e-05 0
2.33749e-05 0
2.44062e-05 0
2.5483e-05 0
2.66073e-05 0
2.77811e-05 0
2.90068e-05 0
3.02866e-05 0
3.16228e-05 0
3.30179e-05 0
3.44747e-05 0
3.59956e-05 0
3.75837e-05 0
3.92419e-05 0
4.09732e-05 0
4.27809e-05 0
4.46684e-05 0
4.66391e-05 0
4.86968e-05 0
5.08452e-05 0
5.30884e-05 0
5.54307e-05 0
5.78762e-05 0
6.04296e-05 0
6.30957e-05 0
6.58795e-05 0
6.8786e-05 0
7.18208e-05 0
7.49894e-05 0
7.82979e-05 0
8.17523e-05 0
8.53591e-05 0
8.91251e-05 0
9.30572e-05 0
9.71628e-05 0
0.00010145 0
0.000105925 0
0.000110599 0
0.000115478 0
0.000120573 0
0.000125893 0
0.000131447 0
0.000137246 0
0.000143301 0
0.000149624 0
0.000156225 0
0.000163117 0
0.000170314 0
0.000177828 0
0.000185674 0
0.000193865 0
0.000202418 0
0.000211349 0
0.000220673 0
0.000230409 0
0.000240575 0
0.000251189 0
0.000262271 0
0.000273842 0
0.000285924 0
0.000298538 0
0.000311709 0
0.000325462 0
0.000339821 0
0.000354813 0
0.000370467 0
0.000386812 0
0.000403878 0
0.000421697 0
0.000440301 0
0.000459727 0
0.00048001 0
0.000501187 0
0.000523299 0
0.000546387 0
0.000570493 0
0.000595662 0
0.000621942 0
0.000649382 0
0.000678032 0
0.000707946 0
0.00073918 0
0.000771792 0
0.000805842 0
0.000841395 0
0.000878517 0
0.000917276 0
0.000957745 0
0.001 0
0.00104412 0
0.00109018 0
0.00113828 0
0.0011885 0
0.00124094 0
0.00129569 0
0.00135285 0
0.00141254 0
0.00147486 0
0.00153993 0
0.00160787 0
0.0016788 0
0.00175287 0
0.00183021 0
0.00191095 0
0.00199526 0
0.00208329 0
0.0021752 0
0.00227117 0
0.00237137 0
0.002476 0
0.00258523 99.8011
0.00269929 58.2485
0.00281838 0
0.00294273 0
0.00307256 0
0.00320812 0
0.00334965 0
0.00349744 0
0.00365174 0
0.00381285 0
0.00398107 0
0.00415671 0
0.0043401 0
0.00453158 0
0.00473151 0
0.00494026 0
0.00515822 0
0.0053858 0
0.00562341 0
0.00587151 78.672
0.00613056 0
0.00640103 0
0.00668344 0
0.00697831 0
0.00728618 0
0.00760764 0
0.00794328 0
0.00829373 0
0.00865964 0
0.0090417 0
0.00944061 0
0.00985712 0
0.010292 0
0.0107461 94.8453
0.0112202 0
0.0117152 0
0.0122321 0
0.0127717 0
0.0133352 0
0.0139236 0
0.0145378 0
0.0151792 119.846
0.0158489 0
0.0165482 0
0.0172783 0
0.0180406 0
0.0188365 0
0.0196675 0
0.0205353 0
0.0214412 0
0.0223872 0
0.0233749 116.686
0.0244062 222.946
0.025483 50.1444
0.0266073 82.7613
0.0277811 0
0.0290068 0
0.0302866 0
0.0316228 89.469
0.0330179 0
0.0344747 0
0.0359956 92.9499
0.0375837 0
0.0392419 0
0.0409732 0
0.0427809 85.2559
0.0446684 0
0.0466391 0
0.0486968 0
0.0508452 0
0.0530884 0
0.0554307 0
0.0578762 0
0.0604296 72.9611
0.0630957 0
0.0658795 272.795
0.068786 246.424
0.0718208 442.766
0.0749894 378.728
0.0782979 0
0.0817523 451.03
0.0853591 733.125
0.0891251 0
0.0930572 187.257
0.0971628 85.1869
0.10145 185.937
0.105925 0
0.110599 230.716
0.115478 38.4807
0.120573 140.05
0.125893 202.563
0.131447 169.934
0.137246 643.341
0.143301 275.213
0.149624 0
0.156225 269.53
0.163117 192.102
0.170314 767.12
0.177828 169.482
0.185674 488.699
0.193865 249.912
0.202418 275.939
0.211349 378.9
0.220673 719.734
0.230409 708.741
0.240575 341.065
0.251189 236.075
0.262271 325.217
0.273842 568.151
0.285924 474.617
0.298538 424.159
0.311709 2341.79
0.325462 606.362
0.339821 419.913
0.354813 1321.48
0.370467 259.494
0.386812 1699.05
0.403878 87.9393
0.421697 289.57
0.440301 546.682
0.459727 452.719
0.48001 1030.72
0.501187 923.065
0.523299 841.145
0.546387 1111.67
0.570493 362.88
0.595662 982.098
0.621942 1845.45
0.649382 2686.29
0.678032 1073.44
0.707946 1748.34
0.73918 1073.24
0.771792 1182.19
0.805842 1239.13
0.841395 887.346
0.878517 704.412
0.917276 1713.09
0.957745 1524.1
1 1079.59
1.04412 1113.73
1.09018 901.609
1.13828 1130.05
1.1885 973.053
1.24094 957.293
1.29569 1080.78
1.35285 823.371
1.41254 900.039
1.47486 682.003
1.53993 695.31
1.60787 649.163
1.6788 859.336
1.75287 1075.92
1.83021 742.634
1.91095 772.845
1.99526 1048.1
2.08329 842.875
2.1752 863.737
2.27117 1123.22
2.37137 396.137
2.476 685.895
2.58523 515.876
2.69929 426.906
2.81838 236.127
2.94273 424.733
3.07256 389.476
3.20812 252.022
3.34965 236.562
3.49744 188.871
3.65174 388.574
3.81285 220.481
3.98107 494.201
4.15671 169.73
4.3401 501.565
4.53158 598.09
4.73151 91.0965
4.94026 473.078
5.15822 270.327
5.3858 445.824
5.62341 248.811
5.87151 573.605
6.13056 384.493
6.40103 403.371
6.68344 417.345
6.97831 285.392
7.28618 180.844
7.60764 183.741
7.94328 299.4
8.29373 385.32
8.65964 290.948
9.0417 439.472
9.44061 293.194
9.85712 94.3569
10.292 145.601
10.7461 78.2288
11.2202 319.037
11.7152 210.108
12.2321 158.968
12.7717 168.016
13.3352 137.037
13.9236 239.074
14.5378 547.729
15.1792 483.516
15.8489 424.428
16.5482 447.703
17.2783 37.7713
18.0406 373.867
18.8365 571.024
19.6675 357.141
20.5353 248.571
21.4412 517.844
22.3872 287.949
23.3749 310.724
24.4062 400.069
25.483 265.507
26.6073 307.467
27.7811 377.578
29.0068 474.111
30.2866 379.246
31.6228 740.107
33.0179 380.251
34.4747 41.3859
35.9956 744.191
37.5837 727.04
39.2419 237.331
40.9732 268.119
42.7809 263.345
44.6684 931.301
46.6391 688.732
48.6968 749.549
50.8452 502.479
53.0884 810.436
55.4307 878.519
57.8762 244.938
60.4296 1078.41
63.0957 763.185
65.8795 1500.04
68.786 855.103
71.8208 224.899
74.9894 895.075
78.2979 1177.53
81.7523 813.42
85.3591 797.69
89.1251 689.24
93.0572 1220.26
97.1628 1158.75
101.45 864.196
105.925 1021.27
110.599 692.045
115.478 1085.15
120.573 1210.27
125.893 945.667
131.447 1347
137.246 1684.99
143.301 2367.25
149.624 1093
156.225 1202.09
163.117 1681.31
170.314 1526.73
177.828 842.709
185.674 1189.97
193.865 1185.39
202.418 2028.02
211.349 1102.19
220.673 1522.3
230.409 846.359
240.575 1243.84
251.189 1322.09
262.271 987.882
273.842 1209.17
285.924 1366.77
298.538 1453.72
311.709 801.738
325.462 397.028
339.821 528.627
354.813 469.866
370.467 190.425
386.812 543.621
403.878 359.046
421.697 289.761
440.301 95.0168
459.727 273.938
480.01 186.626
501.187 0
523.299 0
546.387 73.6401
570.493 0
595.662 0
621.942 0
649.382 0
678.032 0
707.946 0
739.18 0
771.792 0
805.842 0
841.395 0
878.517 0
917.276 0
957.745 0
1000 0
