# First line is two numbers 
#     First value is '2', it means 'histogram mode'
#     Second value is 'Emin' of the histogram
# Other lines : 2 columns. 1) energy 2) probability (nb divided by NbEvent)
# Number of bins = 480
# Content below the first bin: 0
# Content above the last  bin: 0
# Content above the last  bin: 0
# Number of events: 400000
2 1e-06
1.04412e-06 0
1.09018e-06 0
1.13828e-06 0
1.1885e-06 0
1.24094e-06 0
1.29569e-06 0
1.35285e-06 0
1.41254e-06 0
1.47486e-06 0
1.53993e-06 0
1.60787e-06 0
1.6788e-06 0
1.75287e-06 0
1.83021e-06 0
1.91095e-06 0
1.99526e-06 0
2.08329e-06 0
2.1752e-06 0
2.27117e-06 0
2.37137e-06 0
2.476e-06 0
2.58523e-06 0
2.69929e-06 0
2.81838e-06 0
2.94273e-06 0
3.07256e-06 0
3.20812e-06 0
3.34965e-06 0
3.49744e-06 0
3.65174e-06 0
3.81285e-06 0
3.98107e-06 0
4.15671e-06 0
4.3401e-06 0
4.53158e-06 0
4.73151e-06 0
4.94026e-06 0
5.15822e-06 0
5.3858e-06 0
5.62341e-06 0
5.87151e-06 0
6.13056e-06 0
6.40103e-06 0
6.68344e-06 0
6.97831e-06 0
7.28618e-06 0
7.60764e-06 0
7.94328e-06 0
8.29373e-06 0
8.65964e-06 0
9.0417e-06 0
9.44061e-06 0
9.85712e-06 0
1.0292e-05 0
1.07461e-05 0
1.12202e-05 0
1.17152e-05 0
1.22321e-05 0
1.27717e-05 0
1.33352e-05 0
1.39236e-05 0
1.45378e-05 0
1.51792e-05 0
1.58489e-05 0
1.65482e-05 0
1.72783e-05 0
1.80406e-05 0
1.88365e-05 0
1.96675e-05 0
2.05353e-05 0
2.14412e-05 0
2.23872e-05 0
2.33749e-05 0
2.44062e-05 0
2.5483e-05 0
2.66073e-05 0
2.77811e-05 0
2.90068e-05 0
3.02866e-05 0
3.16228e-05 0
3.30179e-05 0
3.44747e-05 0
3.59956e-05 0
3.75837e-05 0
3.92419e-05 0
4.09732e-05 0
4.27809e-05 0
4.46684e-05 0
4.66391e-05 0
4.86968e-05 0
5.08452e-05 0
5.30884e-05 0
5.54307e-05 0
5.78762e-05 0
6.04296e-05 0
6.30957e-05 0
6.58795e-05 0
6.8786e-05 0
7.18208e-05 0
7.49894e-05 0
7.82979e-05 0
8.17523e-05 0
8.53591e-05 0
8.91251e-05 0
9.30572e-05 0
9.71628e-05 0
0.00010145 0
0.000105925 0
0.000110599 0
0.000115478 0
0.000120573 0
0.000125893 0
0.000131447 0
0.000137246 0
0.000143301 0
0.000149624 0
0.000156225 0
0.000163117 0
0.000170314 0
0.000177828 0
0.000185674 0
0.000193865 0
0.000202418 0
0.000211349 0
0.000220673 0
0.000230409 0
0.000240575 0
0.000251189 0
0.000262271 0
0.000273842 0
0.000285924 0
0.000298538 0
0.000311709 0
0.000325462 0
0.000339821 0
0.000354813 0
0.000370467 0
0.000386812 0
0.000403878 0
0.000421697 0
0.000440301 0
0.000459727 0
0.00048001 0
0.000501187 0
0.000523299 0
0.000546387 0
0.000570493 0
0.000595662 0
0.000621942 0
0.000649382 0
0.000678032 0
0.000707946 0
0.00073918 0
0.000771792 0
0.000805842 0
0.000841395 0
0.000878517 0
0.000917276 0
0.000957745 0
0.001 0
0.00104412 0
0.00109018 0
0.00113828 0
0.0011885 0
0.00124094 0
0.00129569 0
0.00135285 0
0.00141254 0
0.00147486 0
0.00153993 0
0.00160787 0
0.0016788 0
0.00175287 0
0.00183021 0
0.00191095 0
0.00199526 0
0.00208329 0
0.0021752 0
0.00227117 0
0.00237137 0
0.002476 0
0.00258523 0
0.00269929 0
0.00281838 0
0.00294273 0
0.00307256 0
0.00320812 90.9385
0.00334965 0
0.00349744 0
0.00365174 0
0.00381285 69.4507
0.00398107 57.1503
0.00415671 0
0.0043401 0
0.00453158 0
0.00473151 0
0.00494026 0
0.00515822 0
0.0053858 95.5237
0.00562341 0
0.00587151 0
0.00613056 0
0.00640103 0
0.00668344 0
0.00697831 0
0.00728618 0
0.00760764 0
0.00794328 0
0.00829373 0
0.00865964 0
0.0090417 0
0.00944061 0
0.00985712 0
0.010292 0
0.0107461 0
0.0112202 0
0.0117152 0
0.0122321 0
0.0127717 0
0.0133352 0
0.0139236 0
0.0145378 0
0.0151792 0
0.0158489 0
0.0165482 0
0.0172783 0
0.0180406 0
0.0188365 0
0.0196675 0
0.0205353 43.4976
0.0214412 0
0.0223872 113.176
0.0233749 141.965
0.0244062 355.329
0.025483 279.655
0.0266073 68.3931
0.0277811 0
0.0290068 0
0.0302866 0
0.0316228 0
0.0330179 0
0.0344747 0
0.0359956 0
0.0375837 90.1003
0.0392419 0
0.0409732 42.8193
0.0427809 0
0.0446684 0
0.0466391 87.7068
0.0486968 17.2999
0.0508452 0
0.0530884 0
0.0554307 0
0.0578762 123.924
0.0604296 89.3728
0.0630957 94.1094
0.0658795 190.225
0.068786 28.9529
0.0718208 110.799
0.0749894 0
0.0782979 117.259
0.0817523 211.119
0.0853591 161.154
0.0891251 0
0.0930572 170.342
0.0971628 94.3696
0.10145 112.074
0.105925 119.766
0.110599 160.922
0.115478 0
0.120573 161.825
0.125893 445.51
0.131447 432.529
0.137246 955.166
0.143301 329.172
0.149624 136.521
0.156225 175.907
0.163117 180.579
0.170314 833.677
0.177828 235.187
0.185674 1017
0.193865 29.368
0.202418 0
0.211349 0
0.220673 765.563
0.230409 525.034
0.240575 551.218
0.251189 580.931
0.262271 683.255
0.273842 1353.2
0.285924 359.14
0.298538 945.517
0.311709 1356.09
0.325462 1006.2
0.339821 585.135
0.354813 1167.35
0.370467 457.06
0.386812 1196.93
0.403878 768.452
0.421697 368.008
0.440301 455.961
0.459727 841.257
0.48001 376.638
0.501187 971.534
0.523299 315.989
0.546387 681.365
0.570493 948.637
0.595662 1019.73
0.621942 2394.85
0.649382 2435.46
0.678032 1608.9
0.707946 2027.96
0.73918 681.144
0.771792 1538.8
0.805842 805.492
0.841395 1639.74
0.878517 883.497
0.917276 963.299
0.957745 1667.56
1 1822.5
1.04412 1205.34
1.09018 698.649
1.13828 1301.9
1.1885 1041.18
1.24094 1099.17
1.29569 844.837
1.35285 1158.53
1.41254 814.208
1.47486 891.94
1.53993 998.696
1.60787 841.266
1.6788 643.012
1.75287 982.892
1.83021 1041.61
1.91095 403.423
1.99526 634.891
2.08329 1205.25
2.1752 992.597
2.27117 542.308
2.37137 481.063
2.476 247.091
2.58523 494.08
2.69929 409.987
2.81838 326.466
2.94273 606.713
3.07256 558.938
3.20812 631.493
3.34965 260.671
3.49744 404.088
3.65174 279.656
3.81285 367.367
3.98107 157.727
4.15671 318.955
4.3401 385.688
4.53158 461.288
4.73151 281.724
4.94026 91.5512
5.15822 581.648
5.3858 115.415
5.62341 232.699
5.87151 374.913
6.13056 269.657
6.40103 249.486
6.68344 223.922
6.97831 394.407
7.28618 325.915
7.60764 374.508
7.94328 387.108
8.29373 74.7767
8.65964 524.776
9.0417 360.788
9.44061 210.61
9.85712 403.459
10.292 214.84
10.7461 401.839
11.2202 69.5216
11.7152 258.902
12.2321 239.613
12.7717 167.448
13.3352 321.544
13.9236 40.4164
14.5378 258.752
15.1792 372.15
15.8489 70.4213
16.5482 284.155
17.2783 322.297
18.0406 166.672
18.8365 518.992
19.6675 275.311
20.5353 107.002
21.4412 130.574
22.3872 264.851
23.3749 223.365
24.4062 419.334
25.483 380.786
26.6073 257.874
27.7811 743.584
29.0068 525.772
30.2866 542.552
31.6228 896.241
33.0179 516.863
34.4747 390.043
35.9956 620.153
37.5837 324.471
39.2419 466.465
40.9732 585.687
42.7809 198.696
44.6684 234.167
46.6391 937.406
48.6968 750.81
50.8452 505.558
53.0884 224.768
55.4307 313.316
57.8762 316.908
60.4296 992.134
63.0957 274.503
65.8795 869.537
68.786 660.049
71.8208 491.004
74.9894 740.217
78.2979 1160.15
81.7523 1031.07
85.3591 668.277
89.1251 1442.56
93.0572 926.896
97.1628 947.974
101.45 1365.37
105.925 1112.2
110.599 1332.06
115.478 699.633
120.573 1145.33
125.893 1482.61
131.447 1146.44
137.246 728.559
143.301 1276.71
149.624 1445.45
156.225 1621.12
163.117 1292.52
170.314 1446.7
177.828 805.179
185.674 1087.17
193.865 1965.2
202.418 1117.51
211.349 1326.88
220.673 1051.87
230.409 1286.28
240.575 1480.09
251.189 1357.11
262.271 1808.78
273.842 981.921
285.924 933.964
298.538 853.05
311.709 748.764
325.462 260.219
339.821 520.002
354.813 778.193
370.467 314.406
386.812 233.178
403.878 371.633
421.697 49.6657
440.301 108.69
459.727 155.294
480.01 0
501.187 0
523.299 0
546.387 178.642
570.493 96.3907
595.662 114.165
621.942 83.8766
649.382 0
678.032 0
707.946 61.1688
739.18 0
771.792 0
805.842 0
841.395 0
878.517 0
917.276 0
957.745 0
1000 0
