# First line is two numbers 
#     First value is '2', it means 'histogram mode'
#     Second value is 'Emin' of the histogram
# Other lines : 2 columns. 1) energy 2) probability (nb divided by NbEvent)
# Number of bins = 480
# Content below the first bin: 0
# Content above the last  bin: 0
# Content above the last  bin: 0
# Number of events: 400000
2 1e-06
1.04412e-06 0
1.09018e-06 0
1.13828e-06 0
1.1885e-06 0
1.24094e-06 0
1.29569e-06 0
1.35285e-06 0
1.41254e-06 0
1.47486e-06 0
1.53993e-06 0
1.60787e-06 0
1.6788e-06 0
1.75287e-06 0
1.83021e-06 0
1.91095e-06 0
1.99526e-06 0
2.08329e-06 0
2.1752e-06 0
2.27117e-06 0
2.37137e-06 0
2.476e-06 0
2.58523e-06 0
2.69929e-06 0
2.81838e-06 0
2.94273e-06 0
3.07256e-06 0
3.20812e-06 0
3.34965e-06 0
3.49744e-06 0
3.65174e-06 0
3.81285e-06 0
3.98107e-06 0
4.15671e-06 0
4.3401e-06 0
4.53158e-06 0
4.73151e-06 0
4.94026e-06 0
5.15822e-06 0
5.3858e-06 0
5.62341e-06 0
5.87151e-06 0
6.13056e-06 0
6.40103e-06 0
6.68344e-06 0
6.97831e-06 0
7.28618e-06 0
7.60764e-06 0
7.94328e-06 0
8.29373e-06 0
8.65964e-06 0
9.0417e-06 0
9.44061e-06 0
9.85712e-06 0
1.0292e-05 0
1.07461e-05 0
1.12202e-05 0
1.17152e-05 0
1.22321e-05 0
1.27717e-05 0
1.33352e-05 0
1.39236e-05 0
1.45378e-05 0
1.51792e-05 0
1.58489e-05 0
1.65482e-05 0
1.72783e-05 0
1.80406e-05 0
1.88365e-05 0
1.96675e-05 0
2.05353e-05 0
2.14412e-05 0
2.23872e-05 0
2.33749e-05 0
2.44062e-05 0
2.5483e-05 0
2.66073e-05 0
2.77811e-05 0
2.90068e-05 0
3.02866e-05 0
3.16228e-05 0
3.30179e-05 0
3.44747e-05 0
3.59956e-05 0
3.75837e-05 0
3.92419e-05 0
4.09732e-05 0
4.27809e-05 0
4.46684e-05 0
4.66391e-05 0
4.86968e-05 0
5.08452e-05 0
5.30884e-05 0
5.54307e-05 0
5.78762e-05 0
6.04296e-05 0
6.30957e-05 0
6.58795e-05 0
6.8786e-05 0
7.18208e-05 0
7.49894e-05 0
7.82979e-05 0
8.17523e-05 0
8.53591e-05 0
8.91251e-05 0
9.30572e-05 0
9.71628e-05 0
0.00010145 0
0.000105925 0
0.000110599 0
0.000115478 94.5934
0.000120573 0
0.000125893 0
0.000131447 0
0.000137246 0
0.000143301 0
0.000149624 0
0.000156225 0
0.000163117 0
0.000170314 0
0.000177828 0
0.000185674 0
0.000193865 0
0.000202418 0
0.000211349 0
0.000220673 0
0.000230409 0
0.000240575 0
0.000251189 0
0.000262271 0
0.000273842 0
0.000285924 0
0.000298538 0
0.000311709 0
0.000325462 0
0.000339821 0
0.000354813 0
0.000370467 0
0.000386812 0
0.000403878 0
0.000421697 0
0.000440301 0
0.000459727 0
0.00048001 0
0.000501187 0
0.000523299 0
0.000546387 0
0.000570493 0
0.000595662 0
0.000621942 0
0.000649382 0
0.000678032 0
0.000707946 0
0.00073918 0
0.000771792 0
0.000805842 0
0.000841395 0
0.000878517 0
0.000917276 0
0.000957745 0
0.001 0
0.00104412 0
0.00109018 0
0.00113828 54.8808
0.0011885 0
0.00124094 0
0.00129569 0
0.00135285 0
0.00141254 0
0.00147486 0
0.00153993 0
0.00160787 0
0.0016788 0
0.00175287 0
0.00183021 0
0.00191095 0
0.00199526 0
0.00208329 0
0.0021752 0
0.00227117 0
0.00237137 0
0.002476 0
0.00258523 0
0.00269929 0
0.00281838 0
0.00294273 0
0.00307256 0
0.00320812 0
0.00334965 0
0.00349744 0
0.00365174 0
0.00381285 0
0.00398107 0
0.00415671 0
0.0043401 0
0.00453158 0
0.00473151 0
0.00494026 0
0.00515822 0
0.0053858 0
0.00562341 0
0.00587151 0
0.00613056 0
0.00640103 0
0.00668344 0
0.00697831 0
0.00728618 0
0.00760764 0
0.00794328 18.0579
0.00829373 0
0.00865964 0
0.0090417 0
0.00944061 0
0.00985712 0
0.010292 0
0.0107461 0
0.0112202 0
0.0117152 0
0.0122321 0
0.0127717 0
0.0133352 0
0.0139236 0
0.0145378 0
0.0151792 0
0.0158489 4.74675
0.0165482 0
0.0172783 0
0.0180406 0
0.0188365 83.1195
0.0196675 80.9914
0.0205353 0
0.0214412 62.2492
0.0223872 83.7968
0.0233749 0
0.0244062 87.8668
0.025483 175.919
0.0266073 133.612
0.0277811 0
0.0290068 0
0.0302866 0
0.0316228 0
0.0330179 76.6342
0.0344747 0
0.0359956 115.776
0.0375837 0
0.0392419 186.302
0.0409732 198.637
0.0427809 0
0.0446684 0
0.0466391 0
0.0486968 104.513
0.0508452 112.579
0.0530884 91.5354
0.0554307 0
0.0578762 0
0.0604296 80.865
0.0630957 0
0.0658795 106.485
0.068786 110.625
0.0718208 263.278
0.0749894 0
0.0782979 0
0.0817523 168.939
0.0853591 203.158
0.0891251 82.204
0.0930572 0
0.0971628 180.868
0.10145 194.857
0.105925 154.942
0.110599 244.527
0.115478 240.26
0.120573 384.638
0.125893 375.567
0.131447 69.7331
0.137246 305.265
0.143301 388.639
0.149624 229.35
0.156225 377.634
0.163117 108.839
0.170314 507.742
0.177828 217.188
0.185674 1075.39
0.193865 200.342
0.202418 140.203
0.211349 350.35
0.220673 513.381
0.230409 166.982
0.240575 607.438
0.251189 264.499
0.262271 673.382
0.273842 1176.35
0.285924 299.023
0.298538 565.13
0.311709 1348.34
0.325462 642.338
0.339821 756.303
0.354813 1892.63
0.370467 526.793
0.386812 1666.7
0.403878 539.285
0.421697 260.689
0.440301 902.105
0.459727 477.449
0.48001 1023.08
0.501187 978.236
0.523299 1086.88
0.546387 790.1
0.570493 797.076
0.595662 1022.18
0.621942 2535.17
0.649382 2719.15
0.678032 1427.64
0.707946 1496.86
0.73918 872.091
0.771792 944.21
0.805842 920.749
0.841395 1454.52
0.878517 848.006
0.917276 1501.26
0.957745 1637.28
1 981.404
1.04412 1252.39
1.09018 344.331
1.13828 1765.53
1.1885 1436.94
1.24094 1129.45
1.29569 808.43
1.35285 874.159
1.41254 796.657
1.47486 730.31
1.53993 1249.6
1.60787 1024.86
1.6788 826.745
1.75287 1286.3
1.83021 989.829
1.91095 549.852
1.99526 387.365
2.08329 345.598
2.1752 583.462
2.27117 413.537
2.37137 531.29
2.476 748.085
2.58523 781.935
2.69929 792.725
2.81838 567.888
2.94273 603.335
3.07256 657.651
3.20812 560.863
3.34965 209.686
3.49744 397.391
3.65174 494.243
3.81285 264.658
3.98107 732.609
4.15671 496.071
4.3401 510.557
4.53158 339.376
4.73151 434.921
4.94026 433.162
5.15822 521.598
5.3858 298.885
5.62341 160.467
5.87151 557.758
6.13056 433.54
6.40103 158.292
6.68344 207.509
6.97831 48.4468
7.28618 570.381
7.60764 301.936
7.94328 175.272
8.29373 0
8.65964 151.856
9.0417 358.333
9.44061 340.01
9.85712 457.737
10.292 187.924
10.7461 399.71
11.2202 102.272
11.7152 273.8
12.2321 222.13
12.7717 237.093
13.3352 444.523
13.9236 321.774
14.5378 422.914
15.1792 273.096
15.8489 378.579
16.5482 277.562
17.2783 230.866
18.0406 186.191
18.8365 641.913
19.6675 299.328
20.5353 480.081
21.4412 246.565
22.3872 53.1994
23.3749 453.102
24.4062 104.295
25.483 268.659
26.6073 196.782
27.7811 278.981
29.0068 557
30.2866 709.188
31.6228 417.867
33.0179 226.462
34.4747 564.019
35.9956 284.676
37.5837 718.475
39.2419 246.122
40.9732 227.878
42.7809 1072.95
44.6684 432.55
46.6391 544.175
48.6968 394.857
50.8452 619.755
53.0884 704.988
55.4307 872.182
57.8762 413.193
60.4296 1181.71
63.0957 846.652
65.8795 695.151
68.786 1268.38
71.8208 702.484
74.9894 760.736
78.2979 864.199
81.7523 460.394
85.3591 725.409
89.1251 627.767
93.0572 897.445
97.1628 932.511
101.45 934.176
105.925 642.792
110.599 280.082
115.478 1314.03
120.573 935.208
125.893 923.978
131.447 1005.23
137.246 1528.75
143.301 1393.31
149.624 1193.36
156.225 1277.8
163.117 906.72
170.314 1371.65
177.828 1402.28
185.674 1106.96
193.865 977.997
202.418 1754.67
211.349 934.219
220.673 1364.13
230.409 2117.13
240.575 831.911
251.189 1280.4
262.271 1530.1
273.842 1546.98
285.924 998.847
298.538 1040.37
311.709 1052.83
325.462 586.879
339.821 378.135
354.813 59.7816
370.467 332.921
386.812 221.355
403.878 325.036
421.697 242.595
440.301 192.7
459.727 202.448
480.01 86.3283
501.187 315.527
523.299 3.84144
546.387 191.122
570.493 277.33
595.662 68.1954
621.942 0
649.382 42.354
678.032 0
707.946 0
739.18 0
771.792 0
805.842 0
841.395 0
878.517 0
917.276 0
957.745 0
1000 0
