# First line is two numbers 
#     First value is '2', it means 'histogram mode'
#     Second value is 'Emin' of the histogram
# Other lines : 2 columns. 1) energy 2) probability (nb divided by NbEvent)
# Number of bins = 480
# Content below the first bin: 0
# Content above the last  bin: 0
# Content above the last  bin: 0
# Number of events: 209000
2 1e-06
1.04412e-06 0
1.09018e-06 0
1.13828e-06 0
1.1885e-06 0
1.24094e-06 0
1.29569e-06 0
1.35285e-06 0
1.41254e-06 0
1.47486e-06 0
1.53993e-06 0
1.60787e-06 0
1.6788e-06 0
1.75287e-06 0
1.83021e-06 0
1.91095e-06 0
1.99526e-06 0
2.08329e-06 0
2.1752e-06 0
2.27117e-06 0
2.37137e-06 0
2.476e-06 0
2.58523e-06 0
2.69929e-06 0
2.81838e-06 0
2.94273e-06 0
3.07256e-06 0
3.20812e-06 0
3.34965e-06 0
3.49744e-06 0
3.65174e-06 0
3.81285e-06 0
3.98107e-06 0
4.15671e-06 0
4.3401e-06 0
4.53158e-06 0
4.73151e-06 0
4.94026e-06 0
5.15822e-06 0
5.3858e-06 0
5.62341e-06 0
5.87151e-06 0
6.13056e-06 0
6.40103e-06 0
6.68344e-06 0
6.97831e-06 0
7.28618e-06 0
7.60764e-06 0
7.94328e-06 0
8.29373e-06 0
8.65964e-06 0
9.0417e-06 0
9.44061e-06 0
9.85712e-06 0
1.0292e-05 0
1.07461e-05 0
1.12202e-05 0
1.17152e-05 0
1.22321e-05 0
1.27717e-05 0
1.33352e-05 0
1.39236e-05 0
1.45378e-05 0
1.51792e-05 0
1.58489e-05 0
1.65482e-05 0
1.72783e-05 0
1.80406e-05 0
1.88365e-05 0
1.96675e-05 0
2.05353e-05 0
2.14412e-05 0
2.23872e-05 0
2.33749e-05 0
2.44062e-05 0
2.5483e-05 0
2.66073e-05 0
2.77811e-05 0
2.90068e-05 0
3.02866e-05 0
3.16228e-05 0
3.30179e-05 0
3.44747e-05 0
3.59956e-05 0
3.75837e-05 0
3.92419e-05 0
4.09732e-05 0
4.27809e-05 0
4.46684e-05 0
4.66391e-05 0
4.86968e-05 0
5.08452e-05 0
5.30884e-05 0
5.54307e-05 0
5.78762e-05 0
6.04296e-05 0
6.30957e-05 0
6.58795e-05 0
6.8786e-05 0
7.18208e-05 0
7.49894e-05 0
7.82979e-05 0
8.17523e-05 0
8.53591e-05 0
8.91251e-05 0
9.30572e-05 0
9.71628e-05 0
0.00010145 0
0.000105925 0
0.000110599 0
0.000115478 0
0.000120573 0
0.000125893 0
0.000131447 0
0.000137246 0
0.000143301 0
0.000149624 0
0.000156225 0
0.000163117 0
0.000170314 0
0.000177828 0
0.000185674 0
0.000193865 0
0.000202418 0
0.000211349 0
0.000220673 0
0.000230409 0
0.000240575 0
0.000251189 0
0.000262271 0
0.000273842 0
0.000285924 0
0.000298538 0
0.000311709 0
0.000325462 0
0.000339821 0
0.000354813 0
0.000370467 0
0.000386812 0
0.000403878 0
0.000421697 0
0.000440301 0
0.000459727 0
0.00048001 0
0.000501187 0
0.000523299 0
0.000546387 0
0.000570493 0
0.000595662 0
0.000621942 0
0.000649382 0
0.000678032 0
0.000707946 0
0.00073918 0
0.000771792 0
0.000805842 0
0.000841395 0
0.000878517 0
0.000917276 0
0.000957745 0
0.001 0
0.00104412 0
0.00109018 0
0.00113828 0
0.0011885 0
0.00124094 0
0.00129569 0
0.00135285 0
0.00141254 0
0.00147486 0
0.00153993 0
0.00160787 0
0.0016788 0
0.00175287 0
0.00183021 0
0.00191095 0
0.00199526 0
0.00208329 0
0.0021752 0
0.00227117 0
0.00237137 0
0.002476 0
0.00258523 0
0.00269929 0
0.00281838 0
0.00294273 0
0.00307256 0
0.00320812 0
0.00334965 0
0.00349744 0
0.00365174 0
0.00381285 0
0.00398107 0
0.00415671 0
0.0043401 0
0.00453158 0
0.00473151 0
0.00494026 0
0.00515822 0
0.0053858 0
0.00562341 0
0.00587151 0
0.00613056 0
0.00640103 0
0.00668344 0
0.00697831 0
0.00728618 0
0.00760764 0
0.00794328 0
0.00829373 0
0.00865964 0
0.0090417 0
0.00944061 0
0.00985712 0
0.010292 0
0.0107461 0
0.0112202 0
0.0117152 0
0.0122321 0
0.0127717 0
0.0133352 0
0.0139236 0
0.0145378 0
0.0151792 0
0.0158489 0
0.0165482 0
0.0172783 0
0.0180406 0
0.0188365 0
0.0196675 0
0.0205353 0
0.0214412 0
0.0223872 0
0.0233749 0
0.0244062 0
0.025483 108.066
0.0266073 0
0.0277811 0
0.0290068 19.9134
0.0302866 81.5434
0.0316228 0
0.0330179 107.218
0.0344747 0
0.0359956 0
0.0375837 0
0.0392419 95.0663
0.0409732 52.6485
0.0427809 47.7701
0.0446684 0
0.0466391 0
0.0486968 0
0.0508452 22.798
0.0530884 86.9973
0.0554307 0
0.0578762 75.3562
0.0604296 105.985
0.0630957 0
0.0658795 0
0.068786 0
0.0718208 0
0.0749894 146.342
0.0782979 114.009
0.0817523 0
0.0853591 0
0.0891251 0
0.0930572 0
0.0971628 55.6219
0.10145 43.2603
0.105925 159.538
0.110599 0
0.115478 72.6782
0.120573 116.706
0.125893 0
0.131447 104.271
0.137246 0
0.143301 89.1304
0.149624 197.381
0.156225 172.128
0.163117 107.591
0.170314 100.421
0.177828 355.185
0.185674 0
0.193865 230.381
0.202418 0
0.211349 95.5888
0.220673 253.789
0.230409 235.814
0.240575 0
0.251189 99.5983
0.262271 61.1725
0.273842 0
0.285924 155.673
0.298538 91.7294
0.311709 105.363
0.325462 0
0.339821 106.085
0.354813 207.557
0.370467 221.73
0.386812 275.938
0.403878 66.0708
0.421697 280.797
0.440301 180.581
0.459727 0
0.48001 0
0.501187 112.151
0.523299 174.642
0.546387 110.209
0.570493 389.038
0.595662 117.674
0.621942 295.951
0.649382 120.202
0.678032 162.759
0.707946 0
0.73918 302.322
0.771792 38.2826
0.805842 0
0.841395 49.347
0.878517 48.482
0.917276 102.528
0.957745 161.41
1 37.7911
1.04412 0
1.09018 66.1748
1.13828 0
1.1885 0
1.24094 91.1674
1.29569 145.893
1.35285 0
1.41254 0
1.47486 0
1.53993 80.1519
1.60787 0
1.6788 114.335
1.75287 184.44
1.83021 0
1.91095 0
1.99526 0
2.08329 0
2.1752 0
2.27117 0
2.37137 0
2.476 89.2521
2.58523 66.0986
2.69929 0
2.81838 0
2.94273 0
3.07256 0
3.20812 0
3.34965 84.7782
3.49744 161.79
3.65174 0
3.81285 0
3.98107 0
4.15671 0
4.3401 188.68
4.53158 92.373
4.73151 0
4.94026 67.551
5.15822 0
5.3858 0
5.62341 0
5.87151 0
6.13056 165.884
6.40103 0
6.68344 106.941
6.97831 118.019
7.28618 0
7.60764 0
7.94328 0
8.29373 58.9872
8.65964 0
9.0417 103.142
9.44061 0
9.85712 0
10.292 0
10.7461 164.074
11.2202 0
11.7152 0
12.2321 0
12.7717 0
13.3352 0
13.9236 37.7901
14.5378 66.7482
15.1792 0
15.8489 71.67
16.5482 0
17.2783 0
18.0406 0
18.8365 0
19.6675 0
20.5353 0
21.4412 0
22.3872 97.4754
23.3749 72.0376
24.4062 81.4718
25.483 0
26.6073 0
27.7811 0
29.0068 119.687
30.2866 110.173
31.6228 0
33.0179 0
34.4747 93.1509
35.9956 0
37.5837 60.6944
39.2419 0
40.9732 84.4411
42.7809 0
44.6684 64.9086
46.6391 36.0139
48.6968 10.1189
50.8452 0
53.0884 0
55.4307 0
57.8762 98.4517
60.4296 37.268
63.0957 0
65.8795 114.691
68.786 0
71.8208 0
74.9894 58.4302
78.2979 201.183
81.7523 34.3472
85.3591 200.44
89.1251 110.046
93.0572 0
97.1628 96.098
101.45 0
105.925 83.0446
110.599 0
115.478 0
120.573 0
125.893 0
131.447 0
137.246 0
143.301 0
149.624 78.5857
156.225 0
163.117 0
170.314 0
177.828 0
185.674 96.1361
193.865 0
202.418 0
211.349 0
220.673 0
230.409 0
240.575 0
251.189 0
262.271 0
273.842 0
285.924 0
298.538 0
311.709 81.2226
325.462 0
339.821 0
354.813 0
370.467 0
386.812 0
403.878 0
421.697 0
440.301 0
459.727 0
480.01 0
501.187 0
523.299 0
546.387 0
570.493 0
595.662 0
621.942 0
649.382 0
678.032 0
707.946 0
739.18 0
771.792 0
805.842 0
841.395 0
878.517 0
917.276 0
957.745 0
1000 0
