# First line is two numbers 
#     First value is '2', it means 'histogram mode'
#     Second value is 'Emin' of the histogram
# Other lines : 2 columns. 1) energy 2) probability (nb divided by NbEvent)
# Number of bins = 480
# Content below the first bin: 0
# Content above the last  bin: 0
# Content above the last  bin: 0
# Number of events: 209000
2 1e-06
1.04412e-06 0
1.09018e-06 0
1.13828e-06 0
1.1885e-06 0
1.24094e-06 0
1.29569e-06 0
1.35285e-06 0
1.41254e-06 0
1.47486e-06 0
1.53993e-06 0
1.60787e-06 0
1.6788e-06 0
1.75287e-06 0
1.83021e-06 0
1.91095e-06 0
1.99526e-06 0
2.08329e-06 0
2.1752e-06 0
2.27117e-06 0
2.37137e-06 0
2.476e-06 0
2.58523e-06 0
2.69929e-06 0
2.81838e-06 0
2.94273e-06 0
3.07256e-06 0
3.20812e-06 0
3.34965e-06 0
3.49744e-06 0
3.65174e-06 0
3.81285e-06 0
3.98107e-06 0
4.15671e-06 0
4.3401e-06 0
4.53158e-06 0
4.73151e-06 0
4.94026e-06 0
5.15822e-06 0
5.3858e-06 0
5.62341e-06 0
5.87151e-06 0
6.13056e-06 0
6.40103e-06 0
6.68344e-06 0
6.97831e-06 0
7.28618e-06 0
7.60764e-06 0
7.94328e-06 0
8.29373e-06 0
8.65964e-06 0
9.0417e-06 0
9.44061e-06 0
9.85712e-06 0
1.0292e-05 0
1.07461e-05 0
1.12202e-05 0
1.17152e-05 0
1.22321e-05 0
1.27717e-05 0
1.33352e-05 0
1.39236e-05 0
1.45378e-05 0
1.51792e-05 0
1.58489e-05 0
1.65482e-05 0
1.72783e-05 0
1.80406e-05 0
1.88365e-05 0
1.96675e-05 0
2.05353e-05 0
2.14412e-05 0
2.23872e-05 0
2.33749e-05 0
2.44062e-05 0
2.5483e-05 0
2.66073e-05 0
2.77811e-05 0
2.90068e-05 0
3.02866e-05 0
3.16228e-05 0
3.30179e-05 0
3.44747e-05 0
3.59956e-05 0
3.75837e-05 0
3.92419e-05 0
4.09732e-05 0
4.27809e-05 0
4.46684e-05 0
4.66391e-05 0
4.86968e-05 0
5.08452e-05 0
5.30884e-05 0
5.54307e-05 0
5.78762e-05 0
6.04296e-05 0
6.30957e-05 0
6.58795e-05 0
6.8786e-05 0
7.18208e-05 0
7.49894e-05 0
7.82979e-05 0
8.17523e-05 0
8.53591e-05 0
8.91251e-05 0
9.30572e-05 0
9.71628e-05 0
0.00010145 0
0.000105925 0
0.000110599 0
0.000115478 0
0.000120573 0
0.000125893 0
0.000131447 0
0.000137246 0
0.000143301 0
0.000149624 0
0.000156225 0
0.000163117 0
0.000170314 0
0.000177828 0
0.000185674 0
0.000193865 0
0.000202418 0
0.000211349 0
0.000220673 0
0.000230409 0
0.000240575 0
0.000251189 0
0.000262271 0
0.000273842 0
0.000285924 0
0.000298538 0
0.000311709 0
0.000325462 0
0.000339821 0
0.000354813 0
0.000370467 0
0.000386812 0
0.000403878 0
0.000421697 0
0.000440301 0
0.000459727 0
0.00048001 0
0.000501187 0
0.000523299 0
0.000546387 0
0.000570493 0
0.000595662 0
0.000621942 0
0.000649382 0
0.000678032 0
0.000707946 0
0.00073918 0
0.000771792 0
0.000805842 0
0.000841395 0
0.000878517 0
0.000917276 0
0.000957745 0
0.001 0
0.00104412 0
0.00109018 0
0.00113828 0
0.0011885 0
0.00124094 0
0.00129569 102.56
0.00135285 0
0.00141254 0
0.00147486 0
0.00153993 0
0.00160787 0
0.0016788 0
0.00175287 0
0.00183021 87.1546
0.00191095 0
0.00199526 0
0.00208329 0
0.0021752 0
0.00227117 0
0.00237137 63.6488
0.002476 0
0.00258523 0
0.00269929 114.487
0.00281838 0
0.00294273 0
0.00307256 0
0.00320812 0
0.00334965 0
0.00349744 0
0.00365174 0
0.00381285 0
0.00398107 0
0.00415671 0
0.0043401 0
0.00453158 115.754
0.00473151 0
0.00494026 107.437
0.00515822 0
0.0053858 0
0.00562341 300.879
0.00587151 184.636
0.00613056 0
0.00640103 48.6908
0.00668344 116.543
0.00697831 0
0.00728618 91.495
0.00760764 205.884
0.00794328 0
0.00829373 84.175
0.00865964 95.2186
0.0090417 110.747
0.00944061 106.144
0.00985712 183.487
0.010292 0
0.0107461 78.167
0.0112202 0
0.0117152 277.731
0.0122321 238.325
0.0127717 270.341
0.0133352 129.302
0.0139236 416.556
0.0145378 204.093
0.0151792 0
0.0158489 435.274
0.0165482 125.771
0.0172783 578.434
0.0180406 118.542
0.0188365 882.838
0.0196675 500.489
0.0205353 408.847
0.0214412 407.907
0.0223872 1225.56
0.0233749 474.545
0.0244062 558.363
0.025483 613.176
0.0266073 701.871
0.0277811 1130.15
0.0290068 1125.99
0.0302866 785.114
0.0316228 1560.6
0.0330179 950.706
0.0344747 1321.52
0.0359956 1775.51
0.0375837 1253.38
0.0392419 1238.05
0.0409732 1047.32
0.0427809 2229.45
0.0446684 785.312
0.0466391 1973.89
0.0486968 1718.58
0.0508452 1506.43
0.0530884 3331.35
0.0554307 2359.08
0.0578762 2505.99
0.0604296 1747.4
0.0630957 2126.84
0.0658795 2416.32
0.068786 3492.76
0.0718208 2281.98
0.0749894 3729.64
0.0782979 4496.68
0.0817523 2988.02
0.0853591 4108.02
0.0891251 2786.6
0.0930572 4187.4
0.0971628 3320.48
0.10145 4152.21
0.105925 3158.23
0.110599 4249.86
0.115478 4992.52
0.120573 7041.69
0.125893 5130.88
0.131447 4356.92
0.137246 4674.98
0.143301 5028.48
0.149624 4785.79
0.156225 6377
0.163117 4989.49
0.170314 5214.14
0.177828 5107.88
0.185674 6016.65
0.193865 6084.59
0.202418 5171.06
0.211349 4892.74
0.220673 5742.6
0.230409 6328.86
0.240575 7337.36
0.251189 6422.18
0.262271 5458.5
0.273842 5627.92
0.285924 6687.17
0.298538 5709.35
0.311709 8273.86
0.325462 7901.95
0.339821 7162.3
0.354813 7385.59
0.370467 8595.01
0.386812 6193.59
0.403878 6182.03
0.421697 5785.75
0.440301 6762.5
0.459727 5353.5
0.48001 5971.81
0.501187 7015.61
0.523299 7585
0.546387 6226.56
0.570493 7035.34
0.595662 7437.16
0.621942 6882.04
0.649382 7286.57
0.678032 6271.42
0.707946 6879.24
0.73918 6913.17
0.771792 6228.89
0.805842 5572.37
0.841395 4344.28
0.878517 4872.04
0.917276 5535.81
0.957745 3996.37
1 4549.03
1.04412 3913.23
1.09018 4511.61
1.13828 3525.24
1.1885 2217.73
1.24094 3907.37
1.29569 3243.61
1.35285 3235.17
1.41254 2845.53
1.47486 2015.07
1.53993 2848.11
1.60787 2060.54
1.6788 2628.49
1.75287 2297.69
1.83021 2830.03
1.91095 1720.37
1.99526 1836.88
2.08329 2322.57
2.1752 1122.12
2.27117 1951.5
2.37137 1981.51
2.476 1585.76
2.58523 1713.44
2.69929 2033.38
2.81838 2134.68
2.94273 758.83
3.07256 2062.74
3.20812 1994.88
3.34965 826.838
3.49744 1097.15
3.65174 2292.29
3.81285 1030.53
3.98107 1382.99
4.15671 1501.46
4.3401 905.855
4.53158 1104.26
4.73151 1318.05
4.94026 1353.21
5.15822 1563.62
5.3858 1056.33
5.62341 1044.55
5.87151 1501.01
6.13056 889.531
6.40103 677.088
6.68344 1290.93
6.97831 1240.62
7.28618 782.901
7.60764 898.1
7.94328 847.379
8.29373 519.488
8.65964 735.671
9.0417 682.475
9.44061 1125.39
9.85712 1239.08
10.292 331.707
10.7461 696.774
11.2202 1047.9
11.7152 1156.29
12.2321 796.387
12.7717 724.375
13.3352 409.939
13.9236 553.347
14.5378 769.867
15.1792 891.989
15.8489 810.931
16.5482 1192.99
17.2783 686.754
18.0406 329.084
18.8365 584.238
19.6675 871.671
20.5353 783.905
21.4412 742.212
22.3872 480.943
23.3749 527.866
24.4062 204.63
25.483 682.35
26.6073 800.44
27.7811 680.394
29.0068 670.864
30.2866 821.72
31.6228 1188.87
33.0179 1164.66
34.4747 524.165
35.9956 369.473
37.5837 732.207
39.2419 1044.55
40.9732 1091.6
42.7809 714.056
44.6684 1094.11
46.6391 365.364
48.6968 1518.02
50.8452 1098.43
53.0884 1007.2
55.4307 1546.42
57.8762 1313.41
60.4296 792.421
63.0957 1582.29
65.8795 1380.77
68.786 1024.23
71.8208 1699.58
74.9894 1775.55
78.2979 1375.75
81.7523 1404.05
85.3591 817.978
89.1251 1339.73
93.0572 1598.81
97.1628 1127.94
101.45 1693.82
105.925 1050.5
110.599 956.946
115.478 1617.18
120.573 1479.08
125.893 2524.29
131.447 1390.5
137.246 1656.41
143.301 1556.76
149.624 2026.51
156.225 2495.11
163.117 1819.46
170.314 2283.91
177.828 2285.86
185.674 3387.22
193.865 2525.42
202.418 2203.37
211.349 2490.35
220.673 2944.11
230.409 3528.89
240.575 3806
251.189 2818.04
262.271 3680.47
273.842 4842.56
285.924 4258.59
298.538 3791.56
311.709 3399.5
325.462 4302.34
339.821 3513.98
354.813 2666.78
370.467 2048.11
386.812 2939.82
403.878 2141.41
421.697 1959.66
440.301 1375.81
459.727 498.669
480.01 717.304
501.187 418.885
523.299 399.061
546.387 522.743
570.493 164.706
595.662 228.376
621.942 0
649.382 287.838
678.032 0
707.946 194.499
739.18 76.7051
771.792 204.273
805.842 55.5519
841.395 0
878.517 0
917.276 0
957.745 97.7982
1000 0
