# First line is two numbers 
#     First value is '2', it means 'histogram mode'
#     Second value is 'Emin' of the histogram
# Other lines : 2 columns. 1) energy 2) probability (nb divided by NbEvent)
# Number of bins = 480
# Content below the first bin: 0
# Content above the last  bin: 0
# Content above the last  bin: 0
# Number of events: 209000
2 1e-06
1.04412e-06 0
1.09018e-06 0
1.13828e-06 0
1.1885e-06 0
1.24094e-06 0
1.29569e-06 0
1.35285e-06 0
1.41254e-06 0
1.47486e-06 0
1.53993e-06 0
1.60787e-06 0
1.6788e-06 0
1.75287e-06 0
1.83021e-06 0
1.91095e-06 0
1.99526e-06 0
2.08329e-06 0
2.1752e-06 0
2.27117e-06 0
2.37137e-06 0
2.476e-06 0
2.58523e-06 0
2.69929e-06 0
2.81838e-06 0
2.94273e-06 0
3.07256e-06 0
3.20812e-06 0
3.34965e-06 0
3.49744e-06 0
3.65174e-06 0
3.81285e-06 0
3.98107e-06 0
4.15671e-06 0
4.3401e-06 0
4.53158e-06 0
4.73151e-06 0
4.94026e-06 0
5.15822e-06 0
5.3858e-06 0
5.62341e-06 0
5.87151e-06 0
6.13056e-06 0
6.40103e-06 0
6.68344e-06 0
6.97831e-06 0
7.28618e-06 0
7.60764e-06 0
7.94328e-06 0
8.29373e-06 0
8.65964e-06 0
9.0417e-06 0
9.44061e-06 0
9.85712e-06 0
1.0292e-05 0
1.07461e-05 0
1.12202e-05 0
1.17152e-05 0
1.22321e-05 0
1.27717e-05 0
1.33352e-05 0
1.39236e-05 0
1.45378e-05 0
1.51792e-05 0
1.58489e-05 0
1.65482e-05 0
1.72783e-05 0
1.80406e-05 0
1.88365e-05 0
1.96675e-05 0
2.05353e-05 0
2.14412e-05 0
2.23872e-05 0
2.33749e-05 0
2.44062e-05 0
2.5483e-05 0
2.66073e-05 0
2.77811e-05 0
2.90068e-05 0
3.02866e-05 0
3.16228e-05 0
3.30179e-05 0
3.44747e-05 0
3.59956e-05 0
3.75837e-05 0
3.92419e-05 0
4.09732e-05 0
4.27809e-05 0
4.46684e-05 0
4.66391e-05 0
4.86968e-05 0
5.08452e-05 0
5.30884e-05 0
5.54307e-05 0
5.78762e-05 0
6.04296e-05 0
6.30957e-05 0
6.58795e-05 0
6.8786e-05 0
7.18208e-05 0
7.49894e-05 0
7.82979e-05 0
8.17523e-05 0
8.53591e-05 0
8.91251e-05 0
9.30572e-05 0
9.71628e-05 0
0.00010145 0
0.000105925 0
0.000110599 0
0.000115478 0
0.000120573 0
0.000125893 0
0.000131447 0
0.000137246 0
0.000143301 0
0.000149624 0
0.000156225 0
0.000163117 0
0.000170314 0
0.000177828 0
0.000185674 0
0.000193865 0
0.000202418 0
0.000211349 0
0.000220673 0
0.000230409 0
0.000240575 0
0.000251189 0
0.000262271 0
0.000273842 0
0.000285924 0
0.000298538 0
0.000311709 0
0.000325462 0
0.000339821 0
0.000354813 0
0.000370467 0
0.000386812 0
0.000403878 0
0.000421697 0
0.000440301 0
0.000459727 0
0.00048001 0
0.000501187 0
0.000523299 0
0.000546387 0
0.000570493 0
0.000595662 0
0.000621942 0
0.000649382 85.2379
0.000678032 0
0.000707946 0
0.00073918 0
0.000771792 0
0.000805842 0
0.000841395 0
0.000878517 0
0.000917276 0
0.000957745 0
0.001 0
0.00104412 0
0.00109018 0
0.00113828 0
0.0011885 0
0.00124094 0
0.00129569 0
0.00135285 0
0.00141254 0
0.00147486 0
0.00153993 0
0.00160787 0
0.0016788 0
0.00175287 0
0.00183021 0
0.00191095 0
0.00199526 0
0.00208329 0
0.0021752 0
0.00227117 0
0.00237137 0
0.002476 0
0.00258523 0
0.00269929 0
0.00281838 0
0.00294273 0
0.00307256 0
0.00320812 88.6526
0.00334965 0
0.00349744 0
0.00365174 0
0.00381285 0
0.00398107 94.8892
0.00415671 0
0.0043401 0
0.00453158 0
0.00473151 99.0844
0.00494026 116.905
0.00515822 102.651
0.0053858 0
0.00562341 154.259
0.00587151 32.2173
0.00613056 173.384
0.00640103 52.0058
0.00668344 341.433
0.00697831 0
0.00728618 0
0.00760764 135.94
0.00794328 191.104
0.00829373 314.167
0.00865964 88.2174
0.0090417 253.767
0.00944061 228.569
0.00985712 76.7949
0.010292 168.38
0.0107461 301.553
0.0112202 291.769
0.0117152 0
0.0122321 204.878
0.0127717 544.709
0.0133352 429.858
0.0139236 453.225
0.0145378 449.683
0.0151792 474.695
0.0158489 480.58
0.0165482 354.501
0.0172783 234.409
0.0180406 500.843
0.0188365 344.07
0.0196675 895.858
0.0205353 635.015
0.0214412 460.709
0.0223872 439.991
0.0233749 801.226
0.0244062 780.51
0.025483 481.376
0.0266073 997.106
0.0277811 777.255
0.0290068 649.932
0.0302866 872.765
0.0316228 704.376
0.0330179 742.292
0.0344747 491.497
0.0359956 2353.76
0.0375837 1672.18
0.0392419 1857.86
0.0409732 977.592
0.0427809 1636.9
0.0446684 2719.31
0.0466391 1583.08
0.0486968 1675.12
0.0508452 1953.2
0.0530884 2240.87
0.0554307 2342.67
0.0578762 3218.93
0.0604296 1573.9
0.0630957 3155.68
0.0658795 2175.75
0.068786 3109.14
0.0718208 3431.34
0.0749894 2315.38
0.0782979 3896.05
0.0817523 4411.81
0.0853591 3763.99
0.0891251 3983.54
0.0930572 4144.37
0.0971628 5007.1
0.10145 4141.73
0.105925 4494.03
0.110599 5176.93
0.115478 5356.09
0.120573 5931.69
0.125893 5428.85
0.131447 4626.15
0.137246 4385.74
0.143301 4373.96
0.149624 5080.84
0.156225 4806.27
0.163117 6259.63
0.170314 5858.54
0.177828 5880.03
0.185674 6076.63
0.193865 7256.47
0.202418 4971.91
0.211349 6374.85
0.220673 7302.73
0.230409 6273.85
0.240575 5097.37
0.251189 7130.36
0.262271 8147.63
0.273842 6289.58
0.285924 6508.56
0.298538 6159.95
0.311709 7066.27
0.325462 7478.8
0.339821 6651.32
0.354813 6593.48
0.370467 6969.91
0.386812 5146.17
0.403878 6201.56
0.421697 8034.43
0.440301 7107.88
0.459727 7374.02
0.48001 5407.04
0.501187 7546.11
0.523299 6473.03
0.546387 6058.46
0.570493 6792.91
0.595662 8474.04
0.621942 5855.62
0.649382 6180.99
0.678032 6158.7
0.707946 7322.91
0.73918 6607.4
0.771792 5376.47
0.805842 5506.38
0.841395 4305.11
0.878517 6460.98
0.917276 5377.52
0.957745 4993.3
1 3288.37
1.04412 4499.67
1.09018 4306.69
1.13828 3303.32
1.1885 3546.47
1.24094 4033.92
1.29569 3807.62
1.35285 2424.24
1.41254 2844.72
1.47486 2589.6
1.53993 2878.76
1.60787 2851.86
1.6788 3056.79
1.75287 1968.22
1.83021 1508.82
1.91095 1550.58
1.99526 2075.56
2.08329 1890.19
2.1752 2240.7
2.27117 1902.62
2.37137 2013.33
2.476 2350.49
2.58523 2284.74
2.69929 1512.12
2.81838 1748.25
2.94273 1576.94
3.07256 1539.74
3.20812 2081.97
3.34965 1484.57
3.49744 1940.42
3.65174 1966.66
3.81285 665.975
3.98107 1259.45
4.15671 1513.85
4.3401 1199.16
4.53158 1072.12
4.73151 843.354
4.94026 1366.51
5.15822 1007.44
5.3858 1189.9
5.62341 1688.37
5.87151 846.096
6.13056 753.753
6.40103 661.883
6.68344 754.312
6.97831 1239.17
7.28618 823.793
7.60764 826.477
7.94328 429.864
8.29373 819.693
8.65964 1150.08
9.0417 591.303
9.44061 989.017
9.85712 832.09
10.292 1039.78
10.7461 369.35
11.2202 701.746
11.7152 954.077
12.2321 352.59
12.7717 679.487
13.3352 208.625
13.9236 992.4
14.5378 615.66
15.1792 194.059
15.8489 992.186
16.5482 849.621
17.2783 618.752
18.0406 284.565
18.8365 467.542
19.6675 681.944
20.5353 1167.07
21.4412 741.858
22.3872 684.446
23.3749 333.463
24.4062 1034.75
25.483 676.154
26.6073 643.437
27.7811 748.038
29.0068 621.094
30.2866 1238.44
31.6228 976.997
33.0179 795.455
34.4747 647.629
35.9956 553.355
37.5837 911.8
39.2419 1118.9
40.9732 1317.1
42.7809 1113.58
44.6684 1464.31
46.6391 540.49
48.6968 1182.57
50.8452 1496.94
53.0884 1119.78
55.4307 857.893
57.8762 1612.28
60.4296 1009.97
63.0957 765.574
65.8795 1181.46
68.786 1159.34
71.8208 1704.13
74.9894 1427.92
78.2979 1632.18
81.7523 912.532
85.3591 1454.43
89.1251 1575.79
93.0572 862.925
97.1628 1067.97
101.45 474.242
105.925 1164.32
110.599 2460.53
115.478 1366.4
120.573 2102.93
125.893 2411.37
131.447 2027.43
137.246 1679.97
143.301 1823.42
149.624 1401.69
156.225 2419.55
163.117 1968.69
170.314 1657.39
177.828 2272.88
185.674 2547.33
193.865 2484.35
202.418 2917.3
211.349 1902.52
220.673 3313.58
230.409 3631.79
240.575 3250.18
251.189 2702.03
262.271 3477.18
273.842 3474.1
285.924 2829.47
298.538 4017.47
311.709 3370.91
325.462 4964.13
339.821 3944.7
354.813 3660.64
370.467 3432.07
386.812 4031.56
403.878 2159.52
421.697 1396.85
440.301 1159.48
459.727 936.351
480.01 858.838
501.187 659.526
523.299 360.719
546.387 490.812
570.493 161.256
595.662 359.909
621.942 145.704
649.382 207.226
678.032 119.95
707.946 177.714
739.18 0
771.792 0
805.842 0
841.395 58.1288
878.517 0
917.276 0
957.745 0
1000 0
