# First line is two numbers 
#     First value is '2', it means 'histogram mode'
#     Second value is 'Emin' of the histogram
# Other lines : 2 columns. 1) energy 2) probability (nb divided by NbEvent)
# Number of bins = 480
# Content below the first bin: 0
# Content above the last  bin: 0
# Content above the last  bin: 0
# Number of events: 209000
2 1e-06
1.04412e-06 0
1.09018e-06 0
1.13828e-06 0
1.1885e-06 0
1.24094e-06 0
1.29569e-06 0
1.35285e-06 0
1.41254e-06 0
1.47486e-06 0
1.53993e-06 0
1.60787e-06 0
1.6788e-06 0
1.75287e-06 0
1.83021e-06 0
1.91095e-06 0
1.99526e-06 0
2.08329e-06 0
2.1752e-06 0
2.27117e-06 0
2.37137e-06 0
2.476e-06 0
2.58523e-06 0
2.69929e-06 0
2.81838e-06 0
2.94273e-06 0
3.07256e-06 0
3.20812e-06 0
3.34965e-06 0
3.49744e-06 0
3.65174e-06 0
3.81285e-06 0
3.98107e-06 0
4.15671e-06 0
4.3401e-06 0
4.53158e-06 0
4.73151e-06 0
4.94026e-06 0
5.15822e-06 0
5.3858e-06 0
5.62341e-06 0
5.87151e-06 0
6.13056e-06 0
6.40103e-06 0
6.68344e-06 0
6.97831e-06 0
7.28618e-06 0
7.60764e-06 0
7.94328e-06 0
8.29373e-06 0
8.65964e-06 0
9.0417e-06 0
9.44061e-06 0
9.85712e-06 0
1.0292e-05 0
1.07461e-05 0
1.12202e-05 0
1.17152e-05 0
1.22321e-05 0
1.27717e-05 0
1.33352e-05 0
1.39236e-05 0
1.45378e-05 0
1.51792e-05 0
1.58489e-05 0
1.65482e-05 0
1.72783e-05 0
1.80406e-05 0
1.88365e-05 0
1.96675e-05 0
2.05353e-05 0
2.14412e-05 0
2.23872e-05 0
2.33749e-05 0
2.44062e-05 0
2.5483e-05 0
2.66073e-05 0
2.77811e-05 0
2.90068e-05 0
3.02866e-05 0
3.16228e-05 0
3.30179e-05 0
3.44747e-05 0
3.59956e-05 0
3.75837e-05 0
3.92419e-05 0
4.09732e-05 0
4.27809e-05 0
4.46684e-05 0
4.66391e-05 0
4.86968e-05 0
5.08452e-05 0
5.30884e-05 0
5.54307e-05 0
5.78762e-05 0
6.04296e-05 0
6.30957e-05 0
6.58795e-05 0
6.8786e-05 0
7.18208e-05 0
7.49894e-05 0
7.82979e-05 0
8.17523e-05 0
8.53591e-05 0
8.91251e-05 0
9.30572e-05 0
9.71628e-05 0
0.00010145 0
0.000105925 0
0.000110599 0
0.000115478 0
0.000120573 0
0.000125893 0
0.000131447 0
0.000137246 0
0.000143301 0
0.000149624 0
0.000156225 0
0.000163117 0
0.000170314 0
0.000177828 0
0.000185674 0
0.000193865 0
0.000202418 0
0.000211349 0
0.000220673 0
0.000230409 0
0.000240575 0
0.000251189 0
0.000262271 0
0.000273842 0
0.000285924 0
0.000298538 0
0.000311709 0
0.000325462 0
0.000339821 0
0.000354813 0
0.000370467 0
0.000386812 0
0.000403878 0
0.000421697 0
0.000440301 0
0.000459727 0
0.00048001 0
0.000501187 0
0.000523299 0
0.000546387 0
0.000570493 0
0.000595662 0
0.000621942 0
0.000649382 0
0.000678032 0
0.000707946 0
0.00073918 0
0.000771792 0
0.000805842 0
0.000841395 0
0.000878517 0
0.000917276 0
0.000957745 0
0.001 0
0.00104412 0
0.00109018 0
0.00113828 0
0.0011885 0
0.00124094 0
0.00129569 0
0.00135285 0
0.00141254 0
0.00147486 0
0.00153993 0
0.00160787 0
0.0016788 0
0.00175287 0
0.00183021 0
0.00191095 0
0.00199526 0
0.00208329 0
0.0021752 0
0.00227117 0
0.00237137 0
0.002476 0
0.00258523 0
0.00269929 0
0.00281838 0
0.00294273 0
0.00307256 0
0.00320812 0
0.00334965 0
0.00349744 0
0.00365174 0
0.00381285 0
0.00398107 0
0.00415671 0
0.0043401 0
0.00453158 0
0.00473151 0
0.00494026 0
0.00515822 0
0.0053858 0
0.00562341 0
0.00587151 0
0.00613056 107.084
0.00640103 0
0.00668344 0
0.00697831 0
0.00728618 0
0.00760764 0
0.00794328 0
0.00829373 0
0.00865964 0
0.0090417 0
0.00944061 0
0.00985712 0
0.010292 75.8338
0.0107461 0
0.0112202 0
0.0117152 0
0.0122321 0
0.0127717 0
0.0133352 0
0.0139236 0
0.0145378 0
0.0151792 0
0.0158489 0
0.0165482 0
0.0172783 0
0.0180406 0
0.0188365 0
0.0196675 0
0.0205353 53.2333
0.0214412 90.9975
0.0223872 97.4883
0.0233749 0
0.0244062 90.2987
0.025483 48.8911
0.0266073 0
0.0277811 342.868
0.0290068 0
0.0302866 79.3728
0.0316228 122.008
0.0330179 241.161
0.0344747 34.3163
0.0359956 0
0.0375837 108.008
0.0392419 80.2264
0.0409732 94.8792
0.0427809 183.268
0.0446684 203.747
0.0466391 0
0.0486968 31.6401
0.0508452 104.718
0.0530884 264.821
0.0554307 0
0.0578762 52.3385
0.0604296 26.7226
0.0630957 312.54
0.0658795 106.944
0.068786 623.345
0.0718208 104.524
0.0749894 184.17
0.0782979 85.2965
0.0817523 293.823
0.0853591 270.422
0.0891251 262.636
0.0930572 200.439
0.0971628 463.637
0.10145 195.127
0.105925 299.052
0.110599 540.019
0.115478 356.524
0.120573 169.341
0.125893 507.781
0.131447 618.265
0.137246 225.914
0.143301 164.27
0.149624 346.12
0.156225 465.176
0.163117 338.17
0.170314 160.456
0.177828 229.166
0.185674 524.469
0.193865 358.366
0.202418 315.993
0.211349 310.767
0.220673 36.355
0.230409 240.364
0.240575 708.562
0.251189 618.553
0.262271 582.508
0.273842 576.183
0.285924 377.272
0.298538 560.428
0.311709 542.466
0.325462 384.565
0.339821 666.816
0.354813 483.772
0.370467 614.056
0.386812 382.246
0.403878 588.213
0.421697 457.358
0.440301 307.314
0.459727 897.726
0.48001 407.182
0.501187 573.877
0.523299 706.604
0.546387 877.708
0.570493 456.97
0.595662 312.378
0.621942 493.863
0.649382 511.577
0.678032 622.349
0.707946 316.054
0.73918 818.404
0.771792 756.826
0.805842 752.627
0.841395 745.5
0.878517 482.382
0.917276 750.958
0.957745 712.228
1 847.811
1.04412 702.872
1.09018 194.854
1.13828 176.106
1.1885 455.683
1.24094 759.002
1.29569 200.25
1.35285 201.432
1.41254 76.2651
1.47486 257.836
1.53993 212.335
1.60787 151.561
1.6788 460.124
1.75287 380.498
1.83021 95.5449
1.91095 290.097
1.99526 156.619
2.08329 191.945
2.1752 259.622
2.27117 267.11
2.37137 339.672
2.476 505.66
2.58523 299.012
2.69929 0
2.81838 77.6155
2.94273 260.687
3.07256 0
3.20812 316.293
3.34965 106.866
3.49744 162.283
3.65174 102.971
3.81285 207.228
3.98107 256.453
4.15671 240.014
4.3401 185.308
4.53158 0
4.73151 198.357
4.94026 31.4333
5.15822 230.768
5.3858 268.211
5.62341 295.601
5.87151 172.583
6.13056 175.847
6.40103 0
6.68344 261.583
6.97831 98.0031
7.28618 106.3
7.60764 97.2254
7.94328 167.625
8.29373 110.279
8.65964 177.068
9.0417 167.68
9.44061 104.076
9.85712 166.483
10.292 116.762
10.7461 0
11.2202 106.698
11.7152 213.923
12.2321 186.915
12.7717 83.2726
13.3352 0
13.9236 0
14.5378 33.2985
15.1792 0
15.8489 199.106
16.5482 112.693
17.2783 0
18.0406 0
18.8365 0
19.6675 0
20.5353 53.5109
21.4412 0
22.3872 0
23.3749 165.034
24.4062 82.5331
25.483 0
26.6073 0
27.7811 61.5631
29.0068 85.1928
30.2866 63.3179
31.6228 45.5521
33.0179 0
34.4747 47.2143
35.9956 0
37.5837 191.16
39.2419 0
40.9732 0
42.7809 0
44.6684 85.794
46.6391 70.0084
48.6968 0
50.8452 163.324
53.0884 237.923
55.4307 0
57.8762 0
60.4296 0
63.0957 0
65.8795 62.1478
68.786 0
71.8208 187.067
74.9894 120.753
78.2979 191.99
81.7523 201.261
85.3591 287.52
89.1251 0
93.0572 0
97.1628 48.2643
101.45 0
105.925 140.448
110.599 0
115.478 103.585
120.573 0
125.893 24.3869
131.447 22.4126
137.246 0
143.301 0
149.624 105.156
156.225 115.137
163.117 97.5863
170.314 70.7117
177.828 189.911
185.674 96.7993
193.865 65.5898
202.418 0
211.349 144.1
220.673 0
230.409 47.2241
240.575 0
251.189 0
262.271 0
273.842 19.1036
285.924 0
298.538 0
311.709 0
325.462 0
339.821 0
354.813 0
370.467 0
386.812 0
403.878 0
421.697 0
440.301 0
459.727 0
480.01 0
501.187 0
523.299 0
546.387 0
570.493 0
595.662 0
621.942 0
649.382 0
678.032 0
707.946 0
739.18 0
771.792 115.033
805.842 0
841.395 0
878.517 0
917.276 0
957.745 0
1000 0
