# First line is two numbers 
#     First value is '2', it means 'histogram mode'
#     Second value is 'Emin' of the histogram
# Other lines : 2 columns. 1) energy 2) probability (nb divided by NbEvent)
# Number of bins = 480
# Content below the first bin: 0
# Content above the last  bin: 0
# Content above the last  bin: 0
# Number of events: 209000
2 1e-06
1.04412e-06 0
1.09018e-06 0
1.13828e-06 0
1.1885e-06 0
1.24094e-06 0
1.29569e-06 0
1.35285e-06 0
1.41254e-06 0
1.47486e-06 0
1.53993e-06 0
1.60787e-06 0
1.6788e-06 0
1.75287e-06 0
1.83021e-06 0
1.91095e-06 0
1.99526e-06 0
2.08329e-06 0
2.1752e-06 0
2.27117e-06 0
2.37137e-06 0
2.476e-06 0
2.58523e-06 0
2.69929e-06 0
2.81838e-06 0
2.94273e-06 0
3.07256e-06 0
3.20812e-06 0
3.34965e-06 0
3.49744e-06 0
3.65174e-06 0
3.81285e-06 0
3.98107e-06 0
4.15671e-06 0
4.3401e-06 0
4.53158e-06 0
4.73151e-06 0
4.94026e-06 0
5.15822e-06 0
5.3858e-06 0
5.62341e-06 0
5.87151e-06 0
6.13056e-06 0
6.40103e-06 0
6.68344e-06 0
6.97831e-06 0
7.28618e-06 0
7.60764e-06 0
7.94328e-06 0
8.29373e-06 0
8.65964e-06 0
9.0417e-06 0
9.44061e-06 0
9.85712e-06 0
1.0292e-05 0
1.07461e-05 0
1.12202e-05 0
1.17152e-05 0
1.22321e-05 0
1.27717e-05 0
1.33352e-05 0
1.39236e-05 0
1.45378e-05 0
1.51792e-05 0
1.58489e-05 0
1.65482e-05 0
1.72783e-05 0
1.80406e-05 0
1.88365e-05 0
1.96675e-05 0
2.05353e-05 0
2.14412e-05 0
2.23872e-05 0
2.33749e-05 0
2.44062e-05 0
2.5483e-05 0
2.66073e-05 0
2.77811e-05 0
2.90068e-05 0
3.02866e-05 0
3.16228e-05 0
3.30179e-05 0
3.44747e-05 0
3.59956e-05 0
3.75837e-05 0
3.92419e-05 0
4.09732e-05 0
4.27809e-05 0
4.46684e-05 0
4.66391e-05 0
4.86968e-05 0
5.08452e-05 0
5.30884e-05 0
5.54307e-05 0
5.78762e-05 0
6.04296e-05 0
6.30957e-05 0
6.58795e-05 0
6.8786e-05 0
7.18208e-05 0
7.49894e-05 0
7.82979e-05 0
8.17523e-05 0
8.53591e-05 0
8.91251e-05 0
9.30572e-05 0
9.71628e-05 0
0.00010145 0
0.000105925 0
0.000110599 0
0.000115478 0
0.000120573 0
0.000125893 0
0.000131447 0
0.000137246 0
0.000143301 0
0.000149624 0
0.000156225 0
0.000163117 0
0.000170314 0
0.000177828 0
0.000185674 0
0.000193865 0
0.000202418 0
0.000211349 0
0.000220673 0
0.000230409 0
0.000240575 0
0.000251189 0
0.000262271 0
0.000273842 0
0.000285924 0
0.000298538 0
0.000311709 0
0.000325462 0
0.000339821 0
0.000354813 0
0.000370467 0
0.000386812 0
0.000403878 0
0.000421697 0
0.000440301 0
0.000459727 0
0.00048001 0
0.000501187 0
0.000523299 0
0.000546387 0
0.000570493 0
0.000595662 0
0.000621942 0
0.000649382 0
0.000678032 0
0.000707946 0
0.00073918 0
0.000771792 0
0.000805842 0
0.000841395 0
0.000878517 0
0.000917276 0
0.000957745 0
0.001 0
0.00104412 0
0.00109018 0
0.00113828 0
0.0011885 0
0.00124094 0
0.00129569 0
0.00135285 0
0.00141254 0
0.00147486 0
0.00153993 0
0.00160787 0
0.0016788 0
0.00175287 0
0.00183021 0
0.00191095 0
0.00199526 0
0.00208329 0
0.0021752 0
0.00227117 0
0.00237137 0
0.002476 0
0.00258523 0
0.00269929 0
0.00281838 0
0.00294273 0
0.00307256 0
0.00320812 0
0.00334965 0
0.00349744 0
0.00365174 0
0.00381285 0
0.00398107 0
0.00415671 0
0.0043401 0
0.00453158 0
0.00473151 0
0.00494026 0
0.00515822 0
0.0053858 0
0.00562341 0
0.00587151 0
0.00613056 0
0.00640103 0
0.00668344 0
0.00697831 0
0.00728618 126.094
0.00760764 0
0.00794328 0
0.00829373 57.9822
0.00865964 0
0.0090417 75.9792
0.00944061 0
0.00985712 0
0.010292 0
0.0107461 0
0.0112202 0
0.0117152 0
0.0122321 86.7419
0.0127717 0
0.0133352 0
0.0139236 0
0.0145378 88.5148
0.0151792 0
0.0158489 0
0.0165482 118.607
0.0172783 0
0.0180406 109.772
0.0188365 91.0931
0.0196675 84.4739
0.0205353 0
0.0214412 0
0.0223872 81.1045
0.0233749 0
0.0244062 0
0.025483 113.564
0.0266073 0
0.0277811 117.059
0.0290068 119.01
0.0302866 91.884
0.0316228 67.4161
0.0330179 0
0.0344747 0
0.0359956 37.6927
0.0375837 193.059
0.0392419 0
0.0409732 46.4816
0.0427809 81.8187
0.0446684 171.557
0.0466391 268.73
0.0486968 46.924
0.0508452 455.494
0.0530884 217.1
0.0554307 116.652
0.0578762 151.901
0.0604296 0
0.0630957 0
0.0658795 135.152
0.068786 225.809
0.0718208 345.049
0.0749894 408.164
0.0782979 168.247
0.0817523 144.162
0.0853591 180.002
0.0891251 224.351
0.0930572 0
0.0971628 373.297
0.10145 538.784
0.105925 328.103
0.110599 340.104
0.115478 217.975
0.120573 614.92
0.125893 230.302
0.131447 343.661
0.137246 306.044
0.143301 389.733
0.149624 450.399
0.156225 461.484
0.163117 198.546
0.170314 873.966
0.177828 506.461
0.185674 521.558
0.193865 1094.75
0.202418 661.101
0.211349 414.179
0.220673 554.59
0.230409 973.689
0.240575 434.572
0.251189 538.478
0.262271 414.407
0.273842 377.775
0.285924 402.248
0.298538 637.59
0.311709 734.871
0.325462 507.144
0.339821 1225.91
0.354813 529.157
0.370467 435.565
0.386812 663.473
0.403878 533.677
0.421697 902.268
0.440301 366.039
0.459727 482.191
0.48001 674.888
0.501187 615.788
0.523299 516.556
0.546387 448.285
0.570493 890.876
0.595662 916.01
0.621942 435.392
0.649382 650.197
0.678032 384.521
0.707946 267.021
0.73918 424.986
0.771792 610.642
0.805842 504.218
0.841395 701.299
0.878517 462.065
0.917276 519.761
0.957745 333.177
1 413.866
1.04412 348.247
1.09018 356.982
1.13828 440.756
1.1885 40.2367
1.24094 342.954
1.29569 467.135
1.35285 236.977
1.41254 349.574
1.47486 440.22
1.53993 267.146
1.60787 215.761
1.6788 253.877
1.75287 227.372
1.83021 184.336
1.91095 229.8
1.99526 395.822
2.08329 86.3607
2.1752 516.937
2.27117 160.394
2.37137 108.412
2.476 158.186
2.58523 131.603
2.69929 127.696
2.81838 308.059
2.94273 271.165
3.07256 177.093
3.20812 255.532
3.34965 122.616
3.49744 97.9022
3.65174 98.6529
3.81285 62.5761
3.98107 92.7674
4.15671 69.9018
4.3401 176.885
4.53158 95.9222
4.73151 113.048
4.94026 312.581
5.15822 93.9499
5.3858 136.766
5.62341 355.472
5.87151 102.616
6.13056 208.341
6.40103 0
6.68344 0
6.97831 73.62
7.28618 0
7.60764 118.843
7.94328 52.374
8.29373 46.3294
8.65964 161.069
9.0417 66.6491
9.44061 54.096
9.85712 0
10.292 106.476
10.7461 241.642
11.2202 146.202
11.7152 0
12.2321 84.3265
12.7717 88.2377
13.3352 0
13.9236 165.457
14.5378 0
15.1792 116.368
15.8489 106.559
16.5482 0
17.2783 149.364
18.0406 106.911
18.8365 95.2064
19.6675 168.759
20.5353 0
21.4412 88.5145
22.3872 90.5943
23.3749 176.034
24.4062 0
25.483 160.641
26.6073 177.399
27.7811 0
29.0068 105.72
30.2866 204.132
31.6228 103.248
33.0179 89.0033
34.4747 0
35.9956 0
37.5837 113.554
39.2419 105.954
40.9732 0
42.7809 78.3416
44.6684 0
46.6391 277.946
48.6968 14.0371
50.8452 179.87
53.0884 49.894
55.4307 164.623
57.8762 108.259
60.4296 96.2492
63.0957 95.0161
65.8795 334.009
68.786 229.732
71.8208 52.3089
74.9894 168.836
78.2979 98.2027
81.7523 199.239
85.3591 166.664
89.1251 28.9189
93.0572 96.378
97.1628 43.1038
101.45 130.642
105.925 90.006
110.599 107.801
115.478 168.141
120.573 0
125.893 70.808
131.447 328.464
137.246 130.967
143.301 76.0575
149.624 63.1401
156.225 234.302
163.117 63.4752
170.314 0
177.828 163.778
185.674 180.415
193.865 32.8466
202.418 235.728
211.349 0
220.673 0
230.409 0
240.575 214.923
251.189 99.9748
262.271 0
273.842 0
285.924 0
298.538 0
311.709 0
325.462 0
339.821 0
354.813 0
370.467 0
386.812 0
403.878 0
421.697 0
440.301 0
459.727 0
480.01 0
501.187 0
523.299 0
546.387 0
570.493 0
595.662 0
621.942 0
649.382 0
678.032 0
707.946 0
739.18 0
771.792 0
805.842 0
841.395 0
878.517 0
917.276 0
957.745 0
1000 0
