# First line is two numbers 
#     First value is '2', it means 'histogram mode'
#     Second value is 'Emin' of the histogram
# Other lines : 2 columns. 1) energy 2) probability (nb divided by NbEvent)
# Number of bins = 480
# Content below the first bin: 0
# Content above the last  bin: 0
# Content above the last  bin: 0
# Number of events: 209000
2 1e-06
1.04412e-06 0
1.09018e-06 0
1.13828e-06 0
1.1885e-06 0
1.24094e-06 0
1.29569e-06 0
1.35285e-06 0
1.41254e-06 0
1.47486e-06 0
1.53993e-06 0
1.60787e-06 0
1.6788e-06 0
1.75287e-06 0
1.83021e-06 0
1.91095e-06 0
1.99526e-06 0
2.08329e-06 0
2.1752e-06 0
2.27117e-06 0
2.37137e-06 0
2.476e-06 0
2.58523e-06 0
2.69929e-06 0
2.81838e-06 0
2.94273e-06 0
3.07256e-06 0
3.20812e-06 0
3.34965e-06 0
3.49744e-06 0
3.65174e-06 0
3.81285e-06 0
3.98107e-06 0
4.15671e-06 0
4.3401e-06 0
4.53158e-06 0
4.73151e-06 0
4.94026e-06 0
5.15822e-06 0
5.3858e-06 0
5.62341e-06 0
5.87151e-06 0
6.13056e-06 0
6.40103e-06 0
6.68344e-06 0
6.97831e-06 0
7.28618e-06 0
7.60764e-06 0
7.94328e-06 0
8.29373e-06 0
8.65964e-06 0
9.0417e-06 0
9.44061e-06 0
9.85712e-06 0
1.0292e-05 0
1.07461e-05 0
1.12202e-05 0
1.17152e-05 0
1.22321e-05 0
1.27717e-05 0
1.33352e-05 0
1.39236e-05 0
1.45378e-05 0
1.51792e-05 0
1.58489e-05 0
1.65482e-05 0
1.72783e-05 0
1.80406e-05 0
1.88365e-05 0
1.96675e-05 0
2.05353e-05 0
2.14412e-05 0
2.23872e-05 0
2.33749e-05 0
2.44062e-05 0
2.5483e-05 0
2.66073e-05 0
2.77811e-05 0
2.90068e-05 0
3.02866e-05 0
3.16228e-05 0
3.30179e-05 0
3.44747e-05 0
3.59956e-05 0
3.75837e-05 0
3.92419e-05 0
4.09732e-05 0
4.27809e-05 0
4.46684e-05 0
4.66391e-05 0
4.86968e-05 0
5.08452e-05 0
5.30884e-05 0
5.54307e-05 0
5.78762e-05 0
6.04296e-05 0
6.30957e-05 0
6.58795e-05 0
6.8786e-05 0
7.18208e-05 0
7.49894e-05 0
7.82979e-05 0
8.17523e-05 0
8.53591e-05 0
8.91251e-05 0
9.30572e-05 0
9.71628e-05 0
0.00010145 0
0.000105925 0
0.000110599 0
0.000115478 0
0.000120573 0
0.000125893 0
0.000131447 0
0.000137246 0
0.000143301 0
0.000149624 0
0.000156225 0
0.000163117 0
0.000170314 0
0.000177828 0
0.000185674 0
0.000193865 0
0.000202418 0
0.000211349 0
0.000220673 0
0.000230409 0
0.000240575 0
0.000251189 0
0.000262271 0
0.000273842 0
0.000285924 0
0.000298538 0
0.000311709 0
0.000325462 0
0.000339821 0
0.000354813 0
0.000370467 0
0.000386812 0
0.000403878 71.4035
0.000421697 0
0.000440301 0
0.000459727 0
0.00048001 0
0.000501187 0
0.000523299 0
0.000546387 0
0.000570493 0
0.000595662 0
0.000621942 0
0.000649382 0
0.000678032 112.427
0.000707946 0
0.00073918 0
0.000771792 0
0.000805842 0
0.000841395 0
0.000878517 0
0.000917276 0
0.000957745 0
0.001 0
0.00104412 0
0.00109018 0
0.00113828 0
0.0011885 0
0.00124094 0
0.00129569 0
0.00135285 0
0.00141254 0
0.00147486 0
0.00153993 0
0.00160787 0
0.0016788 0
0.00175287 0
0.00183021 0
0.00191095 0
0.00199526 0
0.00208329 0
0.0021752 0
0.00227117 0
0.00237137 0
0.002476 90.0202
0.00258523 0
0.00269929 0
0.00281838 0
0.00294273 0
0.00307256 0
0.00320812 0
0.00334965 0
0.00349744 0
0.00365174 0
0.00381285 0
0.00398107 0
0.00415671 162.428
0.0043401 78.9983
0.00453158 0
0.00473151 0
0.00494026 0
0.00515822 83.0325
0.0053858 0
0.00562341 0
0.00587151 0
0.00613056 0
0.00640103 0
0.00668344 0
0.00697831 36.9703
0.00728618 104.056
0.00760764 0
0.00794328 0
0.00829373 93.477
0.00865964 192.027
0.0090417 69.9566
0.00944061 104.729
0.00985712 117.641
0.010292 110.12
0.0107461 221.655
0.0112202 78.8951
0.0117152 81.2559
0.0122321 0
0.0127717 231.22
0.0133352 40.5524
0.0139236 184.242
0.0145378 285.238
0.0151792 63.592
0.0158489 82.9828
0.0165482 90.3349
0.0172783 110.311
0.0180406 223.751
0.0188365 98.0635
0.0196675 369.439
0.0205353 102.518
0.0214412 271.899
0.0223872 478.135
0.0233749 461.988
0.0244062 60.7704
0.025483 164.966
0.0266073 475.462
0.0277811 298.76
0.0290068 233.383
0.0302866 594.341
0.0316228 245.048
0.0330179 364.132
0.0344747 384.18
0.0359956 498.737
0.0375837 690.608
0.0392419 1701.73
0.0409732 584.705
0.0427809 841.758
0.0446684 1571.73
0.0466391 1415.47
0.0486968 1425.62
0.0508452 463.912
0.0530884 641.323
0.0554307 1235.39
0.0578762 782.412
0.0604296 1587.39
0.0630957 1738.26
0.0658795 1473.65
0.068786 1763.35
0.0718208 1935.16
0.0749894 2126.59
0.0782979 2049.29
0.0817523 1559.82
0.0853591 1990
0.0891251 3140.62
0.0930572 2831.14
0.0971628 2034.99
0.10145 2734.33
0.105925 2763.01
0.110599 1962.56
0.115478 2451.8
0.120573 2459.35
0.125893 1664.19
0.131447 3851.15
0.137246 2475.87
0.143301 2963.87
0.149624 2840.15
0.156225 2423.17
0.163117 2659.56
0.170314 3012.9
0.177828 2819.44
0.185674 3180.27
0.193865 3790.63
0.202418 3724.01
0.211349 2788.04
0.220673 2819.39
0.230409 3414.5
0.240575 3081.33
0.251189 2647.52
0.262271 3502.32
0.273842 4047.04
0.285924 2992.59
0.298538 3925.66
0.311709 3026.05
0.325462 3363.94
0.339821 4158.5
0.354813 3646.73
0.370467 4154.15
0.386812 3669.73
0.403878 3373.01
0.421697 3566
0.440301 4025.29
0.459727 3175.44
0.48001 4231.25
0.501187 3519.73
0.523299 2814.67
0.546387 3036.2
0.570493 3470.82
0.595662 3352.72
0.621942 3572.1
0.649382 2658.98
0.678032 3267.79
0.707946 3012.41
0.73918 3517.43
0.771792 3795.75
0.805842 2858.35
0.841395 2634.63
0.878517 2614.11
0.917276 2822
0.957745 2553.77
1 2051.99
1.04412 1930.61
1.09018 1919.95
1.13828 1984.4
1.1885 2585.94
1.24094 1816.82
1.29569 1320.47
1.35285 1100.94
1.41254 1408.11
1.47486 1366.6
1.53993 1362.38
1.60787 1320.38
1.6788 1469.67
1.75287 963.543
1.83021 630.792
1.91095 815.01
1.99526 1166.44
2.08329 1942.4
2.1752 1282.22
2.27117 1347.15
2.37137 852.607
2.476 1268.39
2.58523 1387.72
2.69929 670.446
2.81838 663.582
2.94273 1479.84
3.07256 808.764
3.20812 693.945
3.34965 1302.76
3.49744 798.16
3.65174 645.779
3.81285 514.049
3.98107 1077.51
4.15671 680.149
4.3401 935.317
4.53158 805.304
4.73151 657.416
4.94026 341.653
5.15822 356.095
5.3858 608.335
5.62341 738.371
5.87151 284.005
6.13056 385.732
6.40103 238.438
6.68344 121.484
6.97831 585.889
7.28618 209.831
7.60764 447.829
7.94328 283.37
8.29373 363.535
8.65964 110.794
9.0417 297.748
9.44061 738.497
9.85712 141.766
10.292 742.866
10.7461 104.477
11.2202 276.561
11.7152 167.72
12.2321 342.149
12.7717 458.508
13.3352 344.038
13.9236 242.955
14.5378 273.573
15.1792 495.39
15.8489 280.972
16.5482 725.106
17.2783 279.216
18.0406 421.241
18.8365 233.291
19.6675 369.653
20.5353 117.875
21.4412 468.967
22.3872 260.231
23.3749 429.759
24.4062 666.864
25.483 395.753
26.6073 427.627
27.7811 348.485
29.0068 380.253
30.2866 560.856
31.6228 354.045
33.0179 467.69
34.4747 241.98
35.9956 339.886
37.5837 497.26
39.2419 448.96
40.9732 741.788
42.7809 596.522
44.6684 366.623
46.6391 474.989
48.6968 844.543
50.8452 442.341
53.0884 631.342
55.4307 870.743
57.8762 677.662
60.4296 1291.09
63.0957 583.834
65.8795 679.133
68.786 266.658
71.8208 369.733
74.9894 940.821
78.2979 578.676
81.7523 877.656
85.3591 851.777
89.1251 749.746
93.0572 779.253
97.1628 417.015
101.45 940.087
105.925 614.801
110.599 1336.44
115.478 887.533
120.573 806.708
125.893 744.145
131.447 793.413
137.246 1423.07
143.301 572.316
149.624 751.097
156.225 949.374
163.117 1473.93
170.314 1155.73
177.828 860.238
185.674 1914.95
193.865 1314.26
202.418 1364.15
211.349 1485.48
220.673 1865.73
230.409 1790.26
240.575 1806.29
251.189 1113.52
262.271 2198.97
273.842 1623.31
285.924 2033.73
298.538 2389.71
311.709 3173.47
325.462 2134.43
339.821 2096.99
354.813 2004.61
370.467 2111.06
386.812 1648.03
403.878 1625.34
421.697 798.462
440.301 646.586
459.727 794.405
480.01 535.656
501.187 412.314
523.299 419.173
546.387 44.1789
570.493 101.89
595.662 13.7633
621.942 101.045
649.382 133.621
678.032 225.06
707.946 92.0572
739.18 0
771.792 81.1956
805.842 116.928
841.395 98.7949
878.517 0
917.276 0
957.745 0
1000 40.5581
