# First line is two numbers 
#     First value is '2', it means 'histogram mode'
#     Second value is 'Emin' of the histogram
# Other lines : 2 columns. 1) energy 2) probability (nb divided by NbEvent)
# Number of bins = 480
# Content below the first bin: 0
# Content above the last  bin: 0
# Content above the last  bin: 0
# Number of events: 209000
2 1e-06
1.04412e-06 0
1.09018e-06 0
1.13828e-06 0
1.1885e-06 0
1.24094e-06 0
1.29569e-06 0
1.35285e-06 0
1.41254e-06 0
1.47486e-06 0
1.53993e-06 0
1.60787e-06 0
1.6788e-06 0
1.75287e-06 0
1.83021e-06 0
1.91095e-06 0
1.99526e-06 0
2.08329e-06 0
2.1752e-06 0
2.27117e-06 0
2.37137e-06 0
2.476e-06 0
2.58523e-06 0
2.69929e-06 0
2.81838e-06 0
2.94273e-06 0
3.07256e-06 0
3.20812e-06 0
3.34965e-06 0
3.49744e-06 0
3.65174e-06 0
3.81285e-06 0
3.98107e-06 0
4.15671e-06 0
4.3401e-06 0
4.53158e-06 0
4.73151e-06 0
4.94026e-06 0
5.15822e-06 0
5.3858e-06 0
5.62341e-06 0
5.87151e-06 0
6.13056e-06 0
6.40103e-06 0
6.68344e-06 0
6.97831e-06 0
7.28618e-06 0
7.60764e-06 0
7.94328e-06 0
8.29373e-06 0
8.65964e-06 0
9.0417e-06 0
9.44061e-06 0
9.85712e-06 0
1.0292e-05 0
1.07461e-05 0
1.12202e-05 0
1.17152e-05 0
1.22321e-05 0
1.27717e-05 0
1.33352e-05 0
1.39236e-05 0
1.45378e-05 0
1.51792e-05 0
1.58489e-05 0
1.65482e-05 0
1.72783e-05 0
1.80406e-05 0
1.88365e-05 0
1.96675e-05 0
2.05353e-05 0
2.14412e-05 0
2.23872e-05 0
2.33749e-05 0
2.44062e-05 0
2.5483e-05 0
2.66073e-05 0
2.77811e-05 0
2.90068e-05 0
3.02866e-05 0
3.16228e-05 0
3.30179e-05 0
3.44747e-05 0
3.59956e-05 0
3.75837e-05 0
3.92419e-05 0
4.09732e-05 0
4.27809e-05 0
4.46684e-05 0
4.66391e-05 0
4.86968e-05 0
5.08452e-05 0
5.30884e-05 0
5.54307e-05 0
5.78762e-05 0
6.04296e-05 0
6.30957e-05 0
6.58795e-05 0
6.8786e-05 0
7.18208e-05 0
7.49894e-05 0
7.82979e-05 0
8.17523e-05 0
8.53591e-05 0
8.91251e-05 0
9.30572e-05 0
9.71628e-05 0
0.00010145 0
0.000105925 0
0.000110599 0
0.000115478 0
0.000120573 0
0.000125893 0
0.000131447 0
0.000137246 0
0.000143301 0
0.000149624 0
0.000156225 0
0.000163117 0
0.000170314 0
0.000177828 0
0.000185674 0
0.000193865 0
0.000202418 0
0.000211349 0
0.000220673 0
0.000230409 0
0.000240575 0
0.000251189 0
0.000262271 0
0.000273842 1
0.000285924 0
0.000298538 0
0.000311709 0
0.000325462 0
0.000339821 0
0.000354813 0
0.000370467 0
0.000386812 0
0.000403878 1
0.000421697 0
0.000440301 0
0.000459727 0
0.00048001 0
0.000501187 0
0.000523299 0
0.000546387 0
0.000570493 0
0.000595662 0
0.000621942 0
0.000649382 0
0.000678032 0
0.000707946 0
0.00073918 0
0.000771792 0
0.000805842 0
0.000841395 0
0.000878517 0
0.000917276 0
0.000957745 0
0.001 0
0.00104412 0
0.00109018 0
0.00113828 0
0.0011885 0
0.00124094 0
0.00129569 0
0.00135285 0
0.00141254 0
0.00147486 0
0.00153993 0
0.00160787 0
0.0016788 0
0.00175287 0
0.00183021 0
0.00191095 1
0.00199526 1
0.00208329 0
0.0021752 1
0.00227117 1
0.00237137 3
0.002476 0
0.00258523 0
0.00269929 0
0.00281838 1
0.00294273 0
0.00307256 0
0.00320812 0
0.00334965 0
0.00349744 1
0.00365174 0
0.00381285 1
0.00398107 0
0.00415671 0
0.0043401 1
0.00453158 0
0.00473151 1
0.00494026 1
0.00515822 0
0.0053858 1
0.00562341 3
0.00587151 2
0.00613056 5
0.00640103 2
0.00668344 4
0.00697831 2
0.00728618 1
0.00760764 3
0.00794328 1
0.00829373 6
0.00865964 7
0.0090417 3
0.00944061 5
0.00985712 7
0.010292 6
0.0107461 6
0.0112202 4
0.0117152 4
0.0122321 6
0.0127717 6
0.0133352 13
0.0139236 13
0.0145378 8
0.0151792 13
0.0158489 5
0.0165482 10
0.0172783 15
0.0180406 11
0.0188365 8
0.0196675 6
0.0205353 11
0.0214412 16
0.0223872 18
0.0233749 16
0.0244062 22
0.025483 12
0.0266073 18
0.0277811 22
0.0290068 27
0.0302866 23
0.0316228 29
0.0330179 35
0.0344747 37
0.0359956 33
0.0375837 36
0.0392419 37
0.0409732 43
0.0427809 45
0.0446684 56
0.0466391 42
0.0486968 48
0.0508452 57
0.0530884 61
0.0554307 46
0.0578762 57
0.0604296 61
0.0630957 70
0.0658795 78
0.068786 75
0.0718208 78
0.0749894 72
0.0782979 99
0.0817523 94
0.0853591 87
0.0891251 90
0.0930572 105
0.0971628 97
0.10145 112
0.105925 127
0.110599 118
0.115478 127
0.120573 113
0.125893 123
0.131447 127
0.137246 94
0.143301 114
0.149624 135
0.156225 128
0.163117 145
0.170314 160
0.177828 149
0.185674 148
0.193865 159
0.202418 136
0.211349 151
0.220673 122
0.230409 145
0.240575 143
0.251189 165
0.262271 162
0.273842 153
0.285924 181
0.298538 160
0.311709 164
0.325462 159
0.339821 178
0.354813 157
0.370467 167
0.386812 165
0.403878 169
0.421697 166
0.440301 193
0.459727 178
0.48001 158
0.501187 175
0.523299 182
0.546387 179
0.570493 182
0.595662 177
0.621942 163
0.649382 157
0.678032 162
0.707946 134
0.73918 138
0.771792 139
0.805842 152
0.841395 162
0.878517 133
0.917276 138
0.957745 116
1 140
1.04412 104
1.09018 113
1.13828 96
1.1885 85
1.24094 88
1.29569 86
1.35285 72
1.41254 61
1.47486 80
1.53993 52
1.60787 48
1.6788 69
1.75287 56
1.83021 58
1.91095 61
1.99526 48
2.08329 47
2.1752 37
2.27117 37
2.37137 43
2.476 48
2.58523 48
2.69929 43
2.81838 42
2.94273 46
3.07256 40
3.20812 39
3.34965 29
3.49744 38
3.65174 39
3.81285 38
3.98107 34
4.15671 34
4.3401 27
4.53158 27
4.73151 31
4.94026 25
5.15822 13
5.3858 19
5.62341 36
5.87151 19
6.13056 27
6.40103 22
6.68344 21
6.97831 22
7.28618 20
7.60764 20
7.94328 20
8.29373 21
8.65964 21
9.0417 21
9.44061 15
9.85712 27
10.292 15
10.7461 14
11.2202 13
11.7152 19
12.2321 12
12.7717 14
13.3352 17
13.9236 18
14.5378 16
15.1792 14
15.8489 15
16.5482 14
17.2783 19
18.0406 18
18.8365 10
19.6675 13
20.5353 13
21.4412 21
22.3872 12
23.3749 17
24.4062 23
25.483 13
26.6073 18
27.7811 15
29.0068 21
30.2866 19
31.6228 30
33.0179 23
34.4747 15
35.9956 31
37.5837 24
39.2419 17
40.9732 17
42.7809 25
44.6684 18
46.6391 23
48.6968 20
50.8452 29
53.0884 26
55.4307 33
57.8762 36
60.4296 39
63.0957 22
65.8795 23
68.786 31
71.8208 23
74.9894 32
78.2979 27
81.7523 42
85.3591 30
89.1251 32
93.0572 38
97.1628 33
101.45 31
105.925 36
110.599 33
115.478 30
120.573 39
125.893 43
131.447 41
137.246 47
143.301 45
149.624 40
156.225 69
163.117 48
170.314 44
177.828 60
185.674 63
193.865 58
202.418 50
211.349 62
220.673 69
230.409 62
240.575 70
251.189 66
262.271 80
273.842 80
285.924 100
298.538 112
311.709 95
325.462 83
339.821 110
354.813 91
370.467 103
386.812 72
403.878 37
421.697 40
440.301 28
459.727 22
480.01 14
501.187 15
523.299 16
546.387 11
570.493 7
595.662 4
621.942 6
649.382 4
678.032 3
707.946 0
739.18 4
771.792 3
805.842 5
841.395 2
878.517 0
917.276 0
957.745 1
1000 0
