# First line is two numbers 
#     First value is '2', it means 'histogram mode'
#     Second value is 'Emin' of the histogram
# Other lines : 2 columns. 1) energy 2) probability (nb divided by NbEvent)
# Number of bins = 480
# Content below the first bin: 0
# Content above the last  bin: 0
# Content above the last  bin: 0
# Number of events: 209000
2 1e-06
1.04412e-06 0
1.09018e-06 0
1.13828e-06 0
1.1885e-06 0
1.24094e-06 0
1.29569e-06 0
1.35285e-06 0
1.41254e-06 0
1.47486e-06 0
1.53993e-06 0
1.60787e-06 0
1.6788e-06 0
1.75287e-06 0
1.83021e-06 0
1.91095e-06 0
1.99526e-06 0
2.08329e-06 0
2.1752e-06 0
2.27117e-06 0
2.37137e-06 0
2.476e-06 0
2.58523e-06 0
2.69929e-06 0
2.81838e-06 0
2.94273e-06 0
3.07256e-06 0
3.20812e-06 0
3.34965e-06 0
3.49744e-06 0
3.65174e-06 0
3.81285e-06 0
3.98107e-06 0
4.15671e-06 0
4.3401e-06 0
4.53158e-06 0
4.73151e-06 0
4.94026e-06 0
5.15822e-06 0
5.3858e-06 0
5.62341e-06 0
5.87151e-06 0
6.13056e-06 0
6.40103e-06 0
6.68344e-06 0
6.97831e-06 0
7.28618e-06 0
7.60764e-06 0
7.94328e-06 0
8.29373e-06 0
8.65964e-06 0
9.0417e-06 0
9.44061e-06 0
9.85712e-06 0
1.0292e-05 0
1.07461e-05 0
1.12202e-05 0
1.17152e-05 0
1.22321e-05 0
1.27717e-05 0
1.33352e-05 0
1.39236e-05 0
1.45378e-05 0
1.51792e-05 0
1.58489e-05 0
1.65482e-05 0
1.72783e-05 0
1.80406e-05 0
1.88365e-05 0
1.96675e-05 0
2.05353e-05 0
2.14412e-05 0
2.23872e-05 0
2.33749e-05 0
2.44062e-05 0
2.5483e-05 0
2.66073e-05 0
2.77811e-05 0
2.90068e-05 0
3.02866e-05 0
3.16228e-05 0
3.30179e-05 0
3.44747e-05 0
3.59956e-05 0
3.75837e-05 0
3.92419e-05 0
4.09732e-05 0
4.27809e-05 0
4.46684e-05 0
4.66391e-05 0
4.86968e-05 0
5.08452e-05 0
5.30884e-05 0
5.54307e-05 0
5.78762e-05 0
6.04296e-05 0
6.30957e-05 0
6.58795e-05 0
6.8786e-05 0
7.18208e-05 0
7.49894e-05 0
7.82979e-05 0
8.17523e-05 0
8.53591e-05 0
8.91251e-05 0
9.30572e-05 0
9.71628e-05 0
0.00010145 0
0.000105925 0
0.000110599 0
0.000115478 0
0.000120573 0
0.000125893 0
0.000131447 0
0.000137246 0
0.000143301 0
0.000149624 0
0.000156225 0
0.000163117 0
0.000170314 0
0.000177828 0
0.000185674 0
0.000193865 0
0.000202418 0
0.000211349 0
0.000220673 0
0.000230409 0
0.000240575 0
0.000251189 0
0.000262271 0
0.000273842 86.846
0.000285924 0
0.000298538 0
0.000311709 0
0.000325462 0
0.000339821 0
0.000354813 0
0.000370467 0
0.000386812 0
0.000403878 45.9259
0.000421697 0
0.000440301 0
0.000459727 0
0.00048001 0
0.000501187 0
0.000523299 0
0.000546387 0
0.000570493 0
0.000595662 0
0.000621942 0
0.000649382 0
0.000678032 0
0.000707946 0
0.00073918 0
0.000771792 0
0.000805842 0
0.000841395 0
0.000878517 0
0.000917276 0
0.000957745 0
0.001 0
0.00104412 0
0.00109018 0
0.00113828 0
0.0011885 0
0.00124094 0
0.00129569 0
0.00135285 0
0.00141254 0
0.00147486 0
0.00153993 0
0.00160787 0
0.0016788 0
0.00175287 0
0.00183021 0
0.00191095 77.1075
0.00199526 97.4186
0.00208329 0
0.0021752 84.4135
0.00227117 119.073
0.00237137 254.069
0.002476 0
0.00258523 0
0.00269929 0
0.00281838 105.677
0.00294273 0
0.00307256 0
0.00320812 0
0.00334965 0
0.00349744 95.5857
0.00365174 0
0.00381285 90.685
0.00398107 0
0.00415671 0
0.0043401 114.958
0.00453158 0
0.00473151 100.679
0.00494026 112.97
0.00515822 0
0.0053858 69.1273
0.00562341 238.232
0.00587151 206.91
0.00613056 504.134
0.00640103 168.037
0.00668344 186.606
0.00697831 129.47
0.00728618 101.045
0.00760764 160.136
0.00794328 72.9786
0.00829373 536.809
0.00865964 594.681
0.0090417 305.934
0.00944061 403.746
0.00985712 506.381
0.010292 464.882
0.0107461 588.993
0.0112202 362.367
0.0117152 255.775
0.0122321 449.202
0.0127717 542.389
0.0133352 998.797
0.0139236 1054.62
0.0145378 606.663
0.0151792 993.756
0.0158489 500.996
0.0165482 637.544
0.0172783 1089.65
0.0180406 865.555
0.0188365 784.994
0.0196675 416.268
0.0205353 872.33
0.0214412 1126.39
0.0223872 1289.05
0.0233749 1320.16
0.0244062 1864.79
0.025483 876.481
0.0266073 1479.73
0.0277811 1965.85
0.0290068 1909
0.0302866 1628.87
0.0316228 2584.52
0.0330179 2959.69
0.0344747 2887.1
0.0359956 2645
0.0375837 3199.18
0.0392419 2943.6
0.0409732 3499.25
0.0427809 3721.58
0.0446684 4455.13
0.0466391 3408.72
0.0486968 3938.92
0.0508452 4826.11
0.0530884 4965.61
0.0554307 3685.41
0.0578762 4529.29
0.0604296 4518.55
0.0630957 5662.8
0.0658795 6027.48
0.068786 6318.27
0.0718208 6824.18
0.0749894 5972.11
0.0782979 8601.69
0.0817523 7424.09
0.0853591 6913.27
0.0891251 7042.16
0.0930572 8103.02
0.0971628 7753.86
0.10145 8519.39
0.105925 10297.2
0.110599 9417.86
0.115478 10052.2
0.120573 9427.5
0.125893 10024.7
0.131447 10490
0.137246 7122.76
0.143301 9391.46
0.149624 10898.5
0.156225 10467
0.163117 10875.8
0.170314 12749
0.177828 11654.8
0.185674 11568.4
0.193865 13048.5
0.202418 11391.9
0.211349 11997.2
0.220673 9359.7
0.230409 11780.5
0.240575 11752.9
0.251189 13222
0.262271 12969.1
0.273842 12479.9
0.285924 14591.5
0.298538 12945.6
0.311709 13588.4
0.325462 13025.3
0.339821 13797.8
0.354813 12201.9
0.370467 14198.4
0.386812 12513.4
0.403878 13490.4
0.421697 14369.4
0.440301 15627.7
0.459727 14333.9
0.48001 13119.7
0.501187 13486.4
0.523299 14636.5
0.546387 14096.4
0.570493 13993.4
0.595662 14588.5
0.621942 12969
0.649382 12222.7
0.678032 12761.6
0.707946 10946.5
0.73918 11012.1
0.771792 11596
0.805842 11967.2
0.841395 12946.1
0.878517 10687.8
0.917276 11188.4
0.957745 9547.92
1 11208.8
1.04412 8433.35
1.09018 8955.05
1.13828 7468.43
1.1885 6653.8
1.24094 7230.3
1.29569 6669.83
1.35285 5807.42
1.41254 4762.3
1.47486 6143.58
1.53993 4449
1.60787 4148.89
1.6788 5489.87
1.75287 4241.93
1.83021 4873.25
1.91095 5045.02
1.99526 3795.42
2.08329 3638.34
2.1752 2727.36
2.27117 2614.67
2.37137 3719.69
2.476 3745.59
2.58523 3869.2
2.69929 3125.42
2.81838 3450.9
2.94273 3571.46
3.07256 3470.54
3.20812 3142.43
3.34965 2268.14
3.49744 2972.18
3.65174 3238.65
3.81285 3227.31
3.98107 2586.5
4.15671 2662.86
4.3401 2124.73
4.53158 2055.78
4.73151 2600.43
4.94026 2012.44
5.15822 1072.15
5.3858 1812.7
5.62341 3140.71
5.87151 1523.05
6.13056 2365.61
6.40103 1645.52
6.68344 1648.98
6.97831 1881.18
7.28618 1398.98
7.60764 1650.7
7.94328 1483.61
8.29373 1917.68
8.65964 1604.32
9.0417 1913.94
9.44061 1147.97
9.85712 2145.83
10.292 1087.47
10.7461 1025.93
11.2202 791.165
11.7152 1616.25
12.2321 1073.4
12.7717 1196.92
13.3352 1532.66
13.9236 1183.61
14.5378 1178.85
15.1792 1054.35
15.8489 1231.9
16.5482 1180.86
17.2783 1654.15
18.0406 1381.1
18.8365 861.563
19.6675 1108.09
20.5353 974.134
21.4412 1631.5
22.3872 1078.26
23.3749 1464.7
24.4062 1359.39
25.483 1091.72
26.6073 1535.13
27.7811 1099.32
29.0068 1733.16
30.2866 1596.88
31.6228 2423.12
33.0179 1872.43
34.4747 1212.91
35.9956 2545.48
37.5837 2016.93
39.2419 1348.24
40.9732 1543.11
42.7809 1992.52
44.6684 1467.25
46.6391 1783.48
48.6968 1666.75
50.8452 2104.19
53.0884 1991.75
55.4307 2555.51
57.8762 2664.99
60.4296 2961.39
63.0957 1779.21
65.8795 1935.12
68.786 2299.19
71.8208 1731.83
74.9894 2446.69
78.2979 2013.7
81.7523 3236.11
85.3591 2109.93
89.1251 2671.81
93.0572 2885.32
97.1628 2572.61
101.45 2554.73
105.925 3286.93
110.599 2539.31
115.478 2463.55
120.573 2763.66
125.893 3754.69
131.447 3445.54
137.246 3811.92
143.301 3648.52
149.624 3063.93
156.225 5227.67
163.117 3853.22
170.314 3616.12
177.828 4724.13
185.674 5116.6
193.865 4388.6
202.418 4079.46
211.349 4859.53
220.673 5760.89
230.409 5233.48
240.575 5926.42
251.189 5604.87
262.271 6891.63
273.842 6104.09
285.924 7577.4
298.538 9315.22
311.709 7442.09
325.462 6751.21
339.821 8214.13
354.813 7263.94
370.467 8875.14
386.812 5584.5
403.878 3004.96
421.697 3509.63
440.301 2041.43
459.727 1761.21
480.01 1333.19
501.187 1208.71
523.299 1106.71
546.387 832.742
570.493 527.659
595.662 278.98
621.942 502.837
649.382 298.7
678.032 292.167
707.946 0
739.18 302.4
771.792 199.4
805.842 502.437
841.395 161.657
878.517 0
917.276 0
957.745 90.1664
1000 0
