# First line is two numbers 
#     First value is '2', it means 'histogram mode'
#     Second value is 'Emin' of the histogram
# Other lines : 2 columns. 1) energy 2) probability (nb divided by NbEvent)
# Number of bins = 480
# Content below the first bin: 0
# Content above the last  bin: 0
# Content above the last  bin: 0
# Number of events: 209000
2 1e-06
1.04412e-06 0
1.09018e-06 0
1.13828e-06 0
1.1885e-06 0
1.24094e-06 0
1.29569e-06 0
1.35285e-06 0
1.41254e-06 0
1.47486e-06 0
1.53993e-06 0
1.60787e-06 0
1.6788e-06 0
1.75287e-06 0
1.83021e-06 0
1.91095e-06 0
1.99526e-06 0
2.08329e-06 0
2.1752e-06 0
2.27117e-06 0
2.37137e-06 0
2.476e-06 0
2.58523e-06 0
2.69929e-06 0
2.81838e-06 0
2.94273e-06 0
3.07256e-06 0
3.20812e-06 0
3.34965e-06 0
3.49744e-06 0
3.65174e-06 0
3.81285e-06 0
3.98107e-06 0
4.15671e-06 0
4.3401e-06 0
4.53158e-06 0
4.73151e-06 0
4.94026e-06 0
5.15822e-06 0
5.3858e-06 0
5.62341e-06 0
5.87151e-06 0
6.13056e-06 0
6.40103e-06 0
6.68344e-06 0
6.97831e-06 0
7.28618e-06 0
7.60764e-06 0
7.94328e-06 0
8.29373e-06 0
8.65964e-06 0
9.0417e-06 0
9.44061e-06 0
9.85712e-06 0
1.0292e-05 0
1.07461e-05 0
1.12202e-05 0
1.17152e-05 0
1.22321e-05 0
1.27717e-05 0
1.33352e-05 0
1.39236e-05 0
1.45378e-05 0
1.51792e-05 0
1.58489e-05 0
1.65482e-05 0
1.72783e-05 0
1.80406e-05 0
1.88365e-05 0
1.96675e-05 0
2.05353e-05 0
2.14412e-05 0
2.23872e-05 0
2.33749e-05 0
2.44062e-05 0
2.5483e-05 0
2.66073e-05 0
2.77811e-05 0
2.90068e-05 0
3.02866e-05 0
3.16228e-05 0
3.30179e-05 0
3.44747e-05 0
3.59956e-05 0
3.75837e-05 0
3.92419e-05 0
4.09732e-05 0
4.27809e-05 0
4.46684e-05 0
4.66391e-05 0
4.86968e-05 0
5.08452e-05 0
5.30884e-05 0
5.54307e-05 0
5.78762e-05 0
6.04296e-05 0
6.30957e-05 0
6.58795e-05 0
6.8786e-05 0
7.18208e-05 0
7.49894e-05 0
7.82979e-05 0
8.17523e-05 0
8.53591e-05 0
8.91251e-05 0
9.30572e-05 0
9.71628e-05 0
0.00010145 0
0.000105925 0
0.000110599 0
0.000115478 0
0.000120573 0
0.000125893 0
0.000131447 0
0.000137246 0
0.000143301 0
0.000149624 0
0.000156225 0
0.000163117 0
0.000170314 0
0.000177828 0
0.000185674 0
0.000193865 0
0.000202418 0
0.000211349 0
0.000220673 0
0.000230409 0
0.000240575 0
0.000251189 0
0.000262271 0
0.000273842 0
0.000285924 0
0.000298538 0
0.000311709 0
0.000325462 0
0.000339821 0
0.000354813 0
0.000370467 0
0.000386812 0
0.000403878 0
0.000421697 0
0.000440301 0
0.000459727 0
0.00048001 0
0.000501187 0
0.000523299 0
0.000546387 0
0.000570493 0
0.000595662 1
0.000621942 0
0.000649382 1
0.000678032 0
0.000707946 0
0.00073918 0
0.000771792 0
0.000805842 0
0.000841395 0
0.000878517 0
0.000917276 0
0.000957745 0
0.001 0
0.00104412 0
0.00109018 0
0.00113828 0
0.0011885 0
0.00124094 0
0.00129569 0
0.00135285 0
0.00141254 0
0.00147486 0
0.00153993 0
0.00160787 0
0.0016788 1
0.00175287 0
0.00183021 0
0.00191095 0
0.00199526 1
0.00208329 0
0.0021752 1
0.00227117 0
0.00237137 1
0.002476 0
0.00258523 0
0.00269929 1
0.00281838 2
0.00294273 0
0.00307256 0
0.00320812 0
0.00334965 0
0.00349744 0
0.00365174 0
0.00381285 4
0.00398107 2
0.00415671 2
0.0043401 0
0.00453158 1
0.00473151 0
0.00494026 1
0.00515822 1
0.0053858 0
0.00562341 0
0.00587151 0
0.00613056 2
0.00640103 2
0.00668344 3
0.00697831 1
0.00728618 3
0.00760764 1
0.00794328 0
0.00829373 1
0.00865964 1
0.0090417 4
0.00944061 4
0.00985712 4
0.010292 3
0.0107461 9
0.0112202 2
0.0117152 3
0.0122321 5
0.0127717 6
0.0133352 6
0.0139236 9
0.0145378 12
0.0151792 6
0.0158489 7
0.0165482 7
0.0172783 7
0.0180406 8
0.0188365 16
0.0196675 9
0.0205353 11
0.0214412 15
0.0223872 15
0.0233749 29
0.0244062 18
0.025483 23
0.0266073 20
0.0277811 21
0.0290068 17
0.0302866 25
0.0316228 38
0.0330179 29
0.0344747 31
0.0359956 37
0.0375837 43
0.0392419 39
0.0409732 42
0.0427809 44
0.0446684 43
0.0466391 51
0.0486968 46
0.0508452 51
0.0530884 46
0.0554307 30
0.0578762 60
0.0604296 79
0.0630957 64
0.0658795 74
0.068786 65
0.0718208 75
0.0749894 103
0.0782979 80
0.0817523 87
0.0853591 86
0.0891251 110
0.0930572 84
0.0971628 110
0.10145 125
0.105925 114
0.110599 109
0.115478 140
0.120573 143
0.125893 123
0.131447 131
0.137246 123
0.143301 123
0.149624 145
0.156225 135
0.163117 143
0.170314 136
0.177828 144
0.185674 131
0.193865 156
0.202418 141
0.211349 157
0.220673 153
0.230409 168
0.240575 163
0.251189 143
0.262271 150
0.273842 186
0.285924 184
0.298538 172
0.311709 168
0.325462 175
0.339821 159
0.354813 173
0.370467 174
0.386812 189
0.403878 173
0.421697 193
0.440301 171
0.459727 183
0.48001 186
0.501187 191
0.523299 184
0.546387 180
0.570493 165
0.595662 177
0.621942 168
0.649382 160
0.678032 160
0.707946 166
0.73918 150
0.771792 164
0.805842 132
0.841395 146
0.878517 122
0.917276 129
0.957745 117
1 96
1.04412 128
1.09018 91
1.13828 96
1.1885 96
1.24094 89
1.29569 84
1.35285 76
1.41254 83
1.47486 75
1.53993 70
1.60787 57
1.6788 60
1.75287 65
1.83021 59
1.91095 62
1.99526 67
2.08329 53
2.1752 57
2.27117 51
2.37137 31
2.476 43
2.58523 41
2.69929 41
2.81838 41
2.94273 37
3.07256 41
3.20812 40
3.34965 35
3.49744 47
3.65174 31
3.81285 29
3.98107 40
4.15671 31
4.3401 26
4.53158 29
4.73151 40
4.94026 30
5.15822 19
5.3858 26
5.62341 27
5.87151 30
6.13056 36
6.40103 23
6.68344 25
6.97831 24
7.28618 10
7.60764 18
7.94328 19
8.29373 26
8.65964 19
9.0417 13
9.44061 17
9.85712 12
10.292 18
10.7461 22
11.2202 12
11.7152 13
12.2321 16
12.7717 16
13.3352 17
13.9236 13
14.5378 13
15.1792 17
15.8489 19
16.5482 16
17.2783 18
18.0406 14
18.8365 9
19.6675 16
20.5353 12
21.4412 11
22.3872 11
23.3749 18
24.4062 17
25.483 9
26.6073 8
27.7811 13
29.0068 23
30.2866 24
31.6228 21
33.0179 14
34.4747 20
35.9956 22
37.5837 23
39.2419 19
40.9732 23
42.7809 29
44.6684 19
46.6391 31
48.6968 23
50.8452 34
53.0884 21
55.4307 36
57.8762 23
60.4296 24
63.0957 25
65.8795 26
68.786 21
71.8208 29
74.9894 35
78.2979 27
81.7523 35
85.3591 33
89.1251 42
93.0572 34
97.1628 33
101.45 36
105.925 41
110.599 45
115.478 23
120.573 46
125.893 41
131.447 43
137.246 50
143.301 41
149.624 43
156.225 50
163.117 48
170.314 50
177.828 53
185.674 55
193.865 62
202.418 57
211.349 64
220.673 69
230.409 64
240.575 71
251.189 79
262.271 94
273.842 73
285.924 89
298.538 101
311.709 89
325.462 93
339.821 80
354.813 82
370.467 86
386.812 74
403.878 49
421.697 32
440.301 24
459.727 20
480.01 14
501.187 17
523.299 5
546.387 5
570.493 4
595.662 4
621.942 1
649.382 4
678.032 4
707.946 5
739.18 3
771.792 2
805.842 2
841.395 0
878.517 0
917.276 0
957.745 1
1000 0
