# First line is two numbers 
#     First value is '2', it means 'histogram mode'
#     Second value is 'Emin' of the histogram
# Other lines : 2 columns. 1) energy 2) probability (nb divided by NbEvent)
# Number of bins = 480
# Content below the first bin: 0
# Content above the last  bin: 0
# Content above the last  bin: 0
# Number of events: 209000
2 1e-06
1.04412e-06 0
1.09018e-06 0
1.13828e-06 0
1.1885e-06 0
1.24094e-06 0
1.29569e-06 0
1.35285e-06 0
1.41254e-06 0
1.47486e-06 0
1.53993e-06 0
1.60787e-06 0
1.6788e-06 0
1.75287e-06 0
1.83021e-06 0
1.91095e-06 0
1.99526e-06 0
2.08329e-06 0
2.1752e-06 0
2.27117e-06 0
2.37137e-06 0
2.476e-06 0
2.58523e-06 0
2.69929e-06 0
2.81838e-06 0
2.94273e-06 0
3.07256e-06 0
3.20812e-06 0
3.34965e-06 0
3.49744e-06 0
3.65174e-06 0
3.81285e-06 0
3.98107e-06 0
4.15671e-06 0
4.3401e-06 0
4.53158e-06 0
4.73151e-06 0
4.94026e-06 0
5.15822e-06 0
5.3858e-06 0
5.62341e-06 0
5.87151e-06 0
6.13056e-06 0
6.40103e-06 0
6.68344e-06 0
6.97831e-06 0
7.28618e-06 0
7.60764e-06 0
7.94328e-06 0
8.29373e-06 0
8.65964e-06 0
9.0417e-06 0
9.44061e-06 0
9.85712e-06 0
1.0292e-05 0
1.07461e-05 0
1.12202e-05 0
1.17152e-05 0
1.22321e-05 0
1.27717e-05 0
1.33352e-05 0
1.39236e-05 0
1.45378e-05 0
1.51792e-05 0
1.58489e-05 0
1.65482e-05 0
1.72783e-05 0
1.80406e-05 0
1.88365e-05 0
1.96675e-05 0
2.05353e-05 0
2.14412e-05 0
2.23872e-05 0
2.33749e-05 0
2.44062e-05 0
2.5483e-05 0
2.66073e-05 0
2.77811e-05 0
2.90068e-05 0
3.02866e-05 0
3.16228e-05 0
3.30179e-05 0
3.44747e-05 0
3.59956e-05 0
3.75837e-05 0
3.92419e-05 0
4.09732e-05 0
4.27809e-05 0
4.46684e-05 0
4.66391e-05 0
4.86968e-05 0
5.08452e-05 0
5.30884e-05 0
5.54307e-05 0
5.78762e-05 0
6.04296e-05 0
6.30957e-05 0
6.58795e-05 0
6.8786e-05 0
7.18208e-05 0
7.49894e-05 112.773
7.82979e-05 0
8.17523e-05 0
8.53591e-05 0
8.91251e-05 0
9.30572e-05 0
9.71628e-05 0
0.00010145 0
0.000105925 0
0.000110599 0
0.000115478 0
0.000120573 0
0.000125893 0
0.000131447 0
0.000137246 0
0.000143301 0
0.000149624 0
0.000156225 77.3
0.000163117 0
0.000170314 0
0.000177828 0
0.000185674 0
0.000193865 0
0.000202418 0
0.000211349 0
0.000220673 0
0.000230409 0
0.000240575 0
0.000251189 0
0.000262271 0
0.000273842 0
0.000285924 0
0.000298538 0
0.000311709 0
0.000325462 0
0.000339821 0
0.000354813 0
0.000370467 0
0.000386812 0
0.000403878 0
0.000421697 0
0.000440301 0
0.000459727 0
0.00048001 0
0.000501187 0
0.000523299 0
0.000546387 0
0.000570493 0
0.000595662 0
0.000621942 0
0.000649382 0
0.000678032 0
0.000707946 0
0.00073918 48.6737
0.000771792 0
0.000805842 0
0.000841395 0
0.000878517 0
0.000917276 0
0.000957745 0
0.001 0
0.00104412 0
0.00109018 0
0.00113828 0
0.0011885 0
0.00124094 0
0.00129569 0
0.00135285 0
0.00141254 0
0.00147486 0
0.00153993 0
0.00160787 0
0.0016788 0
0.00175287 0
0.00183021 0
0.00191095 100.276
0.00199526 0
0.00208329 109.768
0.0021752 0
0.00227117 0
0.00237137 0
0.002476 0
0.00258523 0
0.00269929 0
0.00281838 0
0.00294273 0
0.00307256 97.1727
0.00320812 81.0793
0.00334965 0
0.00349744 55.2726
0.00365174 0
0.00381285 0
0.00398107 0
0.00415671 190.473
0.0043401 0
0.00453158 35.2924
0.00473151 75.015
0.00494026 0
0.00515822 335.535
0.0053858 132.029
0.00562341 52.1444
0.00587151 106.712
0.00613056 350.519
0.00640103 397.651
0.00668344 137.945
0.00697831 89.9681
0.00728618 230.55
0.00760764 101.095
0.00794328 0
0.00829373 118.601
0.00865964 261.585
0.0090417 162.181
0.00944061 260.655
0.00985712 177.549
0.010292 242.307
0.0107461 463.028
0.0112202 478.012
0.0117152 105.176
0.0122321 627.487
0.0127717 157.383
0.0133352 531.528
0.0139236 178.996
0.0145378 798.47
0.0151792 777.069
0.0158489 1333.63
0.0165482 870.918
0.0172783 1176.24
0.0180406 710.981
0.0188365 1162.25
0.0196675 1406.64
0.0205353 1052.4
0.0214412 867.568
0.0223872 1881.68
0.0233749 1181.73
0.0244062 1069.93
0.025483 1084.22
0.0266073 1811.46
0.0277811 2013.66
0.0290068 1905.69
0.0302866 2112.46
0.0316228 1937.91
0.0330179 1832.75
0.0344747 2795.09
0.0359956 2449.55
0.0375837 2751.15
0.0392419 3474.6
0.0409732 2347.91
0.0427809 2509.43
0.0446684 3595.15
0.0466391 4377.74
0.0486968 4452.85
0.0508452 4997.99
0.0530884 3658.63
0.0554307 4546.84
0.0578762 4600.04
0.0604296 4413.34
0.0630957 4950.9
0.0658795 5798.54
0.068786 6357.57
0.0718208 5915.77
0.0749894 5774.6
0.0782979 6571.58
0.0817523 6820.59
0.0853591 6234.69
0.0891251 8256.23
0.0930572 7618.47
0.0971628 7451.4
0.10145 8720.81
0.105925 10555.8
0.110599 9958.3
0.115478 10134.5
0.120573 7520.52
0.125893 11286.9
0.131447 9963.3
0.137246 10046.9
0.143301 9040.22
0.149624 11377.1
0.156225 11074.3
0.163117 12521.2
0.170314 11244
0.177828 11820
0.185674 10772
0.193865 11297.6
0.202418 13612.3
0.211349 11295.7
0.220673 12487
0.230409 13958.1
0.240575 12951.4
0.251189 12569.5
0.262271 12262.5
0.273842 13547.2
0.285924 12639.5
0.298538 13078.3
0.311709 10353.9
0.325462 11792.3
0.339821 12379.6
0.354813 15210.9
0.370467 13697.1
0.386812 13916.6
0.403878 14322.2
0.421697 16092.4
0.440301 12687.3
0.459727 13698.8
0.48001 14125.4
0.501187 13006.4
0.523299 14899.4
0.546387 14179.5
0.570493 13796.8
0.595662 14087.5
0.621942 12428.4
0.649382 12440
0.678032 12640.7
0.707946 11454.7
0.73918 11172.9
0.771792 10792.7
0.805842 12200.4
0.841395 11808.9
0.878517 8889.57
0.917276 10182.9
0.957745 11375.1
1 7812.34
1.04412 8056.57
1.09018 7717
1.13828 7608.2
1.1885 8154.28
1.24094 6928.07
1.29569 6063.14
1.35285 5078.58
1.41254 6104.44
1.47486 5379.24
1.53993 5668.38
1.60787 4681.23
1.6788 3885.2
1.75287 4682.4
1.83021 4471.52
1.91095 3777.97
1.99526 4060.29
2.08329 4103.91
2.1752 5239.86
2.27117 3415.59
2.37137 3442.08
2.476 3583.87
2.58523 3844.92
2.69929 3242.63
2.81838 3925.53
2.94273 3750.7
3.07256 2773.18
3.20812 3268.31
3.34965 2633.18
3.49744 2575.69
3.65174 2498.48
3.81285 2495.5
3.98107 2398.47
4.15671 2161.91
4.3401 2664.21
4.53158 1785.08
4.73151 1863.03
4.94026 2606.13
5.15822 2141.5
5.3858 1534.87
5.62341 1847.39
5.87151 1498.29
6.13056 1958.17
6.40103 1699.75
6.68344 1797.89
6.97831 1278.63
7.28618 1499.56
7.60764 1376.05
7.94328 2235.75
8.29373 1405.87
8.65964 1688.72
9.0417 1386.55
9.44061 1576.6
9.85712 1635.1
10.292 1359.46
10.7461 931.138
11.2202 1659.99
11.7152 1550.28
12.2321 1023.57
12.7717 1387.12
13.3352 1502.06
13.9236 979.774
14.5378 1355.84
15.1792 1622.91
15.8489 1434.61
16.5482 2214.75
17.2783 1454.18
18.0406 1502.61
18.8365 847.439
19.6675 1742.89
20.5353 1714.72
21.4412 1508.83
22.3872 791.908
23.3749 1397.59
24.4062 1483.77
25.483 1095.07
26.6073 1476.15
27.7811 1620.49
29.0068 2206.95
30.2866 1065.31
31.6228 1510.92
33.0179 1374.86
34.4747 1486.39
35.9956 1468.65
37.5837 1480.05
39.2419 1804.56
40.9732 2129.97
42.7809 1668.43
44.6684 1808.78
46.6391 1820.27
48.6968 1988.36
50.8452 3063.75
53.0884 2176.8
55.4307 3064.41
57.8762 3165.28
60.4296 1948.82
63.0957 3435.28
65.8795 1541.7
68.786 2661.29
71.8208 2349.52
74.9894 2116.08
78.2979 2066.01
81.7523 2875.06
85.3591 3014.08
89.1251 2025.78
93.0572 2176.92
97.1628 3166.24
101.45 2640.9
105.925 2011.61
110.599 4324.38
115.478 4080.77
120.573 3942.15
125.893 3693.15
131.447 2342.17
137.246 3342.92
143.301 3894.97
149.624 3303.05
156.225 3401.38
163.117 4413.7
170.314 3661.92
177.828 4161.96
185.674 5071.72
193.865 4270.59
202.418 3566.79
211.349 4575.63
220.673 6907.87
230.409 5602.95
240.575 6760.71
251.189 6125.5
262.271 6314.13
273.842 5065.05
285.924 7627.86
298.538 7907.52
311.709 5588.13
325.462 7055.26
339.821 7478.12
354.813 6528.01
370.467 5773.82
386.812 6123.17
403.878 3606.66
421.697 2973.29
440.301 1554.19
459.727 1323.89
480.01 1332.46
501.187 605.186
523.299 1102.18
546.387 964.052
570.493 526.029
595.662 475.373
621.942 299.73
649.382 106.932
678.032 119.88
707.946 154.689
739.18 387.164
771.792 506.717
805.842 74.0777
841.395 178.025
878.517 204.635
917.276 162.497
957.745 0
1000 0
