# First line is two numbers 
#     First value is '2', it means 'histogram mode'
#     Second value is 'Emin' of the histogram
# Other lines : 2 columns. 1) energy 2) probability (nb divided by NbEvent)
# Number of bins = 480
# Content below the first bin: 0
# Content above the last  bin: 1
# Content above the last  bin: 1
# Number of events: 209000
2 1e-06
1.04412e-06 0
1.09018e-06 0
1.13828e-06 0
1.1885e-06 0
1.24094e-06 0
1.29569e-06 0
1.35285e-06 0
1.41254e-06 0
1.47486e-06 0
1.53993e-06 0
1.60787e-06 0
1.6788e-06 0
1.75287e-06 0
1.83021e-06 0
1.91095e-06 0
1.99526e-06 0
2.08329e-06 0
2.1752e-06 0
2.27117e-06 0
2.37137e-06 0
2.476e-06 0
2.58523e-06 0
2.69929e-06 0
2.81838e-06 0
2.94273e-06 0
3.07256e-06 0
3.20812e-06 0
3.34965e-06 0
3.49744e-06 0
3.65174e-06 0
3.81285e-06 0
3.98107e-06 0
4.15671e-06 0
4.3401e-06 0
4.53158e-06 0
4.73151e-06 0
4.94026e-06 0
5.15822e-06 0
5.3858e-06 0
5.62341e-06 0
5.87151e-06 0
6.13056e-06 0
6.40103e-06 0
6.68344e-06 0
6.97831e-06 0
7.28618e-06 0
7.60764e-06 0
7.94328e-06 0
8.29373e-06 0
8.65964e-06 0
9.0417e-06 0
9.44061e-06 0
9.85712e-06 0
1.0292e-05 0
1.07461e-05 0
1.12202e-05 0
1.17152e-05 0
1.22321e-05 0
1.27717e-05 0
1.33352e-05 0
1.39236e-05 0
1.45378e-05 0
1.51792e-05 0
1.58489e-05 0
1.65482e-05 0
1.72783e-05 0
1.80406e-05 0
1.88365e-05 0
1.96675e-05 0
2.05353e-05 0
2.14412e-05 0
2.23872e-05 0
2.33749e-05 0
2.44062e-05 0
2.5483e-05 0
2.66073e-05 0
2.77811e-05 0
2.90068e-05 0
3.02866e-05 0
3.16228e-05 0
3.30179e-05 0
3.44747e-05 0
3.59956e-05 0
3.75837e-05 0
3.92419e-05 0
4.09732e-05 0
4.27809e-05 0
4.46684e-05 0
4.66391e-05 0
4.86968e-05 0
5.08452e-05 0
5.30884e-05 0
5.54307e-05 0
5.78762e-05 0
6.04296e-05 0
6.30957e-05 0
6.58795e-05 0
6.8786e-05 0
7.18208e-05 0
7.49894e-05 0
7.82979e-05 0
8.17523e-05 0
8.53591e-05 0
8.91251e-05 0
9.30572e-05 0
9.71628e-05 0
0.00010145 0
0.000105925 0
0.000110599 0
0.000115478 0
0.000120573 0
0.000125893 0
0.000131447 0
0.000137246 0
0.000143301 0
0.000149624 0
0.000156225 0
0.000163117 0
0.000170314 0
0.000177828 0
0.000185674 0
0.000193865 0
0.000202418 0
0.000211349 0
0.000220673 0
0.000230409 0
0.000240575 0
0.000251189 0
0.000262271 0
0.000273842 0
0.000285924 0
0.000298538 0
0.000311709 0
0.000325462 0
0.000339821 0
0.000354813 0
0.000370467 0
0.000386812 0
0.000403878 0
0.000421697 0
0.000440301 0
0.000459727 0
0.00048001 0
0.000501187 0
0.000523299 0
0.000546387 0
0.000570493 0
0.000595662 0
0.000621942 0
0.000649382 1
0.000678032 0
0.000707946 0
0.00073918 0
0.000771792 0
0.000805842 0
0.000841395 0
0.000878517 0
0.000917276 0
0.000957745 0
0.001 1
0.00104412 0
0.00109018 0
0.00113828 0
0.0011885 0
0.00124094 0
0.00129569 0
0.00135285 0
0.00141254 0
0.00147486 0
0.00153993 0
0.00160787 0
0.0016788 1
0.00175287 0
0.00183021 0
0.00191095 1
0.00199526 0
0.00208329 0
0.0021752 0
0.00227117 1
0.00237137 0
0.002476 0
0.00258523 0
0.00269929 1
0.00281838 1
0.00294273 0
0.00307256 1
0.00320812 1
0.00334965 0
0.00349744 1
0.00365174 0
0.00381285 0
0.00398107 0
0.00415671 1
0.0043401 1
0.00453158 1
0.00473151 0
0.00494026 0
0.00515822 0
0.0053858 1
0.00562341 1
0.00587151 1
0.00613056 1
0.00640103 3
0.00668344 3
0.00697831 2
0.00728618 2
0.00760764 1
0.00794328 1
0.00829373 2
0.00865964 3
0.0090417 2
0.00944061 4
0.00985712 2
0.010292 4
0.0107461 5
0.0112202 8
0.0117152 5
0.0122321 8
0.0127717 8
0.0133352 5
0.0139236 7
0.0145378 6
0.0151792 5
0.0158489 5
0.0165482 7
0.0172783 13
0.0180406 11
0.0188365 13
0.0196675 19
0.0205353 14
0.0214412 18
0.0223872 17
0.0233749 15
0.0244062 22
0.025483 17
0.0266073 19
0.0277811 24
0.0290068 29
0.0302866 28
0.0316228 26
0.0330179 26
0.0344747 30
0.0359956 34
0.0375837 30
0.0392419 37
0.0409732 41
0.0427809 37
0.0446684 42
0.0466391 49
0.0486968 55
0.0508452 57
0.0530884 70
0.0554307 59
0.0578762 60
0.0604296 69
0.0630957 71
0.0658795 75
0.068786 77
0.0718208 76
0.0749894 86
0.0782979 90
0.0817523 92
0.0853591 91
0.0891251 96
0.0930572 115
0.0971628 107
0.10145 119
0.105925 129
0.110599 120
0.115478 100
0.120573 121
0.125893 122
0.131447 134
0.137246 137
0.143301 141
0.149624 137
0.156225 143
0.163117 140
0.170314 157
0.177828 122
0.185674 140
0.193865 130
0.202418 154
0.211349 156
0.220673 151
0.230409 165
0.240575 169
0.251189 177
0.262271 146
0.273842 211
0.285924 157
0.298538 139
0.311709 167
0.325462 161
0.339821 182
0.354813 181
0.370467 159
0.386812 194
0.403878 159
0.421697 194
0.440301 196
0.459727 179
0.48001 175
0.501187 161
0.523299 185
0.546387 168
0.570493 159
0.595662 161
0.621942 174
0.649382 170
0.678032 173
0.707946 125
0.73918 136
0.771792 136
0.805842 135
0.841395 129
0.878517 111
0.917276 114
0.957745 122
1 124
1.04412 108
1.09018 105
1.13828 100
1.1885 97
1.24094 75
1.29569 82
1.35285 73
1.41254 68
1.47486 68
1.53993 42
1.60787 65
1.6788 66
1.75287 60
1.83021 63
1.91095 65
1.99526 62
2.08329 63
2.1752 49
2.27117 51
2.37137 51
2.476 51
2.58523 33
2.69929 43
2.81838 43
2.94273 33
3.07256 45
3.20812 37
3.34965 35
3.49744 22
3.65174 31
3.81285 28
3.98107 28
4.15671 26
4.3401 26
4.53158 30
4.73151 16
4.94026 25
5.15822 24
5.3858 33
5.62341 20
5.87151 22
6.13056 23
6.40103 23
6.68344 22
6.97831 21
7.28618 21
7.60764 19
7.94328 16
8.29373 18
8.65964 17
9.0417 14
9.44061 18
9.85712 28
10.292 17
10.7461 14
11.2202 15
11.7152 6
12.2321 20
12.7717 15
13.3352 17
13.9236 13
14.5378 21
15.1792 23
15.8489 18
16.5482 14
17.2783 26
18.0406 18
18.8365 13
19.6675 10
20.5353 21
21.4412 15
22.3872 17
23.3749 26
24.4062 17
25.483 26
26.6073 15
27.7811 17
29.0068 20
30.2866 13
31.6228 23
33.0179 11
34.4747 26
35.9956 19
37.5837 12
39.2419 22
40.9732 24
42.7809 28
44.6684 22
46.6391 28
48.6968 31
50.8452 20
53.0884 23
55.4307 25
57.8762 20
60.4296 25
63.0957 33
65.8795 38
68.786 24
71.8208 35
74.9894 37
78.2979 26
81.7523 37
85.3591 40
89.1251 35
93.0572 36
97.1628 30
101.45 42
105.925 35
110.599 38
115.478 37
120.573 37
125.893 44
131.447 36
137.246 42
143.301 48
149.624 38
156.225 43
163.117 53
170.314 47
177.828 41
185.674 52
193.865 61
202.418 60
211.349 62
220.673 63
230.409 63
240.575 79
251.189 73
262.271 77
273.842 78
285.924 91
298.538 105
311.709 80
325.462 99
339.821 94
354.813 100
370.467 79
386.812 73
403.878 45
421.697 31
440.301 37
459.727 23
480.01 9
501.187 14
523.299 12
546.387 6
570.493 6
595.662 10
621.942 3
649.382 3
678.032 6
707.946 4
739.18 1
771.792 2
805.842 2
841.395 6
878.517 2
917.276 1
957.745 1
1000 0
