# First line is two numbers 
#     First value is '2', it means 'histogram mode'
#     Second value is 'Emin' of the histogram
# Other lines : 2 columns. 1) energy 2) probability (nb divided by NbEvent)
# Number of bins = 480
# Content below the first bin: 0
# Content above the last  bin: 0
# Content above the last  bin: 0
# Number of events: 209000
2 1e-06
1.04412e-06 0
1.09018e-06 0
1.13828e-06 0
1.1885e-06 0
1.24094e-06 0
1.29569e-06 0
1.35285e-06 0
1.41254e-06 0
1.47486e-06 0
1.53993e-06 0
1.60787e-06 0
1.6788e-06 0
1.75287e-06 0
1.83021e-06 0
1.91095e-06 0
1.99526e-06 0
2.08329e-06 0
2.1752e-06 0
2.27117e-06 0
2.37137e-06 0
2.476e-06 0
2.58523e-06 0
2.69929e-06 0
2.81838e-06 0
2.94273e-06 0
3.07256e-06 0
3.20812e-06 0
3.34965e-06 0
3.49744e-06 0
3.65174e-06 0
3.81285e-06 0
3.98107e-06 0
4.15671e-06 0
4.3401e-06 0
4.53158e-06 0
4.73151e-06 0
4.94026e-06 0
5.15822e-06 0
5.3858e-06 0
5.62341e-06 0
5.87151e-06 0
6.13056e-06 0
6.40103e-06 0
6.68344e-06 0
6.97831e-06 0
7.28618e-06 0
7.60764e-06 0
7.94328e-06 0
8.29373e-06 0
8.65964e-06 0
9.0417e-06 0
9.44061e-06 0
9.85712e-06 0
1.0292e-05 0
1.07461e-05 0
1.12202e-05 0
1.17152e-05 0
1.22321e-05 0
1.27717e-05 0
1.33352e-05 0
1.39236e-05 0
1.45378e-05 0
1.51792e-05 0
1.58489e-05 0
1.65482e-05 0
1.72783e-05 0
1.80406e-05 0
1.88365e-05 0
1.96675e-05 0
2.05353e-05 0
2.14412e-05 0
2.23872e-05 0
2.33749e-05 0
2.44062e-05 0
2.5483e-05 0
2.66073e-05 0
2.77811e-05 0
2.90068e-05 0
3.02866e-05 0
3.16228e-05 0
3.30179e-05 0
3.44747e-05 0
3.59956e-05 0
3.75837e-05 0
3.92419e-05 0
4.09732e-05 0
4.27809e-05 0
4.46684e-05 0
4.66391e-05 0
4.86968e-05 0
5.08452e-05 0
5.30884e-05 0
5.54307e-05 0
5.78762e-05 0
6.04296e-05 0
6.30957e-05 0
6.58795e-05 0
6.8786e-05 0
7.18208e-05 0
7.49894e-05 0
7.82979e-05 0
8.17523e-05 0
8.53591e-05 0
8.91251e-05 0
9.30572e-05 0
9.71628e-05 0
0.00010145 0
0.000105925 0
0.000110599 0
0.000115478 0
0.000120573 0
0.000125893 0
0.000131447 0
0.000137246 0
0.000143301 0
0.000149624 0
0.000156225 0
0.000163117 0
0.000170314 0
0.000177828 0
0.000185674 0
0.000193865 0
0.000202418 0
0.000211349 0
0.000220673 0
0.000230409 0
0.000240575 0
0.000251189 0
0.000262271 0
0.000273842 0
0.000285924 0
0.000298538 0
0.000311709 0
0.000325462 0
0.000339821 0
0.000354813 0
0.000370467 0
0.000386812 0
0.000403878 0
0.000421697 0
0.000440301 0
0.000459727 0
0.00048001 0
0.000501187 0
0.000523299 0
0.000546387 0
0.000570493 0
0.000595662 0
0.000621942 0
0.000649382 0
0.000678032 0
0.000707946 0
0.00073918 0
0.000771792 0
0.000805842 0
0.000841395 0
0.000878517 0
0.000917276 0
0.000957745 0
0.001 0
0.00104412 0
0.00109018 0
0.00113828 0
0.0011885 0
0.00124094 0
0.00129569 0
0.00135285 0
0.00141254 0
0.00147486 0
0.00153993 0
0.00160787 0
0.0016788 0
0.00175287 0
0.00183021 0
0.00191095 0
0.00199526 0
0.00208329 0
0.0021752 114.668
0.00227117 0
0.00237137 0
0.002476 0
0.00258523 0
0.00269929 0
0.00281838 0
0.00294273 0
0.00307256 0
0.00320812 0
0.00334965 0
0.00349744 0
0.00365174 0
0.00381285 0
0.00398107 0
0.00415671 0
0.0043401 0
0.00453158 0
0.00473151 0
0.00494026 0
0.00515822 0
0.0053858 0
0.00562341 0
0.00587151 0
0.00613056 0
0.00640103 0
0.00668344 0
0.00697831 0
0.00728618 0
0.00760764 0
0.00794328 0
0.00829373 0
0.00865964 0
0.0090417 0
0.00944061 0
0.00985712 0
0.010292 0
0.0107461 0
0.0112202 0
0.0117152 70.8703
0.0122321 0
0.0127717 0
0.0133352 0
0.0139236 59.3139
0.0145378 0
0.0151792 0
0.0158489 0
0.0165482 0
0.0172783 0
0.0180406 0
0.0188365 118.101
0.0196675 182.553
0.0205353 247.909
0.0214412 0
0.0223872 235.529
0.0233749 0
0.0244062 58.5407
0.025483 0
0.0266073 0
0.0277811 112.812
0.0290068 0
0.0302866 382.304
0.0316228 109.938
0.0330179 73.6478
0.0344747 434.346
0.0359956 175.747
0.0375837 172.57
0.0392419 304.083
0.0409732 223.129
0.0427809 129.504
0.0446684 97.7608
0.0466391 174.131
0.0486968 242.777
0.0508452 61.2893
0.0530884 109.496
0.0554307 243.173
0.0578762 97.8936
0.0604296 279.243
0.0630957 187.653
0.0658795 0
0.068786 173.189
0.0718208 642.519
0.0749894 493.309
0.0782979 512.549
0.0817523 489.043
0.0853591 339.776
0.0891251 129.779
0.0930572 548.911
0.0971628 150.802
0.10145 314.918
0.105925 365.857
0.110599 179.126
0.115478 456.008
0.120573 489.892
0.125893 286.891
0.131447 384.48
0.137246 492.934
0.143301 340.381
0.149624 515.714
0.156225 483.359
0.163117 534.693
0.170314 540.567
0.177828 473.482
0.185674 710.072
0.193865 427.294
0.202418 861.167
0.211349 204.386
0.220673 394.607
0.230409 441.51
0.240575 687.424
0.251189 411.014
0.262271 532.348
0.273842 710.064
0.285924 183.221
0.298538 898.391
0.311709 912.656
0.325462 431.599
0.339821 585.74
0.354813 347.812
0.370467 360.881
0.386812 282.912
0.403878 835.715
0.421697 517.953
0.440301 524.225
0.459727 612.262
0.48001 1035.12
0.501187 539.137
0.523299 346.212
0.546387 426.171
0.570493 308.02
0.595662 237.655
0.621942 206.87
0.649382 522.928
0.678032 660.464
0.707946 269.667
0.73918 151.241
0.771792 352.365
0.805842 376.621
0.841395 179.968
0.878517 728.412
0.917276 890.953
0.957745 108.004
1 409.904
1.04412 392.276
1.09018 143.739
1.13828 393.384
1.1885 444.474
1.24094 348.329
1.29569 350.385
1.35285 138.566
1.41254 293.462
1.47486 82.1061
1.53993 387.439
1.60787 325.153
1.6788 320.508
1.75287 119.825
1.83021 212.565
1.91095 99.0216
1.99526 223.03
2.08329 92.7841
2.1752 0
2.27117 195.165
2.37137 138.197
2.476 94.7459
2.58523 9.83503
2.69929 98.596
2.81838 42.1376
2.94273 41.998
3.07256 201.919
3.20812 52.1743
3.34965 0
3.49744 19.654
3.65174 330.596
3.81285 77.6832
3.98107 36.1909
4.15671 68.1261
4.3401 0
4.53158 39.2947
4.73151 192.927
4.94026 0
5.15822 135.998
5.3858 194.867
5.62341 0
5.87151 175.89
6.13056 313.841
6.40103 103.225
6.68344 0
6.97831 99.7718
7.28618 0
7.60764 34.049
7.94328 147.955
8.29373 0
8.65964 88.9073
9.0417 71.1829
9.44061 216.455
9.85712 0
10.292 92.578
10.7461 185.286
11.2202 170.881
11.7152 118.611
12.2321 0
12.7717 0
13.3352 0
13.9236 0
14.5378 0
15.1792 0
15.8489 0
16.5482 27.4397
17.2783 101.006
18.0406 0
18.8365 0
19.6675 97.1374
20.5353 68.8245
21.4412 126.092
22.3872 0
23.3749 63.3304
24.4062 0
25.483 118.759
26.6073 117.596
27.7811 49.9221
29.0068 175.091
30.2866 108.296
31.6228 0
33.0179 197.444
34.4747 0
35.9956 68.1226
37.5837 110.844
39.2419 96.8867
40.9732 104.915
42.7809 0
44.6684 91.9581
46.6391 0
48.6968 206.514
50.8452 0
53.0884 0
55.4307 186.491
57.8762 0
60.4296 233.399
63.0957 0
65.8795 0
68.786 101.017
71.8208 373.731
74.9894 105.94
78.2979 80.3731
81.7523 119.156
85.3591 244.497
89.1251 0
93.0572 228.987
97.1628 43.7224
101.45 351.208
105.925 143.401
110.599 0
115.478 107.358
120.573 0
125.893 0
131.447 411.147
137.246 383.544
143.301 455.787
149.624 264.16
156.225 67.7156
163.117 209.862
170.314 202.292
177.828 0
185.674 120.354
193.865 278.11
202.418 308.569
211.349 90.1057
220.673 63.6523
230.409 153.881
240.575 0
251.189 0
262.271 0
273.842 47.4024
285.924 91.647
298.538 93.6283
311.709 0
325.462 0
339.821 0
354.813 0
370.467 0
386.812 0
403.878 0
421.697 0
440.301 0
459.727 0
480.01 57.957
501.187 0
523.299 0
546.387 0
570.493 54.8217
595.662 0
621.942 0
649.382 0
678.032 0
707.946 0
739.18 0
771.792 0
805.842 0
841.395 0
878.517 0
917.276 0
957.745 0
1000 0
