# First line is two numbers 
#     First value is '2', it means 'histogram mode'
#     Second value is 'Emin' of the histogram
# Other lines : 2 columns. 1) energy 2) probability (nb divided by NbEvent)
# Number of bins = 480
# Content below the first bin: 0
# Content above the last  bin: 0
# Content above the last  bin: 0
# Number of events: 209000
2 1e-06
1.04412e-06 0
1.09018e-06 0
1.13828e-06 0
1.1885e-06 0
1.24094e-06 0
1.29569e-06 0
1.35285e-06 0
1.41254e-06 0
1.47486e-06 0
1.53993e-06 0
1.60787e-06 0
1.6788e-06 0
1.75287e-06 0
1.83021e-06 0
1.91095e-06 0
1.99526e-06 0
2.08329e-06 0
2.1752e-06 0
2.27117e-06 0
2.37137e-06 0
2.476e-06 0
2.58523e-06 0
2.69929e-06 0
2.81838e-06 0
2.94273e-06 0
3.07256e-06 0
3.20812e-06 0
3.34965e-06 0
3.49744e-06 0
3.65174e-06 0
3.81285e-06 0
3.98107e-06 0
4.15671e-06 0
4.3401e-06 0
4.53158e-06 0
4.73151e-06 0
4.94026e-06 0
5.15822e-06 0
5.3858e-06 0
5.62341e-06 0
5.87151e-06 0
6.13056e-06 0
6.40103e-06 0
6.68344e-06 0
6.97831e-06 0
7.28618e-06 0
7.60764e-06 0
7.94328e-06 0
8.29373e-06 0
8.65964e-06 0
9.0417e-06 0
9.44061e-06 0
9.85712e-06 0
1.0292e-05 0
1.07461e-05 0
1.12202e-05 0
1.17152e-05 0
1.22321e-05 0
1.27717e-05 0
1.33352e-05 0
1.39236e-05 0
1.45378e-05 0
1.51792e-05 0
1.58489e-05 0
1.65482e-05 0
1.72783e-05 0
1.80406e-05 0
1.88365e-05 0
1.96675e-05 0
2.05353e-05 0
2.14412e-05 0
2.23872e-05 0
2.33749e-05 0
2.44062e-05 0
2.5483e-05 0
2.66073e-05 0
2.77811e-05 0
2.90068e-05 0
3.02866e-05 0
3.16228e-05 0
3.30179e-05 0
3.44747e-05 0
3.59956e-05 0
3.75837e-05 0
3.92419e-05 0
4.09732e-05 0
4.27809e-05 0
4.46684e-05 0
4.66391e-05 0
4.86968e-05 0
5.08452e-05 0
5.30884e-05 0
5.54307e-05 0
5.78762e-05 0
6.04296e-05 0
6.30957e-05 0
6.58795e-05 0
6.8786e-05 0
7.18208e-05 0
7.49894e-05 0
7.82979e-05 0
8.17523e-05 0
8.53591e-05 0
8.91251e-05 0
9.30572e-05 0
9.71628e-05 0
0.00010145 0
0.000105925 0
0.000110599 0
0.000115478 0
0.000120573 0
0.000125893 0
0.000131447 0
0.000137246 0
0.000143301 0
0.000149624 0
0.000156225 0
0.000163117 0
0.000170314 0
0.000177828 0
0.000185674 0
0.000193865 0
0.000202418 0
0.000211349 0
0.000220673 0
0.000230409 0
0.000240575 0
0.000251189 0
0.000262271 0
0.000273842 0
0.000285924 0
0.000298538 0
0.000311709 0
0.000325462 0
0.000339821 0
0.000354813 0
0.000370467 0
0.000386812 0
0.000403878 0
0.000421697 0
0.000440301 0
0.000459727 0
0.00048001 0
0.000501187 0
0.000523299 0
0.000546387 0
0.000570493 0
0.000595662 0
0.000621942 0
0.000649382 0
0.000678032 0
0.000707946 0
0.00073918 0
0.000771792 0
0.000805842 0
0.000841395 0
0.000878517 0
0.000917276 0
0.000957745 0
0.001 0
0.00104412 0
0.00109018 0
0.00113828 0
0.0011885 0
0.00124094 0
0.00129569 0
0.00135285 0
0.00141254 0
0.00147486 0
0.00153993 0
0.00160787 0
0.0016788 0
0.00175287 0
0.00183021 0
0.00191095 0
0.00199526 0
0.00208329 0
0.0021752 0
0.00227117 0
0.00237137 0
0.002476 79.7581
0.00258523 0
0.00269929 0
0.00281838 0
0.00294273 0
0.00307256 0
0.00320812 0
0.00334965 0
0.00349744 0
0.00365174 0
0.00381285 0
0.00398107 0
0.00415671 0
0.0043401 0
0.00453158 0
0.00473151 0
0.00494026 0
0.00515822 0
0.0053858 0
0.00562341 0
0.00587151 0
0.00613056 0
0.00640103 0
0.00668344 0
0.00697831 0
0.00728618 83.2409
0.00760764 0
0.00794328 0
0.00829373 0
0.00865964 0
0.0090417 0
0.00944061 0
0.00985712 7.97213
0.010292 0
0.0107461 0
0.0112202 0
0.0117152 0
0.0122321 0
0.0127717 0
0.0133352 60.843
0.0139236 47.2742
0.0145378 0
0.0151792 0
0.0158489 0
0.0165482 189.036
0.0172783 0
0.0180406 107.608
0.0188365 0
0.0196675 0
0.0205353 100.332
0.0214412 86.655
0.0223872 63.329
0.0233749 113.585
0.0244062 115.291
0.025483 212.399
0.0266073 0
0.0277811 0
0.0290068 0
0.0302866 79.1197
0.0316228 88.2795
0.0330179 64.0023
0.0344747 101.971
0.0359956 215.943
0.0375837 203.209
0.0392419 32.4491
0.0409732 0
0.0427809 60.8321
0.0446684 212.87
0.0466391 240.406
0.0486968 173.276
0.0508452 164.871
0.0530884 382.462
0.0554307 162.979
0.0578762 180.31
0.0604296 473.98
0.0630957 510.93
0.0658795 122.859
0.068786 223.471
0.0718208 234.18
0.0749894 219.72
0.0782979 183.768
0.0817523 475.972
0.0853591 133.772
0.0891251 205.719
0.0930572 124.177
0.0971628 259.501
0.10145 190.504
0.105925 215.608
0.110599 190.558
0.115478 353.916
0.120573 253.874
0.125893 647.579
0.131447 402.992
0.137246 282.438
0.143301 413.179
0.149624 255.362
0.156225 373.883
0.163117 648.383
0.170314 750.785
0.177828 665.621
0.185674 387.105
0.193865 129.486
0.202418 159.485
0.211349 519.851
0.220673 963.876
0.230409 307.688
0.240575 308.513
0.251189 1057.24
0.262271 717.164
0.273842 735.88
0.285924 388.766
0.298538 329.596
0.311709 330.41
0.325462 198.184
0.339821 319.608
0.354813 537.299
0.370467 685.772
0.386812 515.548
0.403878 489.349
0.421697 357.603
0.440301 243.02
0.459727 714.304
0.48001 735.322
0.501187 150.616
0.523299 712.934
0.546387 504.836
0.570493 117.028
0.595662 480.406
0.621942 354.859
0.649382 330.42
0.678032 542.135
0.707946 135.383
0.73918 392.123
0.771792 745.287
0.805842 133.241
0.841395 611.677
0.878517 243.736
0.917276 465.306
0.957745 586.139
1 338.871
1.04412 495.796
1.09018 443.821
1.13828 315.282
1.1885 568.304
1.24094 310.841
1.29569 318.502
1.35285 35.9217
1.41254 118.22
1.47486 206.239
1.53993 102.97
1.60787 0
1.6788 113.078
1.75287 211.529
1.83021 60.708
1.91095 45.0419
1.99526 112.231
2.08329 0
2.1752 137.137
2.27117 42.5558
2.37137 63.166
2.476 119.006
2.58523 29.6981
2.69929 0
2.81838 268.907
2.94273 106.007
3.07256 53.6875
3.20812 79.1745
3.34965 0
3.49744 75.5998
3.65174 149.029
3.81285 99.0421
3.98107 86.0079
4.15671 8.43656
4.3401 0
4.53158 165.369
4.73151 138.68
4.94026 74.7755
5.15822 188.696
5.3858 62.7038
5.62341 190.044
5.87151 58.3851
6.13056 115.407
6.40103 0
6.68344 92.8482
6.97831 0
7.28618 138.548
7.60764 182.806
7.94328 291.417
8.29373 0
8.65964 112.581
9.0417 70.8449
9.44061 0
9.85712 0
10.292 117.1
10.7461 95.3552
11.2202 60.4614
11.7152 0
12.2321 0
12.7717 0
13.3352 0
13.9236 0
14.5378 131.739
15.1792 0
15.8489 134.72
16.5482 0
17.2783 60.9237
18.0406 0
18.8365 26.0667
19.6675 103.728
20.5353 151.006
21.4412 321.511
22.3872 0
23.3749 0
24.4062 136.496
25.483 12.2269
26.6073 0
27.7811 117.115
29.0068 0
30.2866 0
31.6228 80.8193
33.0179 0
34.4747 38.0005
35.9956 47.1615
37.5837 178.902
39.2419 0
40.9732 161.16
42.7809 0
44.6684 86.7632
46.6391 188.838
48.6968 221.194
50.8452 60.6888
53.0884 111.975
55.4307 250.029
57.8762 84.6583
60.4296 79.2698
63.0957 201.772
65.8795 112.052
68.786 114.166
71.8208 111.639
74.9894 365.682
78.2979 207.843
81.7523 48.53
85.3591 103.793
89.1251 325.809
93.0572 0
97.1628 197.118
101.45 201.708
105.925 136.899
110.599 225.272
115.478 181.065
120.573 343.331
125.893 204.677
131.447 0
137.246 203.92
143.301 389.295
149.624 179.126
156.225 117.84
163.117 0
170.314 488.115
177.828 32.9544
185.674 226.019
193.865 0
202.418 73.92
211.349 102.453
220.673 184.637
230.409 147.73
240.575 0
251.189 50.0453
262.271 0
273.842 211.501
285.924 0
298.538 32.7376
311.709 0
325.462 0
339.821 53.6028
354.813 0
370.467 0
386.812 30.403
403.878 112.523
421.697 0
440.301 0
459.727 0
480.01 0
501.187 0
523.299 0
546.387 0
570.493 0
595.662 0
621.942 0
649.382 0
678.032 0
707.946 0
739.18 0
771.792 0
805.842 0
841.395 0
878.517 0
917.276 0
957.745 0
1000 0
