# First line is two numbers 
#     First value is '2', it means 'histogram mode'
#     Second value is 'Emin' of the histogram
# Other lines : 2 columns. 1) energy 2) probability (nb divided by NbEvent)
# Number of bins = 480
# Content below the first bin: 0
# Content above the last  bin: 0
# Content above the last  bin: 0
# Number of events: 209000
2 1e-06
1.04412e-06 0
1.09018e-06 0
1.13828e-06 0
1.1885e-06 0
1.24094e-06 0
1.29569e-06 0
1.35285e-06 0
1.41254e-06 0
1.47486e-06 0
1.53993e-06 0
1.60787e-06 0
1.6788e-06 0
1.75287e-06 0
1.83021e-06 0
1.91095e-06 0
1.99526e-06 0
2.08329e-06 0
2.1752e-06 0
2.27117e-06 0
2.37137e-06 0
2.476e-06 0
2.58523e-06 0
2.69929e-06 0
2.81838e-06 0
2.94273e-06 0
3.07256e-06 0
3.20812e-06 0
3.34965e-06 0
3.49744e-06 0
3.65174e-06 0
3.81285e-06 0
3.98107e-06 0
4.15671e-06 0
4.3401e-06 0
4.53158e-06 0
4.73151e-06 0
4.94026e-06 0
5.15822e-06 0
5.3858e-06 0
5.62341e-06 0
5.87151e-06 0
6.13056e-06 0
6.40103e-06 0
6.68344e-06 0
6.97831e-06 0
7.28618e-06 0
7.60764e-06 0
7.94328e-06 0
8.29373e-06 0
8.65964e-06 0
9.0417e-06 0
9.44061e-06 0
9.85712e-06 0
1.0292e-05 0
1.07461e-05 0
1.12202e-05 0
1.17152e-05 0
1.22321e-05 0
1.27717e-05 0
1.33352e-05 0
1.39236e-05 0
1.45378e-05 0
1.51792e-05 0
1.58489e-05 0
1.65482e-05 0
1.72783e-05 0
1.80406e-05 0
1.88365e-05 0
1.96675e-05 0
2.05353e-05 0
2.14412e-05 0
2.23872e-05 0
2.33749e-05 0
2.44062e-05 0
2.5483e-05 0
2.66073e-05 0
2.77811e-05 0
2.90068e-05 0
3.02866e-05 0
3.16228e-05 0
3.30179e-05 0
3.44747e-05 0
3.59956e-05 0
3.75837e-05 0
3.92419e-05 0
4.09732e-05 0
4.27809e-05 0
4.46684e-05 0
4.66391e-05 0
4.86968e-05 0
5.08452e-05 0
5.30884e-05 0
5.54307e-05 0
5.78762e-05 0
6.04296e-05 0
6.30957e-05 0
6.58795e-05 0
6.8786e-05 0
7.18208e-05 0
7.49894e-05 0
7.82979e-05 0
8.17523e-05 0
8.53591e-05 0
8.91251e-05 0
9.30572e-05 0
9.71628e-05 0
0.00010145 0
0.000105925 0
0.000110599 0
0.000115478 0
0.000120573 0
0.000125893 0
0.000131447 0
0.000137246 0
0.000143301 0
0.000149624 0
0.000156225 0
0.000163117 0
0.000170314 0
0.000177828 0
0.000185674 0
0.000193865 0
0.000202418 0
0.000211349 0
0.000220673 0
0.000230409 0
0.000240575 0
0.000251189 0
0.000262271 0
0.000273842 0
0.000285924 0
0.000298538 0
0.000311709 0
0.000325462 0
0.000339821 0
0.000354813 0
0.000370467 0
0.000386812 0
0.000403878 0
0.000421697 0
0.000440301 0
0.000459727 0
0.00048001 0
0.000501187 0
0.000523299 0
0.000546387 0
0.000570493 0
0.000595662 0
0.000621942 0
0.000649382 0
0.000678032 0
0.000707946 0
0.00073918 0
0.000771792 0
0.000805842 0
0.000841395 0
0.000878517 1
0.000917276 0
0.000957745 0
0.001 0
0.00104412 0
0.00109018 0
0.00113828 0
0.0011885 0
0.00124094 0
0.00129569 0
0.00135285 0
0.00141254 0
0.00147486 0
0.00153993 0
0.00160787 0
0.0016788 0
0.00175287 0
0.00183021 0
0.00191095 1
0.00199526 2
0.00208329 0
0.0021752 0
0.00227117 1
0.00237137 0
0.002476 0
0.00258523 1
0.00269929 0
0.00281838 3
0.00294273 0
0.00307256 0
0.00320812 0
0.00334965 0
0.00349744 0
0.00365174 0
0.00381285 1
0.00398107 0
0.00415671 0
0.0043401 1
0.00453158 1
0.00473151 1
0.00494026 0
0.00515822 1
0.0053858 0
0.00562341 1
0.00587151 1
0.00613056 0
0.00640103 1
0.00668344 1
0.00697831 0
0.00728618 0
0.00760764 1
0.00794328 3
0.00829373 4
0.00865964 3
0.0090417 1
0.00944061 1
0.00985712 3
0.010292 1
0.0107461 3
0.0112202 5
0.0117152 3
0.0122321 1
0.0127717 4
0.0133352 1
0.0139236 0
0.0145378 7
0.0151792 7
0.0158489 3
0.0165482 8
0.0172783 6
0.0180406 5
0.0188365 9
0.0196675 9
0.0205353 8
0.0214412 6
0.0223872 11
0.0233749 11
0.0244062 6
0.025483 12
0.0266073 13
0.0277811 16
0.0290068 8
0.0302866 9
0.0316228 12
0.0330179 14
0.0344747 24
0.0359956 20
0.0375837 15
0.0392419 20
0.0409732 27
0.0427809 23
0.0446684 27
0.0466391 27
0.0486968 22
0.0508452 35
0.0530884 33
0.0554307 31
0.0578762 20
0.0604296 28
0.0630957 32
0.0658795 42
0.068786 34
0.0718208 47
0.0749894 37
0.0782979 45
0.0817523 55
0.0853591 43
0.0891251 55
0.0930572 48
0.0971628 49
0.10145 57
0.105925 79
0.110599 68
0.115478 64
0.120573 79
0.125893 82
0.131447 89
0.137246 72
0.143301 76
0.149624 73
0.156225 82
0.163117 85
0.170314 85
0.177828 90
0.185674 103
0.193865 88
0.202418 96
0.211349 95
0.220673 116
0.230409 121
0.240575 104
0.251189 111
0.262271 114
0.273842 121
0.285924 112
0.298538 111
0.311709 117
0.325462 133
0.339821 123
0.354813 119
0.370467 118
0.386812 134
0.403878 125
0.421697 114
0.440301 125
0.459727 127
0.48001 123
0.501187 148
0.523299 142
0.546387 137
0.570493 118
0.595662 133
0.621942 152
0.649382 143
0.678032 115
0.707946 114
0.73918 134
0.771792 131
0.805842 114
0.841395 105
0.878517 100
0.917276 97
0.957745 85
1 101
1.04412 89
1.09018 89
1.13828 83
1.1885 57
1.24094 65
1.29569 69
1.35285 71
1.41254 61
1.47486 61
1.53993 50
1.60787 49
1.6788 58
1.75287 51
1.83021 48
1.91095 47
1.99526 33
2.08329 56
2.1752 35
2.27117 52
2.37137 37
2.476 49
2.58523 43
2.69929 33
2.81838 34
2.94273 31
3.07256 29
3.20812 41
3.34965 32
3.49744 45
3.65174 25
3.81285 32
3.98107 31
4.15671 31
4.3401 32
4.53158 31
4.73151 36
4.94026 27
5.15822 25
5.3858 23
5.62341 38
5.87151 18
6.13056 24
6.40103 23
6.68344 24
6.97831 14
7.28618 24
7.60764 17
7.94328 26
8.29373 25
8.65964 19
9.0417 21
9.44061 25
9.85712 20
10.292 5
10.7461 20
11.2202 22
11.7152 13
12.2321 13
12.7717 16
13.3352 21
13.9236 14
14.5378 17
15.1792 18
15.8489 22
16.5482 21
17.2783 23
18.0406 18
18.8365 17
19.6675 11
20.5353 13
21.4412 19
22.3872 9
23.3749 24
24.4062 21
25.483 16
26.6073 23
27.7811 21
29.0068 14
30.2866 25
31.6228 22
33.0179 17
34.4747 29
35.9956 24
37.5837 16
39.2419 24
40.9732 28
42.7809 13
44.6684 24
46.6391 25
48.6968 23
50.8452 29
53.0884 29
55.4307 25
57.8762 31
60.4296 25
63.0957 27
65.8795 31
68.786 32
71.8208 39
74.9894 26
78.2979 29
81.7523 47
85.3591 38
89.1251 41
93.0572 24
97.1628 46
101.45 32
105.925 39
110.599 25
115.478 37
120.573 36
125.893 39
131.447 38
137.246 40
143.301 35
149.624 44
156.225 49
163.117 62
170.314 61
177.828 54
185.674 67
193.865 71
202.418 68
211.349 58
220.673 79
230.409 77
240.575 82
251.189 90
262.271 88
273.842 81
285.924 109
298.538 87
311.709 104
325.462 125
339.821 130
354.813 129
370.467 123
386.812 93
403.878 74
421.697 74
440.301 40
459.727 39
480.01 34
501.187 21
523.299 16
546.387 16
570.493 15
595.662 2
621.942 5
649.382 4
678.032 5
707.946 7
739.18 3
771.792 3
805.842 4
841.395 0
878.517 1
917.276 1
957.745 0
1000 0
