# First line is two numbers 
#     First value is '2', it means 'histogram mode'
#     Second value is 'Emin' of the histogram
# Other lines : 2 columns. 1) energy 2) probability (nb divided by NbEvent)
# Number of bins = 480
# Content below the first bin: 0
# Content above the last  bin: 0
# Content above the last  bin: 0
# Number of events: 209000
2 1e-06
1.04412e-06 0
1.09018e-06 0
1.13828e-06 0
1.1885e-06 0
1.24094e-06 0
1.29569e-06 0
1.35285e-06 0
1.41254e-06 0
1.47486e-06 0
1.53993e-06 0
1.60787e-06 0
1.6788e-06 0
1.75287e-06 0
1.83021e-06 0
1.91095e-06 0
1.99526e-06 0
2.08329e-06 0
2.1752e-06 0
2.27117e-06 0
2.37137e-06 0
2.476e-06 0
2.58523e-06 0
2.69929e-06 0
2.81838e-06 0
2.94273e-06 0
3.07256e-06 0
3.20812e-06 0
3.34965e-06 0
3.49744e-06 0
3.65174e-06 0
3.81285e-06 0
3.98107e-06 0
4.15671e-06 0
4.3401e-06 0
4.53158e-06 0
4.73151e-06 0
4.94026e-06 0
5.15822e-06 0
5.3858e-06 0
5.62341e-06 0
5.87151e-06 0
6.13056e-06 0
6.40103e-06 0
6.68344e-06 0
6.97831e-06 0
7.28618e-06 0
7.60764e-06 0
7.94328e-06 0
8.29373e-06 0
8.65964e-06 0
9.0417e-06 0
9.44061e-06 0
9.85712e-06 0
1.0292e-05 0
1.07461e-05 0
1.12202e-05 0
1.17152e-05 0
1.22321e-05 0
1.27717e-05 0
1.33352e-05 0
1.39236e-05 0
1.45378e-05 0
1.51792e-05 0
1.58489e-05 0
1.65482e-05 0
1.72783e-05 0
1.80406e-05 0
1.88365e-05 0
1.96675e-05 0
2.05353e-05 0
2.14412e-05 0
2.23872e-05 0
2.33749e-05 0
2.44062e-05 0
2.5483e-05 0
2.66073e-05 0
2.77811e-05 0
2.90068e-05 0
3.02866e-05 0
3.16228e-05 0
3.30179e-05 0
3.44747e-05 0
3.59956e-05 0
3.75837e-05 0
3.92419e-05 0
4.09732e-05 0
4.27809e-05 0
4.46684e-05 0
4.66391e-05 0
4.86968e-05 0
5.08452e-05 0
5.30884e-05 0
5.54307e-05 0
5.78762e-05 0
6.04296e-05 0
6.30957e-05 0
6.58795e-05 0
6.8786e-05 0
7.18208e-05 0
7.49894e-05 0
7.82979e-05 0
8.17523e-05 0
8.53591e-05 0
8.91251e-05 0
9.30572e-05 0
9.71628e-05 0
0.00010145 0
0.000105925 0
0.000110599 0
0.000115478 0
0.000120573 0
0.000125893 0
0.000131447 0
0.000137246 0
0.000143301 0
0.000149624 0
0.000156225 0
0.000163117 0
0.000170314 0
0.000177828 0
0.000185674 0
0.000193865 0
0.000202418 0
0.000211349 0
0.000220673 0
0.000230409 0
0.000240575 0
0.000251189 0
0.000262271 0
0.000273842 0
0.000285924 0
0.000298538 0
0.000311709 0
0.000325462 0
0.000339821 0
0.000354813 0
0.000370467 0
0.000386812 0
0.000403878 0
0.000421697 0
0.000440301 0
0.000459727 0
0.00048001 0
0.000501187 0
0.000523299 0
0.000546387 0
0.000570493 0
0.000595662 0
0.000621942 0
0.000649382 0
0.000678032 0
0.000707946 0
0.00073918 0
0.000771792 0
0.000805842 0
0.000841395 0
0.000878517 0
0.000917276 0
0.000957745 0
0.001 0
0.00104412 0
0.00109018 0
0.00113828 0
0.0011885 0
0.00124094 0
0.00129569 0
0.00135285 0
0.00141254 0
0.00147486 0
0.00153993 0
0.00160787 0
0.0016788 0
0.00175287 0
0.00183021 0
0.00191095 0
0.00199526 0
0.00208329 0
0.0021752 0
0.00227117 0
0.00237137 0
0.002476 0
0.00258523 0
0.00269929 0
0.00281838 84.6985
0.00294273 0
0.00307256 0
0.00320812 0
0.00334965 0
0.00349744 0
0.00365174 0
0.00381285 0
0.00398107 0
0.00415671 0
0.0043401 0
0.00453158 0
0.00473151 0
0.00494026 0
0.00515822 0
0.0053858 114.033
0.00562341 0
0.00587151 0
0.00613056 0
0.00640103 0
0.00668344 0
0.00697831 119.147
0.00728618 0
0.00760764 0
0.00794328 0
0.00829373 49.3133
0.00865964 0
0.0090417 0
0.00944061 0
0.00985712 0
0.010292 0
0.0107461 0
0.0112202 0
0.0117152 108.494
0.0122321 0
0.0127717 0
0.0133352 0
0.0139236 0
0.0145378 87.0215
0.0151792 0
0.0158489 0
0.0165482 113.303
0.0172783 123.952
0.0180406 0
0.0188365 79.7252
0.0196675 0
0.0205353 0
0.0214412 60.94
0.0223872 136.035
0.0233749 41.8806
0.0244062 267.429
0.025483 87.0665
0.0266073 237.131
0.0277811 0
0.0290068 209.764
0.0302866 157.215
0.0316228 90.2852
0.0330179 47.5181
0.0344747 175.509
0.0359956 365.134
0.0375837 210.989
0.0392419 298.24
0.0409732 453.793
0.0427809 151.652
0.0446684 253.739
0.0466391 392.309
0.0486968 318.432
0.0508452 989.49
0.0530884 27.6369
0.0554307 190.27
0.0578762 150.893
0.0604296 534.713
0.0630957 675.843
0.0658795 395.534
0.068786 821.179
0.0718208 552.496
0.0749894 637.239
0.0782979 488.636
0.0817523 469.765
0.0853591 955.193
0.0891251 1080.54
0.0930572 887.971
0.0971628 862.657
0.10145 318.231
0.105925 770.686
0.110599 723.38
0.115478 829.421
0.120573 796.071
0.125893 1012.81
0.131447 824.984
0.137246 1403.47
0.143301 1109.25
0.149624 613.103
0.156225 1422.26
0.163117 1423.52
0.170314 1021.49
0.177828 1480.89
0.185674 1141.92
0.193865 785.482
0.202418 1265.57
0.211349 681.111
0.220673 1567.6
0.230409 532.345
0.240575 1044.84
0.251189 1491.02
0.262271 946.109
0.273842 1091.87
0.285924 1220.36
0.298538 1012.15
0.311709 1775.43
0.325462 916.557
0.339821 1168.94
0.354813 1106.58
0.370467 1978.37
0.386812 1231.85
0.403878 1017.88
0.421697 1395.89
0.440301 957.784
0.459727 1118.35
0.48001 1125.79
0.501187 996.567
0.523299 1067.24
0.546387 797.619
0.570493 2143.36
0.595662 1611.42
0.621942 1984.35
0.649382 1558.07
0.678032 905.486
0.707946 1194.09
0.73918 1435.12
0.771792 1238.04
0.805842 437.489
0.841395 1175.45
0.878517 962.237
0.917276 834.118
0.957745 726.041
1 547.789
1.04412 681.656
1.09018 597.38
1.13828 923.034
1.1885 738.007
1.24094 497.216
1.29569 427.574
1.35285 492.479
1.41254 316.144
1.47486 593.092
1.53993 799.699
1.60787 641.54
1.6788 824.64
1.75287 458.301
1.83021 645.112
1.91095 293.755
1.99526 274.264
2.08329 481.562
2.1752 193.393
2.27117 391.608
2.37137 414.731
2.476 589.881
2.58523 230.403
2.69929 330.096
2.81838 381.407
2.94273 207.16
3.07256 317.952
3.20812 197.576
3.34965 157.928
3.49744 83.3667
3.65174 291.966
3.81285 122.493
3.98107 85.6254
4.15671 131.988
4.3401 331.357
4.53158 272.108
4.73151 76.3295
4.94026 184.694
5.15822 484.401
5.3858 72.9562
5.62341 37.7111
5.87151 220.01
6.13056 146.115
6.40103 195.515
6.68344 344.069
6.97831 0
7.28618 270.653
7.60764 139.495
7.94328 118.478
8.29373 113.611
8.65964 113.094
9.0417 232.921
9.44061 95.3062
9.85712 293.417
10.292 50.8112
10.7461 534.132
11.2202 187.996
11.7152 0
12.2321 36.8658
12.7717 77.5966
13.3352 54.0118
13.9236 355.008
14.5378 66.8804
15.1792 0
15.8489 290.424
16.5482 99.2558
17.2783 304.715
18.0406 121.21
18.8365 168.567
19.6675 70.7772
20.5353 74.1403
21.4412 0
22.3872 81.1137
23.3749 0
24.4062 109.062
25.483 196.314
26.6073 0
27.7811 104.544
29.0068 0
30.2866 211.217
31.6228 284.022
33.0179 92.7239
34.4747 77.3971
35.9956 0
37.5837 318.699
39.2419 0
40.9732 29.3532
42.7809 211.625
44.6684 258.687
46.6391 364.325
48.6968 187.672
50.8452 0
53.0884 88.8645
55.4307 344.052
57.8762 80.0116
60.4296 268.545
63.0957 165.718
65.8795 236.164
68.786 241.538
71.8208 391.854
74.9894 0
78.2979 496.092
81.7523 468.805
85.3591 81.3153
89.1251 98.312
93.0572 107.708
97.1628 153.668
101.45 111.819
105.925 104.849
110.599 387.294
115.478 213.723
120.573 156.981
125.893 171.965
131.447 222.302
137.246 151.762
143.301 250.688
149.624 60.0568
156.225 362.912
163.117 456.919
170.314 236.119
177.828 260.776
185.674 26.5312
193.865 215.966
202.418 364.84
211.349 224.392
220.673 192.645
230.409 218.025
240.575 512.152
251.189 229.121
262.271 174.992
273.842 424.565
285.924 264.934
298.538 48.4584
311.709 223.81
325.462 233.989
339.821 228.415
354.813 0
370.467 0
386.812 0
403.878 0
421.697 0
440.301 0
459.727 0
480.01 0
501.187 169.938
523.299 0
546.387 0
570.493 0
595.662 0
621.942 0
649.382 0
678.032 0
707.946 119.128
739.18 0
771.792 0
805.842 0
841.395 0
878.517 0
917.276 0
957.745 0
1000 0
