# First line is two numbers 
#     First value is '2', it means 'histogram mode'
#     Second value is 'Emin' of the histogram
# Other lines : 2 columns. 1) energy 2) probability (nb divided by NbEvent)
# Number of bins = 480
# Content below the first bin: 0
# Content above the last  bin: 0
# Content above the last  bin: 0
# Number of events: 209000
2 1e-06
1.04412e-06 0
1.09018e-06 0
1.13828e-06 0
1.1885e-06 0
1.24094e-06 0
1.29569e-06 0
1.35285e-06 0
1.41254e-06 0
1.47486e-06 0
1.53993e-06 0
1.60787e-06 0
1.6788e-06 0
1.75287e-06 0
1.83021e-06 0
1.91095e-06 0
1.99526e-06 0
2.08329e-06 0
2.1752e-06 0
2.27117e-06 0
2.37137e-06 0
2.476e-06 0
2.58523e-06 0
2.69929e-06 0
2.81838e-06 0
2.94273e-06 0
3.07256e-06 0
3.20812e-06 0
3.34965e-06 0
3.49744e-06 0
3.65174e-06 0
3.81285e-06 0
3.98107e-06 0
4.15671e-06 0
4.3401e-06 0
4.53158e-06 0
4.73151e-06 0
4.94026e-06 0
5.15822e-06 0
5.3858e-06 0
5.62341e-06 0
5.87151e-06 0
6.13056e-06 0
6.40103e-06 0
6.68344e-06 0
6.97831e-06 0
7.28618e-06 0
7.60764e-06 0
7.94328e-06 0
8.29373e-06 0
8.65964e-06 0
9.0417e-06 0
9.44061e-06 0
9.85712e-06 0
1.0292e-05 0
1.07461e-05 0
1.12202e-05 0
1.17152e-05 0
1.22321e-05 0
1.27717e-05 0
1.33352e-05 0
1.39236e-05 0
1.45378e-05 0
1.51792e-05 0
1.58489e-05 0
1.65482e-05 0
1.72783e-05 0
1.80406e-05 0
1.88365e-05 0
1.96675e-05 0
2.05353e-05 0
2.14412e-05 0
2.23872e-05 0
2.33749e-05 0
2.44062e-05 0
2.5483e-05 0
2.66073e-05 0
2.77811e-05 0
2.90068e-05 0
3.02866e-05 0
3.16228e-05 0
3.30179e-05 0
3.44747e-05 0
3.59956e-05 0
3.75837e-05 0
3.92419e-05 0
4.09732e-05 0
4.27809e-05 0
4.46684e-05 0
4.66391e-05 0
4.86968e-05 0
5.08452e-05 0
5.30884e-05 0
5.54307e-05 0
5.78762e-05 0
6.04296e-05 0
6.30957e-05 0
6.58795e-05 0
6.8786e-05 0
7.18208e-05 0
7.49894e-05 0
7.82979e-05 0
8.17523e-05 0
8.53591e-05 0
8.91251e-05 0
9.30572e-05 0
9.71628e-05 0
0.00010145 0
0.000105925 0
0.000110599 0
0.000115478 0
0.000120573 0
0.000125893 0
0.000131447 0
0.000137246 0
0.000143301 0
0.000149624 0
0.000156225 0
0.000163117 0
0.000170314 0
0.000177828 0
0.000185674 0
0.000193865 0
0.000202418 0
0.000211349 0
0.000220673 0
0.000230409 0
0.000240575 0
0.000251189 0
0.000262271 0
0.000273842 0
0.000285924 0
0.000298538 0
0.000311709 0
0.000325462 0
0.000339821 0
0.000354813 0
0.000370467 0
0.000386812 0
0.000403878 0
0.000421697 0
0.000440301 0
0.000459727 0
0.00048001 0
0.000501187 0
0.000523299 0
0.000546387 0
0.000570493 0
0.000595662 0
0.000621942 0
0.000649382 0
0.000678032 0
0.000707946 0
0.00073918 0
0.000771792 0
0.000805842 0
0.000841395 0
0.000878517 0
0.000917276 0
0.000957745 0
0.001 0
0.00104412 0
0.00109018 0
0.00113828 0
0.0011885 0
0.00124094 0
0.00129569 0
0.00135285 0
0.00141254 0
0.00147486 0
0.00153993 0
0.00160787 0
0.0016788 0
0.00175287 0
0.00183021 0
0.00191095 0
0.00199526 0
0.00208329 0
0.0021752 0
0.00227117 0
0.00237137 0
0.002476 0
0.00258523 0
0.00269929 0
0.00281838 0
0.00294273 0
0.00307256 0
0.00320812 0
0.00334965 102.78
0.00349744 0
0.00365174 0
0.00381285 0
0.00398107 0
0.00415671 0
0.0043401 0
0.00453158 0
0.00473151 0
0.00494026 0
0.00515822 0
0.0053858 0
0.00562341 0
0.00587151 61.8875
0.00613056 0
0.00640103 0
0.00668344 102.999
0.00697831 0
0.00728618 0
0.00760764 0
0.00794328 0
0.00829373 0
0.00865964 71.9786
0.0090417 0
0.00944061 0
0.00985712 6.0933
0.010292 32.6527
0.0107461 185.61
0.0112202 109.456
0.0117152 92.7918
0.0122321 0
0.0127717 0
0.0133352 0
0.0139236 67.1764
0.0145378 77.616
0.0151792 19.4474
0.0158489 132.824
0.0165482 199.664
0.0172783 119.88
0.0180406 61.0667
0.0188365 182.721
0.0196675 42.1433
0.0205353 85.4072
0.0214412 0
0.0223872 0
0.0233749 37.5945
0.0244062 263.539
0.025483 240.696
0.0266073 0
0.0277811 98.5921
0.0290068 186.143
0.0302866 106.229
0.0316228 175.66
0.0330179 267.749
0.0344747 189.957
0.0359956 255.642
0.0375837 212.373
0.0392419 214.68
0.0409732 530.672
0.0427809 168.692
0.0446684 850.368
0.0466391 282.513
0.0486968 267.323
0.0508452 412.463
0.0530884 450.109
0.0554307 465.789
0.0578762 584.999
0.0604296 475.883
0.0630957 1143.33
0.0658795 581.082
0.068786 830.92
0.0718208 995.827
0.0749894 370.423
0.0782979 650.019
0.0817523 751.312
0.0853591 444.109
0.0891251 777.939
0.0930572 429.094
0.0971628 972.184
0.10145 1526.41
0.105925 852.708
0.110599 475.281
0.115478 591.052
0.120573 826.939
0.125893 966.823
0.131447 808.458
0.137246 1074.77
0.143301 740.708
0.149624 951.798
0.156225 229.459
0.163117 882.006
0.170314 887.777
0.177828 758.089
0.185674 761.941
0.193865 967.115
0.202418 657.19
0.211349 1226.22
0.220673 1762.99
0.230409 936.941
0.240575 1287.25
0.251189 1618.66
0.262271 1079.08
0.273842 1597.58
0.285924 1231.87
0.298538 1044.99
0.311709 1511.71
0.325462 1184.17
0.339821 1813.12
0.354813 1119.06
0.370467 828.528
0.386812 1246.86
0.403878 1649.38
0.421697 1381.17
0.440301 1291.03
0.459727 1411.24
0.48001 1001.09
0.501187 1231.39
0.523299 1433.7
0.546387 1260.38
0.570493 1729.43
0.595662 1029.48
0.621942 1405.47
0.649382 819.86
0.678032 1183.81
0.707946 1052.77
0.73918 1467.98
0.771792 1121.82
0.805842 1321.14
0.841395 928.892
0.878517 359.925
0.917276 922.503
0.957745 1067.33
1 619.023
1.04412 486.507
1.09018 751.101
1.13828 701.144
1.1885 547.944
1.24094 276.68
1.29569 574.058
1.35285 690.02
1.41254 503.325
1.47486 539.688
1.53993 320.451
1.60787 516.199
1.6788 352.348
1.75287 492.635
1.83021 567.661
1.91095 383.332
1.99526 540.256
2.08329 113.908
2.1752 233.989
2.27117 187.208
2.37137 130.756
2.476 336.773
2.58523 340.552
2.69929 319.494
2.81838 115.845
2.94273 268.607
3.07256 304.357
3.20812 235.736
3.34965 232.589
3.49744 172.885
3.65174 220.286
3.81285 239.781
3.98107 249.621
4.15671 162.658
4.3401 323.637
4.53158 173.61
4.73151 131.559
4.94026 0
5.15822 168.97
5.3858 171.565
5.62341 207.156
5.87151 100.283
6.13056 216.037
6.40103 50.657
6.68344 184.282
6.97831 104.103
7.28618 87.2888
7.60764 107.475
7.94328 0
8.29373 84.2339
8.65964 177.924
9.0417 0
9.44061 70.7511
9.85712 116.419
10.292 64.6675
10.7461 0
11.2202 59.8585
11.7152 222.316
12.2321 113.808
12.7717 0
13.3352 107.053
13.9236 0
14.5378 0
15.1792 50.1384
15.8489 172.631
16.5482 312.546
17.2783 206.42
18.0406 0
18.8365 165.825
19.6675 148.938
20.5353 0
21.4412 112.089
22.3872 369.559
23.3749 331.602
24.4062 184.644
25.483 0
26.6073 0
27.7811 184.351
29.0068 158.724
30.2866 171.757
31.6228 111.452
33.0179 88.8167
34.4747 92.0294
35.9956 320.162
37.5837 155.544
39.2419 163.248
40.9732 84.8157
42.7809 0
44.6684 0
46.6391 138.092
48.6968 267.626
50.8452 240.033
53.0884 0
55.4307 94.2845
57.8762 63.9072
60.4296 199.766
63.0957 167.835
65.8795 216.055
68.786 90.1498
71.8208 332.458
74.9894 106.338
78.2979 0
81.7523 307.207
85.3591 119.518
89.1251 164.943
93.0572 0
97.1628 119.699
101.45 296.258
105.925 204.535
110.599 294.288
115.478 130.199
120.573 412.276
125.893 135.786
131.447 539.921
137.246 92.3835
143.301 256.506
149.624 242.306
156.225 349.345
163.117 42.0301
170.314 109.058
177.828 198.146
185.674 139.786
193.865 149.471
202.418 234.233
211.349 234.593
220.673 194.908
230.409 244.858
240.575 97.2878
251.189 114.74
262.271 216.473
273.842 228.395
285.924 360.401
298.538 260.991
311.709 35.9169
325.462 0
339.821 47.4762
354.813 108.639
370.467 111.648
386.812 115.277
403.878 0
421.697 0
440.301 0
459.727 25.4266
480.01 0
501.187 0
523.299 94.6051
546.387 0
570.493 0
595.662 0
621.942 0
649.382 0
678.032 0
707.946 0
739.18 0
771.792 0
805.842 0
841.395 0
878.517 0
917.276 0
957.745 0
1000 0
