# First line is two numbers 
#     First value is '2', it means 'histogram mode'
#     Second value is 'Emin' of the histogram
# Other lines : 2 columns. 1) energy 2) probability (nb divided by NbEvent)
# Number of bins = 480
# Content below the first bin: 0
# Content above the last  bin: 0
# Content above the last  bin: 0
# Number of events: 209000
2 1e-06
1.04412e-06 0
1.09018e-06 0
1.13828e-06 0
1.1885e-06 0
1.24094e-06 0
1.29569e-06 0
1.35285e-06 0
1.41254e-06 0
1.47486e-06 0
1.53993e-06 0
1.60787e-06 0
1.6788e-06 0
1.75287e-06 0
1.83021e-06 0
1.91095e-06 0
1.99526e-06 0
2.08329e-06 0
2.1752e-06 0
2.27117e-06 0
2.37137e-06 0
2.476e-06 0
2.58523e-06 0
2.69929e-06 0
2.81838e-06 0
2.94273e-06 0
3.07256e-06 0
3.20812e-06 0
3.34965e-06 0
3.49744e-06 0
3.65174e-06 0
3.81285e-06 0
3.98107e-06 0
4.15671e-06 0
4.3401e-06 0
4.53158e-06 0
4.73151e-06 0
4.94026e-06 0
5.15822e-06 0
5.3858e-06 0
5.62341e-06 0
5.87151e-06 0
6.13056e-06 0
6.40103e-06 0
6.68344e-06 0
6.97831e-06 0
7.28618e-06 0
7.60764e-06 0
7.94328e-06 0
8.29373e-06 0
8.65964e-06 0
9.0417e-06 0
9.44061e-06 0
9.85712e-06 0
1.0292e-05 0
1.07461e-05 0
1.12202e-05 0
1.17152e-05 0
1.22321e-05 0
1.27717e-05 0
1.33352e-05 0
1.39236e-05 0
1.45378e-05 0
1.51792e-05 0
1.58489e-05 0
1.65482e-05 0
1.72783e-05 0
1.80406e-05 0
1.88365e-05 0
1.96675e-05 0
2.05353e-05 0
2.14412e-05 0
2.23872e-05 0
2.33749e-05 0
2.44062e-05 0
2.5483e-05 0
2.66073e-05 0
2.77811e-05 0
2.90068e-05 0
3.02866e-05 0
3.16228e-05 0
3.30179e-05 0
3.44747e-05 0
3.59956e-05 0
3.75837e-05 0
3.92419e-05 0
4.09732e-05 0
4.27809e-05 0
4.46684e-05 0
4.66391e-05 0
4.86968e-05 0
5.08452e-05 0
5.30884e-05 0
5.54307e-05 0
5.78762e-05 0
6.04296e-05 0
6.30957e-05 0
6.58795e-05 0
6.8786e-05 0
7.18208e-05 0
7.49894e-05 0
7.82979e-05 0
8.17523e-05 0
8.53591e-05 0
8.91251e-05 0
9.30572e-05 0
9.71628e-05 0
0.00010145 0
0.000105925 0
0.000110599 0
0.000115478 0
0.000120573 0
0.000125893 0
0.000131447 0
0.000137246 0
0.000143301 0
0.000149624 0
0.000156225 0
0.000163117 0
0.000170314 0
0.000177828 0
0.000185674 0
0.000193865 0
0.000202418 0
0.000211349 0
0.000220673 0
0.000230409 0
0.000240575 0
0.000251189 0
0.000262271 0
0.000273842 0
0.000285924 0
0.000298538 0
0.000311709 0
0.000325462 0
0.000339821 0
0.000354813 0
0.000370467 0
0.000386812 0
0.000403878 0
0.000421697 0
0.000440301 0
0.000459727 0
0.00048001 0
0.000501187 0
0.000523299 0
0.000546387 0
0.000570493 0
0.000595662 0
0.000621942 0
0.000649382 0
0.000678032 0
0.000707946 0
0.00073918 0
0.000771792 0
0.000805842 0
0.000841395 0
0.000878517 0
0.000917276 0
0.000957745 0
0.001 0
0.00104412 0
0.00109018 0
0.00113828 0
0.0011885 0
0.00124094 0
0.00129569 0
0.00135285 0
0.00141254 0
0.00147486 0
0.00153993 0
0.00160787 0
0.0016788 0
0.00175287 0
0.00183021 0
0.00191095 203.523
0.00199526 0
0.00208329 0
0.0021752 0
0.00227117 0
0.00237137 0
0.002476 0
0.00258523 0
0.00269929 0
0.00281838 0
0.00294273 0
0.00307256 0
0.00320812 0
0.00334965 0
0.00349744 0
0.00365174 0
0.00381285 0
0.00398107 0
0.00415671 77.2828
0.0043401 0
0.00453158 0
0.00473151 0
0.00494026 117.498
0.00515822 0
0.0053858 0
0.00562341 111.174
0.00587151 0
0.00613056 0
0.00640103 0
0.00668344 0
0.00697831 104.541
0.00728618 70.2185
0.00760764 0
0.00794328 0
0.00829373 0
0.00865964 0
0.0090417 0
0.00944061 0
0.00985712 194.552
0.010292 0
0.0107461 111.412
0.0112202 32.3897
0.0117152 150.659
0.0122321 225.177
0.0127717 0
0.0133352 255.866
0.0139236 68.1825
0.0145378 0
0.0151792 182.31
0.0158489 0
0.0165482 0
0.0172783 42.1212
0.0180406 78.5608
0.0188365 0
0.0196675 549.596
0.0205353 224.989
0.0214412 123.65
0.0223872 546.595
0.0233749 108.454
0.0244062 544.615
0.025483 232.275
0.0266073 251.857
0.0277811 214.967
0.0290068 452.359
0.0302866 459.534
0.0316228 261.113
0.0330179 358.123
0.0344747 667.021
0.0359956 153.809
0.0375837 642.443
0.0392419 690.356
0.0409732 938.183
0.0427809 397.928
0.0446684 471.767
0.0466391 940.142
0.0486968 646.034
0.0508452 662.538
0.0530884 576.097
0.0554307 774.981
0.0578762 1176.75
0.0604296 471.42
0.0630957 814.094
0.0658795 877.684
0.068786 1098.68
0.0718208 1239.36
0.0749894 1430.19
0.0782979 908.744
0.0817523 1037.62
0.0853591 1433.73
0.0891251 1273.99
0.0930572 1180.98
0.0971628 1331.77
0.10145 1719.67
0.105925 1174.79
0.110599 502.708
0.115478 1130.32
0.120573 1504.63
0.125893 1185.56
0.131447 2441.71
0.137246 1964.98
0.143301 1804.36
0.149624 1796.66
0.156225 973.428
0.163117 1490.54
0.170314 1702.4
0.177828 1640.04
0.185674 2104.44
0.193865 1925.46
0.202418 1020.43
0.211349 1454.22
0.220673 1731.12
0.230409 2003.75
0.240575 1450.29
0.251189 2480.45
0.262271 1256.6
0.273842 2731.57
0.285924 1955.16
0.298538 2506.53
0.311709 2343.23
0.325462 1948.85
0.339821 2099.7
0.354813 2088.72
0.370467 2222.55
0.386812 2114.11
0.403878 3072.54
0.421697 2287.95
0.440301 1962.76
0.459727 2522.18
0.48001 1923.93
0.501187 2413.02
0.523299 2508.38
0.546387 2368.19
0.570493 2331.42
0.595662 2031.66
0.621942 2264.44
0.649382 1439.45
0.678032 1266.02
0.707946 1946.47
0.73918 2392.6
0.771792 1592.38
0.805842 2399.55
0.841395 1898.15
0.878517 1961.53
0.917276 1297.77
0.957745 1290.67
1 617.238
1.04412 1538.56
1.09018 1307.95
1.13828 1948.49
1.1885 2336.23
1.24094 742.201
1.29569 980.005
1.35285 732.12
1.41254 1688.47
1.47486 820.176
1.53993 615.88
1.60787 576.956
1.6788 327.671
1.75287 827.483
1.83021 1204.74
1.91095 499.695
1.99526 486.461
2.08329 500.09
2.1752 820.917
2.27117 124.355
2.37137 1230.14
2.476 476.294
2.58523 511.598
2.69929 315.01
2.81838 533.897
2.94273 1172.24
3.07256 918.722
3.20812 419.304
3.34965 447.445
3.49744 598.671
3.65174 735.497
3.81285 760.268
3.98107 650.371
4.15671 147.713
4.3401 757.728
4.53158 239.858
4.73151 119.579
4.94026 408.91
5.15822 302.024
5.3858 384.211
5.62341 350.704
5.87151 491.481
6.13056 263.282
6.40103 163.435
6.68344 226.584
6.97831 166.742
7.28618 376.814
7.60764 253.999
7.94328 243.628
8.29373 323.091
8.65964 44.3462
9.0417 49.9501
9.44061 131.356
9.85712 283.816
10.292 33.7765
10.7461 190.984
11.2202 99.6237
11.7152 198.263
12.2321 287.77
12.7717 124.114
13.3352 322.481
13.9236 284.017
14.5378 192.763
15.1792 91.9366
15.8489 139.229
16.5482 233.328
17.2783 159.264
18.0406 0
18.8365 107.371
19.6675 337.022
20.5353 467.009
21.4412 283.508
22.3872 102.783
23.3749 163.275
24.4062 102.278
25.483 138.89
26.6073 316.929
27.7811 213.897
29.0068 261.338
30.2866 184.517
31.6228 141.687
33.0179 326.944
34.4747 171.223
35.9956 476.955
37.5837 210.097
39.2419 265.33
40.9732 344.977
42.7809 64.5666
44.6684 135.436
46.6391 576.948
48.6968 352.63
50.8452 61.4793
53.0884 669.885
55.4307 497.827
57.8762 338.069
60.4296 138.089
63.0957 286.655
65.8795 658.179
68.786 493.164
71.8208 179.157
74.9894 383.205
78.2979 192.113
81.7523 328.105
85.3591 544.51
89.1251 399.487
93.0572 780.447
97.1628 265.132
101.45 503.39
105.925 437.706
110.599 501.749
115.478 496.437
120.573 475.765
125.893 373.913
131.447 321.124
137.246 427.848
143.301 781.134
149.624 749.17
156.225 252.172
163.117 183.208
170.314 434.78
177.828 454.549
185.674 534.814
193.865 385.023
202.418 92.0429
211.349 93.8693
220.673 370.941
230.409 210.476
240.575 207.474
251.189 418.019
262.271 406.842
273.842 99.4664
285.924 841.293
298.538 226.241
311.709 202.28
325.462 186.486
339.821 478.212
354.813 274.308
370.467 0
386.812 0
403.878 115.2
421.697 188.981
440.301 0
459.727 45.3494
480.01 213.864
501.187 0
523.299 0
546.387 0
570.493 52.2136
595.662 0
621.942 0
649.382 0
678.032 0
707.946 0
739.18 0
771.792 0
805.842 0
841.395 0
878.517 0
917.276 0
957.745 0
1000 0
