# First line is two numbers 
#     First value is '2', it means 'histogram mode'
#     Second value is 'Emin' of the histogram
# Other lines : 2 columns. 1) energy 2) probability (nb divided by NbEvent)
# Number of bins = 480
# Content below the first bin: 0
# Content above the last  bin: 0
# Content above the last  bin: 0
# Number of events: 209000
2 1e-06
1.04412e-06 0
1.09018e-06 0
1.13828e-06 0
1.1885e-06 0
1.24094e-06 0
1.29569e-06 0
1.35285e-06 0
1.41254e-06 0
1.47486e-06 0
1.53993e-06 0
1.60787e-06 0
1.6788e-06 0
1.75287e-06 0
1.83021e-06 0
1.91095e-06 0
1.99526e-06 0
2.08329e-06 0
2.1752e-06 0
2.27117e-06 0
2.37137e-06 0
2.476e-06 0
2.58523e-06 0
2.69929e-06 0
2.81838e-06 0
2.94273e-06 0
3.07256e-06 0
3.20812e-06 0
3.34965e-06 0
3.49744e-06 0
3.65174e-06 0
3.81285e-06 0
3.98107e-06 0
4.15671e-06 0
4.3401e-06 0
4.53158e-06 0
4.73151e-06 0
4.94026e-06 0
5.15822e-06 0
5.3858e-06 0
5.62341e-06 0
5.87151e-06 0
6.13056e-06 0
6.40103e-06 0
6.68344e-06 0
6.97831e-06 0
7.28618e-06 0
7.60764e-06 0
7.94328e-06 0
8.29373e-06 0
8.65964e-06 0
9.0417e-06 0
9.44061e-06 0
9.85712e-06 0
1.0292e-05 0
1.07461e-05 0
1.12202e-05 0
1.17152e-05 0
1.22321e-05 0
1.27717e-05 0
1.33352e-05 0
1.39236e-05 0
1.45378e-05 0
1.51792e-05 0
1.58489e-05 0
1.65482e-05 0
1.72783e-05 0
1.80406e-05 0
1.88365e-05 0
1.96675e-05 0
2.05353e-05 0
2.14412e-05 0
2.23872e-05 0
2.33749e-05 0
2.44062e-05 0
2.5483e-05 0
2.66073e-05 0
2.77811e-05 0
2.90068e-05 0
3.02866e-05 0
3.16228e-05 0
3.30179e-05 0
3.44747e-05 0
3.59956e-05 0
3.75837e-05 0
3.92419e-05 0
4.09732e-05 0
4.27809e-05 0
4.46684e-05 0
4.66391e-05 0
4.86968e-05 0
5.08452e-05 0
5.30884e-05 0
5.54307e-05 0
5.78762e-05 0
6.04296e-05 0
6.30957e-05 0
6.58795e-05 0
6.8786e-05 0
7.18208e-05 0
7.49894e-05 0
7.82979e-05 0
8.17523e-05 0
8.53591e-05 0
8.91251e-05 0
9.30572e-05 0
9.71628e-05 0
0.00010145 0
0.000105925 0
0.000110599 0
0.000115478 0
0.000120573 0
0.000125893 0
0.000131447 0
0.000137246 0
0.000143301 0
0.000149624 0
0.000156225 0
0.000163117 0
0.000170314 0
0.000177828 0
0.000185674 0
0.000193865 0
0.000202418 0
0.000211349 0
0.000220673 0
0.000230409 0
0.000240575 0
0.000251189 0
0.000262271 0
0.000273842 0
0.000285924 0
0.000298538 0
0.000311709 0
0.000325462 0
0.000339821 0
0.000354813 0
0.000370467 0
0.000386812 0
0.000403878 0
0.000421697 0
0.000440301 0
0.000459727 0
0.00048001 0
0.000501187 0
0.000523299 0
0.000546387 0
0.000570493 0
0.000595662 0
0.000621942 0
0.000649382 0
0.000678032 0
0.000707946 0
0.00073918 0
0.000771792 0
0.000805842 0
0.000841395 0
0.000878517 0
0.000917276 0
0.000957745 0
0.001 0
0.00104412 0
0.00109018 0
0.00113828 0
0.0011885 0
0.00124094 0
0.00129569 0
0.00135285 0
0.00141254 0
0.00147486 0
0.00153993 0
0.00160787 0
0.0016788 0
0.00175287 0
0.00183021 0
0.00191095 0
0.00199526 118.962
0.00208329 0
0.0021752 0
0.00227117 0
0.00237137 0
0.002476 0
0.00258523 0
0.00269929 0
0.00281838 0
0.00294273 0
0.00307256 76.5944
0.00320812 0
0.00334965 0
0.00349744 0
0.00365174 59.941
0.00381285 0
0.00398107 0
0.00415671 0
0.0043401 0
0.00453158 0
0.00473151 0
0.00494026 0
0.00515822 100.776
0.0053858 0
0.00562341 0
0.00587151 0
0.00613056 0
0.00640103 68.7971
0.00668344 0
0.00697831 0
0.00728618 0
0.00760764 102.989
0.00794328 106.302
0.00829373 0
0.00865964 0
0.0090417 146.024
0.00944061 188.585
0.00985712 42.3879
0.010292 0
0.0107461 0
0.0112202 0
0.0117152 105.831
0.0122321 87.5418
0.0127717 22.2161
0.0133352 43.0421
0.0139236 0
0.0145378 100.085
0.0151792 145.287
0.0158489 115.659
0.0165482 24.3361
0.0172783 526.324
0.0180406 55.2271
0.0188365 305.271
0.0196675 200.988
0.0205353 32.249
0.0214412 48.1036
0.0223872 123.303
0.0233749 55.3179
0.0244062 226.871
0.025483 148.954
0.0266073 246.741
0.0277811 343.281
0.0290068 330.219
0.0302866 305.607
0.0316228 164.518
0.0330179 666.07
0.0344747 437.156
0.0359956 446.478
0.0375837 328.16
0.0392419 326.571
0.0409732 444.541
0.0427809 927.9
0.0446684 621.711
0.0466391 569.792
0.0486968 211.632
0.0508452 325.566
0.0530884 389.467
0.0554307 393.04
0.0578762 713.835
0.0604296 440.246
0.0630957 324.104
0.0658795 985.581
0.068786 621.168
0.0718208 429.862
0.0749894 1186.09
0.0782979 772.167
0.0817523 565.135
0.0853591 1026.37
0.0891251 1113.36
0.0930572 1012.12
0.0971628 958.504
0.10145 1611.05
0.105925 1345.13
0.110599 1376.89
0.115478 1288.95
0.120573 1560.12
0.125893 1433
0.131447 1225.49
0.137246 1653.69
0.143301 1254.6
0.149624 1679.36
0.156225 1404.22
0.163117 2556.46
0.170314 2131.52
0.177828 1011.25
0.185674 2295.12
0.193865 1369.94
0.202418 1797.68
0.211349 1897.34
0.220673 1998.46
0.230409 1799.36
0.240575 2073.62
0.251189 2707.91
0.262271 1751.22
0.273842 2784.45
0.285924 2076.96
0.298538 1809.8
0.311709 2562.5
0.325462 1841.82
0.339821 2042.67
0.354813 1833.66
0.370467 2614.75
0.386812 2032.73
0.403878 2752.46
0.421697 2070.92
0.440301 1410.49
0.459727 2819.46
0.48001 1914.94
0.501187 2520.67
0.523299 1931.73
0.546387 1341.9
0.570493 1947.86
0.595662 1865.51
0.621942 2004.92
0.649382 3174.05
0.678032 1631.22
0.707946 2773.37
0.73918 1944.54
0.771792 1608.89
0.805842 2056.1
0.841395 1557.99
0.878517 1553.31
0.917276 1659.41
0.957745 1337.82
1 1595.17
1.04412 1416.31
1.09018 1181.18
1.13828 1210.55
1.1885 865.049
1.24094 1125.53
1.29569 850.055
1.35285 1424.49
1.41254 1032.98
1.47486 666.468
1.53993 771.087
1.60787 772.895
1.6788 697.811
1.75287 735.34
1.83021 377.952
1.91095 712.871
1.99526 416.296
2.08329 889.857
2.1752 527.557
2.27117 436.023
2.37137 1076.51
2.476 542.245
2.58523 493.892
2.69929 753.59
2.81838 1103.86
2.94273 666.883
3.07256 527.884
3.20812 439.36
3.34965 379.809
3.49744 339.704
3.65174 383.557
3.81285 233.186
3.98107 422.783
4.15671 346.905
4.3401 283.163
4.53158 446.934
4.73151 174.077
4.94026 437.106
5.15822 120.67
5.3858 563.935
5.62341 99.5547
5.87151 104.752
6.13056 94.9967
6.40103 442.346
6.68344 190.801
6.97831 347.649
7.28618 350.924
7.60764 404.393
7.94328 184.57
8.29373 161.447
8.65964 56.5879
9.0417 108.879
9.44061 136.11
9.85712 283.528
10.292 190.194
10.7461 81.1906
11.2202 154.847
11.7152 212.543
12.2321 235.113
12.7717 67.8583
13.3352 362.957
13.9236 103.935
14.5378 74.5251
15.1792 519.569
15.8489 0
16.5482 226.856
17.2783 257.101
18.0406 255.637
18.8365 120.999
19.6675 191.551
20.5353 292.405
21.4412 359.611
22.3872 80.2288
23.3749 222.599
24.4062 323.485
25.483 541.94
26.6073 406.013
27.7811 184.511
29.0068 87.7693
30.2866 209.208
31.6228 223.67
33.0179 474.904
34.4747 243.036
35.9956 87.2506
37.5837 104.523
39.2419 174.464
40.9732 82.8373
42.7809 0
44.6684 464.467
46.6391 0
48.6968 205.763
50.8452 176.811
53.0884 582.269
55.4307 357.522
57.8762 381.825
60.4296 170.012
63.0957 257.978
65.8795 192.539
68.786 0
71.8208 412.187
74.9894 231.257
78.2979 391.434
81.7523 94.3027
85.3591 913.31
89.1251 324.323
93.0572 655.135
97.1628 16.3086
101.45 355.158
105.925 418.11
110.599 336.411
115.478 504.302
120.573 95.5458
125.893 398.466
131.447 422.2
137.246 350.517
143.301 442.932
149.624 465.925
156.225 335.038
163.117 505.817
170.314 484.235
177.828 402.477
185.674 244.28
193.865 599.53
202.418 581.427
211.349 519.004
220.673 274.092
230.409 289.099
240.575 186.234
251.189 370.315
262.271 385.989
273.842 459.239
285.924 122.381
298.538 218.798
311.709 201.257
325.462 191.661
339.821 293.665
354.813 37.7794
370.467 300.523
386.812 58.5801
403.878 0
421.697 119.817
440.301 0
459.727 0
480.01 137.018
501.187 0
523.299 0
546.387 106.157
570.493 0
595.662 0
621.942 0
649.382 0
678.032 66.7658
707.946 0
739.18 0
771.792 53.8033
805.842 0
841.395 0
878.517 0
917.276 0
957.745 0
1000 0
