# First line is two numbers 
#     First value is '2', it means 'histogram mode'
#     Second value is 'Emin' of the histogram
# Other lines : 2 columns. 1) energy 2) probability (nb divided by NbEvent)
# Number of bins = 480
# Content below the first bin: 0
# Content above the last  bin: 0
# Content above the last  bin: 0
# Number of events: 209000
2 1e-06
1.04412e-06 0
1.09018e-06 0
1.13828e-06 0
1.1885e-06 0
1.24094e-06 0
1.29569e-06 0
1.35285e-06 0
1.41254e-06 0
1.47486e-06 0
1.53993e-06 0
1.60787e-06 0
1.6788e-06 0
1.75287e-06 0
1.83021e-06 0
1.91095e-06 0
1.99526e-06 0
2.08329e-06 0
2.1752e-06 0
2.27117e-06 0
2.37137e-06 0
2.476e-06 0
2.58523e-06 0
2.69929e-06 0
2.81838e-06 0
2.94273e-06 0
3.07256e-06 0
3.20812e-06 0
3.34965e-06 0
3.49744e-06 0
3.65174e-06 0
3.81285e-06 0
3.98107e-06 0
4.15671e-06 0
4.3401e-06 0
4.53158e-06 0
4.73151e-06 0
4.94026e-06 0
5.15822e-06 0
5.3858e-06 0
5.62341e-06 0
5.87151e-06 0
6.13056e-06 0
6.40103e-06 0
6.68344e-06 0
6.97831e-06 0
7.28618e-06 0
7.60764e-06 0
7.94328e-06 0
8.29373e-06 0
8.65964e-06 0
9.0417e-06 0
9.44061e-06 0
9.85712e-06 0
1.0292e-05 0
1.07461e-05 0
1.12202e-05 0
1.17152e-05 0
1.22321e-05 0
1.27717e-05 0
1.33352e-05 0
1.39236e-05 0
1.45378e-05 0
1.51792e-05 0
1.58489e-05 0
1.65482e-05 0
1.72783e-05 0
1.80406e-05 0
1.88365e-05 0
1.96675e-05 0
2.05353e-05 0
2.14412e-05 0
2.23872e-05 0
2.33749e-05 0
2.44062e-05 0
2.5483e-05 0
2.66073e-05 0
2.77811e-05 0
2.90068e-05 0
3.02866e-05 0
3.16228e-05 0
3.30179e-05 0
3.44747e-05 0
3.59956e-05 0
3.75837e-05 0
3.92419e-05 0
4.09732e-05 0
4.27809e-05 0
4.46684e-05 0
4.66391e-05 0
4.86968e-05 0
5.08452e-05 0
5.30884e-05 0
5.54307e-05 0
5.78762e-05 0
6.04296e-05 0
6.30957e-05 0
6.58795e-05 0
6.8786e-05 0
7.18208e-05 0
7.49894e-05 0
7.82979e-05 0
8.17523e-05 0
8.53591e-05 0
8.91251e-05 0
9.30572e-05 0
9.71628e-05 0
0.00010145 0
0.000105925 0
0.000110599 0
0.000115478 0
0.000120573 0
0.000125893 0
0.000131447 0
0.000137246 0
0.000143301 0
0.000149624 0
0.000156225 0
0.000163117 0
0.000170314 0
0.000177828 0
0.000185674 0
0.000193865 0
0.000202418 0
0.000211349 0
0.000220673 0
0.000230409 0
0.000240575 0
0.000251189 0
0.000262271 0
0.000273842 0
0.000285924 0
0.000298538 0
0.000311709 0
0.000325462 0
0.000339821 0
0.000354813 0
0.000370467 0
0.000386812 0
0.000403878 0
0.000421697 0
0.000440301 0
0.000459727 0
0.00048001 0
0.000501187 0
0.000523299 0
0.000546387 0
0.000570493 0
0.000595662 0
0.000621942 0
0.000649382 0
0.000678032 0
0.000707946 0
0.00073918 0
0.000771792 0
0.000805842 0
0.000841395 0
0.000878517 0
0.000917276 0
0.000957745 0
0.001 0
0.00104412 0
0.00109018 0
0.00113828 0
0.0011885 0
0.00124094 0
0.00129569 36.7644
0.00135285 0
0.00141254 0
0.00147486 0
0.00153993 0
0.00160787 0
0.0016788 0
0.00175287 0
0.00183021 0
0.00191095 0
0.00199526 0
0.00208329 0
0.0021752 0
0.00227117 0
0.00237137 71.2097
0.002476 0
0.00258523 0
0.00269929 0
0.00281838 0
0.00294273 0
0.00307256 86.0711
0.00320812 0
0.00334965 30.5238
0.00349744 0
0.00365174 65.9308
0.00381285 0
0.00398107 0
0.00415671 0
0.0043401 97.9248
0.00453158 0
0.00473151 49.8694
0.00494026 0
0.00515822 88.3624
0.0053858 0
0.00562341 172.747
0.00587151 94.8014
0.00613056 0
0.00640103 0
0.00668344 0
0.00697831 0
0.00728618 199.89
0.00760764 0
0.00794328 101.099
0.00829373 89.2509
0.00865964 21.4671
0.0090417 293.585
0.00944061 0
0.00985712 196.18
0.010292 242.365
0.0107461 95.3558
0.0112202 0
0.0117152 141.566
0.0122321 34.463
0.0127717 112.618
0.0133352 72.297
0.0139236 285.695
0.0145378 108.165
0.0151792 186.035
0.0158489 0
0.0165482 299.247
0.0172783 215.546
0.0180406 410.254
0.0188365 297.255
0.0196675 668.954
0.0205353 589.391
0.0214412 739.578
0.0223872 252.42
0.0233749 348.736
0.0244062 331.756
0.025483 617.879
0.0266073 481.309
0.0277811 1286.35
0.0290068 707.638
0.0302866 402.772
0.0316228 444.573
0.0330179 489.508
0.0344747 769.889
0.0359956 631.31
0.0375837 1158.88
0.0392419 665.804
0.0409732 418.411
0.0427809 931.981
0.0446684 665.314
0.0466391 815.157
0.0486968 924.353
0.0508452 1471.96
0.0530884 1332.71
0.0554307 1627.74
0.0578762 1515.23
0.0604296 1349.68
0.0630957 2155.54
0.0658795 1522.14
0.068786 2531.3
0.0718208 1527.99
0.0749894 2076.24
0.0782979 1477.18
0.0817523 1702.81
0.0853591 1054.04
0.0891251 2131.16
0.0930572 2753
0.0971628 3414.15
0.10145 3215.24
0.105925 2189.77
0.110599 2815.18
0.115478 2037.51
0.120573 4127.21
0.125893 3178.58
0.131447 2836.71
0.137246 2752.23
0.143301 3279.01
0.149624 3237.9
0.156225 3612.8
0.163117 3496.15
0.170314 3556.44
0.177828 2727.86
0.185674 3620.06
0.193865 3126.5
0.202418 3270.54
0.211349 3598.09
0.220673 3713.11
0.230409 4555.27
0.240575 3482.8
0.251189 3942.47
0.262271 3723.78
0.273842 3810.46
0.285924 4374.26
0.298538 4528.38
0.311709 2902.24
0.325462 4100.41
0.339821 5160.39
0.354813 6193.01
0.370467 3828.25
0.386812 4449.33
0.403878 3396.41
0.421697 3965.09
0.440301 4104.09
0.459727 3944.62
0.48001 4922.56
0.501187 3725.05
0.523299 3943.13
0.546387 4031.19
0.570493 3173.53
0.595662 3539.49
0.621942 3480.65
0.649382 3313.43
0.678032 3633.59
0.707946 3109.88
0.73918 2975.6
0.771792 3899.38
0.805842 3357.72
0.841395 2759.63
0.878517 3232.31
0.917276 2582.94
0.957745 2505.13
1 1850.23
1.04412 1922.85
1.09018 2085.77
1.13828 2943.17
1.1885 1554.31
1.24094 2217.92
1.29569 1722.01
1.35285 2673.02
1.41254 2103.96
1.47486 1746.92
1.53993 1742.6
1.60787 1144.56
1.6788 2451.18
1.75287 1430.55
1.83021 1830.31
1.91095 1448.63
1.99526 1521.1
2.08329 1140.38
2.1752 1214.23
2.27117 1390.01
2.37137 1807.05
2.476 845.148
2.58523 1148.35
2.69929 667.089
2.81838 636.363
2.94273 1116.21
3.07256 662.825
3.20812 627.524
3.34965 1102.02
3.49744 1086.38
3.65174 1062.36
3.81285 624.521
3.98107 493.922
4.15671 780.94
4.3401 932.29
4.53158 937
4.73151 455.598
4.94026 623.689
5.15822 760.692
5.3858 518.258
5.62341 552.157
5.87151 534.613
6.13056 960.882
6.40103 292.203
6.68344 250.503
6.97831 355.268
7.28618 677.128
7.60764 178.775
7.94328 432.533
8.29373 532.284
8.65964 342.574
9.0417 331.059
9.44061 165.331
9.85712 222.112
10.292 679.968
10.7461 469.147
11.2202 536.982
11.7152 332.035
12.2321 90.5286
12.7717 364.446
13.3352 146.059
13.9236 365.934
14.5378 494.085
15.1792 328.165
15.8489 289.055
16.5482 226.766
17.2783 572.642
18.0406 349.675
18.8365 227.53
19.6675 415.387
20.5353 307.448
21.4412 900.433
22.3872 366.086
23.3749 397.058
24.4062 879.723
25.483 685.525
26.6073 411.971
27.7811 525.72
29.0068 425.802
30.2866 219.025
31.6228 986.131
33.0179 460.024
34.4747 593.192
35.9956 544.443
37.5837 481.713
39.2419 595.194
40.9732 667.604
42.7809 332.881
44.6684 314.431
46.6391 843.284
48.6968 471.965
50.8452 882.708
53.0884 608.599
55.4307 256.968
57.8762 1134.43
60.4296 543.97
63.0957 938.436
65.8795 487.016
68.786 696.526
71.8208 527.768
74.9894 641.653
78.2979 703.799
81.7523 532.431
85.3591 594.901
89.1251 752.4
93.0572 865.624
97.1628 717.723
101.45 413.034
105.925 1011.83
110.599 389.856
115.478 1153.1
120.573 1338.86
125.893 931.899
131.447 1332.11
137.246 1164.73
143.301 611.695
149.624 1437.89
156.225 869.844
163.117 1731.31
170.314 1207.07
177.828 811.323
185.674 1163.45
193.865 1444.7
202.418 1661.43
211.349 1558.7
220.673 1478.82
230.409 1933.07
240.575 2233.75
251.189 2724.55
262.271 2076.53
273.842 2342.37
285.924 1370.59
298.538 2589.07
311.709 2111.88
325.462 2752.24
339.821 2763.48
354.813 2201.23
370.467 1477.65
386.812 2161.08
403.878 1199.56
421.697 1027.13
440.301 800.125
459.727 524.801
480.01 672.068
501.187 736.612
523.299 213.386
546.387 85.9394
570.493 278.085
595.662 160.672
621.942 304.443
649.382 88.8466
678.032 229.79
707.946 102.133
739.18 0
771.792 194.575
805.842 78.6781
841.395 0
878.517 104.989
917.276 0
957.745 0
1000 0
