# First line is two numbers 
#     First value is '2', it means 'histogram mode'
#     Second value is 'Emin' of the histogram
# Other lines : 2 columns. 1) energy 2) probability (nb divided by NbEvent)
# Number of bins = 480
# Content below the first bin: 0
# Content above the last  bin: 0
# Content above the last  bin: 0
# Number of events: 209000
2 1e-06
1.04412e-06 0
1.09018e-06 0
1.13828e-06 0
1.1885e-06 0
1.24094e-06 0
1.29569e-06 0
1.35285e-06 0
1.41254e-06 0
1.47486e-06 0
1.53993e-06 0
1.60787e-06 0
1.6788e-06 0
1.75287e-06 0
1.83021e-06 0
1.91095e-06 0
1.99526e-06 0
2.08329e-06 0
2.1752e-06 0
2.27117e-06 0
2.37137e-06 0
2.476e-06 0
2.58523e-06 0
2.69929e-06 0
2.81838e-06 0
2.94273e-06 0
3.07256e-06 0
3.20812e-06 0
3.34965e-06 0
3.49744e-06 0
3.65174e-06 0
3.81285e-06 0
3.98107e-06 0
4.15671e-06 0
4.3401e-06 0
4.53158e-06 0
4.73151e-06 0
4.94026e-06 0
5.15822e-06 0
5.3858e-06 0
5.62341e-06 0
5.87151e-06 0
6.13056e-06 0
6.40103e-06 0
6.68344e-06 0
6.97831e-06 0
7.28618e-06 0
7.60764e-06 0
7.94328e-06 0
8.29373e-06 0
8.65964e-06 0
9.0417e-06 0
9.44061e-06 0
9.85712e-06 0
1.0292e-05 0
1.07461e-05 0
1.12202e-05 0
1.17152e-05 0
1.22321e-05 0
1.27717e-05 0
1.33352e-05 0
1.39236e-05 0
1.45378e-05 0
1.51792e-05 0
1.58489e-05 0
1.65482e-05 0
1.72783e-05 0
1.80406e-05 0
1.88365e-05 0
1.96675e-05 0
2.05353e-05 0
2.14412e-05 0
2.23872e-05 0
2.33749e-05 0
2.44062e-05 0
2.5483e-05 0
2.66073e-05 0
2.77811e-05 0
2.90068e-05 0
3.02866e-05 0
3.16228e-05 0
3.30179e-05 0
3.44747e-05 0
3.59956e-05 0
3.75837e-05 0
3.92419e-05 0
4.09732e-05 0
4.27809e-05 0
4.46684e-05 0
4.66391e-05 0
4.86968e-05 0
5.08452e-05 0
5.30884e-05 0
5.54307e-05 0
5.78762e-05 0
6.04296e-05 0
6.30957e-05 0
6.58795e-05 0
6.8786e-05 0
7.18208e-05 0
7.49894e-05 0
7.82979e-05 0
8.17523e-05 0
8.53591e-05 0
8.91251e-05 0
9.30572e-05 0
9.71628e-05 0
0.00010145 0
0.000105925 0
0.000110599 0
0.000115478 0
0.000120573 0
0.000125893 0
0.000131447 0
0.000137246 0
0.000143301 0
0.000149624 0
0.000156225 0
0.000163117 0
0.000170314 0
0.000177828 0
0.000185674 0
0.000193865 0
0.000202418 0
0.000211349 0
0.000220673 0
0.000230409 0
0.000240575 0
0.000251189 0
0.000262271 0
0.000273842 0
0.000285924 0
0.000298538 0
0.000311709 0
0.000325462 0
0.000339821 0
0.000354813 0
0.000370467 0
0.000386812 0
0.000403878 0
0.000421697 0
0.000440301 0
0.000459727 0
0.00048001 0
0.000501187 0
0.000523299 0
0.000546387 0
0.000570493 0
0.000595662 80.6126
0.000621942 0
0.000649382 0
0.000678032 0
0.000707946 0
0.00073918 0
0.000771792 0
0.000805842 0
0.000841395 0
0.000878517 0
0.000917276 0
0.000957745 0
0.001 0
0.00104412 60.1423
0.00109018 0
0.00113828 0
0.0011885 0
0.00124094 0
0.00129569 0
0.00135285 0
0.00141254 0
0.00147486 0
0.00153993 0
0.00160787 0
0.0016788 0
0.00175287 113.983
0.00183021 98.2493
0.00191095 198.86
0.00199526 97.2294
0.00208329 0
0.0021752 0
0.00227117 0
0.00237137 77.6889
0.002476 0
0.00258523 0
0.00269929 0
0.00281838 0
0.00294273 0
0.00307256 0
0.00320812 0
0.00334965 0
0.00349744 88.0136
0.00365174 0
0.00381285 74.872
0.00398107 0
0.00415671 0
0.0043401 118.891
0.00453158 0
0.00473151 185.719
0.00494026 92.8924
0.00515822 0
0.0053858 86.1809
0.00562341 0
0.00587151 107.64
0.00613056 0
0.00640103 183.243
0.00668344 0
0.00697831 0
0.00728618 449.471
0.00760764 250.844
0.00794328 172.814
0.00829373 236.14
0.00865964 197.405
0.0090417 147.791
0.00944061 199.012
0.00985712 258.437
0.010292 69.2904
0.0107461 236.201
0.0112202 300.181
0.0117152 382.969
0.0122321 175.102
0.0127717 253.321
0.0133352 317.762
0.0139236 534.424
0.0145378 664.554
0.0151792 403.746
0.0158489 794.06
0.0165482 1241.95
0.0172783 558.459
0.0180406 571.451
0.0188365 516.811
0.0196675 932.498
0.0205353 730.004
0.0214412 935.74
0.0223872 1322.82
0.0233749 928.252
0.0244062 796.712
0.025483 1665.72
0.0266073 1098.89
0.0277811 1702.43
0.0290068 2435.75
0.0302866 872.016
0.0316228 1397.72
0.0330179 2452.75
0.0344747 1667.17
0.0359956 2726.63
0.0375837 2001.85
0.0392419 2680.5
0.0409732 2579.44
0.0427809 2028.25
0.0446684 2341.14
0.0466391 2648.42
0.0486968 3706.59
0.0508452 3543.45
0.0530884 3191.65
0.0554307 3666.15
0.0578762 4914.05
0.0604296 4017.24
0.0630957 5368.75
0.0658795 5254.53
0.068786 5700.21
0.0718208 5416.43
0.0749894 6406.56
0.0782979 4893.83
0.0817523 5682.8
0.0853591 6267.1
0.0891251 6531.18
0.0930572 5755.01
0.0971628 8781.84
0.10145 7944.87
0.105925 8620.3
0.110599 7605.57
0.115478 7653
0.120573 7184.42
0.125893 8928.68
0.131447 9323.61
0.137246 10205.6
0.143301 9135.39
0.149624 10163.6
0.156225 7731.25
0.163117 11350.9
0.170314 10112.3
0.177828 10174
0.185674 9456.68
0.193865 11752.4
0.202418 11415.4
0.211349 8834.31
0.220673 10442.1
0.230409 9746.04
0.240575 11189.5
0.251189 9777.89
0.262271 11288.9
0.273842 11211.7
0.285924 12142.1
0.298538 10616.6
0.311709 11514.5
0.325462 10941.9
0.339821 13235.7
0.354813 12634.7
0.370467 10679.5
0.386812 11054.5
0.403878 9961.23
0.421697 12528.9
0.440301 12445
0.459727 11567
0.48001 12899.7
0.501187 10359.3
0.523299 11805.6
0.546387 11308.8
0.570493 11343.7
0.595662 11071.9
0.621942 11602.5
0.649382 11310.2
0.678032 10020.1
0.707946 10454.7
0.73918 11381.7
0.771792 8829.5
0.805842 9408.2
0.841395 8505.79
0.878517 9114.34
0.917276 8062.16
0.957745 7978.98
1 6535.11
1.04412 6569.08
1.09018 6200.85
1.13828 4959.03
1.1885 5595.74
1.24094 6691.63
1.29569 4662.7
1.35285 4821.11
1.41254 5113.54
1.47486 4519.59
1.53993 3176.42
1.60787 4126.37
1.6788 3413.55
1.75287 3891.97
1.83021 3185.82
1.91095 3150.79
1.99526 3591.03
2.08329 3302.7
2.1752 3904.36
2.27117 2729.15
2.37137 2987.73
2.476 3422.51
2.58523 2737.57
2.69929 2759.29
2.81838 2610.79
2.94273 1988.55
3.07256 2002.03
3.20812 2078.24
3.34965 2015.53
3.49744 2741.24
3.65174 2701.75
3.81285 3490.51
3.98107 2517.02
4.15671 2323.98
4.3401 1955.52
4.53158 1905.01
4.73151 2129.83
4.94026 2219.69
5.15822 1484.92
5.3858 1936.42
5.62341 1664.01
5.87151 1578.53
6.13056 1586.75
6.40103 1799.7
6.68344 1644.37
6.97831 1648.41
7.28618 2068.06
7.60764 1810.04
7.94328 1385.5
8.29373 1567.09
8.65964 1478.37
9.0417 1331.39
9.44061 1804.05
9.85712 1210.36
10.292 1218.86
10.7461 802.919
11.2202 967.36
11.7152 1022.59
12.2321 631.355
12.7717 860.734
13.3352 1138.53
13.9236 744.775
14.5378 2043.28
15.1792 995.238
15.8489 979.238
16.5482 1071.97
17.2783 1288.21
18.0406 1311.2
18.8365 1193.76
19.6675 977.215
20.5353 946.699
21.4412 1437.1
22.3872 1448.69
23.3749 1826.29
24.4062 477.823
25.483 1086.79
26.6073 465.875
27.7811 1247.82
29.0068 1226.61
30.2866 1729.75
31.6228 1300.01
33.0179 966.275
34.4747 979.414
35.9956 1315.45
37.5837 1279.2
39.2419 1362.33
40.9732 1744.31
42.7809 1301.64
44.6684 2119.66
46.6391 1864.49
48.6968 2181.99
50.8452 1581.6
53.0884 1696.95
55.4307 1537.2
57.8762 2104.14
60.4296 1655.02
63.0957 1513.83
65.8795 1562.39
68.786 2035.76
71.8208 2415.79
74.9894 1745.34
78.2979 2774.35
81.7523 1610.99
85.3591 2207.75
89.1251 2403.89
93.0572 1484.2
97.1628 2226.91
101.45 2455.51
105.925 2697.51
110.599 2405.64
115.478 2734.03
120.573 2838.81
125.893 2178.69
131.447 2551.87
137.246 3222.54
143.301 4037.75
149.624 3187.51
156.225 3007.85
163.117 5073.33
170.314 3550.93
177.828 2824.93
185.674 3305.92
193.865 5563.73
202.418 4862.15
211.349 4203.84
220.673 5668.45
230.409 5172.19
240.575 5601.34
251.189 6089.48
262.271 4386.57
273.842 5612.91
285.924 5711.15
298.538 7424.16
311.709 7017.32
325.462 5806.36
339.821 6645.51
354.813 6209.07
370.467 5379.7
386.812 5181.21
403.878 2682.87
421.697 2764.73
440.301 2425.96
459.727 829.072
480.01 1248.85
501.187 703.88
523.299 377.834
546.387 717.757
570.493 175.78
595.662 377.217
621.942 453.164
649.382 443.64
678.032 91.9596
707.946 203.936
739.18 154.921
771.792 90.2121
805.842 308.797
841.395 49.5592
878.517 117.869
917.276 0
957.745 0
1000 0
