# First line is two numbers 
#     First value is '2', it means 'histogram mode'
#     Second value is 'Emin' of the histogram
# Other lines : 2 columns. 1) energy 2) probability (nb divided by NbEvent)
# Number of bins = 480
# Content below the first bin: 0
# Content above the last  bin: 0
# Content above the last  bin: 0
# Number of events: 209000
2 1e-06
1.04412e-06 0
1.09018e-06 0
1.13828e-06 0
1.1885e-06 0
1.24094e-06 0
1.29569e-06 0
1.35285e-06 0
1.41254e-06 0
1.47486e-06 0
1.53993e-06 0
1.60787e-06 0
1.6788e-06 0
1.75287e-06 0
1.83021e-06 0
1.91095e-06 0
1.99526e-06 0
2.08329e-06 0
2.1752e-06 0
2.27117e-06 0
2.37137e-06 0
2.476e-06 0
2.58523e-06 0
2.69929e-06 0
2.81838e-06 0
2.94273e-06 0
3.07256e-06 0
3.20812e-06 0
3.34965e-06 0
3.49744e-06 0
3.65174e-06 0
3.81285e-06 0
3.98107e-06 0
4.15671e-06 0
4.3401e-06 0
4.53158e-06 0
4.73151e-06 0
4.94026e-06 0
5.15822e-06 0
5.3858e-06 0
5.62341e-06 0
5.87151e-06 0
6.13056e-06 0
6.40103e-06 0
6.68344e-06 0
6.97831e-06 0
7.28618e-06 0
7.60764e-06 0
7.94328e-06 0
8.29373e-06 0
8.65964e-06 0
9.0417e-06 0
9.44061e-06 0
9.85712e-06 0
1.0292e-05 0
1.07461e-05 0
1.12202e-05 0
1.17152e-05 0
1.22321e-05 0
1.27717e-05 0
1.33352e-05 0
1.39236e-05 0
1.45378e-05 0
1.51792e-05 0
1.58489e-05 0
1.65482e-05 0
1.72783e-05 0
1.80406e-05 0
1.88365e-05 0
1.96675e-05 0
2.05353e-05 0
2.14412e-05 0
2.23872e-05 0
2.33749e-05 0
2.44062e-05 0
2.5483e-05 0
2.66073e-05 0
2.77811e-05 0
2.90068e-05 0
3.02866e-05 0
3.16228e-05 0
3.30179e-05 0
3.44747e-05 0
3.59956e-05 0
3.75837e-05 0
3.92419e-05 0
4.09732e-05 0
4.27809e-05 0
4.46684e-05 0
4.66391e-05 0
4.86968e-05 0
5.08452e-05 0
5.30884e-05 0
5.54307e-05 0
5.78762e-05 0
6.04296e-05 0
6.30957e-05 0
6.58795e-05 0
6.8786e-05 0
7.18208e-05 0
7.49894e-05 0
7.82979e-05 0
8.17523e-05 0
8.53591e-05 0
8.91251e-05 0
9.30572e-05 0
9.71628e-05 0
0.00010145 0
0.000105925 0
0.000110599 0
0.000115478 0
0.000120573 0
0.000125893 0
0.000131447 0
0.000137246 0
0.000143301 0
0.000149624 0
0.000156225 0
0.000163117 0
0.000170314 0
0.000177828 0
0.000185674 0
0.000193865 0
0.000202418 0
0.000211349 0
0.000220673 0
0.000230409 0
0.000240575 0
0.000251189 0
0.000262271 0
0.000273842 0
0.000285924 0
0.000298538 0
0.000311709 0
0.000325462 0
0.000339821 0
0.000354813 0
0.000370467 0
0.000386812 0
0.000403878 0
0.000421697 0
0.000440301 0
0.000459727 0
0.00048001 0
0.000501187 0
0.000523299 0
0.000546387 0
0.000570493 0
0.000595662 0
0.000621942 0
0.000649382 0
0.000678032 0
0.000707946 0
0.00073918 0
0.000771792 0
0.000805842 0
0.000841395 0
0.000878517 0
0.000917276 0
0.000957745 0
0.001 0
0.00104412 0
0.00109018 0
0.00113828 0
0.0011885 0
0.00124094 0
0.00129569 0
0.00135285 0
0.00141254 0
0.00147486 0
0.00153993 0
0.00160787 0
0.0016788 72.5282
0.00175287 0
0.00183021 0
0.00191095 0
0.00199526 0
0.00208329 0
0.0021752 0
0.00227117 0
0.00237137 0
0.002476 105.278
0.00258523 169.921
0.00269929 0
0.00281838 0
0.00294273 0
0.00307256 0
0.00320812 0
0.00334965 111.473
0.00349744 0
0.00365174 0
0.00381285 0
0.00398107 0
0.00415671 0
0.0043401 111.509
0.00453158 193.778
0.00473151 218.28
0.00494026 81.713
0.00515822 0
0.0053858 68.9184
0.00562341 118.113
0.00587151 0
0.00613056 228.57
0.00640103 177.551
0.00668344 35.3285
0.00697831 137.141
0.00728618 246.423
0.00760764 564.019
0.00794328 88.3736
0.00829373 141.989
0.00865964 96.2937
0.0090417 276.534
0.00944061 165.63
0.00985712 502.981
0.010292 219.299
0.0107461 392.489
0.0112202 197.859
0.0117152 504.367
0.0122321 611.86
0.0127717 737.057
0.0133352 537.011
0.0139236 795.174
0.0145378 653.104
0.0151792 727.425
0.0158489 1215.55
0.0165482 579.71
0.0172783 895.955
0.0180406 686.216
0.0188365 1861.31
0.0196675 972.339
0.0205353 1616.13
0.0214412 1212.86
0.0223872 1564.54
0.0233749 1800.37
0.0244062 961.091
0.025483 1505
0.0266073 1783.34
0.0277811 1310.38
0.0290068 2058.29
0.0302866 1437.63
0.0316228 2287.17
0.0330179 1272.18
0.0344747 2023.1
0.0359956 2439.26
0.0375837 2244.57
0.0392419 2311.28
0.0409732 2717.91
0.0427809 1975.41
0.0446684 3027.12
0.0466391 2375.66
0.0486968 2733.29
0.0508452 3781
0.0530884 3431.58
0.0554307 3968.87
0.0578762 4196.39
0.0604296 4118.56
0.0630957 4257.76
0.0658795 3848.23
0.068786 4426.68
0.0718208 5988.57
0.0749894 4668.11
0.0782979 7582.22
0.0817523 7100.27
0.0853591 5248.79
0.0891251 5733.71
0.0930572 5874.37
0.0971628 7935.29
0.10145 7111.54
0.105925 8844.62
0.110599 6627.34
0.115478 8257
0.120573 7899.48
0.125893 9402.45
0.131447 8482.94
0.137246 10494.5
0.143301 8882.53
0.149624 10520
0.156225 8668.5
0.163117 9048.71
0.170314 9559
0.177828 10989.9
0.185674 9341.41
0.193865 10999.5
0.202418 9307.35
0.211349 11329.1
0.220673 11468.4
0.230409 9989.27
0.240575 11329.1
0.251189 10879.3
0.262271 11743.4
0.273842 9334.35
0.285924 12966.4
0.298538 10165.8
0.311709 9118.04
0.325462 11691.3
0.339821 10969.6
0.354813 10875.1
0.370467 11218.7
0.386812 10862.8
0.403878 12432.2
0.421697 13767.8
0.440301 11403
0.459727 11266.6
0.48001 11437
0.501187 10143.4
0.523299 10895.3
0.546387 9882.64
0.570493 11222.2
0.595662 11286.6
0.621942 12226.2
0.649382 12050.9
0.678032 9422.16
0.707946 9823.42
0.73918 10637.2
0.771792 9259.51
0.805842 10058.5
0.841395 9606.08
0.878517 7378.5
0.917276 8863.41
0.957745 7673.42
1 8235.47
1.04412 6137.51
1.09018 6027.12
1.13828 6770.35
1.1885 5814.53
1.24094 6574.86
1.29569 5260.06
1.35285 5187.84
1.41254 4050.24
1.47486 5084.31
1.53993 4996.31
1.60787 4530.85
1.6788 2644.28
1.75287 3763.47
1.83021 2905.83
1.91095 3525.38
1.99526 3436.96
2.08329 4329.1
2.1752 2222.07
2.27117 2652.39
2.37137 3165.46
2.476 2916.13
2.58523 1892.38
2.69929 2758.16
2.81838 2958.2
2.94273 2490.81
3.07256 1687.96
3.20812 2091.81
3.34965 2714.48
3.49744 2358.82
3.65174 1777.29
3.81285 2155.42
3.98107 2901.9
4.15671 2014.29
4.3401 1793.55
4.53158 2264.93
4.73151 2135.67
4.94026 1403.65
5.15822 2225.15
5.3858 1364.49
5.62341 1822.06
5.87151 1911.41
6.13056 1055.84
6.40103 1775.85
6.68344 962.308
6.97831 1327.32
7.28618 1165.55
7.60764 1615.44
7.94328 740.653
8.29373 1196.77
8.65964 1092.73
9.0417 990.719
9.44061 1229.19
9.85712 1015.68
10.292 964.675
10.7461 822.71
11.2202 899.145
11.7152 1505.8
12.2321 755.25
12.7717 1051.83
13.3352 1067.39
13.9236 1531.06
14.5378 703.801
15.1792 1166.97
15.8489 747.045
16.5482 1116.12
17.2783 768.264
18.0406 818.116
18.8365 1127.64
19.6675 992.512
20.5353 1265.84
21.4412 1835.93
22.3872 1261.5
23.3749 784.623
24.4062 1289.65
25.483 1005.95
26.6073 1465.9
27.7811 1419.94
29.0068 701.999
30.2866 901.006
31.6228 1756.16
33.0179 1071.74
34.4747 1293.83
35.9956 2236.55
37.5837 1974.79
39.2419 1562.61
40.9732 1097.31
42.7809 944.84
44.6684 1940.89
46.6391 955.689
48.6968 1871.89
50.8452 2001.63
53.0884 2608.86
55.4307 1602.24
57.8762 2173.65
60.4296 1441.39
63.0957 2021.04
65.8795 1714.98
68.786 2727.81
71.8208 1676.25
74.9894 2475.58
78.2979 2167.67
81.7523 2298.01
85.3591 3621.92
89.1251 1964.5
93.0572 2633.49
97.1628 3033.31
101.45 1756.21
105.925 2276.57
110.599 2804.25
115.478 2612.15
120.573 2815.44
125.893 2987.61
131.447 2426.36
137.246 4096.96
143.301 4387.91
149.624 3410.72
156.225 3366.94
163.117 4258.22
170.314 3195.27
177.828 4186.13
185.674 4274.05
193.865 3902.54
202.418 5073.53
211.349 4975.02
220.673 3993.02
230.409 4891.88
240.575 5030.47
251.189 5072.79
262.271 5489.47
273.842 5001.43
285.924 6616.32
298.538 5546.32
311.709 5561.89
325.462 6978.03
339.821 4908.45
354.813 5895.16
370.467 5140.55
386.812 4050.58
403.878 2412.66
421.697 2863.2
440.301 1588.19
459.727 1104.49
480.01 937.274
501.187 593.555
523.299 964.798
546.387 796.341
570.493 495.931
595.662 635.027
621.942 282.03
649.382 103.706
678.032 317.637
707.946 505.917
739.18 118.904
771.792 119.186
805.842 102.485
841.395 30.099
878.517 0
917.276 0
957.745 0
1000 0
