# First line is two numbers 
#     First value is '2', it means 'histogram mode'
#     Second value is 'Emin' of the histogram
# Other lines : 2 columns. 1) energy 2) probability (nb divided by NbEvent)
# Number of bins = 480
# Content below the first bin: 0
# Content above the last  bin: 0
# Content above the last  bin: 0
# Number of events: 209000
2 1e-06
1.04412e-06 0
1.09018e-06 0
1.13828e-06 0
1.1885e-06 0
1.24094e-06 0
1.29569e-06 0
1.35285e-06 0
1.41254e-06 0
1.47486e-06 0
1.53993e-06 0
1.60787e-06 0
1.6788e-06 0
1.75287e-06 0
1.83021e-06 0
1.91095e-06 0
1.99526e-06 0
2.08329e-06 0
2.1752e-06 0
2.27117e-06 0
2.37137e-06 0
2.476e-06 0
2.58523e-06 0
2.69929e-06 0
2.81838e-06 0
2.94273e-06 0
3.07256e-06 0
3.20812e-06 0
3.34965e-06 0
3.49744e-06 0
3.65174e-06 0
3.81285e-06 0
3.98107e-06 0
4.15671e-06 0
4.3401e-06 0
4.53158e-06 0
4.73151e-06 0
4.94026e-06 0
5.15822e-06 0
5.3858e-06 0
5.62341e-06 0
5.87151e-06 0
6.13056e-06 0
6.40103e-06 0
6.68344e-06 0
6.97831e-06 0
7.28618e-06 0
7.60764e-06 0
7.94328e-06 0
8.29373e-06 0
8.65964e-06 0
9.0417e-06 0
9.44061e-06 0
9.85712e-06 0
1.0292e-05 0
1.07461e-05 0
1.12202e-05 0
1.17152e-05 0
1.22321e-05 0
1.27717e-05 0
1.33352e-05 0
1.39236e-05 0
1.45378e-05 0
1.51792e-05 0
1.58489e-05 0
1.65482e-05 0
1.72783e-05 0
1.80406e-05 0
1.88365e-05 0
1.96675e-05 0
2.05353e-05 0
2.14412e-05 0
2.23872e-05 0
2.33749e-05 0
2.44062e-05 0
2.5483e-05 0
2.66073e-05 0
2.77811e-05 0
2.90068e-05 0
3.02866e-05 0
3.16228e-05 0
3.30179e-05 0
3.44747e-05 0
3.59956e-05 0
3.75837e-05 0
3.92419e-05 0
4.09732e-05 0
4.27809e-05 0
4.46684e-05 0
4.66391e-05 0
4.86968e-05 0
5.08452e-05 0
5.30884e-05 0
5.54307e-05 0
5.78762e-05 0
6.04296e-05 0
6.30957e-05 0
6.58795e-05 0
6.8786e-05 0
7.18208e-05 0
7.49894e-05 0
7.82979e-05 0
8.17523e-05 0
8.53591e-05 0
8.91251e-05 0
9.30572e-05 0
9.71628e-05 0
0.00010145 0
0.000105925 0
0.000110599 0
0.000115478 0
0.000120573 0
0.000125893 0
0.000131447 0
0.000137246 0
0.000143301 0
0.000149624 0
0.000156225 0
0.000163117 0
0.000170314 0
0.000177828 0
0.000185674 0
0.000193865 0
0.000202418 0
0.000211349 0
0.000220673 0
0.000230409 0
0.000240575 0
0.000251189 0
0.000262271 0
0.000273842 0
0.000285924 0
0.000298538 0
0.000311709 0
0.000325462 0
0.000339821 0
0.000354813 0
0.000370467 0
0.000386812 0
0.000403878 0
0.000421697 0
0.000440301 0
0.000459727 0
0.00048001 0
0.000501187 0
0.000523299 0
0.000546387 0
0.000570493 0
0.000595662 0
0.000621942 0
0.000649382 0
0.000678032 0
0.000707946 0
0.00073918 0
0.000771792 0
0.000805842 0
0.000841395 0
0.000878517 0
0.000917276 0
0.000957745 0
0.001 0
0.00104412 0
0.00109018 0
0.00113828 0
0.0011885 0
0.00124094 0
0.00129569 0
0.00135285 0
0.00141254 0
0.00147486 0
0.00153993 0
0.00160787 0
0.0016788 0
0.00175287 0
0.00183021 0
0.00191095 0
0.00199526 0
0.00208329 0
0.0021752 0
0.00227117 0
0.00237137 0
0.002476 0
0.00258523 0
0.00269929 0
0.00281838 0
0.00294273 0
0.00307256 0
0.00320812 0
0.00334965 0
0.00349744 0
0.00365174 0
0.00381285 0
0.00398107 0
0.00415671 0
0.0043401 0
0.00453158 0
0.00473151 0
0.00494026 0
0.00515822 0
0.0053858 0
0.00562341 0
0.00587151 0
0.00613056 0
0.00640103 0
0.00668344 0
0.00697831 0
0.00728618 0
0.00760764 0
0.00794328 0
0.00829373 0
0.00865964 0
0.0090417 0
0.00944061 0
0.00985712 0
0.010292 0
0.0107461 0
0.0112202 0
0.0117152 0
0.0122321 0
0.0127717 0
0.0133352 0
0.0139236 0
0.0145378 0
0.0151792 0
0.0158489 0
0.0165482 0
0.0172783 0
0.0180406 0
0.0188365 0
0.0196675 0
0.0205353 0
0.0214412 0
0.0223872 0
0.0233749 0
0.0244062 69.8395
0.025483 72.1089
0.0266073 0
0.0277811 92.6372
0.0290068 0
0.0302866 0
0.0316228 177.042
0.0330179 0
0.0344747 59.4941
0.0359956 0
0.0375837 20.4547
0.0392419 0
0.0409732 0
0.0427809 0
0.0446684 0
0.0466391 0
0.0486968 0
0.0508452 0
0.0530884 0
0.0554307 116.851
0.0578762 0
0.0604296 212.287
0.0630957 188.152
0.0658795 207.264
0.068786 170.721
0.0718208 0
0.0749894 0
0.0782979 0
0.0817523 73.4887
0.0853591 0
0.0891251 152.747
0.0930572 244.962
0.0971628 289.456
0.10145 88.8138
0.105925 74.0913
0.110599 194.543
0.115478 34.8151
0.120573 97.2379
0.125893 71.9598
0.131447 93.0658
0.137246 0
0.143301 162.616
0.149624 191.507
0.156225 441.429
0.163117 66.6798
0.170314 0
0.177828 11.5085
0.185674 377.883
0.193865 116.949
0.202418 315.224
0.211349 342.503
0.220673 216.833
0.230409 281.149
0.240575 254.671
0.251189 101.979
0.262271 104.07
0.273842 220.741
0.285924 425.722
0.298538 97.2802
0.311709 370.258
0.325462 363.549
0.339821 346.723
0.354813 330.574
0.370467 419.803
0.386812 597.514
0.403878 215.011
0.421697 191.955
0.440301 152.358
0.459727 450.203
0.48001 107.716
0.501187 144.869
0.523299 34.7725
0.546387 107.201
0.570493 606.745
0.595662 390.54
0.621942 240.811
0.649382 253.148
0.678032 364.576
0.707946 227.113
0.73918 296.293
0.771792 93.5826
0.805842 508.24
0.841395 590.321
0.878517 411.963
0.917276 196.073
0.957745 158.853
1 375.598
1.04412 102.255
1.09018 199.085
1.13828 126.83
1.1885 522.922
1.24094 185.968
1.29569 179.582
1.35285 212.312
1.41254 195.352
1.47486 277.999
1.53993 291.737
1.60787 9.50382
1.6788 261.019
1.75287 275.724
1.83021 135.812
1.91095 389.197
1.99526 316.388
2.08329 171.324
2.1752 192.957
2.27117 120.071
2.37137 249.656
2.476 110.744
2.58523 164.326
2.69929 157.784
2.81838 260.426
2.94273 419.805
3.07256 216.052
3.20812 391.935
3.34965 331.46
3.49744 131.377
3.65174 409.895
3.81285 0
3.98107 298.815
4.15671 0
4.3401 83.0009
4.53158 101.735
4.73151 215.009
4.94026 140.027
5.15822 231.481
5.3858 0
5.62341 0
5.87151 55.1575
6.13056 281.639
6.40103 0
6.68344 218.019
6.97831 92.3891
7.28618 181.25
7.60764 62.8679
7.94328 79.5203
8.29373 184.515
8.65964 76.6113
9.0417 308.317
9.44061 166.199
9.85712 60.9166
10.292 0
10.7461 0
11.2202 187.925
11.7152 112.438
12.2321 185.485
12.7717 67.5739
13.3352 223.6
13.9236 0
14.5378 29.2158
15.1792 113.96
15.8489 82.0966
16.5482 0
17.2783 62.628
18.0406 275.815
18.8365 114.731
19.6675 98.9345
20.5353 289.491
21.4412 262.105
22.3872 98.2775
23.3749 41.2932
24.4062 186.746
25.483 97.8972
26.6073 103.662
27.7811 47.754
29.0068 0
30.2866 60.3654
31.6228 194.835
33.0179 225.971
34.4747 133.072
35.9956 284.867
37.5837 100.871
39.2419 0
40.9732 92.2171
42.7809 209.072
44.6684 283.344
46.6391 150.347
48.6968 164.034
50.8452 440.308
53.0884 364.404
55.4307 344.246
57.8762 97.0844
60.4296 113.346
63.0957 287.394
65.8795 103.457
68.786 230.211
71.8208 237.084
74.9894 337.856
78.2979 107.45
81.7523 248.922
85.3591 176.809
89.1251 399.573
93.0572 507.343
97.1628 312.587
101.45 362.558
105.925 134.945
110.599 384.292
115.478 459.159
120.573 503.231
125.893 568.125
131.447 534.827
137.246 177.097
143.301 200.823
149.624 381.379
156.225 339.144
163.117 509.906
170.314 394.198
177.828 434.944
185.674 945.584
193.865 487.237
202.418 611.756
211.349 428.165
220.673 547.381
230.409 400.991
240.575 1004.64
251.189 642.615
262.271 1165.15
273.842 355.176
285.924 1195.12
298.538 825.515
311.709 2012.91
325.462 2124.61
339.821 2124.25
354.813 1585.99
370.467 1333.51
386.812 2726.91
403.878 2511.74
421.697 783.857
440.301 683.447
459.727 1184.13
480.01 227.304
501.187 738.514
523.299 431.923
546.387 276.757
570.493 181.902
595.662 130.435
621.942 92.4715
649.382 0
678.032 104.199
707.946 103.972
739.18 109.894
771.792 0
805.842 0
841.395 0
878.517 0
917.276 0
957.745 80.4828
1000 0
