# First line is two numbers 
#     First value is '2', it means 'histogram mode'
#     Second value is 'Emin' of the histogram
# Other lines : 2 columns. 1) energy 2) probability (nb divided by NbEvent)
# Number of bins = 480
# Content below the first bin: 0
# Content above the last  bin: 0
# Content above the last  bin: 0
# Number of events: 209000
2 1e-06
1.04412e-06 0
1.09018e-06 0
1.13828e-06 0
1.1885e-06 0
1.24094e-06 0
1.29569e-06 0
1.35285e-06 0
1.41254e-06 0
1.47486e-06 0
1.53993e-06 0
1.60787e-06 0
1.6788e-06 0
1.75287e-06 0
1.83021e-06 0
1.91095e-06 0
1.99526e-06 0
2.08329e-06 0
2.1752e-06 0
2.27117e-06 0
2.37137e-06 0
2.476e-06 0
2.58523e-06 0
2.69929e-06 0
2.81838e-06 0
2.94273e-06 0
3.07256e-06 0
3.20812e-06 0
3.34965e-06 0
3.49744e-06 0
3.65174e-06 0
3.81285e-06 0
3.98107e-06 0
4.15671e-06 0
4.3401e-06 0
4.53158e-06 0
4.73151e-06 0
4.94026e-06 0
5.15822e-06 0
5.3858e-06 0
5.62341e-06 0
5.87151e-06 0
6.13056e-06 0
6.40103e-06 0
6.68344e-06 0
6.97831e-06 0
7.28618e-06 0
7.60764e-06 0
7.94328e-06 0
8.29373e-06 0
8.65964e-06 0
9.0417e-06 0
9.44061e-06 0
9.85712e-06 0
1.0292e-05 0
1.07461e-05 0
1.12202e-05 0
1.17152e-05 0
1.22321e-05 0
1.27717e-05 0
1.33352e-05 0
1.39236e-05 0
1.45378e-05 0
1.51792e-05 0
1.58489e-05 0
1.65482e-05 0
1.72783e-05 0
1.80406e-05 0
1.88365e-05 0
1.96675e-05 0
2.05353e-05 0
2.14412e-05 0
2.23872e-05 0
2.33749e-05 0
2.44062e-05 0
2.5483e-05 0
2.66073e-05 0
2.77811e-05 0
2.90068e-05 0
3.02866e-05 0
3.16228e-05 0
3.30179e-05 0
3.44747e-05 0
3.59956e-05 0
3.75837e-05 0
3.92419e-05 0
4.09732e-05 0
4.27809e-05 0
4.46684e-05 0
4.66391e-05 0
4.86968e-05 0
5.08452e-05 0
5.30884e-05 0
5.54307e-05 0
5.78762e-05 0
6.04296e-05 0
6.30957e-05 0
6.58795e-05 0
6.8786e-05 0
7.18208e-05 0
7.49894e-05 0
7.82979e-05 0
8.17523e-05 0
8.53591e-05 0
8.91251e-05 0
9.30572e-05 0
9.71628e-05 0
0.00010145 0
0.000105925 0
0.000110599 0
0.000115478 0
0.000120573 0
0.000125893 0
0.000131447 0
0.000137246 0
0.000143301 0
0.000149624 0
0.000156225 0
0.000163117 0
0.000170314 0
0.000177828 0
0.000185674 0
0.000193865 0
0.000202418 0
0.000211349 0
0.000220673 0
0.000230409 0
0.000240575 0
0.000251189 0
0.000262271 0
0.000273842 0
0.000285924 0
0.000298538 0
0.000311709 0
0.000325462 0
0.000339821 0
0.000354813 0
0.000370467 0
0.000386812 0
0.000403878 0
0.000421697 0
0.000440301 0
0.000459727 0
0.00048001 1
0.000501187 0
0.000523299 0
0.000546387 0
0.000570493 0
0.000595662 0
0.000621942 1
0.000649382 0
0.000678032 0
0.000707946 0
0.00073918 1
0.000771792 0
0.000805842 0
0.000841395 0
0.000878517 0
0.000917276 0
0.000957745 0
0.001 0
0.00104412 0
0.00109018 1
0.00113828 0
0.0011885 0
0.00124094 0
0.00129569 0
0.00135285 0
0.00141254 0
0.00147486 0
0.00153993 0
0.00160787 0
0.0016788 1
0.00175287 0
0.00183021 1
0.00191095 0
0.00199526 0
0.00208329 0
0.0021752 1
0.00227117 0
0.00237137 3
0.002476 1
0.00258523 0
0.00269929 0
0.00281838 1
0.00294273 1
0.00307256 0
0.00320812 0
0.00334965 0
0.00349744 0
0.00365174 0
0.00381285 1
0.00398107 1
0.00415671 1
0.0043401 3
0.00453158 0
0.00473151 1
0.00494026 2
0.00515822 2
0.0053858 1
0.00562341 0
0.00587151 1
0.00613056 2
0.00640103 2
0.00668344 3
0.00697831 0
0.00728618 1
0.00760764 6
0.00794328 2
0.00829373 2
0.00865964 3
0.0090417 5
0.00944061 4
0.00985712 7
0.010292 3
0.0107461 6
0.0112202 7
0.0117152 4
0.0122321 9
0.0127717 8
0.0133352 13
0.0139236 9
0.0145378 10
0.0151792 7
0.0158489 13
0.0165482 11
0.0172783 6
0.0180406 16
0.0188365 16
0.0196675 17
0.0205353 15
0.0214412 15
0.0223872 18
0.0233749 28
0.0244062 21
0.025483 16
0.0266073 29
0.0277811 25
0.0290068 29
0.0302866 29
0.0316228 36
0.0330179 34
0.0344747 51
0.0359956 51
0.0375837 43
0.0392419 38
0.0409732 46
0.0427809 47
0.0446684 38
0.0466391 56
0.0486968 60
0.0508452 51
0.0530884 59
0.0554307 65
0.0578762 46
0.0604296 69
0.0630957 75
0.0658795 69
0.068786 92
0.0718208 86
0.0749894 84
0.0782979 101
0.0817523 94
0.0853591 99
0.0891251 104
0.0930572 96
0.0971628 123
0.10145 110
0.105925 132
0.110599 132
0.115478 146
0.120573 146
0.125893 150
0.131447 135
0.137246 151
0.143301 166
0.149624 135
0.156225 160
0.163117 132
0.170314 155
0.177828 152
0.185674 155
0.193865 153
0.202418 193
0.211349 152
0.220673 173
0.230409 180
0.240575 171
0.251189 163
0.262271 158
0.273842 184
0.285924 201
0.298538 174
0.311709 177
0.325462 178
0.339821 185
0.354813 201
0.370467 180
0.386812 190
0.403878 184
0.421697 210
0.440301 180
0.459727 190
0.48001 214
0.501187 185
0.523299 208
0.546387 204
0.570493 186
0.595662 188
0.621942 183
0.649382 209
0.678032 187
0.707946 172
0.73918 165
0.771792 179
0.805842 139
0.841395 139
0.878517 151
0.917276 142
0.957745 140
1 119
1.04412 119
1.09018 100
1.13828 99
1.1885 111
1.24094 88
1.29569 100
1.35285 81
1.41254 71
1.47486 65
1.53993 62
1.60787 45
1.6788 64
1.75287 57
1.83021 58
1.91095 69
1.99526 59
2.08329 46
2.1752 54
2.27117 52
2.37137 42
2.476 35
2.58523 42
2.69929 47
2.81838 48
2.94273 44
3.07256 34
3.20812 36
3.34965 33
3.49744 34
3.65174 35
3.81285 31
3.98107 32
4.15671 35
4.3401 48
4.53158 23
4.73151 37
4.94026 28
5.15822 28
5.3858 26
5.62341 29
5.87151 32
6.13056 31
6.40103 22
6.68344 27
6.97831 21
7.28618 23
7.60764 16
7.94328 19
8.29373 21
8.65964 16
9.0417 23
9.44061 24
9.85712 16
10.292 17
10.7461 17
11.2202 28
11.7152 26
12.2321 15
12.7717 13
13.3352 21
13.9236 16
14.5378 15
15.1792 18
15.8489 20
16.5482 18
17.2783 14
18.0406 20
18.8365 18
19.6675 9
20.5353 20
21.4412 22
22.3872 24
23.3749 23
24.4062 24
25.483 20
26.6073 16
27.7811 30
29.0068 15
30.2866 20
31.6228 29
33.0179 23
34.4747 13
35.9956 17
37.5837 14
39.2419 27
40.9732 24
42.7809 30
44.6684 27
46.6391 37
48.6968 35
50.8452 38
53.0884 42
55.4307 40
57.8762 31
60.4296 26
63.0957 45
65.8795 31
68.786 31
71.8208 42
74.9894 29
78.2979 37
81.7523 36
85.3591 36
89.1251 38
93.0572 36
97.1628 38
101.45 47
105.925 33
110.599 58
115.478 54
120.573 49
125.893 43
131.447 46
137.246 53
143.301 58
149.624 51
156.225 80
163.117 58
170.314 52
177.828 69
185.674 55
193.865 81
202.418 78
211.349 75
220.673 72
230.409 95
240.575 89
251.189 80
262.271 75
273.842 78
285.924 85
298.538 74
311.709 91
325.462 63
339.821 52
354.813 34
370.467 41
386.812 20
403.878 15
421.697 19
440.301 17
459.727 7
480.01 10
501.187 4
523.299 6
546.387 4
570.493 3
595.662 4
621.942 3
649.382 4
678.032 3
707.946 4
739.18 2
771.792 1
805.842 0
841.395 1
878.517 0
917.276 0
957.745 0
1000 0
