# First line is two numbers 
#     First value is '2', it means 'histogram mode'
#     Second value is 'Emin' of the histogram
# Other lines : 2 columns. 1) energy 2) probability (nb divided by NbEvent)
# Number of bins = 480
# Content below the first bin: 0
# Content above the last  bin: 0
# Content above the last  bin: 0
# Number of events: 209000
2 1e-06
1.04412e-06 0
1.09018e-06 0
1.13828e-06 0
1.1885e-06 0
1.24094e-06 0
1.29569e-06 0
1.35285e-06 0
1.41254e-06 0
1.47486e-06 0
1.53993e-06 0
1.60787e-06 0
1.6788e-06 0
1.75287e-06 0
1.83021e-06 0
1.91095e-06 0
1.99526e-06 0
2.08329e-06 0
2.1752e-06 0
2.27117e-06 0
2.37137e-06 0
2.476e-06 0
2.58523e-06 0
2.69929e-06 0
2.81838e-06 0
2.94273e-06 0
3.07256e-06 0
3.20812e-06 0
3.34965e-06 0
3.49744e-06 0
3.65174e-06 0
3.81285e-06 0
3.98107e-06 0
4.15671e-06 0
4.3401e-06 0
4.53158e-06 0
4.73151e-06 0
4.94026e-06 0
5.15822e-06 0
5.3858e-06 0
5.62341e-06 0
5.87151e-06 0
6.13056e-06 0
6.40103e-06 0
6.68344e-06 0
6.97831e-06 0
7.28618e-06 0
7.60764e-06 0
7.94328e-06 0
8.29373e-06 0
8.65964e-06 0
9.0417e-06 0
9.44061e-06 0
9.85712e-06 0
1.0292e-05 0
1.07461e-05 0
1.12202e-05 0
1.17152e-05 0
1.22321e-05 0
1.27717e-05 0
1.33352e-05 0
1.39236e-05 0
1.45378e-05 0
1.51792e-05 0
1.58489e-05 0
1.65482e-05 0
1.72783e-05 0
1.80406e-05 0
1.88365e-05 0
1.96675e-05 0
2.05353e-05 0
2.14412e-05 0
2.23872e-05 0
2.33749e-05 0
2.44062e-05 0
2.5483e-05 0
2.66073e-05 0
2.77811e-05 0
2.90068e-05 0
3.02866e-05 0
3.16228e-05 0
3.30179e-05 0
3.44747e-05 0
3.59956e-05 0
3.75837e-05 0
3.92419e-05 0
4.09732e-05 0
4.27809e-05 0
4.46684e-05 0
4.66391e-05 0
4.86968e-05 0
5.08452e-05 0
5.30884e-05 0
5.54307e-05 0
5.78762e-05 0
6.04296e-05 0
6.30957e-05 0
6.58795e-05 0
6.8786e-05 0
7.18208e-05 0
7.49894e-05 0
7.82979e-05 0
8.17523e-05 0
8.53591e-05 0
8.91251e-05 0
9.30572e-05 0
9.71628e-05 0
0.00010145 0
0.000105925 0
0.000110599 0
0.000115478 0
0.000120573 0
0.000125893 0
0.000131447 0
0.000137246 0
0.000143301 0
0.000149624 0
0.000156225 0
0.000163117 0
0.000170314 0
0.000177828 0
0.000185674 0
0.000193865 0
0.000202418 0
0.000211349 0
0.000220673 0
0.000230409 0
0.000240575 0
0.000251189 0
0.000262271 0
0.000273842 0
0.000285924 0
0.000298538 0
0.000311709 0
0.000325462 0
0.000339821 91.2331
0.000354813 0
0.000370467 0
0.000386812 0
0.000403878 0
0.000421697 0
0.000440301 107.637
0.000459727 0
0.00048001 0
0.000501187 0
0.000523299 0
0.000546387 0
0.000570493 94.0935
0.000595662 0
0.000621942 0
0.000649382 0
0.000678032 0
0.000707946 0
0.00073918 0
0.000771792 0
0.000805842 0
0.000841395 0
0.000878517 97.7246
0.000917276 0
0.000957745 0
0.001 0
0.00104412 0
0.00109018 0
0.00113828 0
0.0011885 0
0.00124094 0
0.00129569 114.623
0.00135285 83.5991
0.00141254 0
0.00147486 0
0.00153993 0
0.00160787 0
0.0016788 105.695
0.00175287 0
0.00183021 0
0.00191095 0
0.00199526 0
0.00208329 0
0.0021752 0
0.00227117 0
0.00237137 88.852
0.002476 0
0.00258523 90.8548
0.00269929 0
0.00281838 0
0.00294273 169.144
0.00307256 0
0.00320812 90.2009
0.00334965 0
0.00349744 0
0.00365174 0
0.00381285 75.8303
0.00398107 36.6002
0.00415671 0
0.0043401 89.3399
0.00453158 74.735
0.00473151 63.1267
0.00494026 89.8856
0.00515822 85.1826
0.0053858 218.078
0.00562341 34.1758
0.00587151 0
0.00613056 0
0.00640103 78.7933
0.00668344 156.409
0.00697831 267.927
0.00728618 114.266
0.00760764 354.09
0.00794328 236.488
0.00829373 421.047
0.00865964 111.48
0.0090417 149.844
0.00944061 852.592
0.00985712 173.984
0.010292 419.985
0.0107461 295.606
0.0112202 249.914
0.0117152 501.449
0.0122321 204.55
0.0127717 215.261
0.0133352 333.688
0.0139236 397.013
0.0145378 559.259
0.0151792 939.378
0.0158489 1049.41
0.0165482 847.176
0.0172783 976.5
0.0180406 964.66
0.0188365 1083.09
0.0196675 1202.61
0.0205353 1471.99
0.0214412 1044.59
0.0223872 1000.96
0.0233749 1376.87
0.0244062 1504.03
0.025483 2178.37
0.0266073 1844.36
0.0277811 2018.01
0.0290068 3173.98
0.0302866 2467.74
0.0316228 2768.06
0.0330179 3822.58
0.0344747 2136.54
0.0359956 2664.04
0.0375837 3977.05
0.0392419 3023.98
0.0409732 3578.66
0.0427809 3894.35
0.0446684 4051.48
0.0466391 4425.14
0.0486968 3280.75
0.0508452 4855.88
0.0530884 4697.78
0.0554307 5394.71
0.0578762 4846.1
0.0604296 5138.95
0.0630957 5266.65
0.0658795 5303.75
0.068786 7441.05
0.0718208 7861.74
0.0749894 6646.58
0.0782979 7796.78
0.0817523 7863.54
0.0853591 8100.06
0.0891251 8132.18
0.0930572 11352
0.0971628 9756.04
0.10145 9007.39
0.105925 11788.8
0.110599 12417.1
0.115478 10981.4
0.120573 11330.3
0.125893 11275.4
0.131447 10987.3
0.137246 9368.38
0.143301 9955.61
0.149624 11367.5
0.156225 11431
0.163117 11284.7
0.170314 10973
0.177828 12390.1
0.185674 14345.6
0.193865 12129.9
0.202418 15732
0.211349 13769.9
0.220673 16139.4
0.230409 14387.6
0.240575 12958.1
0.251189 13686.6
0.262271 13403.8
0.273842 13857.7
0.285924 15095.6
0.298538 16303.2
0.311709 14239
0.325462 17589.4
0.339821 15506.2
0.354813 14567
0.370467 14167.4
0.386812 15164.5
0.403878 17406.4
0.421697 15630.6
0.440301 13556.6
0.459727 15763.6
0.48001 14624.1
0.501187 14383.1
0.523299 14832
0.546387 14920.3
0.570493 15023.7
0.595662 13174.3
0.621942 16738
0.649382 13802
0.678032 14078.8
0.707946 14341.9
0.73918 12464.2
0.771792 13127.1
0.805842 10914.6
0.841395 14142.4
0.878517 11291
0.917276 10223.8
0.957745 9839.45
1 10483.1
1.04412 9224.92
1.09018 10180.4
1.13828 9971.34
1.1885 8124.38
1.24094 6616.48
1.29569 7064.09
1.35285 6782.9
1.41254 5840.25
1.47486 5006.14
1.53993 5525.53
1.60787 4033.56
1.6788 4843.77
1.75287 4081.57
1.83021 4939.06
1.91095 4302.25
1.99526 5125.12
2.08329 4537
2.1752 3560.49
2.27117 5676.39
2.37137 3185.25
2.476 4036.86
2.58523 3386.4
2.69929 4412.95
2.81838 3544.83
2.94273 3276.77
3.07256 3813.8
3.20812 2977.61
3.34965 1995.84
3.49744 3870.84
3.65174 2901.25
3.81285 3896.39
3.98107 2858.75
4.15671 2236.55
4.3401 3159.16
4.53158 2378.25
4.73151 2394.57
4.94026 3294.63
5.15822 1898.16
5.3858 2966.79
5.62341 2848.54
5.87151 1968.48
6.13056 1849.49
6.40103 1454.52
6.68344 2054.74
6.97831 2012.57
7.28618 1580.84
7.60764 1996.04
7.94328 2120.22
8.29373 1033.96
8.65964 1911.69
9.0417 1590.25
9.44061 1639.05
9.85712 1341.63
10.292 1348.63
10.7461 2005.87
11.2202 1792.55
11.7152 762.708
12.2321 816.18
12.7717 1711.72
13.3352 1368.5
13.9236 1186.1
14.5378 1281.73
15.1792 1245.46
15.8489 2580.81
16.5482 1188.34
17.2783 2108.04
18.0406 1193.31
18.8365 969.269
19.6675 1367.05
20.5353 1670.81
21.4412 1054.28
22.3872 1487.87
23.3749 1324.2
24.4062 1692.73
25.483 1012.74
26.6073 1073.58
27.7811 2289.57
29.0068 2596.95
30.2866 2170.81
31.6228 1584.06
33.0179 1374.99
34.4747 1667.11
35.9956 2836.3
37.5837 2539.7
39.2419 2464.09
40.9732 2340.04
42.7809 1923.91
44.6684 2192.59
46.6391 2264.75
48.6968 2245.83
50.8452 2448.39
53.0884 2413.98
55.4307 2153.6
57.8762 2776.56
60.4296 2270.71
63.0957 3742.94
65.8795 3131.78
68.786 3590.86
71.8208 3495.23
74.9894 3466.54
78.2979 3466.7
81.7523 2756.57
85.3591 3656.8
89.1251 2596.19
93.0572 2541.98
97.1628 2090.8
101.45 5322.74
105.925 3803.45
110.599 4720.24
115.478 3548.19
120.573 4811.28
125.893 3747.9
131.447 4320.19
137.246 5197.56
143.301 4206.43
149.624 4493.91
156.225 5068.04
163.117 5320.3
170.314 4131.26
177.828 5134.75
185.674 5353.65
193.865 6083.19
202.418 6071.95
211.349 7009.76
220.673 6044.93
230.409 5899.67
240.575 6158.53
251.189 7784.83
262.271 6342.93
273.842 6981.43
285.924 7698.34
298.538 6438.65
311.709 6658.73
325.462 6034.36
339.821 3989.03
354.813 3745.88
370.467 2173.6
386.812 1980.59
403.878 2404.51
421.697 1043.69
440.301 955.406
459.727 982.78
480.01 745.006
501.187 490.598
523.299 359.903
546.387 721.847
570.493 214.497
595.662 241.554
621.942 365.975
649.382 60.8391
678.032 252.9
707.946 370.572
739.18 154.689
771.792 0
805.842 0
841.395 0
878.517 0
917.276 0
957.745 0
1000 0
