# First line is two numbers 
#     First value is '2', it means 'histogram mode'
#     Second value is 'Emin' of the histogram
# Other lines : 2 columns. 1) energy 2) probability (nb divided by NbEvent)
# Number of bins = 480
# Content below the first bin: 0
# Content above the last  bin: 0
# Content above the last  bin: 0
# Number of events: 209000
2 1e-06
1.04412e-06 0
1.09018e-06 0
1.13828e-06 0
1.1885e-06 0
1.24094e-06 0
1.29569e-06 0
1.35285e-06 0
1.41254e-06 0
1.47486e-06 0
1.53993e-06 0
1.60787e-06 0
1.6788e-06 0
1.75287e-06 0
1.83021e-06 0
1.91095e-06 0
1.99526e-06 0
2.08329e-06 0
2.1752e-06 0
2.27117e-06 0
2.37137e-06 0
2.476e-06 0
2.58523e-06 0
2.69929e-06 0
2.81838e-06 0
2.94273e-06 0
3.07256e-06 0
3.20812e-06 0
3.34965e-06 0
3.49744e-06 0
3.65174e-06 0
3.81285e-06 0
3.98107e-06 0
4.15671e-06 0
4.3401e-06 0
4.53158e-06 0
4.73151e-06 0
4.94026e-06 0
5.15822e-06 0
5.3858e-06 0
5.62341e-06 0
5.87151e-06 0
6.13056e-06 0
6.40103e-06 0
6.68344e-06 0
6.97831e-06 0
7.28618e-06 0
7.60764e-06 0
7.94328e-06 0
8.29373e-06 0
8.65964e-06 0
9.0417e-06 0
9.44061e-06 0
9.85712e-06 0
1.0292e-05 0
1.07461e-05 0
1.12202e-05 0
1.17152e-05 0
1.22321e-05 0
1.27717e-05 0
1.33352e-05 0
1.39236e-05 0
1.45378e-05 0
1.51792e-05 0
1.58489e-05 0
1.65482e-05 0
1.72783e-05 0
1.80406e-05 0
1.88365e-05 0
1.96675e-05 0
2.05353e-05 0
2.14412e-05 0
2.23872e-05 0
2.33749e-05 0
2.44062e-05 0
2.5483e-05 0
2.66073e-05 0
2.77811e-05 0
2.90068e-05 0
3.02866e-05 0
3.16228e-05 0
3.30179e-05 0
3.44747e-05 0
3.59956e-05 0
3.75837e-05 0
3.92419e-05 0
4.09732e-05 0
4.27809e-05 0
4.46684e-05 0
4.66391e-05 0
4.86968e-05 0
5.08452e-05 0
5.30884e-05 0
5.54307e-05 0
5.78762e-05 0
6.04296e-05 0
6.30957e-05 0
6.58795e-05 0
6.8786e-05 0
7.18208e-05 0
7.49894e-05 0
7.82979e-05 0
8.17523e-05 0
8.53591e-05 0
8.91251e-05 0
9.30572e-05 0
9.71628e-05 0
0.00010145 0
0.000105925 0
0.000110599 0
0.000115478 0
0.000120573 0
0.000125893 0
0.000131447 0
0.000137246 0
0.000143301 0
0.000149624 0
0.000156225 0
0.000163117 0
0.000170314 0
0.000177828 0
0.000185674 0
0.000193865 0
0.000202418 0
0.000211349 0
0.000220673 0
0.000230409 0
0.000240575 0
0.000251189 0
0.000262271 0
0.000273842 0
0.000285924 0
0.000298538 0
0.000311709 0
0.000325462 0
0.000339821 0
0.000354813 0
0.000370467 0
0.000386812 0
0.000403878 0
0.000421697 0
0.000440301 0
0.000459727 0
0.00048001 0
0.000501187 0
0.000523299 0
0.000546387 0
0.000570493 0
0.000595662 0
0.000621942 0
0.000649382 0
0.000678032 60.6091
0.000707946 0
0.00073918 0
0.000771792 0
0.000805842 0
0.000841395 0
0.000878517 0
0.000917276 107.729
0.000957745 0
0.001 0
0.00104412 0
0.00109018 0
0.00113828 0
0.0011885 0
0.00124094 0
0.00129569 0
0.00135285 0
0.00141254 0
0.00147486 0
0.00153993 0
0.00160787 0
0.0016788 0
0.00175287 0
0.00183021 0
0.00191095 0
0.00199526 103.168
0.00208329 0
0.0021752 114.928
0.00227117 0
0.00237137 101.548
0.002476 71.5544
0.00258523 0
0.00269929 0
0.00281838 0
0.00294273 0
0.00307256 0
0.00320812 0
0.00334965 0
0.00349744 0
0.00365174 0
0.00381285 117.51
0.00398107 0
0.00415671 198.915
0.0043401 99.0673
0.00453158 0
0.00473151 182.16
0.00494026 0
0.00515822 103.625
0.0053858 48.2631
0.00562341 67.0914
0.00587151 103.334
0.00613056 104.41
0.00640103 69.5774
0.00668344 0
0.00697831 432.443
0.00728618 295.704
0.00760764 183.827
0.00794328 142.317
0.00829373 137.635
0.00865964 367.817
0.0090417 189.512
0.00944061 117.861
0.00985712 381.586
0.010292 474.948
0.0107461 693.684
0.0112202 127.635
0.0117152 441.421
0.0122321 766.7
0.0127717 510.267
0.0133352 625.499
0.0139236 629.655
0.0145378 1054.08
0.0151792 968.059
0.0158489 936.087
0.0165482 756.972
0.0172783 1295.54
0.0180406 461.457
0.0188365 965.683
0.0196675 1735.55
0.0205353 1705.62
0.0214412 1272.67
0.0223872 1302
0.0233749 1250.07
0.0244062 1798.43
0.025483 1738.56
0.0266073 2071.69
0.0277811 1693.49
0.0290068 1948.75
0.0302866 2759.3
0.0316228 2324.79
0.0330179 2631.11
0.0344747 2703.72
0.0359956 3475.16
0.0375837 3291.04
0.0392419 3493.82
0.0409732 3618.12
0.0427809 3573.53
0.0446684 4760.98
0.0466391 4591.08
0.0486968 4520.91
0.0508452 5937.35
0.0530884 5421.65
0.0554307 3271.33
0.0578762 4653.73
0.0604296 4783
0.0630957 6394.24
0.0658795 6044.43
0.068786 7381.21
0.0718208 7364.07
0.0749894 6175.96
0.0782979 7843.4
0.0817523 8758.98
0.0853591 6168.51
0.0891251 8957.64
0.0930572 8670.33
0.0971628 7832.76
0.10145 8898.27
0.105925 12145.4
0.110599 10830.6
0.115478 11687.9
0.120573 11800.3
0.125893 11002.2
0.131447 12004.4
0.137246 10677.6
0.143301 10945.4
0.149624 12042.3
0.156225 11135
0.163117 13408.4
0.170314 12052.4
0.177828 14155.3
0.185674 12438.8
0.193865 11491.2
0.202418 13338.2
0.211349 12926
0.220673 12534.9
0.230409 12515.6
0.240575 13964.6
0.251189 13906.5
0.262271 15843.7
0.273842 14561.7
0.285924 13943.9
0.298538 16645.9
0.311709 16465.1
0.325462 16776.8
0.339821 17992.9
0.354813 16790.7
0.370467 18435.3
0.386812 16613.5
0.403878 14962.2
0.421697 13316.4
0.440301 15077.1
0.459727 16025.4
0.48001 17160.9
0.501187 16545.9
0.523299 14358.4
0.546387 13558.1
0.570493 13087.1
0.595662 12776.6
0.621942 16744.3
0.649382 14074.2
0.678032 11584.4
0.707946 12472.4
0.73918 13040.1
0.771792 12051.4
0.805842 11156.4
0.841395 11058.9
0.878517 11631.6
0.917276 10152.3
0.957745 11389.9
1 9742.18
1.04412 9669.6
1.09018 8834.98
1.13828 6993.67
1.1885 7779.51
1.24094 5761.04
1.29569 6051.1
1.35285 5766.96
1.41254 5770.72
1.47486 6593.62
1.53993 5796.59
1.60787 5087.92
1.6788 5339.89
1.75287 5848.14
1.83021 4146.88
1.91095 4695.69
1.99526 3765.59
2.08329 4471.01
2.1752 3570.62
2.27117 4043.25
2.37137 4429.23
2.476 3100.81
2.58523 3570.82
2.69929 3194.83
2.81838 2924.25
2.94273 3126.04
3.07256 2639.1
3.20812 2851.17
3.34965 3101.8
3.49744 3197.59
3.65174 2849.1
3.81285 1742.73
3.98107 2460.22
4.15671 2487.28
4.3401 2586.67
4.53158 2612.75
4.73151 2327.03
4.94026 2357.67
5.15822 2399.83
5.3858 2819.57
5.62341 1827
5.87151 1896.88
6.13056 1634.92
6.40103 2568.91
6.68344 3028.07
6.97831 2041.41
7.28618 1591.79
7.60764 1961.76
7.94328 1781.34
8.29373 1571.35
8.65964 1946.14
9.0417 1584.33
9.44061 1690.29
9.85712 2562.77
10.292 1801.78
10.7461 795.31
11.2202 1518.09
11.7152 1480.17
12.2321 1695.56
12.7717 1130.11
13.3352 1389.97
13.9236 1702.6
14.5378 1258.59
15.1792 1614.38
15.8489 1175.18
16.5482 1206.74
17.2783 1327.72
18.0406 1627.74
18.8365 1503.97
19.6675 1040.13
20.5353 1385.01
21.4412 1371.41
22.3872 1670.13
23.3749 638.796
24.4062 1417.61
25.483 1615.29
26.6073 1616.09
27.7811 1658.86
29.0068 1371.74
30.2866 1116.64
31.6228 1895.8
33.0179 1099.97
34.4747 2133.19
35.9956 1607.01
37.5837 1963.38
39.2419 2544.63
40.9732 2370.87
42.7809 2013.63
44.6684 1816.89
46.6391 2100.14
48.6968 1953.41
50.8452 1486.12
53.0884 2167.1
55.4307 2064.69
57.8762 2432.09
60.4296 2692.27
63.0957 2746.72
65.8795 2606.29
68.786 2376.73
71.8208 2533.03
74.9894 3406.37
78.2979 2507.37
81.7523 3735.69
85.3591 3329.98
89.1251 3177.76
93.0572 4414.83
97.1628 3436.02
101.45 3191.16
105.925 3160.84
110.599 3143.34
115.478 2946.01
120.573 3004.41
125.893 4083.96
131.447 3492.04
137.246 5190.29
143.301 4351.09
149.624 4589.16
156.225 4832.53
163.117 4537.63
170.314 5266.63
177.828 4221.85
185.674 5379.93
193.865 4962.38
202.418 5803.65
211.349 5693.76
220.673 7448.77
230.409 6535.39
240.575 6917.74
251.189 5536.2
262.271 6886.68
273.842 8386.37
285.924 6843.34
298.538 8311.58
311.709 6207.28
325.462 5716.88
339.821 4448.36
354.813 2985.22
370.467 2360.37
386.812 1824.57
403.878 1227.93
421.697 1146.09
440.301 898.957
459.727 574.649
480.01 884.877
501.187 718.176
523.299 168.847
546.387 379.679
570.493 189.28
595.662 326.023
621.942 630.614
649.382 264.478
678.032 311.997
707.946 146.063
739.18 67.839
771.792 189.527
805.842 144.135
841.395 0
878.517 50.3244
917.276 0
957.745 0
1000 0
