# First line is two numbers 
#     First value is '2', it means 'histogram mode'
#     Second value is 'Emin' of the histogram
# Other lines : 2 columns. 1) energy 2) probability (nb divided by NbEvent)
# Number of bins = 480
# Content below the first bin: 0
# Content above the last  bin: 0
# Content above the last  bin: 0
# Number of events: 209000
2 1e-06
1.04412e-06 0
1.09018e-06 0
1.13828e-06 0
1.1885e-06 0
1.24094e-06 0
1.29569e-06 0
1.35285e-06 0
1.41254e-06 0
1.47486e-06 0
1.53993e-06 0
1.60787e-06 0
1.6788e-06 0
1.75287e-06 0
1.83021e-06 0
1.91095e-06 0
1.99526e-06 0
2.08329e-06 0
2.1752e-06 0
2.27117e-06 0
2.37137e-06 0
2.476e-06 0
2.58523e-06 0
2.69929e-06 0
2.81838e-06 0
2.94273e-06 0
3.07256e-06 0
3.20812e-06 0
3.34965e-06 0
3.49744e-06 0
3.65174e-06 0
3.81285e-06 0
3.98107e-06 0
4.15671e-06 0
4.3401e-06 0
4.53158e-06 0
4.73151e-06 0
4.94026e-06 0
5.15822e-06 0
5.3858e-06 0
5.62341e-06 0
5.87151e-06 0
6.13056e-06 0
6.40103e-06 0
6.68344e-06 0
6.97831e-06 0
7.28618e-06 0
7.60764e-06 0
7.94328e-06 0
8.29373e-06 0
8.65964e-06 0
9.0417e-06 0
9.44061e-06 0
9.85712e-06 0
1.0292e-05 0
1.07461e-05 0
1.12202e-05 0
1.17152e-05 0
1.22321e-05 0
1.27717e-05 0
1.33352e-05 0
1.39236e-05 0
1.45378e-05 0
1.51792e-05 0
1.58489e-05 0
1.65482e-05 0
1.72783e-05 0
1.80406e-05 0
1.88365e-05 0
1.96675e-05 0
2.05353e-05 0
2.14412e-05 0
2.23872e-05 0
2.33749e-05 0
2.44062e-05 0
2.5483e-05 0
2.66073e-05 0
2.77811e-05 0
2.90068e-05 0
3.02866e-05 0
3.16228e-05 0
3.30179e-05 0
3.44747e-05 0
3.59956e-05 0
3.75837e-05 0
3.92419e-05 0
4.09732e-05 0
4.27809e-05 0
4.46684e-05 0
4.66391e-05 0
4.86968e-05 0
5.08452e-05 0
5.30884e-05 0
5.54307e-05 0
5.78762e-05 0
6.04296e-05 0
6.30957e-05 0
6.58795e-05 0
6.8786e-05 0
7.18208e-05 0
7.49894e-05 0
7.82979e-05 0
8.17523e-05 0
8.53591e-05 0
8.91251e-05 0
9.30572e-05 0
9.71628e-05 0
0.00010145 0
0.000105925 0
0.000110599 0
0.000115478 0
0.000120573 0
0.000125893 0
0.000131447 0
0.000137246 0
0.000143301 0
0.000149624 0
0.000156225 0
0.000163117 0
0.000170314 0
0.000177828 0
0.000185674 0
0.000193865 0
0.000202418 0
0.000211349 0
0.000220673 0
0.000230409 0
0.000240575 0
0.000251189 0
0.000262271 0
0.000273842 0
0.000285924 0
0.000298538 0
0.000311709 0
0.000325462 0
0.000339821 0
0.000354813 0
0.000370467 0
0.000386812 0
0.000403878 0
0.000421697 0
0.000440301 0
0.000459727 0
0.00048001 0
0.000501187 0
0.000523299 0
0.000546387 0
0.000570493 0
0.000595662 0
0.000621942 0
0.000649382 0
0.000678032 0
0.000707946 0
0.00073918 0
0.000771792 0
0.000805842 0
0.000841395 0
0.000878517 0
0.000917276 0
0.000957745 0
0.001 0
0.00104412 0
0.00109018 0
0.00113828 0
0.0011885 0
0.00124094 0
0.00129569 0
0.00135285 0
0.00141254 0
0.00147486 0
0.00153993 0
0.00160787 0
0.0016788 101.462
0.00175287 0
0.00183021 0
0.00191095 0
0.00199526 0
0.00208329 0
0.0021752 0
0.00227117 0
0.00237137 0
0.002476 0
0.00258523 0
0.00269929 0
0.00281838 0
0.00294273 0
0.00307256 0
0.00320812 0
0.00334965 0
0.00349744 0
0.00365174 0
0.00381285 0
0.00398107 0
0.00415671 0
0.0043401 0
0.00453158 0
0.00473151 0
0.00494026 0
0.00515822 0
0.0053858 0
0.00562341 0
0.00587151 0
0.00613056 0
0.00640103 62.5107
0.00668344 0
0.00697831 0
0.00728618 0
0.00760764 0
0.00794328 0
0.00829373 0
0.00865964 57.4217
0.0090417 0
0.00944061 0
0.00985712 0
0.010292 73.1085
0.0107461 0
0.0112202 0
0.0117152 0
0.0122321 91.2881
0.0127717 110.878
0.0133352 0
0.0139236 99.2441
0.0145378 143.001
0.0151792 74.2773
0.0158489 211.731
0.0165482 0
0.0172783 0
0.0180406 79.5379
0.0188365 93.2674
0.0196675 0
0.0205353 0
0.0214412 0
0.0223872 153.942
0.0233749 103.76
0.0244062 122.637
0.025483 135.519
0.0266073 302.51
0.0277811 125.709
0.0290068 137.279
0.0302866 232.818
0.0316228 225.611
0.0330179 272.224
0.0344747 34.6672
0.0359956 414.689
0.0375837 301.336
0.0392419 288.038
0.0409732 419.214
0.0427809 113.593
0.0446684 53.9772
0.0466391 285.304
0.0486968 468.71
0.0508452 348.131
0.0530884 196.197
0.0554307 349.389
0.0578762 524.779
0.0604296 543.514
0.0630957 444.175
0.0658795 550.451
0.068786 164.942
0.0718208 317.065
0.0749894 307.739
0.0782979 912.592
0.0817523 904.822
0.0853591 528.452
0.0891251 260.334
0.0930572 546.375
0.0971628 810.963
0.10145 770.209
0.105925 463.58
0.110599 582.351
0.115478 1187.4
0.120573 621.591
0.125893 737.104
0.131447 624.205
0.137246 617.079
0.143301 635.608
0.149624 591.385
0.156225 834.66
0.163117 680.025
0.170314 540.812
0.177828 922.101
0.185674 1041.56
0.193865 1957.99
0.202418 809.379
0.211349 1228.47
0.220673 648.511
0.230409 917.341
0.240575 1053.42
0.251189 1013.04
0.262271 929.61
0.273842 1406.25
0.285924 861.787
0.298538 1009.61
0.311709 1123.01
0.325462 1169.81
0.339821 824.237
0.354813 1080.45
0.370467 787.523
0.386812 1428.54
0.403878 785.698
0.421697 717.867
0.440301 1907.87
0.459727 967.666
0.48001 979.699
0.501187 856.165
0.523299 1126.22
0.546387 1252.19
0.570493 967.615
0.595662 946.512
0.621942 1136.49
0.649382 631.762
0.678032 1132.34
0.707946 578.531
0.73918 1442.54
0.771792 707.199
0.805842 1116.73
0.841395 522.596
0.878517 694.709
0.917276 1521.12
0.957745 539.996
1 676.182
1.04412 965.33
1.09018 279.547
1.13828 815.739
1.1885 821.729
1.24094 475.544
1.29569 825.13
1.35285 662.929
1.41254 449.065
1.47486 504.253
1.53993 418.95
1.60787 549.303
1.6788 321.878
1.75287 179.548
1.83021 240.899
1.91095 117.33
1.99526 463.029
2.08329 508.503
2.1752 218.627
2.27117 0
2.37137 291.936
2.476 137.284
2.58523 298.567
2.69929 329.617
2.81838 369.281
2.94273 601.42
3.07256 125.72
3.20812 379.771
3.34965 195.119
3.49744 170.269
3.65174 397.624
3.81285 138.346
3.98107 246.625
4.15671 134.246
4.3401 276.668
4.53158 380.659
4.73151 112.441
4.94026 116.98
5.15822 137.089
5.3858 143.065
5.62341 64.9655
5.87151 272.364
6.13056 122.05
6.40103 169.992
6.68344 0
6.97831 196.152
7.28618 85.8899
7.60764 0
7.94328 35.1898
8.29373 202.691
8.65964 126.642
9.0417 239.869
9.44061 0
9.85712 26.7147
10.292 0
10.7461 0
11.2202 199.004
11.7152 0
12.2321 0
12.7717 162.538
13.3352 111.87
13.9236 88.7455
14.5378 109.555
15.1792 161.041
15.8489 103.59
16.5482 77.2543
17.2783 47.7084
18.0406 111.488
18.8365 189.081
19.6675 156.392
20.5353 167.977
21.4412 0
22.3872 192.892
23.3749 18.1074
24.4062 216.468
25.483 114.948
26.6073 0
27.7811 112.39
29.0068 115.953
30.2866 284.334
31.6228 207.106
33.0179 0
34.4747 77.4735
35.9956 94.458
37.5837 191.837
39.2419 93.6196
40.9732 115.179
42.7809 0
44.6684 204.192
46.6391 0
48.6968 64.4271
50.8452 76.1877
53.0884 53.1008
55.4307 123.615
57.8762 51.436
60.4296 112.217
63.0957 248.347
65.8795 182.883
68.786 392.455
71.8208 327.765
74.9894 171.786
78.2979 287.157
81.7523 188.729
85.3591 194.065
89.1251 244.458
93.0572 117.411
97.1628 351.429
101.45 234.092
105.925 358.824
110.599 35.0741
115.478 66.4872
120.573 553.426
125.893 194.124
131.447 49.3443
137.246 691.86
143.301 97.5828
149.624 157.099
156.225 264.397
163.117 330.953
170.314 309.066
177.828 262.167
185.674 419.538
193.865 414.539
202.418 113.624
211.349 452.957
220.673 497.571
230.409 662.168
240.575 467.071
251.189 930.445
262.271 1486.97
273.842 586.89
285.924 608.076
298.538 644.32
311.709 567.513
325.462 462.363
339.821 321.708
354.813 447.338
370.467 217.317
386.812 321.175
403.878 168.691
421.697 77.9656
440.301 0
459.727 188.958
480.01 0
501.187 117.369
523.299 160.473
546.387 76.5345
570.493 0
595.662 0
621.942 0
649.382 0
678.032 0
707.946 0
739.18 0
771.792 0
805.842 0
841.395 0
878.517 0
917.276 0
957.745 0
1000 0
