# First line is two numbers 
#     First value is '2', it means 'histogram mode'
#     Second value is 'Emin' of the histogram
# Other lines : 2 columns. 1) energy 2) probability (nb divided by NbEvent)
# Number of bins = 480
# Content below the first bin: 0
# Content above the last  bin: 108.719
# Content above the last  bin: 108.719
# Number of events: 209000
2 1e-06
1.04412e-06 0
1.09018e-06 0
1.13828e-06 0
1.1885e-06 0
1.24094e-06 0
1.29569e-06 0
1.35285e-06 0
1.41254e-06 0
1.47486e-06 0
1.53993e-06 0
1.60787e-06 0
1.6788e-06 0
1.75287e-06 0
1.83021e-06 0
1.91095e-06 0
1.99526e-06 0
2.08329e-06 0
2.1752e-06 0
2.27117e-06 0
2.37137e-06 0
2.476e-06 0
2.58523e-06 0
2.69929e-06 0
2.81838e-06 0
2.94273e-06 0
3.07256e-06 0
3.20812e-06 0
3.34965e-06 0
3.49744e-06 0
3.65174e-06 0
3.81285e-06 0
3.98107e-06 0
4.15671e-06 0
4.3401e-06 0
4.53158e-06 0
4.73151e-06 0
4.94026e-06 0
5.15822e-06 0
5.3858e-06 0
5.62341e-06 0
5.87151e-06 0
6.13056e-06 0
6.40103e-06 0
6.68344e-06 0
6.97831e-06 0
7.28618e-06 0
7.60764e-06 0
7.94328e-06 0
8.29373e-06 0
8.65964e-06 0
9.0417e-06 0
9.44061e-06 0
9.85712e-06 0
1.0292e-05 0
1.07461e-05 0
1.12202e-05 0
1.17152e-05 0
1.22321e-05 0
1.27717e-05 0
1.33352e-05 0
1.39236e-05 0
1.45378e-05 0
1.51792e-05 0
1.58489e-05 0
1.65482e-05 0
1.72783e-05 0
1.80406e-05 0
1.88365e-05 0
1.96675e-05 0
2.05353e-05 0
2.14412e-05 0
2.23872e-05 0
2.33749e-05 0
2.44062e-05 0
2.5483e-05 0
2.66073e-05 0
2.77811e-05 0
2.90068e-05 0
3.02866e-05 0
3.16228e-05 0
3.30179e-05 0
3.44747e-05 0
3.59956e-05 0
3.75837e-05 0
3.92419e-05 0
4.09732e-05 0
4.27809e-05 0
4.46684e-05 0
4.66391e-05 0
4.86968e-05 0
5.08452e-05 0
5.30884e-05 0
5.54307e-05 0
5.78762e-05 0
6.04296e-05 0
6.30957e-05 0
6.58795e-05 0
6.8786e-05 0
7.18208e-05 0
7.49894e-05 0
7.82979e-05 0
8.17523e-05 0
8.53591e-05 0
8.91251e-05 0
9.30572e-05 0
9.71628e-05 0
0.00010145 0
0.000105925 0
0.000110599 0
0.000115478 0
0.000120573 0
0.000125893 0
0.000131447 0
0.000137246 0
0.000143301 0
0.000149624 0
0.000156225 0
0.000163117 0
0.000170314 0
0.000177828 0
0.000185674 0
0.000193865 0
0.000202418 0
0.000211349 0
0.000220673 0
0.000230409 0
0.000240575 0
0.000251189 0
0.000262271 0
0.000273842 0
0.000285924 0
0.000298538 0
0.000311709 0
0.000325462 0
0.000339821 0
0.000354813 0
0.000370467 0
0.000386812 0
0.000403878 0
0.000421697 0
0.000440301 0
0.000459727 0
0.00048001 0
0.000501187 0
0.000523299 0
0.000546387 0
0.000570493 0
0.000595662 0
0.000621942 0
0.000649382 0
0.000678032 0
0.000707946 0
0.00073918 0
0.000771792 0
0.000805842 0
0.000841395 0
0.000878517 0
0.000917276 0
0.000957745 0
0.001 0
0.00104412 0
0.00109018 0
0.00113828 0
0.0011885 0
0.00124094 0
0.00129569 0
0.00135285 0
0.00141254 0
0.00147486 0
0.00153993 0
0.00160787 0
0.0016788 0
0.00175287 0
0.00183021 0
0.00191095 0
0.00199526 0
0.00208329 0
0.0021752 0
0.00227117 0
0.00237137 0
0.002476 0
0.00258523 0
0.00269929 0
0.00281838 0
0.00294273 0
0.00307256 0
0.00320812 0
0.00334965 0
0.00349744 0
0.00365174 0
0.00381285 0
0.00398107 0
0.00415671 0
0.0043401 0
0.00453158 0
0.00473151 0
0.00494026 0
0.00515822 0
0.0053858 0
0.00562341 0
0.00587151 0
0.00613056 0
0.00640103 0
0.00668344 0
0.00697831 0
0.00728618 0
0.00760764 0
0.00794328 0
0.00829373 0
0.00865964 0
0.0090417 0
0.00944061 0
0.00985712 0
0.010292 0
0.0107461 0
0.0112202 52.9081
0.0117152 0
0.0122321 112.555
0.0127717 0
0.0133352 87.8725
0.0139236 0
0.0145378 74.3516
0.0151792 64.451
0.0158489 0
0.0165482 93.3764
0.0172783 0
0.0180406 104.633
0.0188365 176.697
0.0196675 0
0.0205353 265.651
0.0214412 195.23
0.0223872 42.1784
0.0233749 0
0.0244062 118.239
0.025483 74.77
0.0266073 104.197
0.0277811 261.385
0.0290068 106.66
0.0302866 0
0.0316228 140.211
0.0330179 178.959
0.0344747 222.854
0.0359956 310.787
0.0375837 241.396
0.0392419 363.99
0.0409732 340.188
0.0427809 262.768
0.0446684 231.215
0.0466391 253.4
0.0486968 200.783
0.0508452 457.56
0.0530884 241.785
0.0554307 94.8915
0.0578762 274.763
0.0604296 319.555
0.0630957 624.569
0.0658795 371.127
0.068786 535.473
0.0718208 520.613
0.0749894 415.626
0.0782979 470.422
0.0817523 152.358
0.0853591 380.997
0.0891251 500.04
0.0930572 508.696
0.0971628 472
0.10145 1090.62
0.105925 1020.9
0.110599 440.912
0.115478 678.251
0.120573 282.907
0.125893 700.62
0.131447 371.783
0.137246 741.936
0.143301 410.185
0.149624 530.469
0.156225 535.204
0.163117 879.182
0.170314 864.013
0.177828 636.279
0.185674 1024.4
0.193865 772.402
0.202418 617.899
0.211349 879.237
0.220673 395.841
0.230409 410.244
0.240575 439.07
0.251189 743.738
0.262271 1047.27
0.273842 847.949
0.285924 856.768
0.298538 1255.14
0.311709 894.461
0.325462 1235.34
0.339821 1572.28
0.354813 800.311
0.370467 989.038
0.386812 1454.56
0.403878 985.731
0.421697 1327.72
0.440301 1681.52
0.459727 1327.55
0.48001 1244.68
0.501187 893.94
0.523299 816.942
0.546387 885.854
0.570493 1069.1
0.595662 1571.77
0.621942 878.502
0.649382 842.525
0.678032 818.635
0.707946 901.571
0.73918 642.023
0.771792 1029.11
0.805842 1304.54
0.841395 881.306
0.878517 547.355
0.917276 836.77
0.957745 1091
1 1113.62
1.04412 849.239
1.09018 708.341
1.13828 343.118
1.1885 480.317
1.24094 953.571
1.29569 754.34
1.35285 813.927
1.41254 159.773
1.47486 538.47
1.53993 186.668
1.60787 292.675
1.6788 87.1024
1.75287 284.909
1.83021 286.827
1.91095 408.809
1.99526 256.667
2.08329 312.566
2.1752 84.7807
2.27117 359.05
2.37137 541.292
2.476 469.285
2.58523 442.07
2.69929 337.147
2.81838 196.565
2.94273 208.823
3.07256 189.186
3.20812 62.7818
3.34965 0
3.49744 83.6132
3.65174 309.681
3.81285 199.258
3.98107 347.748
4.15671 207.695
4.3401 248.674
4.53158 0
4.73151 319.53
4.94026 113.357
5.15822 30.8283
5.3858 99.3619
5.62341 334.248
5.87151 33.5782
6.13056 389.839
6.40103 247.39
6.68344 189.506
6.97831 232.367
7.28618 101.453
7.60764 89.7948
7.94328 0
8.29373 0
8.65964 283.697
9.0417 111.008
9.44061 161.974
9.85712 218.32
10.292 195.289
10.7461 108.047
11.2202 298.659
11.7152 207.926
12.2321 113.78
12.7717 0
13.3352 93.595
13.9236 96.5381
14.5378 0
15.1792 95.7243
15.8489 148.362
16.5482 194.033
17.2783 215.204
18.0406 168.103
18.8365 0
19.6675 0
20.5353 0
21.4412 158.335
22.3872 0
23.3749 0
24.4062 0
25.483 142.198
26.6073 0
27.7811 102.729
29.0068 359.597
30.2866 142.013
31.6228 118.56
33.0179 116.639
34.4747 0
35.9956 333.516
37.5837 103.415
39.2419 110.949
40.9732 76.723
42.7809 159.504
44.6684 290.407
46.6391 0
48.6968 0
50.8452 0
53.0884 222.513
55.4307 201.111
57.8762 401.363
60.4296 158.551
63.0957 342.924
65.8795 319.655
68.786 512.662
71.8208 80.8315
74.9894 0
78.2979 394.248
81.7523 174.577
85.3591 247.667
89.1251 497.717
93.0572 308.775
97.1628 393.883
101.45 221.671
105.925 406.456
110.599 462.355
115.478 68.9279
120.573 159.984
125.893 92.8368
131.447 162.222
137.246 150.133
143.301 459.018
149.624 557.008
156.225 683.641
163.117 357.83
170.314 465.169
177.828 225.369
185.674 734.946
193.865 518.803
202.418 583.389
211.349 567.007
220.673 355.254
230.409 992.887
240.575 579.209
251.189 302.224
262.271 948.644
273.842 547.666
285.924 893.477
298.538 658.2
311.709 913.84
325.462 935.794
339.821 391.256
354.813 313.733
370.467 304.76
386.812 351.177
403.878 0
421.697 71.2105
440.301 136.674
459.727 0
480.01 0
501.187 36.4341
523.299 0
546.387 0
570.493 0
595.662 0
621.942 92.1016
649.382 0
678.032 84.4062
707.946 0
739.18 0
771.792 0
805.842 0
841.395 0
878.517 0
917.276 0
957.745 0
1000 0
